# timestamp
1608635252963094016

# fx, fy, cx, cy, width, height, npoints
501.487335,501.475189,421.776001,167.666489,800,400,551

# camToWorld: translation vector, rotation quaternion
-35.763780,42.557738,4.520984,0.034131,-0.760467,0.647202,-0.040683

# Exposure time (ms)
2.271395

# GPS Data
# GPSData: Covariance matrix
0.000019,0.000000,0.000000,0.000000,0.000065,0.000000,0.000000,0.000000,0.000168

# GPSData: GPS point
53.544413,22.058127,3.457629

# Point Cloud Data : 
# u,v,idepth_scaled,idepth_hessian,maxRelBaseline,numGoodRes,status 
# color information 
759.000000,53.000000,0.246326,98908800.000000,1.785733,0,1
16,15,24,15,31,51,30,53,
723.000000,55.000000,0.213823,154526176.000000,1.496291,0,1
62,73,38,79,49,24,60,37,
719.000000,74.000000,0.213084,91939224.000000,1.445796,0,1
73,53,63,23,52,30,20,14,
689.000000,82.000000,0.192811,88733240.000000,0.655240,0,1
56,36,68,13,49,61,24,36,
744.000000,87.000000,0.229030,176938368.000000,1.601908,0,1
32,48,32,50,55,32,67,74,
742.000000,93.000000,0.232054,264157072.000000,1.595971,0,1
54,39,61,36,61,78,57,70,
690.000000,98.000000,0.195367,44188716.000000,1.223800,0,1
71,76,56,86,73,45,85,88,
725.000000,100.000000,0.218999,40468964.000000,1.462210,0,1
28,18,47,16,37,49,23,31,
598.000000,114.000000,0.117526,20263046.000000,0.588807,0,1
22,30,33,42,45,48,48,68,
602.000000,119.000000,0.130958,68197928.000000,0.318940,0,1
41,78,25,92,46,18,68,26,
597.000000,120.000000,0.124734,8338647.000000,0.297776,0,1
75,69,87,40,58,73,28,24,
601.000000,120.000000,0.132190,23120912.000000,0.319393,0,1
78,92,46,73,68,21,39,22,
763.000000,130.000000,0.245750,149488288.000000,1.714711,0,1
38,26,42,20,35,51,26,37,
46.000000,133.000000,0.051579,3690250240.000000,0.464450,0,1
82,148,58,175,111,31,169,129,
708.000000,133.000000,0.205893,212112032.000000,1.312715,0,1
33,21,52,17,42,56,29,43,
762.000000,140.000000,0.244949,159326080.000000,1.701934,0,1
27,24,36,19,37,50,33,44,
760.000000,145.000000,0.245187,88342760.000000,1.690843,0,1
26,23,39,21,36,49,32,44,
758.000000,147.000000,0.245953,37421376.000000,1.682806,0,1
21,19,32,20,33,44,34,40,
757.000000,169.000000,0.239589,20357124.000000,1.298784,0,1
19,29,23,83,59,36,92,84,
762.000000,170.000000,0.243525,13251822.000000,0.623290,0,1
19,26,21,80,52,32,94,84,
616.000000,184.000000,0.174885,17517654.000000,0.622447,0,1
25,40,20,53,23,21,30,17,
699.000000,215.000000,0.197787,74959256.000000,0.972146,0,1
30,19,48,15,37,58,18,32,
699.000000,216.000000,0.197718,74578608.000000,0.972619,0,1
35,18,51,15,36,53,17,30,
683.000000,47.000000,0.193089,29100104.000000,1.263493,0,1
20,20,21,20,24,25,31,79,
736.000000,47.000000,0.246960,29067394.000000,1.689125,0,1
23,24,27,28,31,33,33,36,
744.000000,49.000000,0.231089,19234850.000000,1.667782,0,1
22,27,18,31,20,16,25,16,
736.000000,52.000000,0.230413,2092424.125000,1.272198,0,1
36,31,31,17,18,19,13,12,
741.000000,86.000000,0.230583,135726800.000000,1.595838,0,1
32,20,44,17,43,48,28,43,
729.000000,98.000000,0.237258,34233496.000000,1.548623,0,1
36,47,34,49,43,31,51,38,
731.000000,110.000000,0.222060,22092718.000000,1.492835,0,1
29,30,29,32,32,29,43,40,
752.000000,114.000000,0.232166,339972672.000000,1.627154,0,1
53,65,39,60,47,26,55,38,
740.000000,116.000000,0.229559,181433840.000000,1.557622,0,1
57,49,61,30,46,61,25,26,
294.000000,120.000000,0.051434,294567584.000000,0.239875,0,1
87,114,32,118,80,24,108,94,
752.000000,122.000000,0.229939,108009064.000000,1.615009,0,1
30,43,24,53,29,20,35,25,
743.000000,128.000000,0.229358,81196784.000000,1.562332,0,1
61,18,62,16,19,32,16,16,
304.000000,129.000000,0.049495,94954096.000000,0.211470,0,1
118,138,101,126,86,27,118,79,
729.000000,135.000000,0.219511,39930996.000000,1.458601,0,1
23,32,35,35,22,17,23,17,
736.000000,153.000000,0.224733,18252676.000000,0.836383,0,1
19,23,16,31,19,13,31,21,
751.000000,155.000000,0.243980,27577672.000000,0.928002,0,1
22,22,25,16,29,33,16,18,
753.000000,157.000000,0.234039,10077395.000000,0.589243,0,1
33,35,38,18,27,37,17,17,
749.000000,167.000000,0.232808,5803943.500000,0.580817,0,1
17,26,20,60,44,31,80,80,
753.000000,176.000000,0.271194,11734944.000000,1.736574,0,1
69,59,66,39,48,57,30,28,
583.000000,193.000000,0.112986,145191120.000000,0.384141,0,1
72,74,47,59,63,22,51,38,
725.000000,194.000000,0.233040,12224726.000000,1.164323,0,1
20,17,24,20,23,30,28,33,
613.000000,195.000000,0.150777,2675637.000000,0.742549,0,1
39,63,29,43,49,23,36,27,
740.000000,199.000000,0.226107,23692606.000000,1.532893,0,1
30,40,24,52,35,20,45,39,
741.000000,204.000000,0.227793,30377246.000000,1.546092,0,1
31,43,26,50,37,21,48,42,
735.000000,214.000000,0.222957,16011627.000000,0.841030,0,1
53,36,51,16,32,45,16,16,
738.000000,216.000000,0.226286,3447341.500000,0.858902,0,1
44,27,27,16,18,18,15,16,
728.000000,151.000000,0.210428,1858434.625000,0.775050,0,1
18,13,13,25,19,17,30,32,
712.000000,87.000000,0.209377,21942364.000000,1.385466,0,1
13,18,19,31,38,25,66,82,
713.000000,92.000000,0.208118,181570448.000000,1.380538,0,1
75,91,48,89,69,27,72,51,
40.000000,96.000000,0.047449,142206240.000000,0.113302,0,1
34,55,21,71,35,19,41,20,
419.000000,97.000000,0.051166,67897264.000000,0.077604,0,1
163,79,173,37,81,153,35,33,
679.000000,99.000000,0.186020,96522200.000000,1.144191,0,1
15,15,35,16,17,55,15,17,
681.000000,103.000000,0.185485,214265840.000000,1.146827,0,1
53,27,77,16,47,95,17,30,
379.000000,105.000000,0.047328,18628498.000000,0.070339,0,1
55,41,109,31,86,90,33,36,
423.000000,105.000000,0.036398,7258360.000000,0.022297,0,1
34,34,69,32,64,122,38,42,
315.000000,106.000000,0.045942,32246630.000000,0.079135,0,1
33,34,98,26,93,138,30,30,
724.000000,107.000000,0.215455,150605744.000000,1.449939,0,1
27,17,38,14,22,43,15,18,
112.000000,112.000000,0.049846,369936768.000000,0.375783,0,1
94,80,47,95,53,28,66,45,
727.000000,112.000000,0.217502,80618960.000000,1.462267,0,1
40,25,37,15,24,28,14,15,
41.000000,116.000000,0.052461,540909952.000000,0.482500,0,1
97,100,76,58,60,38,32,23,
365.000000,118.000000,0.045486,33605856.000000,0.071821,0,1
31,35,34,46,99,35,162,219,
232.000000,119.000000,0.053147,555964288.000000,0.359797,0,1
57,71,40,95,58,29,61,30,
333.000000,119.000000,0.051547,251110304.000000,0.173659,0,1
55,112,29,133,86,20,136,100,
158.000000,122.000000,0.049678,665614720.000000,0.468048,0,1
79,72,113,38,68,81,31,28,
452.000000,126.000000,0.026893,17694840.000000,0.042687,0,1
86,108,49,128,58,25,120,45,
198.000000,133.000000,0.051135,1266775680.000000,0.404737,0,1
95,116,59,134,53,24,106,52,
48.000000,135.000000,0.051254,1726980352.000000,0.461175,0,1
31,74,26,129,40,25,104,47,
717.000000,136.000000,0.207744,102957344.000000,1.362715,0,1
42,54,31,60,43,36,54,57,
48.000000,137.000000,0.051294,1285256064.000000,0.676233,0,1
40,104,28,96,47,24,61,27,
700.000000,150.000000,0.202730,32457418.000000,0.975329,0,1
18,14,32,13,26,45,18,32,
723.000000,151.000000,0.209504,13152188.000000,1.374055,0,1
18,21,18,37,34,29,40,40,
727.000000,152.000000,0.218800,3812540.500000,0.795419,0,1
13,25,19,35,30,27,35,35,
551.000000,155.000000,0.117456,20945910.000000,0.417949,0,1
25,21,37,17,25,51,21,25,
703.000000,156.000000,0.227175,95132272.000000,1.356713,0,1
54,89,53,100,70,52,70,44,
704.000000,156.000000,0.227592,94629944.000000,1.361709,0,1
49,65,51,96,55,53,54,45,
713.000000,159.000000,0.232289,13504268.000000,1.120490,0,1
40,33,43,39,41,47,48,52,
697.000000,161.000000,0.222724,19966754.000000,1.309487,0,1
60,61,62,33,50,62,25,24,
711.000000,165.000000,0.236101,24075250.000000,1.417664,0,1
54,45,53,25,30,43,23,22,
676.000000,180.000000,0.182190,18148770.000000,0.832340,0,1
30,20,39,14,24,42,13,13,
714.000000,190.000000,0.217570,2415536.500000,1.082437,0,1
21,23,20,27,23,21,28,30,
702.000000,198.000000,0.227769,23942456.000000,1.359144,0,1
31,28,32,17,25,28,15,17,
712.000000,206.000000,0.205947,124632352.000000,0.736448,0,1
39,49,25,56,36,19,47,31,
616.000000,217.000000,0.194434,42407616.000000,0.696232,0,1
41,74,36,72,56,29,69,46,
711.000000,219.000000,0.205116,65269196.000000,1.046099,0,1
34,51,29,60,48,24,51,53,
712.000000,219.000000,0.204497,68686416.000000,0.738837,0,1
26,39,22,58,34,19,47,43,
720.000000,226.000000,0.208779,22641574.000000,0.772117,0,1
19,30,20,38,30,17,35,29,
598.000000,232.000000,0.159231,10355261.000000,0.754496,0,1
20,15,17,12,16,19,11,12,
679.000000,232.000000,0.182614,142421344.000000,1.138351,0,1
35,25,56,25,44,61,37,43,
684.000000,236.000000,0.187177,37613200.000000,0.908721,0,1
21,33,16,42,31,19,36,32,
408.000000,284.000000,0.187203,1555796.375000,0.578626,0,1
26,29,30,31,32,32,34,35,
430.000000,284.000000,0.178217,2926572.250000,0.579393,0,1
28,27,29,30,31,32,32,35,
554.000000,284.000000,0.182991,3133351.500000,0.787602,0,1
54,54,51,51,48,46,46,44,
442.000000,286.000000,0.188269,571076.812500,0.337836,0,1
29,29,30,29,32,33,33,36,
454.000000,286.000000,0.188871,2423994.500000,0.595450,0,1
25,28,29,30,31,33,35,39,
382.000000,288.000000,0.188984,1649118.375000,0.617922,0,1
31,34,32,36,36,33,39,40,
428.000000,288.000000,0.191990,3224138.500000,0.595407,0,1
35,38,36,40,40,39,41,42,
452.000000,288.000000,0.189661,4372401.500000,0.603211,0,1
30,33,35,36,38,39,39,40,
466.000000,288.000000,0.191911,1830661.000000,0.622255,0,1
34,36,37,39,40,40,42,44,
647.000000,288.000000,0.208226,8711068.000000,1.187979,0,1
46,29,46,26,29,45,26,26,
654.000000,290.000000,0.205968,5894067.500000,1.212168,0,1
38,42,37,53,38,31,55,51,
611.000000,293.000000,0.191431,2811402.500000,1.018340,0,1
40,44,41,34,41,38,32,34,
632.000000,293.000000,0.196062,11994351.000000,1.106841,0,1
39,38,35,31,32,28,25,25,
494.000000,294.000000,0.185068,1703725.750000,0.677069,0,1
39,44,39,47,42,42,47,46,
627.000000,294.000000,0.201222,32239740.000000,1.105890,0,1
43,47,33,43,37,24,42,35,
336.000000,298.000000,0.196002,1845769.750000,0.755419,0,1
39,34,39,32,36,40,33,35,
429.000000,41.000000,0.220392,5635941.000000,0.552747,0,1
33,41,23,42,34,21,42,34,
423.000000,43.000000,0.216910,5126252.000000,0.534964,0,1
33,24,42,22,33,41,25,34,
429.000000,55.000000,0.220378,6676730.000000,0.476535,0,1
39,45,26,46,39,22,46,39,
429.000000,56.000000,0.220226,6947131.500000,0.471366,0,1
39,46,25,45,39,22,46,40,
634.000000,60.000000,0.220499,41152720.000000,1.136333,0,1
20,18,25,17,20,28,17,19,
423.000000,63.000000,0.216373,6215932.000000,0.431728,0,1
30,24,40,24,31,43,23,33,
423.000000,66.000000,0.215115,7993089.000000,0.416081,0,1
31,23,45,22,36,44,24,37,
696.000000,66.000000,0.198812,660353856.000000,1.309001,0,1
22,32,21,51,22,24,31,21,
688.000000,72.000000,0.189766,374858688.000000,0.653230,0,1
61,32,67,18,62,72,43,67,
630.000000,73.000000,0.216220,21950072.000000,1.068834,0,1
15,15,15,21,21,21,29,32,
632.000000,73.000000,0.216375,17596914.000000,1.079091,0,1
15,15,16,21,21,23,30,28,
687.000000,73.000000,0.190046,335806880.000000,1.226674,0,1
32,18,62,13,43,72,19,41,
576.000000,74.000000,0.216102,20975360.000000,0.824346,0,1
17,18,19,22,23,23,36,41,
589.000000,74.000000,0.217380,18553390.000000,0.889593,0,1
17,19,19,26,26,26,35,37,
612.000000,74.000000,0.216595,17024008.000000,0.988386,0,1
17,19,19,28,28,29,34,36,
525.000000,75.000000,0.217389,51541452.000000,0.612943,0,1
20,22,22,33,33,33,52,55,
531.000000,75.000000,0.216889,50416632.000000,0.635232,0,1
20,23,22,33,34,33,51,53,
547.000000,75.000000,0.214193,30240658.000000,0.697670,0,1
19,21,22,36,36,36,43,48,
560.000000,75.000000,0.216435,22958844.000000,0.754408,0,1
18,23,23,34,34,34,44,43,
456.000000,76.000000,0.218878,207039504.000000,0.402041,0,1
25,28,28,45,47,47,88,102,
484.000000,76.000000,0.216992,100027320.000000,0.470046,0,1
22,28,28,52,52,52,68,75,
506.000000,76.000000,0.215813,56690624.000000,0.539730,0,1
22,33,34,47,51,52,51,62,
391.000000,77.000000,0.219141,248140848.000000,0.399688,0,1
29,32,32,49,51,52,82,99,
398.000000,77.000000,0.220067,332305664.000000,0.388196,0,1
30,33,34,56,58,60,94,110,
431.000000,77.000000,0.221406,405662400.000000,0.370067,0,1
25,37,35,78,83,86,87,108,
432.000000,77.000000,0.221310,382247200.000000,0.371205,0,1
25,35,36,80,86,84,105,118,
444.000000,77.000000,0.220423,256382080.000000,0.381943,0,1
28,39,41,84,88,82,105,109,
450.000000,77.000000,0.219412,196984112.000000,0.389528,0,1
29,43,44,87,88,79,108,109,
555.000000,77.000000,0.214767,14186259.000000,0.722824,0,1
34,45,37,45,38,37,45,40,
650.000000,77.000000,0.219326,58377980.000000,1.180801,0,1
29,33,22,35,30,19,31,27,
268.000000,78.000000,0.178179,6660279.500000,0.601707,0,1
28,28,28,29,29,30,35,41,
335.000000,78.000000,0.213799,54218352.000000,0.557029,0,1
26,28,28,38,39,39,61,67,
340.000000,78.000000,0.213916,54946564.000000,0.538917,0,1
27,28,28,41,42,42,65,70,
357.000000,78.000000,0.215931,119516640.000000,0.483489,0,1
29,32,33,54,57,59,71,81,
468.000000,78.000000,0.217916,21226480.000000,0.418999,0,1
51,82,68,91,84,63,93,86,
490.000000,78.000000,0.218524,95455264.000000,0.480697,0,1
52,69,49,61,60,38,74,58,
277.000000,79.000000,0.205695,2112851.500000,0.779617,0,1
29,31,31,37,37,37,46,48,
287.000000,79.000000,0.204378,5319607.500000,0.735067,0,1
29,30,30,38,40,40,46,45,
300.000000,79.000000,0.210327,8021507.500000,0.687055,0,1
27,29,30,43,43,43,49,52,
311.000000,79.000000,0.210887,10967689.000000,0.641719,0,1
27,33,33,45,46,46,50,56,
317.000000,79.000000,0.212601,14821893.000000,0.620552,0,1
27,34,34,46,49,48,54,59,
324.000000,79.000000,0.212779,16811704.000000,0.593563,0,1
27,35,35,51,51,49,60,59,
367.000000,79.000000,0.217824,46407152.000000,0.449797,0,1
35,67,69,73,74,88,66,87,
373.000000,79.000000,0.218126,105438584.000000,0.432803,0,1
38,70,73,70,81,89,71,90,
379.000000,79.000000,0.218624,112962528.000000,0.417435,0,1
41,73,77,67,83,91,75,91,
405.000000,79.000000,0.221327,165746400.000000,0.369801,0,1
62,99,87,112,98,79,112,108,
422.000000,79.000000,0.222253,179335328.000000,0.359720,0,1
73,109,84,114,110,74,120,116,
496.000000,79.000000,0.226506,1629743.250000,0.515392,0,1
44,41,52,52,50,62,56,60,
503.000000,80.000000,0.229997,7921256.500000,0.535797,0,1
59,66,58,64,55,51,54,34,
599.000000,80.000000,0.236680,33034470.000000,1.053223,0,1
36,32,35,31,31,30,20,17,
628.000000,80.000000,0.227099,16683622.000000,1.131452,0,1
34,31,32,26,25,26,18,17,
687.000000,80.000000,0.189523,712148352.000000,1.220368,0,1
33,13,43,12,20,56,13,13,
507.000000,81.000000,0.228729,19393412.000000,0.546624,0,1
63,59,59,45,51,44,34,27,
467.000000,82.000000,0.227104,41441840.000000,0.409338,0,1
92,87,81,61,67,57,37,26,
479.000000,82.000000,0.227278,37386468.000000,0.442154,0,1
86,81,69,54,55,48,30,24,
484.000000,82.000000,0.227534,25849526.000000,0.459258,0,1
76,72,69,47,49,46,27,24,
513.000000,82.000000,0.228383,32009118.000000,0.586034,0,1
58,50,45,39,33,28,35,21,
444.000000,83.000000,0.226354,130291696.000000,0.356594,0,1
107,94,90,52,53,51,35,34,
335.000000,84.000000,0.233860,6312407.000000,0.562557,0,1
69,66,60,54,57,53,36,31,
290.000000,85.000000,0.232090,3183056.750000,0.756195,0,1
49,50,42,44,43,41,31,31,
634.000000,86.000000,0.217491,76311064.000000,1.082674,0,1
28,21,31,20,31,32,21,31,
307.000000,87.000000,0.048000,35323452.000000,0.068545,0,1
40,33,32,34,39,30,66,103,
320.000000,87.000000,0.059957,28364354.000000,0.078593,0,1
39,35,34,50,48,32,96,133,
395.000000,87.000000,0.047740,68622720.000000,0.072333,0,1
40,51,36,91,54,35,162,92,
405.000000,87.000000,0.063949,24092962.000000,0.054078,0,1
41,41,56,33,68,117,32,31,
417.000000,87.000000,0.052358,114305536.000000,0.079071,0,1
44,59,43,97,93,35,126,142,
448.000000,87.000000,0.060323,35959632.000000,0.047052,0,1
52,51,76,25,91,38,25,24,
490.000000,87.000000,0.063628,30074370.000000,0.099587,0,1
21,25,19,36,31,18,66,47,
524.000000,87.000000,0.073699,117156208.000000,0.149885,0,1
26,16,37,17,30,28,17,35,
564.000000,87.000000,0.100757,39537084.000000,0.339142,0,1
14,14,16,14,22,18,32,59,
588.000000,87.000000,0.118158,329708672.000000,0.583800,0,1
22,32,26,49,41,25,52,61,
489.000000,88.000000,0.061900,45285952.000000,0.094431,0,1
25,36,31,65,66,22,82,67,
664.000000,88.000000,0.204209,17333166.000000,1.151307,0,1
30,31,27,31,30,25,31,27,
524.000000,89.000000,0.073800,145217552.000000,0.149144,0,1
30,17,45,25,35,38,28,56,
610.000000,89.000000,0.126396,278299936.000000,0.679401,0,1
14,16,30,21,36,53,41,48,
178.000000,90.000000,0.048336,82998624.000000,0.138682,0,1
28,32,33,31,52,41,49,72,
542.000000,90.000000,0.085278,214601472.000000,0.199325,0,1
21,44,23,49,45,19,62,52,
547.000000,90.000000,0.089657,240464032.000000,0.218341,0,1
29,17,58,18,45,62,37,59,
576.000000,91.000000,0.108797,449981312.000000,0.326623,0,1
24,50,21,69,36,17,60,37,
221.000000,92.000000,0.045002,92965512.000000,0.072746,0,1
78,35,105,27,55,94,30,42,
290.000000,92.000000,0.053146,140439360.000000,0.110690,0,1
29,63,28,104,62,33,109,107,
171.000000,93.000000,0.050136,118010168.000000,0.202875,0,1
52,50,48,28,37,28,25,25,
298.000000,93.000000,0.051631,103359208.000000,0.077811,0,1
27,42,27,85,53,27,100,51,
556.000000,93.000000,0.096592,289760096.000000,0.421326,0,1
23,15,51,13,28,49,15,26,
55.000000,94.000000,0.052537,946588352.000000,0.297670,0,1
27,25,37,23,32,58,26,31,
149.000000,94.000000,0.050466,434585024.000000,0.212212,0,1
102,78,79,36,62,38,27,23,
206.000000,94.000000,0.049937,76377312.000000,0.166247,0,1
23,30,25,47,50,29,96,109,
589.000000,94.000000,0.120984,555522048.000000,0.429987,0,1
42,63,27,74,50,18,72,43,
618.000000,94.000000,0.156295,86782080.000000,0.633994,0,1
16,16,24,16,30,25,19,38,
71.000000,95.000000,0.050375,492453056.000000,0.273822,0,1
21,24,23,26,31,27,38,58,
72.000000,95.000000,0.051017,326061920.000000,0.276556,0,1
21,23,22,28,30,23,49,67,
484.000000,96.000000,0.053071,72686376.000000,0.082947,0,1
36,20,60,20,31,40,18,18,
524.000000,96.000000,0.073971,82843288.000000,0.272592,0,1
57,36,53,29,20,31,18,15,
563.000000,96.000000,0.100037,131882872.000000,0.446215,0,1
53,47,28,36,30,18,46,24,
575.000000,96.000000,0.109772,70987168.000000,0.515180,0,1
58,71,28,76,42,21,57,30,
547.000000,97.000000,0.089713,137156832.000000,0.262677,0,1
58,42,61,31,34,53,20,15,
239.000000,98.000000,0.048462,351961568.000000,0.136018,0,1
54,47,90,33,75,97,37,37,
384.000000,98.000000,0.045885,7585733.500000,0.026232,0,1
35,72,37,119,95,35,134,124,
582.000000,99.000000,0.115759,140759840.000000,0.546318,0,1
52,45,60,35,49,55,30,17,
144.000000,100.000000,0.052343,980510848.000000,0.224206,0,1
81,96,54,90,47,27,36,26,
206.000000,100.000000,0.052015,335724928.000000,0.131829,0,1
97,104,49,112,68,24,88,78,
267.000000,100.000000,0.047511,21028562.000000,0.071249,0,1
113,76,114,33,70,104,32,37,
363.000000,100.000000,0.050566,175661232.000000,0.077258,0,1
30,32,42,32,72,60,72,111,
491.000000,100.000000,0.072094,9296702.000000,0.195302,0,1
33,47,23,34,37,24,47,32,
584.000000,100.000000,0.116542,209066288.000000,0.403317,0,1
64,44,66,24,31,62,17,17,
599.000000,100.000000,0.126537,622264576.000000,0.642652,0,1
42,17,48,16,30,63,17,19,
224.000000,101.000000,0.047045,11440930.000000,0.088482,0,1
109,106,87,55,61,55,29,26,
618.000000,101.000000,0.140610,580571712.000000,0.748465,0,1
47,23,37,16,33,25,18,18,
300.000000,102.000000,0.049384,127591872.000000,0.097003,0,1
27,41,30,52,81,31,99,100,
600.000000,102.000000,0.127029,453101920.000000,0.643151,0,1
48,22,55,17,38,48,18,19,
121.000000,103.000000,0.049923,934638848.000000,0.231169,0,1
78,94,45,98,76,32,82,55,
189.000000,103.000000,0.049036,394202176.000000,0.284122,0,1
29,33,47,36,55,71,43,56,
513.000000,103.000000,0.063551,294223680.000000,0.110457,0,1
40,115,21,93,51,17,85,32,
554.000000,103.000000,0.094608,66062700.000000,0.411404,0,1
14,15,25,15,36,22,32,49,
117.000000,104.000000,0.050150,342450048.000000,0.237318,0,1
98,75,100,44,62,86,35,32,
143.000000,104.000000,0.051819,939828224.000000,0.222253,0,1
31,63,27,84,52,26,82,63,
254.000000,104.000000,0.049631,137083568.000000,0.130190,0,1
96,61,114,38,92,96,64,101,
257.000000,104.000000,0.051987,51612724.000000,0.133033,0,1
41,88,34,113,58,57,104,99,
370.000000,104.000000,0.053517,29154744.000000,0.052860,0,1
153,121,113,84,63,42,36,31,
207.000000,105.000000,0.051474,633223104.000000,0.169821,0,1
68,92,36,75,65,26,68,29,
527.000000,105.000000,0.076998,73631928.000000,0.279863,0,1
23,18,41,18,25,58,19,26,
531.000000,105.000000,0.076662,138171120.000000,0.292705,0,1
25,50,19,58,37,14,60,30,
54.000000,106.000000,0.049216,155235008.000000,0.457745,0,1
39,31,44,27,38,50,30,35,
149.000000,106.000000,0.049466,1353765376.000000,0.206785,0,1
44,41,81,32,69,96,44,65,
288.000000,106.000000,0.053489,218712672.000000,0.180139,0,1
37,89,31,91,46,26,35,26,
402.000000,106.000000,0.046717,66049056.000000,0.070405,0,1
62,56,110,38,99,93,45,37,
573.000000,106.000000,0.106619,137327552.000000,0.493288,0,1
56,56,33,21,41,22,25,16,
564.000000,109.000000,0.100663,363535552.000000,0.440700,0,1
23,16,45,13,36,37,22,48,
594.000000,109.000000,0.123536,270699552.000000,0.607211,0,1
19,20,36,22,37,42,37,58,
632.000000,109.000000,0.215186,319433280.000000,1.040310,0,1
25,20,36,19,26,41,20,27,
547.000000,110.000000,0.086917,28831634.000000,0.360803,0,1
23,33,17,24,22,16,21,17,
558.000000,110.000000,0.098325,392196928.000000,0.412603,0,1
28,53,19,64,35,14,56,31,
433.000000,111.000000,0.042688,17361850.000000,0.039572,0,1
32,33,36,33,62,62,80,172,
459.000000,111.000000,0.037256,23929702.000000,0.050772,0,1
25,37,32,71,61,50,76,85,
511.000000,112.000000,0.078019,9846738.000000,0.237233,0,1
28,26,28,14,15,22,15,14,
525.000000,112.000000,0.078712,27490626.000000,0.271334,0,1
14,14,22,23,27,36,35,36,
586.000000,112.000000,0.117364,392227072.000000,0.553522,0,1
26,19,58,18,29,63,19,28,
704.000000,112.000000,0.197372,183968256.000000,1.285980,0,1
25,33,17,46,22,15,29,20,
170.000000,113.000000,0.052286,124245984.000000,0.319437,0,1
78,76,71,48,55,44,30,26,
413.000000,113.000000,0.047575,19086274.000000,0.024484,0,1
35,37,73,38,95,188,128,153,
516.000000,113.000000,0.077016,14609258.000000,0.251195,0,1
28,30,33,16,24,30,15,15,
131.000000,114.000000,0.051523,333208064.000000,0.538688,0,1
60,60,46,42,45,35,29,27,
423.000000,114.000000,0.048925,133501856.000000,0.073931,0,1
156,187,82,172,124,35,99,39,
583.000000,114.000000,0.112787,253022512.000000,0.543174,0,1
22,37,19,40,25,19,40,24,
697.000000,115.000000,0.200702,77241656.000000,1.258918,0,1
27,27,33,20,24,44,19,21,
428.000000,116.000000,0.039696,22878580.000000,0.053768,0,1
32,35,35,37,54,38,117,161,
632.000000,116.000000,0.214811,282944736.000000,1.034826,0,1
27,21,39,20,29,40,21,31,
184.000000,117.000000,0.053601,147018240.000000,0.457594,0,1
24,25,24,29,27,24,54,66,
225.000000,117.000000,0.049155,318729696.000000,0.146574,0,1
33,54,56,80,145,126,185,199,
272.000000,117.000000,0.054282,283742304.000000,0.297165,0,1
36,52,35,60,36,27,34,27,
349.000000,117.000000,0.047046,54581020.000000,0.070901,0,1
47,43,60,26,45,42,23,22,
461.000000,117.000000,0.047049,95199208.000000,0.086687,0,1
45,83,24,99,50,21,81,39,
374.000000,118.000000,0.039202,9271579.000000,0.023820,0,1
159,76,179,33,91,189,32,32,
491.000000,118.000000,0.066375,30199018.000000,0.104687,0,1
22,30,19,28,24,20,32,23,
548.000000,118.000000,0.095112,9419559.000000,0.368592,0,1
13,13,15,20,20,25,35,39,
159.000000,119.000000,0.047527,311750048.000000,0.453993,0,1
29,32,40,39,55,66,79,113,
376.000000,119.000000,0.051813,32187676.000000,0.034338,0,1
194,156,174,45,108,46,38,34,
401.000000,119.000000,0.045373,87247920.000000,0.068821,0,1
35,35,86,35,69,122,36,49,
485.000000,119.000000,0.056571,8489797.000000,0.138375,0,1
47,30,29,17,40,18,17,15,
562.000000,119.000000,0.099205,360196672.000000,0.417796,0,1
25,18,57,16,41,62,24,46,
575.000000,119.000000,0.107846,98655928.000000,0.483254,0,1
24,21,22,18,29,26,27,20,
618.000000,119.000000,0.141912,194382848.000000,0.739716,0,1
19,26,21,38,37,22,68,58,
631.000000,119.000000,0.214780,340542144.000000,1.028992,0,1
21,20,31,20,22,41,21,22,
311.000000,120.000000,0.047453,78897912.000000,0.198705,0,1
128,68,145,26,90,117,26,24,
358.000000,120.000000,0.054754,12932074.000000,0.035181,0,1
58,115,32,106,84,28,110,42,
485.000000,120.000000,0.058207,10000358.000000,0.135340,0,1
47,26,25,17,19,17,15,17,
562.000000,120.000000,0.099067,346441216.000000,0.416756,0,1
35,21,62,19,43,62,33,49,
577.000000,120.000000,0.108498,71373968.000000,0.494728,0,1
21,29,24,40,32,22,29,19,
114.000000,121.000000,0.047081,306949216.000000,0.526579,0,1
36,45,56,43,76,79,62,55,
312.000000,121.000000,0.050668,111145072.000000,0.205315,0,1
145,90,117,26,58,28,24,25,
521.000000,121.000000,0.071118,13900331.000000,0.233608,0,1
14,14,14,22,20,13,38,27,
545.000000,121.000000,0.100645,16810098.000000,0.375867,0,1
31,34,36,18,27,33,14,13,
558.000000,121.000000,0.094298,12458593.000000,0.391128,0,1
16,20,20,30,33,33,39,38,
236.000000,122.000000,0.048975,271908288.000000,0.330065,0,1
32,38,51,42,92,105,90,64,
407.000000,122.000000,0.043020,21788926.000000,0.056179,0,1
35,43,41,69,71,83,142,172,
73.000000,123.000000,0.048926,865128768.000000,0.261154,0,1
42,48,74,55,91,118,107,133,
436.000000,123.000000,0.043225,14344767.000000,0.050147,0,1
38,74,35,104,73,30,87,44,
123.000000,124.000000,0.050579,880065280.000000,0.536419,0,1
41,114,42,137,88,32,107,42,
339.000000,124.000000,0.046745,135685232.000000,0.071769,0,1
55,29,53,21,79,121,26,57,
344.000000,124.000000,0.052030,85850024.000000,0.098279,0,1
25,47,28,122,91,38,113,86,
425.000000,124.000000,0.049256,85068520.000000,0.074231,0,1
63,41,157,41,102,172,92,177,
632.000000,125.000000,0.213897,303196416.000000,1.026271,0,1
33,23,44,20,35,41,23,35,
192.000000,126.000000,0.050783,120922312.000000,0.282219,0,1
53,56,34,77,71,29,122,111,
533.000000,126.000000,0.080383,18213966.000000,0.286046,0,1
12,13,12,20,21,13,22,23,
150.000000,127.000000,0.049508,225540064.000000,0.326093,0,1
31,40,32,73,56,37,94,87,
408.000000,127.000000,0.056357,17452810.000000,0.055203,0,1
167,177,166,154,117,166,80,35,
459.000000,127.000000,0.046129,27455696.000000,0.074368,0,1
21,22,21,25,25,21,64,94,
512.000000,127.000000,0.064613,23971240.000000,0.201635,0,1
14,13,17,13,24,18,52,80,
589.000000,127.000000,0.123277,81742448.000000,0.567936,0,1
22,18,31,19,26,38,35,54,
631.000000,127.000000,0.213959,360215328.000000,1.021750,0,1
23,20,34,20,23,44,20,25,
359.000000,128.000000,0.048609,187022144.000000,0.118058,0,1
28,25,81,24,67,173,31,69,
412.000000,128.000000,0.065263,4774342.000000,0.018490,0,1
101,163,43,128,111,34,91,35,
571.000000,128.000000,0.120320,18519304.000000,0.502352,0,1
38,38,39,18,27,37,16,15,
325.000000,129.000000,0.051925,256398016.000000,0.123492,0,1
124,162,91,122,75,23,103,25,
388.000000,129.000000,0.055369,58458252.000000,0.079119,0,1
156,172,42,163,103,33,157,121,
459.000000,129.000000,0.047826,49955752.000000,0.073521,0,1
25,64,28,94,94,26,111,119,
464.000000,129.000000,0.045957,17175206.000000,0.075462,0,1
20,22,21,28,39,26,107,110,
39.000000,130.000000,0.047867,57558208.000000,0.145010,0,1
30,42,31,76,74,38,89,89,
302.000000,130.000000,0.050415,227438768.000000,0.215763,0,1
138,100,132,37,61,66,24,26,
578.000000,130.000000,0.126454,22864948.000000,0.539289,0,1
34,37,39,18,26,34,15,15,
217.000000,131.000000,0.051734,107471208.000000,0.096939,0,1
107,87,123,130,112,33,62,30,
452.000000,131.000000,0.046734,83049760.000000,0.070911,0,1
51,117,24,112,40,22,47,23,
485.000000,131.000000,0.054814,15692311.000000,0.120960,0,1
39,24,33,15,22,25,15,18,
548.000000,131.000000,0.095490,77097208.000000,0.360412,0,1
11,13,12,24,23,12,33,37,
403.000000,132.000000,0.057552,4860921.500000,0.056591,0,1
35,70,33,147,72,31,121,44,
606.000000,132.000000,0.133256,137328224.000000,0.664796,0,1
17,20,20,34,26,48,50,44,
125.000000,133.000000,0.049437,1716464384.000000,0.523926,0,1
97,79,163,46,112,149,42,33,
136.000000,133.000000,0.051052,1801400192.000000,0.513510,0,1
81,110,65,112,75,33,55,31,
215.000000,133.000000,0.051532,407387936.000000,0.379387,0,1
130,110,62,64,81,30,27,24,
381.000000,133.000000,0.055014,65081664.000000,0.085839,0,1
82,173,54,168,119,33,142,47,
510.000000,133.000000,0.063475,81495232.000000,0.190455,0,1
27,19,96,13,27,76,18,26,
525.000000,133.000000,0.072040,25327890.000000,0.248063,0,1
30,16,16,13,20,12,12,13,
114.000000,134.000000,0.050591,2570690048.000000,0.550480,0,1
144,133,88,145,76,35,122,87,
149.000000,134.000000,0.049822,596620736.000000,0.483232,0,1
118,75,121,36,84,94,34,30,
154.000000,134.000000,0.049588,194696128.000000,0.479449,0,1
172,141,147,97,80,107,45,30,
63.000000,135.000000,0.051004,1721791360.000000,0.647011,0,1
185,101,183,58,138,227,52,44,
289.000000,135.000000,0.049379,781660800.000000,0.235023,0,1
72,36,78,26,96,98,51,131,
351.000000,135.000000,0.048295,273854656.000000,0.126410,0,1
29,24,84,22,50,139,42,64,
529.000000,135.000000,0.078772,12981751.000000,0.268796,0,1
12,11,14,13,17,16,22,37,
555.000000,135.000000,0.094993,64535680.000000,0.272556,0,1
11,11,17,10,17,21,11,13,
63.000000,136.000000,0.050226,1750312448.000000,0.645828,0,1
153,82,188,44,70,135,39,36,
141.000000,136.000000,0.049863,497559008.000000,0.500179,0,1
28,30,29,39,56,33,94,128,
157.000000,136.000000,0.050225,304121024.000000,0.469470,0,1
148,65,78,32,46,32,27,26,
178.000000,136.000000,0.050234,905849728.000000,0.430481,0,1
52,110,27,138,72,29,110,45,
260.000000,136.000000,0.050495,202412976.000000,0.291454,0,1
87,58,31,32,60,25,32,27,
297.000000,136.000000,0.051958,248498800.000000,0.230358,0,1
31,95,24,86,51,21,44,26,
329.000000,136.000000,0.049380,469692128.000000,0.166219,0,1
95,31,155,20,110,137,51,48,
336.000000,136.000000,0.051484,114194136.000000,0.159912,0,1
134,128,103,84,69,31,58,28,
394.000000,136.000000,0.056625,5711853.500000,0.065928,0,1
178,134,152,68,81,76,40,36,
491.000000,136.000000,0.064539,12022737.000000,0.144630,0,1
17,25,16,26,23,17,23,16,
555.000000,136.000000,0.094409,71055504.000000,0.377149,0,1
13,11,25,10,17,23,10,12,
598.000000,136.000000,0.145316,26390098.000000,0.660585,0,1
38,25,33,17,19,23,16,16,
632.000000,136.000000,0.213039,278447008.000000,1.019989,0,1
35,26,44,21,40,43,28,42,
111.000000,137.000000,0.049922,1262260992.000000,0.548713,0,1
158,132,148,47,110,136,51,66,
127.000000,137.000000,0.050659,652101376.000000,0.521935,0,1
35,36,33,88,69,34,139,132,
234.000000,137.000000,0.050518,267491408.000000,0.336157,0,1
29,96,27,78,61,27,68,28,
307.000000,137.000000,0.049546,313806976.000000,0.203771,0,1
68,61,133,25,81,69,28,24,
527.000000,137.000000,0.077688,40203984.000000,0.259999,0,1
13,14,22,13,22,37,19,29,
603.000000,137.000000,0.148876,19643842.000000,0.697147,0,1
41,30,38,18,20,26,16,15,
254.000000,138.000000,0.050934,321731680.000000,0.301368,0,1
103,112,51,52,57,27,40,30,
448.000000,139.000000,0.048600,2639036.750000,0.025354,0,1
27,33,33,35,63,47,120,146,
615.000000,139.000000,0.163389,22927918.000000,0.790881,0,1
39,43,44,28,38,40,17,16,
169.000000,140.000000,0.051840,605351360.000000,0.454110,0,1
91,95,71,79,56,31,43,37,
207.000000,140.000000,0.051537,144439184.000000,0.392791,0,1
92,128,112,123,116,45,48,28,
386.000000,141.000000,0.040826,4261133.500000,0.066598,0,1
36,36,35,47,51,34,117,127,
404.000000,141.000000,0.045145,3789465.250000,0.037803,0,1
37,38,37,48,91,40,113,114,
437.000000,141.000000,0.028795,2621612.500000,0.022601,0,1
33,43,27,75,50,23,71,50,
466.000000,141.000000,0.057404,4785556.000000,0.088526,0,1
24,19,30,16,27,34,26,36,
472.000000,141.000000,0.040652,2625585.250000,0.070005,0,1
19,15,16,28,26,18,31,31,
534.000000,141.000000,0.078109,285585984.000000,0.276280,0,1
25,14,68,14,34,68,15,24,
319.000000,143.000000,0.047809,70184960.000000,0.177783,0,1
21,19,22,18,23,71,21,33,
320.000000,143.000000,0.048661,106296712.000000,0.176677,0,1
21,20,24,18,51,77,31,48,
363.000000,143.000000,0.047545,105945552.000000,0.104299,0,1
33,36,90,26,101,146,38,47,
408.000000,143.000000,0.071361,429294.343750,0.038016,0,1
30,40,30,97,38,36,50,51,
564.000000,143.000000,0.101658,26988228.000000,0.424545,0,1
13,13,16,13,23,20,25,44,
631.000000,143.000000,0.212405,407395680.000000,1.012033,0,1
29,21,43,20,31,46,22,32,
340.000000,144.000000,0.049901,104935672.000000,0.145544,0,1
33,37,77,22,92,51,33,36,
344.000000,144.000000,0.054175,49806272.000000,0.147348,0,1
20,21,19,51,22,24,34,37,
359.000000,144.000000,0.032011,14084431.000000,0.068503,0,1
24,23,25,30,30,33,39,43,
374.000000,144.000000,0.057598,24178286.000000,0.096898,0,1
42,113,33,71,52,32,45,47,
386.000000,144.000000,0.060878,10925288.000000,0.077130,0,1
120,124,79,62,59,49,54,55,
405.000000,144.000000,0.058981,1324713.250000,0.039543,0,1
127,114,97,54,56,50,52,52,
453.000000,144.000000,0.049068,2308526.000000,0.073948,0,1
34,42,39,56,55,45,69,69,
322.000000,145.000000,0.050357,85534920.000000,0.178092,0,1
77,103,97,48,54,37,35,35,
508.000000,145.000000,0.069394,103634976.000000,0.195635,0,1
56,36,40,13,29,28,16,17,
197.000000,146.000000,0.052426,15244290.000000,0.434755,0,1
22,23,22,35,35,24,43,42,
213.000000,146.000000,0.045444,16646339.000000,0.327527,0,1
23,23,24,27,37,31,37,41,
489.000000,146.000000,0.052865,5343303.000000,0.115715,0,1
16,24,13,24,21,13,23,23,
631.000000,146.000000,0.212168,406492672.000000,1.011195,0,1
31,23,45,21,32,46,23,32,
553.000000,147.000000,0.094360,75521576.000000,0.382306,0,1
11,11,14,12,21,32,26,39,
165.000000,148.000000,0.038179,2671304.250000,0.433168,0,1
28,27,31,33,35,41,41,42,
571.000000,148.000000,0.104865,125334056.000000,0.450204,0,1
50,34,34,19,34,18,14,13,
656.000000,148.000000,0.192347,3195268.750000,1.039941,0,1
41,42,38,44,41,38,42,40,
485.000000,150.000000,0.052339,6245448.000000,0.111634,0,1
32,36,25,28,27,19,22,23,
585.000000,150.000000,0.114640,321599712.000000,0.532111,0,1
39,55,24,60,40,16,53,36,
694.000000,150.000000,0.202751,34575764.000000,0.952605,0,1
20,29,18,29,26,15,27,26,
520.000000,151.000000,0.071410,81956944.000000,0.221867,0,1
35,28,43,30,45,30,40,54,
562.000000,151.000000,0.099213,370203168.000000,0.407784,0,1
30,16,48,13,32,50,15,33,
601.000000,151.000000,0.130817,263620432.000000,0.626887,0,1
21,35,23,38,34,24,41,32,
454.000000,152.000000,0.066791,1245391.500000,0.100657,0,1
57,47,57,45,50,55,44,43,
510.000000,152.000000,0.080617,21013594.000000,0.220483,0,1
35,18,22,13,16,27,10,12,
632.000000,152.000000,0.211795,218904448.000000,1.015447,0,1
42,32,45,24,45,44,36,47,
491.000000,155.000000,0.062087,6986854.500000,0.138782,0,1
19,28,18,30,23,18,29,21,
678.000000,156.000000,0.208038,75687672.000000,1.176590,0,1
41,43,61,20,33,49,16,17,
529.000000,157.000000,0.079959,37315424.000000,0.267792,0,1
11,14,15,50,35,24,65,55,
585.000000,158.000000,0.114294,207825248.000000,0.522893,0,1
35,46,21,33,32,15,26,17,
689.000000,159.000000,0.216400,32005000.000000,1.253803,0,1
57,58,59,27,40,56,23,22,
458.000000,160.000000,0.074200,668566.187500,0.111823,0,1
46,37,45,38,40,43,36,36,
532.000000,160.000000,0.076722,62297704.000000,0.267109,0,1
17,33,16,57,40,21,59,61,
693.000000,160.000000,0.218925,32535086.000000,1.280882,0,1
60,60,63,30,46,59,24,23,
572.000000,161.000000,0.107106,351329056.000000,0.458817,0,1
19,16,46,14,32,56,19,42,
110.000000,162.000000,0.042835,33055288.000000,0.482464,0,1
45,42,47,40,44,50,41,42,
560.000000,162.000000,0.100260,193605264.000000,0.406292,0,1
19,18,36,20,32,51,24,38,
66.000000,164.000000,0.046143,16212673.000000,0.366452,0,1
40,37,41,34,37,40,34,33,
116.000000,165.000000,0.058973,5516623.500000,0.588218,0,1
50,54,46,49,46,40,43,39,
130.000000,165.000000,0.044613,9267697.000000,0.482437,0,1
47,46,52,41,46,47,39,38,
351.000000,166.000000,0.022821,189582.390625,0.049893,0,1
29,26,34,25,27,32,25,26,
630.000000,166.000000,0.210880,444006752.000000,1.007824,0,1
31,22,44,22,32,48,22,33,
591.000000,167.000000,0.120859,65794292.000000,0.563195,0,1
24,25,49,23,37,55,33,40,
597.000000,167.000000,0.122042,249933072.000000,0.589536,0,1
29,48,21,57,35,18,54,29,
540.000000,168.000000,0.101597,73989432.000000,0.352672,0,1
46,34,49,31,44,58,32,40,
597.000000,168.000000,0.122032,314461408.000000,0.591057,0,1
32,52,22,54,36,18,43,25,
630.000000,168.000000,0.210743,417216032.000000,1.008352,0,1
32,22,45,22,33,47,23,34,
516.000000,169.000000,0.078388,12155664.000000,0.229051,0,1
12,23,10,21,20,10,20,19,
178.000000,170.000000,0.058456,1249620.500000,0.338747,0,1
43,40,40,37,38,35,36,33,
529.000000,172.000000,0.074695,167638816.000000,0.258724,0,1
14,53,14,35,55,12,80,32,
555.000000,173.000000,0.095269,270396160.000000,0.379228,0,1
14,13,26,19,36,30,64,79,
607.000000,173.000000,0.132834,261298512.000000,0.488986,0,1
19,14,37,14,20,50,14,19,
591.000000,175.000000,0.123899,79966472.000000,0.575776,0,1
39,31,38,28,38,46,30,39,
614.000000,175.000000,0.133608,163227232.000000,0.686419,0,1
25,40,19,51,27,16,42,40,
524.000000,176.000000,0.086194,4426350.000000,0.273327,0,1
11,20,11,20,22,11,19,19,
615.000000,177.000000,0.133698,101205464.000000,0.514864,0,1
20,32,17,44,27,16,44,39,
559.000000,178.000000,0.095161,38837240.000000,0.392290,0,1
14,26,13,50,34,15,57,57,
548.000000,179.000000,0.100140,36413056.000000,0.372061,0,1
54,42,54,16,37,54,15,15,
361.000000,183.000000,0.094796,4723500.000000,0.199232,0,1
30,30,30,36,31,29,37,35,
541.000000,183.000000,0.089965,35743968.000000,0.323362,0,1
11,12,12,19,25,16,26,24,
310.000000,184.000000,0.118721,534144.125000,0.303527,0,1
22,26,27,26,29,29,28,33,
596.000000,184.000000,0.120436,44088192.000000,0.429510,0,1
46,49,25,33,27,20,25,26,
541.000000,185.000000,0.084348,41048364.000000,0.316840,0,1
25,26,31,20,24,19,14,11,
570.000000,185.000000,0.103540,138160704.000000,0.453267,0,1
75,50,65,59,66,32,54,58,
697.000000,185.000000,0.195739,90043032.000000,0.945661,0,1
45,39,28,33,27,17,21,13,
367.000000,186.000000,0.094392,9900140.000000,0.193700,0,1
30,30,30,39,33,30,38,36,
535.000000,187.000000,0.105055,13520875.000000,0.352988,0,1
29,21,31,15,23,30,16,19,
629.000000,188.000000,0.209422,415374944.000000,1.013798,0,1
30,24,44,23,31,49,25,32,
370.000000,190.000000,0.112385,1552181.375000,0.232193,0,1
33,36,36,33,38,41,32,31,
670.000000,190.000000,0.201030,17384808.000000,1.136058,0,1
25,26,21,27,24,18,26,24,
552.000000,191.000000,0.090402,146190368.000000,0.368046,0,1
14,27,26,20,63,34,35,55,
689.000000,191.000000,0.200885,20820456.000000,1.233997,0,1
19,20,16,23,23,14,27,19,
308.000000,192.000000,0.025075,591953.062500,0.202411,0,1
27,27,29,25,28,30,25,26,
420.000000,192.000000,0.063378,608930.562500,0.095513,0,1
42,44,40,40,43,40,41,39,
629.000000,192.000000,0.209230,392014144.000000,1.017248,0,1
32,26,48,24,33,47,27,35,
375.000000,193.000000,0.089974,983177.625000,0.180179,0,1
34,39,36,37,38,32,35,33,
551.000000,193.000000,0.092046,293073184.000000,0.369212,0,1
37,17,72,11,25,67,11,11,
554.000000,193.000000,0.092496,303117952.000000,0.276745,0,1
34,88,19,55,39,13,38,14,
532.000000,194.000000,0.096619,14017907.000000,0.337232,0,1
29,33,23,32,30,23,27,22,
376.000000,195.000000,0.076587,969448.562500,0.180103,0,1
33,31,29,32,34,33,35,37,
208.000000,196.000000,0.030214,1645713.375000,0.165849,0,1
28,27,28,26,28,28,25,24,
591.000000,199.000000,0.123332,56763764.000000,0.591505,0,1
13,20,14,35,26,20,43,51,
597.000000,199.000000,0.124268,182939888.000000,0.609296,0,1
20,17,43,31,39,49,60,75,
250.000000,200.000000,0.045444,1387855.375000,0.302348,0,1
34,30,32,27,31,31,26,24,
594.000000,200.000000,0.123330,278525184.000000,0.598535,0,1
15,20,31,37,48,60,55,66,
606.000000,200.000000,0.128778,592533056.000000,0.656075,0,1
38,48,22,47,32,21,33,18,
629.000000,200.000000,0.208805,359837440.000000,1.024751,0,1
37,27,47,25,39,45,28,41,
564.000000,201.000000,0.100316,571409728.000000,0.289311,0,1
34,93,21,71,51,13,64,23,
610.000000,202.000000,0.133858,173483152.000000,0.520514,0,1
53,25,62,19,26,28,19,19,
701.000000,203.000000,0.198981,271594784.000000,0.978278,0,1
15,13,31,14,30,50,18,34,
583.000000,205.000000,0.131659,39188048.000000,0.583532,0,1
44,30,44,17,27,45,17,16,
654.000000,206.000000,0.198738,61759752.000000,1.065729,0,1
50,51,46,52,49,41,51,44,
573.000000,207.000000,0.139905,66811184.000000,0.580198,0,1
27,20,34,15,27,35,21,28,
586.000000,207.000000,0.131206,33297236.000000,0.598795,0,1
48,35,49,17,32,48,17,17,
673.000000,207.000000,0.202890,155322080.000000,1.180409,0,1
23,27,17,31,20,15,26,19,
589.000000,209.000000,0.133557,32609532.000000,0.618446,0,1
50,39,51,19,35,51,18,18,
628.000000,209.000000,0.207801,464816096.000000,1.026436,0,1
29,25,44,24,30,49,24,31,
558.000000,212.000000,0.111310,3173493.000000,0.468561,0,1
20,26,20,30,26,20,31,30,
579.000000,213.000000,0.136085,89203552.000000,0.602522,0,1
31,34,19,35,28,13,35,27,
568.000000,214.000000,0.131384,14687278.000000,0.555953,0,1
10,18,10,27,19,12,27,27,
614.000000,214.000000,0.136814,31451410.000000,0.555854,0,1
18,34,19,66,41,23,74,74,
567.000000,216.000000,0.129525,4960033.000000,0.543321,0,1
27,21,29,19,21,30,19,20,
649.000000,218.000000,0.215166,8354864.000000,1.191351,0,1
43,36,41,26,33,39,24,24,
575.000000,222.000000,0.139368,13015205.000000,0.613625,0,1
34,25,37,20,24,38,19,20,
628.000000,222.000000,0.207019,394389984.000000,1.042462,0,1
39,29,50,27,38,48,29,37,
576.000000,223.000000,0.139155,18860074.000000,0.619048,0,1
37,24,38,19,25,37,20,20,
608.000000,223.000000,0.150173,33485274.000000,0.753110,0,1
53,36,52,20,32,52,20,19,
556.000000,224.000000,0.132816,1303002.750000,0.525728,0,1
38,32,38,30,33,38,31,30,
611.000000,225.000000,0.155308,19237256.000000,0.792890,0,1
55,39,54,20,33,52,20,19,
718.000000,225.000000,0.051801,20949994.000000,0.234197,0,1
16,20,21,25,31,26,27,37,
583.000000,227.000000,0.144012,31169292.000000,0.648938,0,1
11,24,11,30,26,11,30,29,
680.000000,227.000000,0.183910,58954688.000000,1.078851,0,1
15,16,16,19,26,17,32,47,
697.000000,227.000000,0.197365,239268736.000000,0.976131,0,1
16,16,26,19,41,55,43,49,
695.000000,228.000000,0.195090,357177696.000000,0.965374,0,1
16,16,28,16,34,54,33,51,
671.000000,229.000000,0.214122,41856456.000000,1.206144,0,1
22,27,18,35,28,18,33,31,
570.000000,230.000000,0.133447,46031956.000000,0.587305,0,1
27,33,22,35,25,23,32,22,
603.000000,231.000000,0.127486,429990080.000000,0.501807,0,1
15,16,18,18,30,28,22,39,
628.000000,233.000000,0.206242,295964544.000000,1.057303,0,1
41,30,48,27,45,45,30,45,
577.000000,234.000000,0.140449,14066836.000000,0.631766,0,1
24,25,25,32,31,31,37,39,
591.000000,234.000000,0.151044,25201550.000000,0.707289,0,1
11,22,11,34,22,11,32,32,
608.000000,234.000000,0.138043,61007388.000000,0.569736,0,1
16,43,17,74,51,19,76,79,
563.000000,236.000000,0.142499,4537242.000000,0.590043,0,1
25,23,22,30,28,26,32,32,
607.000000,239.000000,0.138960,10874293.000000,0.260254,0,1
78,52,76,14,48,76,14,13,
598.000000,240.000000,0.156088,18570208.000000,0.760406,0,1
12,18,12,35,19,12,35,34,
607.000000,240.000000,0.137395,12236729.000000,0.408622,0,1
72,19,70,13,19,65,13,13,
574.000000,242.000000,0.151412,2776203.000000,0.657824,0,1
43,41,44,37,41,43,37,37,
648.000000,244.000000,0.196956,34534988.000000,1.088313,0,1
47,51,44,52,49,43,51,49,
627.000000,245.000000,0.205265,340792896.000000,1.070495,0,1
38,29,48,28,39,49,30,40,
627.000000,250.000000,0.204565,346612768.000000,1.076084,0,1
41,33,52,29,42,49,32,41,
610.000000,251.000000,0.169170,21313486.000000,0.872863,0,1
13,22,13,32,23,13,33,33,
541.000000,253.000000,0.151407,25593850.000000,0.593722,0,1
45,42,42,34,35,36,28,27,
551.000000,253.000000,0.151780,23104650.000000,0.624793,0,1
45,42,44,36,37,40,29,28,
552.000000,253.000000,0.151793,18883282.000000,0.628981,0,1
45,43,44,36,38,41,29,27,
593.000000,254.000000,0.153040,20408274.000000,0.765037,0,1
42,41,40,38,38,37,30,30,
520.000000,255.000000,0.153690,23731610.000000,0.541627,0,1
41,39,38,37,35,32,28,33,
612.000000,256.000000,0.176576,11545526.000000,0.904454,0,1
34,26,33,22,25,33,22,21,
549.000000,257.000000,0.158519,24915932.000000,0.640923,0,1
28,29,29,32,34,34,38,41,
626.000000,257.000000,0.204473,113019056.000000,1.032545,0,1
32,29,45,29,33,48,30,35,
506.000000,268.000000,0.167204,3722729.250000,0.578555,0,1
33,35,35,40,38,39,41,43,
626.000000,271.000000,0.202989,48605308.000000,1.056104,0,1
40,33,50,30,40,48,33,43,
636.000000,275.000000,0.195551,5833394.500000,1.081154,0,1
47,40,44,39,36,42,34,31,
260.000000,276.000000,0.179707,67562432.000000,0.858618,0,1
19,20,21,22,24,25,24,25,
626.000000,276.000000,0.202456,47185472.000000,1.066086,0,1
43,33,50,30,46,47,33,44,
512.000000,282.000000,0.176474,2108630.500000,0.661973,0,1
40,46,43,48,46,46,48,51,
578.000000,282.000000,0.178991,2130518.500000,0.847553,0,1
40,42,41,46,43,42,51,49,
628.000000,283.000000,0.202002,17391896.000000,1.085712,0,1
43,48,39,45,40,35,48,40,
232.000000,284.000000,0.193962,926872.250000,1.023590,0,1
26,27,26,28,29,26,29,30,
340.000000,284.000000,0.176230,908534.062500,0.668817,0,1
33,35,33,35,35,34,36,36,
380.000000,284.000000,0.171623,2412704.500000,0.575632,0,1
31,32,30,32,31,30,32,34,
147.000000,140.000000,0.051124,1226610432.000000,0.493285,0,1
102,133,115,124,84,61,63,37,
128.000000,140.000000,0.050038,1191045376.000000,0.519300,0,1
79,132,39,147,81,31,80,41,
69.000000,136.000000,0.050803,1502398848.000000,0.270814,0,1
162,205,117,154,95,34,107,80,
129.000000,134.000000,0.048085,265919024.000000,0.507067,0,1
168,151,171,72,98,150,38,34,
234.000000,133.000000,0.049836,688211456.000000,0.335466,0,1
170,151,165,64,99,71,39,29,
191.000000,132.000000,0.049563,1265098112.000000,0.408816,0,1
130,75,134,38,81,138,40,30,
175.000000,127.000000,0.051259,276870464.000000,0.449892,0,1
45,79,38,128,108,36,143,145,
226.000000,121.000000,0.044826,58910808.000000,0.068940,0,1
193,130,132,41,82,158,32,31,
301.000000,119.000000,0.049774,80840304.000000,0.219632,0,1
24,25,25,29,37,24,69,127,
176.000000,119.000000,0.046500,203068752.000000,0.420380,0,1
28,31,40,34,51,68,43,35,
79.000000,113.000000,0.048233,574523008.000000,0.403643,0,1
27,27,33,26,33,57,28,32,
103.000000,112.000000,0.048880,1308995712.000000,0.569786,0,1
34,31,48,29,47,80,40,51,
284.000000,107.000000,0.052389,212174944.000000,0.181308,0,1
102,105,97,77,63,40,43,29,
241.000000,107.000000,0.051964,366914304.000000,0.144680,0,1
79,94,86,96,74,48,62,31,
114.000000,92.000000,0.052497,184169488.000000,0.130470,0,1
27,33,38,34,58,50,57,81,
190.000000,93.000000,0.052887,89119832.000000,0.190030,0,1
89,79,97,36,63,70,28,25,
132.000000,99.000000,0.049373,1246665472.000000,0.219680,0,1
38,37,72,36,68,108,52,59,
138.000000,95.000000,0.049282,369707968.000000,0.215053,0,1
26,63,28,93,60,36,91,97,
208.000000,95.000000,0.051581,245711040.000000,0.170441,0,1
23,41,24,97,57,22,98,83,
199.000000,93.000000,0.049304,677082688.000000,0.169379,0,1
29,33,54,29,67,80,47,79,
157.000000,93.000000,0.049774,1045559232.000000,0.203083,0,1
73,51,93,31,70,91,37,46,
114.000000,136.000000,0.050456,2536383232.000000,0.548090,0,1
76,122,46,148,87,35,136,103,
177.000000,133.000000,0.050737,2271150592.000000,0.189306,0,1
152,161,72,180,102,29,148,110,
276.000000,131.000000,0.049194,454621728.000000,0.174608,0,1
138,88,140,35,94,104,32,26,
247.000000,131.000000,0.049471,267059568.000000,0.310436,0,1
28,38,29,50,89,30,101,123,
254.000000,91.000000,0.059566,24816760.000000,0.120523,0,1
92,92,102,43,70,86,32,30,
234.000000,104.000000,0.048580,489450400.000000,0.141532,0,1
32,34,51,32,61,92,51,94,
198.000000,109.000000,0.052872,220274656.000000,0.423569,0,1
61,70,40,66,47,28,47,31,
270.000000,105.000000,0.051660,70529040.000000,0.122192,0,1
94,78,63,35,55,29,30,26,
304.000000,94.000000,0.048153,314181696.000000,0.089132,0,1
30,34,49,36,81,101,80,103,
517.000000,164.000000,0.066934,50085140.000000,0.144710,0,1
19,30,16,31,19,10,28,11,
536.000000,111.000000,0.081544,66355476.000000,0.214187,0,1
28,23,21,22,36,20,46,43,
270.000000,136.000000,0.050828,460950112.000000,0.186261,0,1
30,94,29,123,99,28,166,132,
534.000000,89.000000,0.080238,93315272.000000,0.224217,0,1
15,17,33,20,42,34,32,52,
283.000000,131.000000,0.050133,248956784.000000,0.169185,0,1
165,134,174,73,127,116,37,28,
265.000000,122.000000,0.047540,127090240.000000,0.183571,0,1
133,112,140,49,88,127,36,32,
300.000000,120.000000,0.049078,258491360.000000,0.148710,0,1
25,29,37,32,69,71,84,103,
262.000000,119.000000,0.047480,674914176.000000,0.187424,0,1
36,37,74,32,74,117,48,57,
