# timestamp
1608635101558734336

# fx, fy, cx, cy, width, height, npoints
501.475525,501.475800,421.800903,167.658447,800,400,619

# camToWorld: translation vector, rotation quaternion
-15.608977,33.268417,0.490272,-0.723627,0.016235,0.005829,0.689976

# Exposure time (ms)
22.999989

# Point Cloud Data : 
# u,v,idepth_scaled,idepth_hessian,maxRelBaseline,numGoodRes,status 
# color information 
762.000000,128.000000,0.170524,5023588.500000,2.040375,0,1
29,23,22,16,16,16,16,15,
764.000000,288.000000,0.162911,10347992.000000,2.218755,0,1
38,43,37,50,43,35,46,45,
717.000000,30.000000,0.190562,2921489.500000,0.839244,0,1
188,197,214,208,223,243,240,255,
326.000000,32.000000,0.223528,807184.687500,0.774148,0,1
15,20,22,19,18,18,12,12,
712.000000,32.000000,0.170112,14581814.000000,0.758141,0,1
185,196,213,211,225,243,238,255,
687.000000,48.000000,0.194671,2611208192.000000,1.373044,0,1
158,138,205,119,158,245,133,140,
688.000000,49.000000,0.195556,1591206528.000000,1.127717,0,1
205,158,245,133,188,250,140,152,
748.000000,72.000000,0.217506,17409236.000000,0.467645,0,1
44,46,63,72,131,186,224,255,
724.000000,79.000000,0.191637,678186176.000000,1.926020,0,1
52,49,71,47,75,114,72,106,
735.000000,93.000000,0.186353,78619904.000000,1.959868,0,1
25,24,32,24,32,45,31,43,
727.000000,103.000000,0.175183,13140461.000000,1.860905,0,1
36,42,49,40,43,42,22,17,
746.000000,103.000000,0.161893,3211527.000000,1.921519,0,1
40,52,49,38,37,37,20,17,
754.000000,104.000000,0.165943,41606540.000000,1.979549,0,1
38,32,38,21,33,40,26,24,
745.000000,111.000000,0.151787,30131312.000000,1.859299,0,1
30,36,25,36,29,22,41,24,
745.000000,112.000000,0.155435,15130357.000000,0.557557,0,1
29,37,24,43,31,17,32,19,
755.000000,118.000000,0.163205,350101696.000000,1.966853,0,1
42,28,42,14,28,43,14,15,
760.000000,122.000000,0.161749,34958584.000000,1.988014,0,1
44,36,43,22,31,36,21,21,
759.000000,127.000000,0.161870,2803241.250000,0.811491,0,1
28,28,30,21,23,23,16,16,
745.000000,143.000000,0.154880,12259932.000000,0.548532,0,1
25,30,19,33,26,17,32,27,
745.000000,148.000000,0.156552,11811286.000000,1.879758,0,1
26,32,20,33,27,18,31,26,
745.000000,155.000000,0.157629,66795760.000000,1.884216,0,1
32,40,21,43,33,17,38,31,
745.000000,166.000000,0.157391,32548564.000000,1.888530,0,1
23,31,16,35,25,16,33,28,
745.000000,170.000000,0.156476,38523520.000000,1.886605,0,1
28,31,19,30,25,17,26,21,
741.000000,173.000000,0.144559,19567014.000000,1.811837,0,1
30,36,25,41,31,24,38,33,
744.000000,180.000000,0.152619,28008664.000000,1.869306,0,1
22,29,22,44,36,19,47,31,
743.000000,182.000000,0.152195,23974042.000000,1.863238,0,1
42,50,39,46,38,23,36,30,
744.000000,205.000000,0.152897,52789784.000000,1.897276,0,1
38,47,27,50,37,19,46,36,
743.000000,207.000000,0.152925,35661560.000000,1.894430,0,1
47,49,36,50,46,26,50,47,
744.000000,213.000000,0.152993,63335432.000000,1.908557,0,1
37,48,26,52,38,18,49,38,
743.000000,220.000000,0.152224,52489352.000000,1.909390,0,1
48,53,36,54,47,24,52,46,
744.000000,221.000000,0.153029,131947088.000000,1.920614,0,1
36,47,24,52,38,19,46,36,
744.000000,225.000000,0.153195,118219688.000000,1.927811,0,1
36,46,24,51,36,18,45,36,
744.000000,233.000000,0.152872,128314056.000000,1.939596,0,1
36,48,25,51,35,16,46,33,
514.000000,238.000000,0.060718,3619928.500000,0.495208,0,1
44,42,48,49,58,60,53,58,
737.000000,239.000000,0.149089,9196786.000000,1.892538,0,1
52,45,53,38,40,50,36,34,
744.000000,240.000000,0.152657,123229800.000000,1.951092,0,1
36,46,23,49,35,17,40,29,
742.000000,254.000000,0.152883,22462180.000000,1.969114,0,1
48,41,43,16,29,28,10,10,
740.000000,279.000000,0.149659,244285824.000000,1.998392,0,1
17,17,29,16,29,41,21,25,
740.000000,281.000000,0.148882,68415872.000000,1.999420,0,1
29,21,37,16,25,38,18,19,
731.000000,103.000000,0.161985,7327263.500000,1.827927,0,1
45,50,53,42,44,45,23,17,
668.000000,55.000000,0.185385,22165596.000000,1.605551,0,1
49,56,55,48,48,52,40,40,
110.000000,60.000000,0.169963,5443241.500000,1.538847,0,1
11,12,12,15,15,16,20,20,
112.000000,62.000000,0.175035,21763672.000000,1.529775,0,1
16,20,17,20,17,13,19,14,
108.000000,64.000000,0.173587,34155756.000000,1.538803,0,1
16,12,19,12,17,24,16,22,
686.000000,64.000000,0.204201,15773664.000000,1.762470,0,1
72,67,69,64,66,67,63,62,
102.000000,65.000000,0.166990,6180626.000000,1.533981,0,1
11,14,11,18,17,15,22,24,
84.000000,66.000000,0.164563,2969681.500000,1.603789,0,1
11,14,15,20,19,19,22,22,
719.000000,91.000000,0.188284,151444704.000000,1.871255,0,1
69,63,47,59,44,26,42,23,
711.000000,92.000000,0.189090,6898181.000000,1.825298,0,1
34,35,42,37,40,51,40,47,
713.000000,97.000000,0.184574,73155312.000000,1.815457,0,1
49,45,34,44,33,21,31,22,
707.000000,102.000000,0.182004,48819864.000000,1.765464,0,1
40,39,35,40,35,23,35,23,
108.000000,106.000000,0.174181,9985623.000000,2.023969,0,1
26,23,27,17,22,27,18,18,
720.000000,109.000000,0.175880,8089463.000000,1.825879,0,1
17,22,24,28,38,44,44,53,
697.000000,110.000000,0.172620,60406588.000000,1.666947,0,1
36,44,39,72,55,39,70,59,
682.000000,114.000000,0.147128,18220602.000000,0.259942,0,1
20,28,50,33,58,75,59,65,
475.000000,139.000000,0.030481,58052996.000000,0.110907,0,1
28,34,35,87,96,19,76,31,
724.000000,151.000000,0.137432,35086920.000000,1.668488,0,1
26,32,21,28,36,20,38,53,
736.000000,152.000000,0.142478,5139679.000000,0.583332,0,1
25,31,30,39,45,46,54,59,
720.000000,159.000000,0.135839,54418100.000000,0.523881,0,1
82,84,77,77,63,49,44,34,
728.000000,160.000000,0.139588,41143680.000000,0.555528,0,1
63,62,54,62,50,45,57,46,
727.000000,172.000000,0.138091,93838320.000000,0.548372,0,1
55,40,62,32,48,58,38,42,
731.000000,172.000000,0.140581,41453468.000000,0.567339,0,1
51,53,47,58,44,37,51,41,
727.000000,182.000000,0.138392,29716834.000000,0.551807,0,1
33,35,42,41,48,58,64,64,
728.000000,182.000000,0.138669,46686496.000000,0.554895,0,1
40,37,51,44,53,62,64,62,
723.000000,185.000000,0.136514,30402356.000000,0.536722,0,1
64,70,67,62,48,55,47,49,
737.000000,187.000000,0.143038,25371560.000000,1.804357,0,1
37,43,36,53,41,39,48,42,
584.000000,188.000000,0.048057,49529384.000000,0.072687,0,1
241,230,192,148,126,104,64,59,
730.000000,188.000000,0.139128,13015548.000000,0.562129,0,1
53,42,52,42,44,54,52,56,
721.000000,192.000000,0.135043,54664644.000000,0.528345,0,1
61,50,64,42,56,63,49,52,
573.000000,194.000000,0.053837,45235256.000000,0.104778,0,1
255,255,241,233,205,175,160,131,
736.000000,195.000000,0.142333,26432754.000000,1.801364,0,1
42,44,37,54,42,38,45,37,
544.000000,202.000000,0.059849,158329152.000000,0.140540,0,1
218,193,174,131,120,104,62,42,
724.000000,205.000000,0.137343,6091855.500000,0.548452,0,1
51,46,45,59,55,49,64,64,
737.000000,208.000000,0.142931,5317321.000000,0.599784,0,1
37,41,41,52,50,48,53,53,
736.000000,224.000000,0.140861,18219350.000000,1.855526,0,1
54,52,53,50,47,52,36,32,
734.000000,225.000000,0.140984,39758944.000000,0.591987,0,1
53,53,46,52,43,36,52,47,
723.000000,231.000000,0.135972,49378600.000000,0.551492,0,1
49,55,41,60,46,38,58,58,
538.000000,235.000000,0.101519,86126384.000000,0.728585,0,1
36,40,39,42,43,42,50,51,
531.000000,236.000000,0.099768,61241788.000000,0.698160,0,1
44,46,45,54,53,51,63,67,
508.000000,238.000000,0.055129,8126290.500000,0.448705,0,1
45,30,55,20,40,40,25,24,
733.000000,238.000000,0.141734,16453035.000000,0.693320,0,1
54,55,53,52,48,42,44,43,
725.000000,239.000000,0.136328,29039460.000000,1.769502,0,1
37,31,39,42,39,47,52,56,
531.000000,240.000000,0.089679,8063650.000000,0.666568,0,1
67,61,61,56,55,53,51,46,
734.000000,243.000000,0.141798,41886852.000000,1.854535,0,1
41,49,37,53,41,33,51,51,
537.000000,247.000000,0.096495,711418.375000,0.783310,0,1
48,44,46,40,39,42,38,38,
352.000000,257.000000,0.037620,91369192.000000,0.371543,0,1
32,51,27,100,31,28,55,29,
352.000000,274.000000,0.099499,8738713.000000,0.518725,0,1
17,20,17,27,20,17,20,18,
562.000000,297.000000,0.164065,1795322.250000,1.287229,0,1
25,21,26,15,21,26,14,15,
726.000000,250.000000,0.136728,3015188.500000,1.318002,0,1
39,19,29,12,12,16,12,11,
670.000000,46.000000,0.181595,46775240.000000,1.252926,0,1
53,48,52,48,52,57,49,49,
663.000000,55.000000,0.178945,22828900.000000,1.558002,0,1
42,49,51,45,46,47,38,36,
679.000000,55.000000,0.192817,117126640.000000,1.317996,0,1
73,73,79,63,69,76,60,60,
666.000000,56.000000,0.177782,14447145.000000,1.575511,0,1
54,47,48,39,39,40,37,41,
124.000000,64.000000,0.164728,6386508.000000,1.426091,0,1
13,11,11,12,13,13,17,20,
135.000000,65.000000,0.165323,12807464.000000,1.375603,0,1
12,14,13,19,20,19,23,25,
677.000000,103.000000,0.167610,114703872.000000,1.534998,0,1
33,38,31,60,47,32,44,25,
693.000000,109.000000,0.173772,304560800.000000,1.646842,0,1
32,29,38,27,47,50,65,85,
658.000000,115.000000,0.151192,42941720.000000,1.350989,0,1
22,20,30,16,24,27,16,13,
705.000000,120.000000,0.131561,9902256.000000,1.534507,0,1
32,31,28,33,26,23,20,21,
712.000000,151.000000,0.131165,20781752.000000,0.768256,0,1
22,26,33,43,47,48,64,54,
713.000000,157.000000,0.132034,249281872.000000,0.777436,0,1
53,41,66,45,60,81,71,91,
706.000000,158.000000,0.129043,176192352.000000,0.737213,0,1
62,72,53,67,67,52,79,97,
708.000000,162.000000,0.130857,84181480.000000,0.756236,0,1
97,97,91,83,70,51,46,39,
703.000000,165.000000,0.127860,266924128.000000,0.722920,0,1
88,89,65,98,78,63,88,81,
704.000000,168.000000,0.128622,173254672.000000,0.730926,0,1
64,81,59,77,65,56,75,66,
717.000000,173.000000,0.133777,389939040.000000,0.804823,0,1
61,35,61,28,50,55,29,44,
423.000000,179.000000,0.032945,25875384.000000,0.099388,0,1
44,23,59,14,73,40,23,23,
717.000000,183.000000,0.133664,134811200.000000,1.629131,0,1
40,28,41,27,33,55,63,70,
620.000000,184.000000,0.105601,16974804.000000,0.998344,0,1
57,47,55,36,37,47,27,30,
711.000000,184.000000,0.131321,51323352.000000,1.575516,0,1
30,40,27,46,38,46,72,73,
380.000000,192.000000,0.099441,1938685.875000,0.230312,0,1
25,24,24,24,23,22,21,20,
622.000000,192.000000,0.110638,139690416.000000,1.034670,0,1
36,51,27,46,44,22,47,44,
706.000000,192.000000,0.128585,45266028.000000,0.744246,0,1
50,57,57,54,58,57,56,60,
712.000000,198.000000,0.130982,38521384.000000,0.779962,0,1
53,55,65,48,55,60,48,53,
708.000000,205.000000,0.129838,73864504.000000,0.765041,0,1
48,59,46,68,55,43,74,71,
716.000000,205.000000,0.132801,72393544.000000,0.808114,0,1
68,50,66,42,53,67,46,57,
708.000000,210.000000,0.128808,73628280.000000,0.760651,0,1
58,62,50,74,58,53,74,75,
712.000000,212.000000,0.132329,24882576.000000,0.798144,0,1
53,57,59,65,63,64,72,73,
706.000000,217.000000,0.130216,27334908.000000,0.770042,0,1
73,63,73,52,62,68,51,59,
712.000000,220.000000,0.130901,53184044.000000,0.792480,0,1
67,61,54,69,58,47,69,66,
713.000000,227.000000,0.131312,167072448.000000,0.803224,0,1
63,63,53,64,47,49,55,47,
713.000000,236.000000,0.131328,37608132.000000,0.810414,0,1
51,58,47,63,53,47,62,62,
497.000000,241.000000,0.109649,1398147.125000,0.633600,0,1
27,20,26,17,21,20,17,16,
280.000000,250.000000,0.101056,239344.687500,0.367489,0,1
23,25,22,21,21,20,19,15,
343.000000,257.000000,0.042551,168943168.000000,0.069531,0,1
49,35,98,28,47,235,32,44,
344.000000,257.000000,0.042005,181809216.000000,0.068306,0,1
95,48,222,36,130,255,40,93,
521.000000,263.000000,0.085666,10411816.000000,0.714168,0,1
26,31,23,40,28,22,39,38,
511.000000,293.000000,0.158802,5156745.000000,1.063638,0,1
21,19,22,22,26,29,27,25,
127.000000,112.000000,0.170004,1614811.625000,1.399396,0,1
22,24,25,16,16,17,12,12,
712.000000,116.000000,0.135677,12050340.000000,0.808305,0,1
57,60,60,52,46,38,31,21,
652.000000,53.000000,0.168161,23528702.000000,1.284992,0,1
32,32,33,34,35,37,45,44,
568.000000,54.000000,0.169080,39837308.000000,0.898611,0,1
19,20,21,22,24,25,37,40,
581.000000,54.000000,0.169004,47685244.000000,0.956387,0,1
20,22,22,28,27,26,36,33,
587.000000,54.000000,0.169245,41594700.000000,0.986801,0,1
21,23,23,26,26,28,42,36,
599.000000,54.000000,0.168917,73086944.000000,1.038750,0,1
22,24,24,32,32,32,46,34,
604.000000,54.000000,0.169094,68819264.000000,1.064022,0,1
23,26,25,31,31,33,49,34,
621.000000,54.000000,0.168923,49665640.000000,1.142403,0,1
24,25,26,34,34,35,44,30,
624.000000,54.000000,0.169059,38484964.000000,1.158462,0,1
24,26,27,34,33,34,41,29,
637.000000,54.000000,0.168862,36580504.000000,1.218119,0,1
27,30,30,38,39,38,43,28,
640.000000,54.000000,0.168873,32626448.000000,1.232698,0,1
29,31,32,38,39,40,44,29,
455.000000,55.000000,0.168778,39317740.000000,0.497539,0,1
18,19,19,19,19,21,29,41,
457.000000,55.000000,0.168805,43012444.000000,0.501221,0,1
19,19,21,19,21,22,30,45,
471.000000,55.000000,0.168687,45436476.000000,0.530575,0,1
19,21,20,24,25,24,32,37,
478.000000,55.000000,0.168366,68531032.000000,0.547090,0,1
20,20,21,23,24,24,36,39,
484.000000,55.000000,0.168275,85653712.000000,0.563541,0,1
20,21,21,23,23,23,38,39,
492.000000,55.000000,0.168842,69965712.000000,0.591737,0,1
19,23,23,24,23,23,39,42,
511.000000,55.000000,0.168600,88187400.000000,0.655461,0,1
19,20,21,27,27,28,37,33,
516.000000,55.000000,0.168514,118353872.000000,0.673690,0,1
20,21,21,28,28,28,42,34,
522.000000,55.000000,0.168817,92324808.000000,0.698923,0,1
19,21,21,28,26,26,41,33,
533.000000,55.000000,0.168705,88983536.000000,0.742076,0,1
19,21,21,29,29,30,40,32,
541.000000,55.000000,0.168572,113964984.000000,0.774204,0,1
21,22,22,32,34,35,48,30,
544.000000,55.000000,0.168589,94794648.000000,0.786979,0,1
21,23,24,34,35,34,48,26,
554.000000,55.000000,0.169134,63402460.000000,0.833972,0,1
20,23,23,31,32,31,37,25,
560.000000,55.000000,0.169063,52556108.000000,0.859754,0,1
20,24,24,33,33,33,35,23,
598.000000,56.000000,0.168752,86819688.000000,1.027622,0,1
32,45,45,38,36,34,22,21,
605.000000,56.000000,0.168864,78810032.000000,1.061210,0,1
32,50,48,34,35,37,21,21,
608.000000,56.000000,0.169167,88046080.000000,1.078994,0,1
33,47,46,37,37,37,21,22,
621.000000,56.000000,0.168817,46412388.000000,1.136755,0,1
34,44,43,30,30,29,22,24,
639.000000,56.000000,0.169441,51271492.000000,1.230226,0,1
38,45,44,28,29,30,25,28,
642.000000,56.000000,0.169885,47138636.000000,1.250759,0,1
40,43,42,29,31,32,26,30,
653.000000,56.000000,0.170895,42707796.000000,1.483845,0,1
45,44,44,32,31,32,30,34,
368.000000,57.000000,0.168779,7662486.500000,0.553862,0,1
13,15,12,21,17,12,24,15,
495.000000,57.000000,0.169579,102033064.000000,0.596419,0,1
23,39,39,43,44,53,18,16,
496.000000,57.000000,0.169445,105797464.000000,0.599067,0,1
24,39,43,41,50,48,18,16,
509.000000,57.000000,0.169057,90036696.000000,0.643031,0,1
27,38,37,34,32,33,19,18,
516.000000,57.000000,0.168952,127500696.000000,0.668806,0,1
28,42,45,35,34,33,20,18,
522.000000,57.000000,0.169059,93981008.000000,0.692870,0,1
26,41,42,31,33,30,18,18,
530.000000,57.000000,0.169380,77185600.000000,0.727418,0,1
27,33,40,26,29,31,17,19,
542.000000,57.000000,0.168847,106435456.000000,0.773646,0,1
34,49,48,31,28,26,18,21,
547.000000,57.000000,0.168822,81165552.000000,0.794835,0,1
33,47,45,25,25,25,17,20,
567.000000,57.000000,0.168729,58274120.000000,0.882171,0,1
37,37,40,22,21,21,19,23,
569.000000,57.000000,0.168804,49215180.000000,0.891779,0,1
38,40,38,21,21,20,18,22,
249.000000,58.000000,0.169283,38119600.000000,1.055417,0,1
15,16,15,19,20,20,30,27,
267.000000,58.000000,0.169495,43815776.000000,0.969941,0,1
16,16,16,21,21,20,34,25,
421.000000,58.000000,0.168697,58276104.000000,0.454846,0,1
20,29,27,25,24,24,14,13,
431.000000,58.000000,0.168785,93216576.000000,0.455945,0,1
24,34,36,26,25,26,15,14,
446.000000,58.000000,0.168755,109033352.000000,0.468546,0,1
27,42,40,23,23,22,15,15,
452.000000,58.000000,0.168792,101600648.000000,0.477542,0,1
29,44,41,22,23,22,14,16,
457.000000,58.000000,0.168869,120992880.000000,0.486249,0,1
32,42,44,23,25,23,14,17,
468.000000,58.000000,0.169007,110904952.000000,0.510539,0,1
32,37,37,22,23,24,15,19,
479.000000,58.000000,0.168945,102882784.000000,0.539252,0,1
37,39,37,23,23,21,16,20,
487.000000,58.000000,0.168961,109768752.000000,0.563157,0,1
38,36,38,21,21,20,16,20,
162.000000,59.000000,0.168408,25688060.000000,1.486452,0,1
11,9,10,11,10,12,18,20,
341.000000,59.000000,0.169443,41639332.000000,0.640324,0,1
19,29,29,24,23,22,13,14,
346.000000,59.000000,0.169432,42892384.000000,0.620583,0,1
19,32,31,23,24,22,13,14,
263.000000,60.000000,0.170074,48138332.000000,0.989226,0,1
22,31,32,26,28,27,15,15,
279.000000,60.000000,0.169564,43452480.000000,0.907780,0,1
25,30,31,20,22,22,15,16,
286.000000,60.000000,0.169973,50974512.000000,0.877965,0,1
26,33,32,22,23,21,14,16,
291.000000,60.000000,0.169843,48648524.000000,0.853569,0,1
26,31,33,20,21,19,13,17,
302.000000,60.000000,0.169410,37437784.000000,0.799940,0,1
26,32,31,16,17,17,13,17,
304.000000,60.000000,0.169340,46327636.000000,0.792110,0,1
29,31,32,17,17,17,13,17,
312.000000,60.000000,0.169546,47191312.000000,0.756419,0,1
30,29,29,17,17,17,13,17,
324.000000,60.000000,0.169388,37474200.000000,0.703877,0,1
27,26,25,16,16,15,14,19,
180.000000,61.000000,0.170438,15416379.000000,1.414997,0,1
17,24,25,20,19,18,13,13,
199.000000,61.000000,0.170420,20722626.000000,1.315184,0,1
19,25,26,17,17,17,12,15,
201.000000,61.000000,0.170041,19918072.000000,1.300283,0,1
19,26,25,17,17,17,13,15,
215.000000,61.000000,0.170605,32477918.000000,1.234277,0,1
24,28,30,20,18,18,13,15,
220.000000,61.000000,0.172371,38757244.000000,1.227948,0,1
25,33,33,17,16,16,13,16,
239.000000,61.000000,0.170139,27962484.000000,1.106784,0,1
27,27,28,16,15,14,14,18,
245.000000,61.000000,0.169801,31557360.000000,1.073326,0,1
29,27,28,14,14,16,14,19,
155.000000,64.000000,0.166165,12712774.000000,1.483845,0,1
13,12,12,15,15,15,22,23,
163.000000,64.000000,0.165148,14251475.000000,1.429698,0,1
13,12,12,16,16,16,21,24,
173.000000,64.000000,0.166287,18829966.000000,1.393212,0,1
13,13,13,17,17,18,24,27,
567.000000,103.000000,0.166358,11268226.000000,0.878684,0,1
64,60,58,52,52,52,71,81,
564.000000,106.000000,0.167442,37158048.000000,0.866408,0,1
69,82,80,53,51,50,25,22,
539.000000,116.000000,0.220925,14737138.000000,0.655338,0,1
13,15,15,17,18,20,25,27,
87.000000,121.000000,0.071108,177734592.000000,1.397049,0,1
46,54,61,53,62,73,62,71,
79.000000,131.000000,0.071721,148039840.000000,0.609449,0,1
56,56,64,59,70,80,67,25,
624.000000,148.000000,0.106361,176818784.000000,0.413986,0,1
48,50,46,83,45,45,52,43,
694.000000,151.000000,0.123560,221923248.000000,1.434079,0,1
22,20,27,27,33,31,36,40,
696.000000,151.000000,0.125489,229648576.000000,1.441382,0,1
19,27,19,33,31,21,53,65,
43.000000,154.000000,0.029272,2063893632.000000,0.859048,0,1
27,34,37,51,74,70,100,84,
624.000000,156.000000,0.105810,157601648.000000,0.999485,0,1
39,49,38,74,39,37,49,37,
689.000000,156.000000,0.121549,352924352.000000,0.876749,0,1
46,59,38,75,50,68,100,132,
698.000000,157.000000,0.125874,457180032.000000,0.950043,0,1
106,113,103,107,80,62,70,52,
524.000000,162.000000,0.044870,155849952.000000,0.083904,0,1
253,190,254,40,175,254,42,42,
688.000000,162.000000,0.121154,526248480.000000,0.871180,0,1
58,75,51,117,82,63,99,117,
621.000000,169.000000,0.107708,100214384.000000,0.416453,0,1
42,69,58,51,56,36,43,43,
692.000000,170.000000,0.122628,416319200.000000,0.900731,0,1
101,96,99,75,85,84,71,60,
696.000000,170.000000,0.124853,305132352.000000,0.936371,0,1
98,91,89,84,76,70,63,65,
495.000000,181.000000,0.020798,13426195.000000,0.133187,0,1
13,17,23,15,30,43,16,15,
688.000000,184.000000,0.121165,782458368.000000,0.879719,0,1
72,88,58,95,74,51,88,77,
698.000000,188.000000,0.125434,267365760.000000,0.957384,0,1
50,65,55,52,54,56,64,56,
692.000000,193.000000,0.122823,724308480.000000,0.914135,0,1
58,80,49,80,66,51,79,73,
696.000000,193.000000,0.124132,366935296.000000,0.940299,0,1
42,53,49,51,54,62,62,73,
696.000000,200.000000,0.123561,195722976.000000,0.939189,0,1
63,49,67,57,59,64,54,65,
694.000000,201.000000,0.123470,231660640.000000,0.932477,0,1
53,69,49,77,63,58,78,79,
688.000000,212.000000,0.122247,66369928.000000,0.909553,0,1
83,75,83,63,70,86,65,68,
697.000000,214.000000,0.125667,26770324.000000,0.975431,0,1
82,77,79,66,72,78,62,65,
703.000000,217.000000,0.126456,217738768.000000,1.006419,0,1
72,73,61,73,57,54,73,63,
695.000000,221.000000,0.122286,298904864.000000,0.940316,0,1
75,73,72,73,62,67,55,43,
693.000000,224.000000,0.122529,359107552.000000,0.939356,0,1
70,75,49,71,63,42,70,68,
569.000000,225.000000,0.103393,10337376.000000,0.838302,0,1
28,27,28,21,23,26,17,16,
696.000000,225.000000,0.124514,157371216.000000,0.970728,0,1
52,42,58,66,63,64,67,62,
535.000000,269.000000,0.130388,12456982.000000,0.954946,0,1
30,25,30,18,21,29,15,14,
517.000000,289.000000,0.060829,110503816.000000,0.422343,0,1
40,33,30,26,26,27,23,21,
536.000000,293.000000,0.158574,4969780.500000,1.136516,0,1
25,18,25,14,19,24,15,14,
180.000000,111.000000,0.170155,10516635.000000,1.351958,0,1
23,31,32,26,26,26,14,13,
597.000000,106.000000,0.168970,50947096.000000,0.660917,0,1
99,83,81,42,41,38,24,21,
586.000000,106.000000,0.167967,48855748.000000,0.873334,0,1
92,91,84,43,44,44,25,25,
161.000000,112.000000,0.170546,10885921.000000,1.461327,0,1
31,27,26,16,16,16,14,12,
182.000000,112.000000,0.171003,10169023.000000,1.349935,0,1
32,26,25,14,14,14,13,12,
191.000000,112.000000,0.170262,7194080.000000,1.290726,0,1
34,21,21,12,12,12,11,11,
184.000000,291.000000,0.158178,1515602.000000,1.388134,0,1
20,20,14,18,10,8,9,7,
528.000000,166.000000,0.047669,421847680.000000,0.155012,0,1
255,133,255,46,120,255,54,60,
643.000000,105.000000,0.169826,69988928.000000,1.184673,0,1
66,73,70,44,41,39,20,18,
664.000000,105.000000,0.169015,44277348.000000,1.284125,0,1
61,56,54,28,28,29,17,16,
400.000000,62.000000,0.165981,39468984.000000,0.615109,0,1
9,12,12,18,17,17,24,24,
188.000000,64.000000,0.166234,34041492.000000,1.845166,0,1
13,14,14,19,19,19,24,26,
206.000000,64.000000,0.166074,47462012.000000,1.714871,0,1
13,15,15,21,22,22,27,29,
210.000000,64.000000,0.166153,36788632.000000,1.688182,0,1
12,15,15,22,21,21,28,28,
218.000000,64.000000,0.166063,38728528.000000,1.631646,0,1
13,15,16,23,23,23,27,27,
255.000000,64.000000,0.166342,63458616.000000,1.380778,0,1
15,21,20,28,28,29,33,33,
261.000000,64.000000,0.166387,66070376.000000,1.340999,0,1
15,21,21,29,30,31,32,34,
264.000000,64.000000,0.166265,66886812.000000,1.319228,0,1
15,21,22,30,32,32,32,34,
275.000000,64.000000,0.166648,57929236.000000,1.251301,0,1
16,23,23,30,29,30,32,33,
310.000000,64.000000,0.166885,42580380.000000,1.030592,0,1
17,25,26,31,30,30,32,33,
320.000000,64.000000,0.167126,39259744.000000,0.972460,0,1
18,25,26,29,29,29,29,30,
338.000000,64.000000,0.166821,33207680.000000,0.866282,0,1
18,27,28,29,28,29,31,32,
397.000000,65.000000,0.165505,20220456.000000,0.599125,0,1
24,24,26,18,18,25,15,14,
524.000000,72.000000,0.170530,1967200.000000,0.914479,0,1
35,35,36,37,37,36,38,39,
632.000000,103.000000,0.166906,767713152.000000,1.516494,0,1
49,42,31,68,53,31,73,32,
632.000000,104.000000,0.167101,997801024.000000,1.518331,0,1
37,65,38,77,59,30,40,19,
621.000000,105.000000,0.167926,374862848.000000,1.452158,0,1
68,68,82,48,53,52,28,20,
575.000000,106.000000,0.167196,155190816.000000,0.932496,0,1
82,85,89,45,45,44,26,23,
206.000000,109.000000,0.168307,88158416.000000,1.672512,0,1
16,14,15,18,25,27,25,19,
110.000000,119.000000,0.071260,285130496.000000,0.724550,0,1
10,14,13,21,18,14,75,152,
110.000000,120.000000,0.072512,660502784.000000,0.562415,0,1
13,20,16,60,78,29,138,165,
55.000000,144.000000,0.028455,4388248576.000000,0.293015,0,1
74,184,96,221,156,64,150,139,
270.000000,144.000000,0.018926,124005312.000000,0.225243,0,1
18,24,14,41,23,27,43,43,
681.000000,151.000000,0.118686,942949824.000000,1.081741,0,1
36,51,38,78,75,38,110,131,
683.000000,157.000000,0.118847,4550737920.000000,1.093408,0,1
102,137,67,149,112,62,138,114,
520.000000,159.000000,0.043806,111452720.000000,0.096467,0,1
254,106,255,36,93,254,36,34,
683.000000,163.000000,0.119147,794572480.000000,1.099172,0,1
122,139,119,134,125,98,94,96,
685.000000,171.000000,0.120100,621732800.000000,1.123528,0,1
73,86,83,104,105,78,117,111,
622.000000,181.000000,0.108062,439815936.000000,1.007730,0,1
46,40,27,57,48,24,56,49,
678.000000,184.000000,0.115789,1323087232.000000,1.046032,0,1
71,49,80,35,61,86,46,57,
684.000000,186.000000,0.118722,1002112064.000000,1.109931,0,1
87,65,93,66,83,92,88,93,
681.000000,194.000000,0.116801,422519424.000000,1.078574,0,1
72,61,79,52,66,79,58,64,
594.000000,200.000000,0.087294,550004672.000000,0.805131,0,1
31,39,20,38,28,16,31,25,
685.000000,201.000000,0.117476,102304960.000000,1.109617,0,1
80,75,83,67,74,74,63,61,
680.000000,211.000000,0.117725,413551360.000000,1.103183,0,1
59,45,62,34,50,64,31,56,
679.000000,213.000000,0.117967,339144832.000000,1.104704,0,1
36,36,46,52,50,62,56,57,
687.000000,218.000000,0.118852,165304736.000000,1.154508,0,1
77,75,77,70,68,79,62,55,
687.000000,225.000000,0.118763,169442752.000000,1.161940,0,1
74,67,71,59,59,66,45,43,
679.000000,226.000000,0.118240,184043680.000000,1.402434,0,1
35,38,43,48,47,51,51,50,
367.000000,235.000000,0.073038,1344078.875000,0.205494,0,1
17,21,18,25,26,18,45,23,
530.000000,262.000000,0.049637,10424433.000000,0.564523,0,1
40,37,38,31,33,31,30,29,
537.000000,270.000000,0.115511,392159.218750,0.962342,0,1
31,26,29,16,21,23,15,19,
100.000000,132.000000,0.072506,48067048.000000,0.745059,0,1
104,97,95,45,45,44,22,20,
215.000000,111.000000,0.170696,30585308.000000,1.642568,0,1
29,31,31,19,19,19,12,12,
217.000000,111.000000,0.170583,32175468.000000,1.625194,0,1
30,31,31,19,19,18,12,12,
216.000000,112.000000,0.171338,16354319.000000,1.644596,0,1
31,19,19,12,12,11,12,12,
625.000000,105.000000,0.168234,255558784.000000,1.485142,0,1
75,84,84,52,53,50,26,21,
512.000000,151.000000,0.042701,280756416.000000,0.084749,0,1
255,200,255,41,203,255,50,46,
103.000000,119.000000,0.076349,53091904.000000,0.788239,0,1
12,19,20,28,28,27,60,101,
398.000000,78.000000,0.168587,26454476.000000,0.728575,0,1
21,16,25,13,19,25,15,22,
398.000000,80.000000,0.168445,26494074.000000,0.709995,0,1
19,15,25,13,22,24,13,16,
466.000000,123.000000,0.078595,18981370.000000,0.178191,0,1
37,48,31,49,37,36,39,34,
110.000000,131.000000,0.072609,4560126976.000000,0.901663,0,1
114,116,83,86,86,49,43,36,
119.000000,138.000000,0.073607,853025280.000000,1.287285,0,1
20,18,24,19,35,68,27,37,
673.000000,140.000000,0.114722,791973120.000000,1.276073,0,1
13,9,27,8,13,29,9,14,
670.000000,154.000000,0.111553,93899104.000000,1.251768,0,1
16,15,19,13,17,25,15,17,
673.000000,155.000000,0.114711,7520831488.000000,1.277573,0,1
39,25,93,19,42,107,24,41,
673.000000,174.000000,0.114373,5708687360.000000,1.284585,0,1
32,20,71,17,33,84,20,35,
498.000000,175.000000,0.020579,17345696.000000,0.202142,0,1
21,31,27,37,39,30,46,33,
673.000000,176.000000,0.114368,5718310400.000000,1.285698,0,1
33,20,71,16,35,81,19,36,
438.000000,178.000000,0.032328,10188815.000000,0.092196,0,1
20,37,18,35,32,18,19,16,
584.000000,179.000000,0.045571,519603936.000000,0.210981,0,1
82,122,79,243,122,79,248,238,
527.000000,200.000000,0.045937,32697928.000000,0.351847,0,1
45,46,53,36,42,51,33,37,
621.000000,202.000000,0.105789,247639712.000000,1.030281,0,1
54,52,44,37,42,28,27,36,
660.000000,204.000000,0.114963,336001184.000000,1.258219,0,1
21,27,17,28,22,15,25,21,
673.000000,207.000000,0.114702,1170809344.000000,1.319286,0,1
21,13,35,10,22,36,14,23,
673.000000,218.000000,0.114873,1300625920.000000,1.338277,0,1
31,14,40,11,32,43,12,33,
352.000000,238.000000,0.075060,12444942.000000,0.550706,0,1
22,25,24,34,28,27,36,34,
667.000000,239.000000,0.112062,260427648.000000,1.349469,0,1
15,15,14,17,18,14,30,47,
663.000000,240.000000,0.112282,624729216.000000,1.331184,0,1
15,17,17,33,31,29,50,47,
667.000000,240.000000,0.111936,441709504.000000,1.341711,0,1
15,18,17,29,31,20,46,37,
673.000000,247.000000,0.115003,84301408.000000,1.393433,0,1
27,27,32,17,26,34,16,16,
110.000000,136.000000,0.072506,1483313792.000000,0.899632,0,1
35,23,48,21,32,44,22,28,
112.000000,128.000000,0.072644,14084268032.000000,0.896747,0,1
52,88,26,120,51,26,83,51,
112.000000,123.000000,0.072792,11648160768.000000,0.721194,0,1
52,121,28,155,55,23,103,52,
251.000000,110.000000,0.169363,92671096.000000,1.874753,0,1
27,37,38,27,27,27,15,12,
240.000000,112.000000,0.170672,29809480.000000,2.018832,0,1
30,14,15,12,12,12,9,10,
53.000000,142.000000,0.028367,3095292416.000000,0.355790,0,1
20,31,27,74,95,74,176,221,
402.000000,88.000000,0.165362,25675688.000000,0.773557,0,1
24,21,28,19,26,30,25,29,
541.000000,106.000000,0.168788,258551744.000000,1.230180,0,1
46,69,65,55,56,45,26,18,
552.000000,106.000000,0.168646,1003661568.000000,1.334309,0,1
48,66,79,41,58,60,31,25,
277.000000,110.000000,0.170031,187788912.000000,2.130097,0,1
30,41,40,26,27,26,13,13,
283.000000,110.000000,0.170333,253668976.000000,2.056010,0,1
30,40,41,25,25,27,13,13,
656.000000,126.000000,0.113494,1103597056.000000,1.414362,0,1
27,31,21,39,26,16,31,26,
626.000000,127.000000,0.109569,8772027392.000000,0.970366,0,1
61,69,103,62,141,164,106,204,
649.000000,127.000000,0.113179,551094016.000000,1.365478,0,1
43,32,30,29,37,29,46,49,
656.000000,128.000000,0.113484,1213470720.000000,1.413206,0,1
26,31,20,42,26,16,31,27,
648.000000,131.000000,0.112947,1523813504.000000,1.353478,0,1
48,32,48,24,41,34,25,17,
574.000000,133.000000,0.028373,344096032.000000,0.137452,0,1
149,128,157,134,146,141,131,144,
129.000000,134.000000,0.073909,376197056.000000,0.868102,0,1
11,11,12,14,20,14,23,14,
122.000000,138.000000,0.073844,1361889152.000000,1.272105,0,1
19,25,21,55,50,20,39,40,
491.000000,157.000000,0.033329,10355754.000000,0.158776,0,1
14,43,17,44,34,14,42,44,
128.000000,160.000000,0.072298,884953792.000000,1.233823,0,1
19,28,16,35,19,15,28,19,
127.000000,168.000000,0.072528,336749760.000000,1.247801,0,1
26,31,19,31,26,15,30,26,
643.000000,168.000000,0.116004,416972608.000000,1.390816,0,1
39,36,24,36,28,20,33,27,
495.000000,175.000000,0.017837,16598392.000000,0.170986,0,1
19,20,26,19,26,45,20,20,
583.000000,179.000000,0.046339,836592640.000000,0.258655,0,1
89,184,90,255,189,91,255,250,
650.000000,179.000000,0.115221,672886848.000000,1.427777,0,1
31,36,32,35,47,30,49,42,
656.000000,183.000000,0.116106,939398848.000000,1.487160,0,1
32,40,27,47,32,25,39,30,
656.000000,184.000000,0.116154,811517376.000000,1.489316,0,1
31,41,27,47,30,24,37,28,
647.000000,186.000000,0.114607,227738368.000000,1.405182,0,1
32,25,32,22,31,34,23,23,
646.000000,212.000000,0.114365,30446220.000000,1.437283,0,1
27,27,26,23,23,23,18,16,
656.000000,212.000000,0.113281,31192860.000000,1.470141,0,1
27,27,27,23,23,23,18,16,
199.000000,229.000000,0.126963,381250816.000000,1.886343,0,1
15,10,20,10,16,23,9,12,
598.000000,229.000000,0.095200,318475168.000000,0.915759,0,1
50,47,66,28,50,39,23,24,
600.000000,229.000000,0.094688,514391008.000000,0.929784,0,1
34,66,24,50,39,22,51,29,
647.000000,239.000000,0.112523,389245088.000000,1.461198,0,1
15,15,16,16,16,16,27,49,
661.000000,239.000000,0.112593,623979712.000000,1.539221,0,1
14,15,15,16,17,17,32,49,
651.000000,240.000000,0.112460,1121065344.000000,1.484070,0,1
15,16,17,29,31,33,49,53,
192.000000,254.000000,0.113747,357303680.000000,1.670688,0,1
24,29,31,18,17,15,13,12,
527.000000,281.000000,0.062964,43231692.000000,0.666027,0,1
27,22,27,18,22,26,17,16,
127.000000,152.000000,0.072385,2324371968.000000,1.233938,0,1
26,41,17,50,27,16,41,28,
126.000000,144.000000,0.072480,3340041984.000000,1.237934,0,1
39,55,23,58,40,14,56,40,
262.000000,110.000000,0.169778,147098064.000000,2.329832,0,1
28,37,38,26,27,26,14,12,
267.000000,110.000000,0.169808,196871472.000000,2.261540,0,1
29,39,37,26,26,24,14,12,
264.000000,112.000000,0.170275,54676424.000000,2.312920,0,1
26,14,14,12,12,12,10,8,
530.000000,168.000000,0.050204,757411456.000000,0.189118,0,1
255,116,255,60,150,255,62,75,
221.000000,262.000000,0.131270,21266044.000000,1.951913,0,1
13,12,17,12,21,34,27,31,
392.000000,97.000000,0.166863,90524448.000000,0.990618,0,1
21,29,22,31,32,27,35,31,
295.000000,110.000000,0.169330,349213568.000000,2.473049,0,1
40,47,49,20,19,18,13,14,
284.000000,112.000000,0.170318,163890256.000000,2.707059,0,1
27,13,18,14,13,16,12,12,
607.000000,112.000000,0.101094,1958813440.000000,0.941518,0,1
43,43,93,63,199,249,209,255,
460.000000,122.000000,0.101641,652513024.000000,0.206502,0,1
83,202,59,252,148,42,233,135,
632.000000,128.000000,0.112684,4284677888.000000,1.253313,0,1
37,60,22,108,43,18,60,42,
639.000000,164.000000,0.113037,542338688.000000,1.555540,0,1
14,16,17,19,28,29,32,36,
637.000000,168.000000,0.112979,1019550784.000000,1.543272,0,1
22,15,30,15,22,35,16,21,
637.000000,176.000000,0.113039,656031040.000000,1.553174,0,1
21,16,27,15,21,30,16,21,
609.000000,223.000000,0.096189,1639593728.000000,0.959007,0,1
38,22,62,21,37,67,21,33,
396.000000,236.000000,0.100876,2035618.000000,0.512502,0,1
10,11,10,12,12,12,13,15,
634.000000,239.000000,0.112627,947618048.000000,1.659738,0,1
15,16,16,16,16,16,26,53,
640.000000,240.000000,0.112442,1274053504.000000,1.696579,0,1
16,17,17,24,24,23,54,53,
504.000000,244.000000,0.045424,23234458.000000,0.461872,0,1
20,19,22,20,26,20,28,31,
200.000000,150.000000,0.017713,4846561280.000000,0.188081,0,1
26,45,24,102,28,23,41,25,
511.000000,152.000000,0.042492,777014016.000000,0.142507,0,1
200,41,203,26,50,216,31,32,
642.000000,164.000000,0.113996,40054924.000000,1.600269,0,1
14,17,17,29,28,27,42,41,
530.000000,106.000000,0.167597,2251240704.000000,2.319926,0,1
38,42,53,41,47,55,27,22,
374.000000,107.000000,0.169422,800929152.000000,1.461497,0,1
21,23,19,40,28,19,41,24,
465.000000,107.000000,0.171119,692225152.000000,1.188097,0,1
26,29,49,30,43,48,26,27,
472.000000,107.000000,0.168262,2595853056.000000,1.579567,0,1
33,54,53,48,46,46,23,20,
483.000000,107.000000,0.168224,2116569472.000000,1.823609,0,1
36,51,49,38,38,35,20,19,
495.000000,107.000000,0.168101,2417684992.000000,2.101668,0,1
44,53,55,33,33,34,19,18,
510.000000,107.000000,0.168326,3283841280.000000,2.482076,0,1
52,68,69,30,32,33,20,20,
512.000000,107.000000,0.168363,3666640384.000000,2.534257,0,1
54,69,68,32,33,32,20,23,
313.000000,108.000000,0.168543,344861856.000000,2.711960,0,1
22,25,25,45,43,41,36,16,
381.000000,108.000000,0.169007,533421280.000000,1.689958,0,1
22,25,35,24,31,37,17,13,
392.000000,108.000000,0.168264,2246275072.000000,1.417462,0,1
28,41,39,34,33,32,19,15,
407.000000,108.000000,0.168326,1550319872.000000,1.145780,0,1
29,33,39,23,28,30,18,16,
434.000000,108.000000,0.168522,2653002240.000000,0.991385,0,1
37,43,43,26,26,25,19,19,
447.000000,108.000000,0.168608,4080370688.000000,1.114288,0,1
47,53,58,29,30,30,22,23,
452.000000,108.000000,0.168737,3473935104.000000,1.191370,0,1
54,58,59,31,31,29,23,26,
307.000000,109.000000,0.169010,419068928.000000,2.859568,0,1
22,47,44,44,39,38,16,13,
323.000000,109.000000,0.168793,625246208.000000,2.491683,0,1
30,42,41,30,31,30,15,13,
343.000000,109.000000,0.168835,1939503104.000000,2.659058,0,1
35,47,52,28,32,31,15,13,
345.000000,109.000000,0.168885,2003163904.000000,2.606945,0,1
36,52,44,32,31,28,15,13,
355.000000,109.000000,0.168983,1960730880.000000,2.339802,0,1
36,44,43,25,28,27,14,14,
384.000000,109.000000,0.169118,2015663104.000000,1.606058,0,1
46,37,38,20,22,20,14,14,
412.000000,110.000000,0.160218,935085120.000000,0.859622,0,1
29,21,26,20,36,44,34,45,
418.000000,111.000000,0.160298,340929152.000000,0.784499,0,1
21,35,20,50,31,20,42,30,
607.000000,111.000000,0.101992,8950062080.000000,1.441054,0,1
36,36,65,33,59,115,132,252,
415.000000,113.000000,0.158567,624422144.000000,0.738556,0,1
57,59,50,47,50,39,35,29,
417.000000,113.000000,0.159344,579437376.000000,0.732727,0,1
42,50,31,50,39,23,33,25,
489.000000,114.000000,0.074337,125262392.000000,0.323598,0,1
22,28,23,36,32,24,39,39,
459.000000,116.000000,0.102911,51093504.000000,0.334140,0,1
34,33,42,34,41,41,42,44,
471.000000,116.000000,0.077284,52390496.000000,0.233111,0,1
35,41,34,41,35,29,41,32,
509.000000,116.000000,0.074042,215244832.000000,0.406451,0,1
37,28,38,23,29,38,23,24,
551.000000,116.000000,0.084656,28319778.000000,0.733443,0,1
24,30,28,24,25,23,18,16,
521.000000,118.000000,0.073573,533041824.000000,0.453868,0,1
29,39,23,41,31,22,40,33,
447.000000,119.000000,0.103400,507428960.000000,0.250008,0,1
43,42,53,43,56,77,99,226,
473.000000,119.000000,0.074162,69518120.000000,0.243532,0,1
27,27,33,32,33,42,29,40,
512.000000,119.000000,0.074029,279091168.000000,0.415796,0,1
39,29,40,24,30,42,25,29,
448.000000,120.000000,0.101076,597489600.000000,0.238980,0,1
53,56,77,99,139,174,226,255,
521.000000,120.000000,0.073562,475130912.000000,0.451480,0,1
31,40,24,42,33,24,42,33,
607.000000,120.000000,0.101187,5736188928.000000,1.410535,0,1
255,217,246,46,78,66,33,33,
513.000000,121.000000,0.073721,280754048.000000,0.415371,0,1
38,26,41,26,37,43,34,33,
474.000000,123.000000,0.071815,77715680.000000,0.228623,0,1
45,39,45,29,42,45,30,30,
480.000000,123.000000,0.073961,92022192.000000,0.265217,0,1
42,44,32,36,40,31,30,29,
488.000000,123.000000,0.073339,106805536.000000,0.297344,0,1
38,30,43,28,35,32,27,27,
398.000000,124.000000,0.076161,13145291.000000,0.177454,0,1
20,21,20,23,24,24,31,33,
400.000000,124.000000,0.075883,8326198.000000,0.167995,0,1
20,20,19,24,24,19,30,31,
445.000000,125.000000,0.101695,547473472.000000,0.174493,0,1
140,58,237,42,113,255,45,62,
378.000000,126.000000,0.068259,13253640.000000,0.226323,0,1
17,17,17,17,17,17,17,19,
623.000000,127.000000,0.108454,5217824256.000000,1.734572,0,1
23,29,44,25,56,95,37,59,
632.000000,127.000000,0.112619,4780650496.000000,1.492117,0,1
25,51,21,104,42,17,61,43,
401.000000,128.000000,0.069635,67130856.000000,0.135211,0,1
24,32,19,40,33,27,58,59,
445.000000,128.000000,0.102266,643272128.000000,0.181219,0,1
89,42,161,38,47,95,47,52,
451.000000,128.000000,0.101814,651145664.000000,0.218701,0,1
255,234,218,123,118,100,73,63,
456.000000,128.000000,0.100877,545971904.000000,0.249366,0,1
255,218,204,97,90,76,68,60,
367.000000,129.000000,0.072204,102447656.000000,0.291648,0,1
17,17,18,32,35,36,71,60,
359.000000,130.000000,0.070602,177158608.000000,0.317080,0,1
16,22,26,42,52,58,40,45,
375.000000,130.000000,0.073446,115524048.000000,0.260443,0,1
19,39,34,69,61,58,56,36,
377.000000,130.000000,0.073413,98073584.000000,0.250924,0,1
19,34,40,61,58,67,43,31,
391.000000,130.000000,0.074078,67523344.000000,0.188839,0,1
27,43,51,53,61,67,34,22,
413.000000,130.000000,0.073256,41929520.000000,0.110397,0,1
26,53,26,54,32,23,28,17,
470.000000,130.000000,0.074095,17229730.000000,0.210086,0,1
33,48,43,42,43,38,22,17,
480.000000,130.000000,0.073330,14468960.000000,0.252273,0,1
33,47,42,27,32,30,17,15,
496.000000,130.000000,0.070201,38283224.000000,0.305575,0,1
32,35,35,24,24,24,15,19,
395.000000,131.000000,0.073928,74021984.000000,0.168394,0,1
55,67,63,40,40,37,22,17,
438.000000,131.000000,0.076865,8652526.000000,0.125264,0,1
36,37,40,27,28,27,22,19,
553.000000,131.000000,0.032964,3280039424.000000,0.209841,0,1
63,165,89,247,149,94,253,254,
296.000000,134.000000,0.070632,781869376.000000,0.602427,0,1
26,19,16,11,25,11,9,8,
330.000000,134.000000,0.063178,24147166.000000,0.381136,0,1
22,18,30,19,17,33,11,11,
476.000000,135.000000,0.035805,113653328.000000,0.121141,0,1
14,15,13,27,20,12,31,27,
609.000000,135.000000,0.096476,10693015552.000000,1.302782,0,1
25,22,42,22,43,52,26,49,
620.000000,135.000000,0.099861,275735744.000000,1.465785,0,1
24,28,32,34,39,48,55,67,
632.000000,136.000000,0.113136,3735404288.000000,1.717219,0,1
39,46,21,48,36,16,44,35,
631.000000,137.000000,0.113166,1930230656.000000,1.709619,0,1
46,48,36,48,44,20,46,42,
230.000000,138.000000,0.046696,206712864.000000,0.569309,0,1
16,27,17,35,25,18,36,35,
423.000000,138.000000,0.019048,13820652.000000,0.006117,0,1
20,26,26,32,120,34,192,144,
594.000000,138.000000,0.042095,1138820352.000000,0.493802,0,1
30,48,22,52,30,19,47,30,
470.000000,139.000000,0.026211,86340000.000000,0.089556,0,1
21,26,33,41,51,96,35,27,
340.000000,140.000000,0.018990,308896416.000000,0.124847,0,1
10,12,10,26,49,10,77,88,
377.000000,140.000000,0.015813,177580880.000000,0.060200,0,1
32,40,37,73,103,108,101,96,
410.000000,140.000000,0.015957,48741328.000000,0.022456,0,1
21,25,47,66,97,139,34,109,
327.000000,141.000000,0.021722,100812632.000000,0.203560,0,1
31,27,28,29,39,31,48,56,
609.000000,141.000000,0.096303,18592720896.000000,1.297876,0,1
51,26,76,24,52,77,27,52,
455.000000,142.000000,0.012850,35661308.000000,0.031387,0,1
127,112,145,60,92,94,39,37,
192.000000,143.000000,0.020226,374318336.000000,0.234786,0,1
18,18,17,24,27,27,42,48,
261.000000,143.000000,0.018444,131773192.000000,0.248351,0,1
21,21,19,22,20,15,30,37,
617.000000,143.000000,0.099369,11066749952.000000,1.430022,0,1
82,81,50,78,46,31,77,45,
632.000000,144.000000,0.113000,2000303616.000000,1.712886,0,1
31,38,18,40,29,14,36,28,
225.000000,145.000000,0.045293,1526158208.000000,0.628349,0,1
19,13,27,16,18,32,12,18,
609.000000,145.000000,0.096258,18205085696.000000,1.297051,0,1
52,27,77,25,54,77,28,55,
320.000000,146.000000,0.016701,115315312.000000,0.148110,0,1
52,47,38,23,24,19,16,13,
455.000000,147.000000,0.016130,16909852.000000,0.045822,0,1
32,24,26,24,51,29,29,40,
139.000000,148.000000,0.021708,8389866496.000000,0.507297,0,1
153,173,177,135,119,47,58,30,
344.000000,148.000000,0.018723,204386832.000000,0.122204,0,1
23,16,36,15,25,39,16,18,
434.000000,148.000000,0.016039,12989406.000000,0.024171,0,1
22,37,28,52,29,25,42,36,
334.000000,149.000000,0.017937,128182976.000000,0.161336,0,1
41,40,46,28,45,51,22,29,
392.000000,149.000000,0.017061,43750564.000000,0.046534,0,1
45,51,28,45,50,25,33,28,
417.000000,149.000000,0.021297,15397536.000000,0.032626,0,1
27,46,31,27,28,34,16,15,
255.000000,150.000000,0.018931,113962576.000000,0.250070,0,1
21,20,22,16,19,22,12,11,
263.000000,150.000000,0.019697,406257984.000000,0.207717,0,1
31,32,29,35,36,30,39,21,
381.000000,151.000000,0.017773,147334064.000000,0.060507,0,1
57,31,48,23,45,84,26,33,
409.000000,151.000000,0.018102,34857532.000000,0.037525,0,1
26,63,35,115,115,93,127,87,
85.000000,152.000000,0.026708,1285549568.000000,0.693721,0,1
31,24,37,20,30,41,24,28,
386.000000,152.000000,0.018228,112827880.000000,0.060153,0,1
48,49,92,49,57,73,24,23,
421.000000,152.000000,0.016352,4227783.000000,0.024642,0,1
22,17,29,14,23,26,17,18,
424.000000,152.000000,0.016329,3520291.500000,0.026987,0,1
35,27,30,30,20,20,22,18,
434.000000,152.000000,0.018338,1450811.750000,0.034365,0,1
36,25,30,22,25,21,21,19,
452.000000,152.000000,0.015495,22283190.000000,0.039591,0,1
36,24,53,23,33,36,22,25,
472.000000,152.000000,0.022173,19095878.000000,0.080382,0,1
66,45,52,29,30,31,26,24,
587.000000,152.000000,0.043757,485840256.000000,0.373043,0,1
91,60,80,27,42,65,23,19,
632.000000,152.000000,0.112907,976984768.000000,1.712378,0,1
27,32,17,34,26,14,31,25,
315.000000,153.000000,0.016089,227528928.000000,0.180661,0,1
15,19,40,13,32,59,15,18,
609.000000,153.000000,0.096194,16861221888.000000,1.297852,0,1
51,26,74,23,50,72,25,47,
487.000000,156.000000,0.029060,36247820.000000,0.119003,0,1
11,12,14,15,22,40,25,30,
305.000000,159.000000,0.026137,312310528.000000,0.236552,0,1
14,24,11,31,21,11,34,18,
324.000000,160.000000,0.023914,217320448.000000,0.190182,0,1
28,22,38,23,31,46,22,25,
494.000000,160.000000,0.038584,140674256.000000,0.182305,0,1
14,34,14,43,29,13,35,31,
617.000000,160.000000,0.099138,12047537152.000000,1.430844,0,1
36,63,27,66,35,30,62,34,
496.000000,162.000000,0.039707,67053540.000000,0.201396,0,1
13,22,13,31,19,14,30,30,
312.000000,165.000000,0.026653,162111408.000000,0.262918,0,1
20,16,26,12,23,28,14,20,
477.000000,166.000000,0.031948,18698770.000000,0.138675,0,1
23,31,17,34,26,20,32,27,
469.000000,167.000000,0.026209,13358218.000000,0.104210,0,1
19,22,20,31,27,30,37,40,
485.000000,167.000000,0.032488,29182098.000000,0.150189,0,1
30,22,38,25,32,39,24,28,
519.000000,167.000000,0.048860,121174192.000000,0.314799,0,1
33,24,37,19,26,41,20,21,
312.000000,168.000000,0.026426,115148896.000000,0.276390,0,1
22,14,25,10,20,27,13,15,
377.000000,168.000000,0.028472,4805729.500000,0.146126,0,1
25,30,39,31,33,27,25,26,
615.000000,168.000000,0.097451,392133024.000000,1.381226,0,1
61,59,62,58,57,62,55,48,
446.000000,170.000000,0.030374,5949166.000000,0.130889,0,1
43,39,40,32,34,35,29,27,
586.000000,170.000000,0.043073,987484736.000000,0.338789,0,1
16,50,19,90,59,25,107,115,
455.000000,172.000000,0.032790,9270454.000000,0.159158,0,1
37,34,32,29,29,28,24,22,
466.000000,175.000000,0.036001,38178984.000000,0.142568,0,1
22,21,20,27,27,28,44,50,
472.000000,175.000000,0.034030,7237172.500000,0.137901,0,1
21,20,19,28,24,21,35,33,
310.000000,176.000000,0.030568,12968975.000000,0.233122,0,1
25,23,24,20,20,21,14,13,
465.000000,176.000000,0.036657,46993848.000000,0.149676,0,1
21,27,27,42,44,44,49,52,
391.000000,177.000000,0.033963,22039412.000000,0.123748,0,1
25,28,22,33,38,19,42,25,
392.000000,177.000000,0.033767,11876782.000000,0.113906,0,1
23,26,20,43,25,18,33,24,
410.000000,178.000000,0.025707,8178962.000000,0.059320,0,1
17,16,22,13,28,33,13,12,
461.000000,178.000000,0.034783,20574006.000000,0.133225,0,1
39,37,45,36,36,49,34,34,
360.000000,179.000000,0.037949,10958736.000000,0.215793,0,1
25,31,26,32,23,19,18,15,
359.000000,180.000000,0.037949,7126288.000000,0.229494,0,1
31,32,23,27,18,17,15,15,
322.000000,182.000000,0.023600,7746580.000000,0.237281,0,1
23,24,18,28,22,16,20,15,
497.000000,184.000000,0.041612,94092280.000000,0.184245,0,1
36,23,35,11,21,19,18,19,
478.000000,192.000000,0.051845,11062395.000000,0.227198,0,1
19,18,15,22,20,18,25,26,
496.000000,193.000000,0.051768,31967936.000000,0.247744,0,1
12,14,15,17,22,25,21,23,
494.000000,194.000000,0.034275,10194121.000000,0.147541,0,1
13,16,18,18,19,26,19,20,
523.000000,195.000000,0.052756,383232000.000000,0.370206,0,1
22,20,29,20,30,35,22,32,
323.000000,199.000000,0.060741,20152466.000000,0.438234,0,1
16,15,16,16,18,22,25,30,
609.000000,199.000000,0.095996,8759230464.000000,1.353959,0,1
39,27,69,23,42,66,28,43,
574.000000,200.000000,0.057581,246644608.000000,0.477743,0,1
73,51,46,42,40,37,37,35,
624.000000,201.000000,0.107089,4683987968.000000,1.773852,0,1
21,28,20,44,21,18,28,21,
609.000000,203.000000,0.096077,3263112704.000000,1.074335,0,1
43,29,76,25,44,68,27,43,
297.000000,204.000000,0.066148,7812972.000000,0.600377,0,1
9,7,11,9,12,19,14,17,
320.000000,204.000000,0.065152,21399676.000000,0.503511,0,1
31,34,29,36,27,23,22,23,
425.000000,207.000000,0.068389,24208096.000000,0.277419,0,1
17,21,13,25,19,14,23,20,
289.000000,208.000000,0.066963,18354476.000000,0.649193,0,1
6,9,12,17,19,21,22,24,
308.000000,208.000000,0.067296,22154992.000000,0.580529,0,1
18,21,23,23,26,34,29,37,
412.000000,208.000000,0.070599,40822900.000000,0.303608,0,1
25,26,27,23,25,24,20,19,
280.000000,209.000000,0.069134,50592364.000000,0.718171,0,1
6,5,7,11,14,18,19,26,
229.000000,210.000000,0.069391,66592052.000000,0.940134,0,1
6,8,9,13,13,13,19,22,
239.000000,210.000000,0.069418,71817240.000000,0.897444,0,1
6,9,9,14,14,14,19,25,
241.000000,210.000000,0.069436,75550992.000000,0.889170,0,1
6,9,8,14,14,13,20,26,
249.000000,210.000000,0.069041,72518160.000000,0.847878,0,1
6,8,7,14,14,13,19,23,
261.000000,210.000000,0.068752,54606228.000000,0.792542,0,1
5,8,9,14,15,15,21,21,
267.000000,210.000000,0.068739,51349268.000000,0.767430,0,1
5,10,10,16,16,17,22,20,
278.000000,210.000000,0.069101,60758252.000000,0.727730,0,1
5,13,11,17,19,20,24,23,
624.000000,210.000000,0.106759,3860132864.000000,1.787729,0,1
22,29,20,40,22,19,29,22,
199.000000,211.000000,0.069090,87288408.000000,1.066045,0,1
7,11,11,18,18,18,25,24,
207.000000,211.000000,0.069557,88049592.000000,1.041125,0,1
6,12,12,18,18,17,24,20,
301.000000,216.000000,0.074250,11295373.000000,0.719481,0,1
31,29,27,27,24,20,21,17,
623.000000,218.000000,0.106742,3215640320.000000,1.803339,0,1
26,38,21,45,25,20,39,24,
594.000000,223.000000,0.092226,325353472.000000,1.233590,0,1
16,16,15,16,24,17,32,48,
609.000000,224.000000,0.096168,1942492800.000000,1.120275,0,1
38,22,62,20,34,65,21,32,
440.000000,229.000000,0.091809,100429120.000000,0.589727,0,1
14,13,21,10,15,18,10,10,
368.000000,235.000000,0.095767,1175196416.000000,0.806104,0,1
16,19,17,34,21,17,32,20,
456.000000,236.000000,0.099317,68113080.000000,0.753414,0,1
10,11,11,14,14,13,15,15,
607.000000,236.000000,0.098192,112668792.000000,1.501203,0,1
28,26,30,16,21,31,15,15,
623.000000,236.000000,0.107153,563366144.000000,1.879185,0,1
18,25,16,33,27,16,38,53,
610.000000,237.000000,0.103502,16884740.000000,1.674064,0,1
37,31,38,17,31,37,17,22,
496.000000,239.000000,0.026562,14021067.000000,0.151452,0,1
26,21,27,17,23,28,17,17,
609.000000,241.000000,0.095629,61201972.000000,1.463055,0,1
20,18,25,16,21,28,18,23,
503.000000,249.000000,0.048514,13614474.000000,0.438536,0,1
29,23,22,17,22,28,17,19,
233.000000,255.000000,0.114131,758379136.000000,2.320780,0,1
26,15,25,14,32,39,35,38,
503.000000,261.000000,0.046795,24186444.000000,0.330355,0,1
18,19,19,27,23,22,29,31,
523.000000,277.000000,0.050711,84810904.000000,0.468278,0,1
32,26,31,26,26,28,23,20,
456.000000,148.000000,0.016447,32477552.000000,0.046110,0,1
26,51,29,29,40,44,40,55,
576.000000,146.000000,0.040330,1715635456.000000,0.314042,0,1
154,150,149,49,116,143,35,29,
571.000000,144.000000,0.039297,2013015680.000000,0.294106,0,1
210,154,198,40,90,169,33,29,
568.000000,142.000000,0.038049,1723575040.000000,0.277023,0,1
234,224,231,56,161,217,40,34,
432.000000,139.000000,0.019512,2666172.250000,0.013247,0,1
25,27,26,54,59,49,105,96,
424.000000,138.000000,0.020527,9430018.000000,0.005935,0,1
20,28,24,75,79,25,255,138,
556.000000,136.000000,0.035512,3557817344.000000,0.233817,0,1
247,238,255,79,183,255,50,39,
528.000000,135.000000,0.029842,2406072320.000000,0.225358,0,1
42,99,54,200,136,73,229,248,
564.000000,181.000000,0.048311,1383454208.000000,0.375749,0,1
74,110,78,244,126,92,253,242,
571.000000,177.000000,0.047007,1563465472.000000,0.377483,0,1
255,176,255,78,136,255,71,69,
569.000000,175.000000,0.046388,1903134208.000000,0.365237,0,1
255,198,255,84,200,255,82,78,
556.000000,175.000000,0.045788,2838268672.000000,0.328370,0,1
88,135,86,246,135,87,250,254,
576.000000,174.000000,0.045481,1982647808.000000,0.341765,0,1
104,137,101,233,145,99,252,255,
566.000000,173.000000,0.045279,1664998272.000000,0.346193,0,1
255,193,255,84,175,255,80,78,
557.000000,166.000000,0.042695,1386189696.000000,0.298876,0,1
255,225,255,119,196,254,105,98,
545.000000,166.000000,0.041847,1690852224.000000,0.265703,0,1
105,143,103,251,164,101,255,255,
575.000000,163.000000,0.040919,2502683648.000000,0.320600,0,1
21,68,26,137,81,32,153,166,
568.000000,159.000000,0.039906,2518373120.000000,0.295543,0,1
30,89,40,165,109,53,178,188,
560.000000,154.000000,0.037803,4344466432.000000,0.260419,0,1
38,105,47,185,117,58,192,199,
528.000000,151.000000,0.036507,872563968.000000,0.189762,0,1
185,198,182,249,211,171,251,247,
527.000000,151.000000,0.036991,1030554752.000000,0.190864,0,1
180,230,179,253,242,176,254,254,
552.000000,149.000000,0.035542,4149106944.000000,0.226915,0,1
37,119,47,229,136,61,241,248,
546.000000,145.000000,0.034008,3102606336.000000,0.204842,0,1
36,112,43,237,140,58,250,254,
274.000000,145.000000,0.034211,258993968.000000,0.276016,0,1
13,30,15,38,35,12,50,35,
543.000000,144.000000,0.033452,3032113664.000000,0.195839,0,1
58,175,82,252,209,112,255,255,
544.000000,143.000000,0.033442,2978523392.000000,0.197428,0,1
27,58,30,175,82,36,209,237,
542.000000,143.000000,0.033152,2870899712.000000,0.192096,0,1
43,136,58,244,175,82,252,255,
564.000000,136.000000,0.035352,3238150656.000000,0.246889,0,1
103,114,141,199,130,175,217,244,
528.000000,136.000000,0.030120,2278187776.000000,0.151240,0,1
73,169,102,248,203,135,255,255,
527.000000,136.000000,0.029971,2036855424.000000,0.148890,0,1
99,200,136,255,229,175,255,255,
521.000000,132.000000,0.028211,1565348864.000000,0.126342,0,1
56,146,76,246,176,102,255,255,
523.000000,185.000000,0.051818,1557022464.000000,0.303897,0,1
53,31,76,26,53,81,28,31,
551.000000,179.000000,0.047315,1437833600.000000,0.332621,0,1
255,249,255,205,200,255,193,197,
559.000000,178.000000,0.047163,2472330752.000000,0.350162,0,1
86,154,85,254,165,88,255,255,
546.000000,159.000000,0.040215,807519360.000000,0.252666,0,1
255,225,255,155,199,249,141,131,
536.000000,159.000000,0.040112,1371372416.000000,0.231185,0,1
142,170,140,254,177,133,255,255,
516.000000,155.000000,0.043476,1238522368.000000,0.207930,0,1
255,201,255,44,164,252,40,40,
556.000000,152.000000,0.036502,4093444352.000000,0.242019,0,1
52,139,67,228,153,86,237,243,
530.000000,152.000000,0.037781,2250210048.000000,0.201755,0,1
191,176,178,243,170,169,228,198,
339.000000,148.000000,0.018426,233806976.000000,0.079076,0,1
39,50,35,54,47,18,67,35,
317.000000,142.000000,0.018166,569215680.000000,0.097111,0,1
26,21,38,15,28,51,19,29,
248.000000,246.000000,0.107598,54660596.000000,1.902557,0,1
16,19,32,20,37,40,42,44,
508.000000,180.000000,0.046025,548942592.000000,0.222193,0,1
31,47,23,48,33,19,39,24,
500.000000,180.000000,0.044300,361421696.000000,0.194823,0,1
29,21,39,25,33,52,24,27,
329.000000,143.000000,0.022079,532866368.000000,0.107168,0,1
31,53,21,56,28,24,52,30,
386.000000,150.000000,0.017969,104854192.000000,0.036665,0,1
43,38,59,42,48,55,49,57,
507.000000,173.000000,0.047596,616566592.000000,0.222130,0,1
33,41,24,48,40,19,49,45,
249.000000,249.000000,0.110355,73245904.000000,2.003955,0,1
42,44,39,44,31,18,25,16,
523.000000,183.000000,0.051825,1940828928.000000,0.301599,0,1
52,33,71,30,53,79,31,53,
359.000000,144.000000,0.015921,404733440.000000,0.052161,0,1
50,56,33,63,47,21,45,35,
360.000000,144.000000,0.016340,376935488.000000,0.052860,0,1
34,47,23,58,31,18,35,27,
370.000000,152.000000,0.023116,85469784.000000,0.066708,0,1
37,22,37,49,34,31,42,35,
307.000000,130.000000,0.073407,5437662.500000,0.585518,0,1
14,12,13,17,17,17,23,22,
491.000000,130.000000,0.073612,12259815.000000,0.304366,0,1
31,38,37,27,24,23,15,18,
317.000000,130.000000,0.073304,11412286.000000,0.535980,0,1
14,14,14,20,22,23,29,25,
406.000000,150.000000,0.016062,136129248.000000,0.024205,0,1
23,22,42,20,53,63,61,93,
