# timestamp
1608635121424781312

# fx, fy, cx, cy, width, height, npoints
501.476288,501.475861,421.800598,167.658859,800,400,543

# camToWorld: translation vector, rotation quaternion
-9.449228,67.947796,2.978745,-0.668077,0.004314,0.008026,0.744037

# Exposure time (ms)
4.048947

# Point Cloud Data : 
# u,v,idepth_scaled,idepth_hessian,maxRelBaseline,numGoodRes,status 
# color information 
725.000000,280.000000,0.113156,36580776.000000,1.135189,0,1
24,39,20,41,29,16,40,31,
720.000000,52.000000,0.307949,9236820.000000,2.246325,0,1
13,14,12,15,13,11,14,13,
732.000000,148.000000,0.159216,8863898.000000,0.288067,0,1
48,33,37,31,39,60,42,38,
745.000000,152.000000,0.163693,201351856.000000,1.383474,0,1
21,25,32,39,50,62,70,88,
734.000000,191.000000,0.282229,447627.656250,0.578505,0,1
15,16,14,25,26,25,29,18,
749.000000,235.000000,0.144809,347465248.000000,1.906718,0,1
38,40,30,44,38,27,42,37,
706.000000,240.000000,0.230896,13110907.000000,0.458724,0,1
114,71,58,31,36,37,30,47,
132.000000,266.000000,0.299056,184943488.000000,2.158580,0,1
22,15,32,13,24,40,16,24,
160.000000,66.000000,0.301101,10570257.000000,2.080133,0,1
4,3,6,3,4,9,3,5,
312.000000,76.000000,0.296574,181077.421875,0.975586,0,1
3,3,3,4,4,4,5,7,
502.000000,82.000000,0.236029,260103.062500,0.702861,0,1
11,13,15,9,9,9,6,6,
504.000000,82.000000,0.237528,250387.562500,0.717405,0,1
12,15,13,9,9,9,6,6,
324.000000,84.000000,0.328391,343141.406250,0.811420,0,1
11,8,8,5,6,6,5,4,
712.000000,87.000000,0.046179,4518113792.000000,0.706696,0,1
40,55,42,86,48,45,65,55,
640.000000,119.000000,0.034743,4236515840.000000,0.421378,0,1
60,85,53,100,77,52,101,90,
640.000000,122.000000,0.034981,5330675200.000000,0.423179,0,1
84,107,66,121,98,62,118,108,
726.000000,156.000000,0.154937,15918763.000000,0.611391,0,1
20,27,35,44,54,65,71,84,
717.000000,158.000000,0.149970,20544046.000000,0.570972,0,1
21,29,38,45,56,69,73,87,
677.000000,186.000000,0.233835,49169348.000000,0.869390,0,1
23,20,36,15,23,40,17,19,
681.000000,187.000000,0.233153,48599676.000000,0.879199,0,1
22,34,17,39,24,17,33,24,
678.000000,195.000000,0.233866,55521968.000000,0.877599,0,1
28,18,35,16,26,36,17,24,
681.000000,195.000000,0.232256,55728856.000000,0.938485,0,1
28,36,19,34,29,16,35,29,
559.000000,196.000000,0.067027,504250304.000000,0.347328,0,1
132,122,118,84,73,49,29,17,
463.000000,200.000000,0.041262,390210496.000000,0.109560,0,1
30,39,39,97,109,120,163,196,
681.000000,200.000000,0.233148,50831108.000000,0.944081,0,1
31,35,21,31,32,17,38,33,
679.000000,205.000000,0.234079,72239520.000000,0.945449,0,1
27,20,36,16,27,33,19,26,
679.000000,213.000000,0.234488,67974528.000000,0.953596,0,1
22,15,31,12,21,34,16,17,
726.000000,215.000000,0.132323,14485688.000000,0.522610,0,1
23,17,27,13,24,29,20,29,
680.000000,223.000000,0.235010,109876512.000000,1.400655,0,1
25,18,32,14,24,32,17,22,
680.000000,224.000000,0.235098,103283904.000000,1.402257,0,1
25,17,31,14,23,32,17,22,
728.000000,231.000000,0.135234,444973056.000000,1.738193,0,1
44,35,45,22,43,39,29,38,
677.000000,240.000000,0.234267,48699240.000000,0.914794,0,1
20,37,25,37,33,19,27,25,
623.000000,260.000000,0.087118,8119796.000000,0.396407,0,1
32,39,23,41,35,23,41,37,
686.000000,263.000000,0.233381,173173872.000000,0.966623,0,1
41,42,57,34,59,92,29,33,
454.000000,283.000000,0.088253,636678336.000000,0.540256,0,1
99,102,107,89,95,98,81,76,
690.000000,286.000000,0.232844,37023052.000000,1.859508,0,1
44,43,55,40,57,63,54,48,
687.000000,288.000000,0.241170,144863552.000000,2.054608,0,1
38,34,48,23,37,47,27,32,
691.000000,288.000000,0.230994,78098088.000000,1.576296,0,1
64,63,61,47,45,40,43,36,
287.000000,291.000000,0.119799,9528909.000000,0.916321,0,1
36,35,35,29,29,28,25,21,
372.000000,76.000000,0.290659,109256.226562,0.766435,0,1
4,4,4,5,5,5,7,8,
421.000000,79.000000,0.302023,2078597.500000,0.662479,0,1
9,10,9,14,11,9,17,12,
421.000000,80.000000,0.305579,2077188.750000,0.668125,0,1
9,16,9,14,13,9,15,11,
412.000000,82.000000,0.313754,652352.312500,0.473532,0,1
12,10,14,9,11,12,6,5,
753.000000,93.000000,0.056404,1468707840.000000,0.333365,0,1
215,249,200,254,222,181,252,229,
485.000000,98.000000,0.173679,887463.750000,0.469675,0,1
5,6,6,11,11,11,14,14,
490.000000,98.000000,0.177249,1054700.000000,0.497689,0,1
5,6,7,11,11,11,14,14,
672.000000,111.000000,0.039732,5551858176.000000,0.538017,0,1
53,74,48,113,56,53,80,60,
755.000000,118.000000,0.057117,1053821632.000000,0.336269,0,1
223,246,206,255,222,196,243,226,
573.000000,160.000000,0.023931,331886400.000000,0.040228,0,1
135,83,254,75,133,254,82,124,
698.000000,171.000000,0.141706,124978896.000000,0.810071,0,1
95,83,77,61,55,40,28,17,
426.000000,199.000000,0.033075,29635882.000000,0.053042,0,1
61,44,41,47,55,57,125,255,
464.000000,199.000000,0.037593,95456232.000000,0.056426,0,1
34,30,29,39,39,38,109,206,
410.000000,200.000000,0.039769,35292708.000000,0.059932,0,1
42,47,47,163,160,160,255,255,
223.000000,206.000000,0.036889,33119520.000000,0.085425,0,1
99,104,111,130,167,150,221,255,
494.000000,206.000000,0.051062,126574264.000000,0.102026,0,1
60,53,88,48,81,106,52,49,
268.000000,212.000000,0.031575,115106616.000000,0.058657,0,1
246,245,207,255,201,194,236,201,
324.000000,221.000000,0.034775,23416328.000000,0.059311,0,1
242,254,254,246,240,241,194,175,
326.000000,235.000000,0.037282,154264544.000000,0.057985,0,1
228,129,255,82,206,227,91,95,
462.000000,250.000000,0.043783,56455124.000000,0.066272,0,1
212,213,205,231,231,248,255,255,
587.000000,250.000000,0.113773,7985261.000000,0.417051,0,1
22,24,22,30,30,24,34,35,
656.000000,254.000000,0.178141,77456072.000000,0.766499,0,1
32,35,31,43,34,32,70,52,
452.000000,256.000000,0.054700,94168024.000000,0.083822,0,1
255,249,251,201,208,223,144,151,
470.000000,257.000000,0.054229,101277176.000000,0.083185,0,1
255,239,229,195,174,157,155,142,
462.000000,260.000000,0.061969,15620177.000000,0.093389,0,1
177,162,181,163,183,193,178,184,
647.000000,262.000000,0.181337,270623968.000000,1.156411,0,1
17,20,32,19,28,48,21,30,
670.000000,262.000000,0.196434,81294576.000000,1.234598,0,1
73,66,85,26,29,41,21,18,
514.000000,264.000000,0.068282,68804064.000000,0.117564,0,1
41,60,59,177,136,72,204,152,
656.000000,264.000000,0.176701,79850664.000000,1.015340,0,1
23,42,24,57,37,23,51,39,
647.000000,266.000000,0.182235,358851072.000000,1.419421,0,1
30,23,45,25,31,53,24,30,
176.000000,268.000000,0.084614,66668944.000000,0.782423,0,1
58,54,54,45,47,47,43,39,
648.000000,269.000000,0.181997,310867168.000000,1.430817,0,1
43,30,54,25,43,57,31,42,
250.000000,270.000000,0.090637,11834972.000000,0.227735,0,1
87,84,83,80,79,79,73,65,
263.000000,271.000000,0.079719,8657230.000000,0.188667,0,1
78,80,79,69,70,74,59,64,
647.000000,272.000000,0.181988,231894752.000000,1.434684,0,1
31,27,42,31,31,54,35,36,
656.000000,273.000000,0.179104,190139936.000000,1.467193,0,1
46,60,33,58,47,29,62,49,
648.000000,275.000000,0.181069,182659216.000000,1.188219,0,1
45,36,53,25,35,52,25,36,
327.000000,277.000000,0.087087,369150272.000000,0.622020,0,1
71,64,62,51,54,53,37,28,
314.000000,278.000000,0.089396,134005784.000000,0.502790,0,1
64,64,66,51,55,58,40,34,
349.000000,278.000000,0.087201,261868944.000000,0.579642,0,1
64,59,57,46,45,43,38,38,
455.000000,278.000000,0.078682,20619632.000000,0.125781,0,1
147,132,144,107,120,126,88,82,
648.000000,280.000000,0.181241,204336432.000000,1.052899,0,1
36,28,47,26,37,54,27,36,
279.000000,281.000000,0.084096,5544750.500000,0.195197,0,1
56,54,58,42,44,47,34,31,
282.000000,281.000000,0.086322,6089191.000000,0.198893,0,1
58,60,58,46,46,44,36,30,
657.000000,281.000000,0.177739,133450592.000000,1.057421,0,1
36,50,26,53,37,27,51,38,
207.000000,288.000000,0.088544,1196655.750000,0.269039,0,1
49,42,42,35,33,31,28,24,
255.000000,288.000000,0.092848,732928.687500,0.241964,0,1
35,34,35,25,27,28,24,23,
256.000000,288.000000,0.093949,688247.062500,0.250445,0,1
35,35,35,26,29,29,24,23,
471.000000,288.000000,0.024122,20770586.000000,0.043755,0,1
94,100,91,98,91,83,90,86,
442.000000,292.000000,0.098195,445606816.000000,0.604935,0,1
50,48,52,44,47,51,42,42,
536.000000,292.000000,0.112931,23324082.000000,0.392614,0,1
43,49,45,62,54,50,64,68,
591.000000,294.000000,0.131524,15881977.000000,0.368600,0,1
44,74,69,26,46,83,22,20,
564.000000,295.000000,0.111598,34217200.000000,0.279264,0,1
130,93,135,41,73,119,43,51,
575.000000,295.000000,0.120291,142827760.000000,0.315786,0,1
44,72,26,114,62,28,108,84,
567.000000,296.000000,0.112183,43246240.000000,0.284827,0,1
149,119,132,46,83,120,44,45,
215.000000,297.000000,0.200718,5922548.500000,1.247616,0,1
19,25,26,19,19,19,16,13,
216.000000,297.000000,0.199965,24345846.000000,1.514557,0,1
19,25,25,19,19,20,16,13,
569.000000,297.000000,0.112763,42642500.000000,0.289502,0,1
135,104,128,47,83,117,43,44,
712.000000,95.000000,0.046531,12294268928.000000,0.707226,0,1
70,95,63,132,76,61,102,77,
671.000000,111.000000,0.039888,8582455296.000000,0.537546,0,1
69,106,55,128,77,49,117,83,
660.000000,115.000000,0.040115,429864128.000000,0.108861,0,1
187,235,169,253,194,161,248,210,
684.000000,120.000000,0.039458,2977007104.000000,0.404813,0,1
157,125,182,109,141,184,109,125,
275.000000,211.000000,0.032541,65704968.000000,0.058053,0,1
255,235,255,213,215,246,196,187,
285.000000,212.000000,0.032119,237193232.000000,0.054161,0,1
239,255,170,255,196,90,255,188,
412.000000,96.000000,0.165740,816211.875000,0.309045,0,1
6,5,5,5,5,6,6,8,
424.000000,96.000000,0.173472,878175.500000,0.298054,0,1
5,5,5,5,5,5,6,9,
712.000000,102.000000,0.046700,6587345920.000000,0.518175,0,1
86,124,76,150,93,69,128,100,
689.000000,114.000000,0.043366,2715560704.000000,0.284129,0,1
169,126,223,131,165,255,121,157,
672.000000,119.000000,0.040072,4430354944.000000,0.392100,0,1
70,108,59,146,77,60,118,79,
690.000000,123.000000,0.043946,2303490048.000000,0.288027,0,1
186,136,227,113,179,255,136,176,
655.000000,143.000000,0.038205,1547736064.000000,0.151424,0,1
206,129,251,121,177,255,113,170,
588.000000,157.000000,0.026770,1129164544.000000,0.074014,0,1
202,111,255,77,192,251,111,186,
678.000000,161.000000,0.131301,79675168.000000,1.036092,0,1
46,76,70,62,56,45,40,24,
672.000000,176.000000,0.126405,127616288.000000,0.964332,0,1
105,101,79,76,64,44,26,15,
680.000000,176.000000,0.131093,175236816.000000,1.045505,0,1
71,42,28,22,20,18,18,17,
297.000000,197.000000,0.049417,299524000.000000,0.114634,0,1
211,242,130,135,185,56,47,45,
287.000000,199.000000,0.037212,104136720.000000,0.119211,0,1
25,25,26,34,36,41,166,255,
402.000000,199.000000,0.035478,46893916.000000,0.054088,0,1
51,43,41,49,47,47,161,253,
463.000000,199.000000,0.040276,282481088.000000,0.108115,0,1
34,30,29,38,39,39,102,184,
305.000000,200.000000,0.037251,200940640.000000,0.116008,0,1
27,40,40,129,133,139,255,255,
312.000000,200.000000,0.037567,201283376.000000,0.110508,0,1
29,40,39,141,141,141,245,255,
327.000000,200.000000,0.037367,218775920.000000,0.097872,0,1
31,39,40,146,146,149,241,255,
343.000000,200.000000,0.036381,183373600.000000,0.084343,0,1
35,43,45,128,122,121,255,255,
371.000000,200.000000,0.037472,88181824.000000,0.057318,0,1
41,51,51,145,146,147,242,255,
391.000000,200.000000,0.037195,88741432.000000,0.057242,0,1
42,49,49,153,154,154,242,255,
166.000000,211.000000,0.032306,305819904.000000,0.144516,0,1
255,255,228,210,206,206,141,108,
305.000000,211.000000,0.032186,333369952.000000,0.101865,0,1
255,223,250,224,179,196,138,148,
263.000000,214.000000,0.034194,521728320.000000,0.140330,0,1
254,237,255,180,196,207,127,161,
238.000000,215.000000,0.033979,1167753344.000000,0.112384,0,1
211,125,255,92,180,255,131,194,
375.000000,224.000000,0.028532,218152128.000000,0.043559,0,1
136,193,172,241,247,139,255,255,
698.000000,224.000000,0.109042,55454092.000000,0.893612,0,1
23,31,17,32,24,12,29,23,
296.000000,228.000000,0.034442,795809280.000000,0.122867,0,1
255,210,255,93,167,173,78,63,
215.000000,230.000000,0.028689,167842176.000000,0.149700,0,1
57,49,51,84,89,96,106,114,
254.000000,232.000000,0.031237,833205760.000000,0.130861,0,1
238,169,195,66,78,105,52,52,
186.000000,244.000000,0.039551,96705448.000000,0.170478,0,1
50,62,66,73,80,98,177,157,
269.000000,244.000000,0.036510,152733248.000000,0.110869,0,1
55,82,73,103,97,92,177,194,
503.000000,244.000000,0.174431,40274868.000000,0.476353,0,1
48,56,40,61,51,38,54,47,
199.000000,245.000000,0.038331,693133568.000000,0.225145,0,1
95,104,89,167,159,164,179,140,
253.000000,245.000000,0.036771,299581504.000000,0.170855,0,1
61,73,57,140,119,121,199,152,
256.000000,245.000000,0.034742,440087744.000000,0.158513,0,1
49,60,62,116,126,131,201,156,
301.000000,245.000000,0.037124,418887680.000000,0.138124,0,1
55,72,51,94,83,70,221,173,
314.000000,245.000000,0.036508,379448576.000000,0.126095,0,1
51,69,58,114,124,144,173,168,
465.000000,270.000000,0.069941,29328514.000000,0.159539,0,1
163,164,165,141,144,149,130,126,
632.000000,271.000000,0.164575,35300460.000000,1.353083,0,1
42,48,46,33,40,50,33,34,
491.000000,273.000000,0.078724,65059244.000000,0.235636,0,1
95,105,108,104,111,114,92,89,
249.000000,276.000000,0.083733,39229164.000000,0.329937,0,1
68,83,77,81,74,64,59,55,
256.000000,276.000000,0.089332,80022904.000000,0.346599,0,1
64,66,63,57,54,54,46,43,
336.000000,277.000000,0.085929,592167488.000000,0.597318,0,1
64,61,60,46,49,49,36,29,
201.000000,279.000000,0.085635,49955296.000000,0.744093,0,1
48,50,47,38,38,36,29,30,
415.000000,279.000000,0.085332,90800704.000000,0.380093,0,1
64,60,59,47,47,49,42,44,
418.000000,279.000000,0.084540,69029568.000000,0.377393,0,1
62,59,58,48,48,48,40,44,
429.000000,279.000000,0.080059,51413960.000000,0.365134,0,1
72,67,71,51,56,57,49,59,
578.000000,287.000000,0.123120,95727592.000000,0.766334,0,1
57,45,61,29,60,64,29,24,
239.000000,288.000000,0.049522,11235519.000000,0.195393,0,1
37,35,36,32,31,31,26,24,
246.000000,288.000000,0.050451,11740101.000000,0.198687,0,1
40,37,36,33,32,31,27,22,
518.000000,288.000000,0.101246,58071140.000000,0.550708,0,1
117,118,117,98,100,119,97,100,
511.000000,289.000000,0.104357,26853110.000000,0.334433,0,1
98,109,104,118,116,109,124,125,
528.000000,289.000000,0.107175,70658936.000000,0.593624,0,1
54,63,56,81,69,59,88,88,
580.000000,289.000000,0.124989,26404720.000000,0.521318,0,1
64,53,73,24,44,68,22,28,
559.000000,292.000000,0.108885,106748680.000000,0.413446,0,1
72,52,80,29,52,89,33,41,
134.000000,293.000000,0.103541,31231762.000000,1.385607,0,1
24,27,25,22,24,25,18,20,
294.000000,296.000000,0.117624,11814036.000000,1.073248,0,1
21,31,25,35,30,22,25,20,
671.000000,119.000000,0.040145,4748739584.000000,0.391093,0,1
103,138,72,156,115,61,145,118,
671.000000,120.000000,0.040175,4670132736.000000,0.391245,0,1
108,146,77,154,118,62,142,121,
289.000000,213.000000,0.032477,144031200.000000,0.107088,0,1
135,94,138,91,148,183,135,176,
570.000000,96.000000,0.196962,8035979.500000,1.840705,0,1
6,6,6,6,6,6,11,15,
517.000000,97.000000,0.196317,17236326.000000,1.261823,0,1
5,5,5,6,7,7,13,15,
532.000000,97.000000,0.196569,17774392.000000,1.419514,0,1
5,5,5,8,8,8,13,16,
543.000000,97.000000,0.197043,17423634.000000,1.543652,0,1
5,5,5,8,8,9,14,16,
462.000000,98.000000,0.195603,9581122.000000,0.764797,0,1
4,6,6,10,9,11,12,13,
473.000000,98.000000,0.195741,11615364.000000,0.845981,0,1
4,6,6,11,11,11,14,13,
520.000000,98.000000,0.196940,12730305.000000,1.294999,0,1
5,7,7,13,13,13,16,15,
552.000000,98.000000,0.197606,12699648.000000,1.645938,0,1
5,9,9,15,15,15,16,16,
727.000000,100.000000,0.047667,7828917760.000000,0.553386,0,1
130,102,145,77,125,148,98,119,
711.000000,105.000000,0.046778,6437403648.000000,0.516966,0,1
128,152,100,164,136,83,161,140,
240.000000,111.000000,0.135196,135049808.000000,0.805075,0,1
35,44,37,87,50,38,137,208,
733.000000,111.000000,0.049390,1665614336.000000,0.491090,0,1
132,147,103,148,135,100,144,132,
641.000000,133.000000,0.035118,3395114240.000000,0.307039,0,1
104,138,80,152,112,79,144,121,
632.000000,137.000000,0.035105,1462636288.000000,0.175384,0,1
191,233,178,255,198,174,237,204,
664.000000,162.000000,0.108436,168308048.000000,1.013760,0,1
54,65,53,59,45,34,31,35,
588.000000,169.000000,0.026749,1811358080.000000,0.103334,0,1
157,93,255,80,145,255,96,138,
664.000000,169.000000,0.121319,137419808.000000,1.195422,0,1
23,24,28,39,49,55,79,93,
663.000000,170.000000,0.120760,118283824.000000,1.182177,0,1
24,39,49,65,79,76,92,110,
655.000000,171.000000,0.116773,278325184.000000,1.087314,0,1
23,27,34,42,60,74,82,102,
659.000000,178.000000,0.118620,375785568.000000,1.134594,0,1
124,123,118,109,96,77,50,17,
664.000000,178.000000,0.121084,520059264.000000,1.193921,0,1
120,105,85,66,43,26,20,13,
654.000000,179.000000,0.116328,233074208.000000,1.079820,0,1
108,110,102,91,83,63,35,16,
566.000000,195.000000,0.070470,542457216.000000,0.376012,0,1
121,110,106,68,65,47,23,16,
292.000000,196.000000,0.050236,757374080.000000,0.174631,0,1
67,36,193,25,134,212,41,32,
230.000000,210.000000,0.035293,51994964.000000,0.170417,0,1
247,255,240,199,174,154,144,128,
344.000000,215.000000,0.034285,318024288.000000,0.083858,0,1
255,255,255,197,203,215,127,111,
340.000000,223.000000,0.029811,230679696.000000,0.077812,0,1
99,127,123,156,167,160,239,255,
393.000000,232.000000,0.032124,452811744.000000,0.066265,0,1
255,250,246,160,136,127,110,76,
174.000000,268.000000,0.065553,34026864.000000,0.461902,0,1
54,51,54,43,45,47,41,38,
528.000000,271.000000,0.080136,294522304.000000,0.338362,0,1
46,44,49,85,65,47,156,193,
298.000000,272.000000,0.071742,97414704.000000,0.326887,0,1
68,66,71,56,60,65,53,55,
439.000000,272.000000,0.078568,48414940.000000,0.254219,0,1
95,86,97,83,90,117,83,89,
592.000000,275.000000,0.134544,38778272.000000,0.873231,0,1
34,51,47,34,40,47,31,31,
267.000000,276.000000,0.086583,180329760.000000,0.470415,0,1
61,69,66,59,65,65,48,48,
331.000000,278.000000,0.086215,58071816.000000,0.366579,0,1
60,50,48,35,34,37,24,20,
577.000000,278.000000,0.123505,314650112.000000,0.743951,0,1
46,33,56,27,45,59,33,48,
625.000000,286.000000,0.154072,52417816.000000,1.726995,0,1
25,50,46,22,31,42,21,20,
565.000000,287.000000,0.100353,46329904.000000,0.552106,0,1
19,34,19,64,45,24,65,57,
592.000000,287.000000,0.140067,268698848.000000,0.956561,0,1
33,35,33,46,40,32,49,37,
523.000000,288.000000,0.097823,69076344.000000,0.461821,0,1
63,82,68,112,88,73,106,103,
310.000000,289.000000,0.101982,45043316.000000,0.586697,0,1
33,35,34,31,29,26,23,20,
460.000000,289.000000,0.078592,57619116.000000,0.296762,0,1
94,80,89,70,80,82,69,73,
661.000000,127.000000,0.040648,1776770560.000000,0.235544,0,1
200,239,182,253,200,172,241,206,
174.000000,203.000000,0.033338,712745280.000000,0.201921,0,1
131,93,162,107,210,255,213,194,
583.000000,168.000000,0.025266,1032161920.000000,0.094263,0,1
138,171,105,179,143,81,166,147,
495.000000,192.000000,0.052652,339475552.000000,0.107399,0,1
61,53,114,43,78,174,63,78,
223.000000,103.000000,0.146044,340382624.000000,1.369664,0,1
24,20,26,19,24,31,24,51,
727.000000,106.000000,0.047801,3095550976.000000,0.552538,0,1
119,95,137,74,116,146,93,115,
712.000000,111.000000,0.046604,5613991424.000000,0.518583,0,1
116,146,90,171,122,82,153,130,
223.000000,112.000000,0.145800,220443184.000000,1.350552,0,1
46,32,42,24,29,39,26,24,
711.000000,114.000000,0.046674,4166878208.000000,0.428100,0,1
153,176,130,180,159,99,177,164,
727.000000,118.000000,0.047814,921283328.000000,0.575930,0,1
106,91,114,83,99,93,76,86,
256.000000,120.000000,0.127182,322829760.000000,0.911128,0,1
19,22,17,37,20,17,24,20,
727.000000,120.000000,0.048355,454899296.000000,0.582988,0,1
99,76,74,81,86,100,93,100,
239.000000,121.000000,0.139385,45422616.000000,1.147184,0,1
45,34,40,29,31,36,27,25,
661.000000,131.000000,0.040719,3996697344.000000,0.300537,0,1
206,245,188,255,211,180,248,221,
610.000000,161.000000,0.032188,1714536448.000000,0.180516,0,1
227,249,210,255,233,196,253,236,
641.000000,174.000000,0.109367,313356832.000000,1.220328,0,1
24,26,32,40,54,68,75,85,
514.000000,197.000000,0.039178,586309440.000000,0.120827,0,1
247,222,218,169,154,107,96,79,
442.000000,199.000000,0.034078,186301760.000000,0.051717,0,1
52,41,44,64,64,56,169,255,
259.000000,223.000000,0.031489,429880128.000000,0.167764,0,1
93,97,94,133,132,129,205,255,
297.000000,223.000000,0.029350,339835200.000000,0.125479,0,1
117,124,126,149,168,168,233,255,
290.000000,225.000000,0.031949,1119307264.000000,0.144390,0,1
135,83,201,81,135,254,70,141,
316.000000,229.000000,0.037635,665100288.000000,0.150625,0,1
244,188,200,154,181,198,246,250,
401.000000,239.000000,0.032869,241301520.000000,0.128557,0,1
183,152,110,88,120,55,82,66,
576.000000,244.000000,0.121060,1165534080.000000,0.872556,0,1
44,72,89,41,69,83,29,20,
279.000000,245.000000,0.036035,638734720.000000,0.185833,0,1
85,102,102,137,141,150,207,163,
293.000000,245.000000,0.036545,806203648.000000,0.175851,0,1
72,80,55,121,115,95,172,161,
388.000000,245.000000,0.036659,547833152.000000,0.109781,0,1
55,69,66,116,124,127,177,155,
436.000000,247.000000,0.041343,452742560.000000,0.120991,0,1
255,255,255,216,223,229,173,153,
498.000000,255.000000,0.055756,566429824.000000,0.277033,0,1
32,44,35,51,63,45,90,194,
499.000000,256.000000,0.056027,722052736.000000,0.230072,0,1
35,63,45,90,93,57,194,151,
601.000000,262.000000,0.141545,139529184.000000,1.753879,0,1
28,29,28,48,39,30,37,29,
512.000000,263.000000,0.066658,359161248.000000,0.312822,0,1
46,53,47,86,72,53,172,205,
264.000000,271.000000,0.082138,248737040.000000,0.565858,0,1
81,80,76,69,72,75,59,62,
604.000000,278.000000,0.143078,76918128.000000,1.393985,0,1
25,34,23,49,47,26,30,24,
608.000000,279.000000,0.145529,228774064.000000,1.965517,0,1
23,23,23,55,39,26,34,27,
175.000000,297.000000,0.112932,103544792.000000,1.300012,0,1
22,24,25,18,17,17,15,14,
188.000000,297.000000,0.113763,59470312.000000,1.254923,0,1
19,24,24,18,18,18,15,14,
526.000000,274.000000,0.079661,330185376.000000,0.438038,0,1
147,115,187,54,110,174,52,53,
404.000000,245.000000,0.037203,274558240.000000,0.106485,0,1
54,43,68,71,86,128,104,140,
672.000000,127.000000,0.039826,3674535168.000000,0.392384,0,1
91,134,68,157,99,61,140,105,
671.000000,128.000000,0.039880,2957735424.000000,0.306353,0,1
134,157,99,167,140,71,163,142,
213.000000,232.000000,0.031717,344673088.000000,0.211956,0,1
84,88,106,87,80,114,70,69,
728.000000,132.000000,0.047412,2670899712.000000,0.567851,0,1
110,89,126,81,106,144,87,102,
504.000000,206.000000,0.038678,459561472.000000,0.114115,0,1
170,202,136,149,87,61,49,31,
355.000000,232.000000,0.032642,589697280.000000,0.120832,0,1
92,98,169,164,171,209,247,255,
245.000000,231.000000,0.032326,388101504.000000,0.187940,0,1
59,65,130,64,90,138,83,88,
632.000000,144.000000,0.035680,2687876352.000000,0.226485,0,1
218,246,197,255,226,192,249,234,
495.000000,187.000000,0.052213,557574336.000000,0.132208,0,1
25,26,49,27,54,151,43,63,
471.000000,232.000000,0.039161,176193344.000000,0.110722,0,1
188,192,117,229,203,61,243,232,
712.000000,117.000000,0.046664,7636484096.000000,0.533218,0,1
133,164,104,183,139,86,174,146,
711.000000,120.000000,0.046670,7422353408.000000,0.663388,0,1
174,186,146,192,178,119,187,183,
700.000000,121.000000,0.047221,5137785344.000000,0.517169,0,1
218,243,208,255,226,196,247,231,
713.000000,126.000000,0.046758,14980167680.000000,0.666304,0,1
129,167,97,188,133,81,169,136,
641.000000,143.000000,0.034982,2987920896.000000,0.284485,0,1
134,160,95,175,138,83,167,145,
634.000000,175.000000,0.105484,390289248.000000,1.483292,0,1
33,26,29,34,48,58,73,92,
631.000000,183.000000,0.103445,850081280.000000,1.416363,0,1
115,118,110,107,93,77,45,18,
634.000000,183.000000,0.105509,845414400.000000,1.484700,0,1
113,111,101,79,67,42,24,15,
628.000000,184.000000,0.102544,942688512.000000,1.375591,0,1
115,110,107,90,73,45,27,16,
633.000000,184.000000,0.104121,590269696.000000,1.446941,0,1
111,79,67,35,24,20,17,14,
640.000000,223.000000,0.095464,328671680.000000,1.318847,0,1
29,37,24,37,32,22,40,37,
640.000000,224.000000,0.095612,361063040.000000,1.323200,0,1
31,39,26,38,35,23,41,37,
624.000000,225.000000,0.072639,35912828.000000,0.676842,0,1
25,18,30,18,25,32,17,23,
275.000000,233.000000,0.031737,1103442176.000000,0.191652,0,1
255,253,226,140,132,103,75,61,
307.000000,245.000000,0.036119,1133557760.000000,0.193774,0,1
55,68,57,93,96,91,199,167,
592.000000,247.000000,0.137111,185631632.000000,1.536739,0,1
37,43,42,37,43,48,23,22,
591.000000,261.000000,0.132501,169810064.000000,2.015522,0,1
35,49,41,32,36,51,30,31,
592.000000,261.000000,0.133511,245753536.000000,2.056725,0,1
33,46,36,32,44,50,30,28,
215.000000,266.000000,0.066540,52709192.000000,0.648782,0,1
79,76,81,70,72,72,59,52,
364.000000,278.000000,0.080486,124254128.000000,0.540744,0,1
51,48,51,35,37,38,33,35,
215.000000,279.000000,0.075263,109745312.000000,0.770470,0,1
54,58,59,38,36,37,29,31,
217.000000,279.000000,0.075630,136223120.000000,0.769467,0,1
59,59,55,36,37,36,29,31,
509.000000,282.000000,0.095744,399735520.000000,0.683518,0,1
101,104,106,107,126,139,149,163,
584.000000,284.000000,0.124228,237411392.000000,1.375911,0,1
35,43,34,56,44,36,45,37,
443.000000,267.000000,0.071993,121532672.000000,0.343707,0,1
106,99,125,109,121,140,116,122,
323.000000,245.000000,0.038893,1573685888.000000,0.193829,0,1
68,118,49,178,106,115,178,149,
471.000000,240.000000,0.038397,671805824.000000,0.138569,0,1
240,251,163,240,204,81,158,73,
471.000000,222.000000,0.038899,380557568.000000,0.119826,0,1
235,255,121,255,238,70,241,212,
472.000000,234.000000,0.038901,259616720.000000,0.134105,0,1
129,225,68,247,149,61,209,145,
381.000000,225.000000,0.033293,304323328.000000,0.099219,0,1
120,89,235,78,138,255,105,134,
685.000000,129.000000,0.041149,4265796352.000000,0.516225,0,1
162,131,181,118,153,161,116,129,
672.000000,133.000000,0.039941,8103991296.000000,0.472313,0,1
112,152,78,172,119,67,155,126,
701.000000,135.000000,0.047299,13790019584.000000,0.784405,0,1
227,246,211,255,230,206,248,236,
701.000000,145.000000,0.047726,11771502592.000000,0.787333,0,1
239,253,219,255,236,207,253,224,
618.000000,159.000000,0.031067,4291170048.000000,0.272434,0,1
119,157,82,168,124,70,158,132,
618.000000,163.000000,0.031189,4057778688.000000,0.273345,0,1
132,162,92,168,141,71,169,141,
617.000000,179.000000,0.096649,599076928.000000,1.525500,0,1
30,27,33,42,56,71,83,97,
623.000000,185.000000,0.098953,1374431744.000000,1.639215,0,1
115,106,102,83,56,38,25,16,
271.000000,233.000000,0.032195,1900252544.000000,0.235217,0,1
223,253,255,138,121,140,78,68,
287.000000,244.000000,0.036026,1514096000.000000,0.253291,0,1
69,82,67,103,83,56,127,162,
575.000000,244.000000,0.120191,2530848768.000000,1.495944,0,1
39,59,83,34,57,77,23,19,
575.000000,256.000000,0.122741,1614306944.000000,2.133037,0,1
36,33,46,30,38,56,29,32,
577.000000,259.000000,0.122651,1041965184.000000,2.158179,0,1
50,41,54,34,57,58,43,59,
576.000000,267.000000,0.122346,1583435264.000000,2.176693,0,1
37,29,55,22,36,59,29,38,
584.000000,271.000000,0.120905,573797568.000000,1.680854,0,1
38,44,39,60,42,40,46,32,
172.000000,278.000000,0.075671,35464160.000000,1.101986,0,1
39,35,38,31,37,37,29,25,
190.000000,280.000000,0.068210,17269614.000000,0.921455,0,1
46,41,39,31,32,31,32,28,
574.000000,285.000000,0.118178,117232008.000000,1.605588,0,1
26,36,25,66,60,30,36,21,
226.000000,297.000000,0.116967,213377760.000000,2.435345,0,1
22,27,27,22,22,21,17,14,
470.000000,248.000000,0.041097,1341075200.000000,0.189393,0,1
254,239,209,192,179,160,176,197,
316.000000,236.000000,0.032754,2394262528.000000,0.188246,0,1
252,201,254,134,178,255,81,80,
691.000000,131.000000,0.045314,17078034432.000000,0.591989,0,1
197,143,230,108,154,255,97,149,
168.000000,208.000000,0.032295,9846448128.000000,0.364793,0,1
155,213,158,249,203,131,241,193,
509.000000,198.000000,0.036741,1142976256.000000,0.159002,0,1
245,228,222,188,175,128,117,91,
507.000000,215.000000,0.035613,555283328.000000,0.162813,0,1
103,78,125,63,119,125,65,57,
608.000000,181.000000,0.091546,1137226624.000000,1.659272,0,1
31,31,35,50,65,75,94,112,
601.000000,183.000000,0.087953,708289408.000000,1.481837,0,1
34,49,62,84,97,98,112,125,
607.000000,187.000000,0.091650,2184381952.000000,1.651321,0,1
136,133,124,107,104,79,39,18,
608.000000,187.000000,0.092170,2847965952.000000,1.677940,0,1
128,133,111,110,90,77,34,17,
572.000000,189.000000,0.073478,568612032.000000,0.757409,0,1
36,33,38,47,67,84,93,116,
571.000000,194.000000,0.072889,784520640.000000,0.746249,0,1
121,118,112,94,75,53,31,17,
278.000000,199.000000,0.035735,499862976.000000,0.280544,0,1
28,28,33,36,35,37,152,243,
509.000000,216.000000,0.036630,432729984.000000,0.200777,0,1
123,136,121,95,100,85,51,43,
626.000000,216.000000,0.081615,89221720.000000,1.485576,0,1
12,15,17,22,26,28,28,29,
503.000000,224.000000,0.034664,73856008.000000,0.186621,0,1
57,71,29,85,60,28,73,60,
567.000000,230.000000,0.071895,181698736.000000,0.754256,0,1
9,12,11,19,15,18,30,27,
622.000000,231.000000,0.079821,978618624.000000,1.418576,0,1
20,28,17,28,22,20,29,24,
518.000000,232.000000,0.043408,541619456.000000,0.284411,0,1
56,65,49,65,55,45,66,58,
562.000000,243.000000,0.109760,865970112.000000,1.963756,0,1
37,59,53,31,40,50,21,19,
335.000000,248.000000,0.042342,712645696.000000,0.279048,0,1
214,165,169,138,141,143,122,109,
482.000000,248.000000,0.043531,402792128.000000,0.250320,0,1
37,50,40,87,50,32,74,66,
519.000000,251.000000,0.059895,41718784.000000,0.505400,0,1
37,53,37,55,37,43,52,36,
563.000000,254.000000,0.110035,372103744.000000,2.037364,0,1
29,44,34,29,36,42,29,28,
225.000000,265.000000,0.062711,153704624.000000,0.840502,0,1
85,81,81,75,72,71,63,57,
565.000000,265.000000,0.111905,515244256.000000,2.194973,0,1
28,30,27,47,40,27,33,28,
220.000000,266.000000,0.061083,203600256.000000,0.828122,0,1
79,81,80,72,70,67,58,53,
570.000000,266.000000,0.115108,1343574272.000000,2.404270,0,1
22,24,22,38,24,22,35,30,
314.000000,268.000000,0.070030,314527360.000000,0.665278,0,1
89,88,91,81,86,82,80,74,
388.000000,278.000000,0.072998,41441144.000000,0.564322,0,1
51,47,48,39,42,44,33,32,
560.000000,278.000000,0.107012,976766080.000000,1.595740,0,1
36,32,31,62,37,30,60,46,
569.000000,278.000000,0.112082,824589696.000000,2.316930,0,1
26,30,26,41,36,28,39,29,
559.000000,280.000000,0.105215,930275520.000000,1.548458,0,1
48,46,64,18,34,58,17,19,
633.000000,153.000000,0.035842,5081801216.000000,0.416029,0,1
219,247,210,255,226,205,248,230,
679.000000,138.000000,0.042005,750945536.000000,0.734286,0,1
99,93,90,80,78,78,66,65,
557.000000,151.000000,0.104089,944702592.000000,2.112223,0,1
18,18,19,18,21,22,31,107,
592.000000,184.000000,0.083983,2782555392.000000,1.611008,0,1
36,29,36,36,53,82,80,112,
592.000000,192.000000,0.083200,1038704512.000000,1.582506,0,1
79,34,24,19,17,16,15,15,
266.000000,199.000000,0.036163,763925312.000000,0.354437,0,1
26,26,26,41,40,40,160,252,
296.000000,200.000000,0.036124,995976128.000000,0.292367,0,1
47,51,45,157,133,123,255,255,
620.000000,216.000000,0.079304,287345248.000000,1.682097,0,1
11,18,16,23,26,16,29,29,
292.000000,223.000000,0.032345,3273100544.000000,0.274998,0,1
122,120,106,135,163,121,201,254,
192.000000,230.000000,0.032193,1842812672.000000,0.452753,0,1
56,83,50,100,64,71,132,211,
579.000000,230.000000,0.062390,454571936.000000,0.781485,0,1
23,29,23,30,28,34,46,41,
200.000000,231.000000,0.032959,2371287552.000000,0.451129,0,1
59,77,91,134,132,122,221,165,
622.000000,234.000000,0.079339,873933184.000000,1.715120,0,1
23,30,19,38,29,23,50,41,
543.000000,240.000000,0.096850,516511552.000000,1.348856,0,1
49,45,48,33,37,41,22,24,
551.000000,241.000000,0.102165,603762816.000000,1.577513,0,1
54,47,44,37,48,48,25,22,
625.000000,241.000000,0.071865,544601280.000000,1.470541,0,1
39,29,41,37,38,40,28,37,
559.000000,243.000000,0.107014,704805632.000000,2.412180,0,1
44,50,57,24,29,34,20,21,
237.000000,245.000000,0.037683,7926118912.000000,0.459864,0,1
63,83,79,132,121,82,176,142,
623.000000,248.000000,0.079708,4021618176.000000,1.756660,0,1
36,48,32,49,37,37,48,40,
556.000000,253.000000,0.105363,456134112.000000,2.288665,0,1
33,38,42,23,27,35,25,28,
560.000000,263.000000,0.108291,529778304.000000,2.561073,0,1
32,34,32,44,34,32,47,31,
556.000000,264.000000,0.104706,294533376.000000,2.316312,0,1
29,35,49,22,22,38,25,24,
526.000000,271.000000,0.079067,1621952512.000000,0.958725,0,1
42,55,44,69,85,65,120,160,
500.000000,274.000000,0.080377,5414487552.000000,0.887472,0,1
116,116,115,99,101,100,96,94,
554.000000,276.000000,0.101788,960755008.000000,1.756934,0,1
28,39,25,59,47,26,37,23,
519.000000,282.000000,0.094233,906474176.000000,1.325612,0,1
88,98,86,95,81,71,70,59,
520.000000,282.000000,0.094423,1050785472.000000,1.336242,0,1
82,94,80,88,75,68,63,54,
551.000000,288.000000,0.093184,591230336.000000,1.522638,0,1
47,33,53,25,29,52,26,31,
511.000000,272.000000,0.081234,3992712704.000000,0.939298,0,1
142,121,149,105,120,141,103,91,
686.000000,136.000000,0.042168,936614656.000000,0.759484,0,1
104,100,112,96,120,122,116,140,
671.000000,144.000000,0.040163,13041684480.000000,0.784783,0,1
174,184,156,190,180,116,189,184,
673.000000,153.000000,0.040285,26498967552.000000,0.787119,0,1
142,174,91,187,145,74,182,130,
542.000000,156.000000,0.096243,71539280.000000,1.972480,0,1
5,5,6,5,7,13,8,13,
551.000000,157.000000,0.096947,13288189952.000000,2.151008,0,1
21,23,50,23,44,74,20,24,
642.000000,157.000000,0.035174,18180698112.000000,0.577752,0,1
136,176,97,194,145,94,184,157,
530.000000,175.000000,0.091870,4224405760.000000,1.989890,0,1
11,8,22,9,12,26,8,15,
530.000000,177.000000,0.091948,3864343040.000000,1.989957,0,1
12,8,24,11,15,26,20,20,
541.000000,179.000000,0.089731,45546708.000000,2.047271,0,1
33,34,32,23,23,23,17,19,
192.000000,182.000000,0.048483,53709336.000000,1.079342,0,1
14,20,13,48,17,12,20,19,
161.000000,183.000000,0.052816,355603360.000000,1.389724,0,1
19,14,27,12,21,37,13,19,
167.000000,187.000000,0.051573,4112314624.000000,1.306641,0,1
85,53,80,18,30,44,11,10,
171.000000,187.000000,0.051014,2326501632.000000,1.265458,0,1
102,102,111,44,58,73,16,11,
388.000000,188.000000,0.034944,381164.468750,0.136131,0,1
23,23,23,25,24,24,25,26,
376.000000,190.000000,0.049485,38827636.000000,0.220410,0,1
23,25,24,35,29,26,37,39,
545.000000,190.000000,0.090447,6543845888.000000,2.146331,0,1
36,51,23,63,39,17,55,44,
434.000000,191.000000,0.058670,7142843.000000,0.154328,0,1
30,22,34,24,32,25,24,32,
583.000000,191.000000,0.078363,841052288.000000,1.615756,0,1
114,125,124,125,111,101,76,22,
589.000000,191.000000,0.081836,4837870080.000000,1.825383,0,1
130,127,104,87,60,34,24,16,
545.000000,192.000000,0.090405,6567528448.000000,2.142889,0,1
39,55,26,66,44,18,59,47,
584.000000,192.000000,0.078780,1628231808.000000,1.644538,0,1
124,111,101,76,53,31,22,15,
578.000000,193.000000,0.076108,1141340672.000000,1.237898,0,1
131,122,113,86,65,41,25,17,
479.000000,196.000000,0.050395,111425616.000000,0.345350,0,1
14,15,14,24,24,21,35,36,
208.000000,199.000000,0.033430,2669844992.000000,0.599365,0,1
27,23,22,32,30,29,68,114,
236.000000,199.000000,0.035801,655046912.000000,0.571188,0,1
21,18,18,21,21,20,42,43,
308.000000,199.000000,0.036828,1875664384.000000,0.366433,0,1
29,28,28,40,39,39,139,253,
312.000000,199.000000,0.036546,1204982016.000000,0.350226,0,1
29,28,29,39,40,39,142,242,
327.000000,199.000000,0.036514,1261766272.000000,0.303154,0,1
31,33,31,40,39,40,146,242,
332.000000,199.000000,0.036587,1299435264.000000,0.288411,0,1
32,32,33,40,40,40,152,249,
344.000000,199.000000,0.036781,1292724224.000000,0.253064,0,1
41,35,35,43,45,47,122,255,
359.000000,199.000000,0.036893,1208377472.000000,0.207858,0,1
44,39,40,51,52,52,135,255,
366.000000,199.000000,0.036592,1289737344.000000,0.184704,0,1
47,41,42,52,52,52,146,250,
372.000000,199.000000,0.036397,1250830464.000000,0.165978,0,1
48,41,43,51,51,53,146,241,
379.000000,199.000000,0.036433,1052651392.000000,0.146445,0,1
49,43,43,51,51,51,148,238,
391.000000,199.000000,0.036528,1103709312.000000,0.116548,0,1
45,42,42,50,49,48,153,243,
397.000000,199.000000,0.036655,1171534592.000000,0.105066,0,1
48,41,42,48,48,49,156,248,
481.000000,199.000000,0.050141,1001774144.000000,0.357106,0,1
30,35,23,42,30,18,41,32,
523.000000,202.000000,0.048312,1110105984.000000,0.543784,0,1
81,90,87,78,63,49,35,20,
164.000000,204.000000,0.033127,4554647552.000000,0.592287,0,1
99,121,89,217,195,139,214,142,
513.000000,204.000000,0.043295,2185812480.000000,0.423555,0,1
102,117,109,102,78,54,47,33,
545.000000,204.000000,0.090259,3040903680.000000,2.139492,0,1
50,61,33,65,48,22,58,47,
531.000000,208.000000,0.092990,9186864128.000000,2.077957,0,1
38,29,52,25,37,57,28,35,
514.000000,209.000000,0.046953,200111184.000000,0.486311,0,1
33,39,34,52,49,41,71,62,
520.000000,209.000000,0.049385,156012752.000000,0.553910,0,1
23,26,24,38,36,31,48,34,
181.000000,211.000000,0.033007,20445599744.000000,0.661060,0,1
255,238,232,132,127,114,106,106,
546.000000,211.000000,0.090577,4280901632.000000,2.186809,0,1
33,47,23,57,33,18,46,33,
399.000000,213.000000,0.032551,2870144256.000000,0.117375,0,1
232,228,231,179,176,167,113,99,
401.000000,213.000000,0.032382,2399725312.000000,0.114332,0,1
233,231,226,176,167,146,110,100,
341.000000,215.000000,0.033409,4558048256.000000,0.246692,0,1
255,254,255,192,194,199,120,109,
365.000000,215.000000,0.033184,2211034624.000000,0.187296,0,1
255,230,235,226,199,200,113,87,
155.000000,216.000000,0.038976,41476345856.000000,0.906861,0,1
64,36,106,23,70,128,40,74,
512.000000,216.000000,0.037865,634654272.000000,0.283464,0,1
95,111,101,94,83,67,43,32,
546.000000,216.000000,0.090701,3622176256.000000,2.205862,0,1
34,47,23,55,34,17,46,34,
228.000000,217.000000,0.032716,7571563520.000000,0.444230,0,1
202,186,190,182,185,124,113,91,
162.000000,218.000000,0.032652,10362976256.000000,0.700961,0,1
144,141,174,94,124,147,65,68,
218.000000,218.000000,0.032615,14113716224.000000,0.555818,0,1
173,155,171,78,131,97,78,155,
531.000000,218.000000,0.093292,7679711232.000000,2.127816,0,1
34,30,50,23,36,56,31,34,
193.000000,219.000000,0.032783,4140659456.000000,0.624516,0,1
133,107,131,90,102,107,72,56,
246.000000,219.000000,0.033098,4417768448.000000,0.492997,0,1
255,248,239,137,128,128,93,86,
249.000000,219.000000,0.032805,4898914816.000000,0.479596,0,1
255,236,233,126,133,139,77,55,
273.000000,219.000000,0.032483,5346227712.000000,0.412104,0,1
242,207,246,137,148,143,62,62,
520.000000,219.000000,0.040983,1471350784.000000,0.433700,0,1
21,26,20,46,27,21,41,27,
205.000000,220.000000,0.032755,9724675072.000000,0.592962,0,1
159,113,111,114,83,74,137,104,
333.000000,220.000000,0.032660,5955114496.000000,0.264753,0,1
152,207,119,180,148,74,188,130,
586.000000,222.000000,0.071541,702708288.000000,1.187233,0,1
28,35,23,37,33,19,41,38,
532.000000,224.000000,0.093460,5273895936.000000,2.179620,0,1
49,35,55,33,50,58,35,50,
495.000000,225.000000,0.055822,125157232.000000,0.562617,0,1
61,54,63,39,47,55,36,42,
518.000000,226.000000,0.041176,5198800896.000000,0.438615,0,1
56,89,43,82,56,36,71,49,
546.000000,226.000000,0.091074,3258837760.000000,2.260098,0,1
35,45,25,53,36,17,44,36,
480.000000,228.000000,0.044384,217474160.000000,0.351649,0,1
52,61,51,54,50,43,38,33,
552.000000,229.000000,0.097055,2129582848.000000,2.191201,0,1
16,31,12,36,16,16,39,28,
181.000000,231.000000,0.030849,1307046144.000000,0.509790,0,1
45,64,47,89,69,53,78,85,
588.000000,231.000000,0.071065,1093865856.000000,1.198868,0,1
24,31,22,45,25,22,41,38,
189.000000,232.000000,0.032946,19018936320.000000,0.590889,0,1
85,68,128,53,145,209,105,150,
507.000000,233.000000,0.066519,1565949568.000000,0.873541,0,1
59,62,69,39,52,52,32,39,
499.000000,235.000000,0.056639,693538752.000000,0.627400,0,1
29,27,35,33,43,45,40,54,
302.000000,236.000000,0.033001,13821335552.000000,0.361234,0,1
219,207,243,98,164,169,70,75,
306.000000,236.000000,0.033058,6018681856.000000,0.352462,0,1
217,243,240,169,174,175,82,77,
389.000000,236.000000,0.032823,2035371264.000000,0.187225,0,1
164,185,124,210,149,128,204,101,
522.000000,236.000000,0.077977,3490662144.000000,1.352861,0,1
58,55,65,27,42,48,27,36,
217.000000,237.000000,0.032429,39596015616.000000,0.560487,0,1
136,114,194,99,154,247,116,161,
340.000000,237.000000,0.031246,4312610304.000000,0.223514,0,1
162,226,117,201,126,80,222,114,
483.000000,237.000000,0.049148,794573952.000000,0.446433,0,1
33,52,23,64,35,26,53,37,
383.000000,238.000000,0.032869,5602249728.000000,0.199689,0,1
185,162,204,100,101,104,93,95,
528.000000,238.000000,0.083862,522722784.000000,1.370625,0,1
50,41,41,22,26,29,22,25,
552.000000,238.000000,0.093144,3485929216.000000,2.007700,0,1
37,50,31,42,38,33,54,44,
373.000000,239.000000,0.031207,710014144.000000,0.180823,0,1
75,65,64,73,69,59,212,196,
423.000000,239.000000,0.031848,1111540992.000000,0.172970,0,1
238,251,171,235,212,189,207,161,
537.000000,239.000000,0.091541,5343108096.000000,2.209227,0,1
53,48,42,47,33,33,33,21,
550.000000,239.000000,0.093763,5152611328.000000,2.018738,0,1
42,34,52,36,43,39,42,40,
392.000000,240.000000,0.034533,529472960.000000,0.207054,0,1
96,115,67,99,101,78,92,72,
340.000000,241.000000,0.031157,6710593024.000000,0.262267,0,1
114,227,81,190,142,68,141,148,
518.000000,243.000000,0.067224,149116416.000000,0.861512,0,1
49,55,40,54,49,36,55,50,
521.000000,243.000000,0.076736,2218920704.000000,1.329816,0,1
44,38,53,38,44,56,35,43,
535.000000,243.000000,0.092063,4593293312.000000,2.235044,0,1
37,38,27,37,28,20,28,23,
159.000000,248.000000,0.040623,2681945088.000000,0.949886,0,1
140,112,115,94,98,102,89,83,
160.000000,248.000000,0.040705,2637605120.000000,0.949248,0,1
142,114,117,96,100,104,91,81,
175.000000,248.000000,0.042016,905585088.000000,0.940329,0,1
150,122,122,107,107,109,96,84,
187.000000,248.000000,0.042176,1232712064.000000,0.904166,0,1
158,133,136,111,111,111,96,89,
195.000000,248.000000,0.041203,1972481408.000000,0.849009,0,1
177,137,140,113,116,118,105,95,
206.000000,248.000000,0.042608,1230939008.000000,0.851131,0,1
161,136,137,117,118,120,105,94,
214.000000,248.000000,0.042815,955162368.000000,0.829025,0,1
178,142,145,121,124,127,106,99,
223.000000,248.000000,0.041957,1093036288.000000,0.775620,0,1
177,158,159,134,135,135,116,103,
224.000000,248.000000,0.041992,1048729088.000000,0.773130,0,1
180,159,158,135,134,136,117,103,
235.000000,248.000000,0.043582,577239616.000000,0.775215,0,1
182,152,147,133,129,124,112,98,
248.000000,248.000000,0.042266,2333509632.000000,0.698741,0,1
187,154,155,125,125,126,110,100,
260.000000,248.000000,0.041560,1528290304.000000,0.643298,0,1
195,162,158,134,133,131,119,116,
264.000000,248.000000,0.041697,2468078080.000000,0.633130,0,1
185,157,161,131,133,134,118,113,
276.000000,248.000000,0.042723,1528889088.000000,0.614562,0,1
208,162,165,133,135,135,122,117,
282.000000,248.000000,0.043020,788397952.000000,0.551229,0,1
194,164,163,136,135,134,124,113,
295.000000,248.000000,0.043973,697198976.000000,0.574811,0,1
167,163,174,139,137,137,118,105,
299.000000,248.000000,0.042307,2191771136.000000,0.531795,0,1
203,178,175,137,138,142,119,104,
304.000000,248.000000,0.041429,2747179008.000000,0.501250,0,1
203,168,169,142,144,146,125,110,
316.000000,248.000000,0.042802,952697984.000000,0.486785,0,1
193,170,176,148,153,155,133,124,
337.000000,248.000000,0.042135,863533824.000000,0.352694,0,1
216,169,177,141,143,146,124,112,
352.000000,248.000000,0.043167,2257030144.000000,0.388632,0,1
205,192,182,156,148,145,127,115,
361.000000,248.000000,0.043290,859440256.000000,0.367789,0,1
176,159,156,139,135,132,125,111,
371.000000,248.000000,0.043357,724908608.000000,0.346202,0,1
182,151,151,130,129,129,118,112,
388.000000,248.000000,0.042605,1175235328.000000,0.308302,0,1
176,156,152,134,132,131,117,103,
405.000000,248.000000,0.043036,998702080.000000,0.295183,0,1
153,140,151,127,130,132,111,102,
423.000000,248.000000,0.041795,1863841792.000000,0.281236,0,1
203,181,182,154,154,157,130,122,
429.000000,248.000000,0.042339,1993943424.000000,0.289457,0,1
242,202,207,165,173,171,138,134,
537.000000,248.000000,0.092102,3346111488.000000,2.296548,0,1
32,27,45,26,38,46,32,41,
325.000000,249.000000,0.046629,739442816.000000,0.521387,0,1
150,132,146,123,126,134,105,101,
412.000000,251.000000,0.047900,693683776.000000,0.354136,0,1
123,112,115,102,103,111,82,78,
488.000000,255.000000,0.052961,1399749632.000000,0.584084,0,1
30,30,30,55,48,38,79,105,
302.000000,256.000000,0.052051,315820736.000000,0.725205,0,1
84,76,79,74,79,78,69,65,
352.000000,256.000000,0.053385,1444697088.000000,0.561600,0,1
131,127,108,111,96,85,91,78,
427.000000,256.000000,0.054708,732417536.000000,0.464051,0,1
103,102,103,87,96,105,81,99,
484.000000,257.000000,0.056320,5683631616.000000,0.635864,0,1
51,57,55,79,76,77,87,89,
492.000000,257.000000,0.054983,2922649856.000000,0.643075,0,1
42,55,51,113,82,56,136,140,
370.000000,258.000000,0.058264,171059872.000000,0.494538,0,1
85,84,79,71,72,69,68,67,
412.000000,258.000000,0.057762,458086560.000000,0.513887,0,1
79,84,89,81,81,75,74,69,
439.000000,259.000000,0.057785,1339803776.000000,0.486722,0,1
112,117,115,111,105,105,107,96,
343.000000,260.000000,0.061556,1190752512.000000,0.763833,0,1
96,102,100,97,85,74,74,67,
333.000000,262.000000,0.058473,368450784.000000,0.750125,0,1
63,65,66,68,69,83,84,89,
551.000000,262.000000,0.093992,1438235520.000000,2.158177,0,1
37,38,46,25,33,42,27,33,
554.000000,263.000000,0.092966,1197648768.000000,2.144585,0,1
28,42,34,39,26,42,31,24,
154.000000,264.000000,0.040882,363942880.000000,0.980896,0,1
43,40,47,33,41,46,35,38,
329.000000,264.000000,0.066245,118900656.000000,0.766382,0,1
67,71,69,74,81,98,88,76,
486.000000,265.000000,0.067135,2970850304.000000,0.792484,0,1
101,107,109,92,95,97,91,91,
541.000000,271.000000,0.093261,1127226112.000000,2.589306,0,1
39,35,41,16,37,44,17,18,
542.000000,272.000000,0.092855,572643392.000000,2.580248,0,1
41,37,44,17,31,46,18,22,
550.000000,276.000000,0.098128,826696832.000000,2.008352,0,1
34,42,53,19,26,59,17,15,
530.000000,280.000000,0.090726,4896179200.000000,1.575586,0,1
51,62,24,46,34,16,38,38,
543.000000,281.000000,0.093484,369206304.000000,1.781309,0,1
28,34,28,37,37,31,46,43,
471.000000,284.000000,0.041938,1694373888.000000,0.461923,0,1
104,113,100,103,103,90,96,94,
503.000000,264.000000,0.061327,1376547712.000000,0.853803,0,1
80,95,66,150,112,67,150,152,
154.000000,244.000000,0.039260,11626818560.000000,0.921378,0,1
39,33,87,30,80,120,71,109,
358.000000,240.000000,0.033001,4708150784.000000,0.245028,0,1
240,224,196,161,171,127,108,66,
182.000000,238.000000,0.031737,2141607168.000000,0.582158,0,1
88,86,76,81,64,46,78,57,
196.000000,237.000000,0.032823,18321278976.000000,0.621921,0,1
158,142,202,136,212,244,157,160,
168.000000,236.000000,0.033148,30881744896.000000,0.700843,0,1
132,171,104,227,142,94,205,118,
190.000000,231.000000,0.032934,9392436224.000000,0.638104,0,1
78,85,112,68,128,109,145,221,
170.000000,219.000000,0.032801,13176667136.000000,0.684429,0,1
206,195,211,141,148,89,76,56,
238.000000,218.000000,0.032785,34294622208.000000,0.507486,0,1
195,132,255,91,182,247,98,68,
179.000000,217.000000,0.032586,6980186112.000000,0.655543,0,1
178,202,179,161,149,104,94,68,
211.000000,216.000000,0.031832,15984380928.000000,0.556070,0,1
223,189,102,177,128,61,164,125,
184.000000,209.000000,0.032795,57253720064.000000,0.647810,0,1
166,255,139,255,169,113,220,118,
204.000000,208.000000,0.032444,11818401792.000000,0.587074,0,1
216,185,238,179,195,233,163,192,
179.000000,187.000000,0.049378,4113399040.000000,1.167310,0,1
45,66,45,80,60,36,34,16,
551.000000,267.000000,0.071230,255585984.000000,1.477944,0,1
33,28,43,29,32,36,27,32,
444.000000,258.000000,0.058859,2984071680.000000,0.559033,0,1
132,110,132,111,137,158,128,133,
345.000000,257.000000,0.058415,725693312.000000,0.679659,0,1
82,75,93,76,102,127,110,91,
445.000000,255.000000,0.053596,2711629824.000000,0.386443,0,1
215,174,248,132,193,230,132,132,
351.000000,254.000000,0.052755,1066738176.000000,0.547178,0,1
103,98,103,91,115,139,110,104,
379.000000,215.000000,0.032119,3448289792.000000,0.151212,0,1
252,195,254,143,194,236,113,100,
363.000000,216.000000,0.033060,3065364992.000000,0.192489,0,1
250,217,196,206,128,107,88,96,
286.000000,223.000000,0.031743,6934897152.000000,0.370578,0,1
76,105,101,146,153,109,219,255,
506.000000,224.000000,0.035463,535724736.000000,0.321630,0,1
44,22,57,35,47,62,40,52,
472.000000,226.000000,0.039172,3866235648.000000,0.242400,0,1
117,229,70,249,126,64,172,66,
471.000000,227.000000,0.038885,2316565504.000000,0.219524,0,1
229,249,126,227,172,66,119,105,
482.000000,214.000000,0.052996,1435258240.000000,0.426279,0,1
41,52,34,55,41,35,49,44,
472.000000,245.000000,0.039333,4740270592.000000,0.287300,0,1
128,215,74,255,177,39,245,171,
472.000000,207.000000,0.040103,909676032.000000,0.192435,0,1
63,115,58,140,71,58,124,79,
472.000000,269.000000,0.042836,1612140416.000000,0.430150,0,1
119,140,108,146,120,100,139,119,
481.000000,200.000000,0.050202,1502815872.000000,0.359336,0,1
29,41,22,44,31,19,42,35,
