# timestamp
1608635157295866880

# fx, fy, cx, cy, width, height, npoints
501.480957,501.475708,421.797272,167.660950,800,400,583

# camToWorld: translation vector, rotation quaternion
-16.935416,37.543227,3.677477,0.699802,-0.187729,0.150882,-0.672510

# Exposure time (ms)
9.104468

# Point Cloud Data : 
# u,v,idepth_scaled,idepth_hessian,maxRelBaseline,numGoodRes,status 
# color information 
700.000000,64.000000,0.404772,800773.875000,1.205675,0,1
12,11,12,9,9,10,6,5,
738.000000,280.000000,0.182787,773274.375000,0.757881,0,1
2,3,2,4,3,3,8,9,
656.000000,60.000000,0.439113,361909.781250,1.106667,0,1
11,10,11,9,10,10,7,5,
480.000000,70.000000,0.260361,2380044.750000,0.392371,0,1
37,37,37,41,37,35,55,46,
684.000000,132.000000,0.151959,4836675.500000,0.612692,0,1
4,2,6,2,4,7,2,4,
704.000000,156.000000,0.146416,10800003.000000,0.644399,0,1
7,9,5,9,8,5,10,9,
684.000000,168.000000,0.151647,4106487.250000,0.618373,0,1
3,2,6,2,3,7,2,3,
685.000000,223.000000,0.154443,33341690.000000,0.658937,0,1
11,7,15,4,11,18,7,12,
685.000000,228.000000,0.158234,17820996.000000,0.674058,0,1
12,7,16,5,12,17,7,11,
685.000000,234.000000,0.158625,12153298.000000,0.680888,0,1
12,7,15,4,11,16,6,11,
684.000000,240.000000,0.157592,3827017.750000,0.393887,0,1
6,4,10,3,6,13,4,6,
684.000000,252.000000,0.156839,2424957.750000,0.400908,0,1
5,3,8,3,5,10,3,5,
435.000000,257.000000,0.121206,33834172.000000,0.229850,0,1
69,80,67,101,94,77,106,101,
481.000000,63.000000,0.227245,487698.250000,0.360841,0,1
24,21,21,28,26,25,30,25,
572.000000,66.000000,0.377890,1335679.500000,1.235643,0,1
6,6,6,8,9,8,14,15,
576.000000,68.000000,0.385788,3399197.750000,1.290525,0,1
7,11,8,14,10,6,13,11,
455.000000,72.000000,0.247523,1188869.375000,0.375835,0,1
46,31,35,39,41,40,42,35,
555.000000,76.000000,0.402640,4751452.000000,1.253803,0,1
10,8,16,5,11,19,8,6,
574.000000,76.000000,0.378081,1619954.750000,0.704226,0,1
15,16,11,17,13,7,13,8,
556.000000,78.000000,0.404267,7007769.000000,1.260763,0,1
16,10,18,6,10,17,5,6,
561.000000,82.000000,0.403687,3500450.750000,1.276833,0,1
20,16,18,9,13,15,8,6,
571.000000,209.000000,0.125529,34656200.000000,0.217306,0,1
22,17,33,12,29,39,20,33,
571.000000,210.000000,0.126745,42929808.000000,0.219927,0,1
26,18,37,13,32,44,21,34,
571.000000,218.000000,0.126570,89599712.000000,0.325556,0,1
36,22,47,15,36,50,21,34,
571.000000,224.000000,0.130204,56046568.000000,0.339285,0,1
34,20,44,13,32,45,17,29,
609.000000,224.000000,0.140738,44896600.000000,0.416983,0,1
28,36,21,36,29,14,36,30,
572.000000,238.000000,0.133709,40623916.000000,0.359342,0,1
30,21,34,13,29,34,19,27,
426.000000,256.000000,0.118083,49872760.000000,0.224103,0,1
101,96,89,123,106,102,131,128,
418.000000,264.000000,0.120030,202749936.000000,0.421392,0,1
120,81,105,78,93,115,78,76,
420.000000,266.000000,0.122652,212785520.000000,0.430098,0,1
115,95,94,76,76,82,63,60,
402.000000,273.000000,0.132427,24789998.000000,0.518693,0,1
81,76,73,71,78,94,75,63,
414.000000,276.000000,0.131811,45784512.000000,0.496989,0,1
78,73,73,59,65,64,55,53,
427.000000,282.000000,0.133638,29970220.000000,0.496192,0,1
63,65,58,51,51,51,45,42,
642.000000,282.000000,0.136244,12292531.000000,0.652482,0,1
14,11,13,7,7,9,6,6,
385.000000,287.000000,0.143603,63141820.000000,0.217120,0,1
131,142,132,124,121,83,90,76,
378.000000,288.000000,0.144559,95405784.000000,0.367908,0,1
108,115,126,85,107,128,69,69,
504.000000,284.000000,0.061327,5089741.000000,0.335816,0,1
23,23,20,23,22,19,23,21,
426.000000,282.000000,0.136176,38520544.000000,0.830271,0,1
59,58,66,49,52,52,45,44,
544.000000,280.000000,0.095923,7922865.500000,0.436394,0,1
16,16,14,16,15,13,15,14,
658.000000,272.000000,0.162941,2042733.625000,0.584410,0,1
3,4,4,6,7,9,10,11,
428.000000,269.000000,0.124086,75322144.000000,0.428265,0,1
91,94,75,78,79,59,63,55,
406.000000,115.000000,0.166828,3738293.000000,0.090735,0,1
40,53,44,103,52,45,58,51,
407.000000,261.000000,0.119001,188858768.000000,0.239227,0,1
163,163,163,133,140,146,84,73,
421.000000,55.000000,0.182469,24851680.000000,0.623969,0,1
14,15,16,16,19,18,26,22,
412.000000,58.000000,0.178275,20552328.000000,0.565872,0,1
14,15,16,16,20,23,24,21,
415.000000,58.000000,0.175978,17398858.000000,0.566102,0,1
14,16,14,22,21,18,29,22,
426.000000,59.000000,0.174731,13126759.000000,0.596491,0,1
26,17,17,22,22,20,27,20,
470.000000,59.000000,0.251459,1954752.000000,0.809108,0,1
15,17,17,22,22,21,26,23,
439.000000,60.000000,0.172683,13462002.000000,0.631408,0,1
24,16,16,25,24,22,29,20,
488.000000,60.000000,0.188308,2540846.000000,0.931301,0,1
14,15,15,20,19,18,27,22,
490.000000,60.000000,0.197880,2302806.500000,1.010225,0,1
14,15,15,19,18,17,27,22,
451.000000,61.000000,0.171226,11909826.000000,0.666617,0,1
25,15,16,28,26,24,29,20,
455.000000,61.000000,0.210064,6289526.500000,0.910521,0,1
25,18,19,24,21,20,31,23,
465.000000,62.000000,0.226115,1003048.625000,0.431706,0,1
25,19,20,27,26,24,29,24,
412.000000,67.000000,0.158836,14724129.000000,0.466890,0,1
20,19,16,31,28,25,30,27,
421.000000,67.000000,0.157546,15783865.000000,0.489096,0,1
23,20,21,23,22,22,35,26,
388.000000,68.000000,0.188264,24109202.000000,0.499028,0,1
16,17,17,27,25,24,33,30,
464.000000,68.000000,0.157015,12941346.000000,0.412079,0,1
33,38,34,57,50,43,31,41,
398.000000,69.000000,0.162632,20224638.000000,0.435518,0,1
30,25,23,34,32,18,31,32,
403.000000,69.000000,0.160797,10364224.000000,0.443604,0,1
17,18,18,19,27,27,32,33,
471.000000,69.000000,0.155668,74507936.000000,0.643167,0,1
29,33,32,33,29,40,41,49,
382.000000,70.000000,0.225201,17861294.000000,0.613740,0,1
17,18,23,29,28,31,31,23,
438.000000,71.000000,0.152926,19609218.000000,0.515805,0,1
38,24,25,33,31,31,35,29,
443.000000,71.000000,0.152048,21088474.000000,0.527766,0,1
35,30,33,31,29,27,41,27,
487.000000,71.000000,0.121390,29973818.000000,0.508702,0,1
41,33,28,56,39,30,44,36,
391.000000,73.000000,0.156514,15713854.000000,0.387003,0,1
37,36,38,27,27,28,26,26,
415.000000,73.000000,0.149334,14761183.000000,0.428977,0,1
33,37,38,40,41,42,28,34,
370.000000,74.000000,0.165594,7696295.000000,1.194323,0,1
16,16,17,20,19,21,26,20,
371.000000,74.000000,0.187312,12505093.000000,1.195530,0,1
17,15,21,20,20,21,28,21,
430.000000,74.000000,0.147153,15054854.000000,0.462367,0,1
29,39,36,37,38,39,28,37,
344.000000,76.000000,0.171564,62189.238281,0.326326,0,1
10,10,11,11,13,16,15,15,
482.000000,77.000000,0.131337,17887690.000000,0.359904,0,1
48,56,56,61,58,60,79,65,
453.000000,79.000000,0.113824,11156308.000000,0.381520,0,1
49,38,52,47,60,86,41,52,
399.000000,80.000000,0.136935,7145472.000000,0.333889,0,1
21,27,19,41,30,24,31,25,
512.000000,80.000000,0.110372,474104.437500,0.340701,0,1
15,15,15,15,14,13,14,14,
384.000000,81.000000,0.139416,5608972.000000,0.303877,0,1
31,31,33,25,26,28,21,22,
389.000000,81.000000,0.138344,8261362.000000,0.312577,0,1
30,36,39,28,29,29,23,25,
392.000000,81.000000,0.137414,9091678.000000,0.316997,0,1
30,39,40,29,29,30,25,25,
409.000000,82.000000,0.140674,6825879.000000,0.368204,0,1
32,37,39,31,30,30,25,28,
490.000000,82.000000,0.119952,39468300.000000,0.499257,0,1
40,45,39,61,48,40,52,55,
485.000000,83.000000,0.121070,41150324.000000,0.328030,0,1
81,145,109,88,84,63,83,90,
481.000000,88.000000,0.122359,23397610.000000,0.321814,0,1
113,125,134,154,175,210,237,255,
483.000000,88.000000,0.119409,101452224.000000,0.472856,0,1
111,134,145,175,210,227,253,255,
454.000000,89.000000,0.107894,38100784.000000,0.351545,0,1
70,69,81,58,68,70,62,75,
502.000000,90.000000,0.119100,17358066.000000,0.521228,0,1
33,34,36,37,41,37,42,51,
521.000000,90.000000,0.118825,30988866.000000,0.573184,0,1
16,23,13,25,19,9,24,20,
490.000000,91.000000,0.119344,1042834560.000000,0.488961,0,1
72,122,64,179,77,58,103,83,
502.000000,91.000000,0.118929,36187164.000000,0.519581,0,1
35,37,42,41,47,41,44,54,
504.000000,91.000000,0.118466,55533908.000000,0.522602,0,1
34,42,33,47,41,35,54,46,
446.000000,94.000000,0.111096,10853005.000000,0.342123,0,1
36,33,38,31,34,40,31,32,
452.000000,95.000000,0.107986,522582816.000000,0.343012,0,1
69,65,130,54,144,242,90,159,
521.000000,97.000000,0.119078,93254064.000000,0.570080,0,1
26,34,18,36,27,11,37,31,
453.000000,98.000000,0.105828,760138688.000000,0.334927,0,1
253,159,252,61,145,201,69,67,
491.000000,100.000000,0.117747,1179110784.000000,0.477422,0,1
72,133,88,224,173,108,251,173,
460.000000,104.000000,0.105239,373325632.000000,0.344186,0,1
91,64,104,51,81,90,52,72,
503.000000,104.000000,0.119242,91467792.000000,0.515585,0,1
78,76,50,82,62,33,47,23,
488.000000,105.000000,0.115129,458726048.000000,0.303620,0,1
254,175,254,94,200,172,118,136,
491.000000,105.000000,0.117387,1258877184.000000,0.472598,0,1
165,228,79,210,105,57,113,82,
460.000000,106.000000,0.105539,380196128.000000,0.344220,0,1
81,52,99,43,72,81,46,64,
351.000000,107.000000,0.117812,4062568.750000,1.100366,0,1
21,21,24,25,26,30,25,32,
474.000000,109.000000,0.105817,19523982.000000,0.375247,0,1
68,70,93,101,124,148,150,123,
318.000000,110.000000,0.102514,2398149.750000,0.566480,0,1
18,17,23,17,21,25,19,23,
368.000000,110.000000,0.107328,7285172.000000,0.817223,0,1
30,29,36,29,32,40,30,33,
390.000000,110.000000,0.168069,8489482.000000,0.869340,0,1
39,42,39,39,41,39,41,47,
394.000000,110.000000,0.165106,8765032.000000,0.366457,0,1
34,37,37,39,38,37,41,46,
467.000000,110.000000,0.108727,24137216.000000,0.370704,0,1
50,55,68,69,89,112,94,87,
331.000000,112.000000,0.102027,1768740.375000,0.233445,0,1
18,19,19,20,24,23,24,29,
338.000000,112.000000,0.180597,894412.375000,0.690300,0,1
20,21,21,21,26,25,26,31,
471.000000,112.000000,0.106557,57878496.000000,0.370014,0,1
135,109,117,88,91,93,59,35,
490.000000,112.000000,0.114524,98530264.000000,0.452286,0,1
85,66,38,58,35,25,40,24,
465.000000,115.000000,0.107786,222514704.000000,0.359803,0,1
83,110,64,94,78,43,78,37,
350.000000,118.000000,0.058461,3171760.750000,0.293299,0,1
33,29,38,30,34,42,31,36,
380.000000,118.000000,0.170285,220503040.000000,0.257132,0,1
197,66,249,55,170,255,58,124,
376.000000,119.000000,0.115848,1252714.875000,0.120289,0,1
51,45,55,42,51,57,47,54,
322.000000,120.000000,0.100111,1386526.750000,0.588384,0,1
22,23,26,30,29,32,34,34,
363.000000,122.000000,0.103914,3571116.250000,0.156600,0,1
44,38,50,39,47,53,50,54,
316.000000,123.000000,0.105070,3461000.000000,0.570453,0,1
28,24,33,23,31,34,28,34,
335.000000,123.000000,0.146383,8267000.500000,1.309767,0,1
27,32,31,39,37,41,42,43,
344.000000,124.000000,0.060032,4720241.000000,0.311937,0,1
40,36,45,34,42,46,39,41,
396.000000,124.000000,0.160824,30822280.000000,0.249636,0,1
253,211,217,149,140,120,104,54,
351.000000,125.000000,0.056072,2939095.250000,0.087082,0,1
46,41,49,39,48,50,41,41,
327.000000,126.000000,0.053033,1533268.750000,0.351222,0,1
37,38,37,32,36,31,29,30,
384.000000,126.000000,0.168748,110533832.000000,0.318500,0,1
216,120,176,57,61,65,56,55,
386.000000,126.000000,0.158749,22350394.000000,0.190556,0,1
251,176,179,61,65,65,57,56,
242.000000,130.000000,0.112080,2763918.000000,0.464983,0,1
23,23,24,24,26,24,35,37,
337.000000,132.000000,0.092460,13201082.000000,0.158115,0,1
42,44,46,49,54,55,87,188,
343.000000,132.000000,0.103365,7582465.000000,0.161934,0,1
46,49,49,56,56,56,88,178,
350.000000,132.000000,0.108856,2396611.000000,0.461310,0,1
48,50,51,55,54,55,63,78,
363.000000,132.000000,0.111986,18653966.000000,0.868456,0,1
51,53,54,58,59,60,82,178,
370.000000,132.000000,0.103496,10988203.000000,0.346682,0,1
52,55,56,60,62,63,85,178,
373.000000,132.000000,0.096705,14349337.000000,0.168519,0,1
53,56,56,63,64,64,104,200,
434.000000,132.000000,0.066076,11865918.000000,0.161451,0,1
34,35,34,44,41,39,71,131,
445.000000,132.000000,0.072705,27522128.000000,0.195115,0,1
30,31,30,36,34,34,57,92,
466.000000,132.000000,0.075476,4782703.500000,0.235202,0,1
25,25,25,34,33,30,64,105,
533.000000,132.000000,0.083626,6579535.000000,0.387568,0,1
14,15,15,23,24,20,45,50,
345.000000,134.000000,0.104270,6828187.000000,0.060428,0,1
56,85,80,178,172,145,255,255,
374.000000,134.000000,0.089079,3074064.250000,0.150663,0,1
64,105,99,199,196,190,255,255,
378.000000,134.000000,0.088563,1965741.625000,0.147013,0,1
64,97,97,190,190,191,255,255,
391.000000,134.000000,0.090006,17284568.000000,0.135794,0,1
62,99,79,201,184,94,255,255,
352.000000,135.000000,0.110670,13250608.000000,0.119151,0,1
62,80,88,153,171,183,253,255,
272.000000,139.000000,0.041659,31020786.000000,0.151226,0,1
27,29,32,31,40,44,40,55,
311.000000,139.000000,0.069712,2430639.250000,0.013017,0,1
50,69,68,174,178,156,253,255,
500.000000,141.000000,0.056596,291396448.000000,0.144165,0,1
205,149,255,156,226,250,92,85,
505.000000,141.000000,0.057809,450897792.000000,0.219954,0,1
169,255,175,249,244,155,154,163,
259.000000,144.000000,0.031382,23475992.000000,0.128714,0,1
33,46,33,48,42,30,40,37,
618.000000,144.000000,0.139029,6948918.500000,0.686873,0,1
8,9,9,14,13,7,14,13,
251.000000,146.000000,0.060626,17621524.000000,0.262646,0,1
30,30,30,30,32,34,41,75,
586.000000,146.000000,0.124845,8498341.000000,0.800771,0,1
17,17,15,16,13,9,16,12,
241.000000,148.000000,0.022753,77714096.000000,0.037196,0,1
34,62,45,159,156,55,244,145,
414.000000,150.000000,0.044114,85610488.000000,0.086963,0,1
153,173,154,218,185,205,232,211,
41.000000,152.000000,0.026721,161256448.000000,0.077461,0,1
26,31,38,42,72,109,102,219,
52.000000,152.000000,0.022819,642320704.000000,0.063409,0,1
26,72,51,172,142,62,233,201,
546.000000,152.000000,0.116137,165729840.000000,0.607964,0,1
11,15,10,35,12,9,16,12,
61.000000,153.000000,0.023803,486049216.000000,0.064157,0,1
32,48,59,75,116,73,205,255,
141.000000,153.000000,0.021736,138136192.000000,0.040416,0,1
255,208,252,181,233,255,197,217,
602.000000,153.000000,0.127351,5815156.000000,0.580355,0,1
7,10,7,16,13,8,17,16,
62.000000,154.000000,0.021906,684901120.000000,0.058683,0,1
59,116,73,205,191,56,255,106,
269.000000,154.000000,0.035571,5785430.500000,0.022673,0,1
61,135,82,103,95,57,89,88,
275.000000,154.000000,0.037264,22176432.000000,0.133078,0,1
51,53,40,51,43,32,45,37,
447.000000,154.000000,0.047803,102307432.000000,0.123653,0,1
165,169,199,201,203,249,249,239,
599.000000,155.000000,0.128847,2754257.500000,0.577871,0,1
16,17,17,15,13,16,10,8,
63.000000,156.000000,0.021703,902757824.000000,0.057919,0,1
124,203,57,138,76,66,89,80,
488.000000,156.000000,0.055461,175376304.000000,0.131647,0,1
126,177,123,241,173,172,246,251,
546.000000,156.000000,0.116767,161845504.000000,0.611974,0,1
12,19,11,52,14,10,21,14,
620.000000,156.000000,0.138865,12431926.000000,0.689415,0,1
8,11,6,14,8,5,11,9,
40.000000,163.000000,0.030817,1520998912.000000,0.090234,0,1
109,89,167,64,165,248,104,111,
45.000000,163.000000,0.018917,487344448.000000,0.053616,0,1
164,168,119,246,162,97,202,172,
599.000000,164.000000,0.125746,6069775.000000,0.567365,0,1
17,17,17,16,14,11,10,8,
189.000000,165.000000,0.019201,61163528.000000,0.021686,0,1
242,180,237,136,167,228,150,165,
206.000000,166.000000,0.020156,58573508.000000,0.022635,0,1
151,151,202,134,202,250,155,143,
463.000000,166.000000,0.051125,337398336.000000,0.149114,0,1
181,187,136,201,162,118,213,187,
286.000000,167.000000,0.047378,1254595.000000,0.191214,0,1
20,21,22,28,29,32,40,53,
288.000000,167.000000,0.031543,4377808.500000,0.117973,0,1
22,22,24,29,32,32,49,59,
332.000000,167.000000,0.052818,7237781.500000,0.083483,0,1
131,96,215,115,130,255,96,125,
46.000000,169.000000,0.022251,559088704.000000,0.063236,0,1
118,127,151,139,209,217,193,196,
176.000000,169.000000,0.018424,52424232.000000,0.023089,0,1
255,240,251,147,209,191,124,166,
262.000000,170.000000,0.024322,22660726.000000,0.038024,0,1
33,44,29,67,48,36,76,68,
220.000000,171.000000,0.031284,23159666.000000,0.047146,0,1
253,233,244,196,199,204,166,153,
298.000000,171.000000,0.043259,15950373.000000,0.328127,0,1
34,40,34,50,43,33,49,42,
154.000000,172.000000,0.022157,26650290.000000,0.032361,0,1
242,164,198,188,227,254,245,209,
273.000000,172.000000,0.039604,121726024.000000,0.144748,0,1
25,38,20,73,26,21,41,26,
41.000000,173.000000,0.030026,771574912.000000,0.087785,0,1
92,70,108,55,91,123,83,105,
70.000000,173.000000,0.022000,870871168.000000,0.057514,0,1
231,176,239,104,186,224,116,199,
281.000000,173.000000,0.038773,51422808.000000,0.058603,0,1
32,28,46,25,62,82,34,63,
508.000000,173.000000,0.058743,1114995968.000000,0.228108,0,1
153,244,120,235,177,73,208,188,
288.000000,174.000000,0.026063,3109176.750000,0.037914,0,1
31,47,34,86,72,36,98,71,
616.000000,174.000000,0.138006,1935411.125000,0.679192,0,1
13,13,12,13,12,11,10,7,
194.000000,175.000000,0.022489,30248280.000000,0.050369,0,1
159,137,153,142,152,173,138,137,
261.000000,175.000000,0.026665,67756944.000000,0.110210,0,1
62,45,51,28,38,39,27,27,
214.000000,176.000000,0.026358,16025364.000000,0.052061,0,1
165,153,153,124,133,124,106,86,
314.000000,176.000000,0.061231,1150904.375000,0.092277,0,1
42,44,49,32,36,42,29,31,
71.000000,177.000000,0.024114,148120208.000000,0.063117,0,1
219,197,209,142,152,156,118,118,
224.000000,177.000000,0.020132,15007015.000000,0.030339,0,1
192,173,160,128,140,132,114,103,
234.000000,177.000000,0.020737,46256076.000000,0.105178,0,1
113,88,73,94,77,62,79,78,
587.000000,177.000000,0.122706,5987676.000000,0.788527,0,1
10,13,9,17,14,12,18,18,
41.000000,178.000000,0.030120,1135236992.000000,0.088252,0,1
118,87,173,55,114,161,58,72,
176.000000,179.000000,0.023039,22307624.000000,0.065235,0,1
142,139,149,124,136,136,114,95,
245.000000,179.000000,0.031598,129058216.000000,0.145523,0,1
27,40,23,66,29,20,29,26,
32.000000,182.000000,0.030306,435653632.000000,0.091540,0,1
84,98,57,104,78,37,71,43,
41.000000,182.000000,0.029400,400079168.000000,0.086224,0,1
72,50,88,36,62,91,36,37,
42.000000,182.000000,0.029779,350088640.000000,0.087102,0,1
89,70,104,45,78,90,44,42,
70.000000,182.000000,0.022653,65702168.000000,0.059578,0,1
107,84,94,61,71,74,58,59,
91.000000,182.000000,0.023209,33168782.000000,0.056274,0,1
128,89,93,74,75,77,72,72,
146.000000,182.000000,0.022967,68455672.000000,0.068476,0,1
150,132,143,105,117,120,92,76,
207.000000,182.000000,0.031818,5957457.000000,0.187264,0,1
71,74,73,64,66,69,55,59,
282.000000,182.000000,0.034439,81527768.000000,0.119830,0,1
45,30,49,23,37,48,26,31,
118.000000,184.000000,0.036326,8088224.000000,0.118026,0,1
113,104,110,95,96,98,80,74,
189.000000,184.000000,0.029898,5061626.500000,0.068895,0,1
75,78,71,78,72,63,56,56,
608.000000,184.000000,0.138666,3035993.000000,0.662070,0,1
11,11,9,16,14,9,16,13,
222.000000,185.000000,0.024195,4408262.500000,0.048142,0,1
70,64,77,58,68,79,59,61,
198.000000,186.000000,0.039118,4689643.000000,0.240626,0,1
53,51,54,57,57,59,73,75,
225.000000,186.000000,0.013969,18500554.000000,0.076994,0,1
70,79,62,71,65,54,65,58,
154.000000,187.000000,0.032548,7303112.000000,0.090090,0,1
83,76,75,55,61,60,52,62,
241.000000,187.000000,0.034748,9098163.000000,0.164645,0,1
36,38,33,41,37,38,46,48,
333.000000,189.000000,0.119696,1118742.875000,0.227410,0,1
53,51,56,51,42,40,46,38,
187.000000,190.000000,0.039458,8641405.000000,0.095396,0,1
66,58,68,63,70,82,70,58,
342.000000,190.000000,0.067350,5387794.500000,0.107043,0,1
62,68,75,44,52,64,41,39,
197.000000,191.000000,0.039724,5841381.000000,0.264665,0,1
63,72,69,73,68,65,53,38,
203.000000,191.000000,0.041472,14475194.000000,0.250021,0,1
68,72,72,63,63,67,47,41,
215.000000,191.000000,0.039683,5109251.500000,0.224826,0,1
64,60,62,51,52,52,44,44,
217.000000,191.000000,0.039357,5398745.500000,0.216072,0,1
63,62,61,52,52,50,44,44,
258.000000,191.000000,0.042057,7881518.500000,0.179659,0,1
30,37,36,44,44,43,50,55,
351.000000,191.000000,0.062161,8840608.000000,0.095895,0,1
53,97,80,62,66,58,50,47,
189.000000,192.000000,0.039886,11195485.000000,0.094479,0,1
82,75,78,58,63,63,45,41,
487.000000,192.000000,0.065088,20919178.000000,0.230164,0,1
254,240,252,228,241,251,221,227,
179.000000,193.000000,0.036668,3596610.000000,0.102492,0,1
61,58,57,49,47,45,40,38,
154.000000,194.000000,0.040416,1520212.250000,0.124649,0,1
63,62,58,59,52,50,47,51,
167.000000,194.000000,0.042428,12191696.000000,0.111726,0,1
68,57,60,47,46,47,39,38,
272.000000,194.000000,0.043475,30144226.000000,0.164510,0,1
38,50,46,63,61,56,73,81,
366.000000,194.000000,0.061708,8177059.000000,0.096814,0,1
81,105,118,63,68,77,60,60,
119.000000,195.000000,0.042647,26642130.000000,0.138787,0,1
54,60,52,67,51,48,51,40,
152.000000,195.000000,0.036623,1566332.250000,0.121443,0,1
62,59,57,52,50,42,46,45,
260.000000,195.000000,0.042108,5372981.500000,0.175651,0,1
56,61,60,67,65,64,73,77,
281.000000,195.000000,0.045664,24707008.000000,0.161113,0,1
34,45,47,63,63,63,78,90,
290.000000,195.000000,0.045859,37029976.000000,0.391848,0,1
26,36,29,54,49,43,69,82,
204.000000,196.000000,0.032364,989533.187500,0.204169,0,1
43,43,45,40,41,42,40,38,
282.000000,196.000000,0.045624,25456778.000000,0.159252,0,1
47,63,63,78,80,79,90,98,
293.000000,196.000000,0.047261,41031180.000000,0.391640,0,1
39,43,40,64,56,49,77,90,
117.000000,197.000000,0.044748,21279398.000000,0.145810,0,1
67,67,51,60,50,40,52,40,
294.000000,197.000000,0.047681,55500372.000000,0.389134,0,1
40,56,49,77,72,64,90,102,
44.000000,200.000000,0.026152,2790279.500000,0.076551,0,1
44,40,42,33,35,35,29,25,
264.000000,200.000000,0.051814,1858830.500000,0.239979,0,1
82,85,87,88,92,94,93,95,
342.000000,200.000000,0.070200,1932642.750000,0.118234,0,1
40,54,64,34,40,46,32,33,
343.000000,200.000000,0.068164,2427284.500000,0.114699,0,1
38,61,62,37,43,53,34,34,
309.000000,201.000000,0.052032,100299584.000000,0.373709,0,1
36,57,44,85,72,57,100,107,
391.000000,201.000000,0.069598,71027816.000000,0.087273,0,1
255,249,248,163,148,135,99,89,
364.000000,202.000000,0.063723,11571744.000000,0.102342,0,1
55,56,55,68,58,56,74,69,
594.000000,202.000000,0.126190,2470556.500000,0.559808,0,1
9,9,7,17,14,8,19,18,
521.000000,203.000000,0.063279,535577728.000000,0.186946,0,1
99,44,140,34,81,92,57,97,
531.000000,203.000000,0.060447,337366080.000000,0.270417,0,1
58,74,30,203,112,24,126,61,
532.000000,203.000000,0.060803,454026688.000000,0.273510,0,1
66,47,26,183,46,20,94,52,
588.000000,203.000000,0.135365,2428735.000000,0.594139,0,1
9,13,13,17,16,17,20,18,
303.000000,204.000000,0.051185,25282554.000000,0.370793,0,1
108,119,116,127,128,126,141,145,
314.000000,204.000000,0.054617,129964872.000000,0.371358,0,1
59,86,73,116,106,94,131,142,
361.000000,204.000000,0.065461,15163788.000000,0.111473,0,1
67,68,73,50,54,64,50,48,
597.000000,204.000000,0.132645,5383257.500000,0.601806,0,1
8,12,12,17,15,18,20,18,
321.000000,205.000000,0.056630,180150208.000000,0.361581,0,1
40,72,58,112,106,96,137,152,
354.000000,205.000000,0.105208,1562304.250000,0.148860,0,1
47,41,54,37,46,57,40,39,
368.000000,205.000000,0.066428,18799682.000000,0.105768,0,1
63,77,83,58,67,73,51,47,
608.000000,205.000000,0.135037,10015269.000000,0.653922,0,1
10,14,8,18,13,8,18,16,
277.000000,206.000000,0.060061,21664420.000000,0.217835,0,1
121,106,111,98,101,106,95,95,
108.000000,207.000000,0.053622,17269756.000000,0.181021,0,1
33,29,40,30,41,45,41,45,
475.000000,208.000000,0.069999,10924912.000000,0.237686,0,1
221,219,218,227,226,220,245,234,
336.000000,209.000000,0.061908,221962688.000000,0.137972,0,1
49,76,63,129,107,87,166,179,
343.000000,209.000000,0.063154,172994464.000000,0.331165,0,1
41,50,47,75,70,62,114,159,
391.000000,209.000000,0.069290,60275868.000000,0.105167,0,1
85,83,86,88,96,107,143,237,
452.000000,209.000000,0.066410,46625744.000000,0.195231,0,1
255,249,245,247,240,237,233,226,
461.000000,209.000000,0.065677,73871864.000000,0.203949,0,1
255,247,246,223,217,212,208,230,
482.000000,209.000000,0.071881,23018862.000000,0.255318,0,1
195,208,200,241,229,222,245,219,
501.000000,209.000000,0.070068,37356008.000000,0.275344,0,1
112,111,104,167,156,142,231,188,
504.000000,209.000000,0.069825,35868112.000000,0.278654,0,1
100,99,95,152,132,113,216,170,
516.000000,209.000000,0.068335,98893560.000000,0.289368,0,1
99,97,99,98,110,114,146,210,
391.000000,210.000000,0.067799,95217120.000000,0.104576,0,1
85,91,101,134,152,172,228,255,
475.000000,210.000000,0.067584,23617738.000000,0.229253,0,1
226,245,245,236,234,236,216,206,
510.000000,210.000000,0.068906,55517140.000000,0.283581,0,1
95,100,87,159,136,121,202,200,
513.000000,210.000000,0.068263,120184864.000000,0.284967,0,1
89,86,98,124,127,146,202,200,
462.000000,211.000000,0.071950,29856938.000000,0.228082,0,1
214,206,211,231,231,232,246,225,
482.000000,211.000000,0.068602,17986666.000000,0.243008,0,1
229,245,253,211,219,220,205,190,
483.000000,211.000000,0.068990,32706004.000000,0.245928,0,1
224,251,251,216,220,216,205,187,
534.000000,212.000000,0.071641,111134576.000000,0.334430,0,1
135,163,152,114,109,99,91,84,
437.000000,214.000000,0.074727,13185928.000000,0.204555,0,1
248,240,240,245,242,244,251,254,
291.000000,215.000000,0.069035,18656214.000000,0.555541,0,1
126,120,129,108,116,124,108,110,
294.000000,215.000000,0.071550,20936646.000000,0.559370,0,1
134,132,136,121,127,130,114,111,
450.000000,215.000000,0.074183,54153864.000000,0.221061,0,1
242,237,225,250,234,234,240,241,
364.000000,216.000000,0.071550,197564528.000000,0.128068,0,1
56,58,58,88,77,70,146,185,
371.000000,216.000000,0.070942,460483584.000000,0.637730,0,1
53,57,57,65,64,62,87,128,
545.000000,216.000000,0.118458,939415744.000000,0.638401,0,1
43,72,26,116,60,21,108,62,
546.000000,216.000000,0.118027,962214400.000000,0.638499,0,1
25,46,20,97,28,19,65,30,
605.000000,216.000000,0.133657,12219260.000000,0.379350,0,1
30,27,30,14,20,29,15,19,
609.000000,216.000000,0.142226,29922440.000000,0.690914,0,1
19,26,13,29,21,9,29,24,
298.000000,217.000000,0.073448,23471298.000000,0.554199,0,1
134,127,134,117,127,136,115,115,
361.000000,217.000000,0.070899,254033984.000000,0.131409,0,1
62,103,88,170,164,146,179,180,
472.000000,217.000000,0.072569,28119394.000000,0.246988,0,1
229,225,224,214,215,213,200,190,
546.000000,217.000000,0.117722,970173504.000000,0.637059,0,1
26,60,21,108,30,19,62,29,
371.000000,218.000000,0.072605,269439424.000000,0.124748,0,1
64,87,80,151,128,114,183,178,
455.000000,218.000000,0.074118,13657434.000000,0.229264,0,1
237,237,239,226,231,236,213,197,
327.000000,219.000000,0.075380,23325200.000000,0.462921,0,1
163,154,162,147,151,154,140,136,
379.000000,219.000000,0.073726,472339808.000000,0.616478,0,1
75,94,96,137,141,146,168,176,
428.000000,219.000000,0.079566,34904600.000000,0.209790,0,1
252,242,236,230,227,224,210,194,
420.000000,221.000000,0.080740,65190436.000000,0.203437,0,1
248,242,240,229,217,214,207,192,
276.000000,222.000000,0.067820,15570807.000000,0.252139,0,1
74,69,73,66,68,71,64,62,
318.000000,223.000000,0.081514,16466802.000000,0.535544,0,1
134,130,131,117,124,125,115,114,
408.000000,223.000000,0.081033,77554272.000000,0.189485,0,1
232,252,230,220,213,222,192,186,
441.000000,223.000000,0.079230,49524608.000000,0.229611,0,1
209,192,191,174,174,172,161,144,
610.000000,223.000000,0.140171,30889896.000000,0.684712,0,1
18,28,13,36,21,12,29,21,
404.000000,224.000000,0.082982,86423864.000000,0.190103,0,1
255,220,226,195,196,193,190,168,
406.000000,224.000000,0.082067,100792152.000000,0.190347,0,1
254,226,216,196,193,188,188,174,
414.000000,224.000000,0.080451,65838708.000000,0.196590,0,1
222,216,208,198,187,179,188,173,
462.000000,224.000000,0.079391,72695208.000000,0.261742,0,1
173,170,163,161,158,150,145,131,
469.000000,224.000000,0.086381,106596872.000000,0.306199,0,1
166,158,156,151,148,145,137,128,
524.000000,224.000000,0.082264,68025792.000000,0.378064,0,1
95,91,89,83,81,81,73,71,
545.000000,224.000000,0.115758,417359776.000000,0.625485,0,1
49,65,26,74,44,18,62,41,
546.000000,224.000000,0.116123,464328800.000000,0.630794,0,1
27,44,19,65,25,17,43,25,
477.000000,225.000000,0.084530,102885248.000000,0.289609,0,1
149,142,140,133,132,129,123,117,
398.000000,226.000000,0.082956,27692016.000000,0.183809,0,1
199,195,203,193,193,191,175,163,
342.000000,228.000000,0.085026,42653640.000000,0.457176,0,1
160,162,168,152,151,147,137,126,
346.000000,228.000000,0.084888,54717544.000000,0.187331,0,1
172,176,183,147,146,148,138,142,
352.000000,228.000000,0.087456,14182809.000000,0.183689,0,1
172,177,174,153,161,171,159,157,
357.000000,228.000000,0.085363,12350115.000000,0.143493,0,1
181,186,187,172,177,174,167,164,
426.000000,228.000000,0.081032,30531626.000000,0.230928,0,1
172,162,164,154,153,165,145,145,
430.000000,228.000000,0.082145,28659692.000000,0.227643,0,1
164,162,159,165,162,155,159,143,
447.000000,228.000000,0.081680,73603520.000000,0.249881,0,1
142,138,125,141,129,112,124,111,
448.000000,228.000000,0.081583,83303656.000000,0.251036,0,1
140,132,117,137,120,107,119,109,
391.000000,230.000000,0.089443,99609520.000000,0.664720,0,1
180,178,178,170,170,167,159,144,
301.000000,231.000000,0.088297,15267057.000000,0.654691,0,1
93,93,98,84,91,91,78,78,
392.000000,231.000000,0.088875,124065792.000000,0.656437,0,1
178,170,167,159,154,149,144,145,
403.000000,231.000000,0.084689,32281966.000000,0.285892,0,1
169,168,168,159,156,156,149,143,
433.000000,231.000000,0.082019,43438308.000000,0.232603,0,1
149,141,138,133,130,126,127,118,
440.000000,231.000000,0.084073,57499856.000000,0.249697,0,1
144,129,128,113,113,111,107,110,
546.000000,231.000000,0.115192,218407840.000000,0.629332,0,1
23,35,16,45,21,14,33,21,
96.000000,232.000000,0.090703,6418805.000000,0.317110,0,1
27,26,23,26,24,19,25,20,
272.000000,232.000000,0.072651,5866991.000000,0.282361,0,1
46,44,47,39,41,44,37,37,
348.000000,232.000000,0.089160,75715840.000000,0.197614,0,1
151,146,157,126,138,142,108,107,
447.000000,232.000000,0.077201,27046262.000000,0.236841,0,1
111,113,115,102,107,111,98,99,
309.000000,233.000000,0.091482,14277285.000000,0.632813,0,1
93,89,93,82,86,89,76,76,
385.000000,233.000000,0.093259,101605264.000000,0.724172,0,1
164,163,157,156,149,144,139,137,
454.000000,233.000000,0.085999,18176688.000000,0.220092,0,1
117,112,116,102,106,110,95,98,
482.000000,234.000000,0.090419,42306308.000000,0.321998,0,1
97,93,94,88,89,84,77,75,
545.000000,234.000000,0.115079,155692944.000000,0.627896,0,1
33,42,21,47,32,16,43,32,
295.000000,235.000000,0.084607,5896123.000000,0.113500,0,1
88,93,91,86,90,85,75,71,
318.000000,235.000000,0.093459,19671360.000000,0.590234,0,1
96,89,92,81,84,84,73,70,
340.000000,235.000000,0.086651,20506242.000000,0.477044,0,1
120,118,121,104,108,114,99,97,
416.000000,235.000000,0.084147,9971208.000000,0.277660,0,1
139,141,139,136,135,131,129,126,
473.000000,235.000000,0.087182,24008666.000000,0.347635,0,1
94,97,95,94,87,83,79,78,
365.000000,236.000000,0.095632,26070916.000000,0.192424,0,1
156,153,152,146,144,143,135,134,
463.000000,236.000000,0.092383,46034360.000000,0.377224,0,1
103,94,96,73,81,85,76,87,
285.000000,237.000000,0.081428,13877589.000000,0.695358,0,1
60,56,63,48,56,60,48,47,
289.000000,237.000000,0.084491,14637224.000000,0.693529,0,1
75,70,71,60,62,64,52,51,
358.000000,237.000000,0.095362,36771724.000000,0.202305,0,1
146,139,144,132,137,134,122,121,
460.000000,237.000000,0.091338,15759406.000000,0.388213,0,1
90,76,73,86,81,76,90,88,
242.000000,238.000000,0.087820,7942086.500000,0.404045,0,1
34,30,34,27,31,34,27,28,
463.000000,238.000000,0.094094,17005784.000000,0.386226,0,1
81,76,75,90,87,84,89,86,
621.000000,238.000000,0.136086,17187316.000000,0.701969,0,1
18,25,13,31,19,10,26,19,
322.000000,239.000000,0.095625,31786368.000000,0.261579,0,1
67,63,63,65,78,72,94,102,
411.000000,239.000000,0.092940,18979180.000000,0.165625,0,1
138,149,136,149,143,129,140,126,
92.000000,240.000000,0.098482,1851921.000000,0.347713,0,1
24,24,20,25,22,18,22,18,
436.000000,240.000000,0.091157,17395034.000000,0.267705,0,1
116,117,114,116,111,105,105,96,
545.000000,240.000000,0.116399,155521136.000000,0.641352,0,1
31,42,21,47,32,14,42,31,
475.000000,241.000000,0.096687,17430556.000000,0.372781,0,1
81,81,83,71,74,78,66,67,
314.000000,242.000000,0.096901,31020738.000000,0.149998,0,1
64,69,89,59,78,96,56,52,
367.000000,242.000000,0.096788,61598176.000000,0.195496,0,1
121,120,119,134,133,138,157,155,
391.000000,242.000000,0.102610,32954200.000000,0.242696,0,1
134,132,135,144,144,146,155,158,
430.000000,242.000000,0.095856,10987922.000000,0.285437,0,1
109,113,111,109,105,105,97,96,
293.000000,243.000000,0.099469,37634596.000000,0.132831,0,1
62,71,63,99,106,96,111,93,
294.000000,243.000000,0.098865,38262848.000000,0.131336,0,1
62,69,60,107,95,94,119,90,
360.000000,243.000000,0.099264,68723576.000000,0.194459,0,1
126,127,126,133,135,144,160,153,
383.000000,243.000000,0.100907,76129760.000000,0.193780,0,1
149,138,142,113,120,132,106,135,
402.000000,243.000000,0.101277,55140156.000000,0.180923,0,1
143,154,152,163,167,160,184,183,
546.000000,243.000000,0.115933,162494816.000000,0.643445,0,1
21,31,14,41,20,13,32,21,
272.000000,244.000000,0.065682,5338617.000000,0.267792,0,1
31,29,30,24,25,25,19,19,
301.000000,244.000000,0.097805,33179868.000000,0.149728,0,1
88,83,86,57,53,52,44,52,
293.000000,245.000000,0.095387,20987104.000000,0.129303,0,1
106,111,111,86,93,85,65,56,
321.000000,245.000000,0.099151,25382080.000000,0.285396,0,1
71,77,77,62,68,65,61,60,
413.000000,245.000000,0.098973,29589794.000000,0.335208,0,1
127,137,126,131,122,117,117,108,
545.000000,245.000000,0.114952,109435528.000000,0.635593,0,1
31,41,21,43,31,14,37,26,
546.000000,245.000000,0.115308,130456360.000000,0.640823,0,1
20,32,14,40,21,12,30,19,
621.000000,245.000000,0.133165,26234906.000000,0.691071,0,1
18,23,12,26,17,9,23,17,
286.000000,246.000000,0.086879,13028838.000000,0.131257,0,1
66,67,74,53,63,61,46,41,
301.000000,246.000000,0.101930,13658045.000000,0.160449,0,1
53,44,45,57,52,48,75,67,
355.000000,246.000000,0.104563,58369872.000000,0.205325,0,1
147,157,156,144,136,138,129,137,
381.000000,246.000000,0.104039,427555968.000000,0.237207,0,1
103,116,129,137,170,188,220,242,
385.000000,246.000000,0.104229,265390848.000000,0.243450,0,1
120,136,139,188,193,175,255,223,
335.000000,247.000000,0.090897,68353392.000000,0.240362,0,1
95,98,105,85,89,93,77,75,
341.000000,247.000000,0.098584,44206528.000000,0.549751,0,1
118,118,126,101,109,116,94,90,
394.000000,248.000000,0.106819,88430848.000000,0.183791,0,1
151,139,151,143,188,182,182,190,
372.000000,249.000000,0.105877,235729760.000000,0.233935,0,1
125,126,149,137,164,230,162,212,
406.000000,249.000000,0.108599,59792616.000000,0.201900,0,1
125,120,117,165,151,135,183,142,
571.000000,249.000000,0.129476,16548209.000000,0.548186,0,1
16,10,23,9,15,27,9,14,
360.000000,250.000000,0.106987,39579492.000000,0.223047,0,1
157,173,176,149,171,188,136,140,
366.000000,250.000000,0.106498,68438648.000000,0.229221,0,1
148,159,134,186,161,159,190,173,
427.000000,251.000000,0.104757,15498558.000000,0.338884,0,1
103,105,97,97,90,84,87,82,
84.000000,252.000000,0.114750,108217.484375,0.248565,0,1
20,20,18,19,19,15,19,17,
382.000000,252.000000,0.108662,35094088.000000,0.179407,0,1
141,167,145,180,164,142,155,159,
394.000000,252.000000,0.109205,76994600.000000,0.214828,0,1
190,143,199,130,151,167,140,142,
621.000000,252.000000,0.134202,25051996.000000,0.549138,0,1
15,20,10,21,14,8,18,14,
427.000000,254.000000,0.115735,19458954.000000,0.218284,0,1
83,91,77,102,90,76,91,102,
80.000000,256.000000,0.109178,223222.234375,0.348422,0,1
18,18,18,19,18,18,20,19,
308.000000,256.000000,0.086508,4249109.500000,0.683243,0,1
49,47,47,43,44,44,40,39,
349.000000,258.000000,0.114752,156183168.000000,0.242989,0,1
114,131,160,108,177,163,127,117,
351.000000,258.000000,0.115635,183378464.000000,0.247511,0,1
113,160,108,177,163,112,200,122,
363.000000,258.000000,0.115537,61169204.000000,1.086849,0,1
121,119,129,106,112,121,100,110,
368.000000,258.000000,0.113971,108988120.000000,0.264363,0,1
141,143,159,124,157,172,114,125,
373.000000,258.000000,0.115176,66594272.000000,0.190093,0,1
176,170,150,163,166,147,174,186,
388.000000,258.000000,0.114143,81514576.000000,0.202926,0,1
159,184,165,202,172,146,161,129,
492.000000,258.000000,0.064810,10657130.000000,0.363935,0,1
52,51,51,48,48,47,46,41,
349.000000,259.000000,0.114766,174083904.000000,0.244790,0,1
164,130,207,118,159,184,114,97,
351.000000,259.000000,0.115479,200056224.000000,0.248882,0,1
126,207,113,159,184,111,128,95,
387.000000,259.000000,0.114514,125871760.000000,0.203891,0,1
184,202,172,179,161,143,131,116,
514.000000,260.000000,0.075331,8082922.000000,0.344772,0,1
44,40,45,36,39,47,36,38,
544.000000,260.000000,0.103669,42043632.000000,0.570056,0,1
16,24,17,33,25,17,34,32,
395.000000,261.000000,0.117965,58885456.000000,0.246213,0,1
137,133,129,126,116,113,114,98,
405.000000,261.000000,0.118086,171234048.000000,0.240983,0,1
149,156,163,131,133,140,84,75,
293.000000,263.000000,0.126488,4979288.500000,0.241745,0,1
25,28,24,33,30,24,35,35,
342.000000,263.000000,0.119897,542882176.000000,0.257901,0,1
82,87,95,117,136,160,182,194,
373.000000,263.000000,0.120200,267101264.000000,0.206286,0,1
138,139,155,166,196,221,231,255,
378.000000,263.000000,0.121436,106283056.000000,0.213707,0,1
133,144,130,211,182,153,249,193,
546.000000,263.000000,0.111461,62050700.000000,0.630219,0,1
19,26,16,33,20,13,28,20,
296.000000,265.000000,0.126480,4543197.500000,0.246814,0,1
26,28,26,35,32,25,38,37,
297.000000,266.000000,0.128215,4519246.500000,0.253455,0,1
26,32,25,38,33,26,37,37,
338.000000,266.000000,0.120175,125907680.000000,0.260387,0,1
128,131,183,79,141,192,94,107,
412.000000,266.000000,0.117408,12354324.000000,0.440333,0,1
78,105,89,86,79,72,82,78,
516.000000,266.000000,0.087342,1705438.000000,0.425419,0,1
38,32,36,29,31,36,28,28,
521.000000,266.000000,0.070064,162654240.000000,0.316421,0,1
49,44,45,37,39,38,34,32,
351.000000,267.000000,0.122905,571499776.000000,0.283831,0,1
240,219,228,141,147,129,95,80,
363.000000,267.000000,0.123934,122113080.000000,0.209943,0,1
143,111,141,103,131,241,112,191,
403.000000,267.000000,0.121818,11521077.000000,0.482781,0,1
94,96,97,83,85,92,77,77,
282.000000,268.000000,0.122470,924633.875000,0.724208,0,1
27,21,28,20,22,28,20,20,
379.000000,268.000000,0.124065,101435848.000000,0.190756,0,1
176,210,167,150,152,121,112,99,
371.000000,269.000000,0.127654,124454288.000000,0.195268,0,1
251,236,187,225,148,113,165,108,
444.000000,270.000000,0.116369,18095270.000000,0.632410,0,1
52,53,61,47,53,56,42,41,
546.000000,270.000000,0.112818,66703556.000000,0.646296,0,1
20,26,12,32,20,10,32,21,
391.000000,271.000000,0.126714,20495324.000000,0.157136,0,1
97,110,116,89,93,92,82,75,
419.000000,271.000000,0.120270,10408415.000000,0.760064,0,1
61,60,70,59,58,62,57,57,
545.000000,273.000000,0.117145,42740140.000000,0.482070,0,1
32,38,21,36,30,14,25,23,
546.000000,273.000000,0.115613,39800092.000000,0.669005,0,1
22,31,13,35,22,10,24,19,
371.000000,274.000000,0.130512,23855700.000000,0.199943,0,1
117,112,132,85,112,138,92,94,
439.000000,276.000000,0.129063,28873512.000000,0.721760,0,1
59,53,60,40,48,52,38,40,
356.000000,277.000000,0.136024,134857376.000000,0.171167,0,1
69,74,81,132,133,182,204,204,
445.000000,277.000000,0.129517,57798864.000000,0.704222,0,1
55,51,48,41,41,38,34,30,
335.000000,278.000000,0.135625,53808192.000000,0.326188,0,1
42,45,53,54,64,82,60,65,
364.000000,278.000000,0.133761,136712240.000000,0.167550,0,1
154,198,181,195,166,129,110,83,
360.000000,280.000000,0.132943,199716960.000000,0.245479,0,1
214,186,131,162,122,81,105,69,
371.000000,280.000000,0.132872,210600784.000000,0.255727,0,1
162,147,156,95,106,97,88,82,
341.000000,281.000000,0.131726,63695424.000000,0.327405,0,1
130,109,118,83,85,95,59,55,
335.000000,282.000000,0.115772,28314378.000000,0.196984,0,1
65,54,69,41,56,65,39,42,
352.000000,287.000000,0.140193,157194096.000000,1.382219,0,1
89,69,77,51,57,61,51,48,
363.000000,289.000000,0.141797,153791200.000000,0.283572,0,1
133,106,121,67,72,67,54,51,
371.000000,289.000000,0.143325,421267584.000000,0.426117,0,1
119,140,108,87,89,64,57,53,
449.000000,277.000000,0.120426,6875646.000000,0.652079,0,1
50,46,46,38,40,41,33,34,
436.000000,268.000000,0.099043,4002325.500000,0.234643,0,1
89,83,76,71,63,56,54,55,
450.000000,266.000000,0.095309,11132356.000000,0.233456,0,1
68,71,68,67,63,57,55,55,
468.000000,260.000000,0.111015,12735870.000000,0.498396,0,1
57,54,55,56,53,49,50,44,
447.000000,258.000000,0.121944,1701807.250000,0.591817,0,1
65,58,57,64,61,61,72,74,
422.000000,70.000000,0.155216,15614991.000000,0.477398,0,1
35,26,27,30,28,26,37,32,
448.000000,256.000000,0.092345,72895832.000000,0.484235,0,1
67,75,70,63,66,61,57,61,
398.000000,72.000000,0.169736,26008488.000000,0.454596,0,1
30,36,23,41,34,25,28,24,
349.000000,247.000000,0.104509,89136920.000000,0.247463,0,1
146,139,140,120,122,121,107,109,
404.000000,73.000000,0.161632,15661410.000000,0.441792,0,1
33,41,41,29,32,35,30,27,
452.000000,245.000000,0.092282,12742203.000000,0.267631,0,1
91,92,88,83,80,77,77,73,
294.000000,245.000000,0.096056,45993984.000000,0.146626,0,1
95,119,106,91,90,74,65,60,
456.000000,244.000000,0.092535,19104856.000000,0.316892,0,1
94,92,88,87,82,77,75,72,
454.000000,244.000000,0.095373,20756276.000000,0.265187,0,1
95,92,92,91,87,82,79,74,
423.000000,244.000000,0.094015,23410278.000000,0.306002,0,1
119,116,110,106,102,103,99,95,
484.000000,234.000000,0.088558,37630152.000000,0.341894,0,1
94,94,91,89,84,79,77,74,
496.000000,232.000000,0.085162,25363548.000000,0.346449,0,1
87,86,85,84,81,78,75,72,
350.000000,232.000000,0.090055,69650544.000000,0.196458,0,1
157,157,149,138,142,140,121,110,
220.000000,232.000000,0.071041,745848.812500,0.378607,0,1
29,28,29,26,28,27,26,26,
407.000000,231.000000,0.083534,43087828.000000,0.278149,0,1
175,165,162,156,155,155,146,143,
335.000000,229.000000,0.081448,44307188.000000,0.197636,0,1
128,120,134,111,117,130,103,98,
98.000000,228.000000,0.086208,7616998.000000,0.298170,0,1
28,29,24,28,26,20,26,21,
490.000000,90.000000,0.119748,1326464000.000000,0.491754,0,1
67,101,60,218,77,57,103,79,
504.000000,90.000000,0.118316,38705924.000000,0.522509,0,1
35,36,32,41,37,33,49,45,
525.000000,224.000000,0.082263,69058192.000000,0.379883,0,1
93,90,87,84,81,82,71,71,
418.000000,223.000000,0.080680,69735448.000000,0.201911,0,1
229,219,207,210,202,192,180,166,
448.000000,221.000000,0.076356,53763828.000000,0.228764,0,1
231,223,216,203,202,197,188,176,
437.000000,221.000000,0.079156,61749356.000000,0.222441,0,1
234,229,227,206,204,207,181,173,
311.000000,221.000000,0.078519,20666404.000000,0.554235,0,1
139,133,134,122,124,127,115,112,
390.000000,219.000000,0.074667,193268704.000000,0.148943,0,1
110,113,122,140,145,154,186,200,
365.000000,217.000000,0.071773,249644096.000000,0.128461,0,1
58,77,70,146,126,110,185,177,
361.000000,216.000000,0.070918,217083712.000000,0.316963,0,1
59,67,61,114,95,83,166,178,
504.000000,105.000000,0.118771,115395296.000000,0.515304,0,1
50,62,33,47,33,23,23,17,
500.000000,106.000000,0.120021,166180432.000000,0.510131,0,1
80,92,60,94,62,27,67,57,
349.000000,211.000000,0.064042,267737232.000000,0.319531,0,1
52,84,70,142,122,96,170,180,
393.000000,210.000000,0.067220,140079504.000000,0.102852,0,1
87,101,121,152,172,230,241,254,
322.000000,108.000000,0.105625,1157783.500000,0.548293,0,1
16,17,18,22,23,21,25,26,
337.000000,210.000000,0.062299,227835872.000000,0.138253,0,1
63,107,87,166,148,130,179,186,
335.000000,210.000000,0.061778,212161456.000000,0.139739,0,1
76,129,107,171,166,148,181,185,
493.000000,209.000000,0.065595,25582436.000000,0.244979,0,1
186,190,185,219,210,215,245,208,
373.000000,206.000000,0.064044,13150072.000000,0.101786,0,1
66,86,81,61,65,61,55,53,
328.000000,205.000000,0.057452,178721360.000000,0.347380,0,1
28,44,40,94,86,67,127,142,
280.000000,205.000000,0.059434,14174714.000000,0.212778,0,1
125,124,128,111,113,117,106,102,
272.000000,205.000000,0.061219,11111461.000000,0.232178,0,1
110,108,112,101,103,104,95,91,
486.000000,203.000000,0.060042,98607992.000000,0.211958,0,1
158,220,186,221,203,179,184,173,
510.000000,202.000000,0.058686,157327776.000000,0.235203,0,1
48,62,43,71,69,40,103,85,
597.000000,201.000000,0.132843,6660294.500000,0.601878,0,1
19,13,19,7,11,19,8,10,
533.000000,201.000000,0.063041,85828736.000000,0.285617,0,1
157,159,154,58,72,82,30,24,
350.000000,201.000000,0.062987,10526526.000000,0.307458,0,1
48,67,57,47,61,66,43,42,
99.000000,197.000000,0.038714,2813164.500000,0.094238,0,1
58,58,55,50,51,49,39,34,
320.000000,196.000000,0.057718,4326835.000000,0.095994,0,1
49,49,41,38,43,35,28,27,
279.000000,196.000000,0.045565,25663914.000000,0.162814,0,1
47,64,62,78,78,80,86,93,
498.000000,195.000000,0.062468,505462080.000000,0.162207,0,1
253,254,220,254,204,156,205,103,
158.000000,132.000000,0.121642,14028776.000000,0.776573,0,1
21,22,27,25,27,36,28,30,
279.000000,195.000000,0.045598,29258712.000000,0.162634,0,1
33,49,45,66,63,63,78,87,
526.000000,194.000000,0.063448,878076224.000000,0.276385,0,1
93,106,180,105,159,225,93,110,
508.000000,132.000000,0.062660,63551256.000000,0.245318,0,1
17,18,18,27,25,23,62,79,
224.000000,191.000000,0.035594,2423170.750000,0.188682,0,1
66,65,59,51,52,48,46,49,
340.000000,187.000000,0.043631,992009.375000,0.040385,0,1
47,43,47,44,46,46,66,66,
514.000000,138.000000,0.059425,342799584.000000,0.164484,0,1
109,99,139,69,180,213,207,255,
475.000000,139.000000,0.053433,142000288.000000,0.116928,0,1
130,151,121,196,205,95,249,255,
490.000000,142.000000,0.054406,446032192.000000,0.188804,0,1
237,207,255,109,164,184,96,144,
472.000000,143.000000,0.040723,28166462.000000,0.062511,0,1
255,253,255,156,167,195,121,155,
322.000000,146.000000,0.057486,29281440.000000,0.035944,0,1
117,82,155,121,125,174,83,130,
268.000000,152.000000,0.032872,153709712.000000,0.125331,0,1
28,63,32,106,93,41,135,102,
497.000000,153.000000,0.056795,297302944.000000,0.205778,0,1
213,248,196,190,189,179,144,179,
89.000000,179.000000,0.021333,113168640.000000,0.051900,0,1
168,154,180,134,154,176,111,86,
510.000000,178.000000,0.059820,1080434048.000000,0.235823,0,1
208,244,105,236,163,84,245,169,
223.000000,176.000000,0.022824,52435472.000000,0.037513,0,1
206,189,192,142,173,160,128,114,
528.000000,175.000000,0.062247,421696768.000000,0.270433,0,1
84,86,98,84,156,168,206,254,
323.000000,175.000000,0.055499,96540272.000000,0.083638,0,1
108,59,147,43,100,156,54,84,
602.000000,163.000000,0.128272,8788780.000000,0.587085,0,1
16,17,12,17,13,8,11,7,
332.000000,168.000000,0.052465,7262474.000000,0.021771,0,1
126,97,217,114,135,255,94,99,
251.000000,169.000000,0.032157,50675956.000000,0.140673,0,1
39,44,56,34,63,73,32,29,
531.000000,169.000000,0.061350,831597184.000000,0.269669,0,1
226,169,235,61,137,170,62,69,
462.000000,282.000000,0.100485,9184982.000000,0.566000,0,1
40,37,39,33,35,34,31,29,
174.000000,171.000000,0.016980,114787816.000000,0.025478,0,1
147,154,124,244,180,166,237,191,
484.000000,173.000000,0.053585,150125728.000000,0.124506,0,1
154,186,162,238,226,166,255,236,
86.000000,174.000000,0.020511,56247432.000000,0.050297,0,1
134,129,138,163,155,187,241,192,
240.000000,234.000000,0.083693,8831200.000000,0.389422,0,1
35,32,37,31,32,38,30,29,
107.000000,167.000000,0.015638,66566720.000000,0.023567,0,1
255,254,253,248,199,202,185,117,
70.000000,167.000000,0.024144,550310592.000000,0.063147,0,1
124,88,120,114,164,191,218,254,
519.000000,166.000000,0.059811,1572579968.000000,0.246263,0,1
130,243,152,255,181,58,230,103,
483.000000,166.000000,0.053991,327386272.000000,0.124254,0,1
132,111,212,103,167,255,146,215,
477.000000,166.000000,0.052427,245945536.000000,0.167668,0,1
118,123,88,217,143,94,161,119,
503.000000,165.000000,0.057257,669279488.000000,0.215127,0,1
145,214,151,234,139,76,225,176,
356.000000,217.000000,0.069171,155390592.000000,0.134165,0,1
109,174,150,185,181,174,188,185,
493.000000,215.000000,0.061300,202039440.000000,0.229141,0,1
197,184,236,171,214,208,174,169,
525.000000,212.000000,0.070965,211907072.000000,0.316766,0,1
140,141,143,166,123,110,99,68,
455.000000,163.000000,0.052053,172105184.000000,0.143837,0,1
173,207,217,145,156,230,111,138,
353.000000,212.000000,0.064980,275561280.000000,0.313061,0,1
55,84,66,143,120,88,170,184,
335.000000,209.000000,0.061648,230528976.000000,0.138721,0,1
54,84,69,139,118,96,170,180,
349.000000,112.000000,0.101846,1832374.500000,0.429479,0,1
24,25,29,31,31,35,35,36,
515.000000,160.000000,0.060763,431722464.000000,0.245059,0,1
238,185,247,136,217,254,114,94,
509.000000,160.000000,0.060994,918016704.000000,0.238215,0,1
205,255,101,255,229,90,196,110,
498.000000,196.000000,0.062382,1336433920.000000,0.234543,0,1
242,242,172,245,138,98,173,98,
168.000000,132.000000,0.121292,6073540.500000,0.741026,0,1
20,24,20,32,25,25,33,28,
168.000000,193.000000,0.041520,13172619.000000,0.106664,0,1
64,68,68,57,60,58,46,38,
510.000000,191.000000,0.059882,1022222528.000000,0.238123,0,1
110,152,68,182,165,79,208,118,
80.000000,158.000000,0.016394,354604992.000000,0.040713,0,1
252,252,219,241,195,174,213,183,
349.000000,190.000000,0.062210,7436647.000000,0.093986,0,1
52,68,55,74,91,94,57,48,
524.000000,189.000000,0.063260,2235418112.000000,0.271751,0,1
133,215,88,254,131,77,203,122,
503.000000,186.000000,0.061380,317078016.000000,0.234743,0,1
127,121,96,207,218,215,229,239,
307.000000,138.000000,0.075733,5559166.500000,0.024367,0,1
43,56,51,142,127,73,231,255,
467.000000,138.000000,0.052867,363927744.000000,0.158922,0,1
63,96,60,144,97,82,131,103,
528.000000,157.000000,0.060010,118146472.000000,0.178165,0,1
155,196,135,235,177,132,250,232,
457.000000,139.000000,0.052003,49114872.000000,0.145924,0,1
91,107,87,134,121,89,188,227,
476.000000,139.000000,0.053796,449044032.000000,0.171476,0,1
107,147,84,204,162,74,249,248,
487.000000,139.000000,0.055014,813583872.000000,0.187939,0,1
81,131,67,196,134,107,236,181,
512.000000,140.000000,0.059102,1400522752.000000,0.234270,0,1
69,46,207,48,186,255,97,80,
522.000000,140.000000,0.061044,1444398848.000000,0.256055,0,1
62,217,38,254,110,33,165,54,
132.000000,183.000000,0.028673,12450269.000000,0.088203,0,1
122,121,128,109,114,109,92,78,
440.000000,142.000000,0.053233,88253232.000000,0.091107,0,1
173,196,143,225,200,130,236,197,
510.000000,182.000000,0.059843,1275704704.000000,0.236458,0,1
169,246,78,187,173,50,201,150,
363.000000,182.000000,0.061696,13059370.000000,0.076682,0,1
255,174,205,102,122,142,97,92,
470.000000,156.000000,0.051690,320179136.000000,0.157549,0,1
233,153,227,169,190,240,204,255,
467.000000,147.000000,0.052387,245241440.000000,0.156845,0,1
171,210,144,248,213,166,187,153,
473.000000,147.000000,0.052259,224714640.000000,0.162608,0,1
128,198,145,225,199,180,254,240,
525.000000,148.000000,0.061014,1230190464.000000,0.259520,0,1
61,53,141,52,156,171,122,219,
512.000000,150.000000,0.059334,994993344.000000,0.234824,0,1
72,44,128,61,99,166,67,121,
448.000000,151.000000,0.050351,45097860.000000,0.076214,0,1
237,236,255,185,211,204,165,199,
524.000000,151.000000,0.060885,1178667264.000000,0.257496,0,1
122,69,219,78,131,239,64,74,
501.000000,181.000000,0.060691,166429504.000000,0.157547,0,1
94,104,118,205,135,145,173,179,
508.000000,152.000000,0.059445,763951616.000000,0.230190,0,1
218,253,150,212,204,63,138,106,
524.000000,180.000000,0.063560,1772424960.000000,0.271770,0,1
159,206,111,225,146,202,229,142,
144.000000,168.000000,0.019828,448757920.000000,0.036384,0,1
237,176,252,143,218,244,151,143,
110.000000,168.000000,0.019575,430778496.000000,0.043000,0,1
253,202,247,124,169,249,129,163,
470.000000,167.000000,0.052435,657451072.000000,0.160509,0,1
211,150,241,115,200,252,132,148,
317.000000,243.000000,0.097354,60599396.000000,0.153908,0,1
97,96,93,63,74,67,54,54,
67.000000,153.000000,0.021818,823629952.000000,0.047691,0,1
80,99,211,71,181,255,114,166,
487.000000,152.000000,0.055135,831696192.000000,0.187856,0,1
193,238,181,253,178,125,232,174,
396.000000,217.000000,0.069641,170742720.000000,0.104950,0,1
169,122,223,144,188,253,222,247,
67.000000,161.000000,0.021371,1114551168.000000,0.056219,0,1
120,78,158,56,102,155,68,90,
83.000000,199.000000,0.045482,6152078.000000,0.119384,0,1
46,45,46,35,34,31,30,28,
449.000000,138.000000,0.050094,178812736.000000,0.132563,0,1
83,100,65,151,122,72,190,201,
