# timestamp
1608635250917089024

# fx, fy, cx, cy, width, height, npoints
501.487213,501.475189,421.776306,167.666580,800,400,448

# camToWorld: translation vector, rotation quaternion
-36.563816,50.243515,5.622173,0.035862,-0.780054,0.623945,-0.030383

# Exposure time (ms)
1.009572

# GPS Data
# GPSData: Covariance matrix
0.000026,0.000000,0.000000,0.000000,0.000046,0.000000,0.000000,0.000000,0.000121

# GPSData: GPS point
60.835770,19.645162,4.552279

# Point Cloud Data : 
# u,v,idepth_scaled,idepth_hessian,maxRelBaseline,numGoodRes,status 
# color information 
413.000000,62.000000,0.098931,29141986.000000,0.346428,0,1
130,127,154,113,134,178,121,129,
758.000000,68.000000,0.250253,9477062.000000,2.327386,0,1
28,38,25,40,30,23,33,27,
574.000000,12.000000,0.142110,101843472.000000,1.100593,0,1
71,79,45,80,62,29,76,58,
565.000000,16.000000,0.139837,148431056.000000,1.040665,0,1
55,32,77,30,55,85,37,63,
717.000000,19.000000,0.220774,233291936.000000,2.072181,0,1
58,70,42,77,56,31,68,52,
666.000000,22.000000,0.226893,135849984.000000,1.782067,0,1
47,58,44,66,49,46,58,53,
716.000000,26.000000,0.220080,286945504.000000,2.049560,0,1
63,79,45,86,61,31,75,58,
648.000000,47.000000,0.302672,12611530.000000,1.747240,0,1
58,49,68,47,61,73,52,70,
408.000000,62.000000,0.095103,47484752.000000,0.344760,0,1
137,170,125,184,144,113,172,136,
645.000000,69.000000,0.213592,46911504.000000,1.523871,0,1
46,43,55,43,48,62,50,57,
716.000000,76.000000,0.234800,6384804.000000,1.741426,0,1
20,31,26,49,49,44,60,58,
99.000000,84.000000,0.288365,84944816.000000,2.062199,0,1
162,137,139,104,103,94,76,81,
714.000000,85.000000,0.252323,43401204.000000,2.031554,0,1
57,55,58,36,42,61,22,20,
73.000000,86.000000,0.315131,13681358.000000,0.767568,0,1
177,161,158,136,127,118,83,80,
65.000000,87.000000,0.322923,11472066.000000,0.800571,0,1
174,157,152,124,117,113,82,82,
95.000000,96.000000,0.318493,46327528.000000,2.670071,0,1
78,79,78,72,72,69,50,35,
84.000000,98.000000,0.330511,57397028.000000,2.784805,0,1
80,77,73,63,60,55,40,34,
725.000000,99.000000,0.277377,53217232.000000,2.149443,0,1
41,46,42,62,56,50,75,77,
70.000000,100.000000,0.345249,59820220.000000,2.931162,0,1
80,75,71,57,53,49,40,34,
80.000000,100.000000,0.338594,36870376.000000,2.832695,0,1
66,51,46,36,34,34,33,33,
737.000000,101.000000,0.286334,33608700.000000,2.246978,0,1
27,37,32,62,59,54,74,74,
719.000000,102.000000,0.291942,48567704.000000,2.134452,0,1
76,67,75,40,49,57,26,22,
723.000000,103.000000,0.296011,29651080.000000,1.711133,0,1
77,60,65,31,39,47,23,23,
100.000000,147.000000,0.294381,6759377.500000,2.577257,0,1
52,51,45,45,42,31,37,36,
723.000000,147.000000,0.294559,32945014.000000,2.167943,0,1
64,50,58,32,34,49,28,26,
96.000000,149.000000,0.302242,6739121.000000,2.628161,0,1
51,45,35,39,32,29,34,32,
91.000000,150.000000,0.308587,7264545.000000,2.683776,0,1
52,50,40,42,33,28,39,30,
75.000000,154.000000,0.322772,5347214.000000,2.851018,0,1
54,52,47,47,39,28,38,33,
738.000000,182.000000,0.223567,9900478.000000,1.599059,0,1
29,23,37,22,22,32,20,21,
720.000000,229.000000,0.309475,5610168.000000,2.300311,0,1
26,23,34,32,28,28,45,59,
719.000000,255.000000,0.219735,17884866.000000,2.155134,0,1
32,38,28,44,43,22,51,54,
728.000000,260.000000,0.227798,22634144.000000,1.897928,0,1
24,20,30,47,31,26,52,55,
103.000000,262.000000,0.300250,8852113.000000,2.786446,0,1
24,30,28,32,36,58,56,49,
735.000000,265.000000,0.230118,14381918.000000,1.954464,0,1
27,36,17,46,32,15,44,40,
109.000000,289.000000,0.295286,10378850.000000,2.823212,0,1
32,40,35,37,44,59,53,57,
713.000000,293.000000,0.305973,10229804.000000,2.450694,0,1
53,32,48,20,23,36,28,18,
100.000000,296.000000,0.311147,12357640.000000,2.953949,0,1
51,63,63,63,49,34,46,31,
412.000000,17.000000,0.100902,79307696.000000,0.116118,0,1
231,179,223,137,141,189,97,112,
681.000000,29.000000,0.196204,82864800.000000,1.768566,0,1
40,46,34,47,41,30,45,40,
294.000000,32.000000,0.055523,77494024.000000,0.606858,0,1
117,109,110,90,102,104,79,78,
681.000000,34.000000,0.196098,86922896.000000,1.756935,0,1
39,43,30,47,36,29,42,36,
695.000000,36.000000,0.195590,89359488.000000,1.833283,0,1
44,42,50,39,51,55,43,50,
564.000000,39.000000,0.138287,118388896.000000,0.956873,0,1
62,35,73,29,64,68,37,64,
714.000000,39.000000,0.219446,347926240.000000,2.008969,0,1
76,88,52,93,71,36,85,62,
236.000000,40.000000,0.062809,18961398.000000,0.849223,0,1
66,88,61,97,80,66,78,80,
77.000000,43.000000,0.037903,739049280.000000,0.655022,0,1
94,97,121,89,138,166,98,92,
563.000000,43.000000,0.139366,90788072.000000,0.944238,0,1
39,29,64,35,41,72,30,44,
440.000000,46.000000,0.035974,40409000.000000,0.054331,0,1
68,53,104,45,87,124,90,132,
547.000000,50.000000,0.105988,24031598.000000,0.571406,0,1
33,31,46,29,38,47,36,59,
502.000000,53.000000,0.078552,26969240.000000,0.355291,0,1
35,40,60,53,48,77,70,71,
708.000000,58.000000,0.215499,314264320.000000,1.644775,0,1
55,44,86,40,59,96,47,66,
246.000000,64.000000,0.138374,83810184.000000,0.208942,0,1
101,130,88,165,129,85,176,142,
313.000000,65.000000,0.097997,268029168.000000,0.659092,0,1
197,174,171,119,109,105,84,74,
571.000000,65.000000,0.121541,39847384.000000,0.875123,0,1
36,46,30,56,38,32,52,52,
266.000000,69.000000,0.132329,163238112.000000,1.004639,0,1
165,159,160,132,120,106,78,76,
159.000000,70.000000,0.220608,367890304.000000,1.526595,0,1
114,99,145,96,112,189,100,111,
259.000000,70.000000,0.136714,37409512.000000,0.770230,0,1
158,145,145,99,92,85,75,77,
260.000000,70.000000,0.136141,62534928.000000,1.049041,0,1
157,146,143,95,88,83,75,74,
207.000000,74.000000,0.185537,31810576.000000,0.635903,0,1
165,163,164,128,123,125,73,73,
708.000000,75.000000,0.215096,111424368.000000,1.907838,0,1
90,80,79,60,79,58,56,55,
194.000000,76.000000,0.199940,11360984.000000,0.352628,0,1
152,138,131,111,107,106,81,76,
177.000000,77.000000,0.220484,174130928.000000,1.416933,0,1
164,173,173,154,138,119,95,79,
572.000000,77.000000,0.134060,46890444.000000,0.710254,0,1
23,28,26,58,48,44,69,57,
689.000000,79.000000,0.252873,23018840.000000,1.873932,0,1
49,48,50,47,54,57,51,51,
145.000000,80.000000,0.247105,182457968.000000,2.129016,0,1
127,141,133,110,103,94,68,79,
578.000000,80.000000,0.156784,49979344.000000,0.977706,0,1
55,75,74,50,63,70,29,31,
126.000000,81.000000,0.261798,15051060.000000,0.395871,0,1
166,158,152,128,120,110,73,73,
130.000000,81.000000,0.259391,108901896.000000,1.794749,0,1
158,141,133,110,99,93,67,76,
580.000000,81.000000,0.159211,38213464.000000,0.804961,0,1
71,67,71,32,42,53,30,35,
108.000000,82.000000,0.276206,32145036.000000,1.034428,0,1
177,172,167,144,146,144,108,73,
683.000000,82.000000,0.231750,3266753.500000,1.778589,0,1
44,40,41,27,30,33,18,18,
678.000000,84.000000,0.241952,100110136.000000,1.774192,0,1
50,60,34,49,46,24,57,42,
709.000000,85.000000,0.248818,28799452.000000,1.990139,0,1
55,47,51,33,32,34,21,18,
626.000000,86.000000,0.187734,26803056.000000,1.317680,0,1
26,43,31,75,64,53,78,69,
691.000000,86.000000,0.252448,82627008.000000,1.878708,0,1
45,52,30,48,40,26,50,37,
150.000000,90.000000,0.266484,51425984.000000,2.121649,0,1
77,70,67,55,50,45,34,30,
141.000000,91.000000,0.275585,54344592.000000,2.211121,0,1
77,73,70,54,48,43,34,29,
669.000000,92.000000,0.226663,25091958.000000,1.675558,0,1
31,32,25,63,58,48,75,70,
127.000000,93.000000,0.289850,51532776.000000,2.351308,0,1
76,69,67,53,45,36,31,30,
680.000000,93.000000,0.236507,14109733.000000,1.328222,0,1
19,26,20,49,43,37,69,70,
117.000000,94.000000,0.298712,59437900.000000,2.450071,0,1
77,73,70,58,54,48,35,31,
678.000000,100.000000,0.248825,1826701.750000,1.795209,0,1
23,26,25,32,30,29,35,38,
699.000000,100.000000,0.272970,19230924.000000,1.062984,0,1
72,46,54,23,27,33,23,26,
672.000000,132.000000,0.245843,51564892.000000,1.721924,0,1
69,55,64,25,37,51,15,16,
135.000000,137.000000,0.248385,26413202.000000,2.185547,0,1
51,52,47,45,35,30,27,24,
129.000000,138.000000,0.253135,25582804.000000,2.244902,0,1
51,52,52,52,47,37,35,25,
698.000000,180.000000,0.201846,8303532.000000,1.522364,0,1
28,39,20,39,26,24,40,25,
142.000000,182.000000,0.259159,2992199.750000,1.735009,0,1
36,28,41,24,35,35,27,34,
176.000000,185.000000,0.166607,4073198.250000,1.687057,0,1
29,35,34,34,31,43,54,39,
697.000000,193.000000,0.205035,21706158.000000,1.839436,0,1
32,41,22,54,38,25,53,42,
697.000000,200.000000,0.204634,30671384.000000,1.862287,0,1
29,41,23,37,26,21,37,25,
691.000000,210.000000,0.192799,7309136.000000,1.796821,0,1
32,21,38,22,32,37,22,31,
608.000000,227.000000,0.192079,18538424.000000,1.362068,0,1
37,32,48,30,43,51,33,47,
695.000000,233.000000,0.206032,49292536.000000,1.595575,0,1
27,35,17,34,23,17,35,20,
701.000000,235.000000,0.211672,29109754.000000,1.654599,0,1
27,19,30,18,18,30,12,16,
607.000000,240.000000,0.191127,40944028.000000,0.652130,0,1
32,24,44,25,35,49,32,42,
136.000000,248.000000,0.268134,18228314.000000,2.418395,0,1
24,31,28,29,35,52,52,47,
657.000000,273.000000,0.237412,9460365.000000,1.602822,0,1
15,28,15,66,39,17,68,71,
703.000000,275.000000,0.243015,10123912.000000,2.184481,0,1
35,26,37,20,28,36,19,25,
138.000000,276.000000,0.271359,18412112.000000,2.504231,0,1
44,57,61,62,51,37,47,32,
609.000000,280.000000,0.238555,1648614.250000,1.688008,0,1
48,42,49,35,42,49,36,37,
668.000000,280.000000,0.254552,14205321.000000,2.031084,0,1
21,41,23,71,55,35,73,72,
698.000000,282.000000,0.284257,7782299.000000,2.274842,0,1
23,35,35,55,46,30,47,34,
414.000000,284.000000,0.182123,569944.812500,1.022471,0,1
57,58,59,57,59,64,58,61,
628.000000,285.000000,0.264557,17927816.000000,1.845882,0,1
100,82,101,53,74,101,52,52,
679.000000,286.000000,0.269769,10534393.000000,2.150804,0,1
30,42,26,67,47,24,71,73,
552.000000,287.000000,0.174469,2932742.500000,1.298318,0,1
36,30,42,24,31,42,25,25,
115.000000,288.000000,0.297332,22701716.000000,2.779304,0,1
44,56,61,63,54,38,42,31,
633.000000,289.000000,0.272788,15981625.000000,1.905998,0,1
101,76,101,53,67,101,53,53,
639.000000,293.000000,0.279047,18257464.000000,1.969031,0,1
102,87,103,55,79,103,53,54,
502.000000,296.000000,0.178522,7424921.000000,1.193041,0,1
70,71,71,74,73,74,78,79,
359.000000,31.000000,0.032182,24773996.000000,0.048500,0,1
185,175,194,142,168,187,92,85,
179.000000,35.000000,0.039294,40764956.000000,0.059218,0,1
125,117,98,116,102,78,107,82,
489.000000,60.000000,0.063602,8111122.500000,0.095852,0,1
44,53,74,75,71,63,96,129,
405.000000,22.000000,0.100744,144676768.000000,0.171290,0,1
109,153,82,222,181,101,214,228,
415.000000,22.000000,0.100143,260837680.000000,0.168713,0,1
85,69,116,92,108,218,159,237,
532.000000,25.000000,0.104358,91993064.000000,0.762370,0,1
63,79,46,80,57,48,77,62,
262.000000,26.000000,0.007133,103286320.000000,0.029060,0,1
120,103,134,113,116,135,108,112,
251.000000,31.000000,0.141895,48664936.000000,1.216769,0,1
94,103,83,106,95,81,100,93,
499.000000,32.000000,0.068816,54170572.000000,0.513790,0,1
82,82,80,72,63,54,52,53,
531.000000,36.000000,0.104440,124664304.000000,0.719851,0,1
65,74,43,76,60,33,71,58,
503.000000,37.000000,0.079419,91621240.000000,0.544095,0,1
65,55,72,48,49,81,38,51,
277.000000,39.000000,0.036458,79172688.000000,0.489176,0,1
80,75,96,72,94,99,81,89,
277.000000,40.000000,0.036482,92424112.000000,0.488189,0,1
85,81,104,71,96,97,79,84,
283.000000,40.000000,0.036429,54010544.000000,0.479114,0,1
72,92,67,94,81,66,76,80,
417.000000,40.000000,0.037561,115039320.000000,0.249190,0,1
75,68,124,61,136,150,80,99,
525.000000,40.000000,0.102566,173663664.000000,0.681515,0,1
54,41,71,33,56,75,41,58,
375.000000,41.000000,0.037421,44945912.000000,0.035544,0,1
156,191,92,158,125,78,111,95,
483.000000,42.000000,0.058467,68080992.000000,0.390890,0,1
72,81,45,80,66,33,80,62,
531.000000,43.000000,0.103276,81605232.000000,0.694832,0,1
53,67,35,71,50,29,64,46,
469.000000,44.000000,0.046362,90975648.000000,0.211656,0,1
55,77,44,85,46,44,72,45,
471.000000,44.000000,0.049057,46574040.000000,0.222482,0,1
56,44,72,46,44,83,31,44,
252.000000,46.000000,0.140662,64639280.000000,1.165483,0,1
86,97,78,100,89,76,97,89,
439.000000,47.000000,0.033439,43048512.000000,0.224473,0,1
53,45,87,47,90,112,77,90,
513.000000,48.000000,0.097696,70668808.000000,0.233620,0,1
45,36,65,44,47,69,43,48,
297.000000,50.000000,0.101357,65482924.000000,0.778177,0,1
89,69,98,63,85,101,69,86,
531.000000,50.000000,0.103324,90129136.000000,0.673265,0,1
45,61,34,68,41,28,58,51,
513.000000,52.000000,0.097045,45295132.000000,0.226859,0,1
48,35,66,45,52,68,56,55,
650.000000,54.000000,0.224038,146445184.000000,1.597703,0,1
75,80,69,77,71,59,58,67,
562.000000,58.000000,0.137593,49386968.000000,0.897567,0,1
39,28,60,36,42,62,29,45,
484.000000,59.000000,0.055988,30025434.000000,0.108601,0,1
47,48,42,68,53,55,79,107,
524.000000,59.000000,0.100336,17451534.000000,0.454850,0,1
49,42,64,34,51,59,41,54,
494.000000,61.000000,0.065378,20931184.000000,0.099993,0,1
51,57,51,65,77,72,120,127,
502.000000,61.000000,0.069610,13760602.000000,0.075461,0,1
41,48,67,68,60,71,96,112,
610.000000,61.000000,0.141907,94970392.000000,1.141606,0,1
33,42,27,47,31,24,40,30,
512.000000,62.000000,0.082742,12318144.000000,0.094928,0,1
39,43,58,65,57,74,87,94,
628.000000,62.000000,0.154875,115303872.000000,1.277920,0,1
35,45,28,47,36,25,44,31,
585.000000,66.000000,0.129991,12535265.000000,0.973599,0,1
26,29,32,40,38,42,48,49,
289.000000,67.000000,0.113710,41267040.000000,0.165077,0,1
175,152,153,124,114,104,72,76,
598.000000,67.000000,0.142080,18354878.000000,0.723602,0,1
23,27,29,40,37,42,55,52,
609.000000,67.000000,0.147850,32836064.000000,1.145005,0,1
34,40,27,42,35,28,53,52,
274.000000,68.000000,0.127373,94261752.000000,0.556163,0,1
171,162,157,144,132,119,90,74,
520.000000,68.000000,0.098623,32139122.000000,0.565187,0,1
84,83,68,83,71,45,75,49,
546.000000,68.000000,0.108671,66064780.000000,0.715641,0,1
54,46,50,26,31,39,21,20,
631.000000,69.000000,0.167298,6736624.000000,1.320913,0,1
24,27,25,39,32,31,55,54,
678.000000,69.000000,0.191095,141960800.000000,1.389110,0,1
24,31,18,35,22,19,29,22,
235.000000,70.000000,0.140640,35235148.000000,0.280050,0,1
185,172,170,145,141,136,87,76,
241.000000,70.000000,0.139696,75256440.000000,0.703949,0,1
180,164,164,131,125,123,86,76,
429.000000,70.000000,0.099748,158708688.000000,0.304117,0,1
118,113,101,97,88,70,54,34,
433.000000,70.000000,0.099054,212121680.000000,0.304553,0,1
138,111,133,70,98,109,56,36,
451.000000,70.000000,0.099132,207278208.000000,0.329963,0,1
138,130,128,113,111,107,57,38,
462.000000,70.000000,0.099194,181030416.000000,0.356805,0,1
133,125,125,104,103,102,63,43,
229.000000,71.000000,0.143865,43126768.000000,0.295418,0,1
175,152,149,110,101,94,79,74,
299.000000,71.000000,0.117425,86747504.000000,0.774796,0,1
69,69,68,59,53,45,36,32,
367.000000,71.000000,0.099661,124309056.000000,0.419432,0,1
109,101,101,76,75,77,51,36,
376.000000,71.000000,0.099536,127067512.000000,0.387405,0,1
113,104,103,79,81,80,53,39,
401.000000,71.000000,0.099568,164564064.000000,0.320559,0,1
118,110,105,78,75,75,45,38,
474.000000,71.000000,0.099697,173403296.000000,0.389874,0,1
115,94,93,63,62,59,38,32,
489.000000,71.000000,0.099382,156230848.000000,0.441987,0,1
109,94,92,57,55,53,35,30,
499.000000,71.000000,0.099285,144596960.000000,0.479740,0,1
103,84,85,47,48,50,30,28,
335.000000,72.000000,0.099978,144580304.000000,0.547312,0,1
108,92,94,66,62,63,40,32,
343.000000,72.000000,0.100087,139940368.000000,0.512687,0,1
104,92,88,62,59,58,37,33,
526.000000,72.000000,0.105952,74473952.000000,0.604045,0,1
60,59,66,46,60,66,27,29,
284.000000,73.000000,0.133504,82575816.000000,0.895271,0,1
73,71,68,59,56,51,37,34,
545.000000,73.000000,0.111438,64835200.000000,0.701662,0,1
20,26,22,50,41,33,64,45,
609.000000,74.000000,0.162015,67697296.000000,1.180532,0,1
49,48,48,39,37,39,30,24,
611.000000,74.000000,0.163801,43246876.000000,1.198099,0,1
50,48,49,37,39,43,27,24,
628.000000,76.000000,0.178833,48363940.000000,1.112872,0,1
51,47,49,36,33,35,23,19,
637.000000,77.000000,0.185966,98918136.000000,1.394508,0,1
52,50,49,33,31,32,29,25,
169.000000,78.000000,0.227896,133668488.000000,1.903434,0,1
166,158,158,125,116,111,85,80,
565.000000,78.000000,0.143593,82940448.000000,0.882213,0,1
67,62,71,45,52,60,31,32,
318.000000,79.000000,0.100377,140802368.000000,0.609426,0,1
78,72,59,39,51,44,36,27,
321.000000,79.000000,0.099504,182518048.000000,0.593133,0,1
56,54,100,39,85,67,29,29,
591.000000,79.000000,0.154928,92347376.000000,1.046319,0,1
29,24,35,34,37,31,58,74,
644.000000,79.000000,0.213790,92070952.000000,1.105672,0,1
47,33,56,20,41,60,26,42,
656.000000,79.000000,0.222753,296292576.000000,1.596177,0,1
61,49,51,48,51,49,48,56,
232.000000,80.000000,0.185399,93354232.000000,1.345092,0,1
74,70,68,50,44,41,33,30,
240.000000,80.000000,0.179099,66957280.000000,1.275997,0,1
65,48,44,34,31,31,30,30,
318.000000,80.000000,0.100136,62121128.000000,0.609920,0,1
83,48,39,33,31,29,29,28,
372.000000,80.000000,0.100578,26991480.000000,0.371233,0,1
48,57,38,28,34,29,27,35,
382.000000,80.000000,0.100405,50738128.000000,0.332442,0,1
67,45,81,30,48,32,29,35,
513.000000,80.000000,0.098565,192604160.000000,0.505670,0,1
48,70,45,101,72,36,88,30,
665.000000,81.000000,0.223635,24123454.000000,1.662741,0,1
57,53,54,41,48,52,42,48,
212.000000,82.000000,0.203209,141687648.000000,1.526480,0,1
74,73,69,59,55,50,35,27,
206.000000,83.000000,0.209723,127612360.000000,1.585146,0,1
74,70,66,49,44,42,29,25,
186.000000,85.000000,0.229390,92119104.000000,1.771791,0,1
76,73,71,61,58,52,38,34,
278.000000,85.000000,0.139287,116626760.000000,0.921418,0,1
37,60,37,67,56,39,67,58,
462.000000,86.000000,0.099655,14715157.000000,0.299261,0,1
38,46,45,38,38,38,22,17,
639.000000,86.000000,0.184624,112462016.000000,0.450067,0,1
29,68,34,83,79,35,99,75,
357.000000,87.000000,0.099784,31191128.000000,0.408394,0,1
60,60,60,50,50,47,24,23,
401.000000,87.000000,0.100498,30390332.000000,0.250676,0,1
58,59,58,32,32,31,27,25,
417.000000,87.000000,0.101505,21654280.000000,0.224868,0,1
54,51,53,26,27,30,24,24,
479.000000,87.000000,0.099968,15299245.000000,0.359258,0,1
39,38,40,21,21,20,16,15,
160.000000,88.000000,0.255354,58759080.000000,2.021859,0,1
77,76,75,68,66,62,44,37,
526.000000,88.000000,0.105310,106508792.000000,0.566463,0,1
56,55,63,27,46,59,18,18,
530.000000,89.000000,0.109477,134210448.000000,0.592775,0,1
61,64,68,37,52,62,27,19,
541.000000,89.000000,0.115181,20221462.000000,0.656668,0,1
52,56,54,63,58,58,70,69,
648.000000,91.000000,0.221310,201774608.000000,1.532018,0,1
76,85,75,67,75,68,40,22,
518.000000,92.000000,0.100051,17405054.000000,0.511499,0,1
17,15,19,12,26,37,16,22,
670.000000,92.000000,0.228274,41209080.000000,1.684038,0,1
30,28,25,60,53,45,74,73,
536.000000,94.000000,0.086829,34485208.000000,0.198358,0,1
25,30,16,28,20,13,26,17,
548.000000,95.000000,0.126783,136620352.000000,0.716720,0,1
68,54,63,31,31,47,26,17,
446.000000,96.000000,0.075957,3281138.750000,0.180690,0,1
18,19,18,22,22,22,30,34,
369.000000,97.000000,0.073873,4604778.000000,0.276848,0,1
23,24,24,31,31,31,37,42,
387.000000,97.000000,0.077522,7169080.000000,0.215865,0,1
25,27,27,35,35,36,40,47,
434.000000,97.000000,0.076722,4222461.500000,0.147164,0,1
21,25,25,33,33,33,38,42,
269.000000,98.000000,0.129273,37054884.000000,0.930187,0,1
50,47,43,40,34,27,26,24,
399.000000,99.000000,0.029653,6407312.000000,0.099453,0,1
38,42,42,39,37,36,32,27,
401.000000,99.000000,0.076678,2567424.000000,0.178204,0,1
37,42,44,37,36,49,27,29,
410.000000,99.000000,0.074775,1269841.625000,0.141658,0,1
37,42,40,44,36,34,47,29,
459.000000,99.000000,0.072428,6758940.500000,0.199595,0,1
28,30,30,22,21,21,17,15,
476.000000,99.000000,0.082115,1495033.125000,0.295389,0,1
24,27,24,18,18,23,13,13,
564.000000,99.000000,0.141084,178844096.000000,0.835819,0,1
75,63,76,33,53,68,22,20,
565.000000,100.000000,0.142250,175082448.000000,0.841664,0,1
76,53,68,22,40,59,20,39,
357.000000,102.000000,0.033514,15812307.000000,0.186965,0,1
42,26,50,21,46,69,33,60,
422.000000,103.000000,0.035038,2910622.750000,0.091975,0,1
43,65,38,61,48,28,45,46,
453.000000,103.000000,0.035823,15580064.000000,0.109948,0,1
26,45,19,33,29,18,22,16,
406.000000,104.000000,0.037248,14727938.000000,0.056135,0,1
83,82,82,76,62,75,41,25,
527.000000,104.000000,0.090446,15718710.000000,0.524985,0,1
12,17,13,17,21,12,24,21,
533.000000,104.000000,0.097454,46576372.000000,0.559322,0,1
13,17,15,15,28,14,38,44,
329.000000,105.000000,0.038135,38607192.000000,0.127943,0,1
47,57,59,50,43,38,18,18,
297.000000,106.000000,0.036495,80822680.000000,0.092574,0,1
59,52,76,22,48,66,21,22,
300.000000,106.000000,0.037564,162300496.000000,0.092822,0,1
51,69,34,71,37,19,60,22,
414.000000,106.000000,0.033817,15173740.000000,0.067014,0,1
24,36,25,49,45,33,63,60,
588.000000,107.000000,0.164491,189261984.000000,1.019826,0,1
78,64,71,35,48,61,21,20,
632.000000,107.000000,0.218958,126945520.000000,1.408086,0,1
54,59,47,61,53,39,59,50,
260.000000,109.000000,0.032105,4994938.000000,0.057662,0,1
23,43,26,71,40,51,75,71,
441.000000,109.000000,0.041934,12602417.000000,0.079888,0,1
45,33,74,24,64,72,26,21,
608.000000,109.000000,0.179727,34084076.000000,1.180146,0,1
63,66,63,82,71,68,84,79,
610.000000,109.000000,0.182984,22613678.000000,1.199462,0,1
62,63,64,71,68,66,85,86,
246.000000,110.000000,0.037394,117943720.000000,0.112867,0,1
27,55,29,63,51,28,66,46,
264.000000,110.000000,0.037798,86590976.000000,0.102600,0,1
24,49,26,66,47,21,39,23,
303.000000,110.000000,0.036048,90346192.000000,0.156821,0,1
22,22,41,18,42,70,22,21,
351.000000,110.000000,0.037120,42770364.000000,0.214035,0,1
64,67,43,52,59,48,38,20,
475.000000,110.000000,0.045436,2245241.500000,0.176925,0,1
17,15,24,15,16,16,12,14,
258.000000,111.000000,0.034044,35932736.000000,0.077513,0,1
71,52,75,27,61,71,29,28,
334.000000,111.000000,0.036315,40678632.000000,0.258786,0,1
51,45,36,20,27,18,16,16,
367.000000,111.000000,0.036021,20386636.000000,0.168009,0,1
86,67,71,36,44,34,23,22,
541.000000,112.000000,0.094254,40102536.000000,0.598320,0,1
26,31,17,28,24,13,22,19,
553.000000,112.000000,0.101315,43357688.000000,0.500007,0,1
15,15,20,14,26,25,24,32,
607.000000,113.000000,0.182660,151319584.000000,0.840885,0,1
76,65,73,30,45,65,20,17,
436.000000,114.000000,0.021607,7435729.500000,0.035107,0,1
22,24,22,32,24,18,35,29,
450.000000,114.000000,0.023971,1334132.250000,0.056711,0,1
16,19,17,22,21,17,26,24,
483.000000,114.000000,0.048344,4398051.500000,0.211504,0,1
11,12,14,13,19,14,16,23,
610.000000,114.000000,0.186614,73540672.000000,0.823885,0,1
77,65,73,25,43,62,17,16,
388.000000,115.000000,0.032656,28159680.000000,0.098926,0,1
25,24,42,23,53,64,28,32,
391.000000,115.000000,0.036570,14003657.000000,0.100454,0,1
26,40,25,71,46,40,46,32,
647.000000,115.000000,0.216087,183039008.000000,1.497950,0,1
33,27,41,27,30,44,31,34,
195.000000,119.000000,0.199883,54393988.000000,1.609019,0,1
51,51,52,53,47,41,39,29,
194.000000,120.000000,0.202467,77843360.000000,1.623799,0,1
51,53,47,48,39,34,36,30,
565.000000,121.000000,0.108702,44713252.000000,0.738873,0,1
28,34,22,34,29,16,31,23,
476.000000,126.000000,0.050371,2001286.500000,0.195692,0,1
18,15,20,12,18,18,11,11,
487.000000,127.000000,0.052920,4591077.500000,0.158077,0,1
12,14,14,12,21,11,14,26,
631.000000,127.000000,0.216322,462756576.000000,1.390383,0,1
45,52,32,56,42,28,51,39,
654.000000,127.000000,0.227852,103922448.000000,1.566105,0,1
61,50,58,22,36,49,16,16,
529.000000,128.000000,0.089550,9947231.000000,0.506216,0,1
17,21,13,30,22,13,30,28,
530.000000,128.000000,0.092371,9288537.000000,0.512827,0,1
15,19,12,28,14,13,29,25,
164.000000,129.000000,0.222679,24691028.000000,1.896267,0,1
36,37,32,34,28,25,26,26,
177.000000,129.000000,0.219030,425655104.000000,1.787798,0,1
45,36,54,29,43,60,34,41,
590.000000,129.000000,0.126677,42824064.000000,0.963356,0,1
20,28,18,32,21,16,29,22,
616.000000,129.000000,0.204240,639885440.000000,1.268949,0,1
45,27,52,23,45,55,29,48,
661.000000,129.000000,0.235268,75946928.000000,1.626070,0,1
64,52,58,29,35,48,23,21,
160.000000,130.000000,0.225203,49369536.000000,1.932348,0,1
42,46,38,41,32,27,28,26,
193.000000,133.000000,0.205780,491415360.000000,1.637247,0,1
38,52,27,57,42,23,53,45,
597.000000,133.000000,0.185612,26144686.000000,1.112522,0,1
26,29,27,38,38,38,41,38,
490.000000,134.000000,0.056605,5096964.000000,0.280996,0,1
26,24,16,14,21,11,14,13,
512.000000,134.000000,0.099301,25505824.000000,0.451209,0,1
27,16,35,17,28,32,16,26,
483.000000,140.000000,0.051525,3791559.500000,0.224003,0,1
17,14,12,13,14,10,9,8,
614.000000,141.000000,0.204777,255270000.000000,1.262086,0,1
35,35,45,32,34,47,33,36,
536.000000,143.000000,0.103819,10686517.000000,0.445550,0,1
38,38,39,28,34,42,26,27,
512.000000,144.000000,0.099765,22902812.000000,0.456730,0,1
30,20,34,18,30,28,20,28,
550.000000,144.000000,0.097214,5656119.000000,0.626507,0,1
29,34,31,46,41,32,49,44,
212.000000,149.000000,0.194681,180613936.000000,1.484312,0,1
23,30,20,32,23,20,33,23,
559.000000,150.000000,0.104206,7325166.000000,0.695942,0,1
26,31,27,45,38,30,50,50,
564.000000,153.000000,0.108175,25731746.000000,0.563727,0,1
28,36,28,50,37,28,45,41,
614.000000,153.000000,0.203304,140831600.000000,1.265393,0,1
39,38,46,38,44,49,53,37,
525.000000,155.000000,0.078866,27511828.000000,0.462783,0,1
30,26,38,25,34,32,30,40,
628.000000,155.000000,0.213551,81236632.000000,1.379036,0,1
41,48,37,52,45,38,56,41,
537.000000,156.000000,0.111881,4425518.500000,0.473569,0,1
33,37,38,25,35,37,25,27,
181.000000,158.000000,0.215507,160187376.000000,1.762908,0,1
43,41,52,37,42,52,38,40,
541.000000,158.000000,0.128866,9581539.000000,0.688738,0,1
29,39,38,25,30,39,24,28,
197.000000,159.000000,0.204740,150824656.000000,1.628512,0,1
30,46,33,52,36,39,56,40,
515.000000,159.000000,0.074791,18273952.000000,0.302510,0,1
32,24,37,28,37,26,32,44,
573.000000,159.000000,0.111551,13424888.000000,0.621443,0,1
27,33,29,44,38,31,47,52,
516.000000,162.000000,0.074975,7400266.500000,0.308780,0,1
38,44,27,31,37,24,31,30,
556.000000,162.000000,0.119917,6469748.000000,0.753871,0,1
41,39,44,28,36,41,29,29,
578.000000,162.000000,0.116580,29993132.000000,0.654109,0,1
34,42,34,58,48,34,59,54,
613.000000,162.000000,0.203517,217993552.000000,1.269379,0,1
43,35,46,32,44,50,35,44,
182.000000,164.000000,0.214543,109527048.000000,1.759196,0,1
59,49,55,37,44,49,35,44,
520.000000,166.000000,0.079527,1195209.000000,0.349567,0,1
24,27,30,31,34,27,32,35,
304.000000,168.000000,0.094558,10524807.000000,0.635706,0,1
13,14,20,14,21,30,20,29,
310.000000,170.000000,0.094995,41151112.000000,0.615547,0,1
19,28,13,30,20,13,27,19,
536.000000,173.000000,0.087058,11147512.000000,0.433432,0,1
24,25,28,26,32,28,25,39,
595.000000,173.000000,0.130478,27530254.000000,0.998383,0,1
36,42,30,60,45,37,57,54,
549.000000,174.000000,0.095202,14593477.000000,0.500087,0,1
28,36,36,27,28,41,26,25,
305.000000,175.000000,0.094434,35666916.000000,0.643697,0,1
23,17,31,14,26,31,16,23,
182.000000,176.000000,0.214868,182086288.000000,1.366189,0,1
38,27,40,33,37,46,27,35,
198.000000,177.000000,0.201882,327446880.000000,1.630638,0,1
36,48,32,50,39,31,49,41,
295.000000,177.000000,0.102539,15772485.000000,0.725043,0,1
13,14,22,14,22,32,23,37,
512.000000,177.000000,0.096440,17172312.000000,0.373476,0,1
29,30,26,25,20,23,30,20,
328.000000,178.000000,0.099274,672542.500000,0.332147,0,1
13,13,13,13,14,13,14,16,
501.000000,178.000000,0.096865,7585632.000000,0.462369,0,1
20,20,24,31,29,30,36,37,
494.000000,179.000000,0.095891,8379142.000000,0.429706,0,1
23,25,31,20,29,35,22,22,
578.000000,179.000000,0.134880,5711875.000000,0.923776,0,1
40,37,41,30,35,40,30,29,
626.000000,179.000000,0.211445,80723128.000000,1.391837,0,1
49,46,54,37,35,38,37,37,
330.000000,180.000000,0.101159,6196501.000000,0.560721,0,1
13,14,14,16,16,15,27,26,
499.000000,185.000000,0.104030,6466328.000000,0.485874,0,1
40,29,41,23,29,43,25,25,
519.000000,185.000000,0.099986,7016559.500000,0.556086,0,1
16,24,17,41,25,20,43,45,
286.000000,186.000000,0.110055,22936586.000000,0.815966,0,1
15,15,28,16,29,37,31,39,
326.000000,186.000000,0.107862,4176575.250000,0.609914,0,1
34,35,28,35,29,24,30,25,
520.000000,186.000000,0.100839,6482356.000000,0.564135,0,1
17,25,20,43,29,23,45,46,
502.000000,188.000000,0.106513,8241264.500000,0.513212,0,1
45,32,48,26,34,50,27,28,
300.000000,189.000000,0.099521,10247047.000000,0.714320,0,1
16,16,24,17,24,32,24,37,
591.000000,189.000000,0.159610,10790108.000000,1.085352,0,1
47,40,50,31,35,46,32,32,
199.000000,190.000000,0.201853,137466880.000000,1.646325,0,1
41,46,36,49,45,27,49,47,
300.000000,190.000000,0.100728,9809548.000000,0.722608,0,1
17,18,33,19,33,36,33,40,
280.000000,192.000000,0.114704,28926104.000000,0.878022,0,1
17,18,34,17,35,38,34,41,
320.000000,192.000000,0.111737,4280420.000000,0.670529,0,1
38,40,31,41,33,28,33,30,
558.000000,192.000000,0.098834,5526645.000000,0.744894,0,1
34,41,36,29,35,40,32,30,
485.000000,193.000000,0.082919,22836654.000000,0.404900,0,1
32,32,28,31,23,16,17,13,
471.000000,195.000000,0.083558,17680178.000000,0.370333,0,1
34,33,34,23,23,22,15,15,
509.000000,195.000000,0.113567,11135396.000000,0.579129,0,1
59,41,61,32,42,62,32,33,
213.000000,196.000000,0.192675,361775008.000000,1.534430,0,1
32,41,22,49,39,17,50,34,
337.000000,196.000000,0.085383,9245796.000000,0.543945,0,1
26,23,23,18,16,17,16,14,
343.000000,196.000000,0.083120,12412215.000000,0.491207,0,1
31,28,29,19,22,25,16,15,
379.000000,196.000000,0.082028,6361914.000000,0.370773,0,1
36,37,38,35,35,38,28,24,
437.000000,196.000000,0.083503,15000584.000000,0.313555,0,1
43,44,44,37,38,41,25,23,
612.000000,196.000000,0.203521,10407239.000000,1.319629,0,1
54,53,60,47,38,49,43,40,
422.000000,197.000000,0.083952,16200506.000000,0.313241,0,1
44,43,45,34,35,36,25,23,
452.000000,197.000000,0.084717,19262722.000000,0.339831,0,1
44,45,45,35,38,41,23,21,
548.000000,197.000000,0.095090,8008753.000000,0.680250,0,1
26,33,26,40,32,26,41,42,
388.000000,198.000000,0.084575,10761673.000000,0.361497,0,1
41,39,39,30,30,29,25,25,
403.000000,198.000000,0.084759,13062984.000000,0.334366,0,1
44,41,40,27,32,31,25,26,
513.000000,198.000000,0.117939,13494655.000000,0.616249,0,1
63,57,65,36,58,67,36,36,
577.000000,198.000000,0.115669,27533058.000000,0.898219,0,1
30,27,38,36,34,41,41,43,
201.000000,199.000000,0.198639,269223232.000000,1.647857,0,1
31,42,25,48,32,35,45,60,
535.000000,199.000000,0.112149,11680288.000000,0.699639,0,1
29,38,33,59,43,38,61,60,
536.000000,200.000000,0.092895,5431082.000000,0.657173,0,1
33,43,38,61,47,42,60,56,
310.000000,201.000000,0.122161,7958792.000000,0.771036,0,1
53,54,46,54,46,35,45,35,
509.000000,201.000000,0.109263,795057.625000,0.593758,0,1
31,35,31,39,35,31,41,40,
515.000000,201.000000,0.122108,17565372.000000,0.640587,0,1
68,46,69,33,47,68,33,37,
577.000000,201.000000,0.114730,22523622.000000,0.900630,0,1
42,37,46,28,33,46,29,33,
213.000000,204.000000,0.192374,280206016.000000,1.552128,0,1
35,44,25,45,38,19,45,40,
418.000000,204.000000,0.093989,2365632.250000,0.388832,0,1
20,25,22,27,27,26,28,28,
549.000000,204.000000,0.121787,11908947.000000,0.799043,0,1
36,44,34,50,43,31,49,50,
554.000000,207.000000,0.126871,21676692.000000,0.850488,0,1
43,29,47,37,33,47,37,38,
592.000000,207.000000,0.138536,12015696.000000,1.069162,0,1
36,44,45,28,43,49,29,34,
610.000000,207.000000,0.197908,221541264.000000,1.096552,0,1
42,36,49,32,44,53,37,43,
563.000000,208.000000,0.108389,9252234.000000,0.846427,0,1
26,34,26,47,38,28,39,32,
519.000000,210.000000,0.129187,2901937.000000,0.705830,0,1
31,34,32,40,36,32,41,44,
527.000000,210.000000,0.134687,8924638.000000,0.757987,0,1
74,56,74,36,51,75,36,36,
329.000000,211.000000,0.102765,5107683.500000,0.666446,0,1
25,28,20,29,22,16,24,19,
506.000000,214.000000,0.115051,4104345.750000,0.652485,0,1
39,37,43,33,40,42,34,38,
256.000000,215.000000,0.134975,45136544.000000,1.141604,0,1
25,26,44,29,44,49,44,50,
562.000000,216.000000,0.131418,16133842.000000,0.928288,0,1
24,37,33,64,46,52,68,70,
214.000000,217.000000,0.191837,321610848.000000,1.577321,0,1
36,50,31,61,35,19,36,34,
538.000000,218.000000,0.147513,10636154.000000,0.864092,0,1
85,72,86,38,65,84,38,38,
570.000000,218.000000,0.108941,68483888.000000,0.891259,0,1
37,41,22,46,27,16,39,27,
189.000000,219.000000,0.211453,160488784.000000,1.805506,0,1
44,38,48,32,41,46,38,41,
204.000000,219.000000,0.199048,139601040.000000,1.670483,0,1
34,38,29,46,39,51,51,47,
540.000000,219.000000,0.150224,10556308.000000,0.883274,0,1
87,83,88,41,78,87,40,40,
589.000000,219.000000,0.124418,56825116.000000,1.066459,0,1
31,26,41,27,35,40,26,38,
623.000000,219.000000,0.207324,67430064.000000,1.455588,0,1
42,44,30,58,42,35,53,41,
539.000000,220.000000,0.150560,12241700.000000,0.883383,0,1
83,41,78,38,40,73,39,38,
569.000000,220.000000,0.108876,40997120.000000,0.893796,0,1
39,52,24,66,46,20,68,69,
204.000000,221.000000,0.199212,113958792.000000,1.678033,0,1
39,51,52,59,47,35,46,36,
250.000000,221.000000,0.139548,33535890.000000,1.208654,0,1
32,31,46,31,45,52,45,57,
542.000000,221.000000,0.153132,11661522.000000,0.906805,0,1
87,73,87,40,66,87,39,40,
189.000000,223.000000,0.211025,185818096.000000,1.815266,0,1
41,37,50,32,40,52,37,39,
372.000000,224.000000,0.118086,870316.500000,0.609992,0,1
36,36,38,36,38,41,39,41,
214.000000,225.000000,0.191046,247085984.000000,1.599587,0,1
37,47,26,49,38,21,50,39,
243.000000,227.000000,0.167275,10001345.000000,1.360192,0,1
31,32,37,33,43,62,54,65,
550.000000,227.000000,0.163438,12848128.000000,0.991082,0,1
90,76,90,42,68,90,43,42,
580.000000,227.000000,0.142164,21793076.000000,1.076836,0,1
21,33,22,65,41,28,69,72,
650.000000,233.000000,0.240817,39102880.000000,1.730818,0,1
44,51,53,30,40,58,27,34,
215.000000,234.000000,0.191136,258547104.000000,1.620339,0,1
36,43,26,50,39,25,55,46,
513.000000,235.000000,0.124693,10553315.000000,0.779567,0,1
35,30,39,26,34,43,27,32,
562.000000,236.000000,0.179985,12998153.000000,1.122138,0,1
94,77,94,45,67,93,45,45,
508.000000,238.000000,0.116159,1907597.000000,0.755284,0,1
25,27,22,32,27,22,32,33,
280.000000,239.000000,0.158334,36881296.000000,1.161034,0,1
44,50,41,53,43,41,51,42,
601.000000,239.000000,0.180889,47881192.000000,0.870881,0,1
19,25,26,57,31,31,64,67,
622.000000,239.000000,0.205746,195131296.000000,1.507524,0,1
37,44,30,51,37,33,52,52,
264.000000,240.000000,0.176131,7828093.000000,1.295910,0,1
45,45,38,45,36,32,36,33,
446.000000,240.000000,0.120991,5472811.000000,0.644943,0,1
44,46,47,47,51,54,48,48,
556.000000,240.000000,0.174189,14736523.000000,1.096114,0,1
41,45,41,46,47,38,51,55,
598.000000,240.000000,0.181940,13527088.000000,1.324487,0,1
50,72,57,78,73,64,78,77,
215.000000,241.000000,0.191285,382782528.000000,1.642647,0,1
34,50,30,58,38,32,53,45,
270.000000,241.000000,0.166511,32797818.000000,1.243282,0,1
45,41,49,38,49,53,42,51,
569.000000,241.000000,0.187990,14015321.000000,1.194300,0,1
95,81,97,47,73,96,46,47,
573.000000,244.000000,0.193492,13887162.000000,1.239719,0,1
96,81,97,48,73,95,48,47,
519.000000,245.000000,0.133331,4326685.000000,0.873962,0,1
39,30,41,23,32,41,24,27,
189.000000,248.000000,0.208312,64283844.000000,1.882331,0,1
30,29,36,30,46,60,55,39,
190.000000,249.000000,0.208153,73002392.000000,1.878495,0,1
36,46,60,55,49,42,39,25,
521.000000,249.000000,0.136111,2350095.000000,0.901096,0,1
39,30,39,26,31,39,24,25,
580.000000,249.000000,0.202048,12821645.000000,1.313696,0,1
96,85,96,52,79,95,49,49,
619.000000,250.000000,0.204103,58471072.000000,1.524262,0,1
42,45,36,65,47,30,68,70,
517.000000,251.000000,0.126574,2711649.750000,0.870844,0,1
32,32,29,37,33,27,39,38,
265.000000,252.000000,0.174990,59234708.000000,1.337299,0,1
43,51,42,47,44,41,51,45,
586.000000,254.000000,0.209709,17215174.000000,1.381739,0,1
96,74,96,49,68,95,49,48,
179.000000,255.000000,0.230777,43092476.000000,2.035208,0,1
41,53,56,65,45,31,35,27,
191.000000,256.000000,0.209293,39080428.000000,1.898445,0,1
23,21,32,22,38,64,46,70,
330.000000,258.000000,0.143314,939087.687500,1.032313,0,1
32,33,35,33,35,38,34,41,
186.000000,259.000000,0.217294,22481730.000000,1.962397,0,1
22,22,32,24,39,61,49,68,
593.000000,259.000000,0.219194,14922674.000000,1.457705,0,1
98,81,98,50,73,97,49,49,
633.000000,259.000000,0.215782,11578366.000000,1.666118,0,1
26,45,27,66,51,30,68,71,
531.000000,260.000000,0.146781,5249999.000000,1.014781,0,1
41,33,43,24,36,45,24,25,
558.000000,260.000000,0.178313,26822946.000000,0.968359,0,1
55,53,47,53,53,46,50,46,
167.000000,261.000000,0.242804,80109592.000000,2.170326,0,1
41,46,59,60,50,31,39,30,
529.000000,263.000000,0.139154,3022789.500000,1.003686,0,1
23,32,23,39,32,23,40,40,
278.000000,264.000000,0.160232,43019132.000000,1.282869,0,1
44,49,41,47,47,40,56,47,
158.000000,266.000000,0.256035,30162242.000000,2.285617,0,1
48,54,53,62,44,31,35,33,
645.000000,266.000000,0.227440,15974022.000000,1.786957,0,1
21,37,23,67,48,25,69,71,
245.000000,268.000000,0.197265,50061452.000000,1.209264,0,1
43,48,40,43,43,39,46,44,
148.000000,269.000000,0.258788,37962724.000000,2.375037,0,1
35,35,37,33,48,58,54,49,
649.000000,270.000000,0.234164,12627590.000000,1.837684,0,1
39,65,47,72,67,55,74,75,
609.000000,271.000000,0.241148,14860817.000000,1.636182,0,1
98,78,97,51,71,99,50,50,
290.000000,272.000000,0.151637,4303754.000000,1.247780,0,1
30,31,36,31,36,40,33,41,
436.000000,272.000000,0.156821,1326409.250000,0.895765,0,1
61,62,63,61,64,64,62,65,
373.000000,273.000000,0.150462,4426658.000000,0.975712,0,1
49,48,51,49,54,53,54,55,
612.000000,273.000000,0.243495,14173588.000000,1.665332,0,1
99,87,99,51,78,100,52,51,
289.000000,274.000000,0.150133,4982346.500000,1.242178,0,1
31,29,39,28,37,42,36,41,
544.000000,276.000000,0.163623,2725010.750000,1.181903,0,1
40,30,40,24,32,42,23,27,
276.000000,277.000000,0.163767,5264913.500000,1.370034,0,1
37,40,31,40,34,27,36,28,
667.000000,279.000000,0.250964,12403858.000000,2.010746,0,1
18,31,21,67,41,23,71,73,
284.000000,284.000000,0.159598,2882966.250000,1.340630,0,1
34,31,37,31,34,39,33,37,
268.000000,287.000000,0.172809,6251520.500000,1.482277,0,1
34,37,26,39,30,26,34,29,
179.000000,289.000000,0.271569,4916944.000000,2.263003,0,1
75,75,77,76,78,88,81,71,
201.000000,292.000000,0.246438,9991841.000000,2.074657,0,1
39,45,40,44,44,39,48,45,
258.000000,296.000000,0.169116,1158191.000000,1.571557,0,1
39,38,36,40,35,32,38,31,
484.000000,27.000000,0.046948,64306676.000000,0.201872,0,1
107,112,93,100,82,65,74,64,
450.000000,41.000000,0.037565,160204816.000000,0.255438,0,1
107,126,124,102,101,94,74,50,
237.000000,109.000000,0.036447,186802784.000000,0.115472,0,1
62,49,71,26,57,48,27,26,
245.000000,109.000000,0.036557,100112608.000000,0.110881,0,1
27,52,27,59,55,29,63,66,
238.000000,110.000000,0.036675,143155296.000000,0.115542,0,1
71,57,48,27,42,33,26,27,
587.000000,48.000000,0.025480,46732156.000000,0.351904,0,1
44,36,61,33,52,61,40,53,
324.000000,37.000000,0.036948,148047904.000000,0.385450,0,1
79,79,84,75,103,93,87,136,
480.000000,38.000000,0.056976,67138048.000000,0.272720,0,1
83,76,83,57,65,82,58,71,
317.000000,105.000000,0.037906,63033352.000000,0.080936,0,1
25,55,19,60,46,19,55,26,
