# timestamp
1608635298437201664

# fx, fy, cx, cy, width, height, npoints
501.494751,501.474884,421.770508,167.670898,800,400,622

# camToWorld: translation vector, rotation quaternion
-37.364788,72.683072,4.461501,-0.093333,-0.717593,0.686063,0.075281

# Exposure time (ms)
11.210666

# Point Cloud Data : 
# u,v,idepth_scaled,idepth_hessian,maxRelBaseline,numGoodRes,status 
# color information 
585.000000,107.000000,0.148408,26388184.000000,0.478533,0,1
31,41,32,70,40,28,49,34,
527.000000,113.000000,0.116733,89276704.000000,0.175925,0,1
30,36,36,43,107,45,199,255,
592.000000,124.000000,0.141023,778131584.000000,0.471097,0,1
208,89,249,37,193,255,81,175,
560.000000,129.000000,0.127299,367209280.000000,0.355175,0,1
65,161,46,190,129,43,235,225,
634.000000,134.000000,0.156914,1579584896.000000,0.624865,0,1
185,100,211,38,153,244,72,118,
668.000000,135.000000,0.168080,548016384.000000,0.754405,0,1
251,248,205,245,165,87,138,46,
630.000000,152.000000,0.152808,2483457280.000000,0.751926,0,1
56,119,37,189,74,26,134,77,
674.000000,158.000000,0.170814,1723774976.000000,0.780039,0,1
120,110,209,89,175,250,181,230,
665.000000,173.000000,0.165737,1227723392.000000,0.742222,0,1
32,33,101,30,105,228,87,170,
521.000000,188.000000,0.117285,404215264.000000,0.311912,0,1
26,23,95,19,78,163,29,53,
650.000000,197.000000,0.158662,226533792.000000,0.691106,0,1
17,29,21,170,113,55,189,190,
639.000000,199.000000,0.157025,669827584.000000,0.657619,0,1
33,34,99,60,123,187,144,195,
652.000000,199.000000,0.163200,231999264.000000,0.894463,0,1
55,145,94,190,139,107,163,130,
539.000000,207.000000,0.122608,436633504.000000,0.422296,0,1
81,43,124,23,81,136,42,72,
593.000000,241.000000,0.140295,602001536.000000,0.727532,0,1
33,34,54,30,59,69,58,77,
663.000000,247.000000,0.165039,1388680192.000000,1.032730,0,1
69,67,99,52,107,147,76,94,
136.000000,78.000000,0.425264,1640034.000000,6.819216,0,1
7,11,10,25,24,24,36,40,
148.000000,78.000000,0.420023,1597495.625000,6.407100,0,1
8,10,10,20,19,17,33,39,
115.000000,90.000000,0.418938,1866473.000000,7.532541,0,1
57,30,32,16,17,20,12,10,
130.000000,90.000000,0.409959,2415060.000000,6.960713,0,1
45,42,41,20,19,18,16,14,
729.000000,104.000000,0.251760,4446114.000000,1.404930,0,1
57,48,47,26,27,28,15,11,
706.000000,226.000000,0.178065,39936116.000000,1.167458,0,1
44,33,44,19,35,36,23,22,
711.000000,256.000000,0.188546,7170030.000000,0.661723,0,1
15,22,16,48,31,18,53,49,
702.000000,292.000000,0.185962,25554152.000000,0.500961,0,1
213,180,196,81,132,173,40,31,
621.000000,177.000000,0.146611,11581950.000000,0.356011,0,1
250,228,245,141,161,189,64,25,
556.000000,48.000000,0.308623,777387.562500,0.864947,0,1
9,7,12,6,9,13,7,9,
556.000000,54.000000,0.302355,1942658.500000,0.836006,0,1
9,7,12,6,10,15,7,10,
153.000000,78.000000,0.409951,3779573.750000,6.233001,0,1
8,10,9,17,15,15,31,33,
175.000000,79.000000,0.408867,5182957.500000,5.548503,0,1
9,10,10,16,14,15,24,28,
207.000000,80.000000,0.384627,921717.687500,4.638538,0,1
8,8,9,13,12,12,18,21,
556.000000,80.000000,0.299905,2601128.000000,0.774560,0,1
11,8,14,8,11,17,8,11,
219.000000,81.000000,0.376896,977830.500000,4.328215,0,1
9,10,10,16,15,14,19,20,
231.000000,81.000000,0.370773,472015.812500,4.037851,0,1
8,9,8,13,12,11,17,19,
254.000000,82.000000,0.360429,1062905.750000,3.518354,0,1
8,8,8,12,12,11,15,15,
332.000000,84.000000,0.314715,426158.906250,2.088361,0,1
8,8,9,10,10,10,14,15,
344.000000,84.000000,0.311347,521038.562500,1.909616,0,1
8,9,8,10,9,9,13,15,
413.000000,87.000000,0.298090,1845750.500000,1.035229,0,1
9,11,11,15,15,15,19,21,
414.000000,87.000000,0.311256,1852650.625000,1.028879,0,1
10,11,10,15,15,15,19,21,
423.000000,87.000000,0.315096,1994815.000000,0.941697,0,1
9,10,10,14,14,13,19,21,
438.000000,88.000000,0.301474,2107454.250000,0.789654,0,1
10,12,12,17,17,17,22,24,
447.000000,88.000000,0.307963,2199419.500000,0.719088,0,1
10,11,11,17,17,16,23,26,
456.000000,88.000000,0.309309,2576636.250000,0.784274,0,1
10,11,11,16,16,15,23,24,
524.000000,88.000000,0.302438,6679890.500000,1.269803,0,1
10,11,10,11,11,11,12,20,
249.000000,89.000000,0.398045,2491650.000000,3.663028,0,1
17,16,17,13,14,16,9,14,
376.000000,89.000000,0.302108,1791183.375000,1.441498,0,1
16,11,17,13,13,19,19,20,
461.000000,89.000000,0.308047,3236574.250000,0.806978,0,1
11,15,15,21,23,23,27,32,
480.000000,89.000000,0.304951,3168500.250000,0.930078,0,1
11,13,13,21,21,20,27,26,
486.000000,89.000000,0.312480,5006419.000000,1.022239,0,1
11,12,12,18,19,18,27,30,
499.000000,89.000000,0.311595,11003412.000000,1.123876,0,1
11,12,12,17,17,17,27,35,
507.000000,89.000000,0.308460,9373640.000000,1.168969,0,1
11,12,12,16,16,15,26,35,
513.000000,89.000000,0.306756,10107604.000000,1.206933,0,1
12,12,12,15,15,15,24,34,
410.000000,90.000000,0.300182,3915207.500000,1.046942,0,1
18,14,17,18,16,22,23,24,
419.000000,90.000000,0.295470,2946184.250000,0.950864,0,1
19,16,21,14,17,23,22,24,
492.000000,90.000000,0.316870,13330795.000000,1.095950,0,1
12,18,18,29,28,28,33,36,
507.000000,90.000000,0.308882,9196514.000000,1.167960,0,1
12,16,16,26,26,25,35,37,
522.000000,90.000000,0.304488,11787048.000000,1.261900,0,1
11,13,12,22,21,20,35,35,
425.000000,91.000000,0.295203,2235908.500000,0.887034,0,1
18,20,13,24,22,23,25,24,
443.000000,91.000000,0.296581,2775862.750000,0.725837,0,1
20,17,23,21,22,28,28,30,
451.000000,91.000000,0.298559,3686269.750000,0.685532,0,1
20,18,25,21,23,31,28,33,
533.000000,91.000000,0.301169,14369846.000000,1.325035,0,1
11,17,17,28,29,27,36,41,
548.000000,91.000000,0.295621,9359254.000000,1.404013,0,1
10,13,12,22,22,20,33,32,
552.000000,91.000000,0.293218,7023439.000000,1.416124,0,1
9,11,12,20,20,19,29,34,
464.000000,92.000000,0.304336,4713307.000000,0.793673,0,1
25,30,20,35,30,30,37,36,
572.000000,92.000000,0.283600,6220563.500000,1.488258,0,1
14,16,16,24,24,23,29,32,
579.000000,92.000000,0.281218,5127872.500000,1.521106,0,1
13,16,15,22,21,21,28,31,
587.000000,92.000000,0.278150,5435054.000000,1.554016,0,1
13,15,15,20,19,19,27,27,
348.000000,93.000000,0.411848,1092575.625000,1.912800,0,1
16,12,13,17,13,18,20,19,
368.000000,93.000000,0.281643,1797428.375000,1.501347,0,1
19,16,20,11,17,21,19,20,
503.000000,93.000000,0.311453,8290538.000000,1.140097,0,1
31,27,34,33,34,40,39,38,
517.000000,93.000000,0.308052,7386913.000000,1.235886,0,1
32,29,34,32,33,40,40,42,
604.000000,93.000000,0.273377,4614493.500000,1.635144,0,1
13,15,15,24,23,22,29,28,
620.000000,93.000000,0.270619,4263297.500000,0.974100,0,1
12,14,14,20,20,19,27,30,
383.000000,94.000000,0.353831,1635533.625000,1.387918,0,1
19,19,13,24,17,19,22,16,
399.000000,94.000000,0.289310,2917527.000000,1.138648,0,1
21,24,18,27,23,14,27,24,
637.000000,94.000000,0.268500,6246410.000000,1.049101,0,1
12,17,16,26,26,25,33,37,
643.000000,94.000000,0.267169,6996903.500000,1.074543,0,1
11,15,15,24,25,24,33,36,
649.000000,94.000000,0.265308,6792222.000000,1.098892,0,1
11,13,13,23,22,21,33,34,
393.000000,95.000000,0.335971,7022833.500000,1.246192,0,1
15,15,20,25,25,26,26,30,
435.000000,95.000000,0.344223,2241914.500000,0.748349,0,1
27,21,27,20,22,30,25,26,
471.000000,95.000000,0.300935,9932005.000000,0.812864,0,1
36,38,37,37,34,25,36,34,
477.000000,95.000000,0.292666,5312689.000000,0.814981,0,1
22,27,22,33,27,18,33,29,
308.000000,96.000000,0.387338,1180956.625000,1.341792,0,1
18,17,19,14,14,14,11,11,
175.000000,101.000000,0.107818,383301696.000000,0.410424,0,1
48,201,46,255,147,41,254,251,
169.000000,102.000000,0.110370,150326064.000000,0.279786,0,1
255,121,255,51,170,255,62,70,
161.000000,107.000000,0.107101,22264896.000000,0.429191,0,1
39,44,49,48,51,56,57,66,
522.000000,107.000000,0.112009,205317344.000000,0.286367,0,1
32,36,33,71,43,38,81,50,
179.000000,108.000000,0.102296,163296224.000000,0.376763,0,1
104,86,100,82,113,98,93,124,
658.000000,108.000000,0.153027,67259656.000000,0.870825,0,1
22,24,23,27,32,24,33,34,
159.000000,109.000000,0.105296,29450738.000000,0.423406,0,1
48,53,57,56,62,66,65,73,
585.000000,109.000000,0.146407,44747744.000000,0.588183,0,1
40,49,30,50,34,22,35,28,
674.000000,109.000000,0.163637,155250976.000000,0.577999,0,1
20,18,30,15,19,75,13,14,
638.000000,111.000000,0.158446,913475008.000000,0.829677,0,1
20,20,35,19,23,112,21,25,
493.000000,112.000000,0.103983,237888400.000000,0.204903,0,1
33,51,156,81,184,247,133,203,
191.000000,113.000000,0.113798,204194704.000000,0.365002,0,1
17,43,17,41,33,16,49,62,
484.000000,114.000000,0.102107,352543680.000000,0.183117,0,1
58,50,209,32,141,255,44,98,
467.000000,115.000000,0.098444,81712424.000000,0.148372,0,1
24,39,59,65,136,187,200,248,
557.000000,115.000000,0.128861,561255936.000000,0.422984,0,1
24,28,68,30,92,140,61,145,
140.000000,116.000000,0.104093,29044062.000000,0.799933,0,1
38,38,41,38,42,47,43,47,
449.000000,116.000000,0.091215,30286232.000000,0.137467,0,1
18,18,21,20,29,37,50,194,
453.000000,116.000000,0.090784,51818072.000000,0.138497,0,1
18,22,21,37,46,28,127,241,
496.000000,116.000000,0.106406,134319056.000000,0.213929,0,1
254,255,127,245,147,34,62,28,
565.000000,116.000000,0.130929,1228124160.000000,0.451910,0,1
181,77,244,33,132,255,42,57,
641.000000,116.000000,0.159663,1686078080.000000,0.657993,0,1
196,94,241,29,138,254,52,85,
651.000000,116.000000,0.162547,1008441280.000000,0.523675,0,1
74,164,50,252,122,34,222,175,
179.000000,117.000000,0.101714,73762240.000000,0.371775,0,1
115,102,112,98,109,109,97,104,
452.000000,117.000000,0.090068,89337232.000000,0.135739,0,1
22,37,46,92,127,85,218,255,
494.000000,117.000000,0.105838,80318680.000000,0.208196,0,1
252,209,233,104,87,44,44,26,
503.000000,117.000000,0.107551,531478592.000000,0.229839,0,1
111,31,228,25,69,249,26,30,
517.000000,117.000000,0.117283,197164176.000000,0.177164,0,1
251,255,105,255,179,44,250,90,
566.000000,117.000000,0.131099,1474602752.000000,0.454822,0,1
244,132,255,42,178,254,57,64,
619.000000,117.000000,0.151117,2775648256.000000,0.715024,0,1
168,112,223,74,164,254,94,91,
449.000000,118.000000,0.089366,47026232.000000,0.102130,0,1
29,50,92,72,194,218,157,253,
524.000000,118.000000,0.116330,703052928.000000,0.298027,0,1
84,44,226,36,143,255,62,191,
621.000000,119.000000,0.151669,799550592.000000,0.724180,0,1
254,195,255,91,185,225,59,32,
404.000000,120.000000,0.086612,8506393.000000,0.625505,0,1
20,21,28,15,20,38,16,20,
180.000000,121.000000,0.100062,164675696.000000,0.656309,0,1
106,106,75,92,92,89,80,82,
192.000000,121.000000,0.100773,781839168.000000,0.625669,0,1
53,35,75,28,52,87,34,48,
506.000000,121.000000,0.108084,254212208.000000,0.235233,0,1
245,95,225,28,103,129,28,28,
200.000000,122.000000,0.099903,460611392.000000,0.598598,0,1
15,49,12,80,44,14,59,37,
545.000000,123.000000,0.124131,373402240.000000,0.371224,0,1
230,243,95,127,121,33,44,26,
575.000000,123.000000,0.136513,585383168.000000,0.415794,0,1
251,124,254,40,163,255,38,38,
432.000000,124.000000,0.084116,52791640.000000,0.128662,0,1
31,38,57,34,107,67,132,232,
207.000000,125.000000,0.100330,288528640.000000,1.340915,0,1
13,17,13,38,20,12,48,52,
431.000000,125.000000,0.082042,96170848.000000,0.127976,0,1
38,34,107,34,132,117,188,255,
577.000000,125.000000,0.135491,700210880.000000,0.501310,0,1
255,193,254,38,187,178,35,29,
604.000000,125.000000,0.145147,144588032.000000,0.629664,0,1
32,38,56,58,145,189,211,255,
638.000000,125.000000,0.158816,168767680.000000,0.826750,0,1
25,25,30,27,41,54,102,236,
676.000000,125.000000,0.170447,2506948608.000000,0.787110,0,1
71,167,59,244,133,39,202,134,
692.000000,125.000000,0.179673,74316600.000000,1.039799,0,1
15,16,17,16,19,27,25,95,
207.000000,126.000000,0.100438,485601152.000000,1.341283,0,1
15,28,14,55,36,12,60,61,
430.000000,126.000000,0.081162,124194560.000000,0.122317,0,1
34,34,132,24,188,232,108,255,
578.000000,126.000000,0.135586,242980800.000000,0.504220,0,1
254,187,178,35,59,39,29,26,
592.000000,126.000000,0.142208,965395840.000000,0.472973,0,1
193,81,245,38,175,255,83,206,
602.000000,126.000000,0.143903,363067072.000000,0.616358,0,1
38,55,90,98,150,239,203,255,
610.000000,126.000000,0.145918,998820992.000000,0.652267,0,1
35,85,44,230,134,49,252,249,
661.000000,126.000000,0.164218,465102912.000000,0.725190,0,1
43,97,145,135,221,243,201,248,
467.000000,127.000000,0.095503,225269024.000000,0.145348,0,1
250,171,254,35,195,181,34,49,
500.000000,127.000000,0.105223,174128752.000000,0.213803,0,1
26,47,33,117,117,32,250,251,
373.000000,128.000000,0.070873,13204984.000000,0.053445,0,1
19,27,25,34,105,32,159,238,
387.000000,128.000000,0.083879,102374704.000000,0.735859,0,1
22,38,40,74,133,65,239,255,
396.000000,129.000000,0.072893,20585552.000000,0.071278,0,1
32,47,91,53,157,64,200,239,
612.000000,129.000000,0.146803,1717411328.000000,0.662839,0,1
83,204,60,255,164,45,251,236,
487.000000,130.000000,0.102767,267805360.000000,0.182324,0,1
251,118,255,29,149,222,32,35,
183.000000,131.000000,0.102066,80791392.000000,1.522263,0,1
78,66,63,37,40,39,24,25,
570.000000,132.000000,0.131897,1207774208.000000,0.464002,0,1
32,80,40,224,145,37,245,199,
673.000000,132.000000,0.169663,1235494144.000000,0.936666,0,1
234,245,147,253,175,68,197,74,
386.000000,133.000000,0.064062,97280312.000000,0.096546,0,1
249,159,255,65,177,220,43,34,
450.000000,133.000000,0.089532,24620198.000000,0.095620,0,1
254,153,140,70,74,28,32,22,
363.000000,134.000000,0.064748,21468150.000000,0.117686,0,1
25,29,36,27,104,41,88,182,
187.000000,135.000000,0.102066,361549248.000000,1.491870,0,1
21,46,15,38,23,15,44,24,
206.000000,135.000000,0.100138,230965328.000000,1.342546,0,1
20,15,42,17,21,30,21,27,
496.000000,135.000000,0.106377,474301888.000000,0.206334,0,1
77,37,209,34,176,255,136,251,
613.000000,135.000000,0.148915,1088701824.000000,0.678172,0,1
176,220,62,243,103,25,112,28,
445.000000,136.000000,0.086275,96112816.000000,0.130023,0,1
28,64,34,150,155,33,243,200,
363.000000,137.000000,0.055631,54653272.000000,0.083840,0,1
204,78,184,34,98,66,27,32,
494.000000,137.000000,0.102218,54652776.000000,0.142756,0,1
34,47,136,55,182,251,170,245,
569.000000,137.000000,0.131957,1533413760.000000,0.471692,0,1
240,253,165,253,168,49,173,63,
49.000000,138.000000,0.066696,61815748.000000,0.764645,0,1
13,15,11,24,18,13,32,26,
438.000000,139.000000,0.085640,169583776.000000,0.129066,0,1
40,36,163,43,134,255,125,240,
454.000000,139.000000,0.091751,182833408.000000,0.138889,0,1
56,30,225,24,115,248,37,128,
539.000000,139.000000,0.119699,195936560.000000,0.201698,0,1
255,255,185,242,176,53,124,35,
422.000000,141.000000,0.076753,64905276.000000,0.131360,0,1
26,27,48,23,42,136,29,53,
405.000000,142.000000,0.086267,56908820.000000,0.597650,0,1
30,20,44,20,30,47,20,30,
521.000000,142.000000,0.114201,739534080.000000,0.278203,0,1
229,84,252,28,146,255,34,45,
584.000000,142.000000,0.139046,1607168128.000000,0.544152,0,1
97,71,138,53,90,145,55,67,
638.000000,142.000000,0.157243,1121000832.000000,0.636039,0,1
238,125,243,30,123,237,30,26,
350.000000,143.000000,0.058772,164357360.000000,0.345691,0,1
24,24,30,28,37,93,94,165,
396.000000,143.000000,0.068055,634272.250000,0.007162,0,1
85,235,41,248,111,47,165,49,
471.000000,143.000000,0.097174,275227616.000000,0.148396,0,1
85,28,198,23,77,177,25,29,
566.000000,143.000000,0.130606,2341825024.000000,0.456550,0,1
214,243,98,253,152,39,228,131,
596.000000,143.000000,0.142152,785720192.000000,0.585836,0,1
252,166,251,41,158,252,35,33,
605.000000,143.000000,0.145850,2085854848.000000,0.633404,0,1
193,248,96,255,192,50,250,176,
640.000000,143.000000,0.158059,682944128.000000,0.643942,0,1
255,189,255,54,162,247,39,26,
642.000000,144.000000,0.159644,684476672.000000,0.843414,0,1
255,219,254,68,146,206,34,23,
666.000000,144.000000,0.165532,1404298496.000000,0.919574,0,1
34,46,22,71,27,18,39,24,
587.000000,145.000000,0.136958,209027136.000000,0.550010,0,1
75,63,34,61,36,26,40,25,
440.000000,146.000000,0.087088,76877936.000000,0.131398,0,1
251,176,239,76,90,228,32,29,
528.000000,146.000000,0.121591,115739528.000000,0.293285,0,1
252,253,198,201,167,116,71,37,
459.000000,147.000000,0.093030,122775200.000000,0.244355,0,1
143,218,100,123,106,91,50,47,
505.000000,147.000000,0.107961,707730432.000000,0.226964,0,1
84,208,40,245,112,27,230,164,
606.000000,147.000000,0.145309,2023743744.000000,0.633341,0,1
101,198,74,254,191,49,252,224,
626.000000,148.000000,0.153089,369290656.000000,0.744286,0,1
20,33,37,68,110,70,221,244,
654.000000,148.000000,0.163446,1990755840.000000,0.914456,0,1
133,95,181,57,139,183,89,125,
393.000000,149.000000,0.064443,7127014.500000,0.028906,0,1
171,107,182,63,140,85,70,67,
161.000000,150.000000,0.023624,1108898560.000000,0.205448,0,1
47,92,58,255,235,65,255,173,
90.000000,151.000000,0.024113,991763456.000000,0.274344,0,1
37,73,54,135,168,89,245,255,
479.000000,151.000000,0.097560,177873584.000000,0.154554,0,1
178,61,210,42,116,133,29,24,
513.000000,151.000000,0.111562,412458304.000000,0.253257,0,1
27,28,165,40,115,254,99,216,
68.000000,152.000000,0.024775,2024250880.000000,0.301790,0,1
61,134,57,195,128,92,245,254,
468.000000,152.000000,0.094985,149453200.000000,0.143149,0,1
23,26,33,25,90,55,80,218,
543.000000,152.000000,0.123067,140240992.000000,0.358122,0,1
22,24,25,25,52,40,112,249,
562.000000,152.000000,0.128904,508562464.000000,0.428542,0,1
228,139,203,33,123,118,25,21,
620.000000,152.000000,0.150299,2142639872.000000,0.707221,0,1
30,41,109,55,131,229,118,199,
684.000000,152.000000,0.172074,436957088.000000,1.005352,0,1
16,18,16,32,22,17,47,45,
470.000000,153.000000,0.095907,133048208.000000,0.135937,0,1
29,93,31,188,114,27,240,158,
564.000000,153.000000,0.129522,282576960.000000,0.436424,0,1
183,144,74,34,43,27,22,20,
662.000000,153.000000,0.164665,277268384.000000,0.953741,0,1
110,66,37,28,24,18,17,14,
682.000000,154.000000,0.172769,534965184.000000,0.631052,0,1
32,101,47,255,149,45,235,199,
383.000000,155.000000,0.064135,146021632.000000,0.096680,0,1
69,199,52,238,173,31,204,90,
396.000000,155.000000,0.035283,180088704.000000,0.128665,0,1
60,34,142,31,71,120,39,77,
424.000000,156.000000,0.084736,30029038.000000,0.050143,0,1
34,71,44,96,115,56,170,101,
444.000000,156.000000,0.085339,70240672.000000,0.128666,0,1
218,138,125,34,133,39,33,28,
524.000000,156.000000,0.115812,108823504.000000,0.290112,0,1
30,92,38,241,184,45,255,255,
422.000000,157.000000,0.084181,28652074.000000,0.047357,0,1
61,46,137,27,113,131,39,49,
503.000000,157.000000,0.107673,386450624.000000,0.223023,0,1
231,99,232,24,151,121,31,28,
629.000000,157.000000,0.153480,2654706688.000000,0.757487,0,1
135,214,76,254,142,56,212,177,
164.000000,158.000000,0.023211,522927232.000000,0.202091,0,1
255,234,219,110,112,82,67,40,
579.000000,158.000000,0.135197,846754432.000000,0.502793,0,1
65,138,48,236,139,73,243,251,
589.000000,158.000000,0.138862,912816384.000000,0.548980,0,1
37,126,39,176,118,29,191,149,
642.000000,158.000000,0.156114,281872896.000000,0.477511,0,1
28,87,39,220,137,49,250,221,
485.000000,159.000000,0.101444,476525536.000000,0.174330,0,1
65,34,175,27,110,238,58,72,
539.000000,159.000000,0.122886,616485440.000000,0.291874,0,1
43,24,146,19,68,230,26,59,
692.000000,159.000000,0.178039,410935232.000000,0.677949,0,1
20,28,50,56,117,187,156,208,
96.000000,160.000000,0.023778,2742445312.000000,0.264486,0,1
236,190,224,106,136,107,51,37,
602.000000,160.000000,0.142687,770550336.000000,0.607729,0,1
171,73,207,20,70,152,19,19,
61.000000,161.000000,0.024394,462047904.000000,0.141280,0,1
247,204,173,131,116,69,42,36,
406.000000,161.000000,0.086348,196265248.000000,0.594984,0,1
49,27,70,23,47,76,26,44,
160.000000,162.000000,0.023623,2325934592.000000,0.206553,0,1
213,250,134,255,151,44,183,66,
422.000000,162.000000,0.085659,83203632.000000,0.480094,0,1
49,30,65,25,46,69,29,42,
453.000000,162.000000,0.092183,93742336.000000,0.104036,0,1
90,122,84,178,180,51,207,141,
526.000000,162.000000,0.116329,246051680.000000,0.297345,0,1
226,226,132,98,138,42,47,35,
170.000000,163.000000,0.022757,293733856.000000,0.091006,0,1
252,154,240,81,129,208,53,49,
432.000000,163.000000,0.087776,78789024.000000,0.420787,0,1
65,36,101,41,80,71,44,65,
483.000000,163.000000,0.102147,133744408.000000,0.173113,0,1
42,41,81,26,94,178,29,30,
587.000000,163.000000,0.139179,175403760.000000,0.282449,0,1
173,125,195,93,143,135,65,42,
40.000000,164.000000,0.025530,545303168.000000,0.155968,0,1
30,37,33,98,99,46,184,108,
648.000000,164.000000,0.159137,1862985216.000000,0.839699,0,1
37,85,26,145,43,20,71,34,
406.000000,165.000000,0.086154,185040864.000000,0.597707,0,1
44,26,68,22,44,76,25,41,
424.000000,165.000000,0.086250,36524012.000000,0.471310,0,1
67,60,68,34,49,60,24,22,
471.000000,165.000000,0.095036,62596212.000000,0.101423,0,1
194,250,109,234,202,46,224,151,
487.000000,165.000000,0.100882,30372560.000000,0.178588,0,1
182,159,197,46,88,176,34,43,
540.000000,165.000000,0.122406,122713360.000000,0.209532,0,1
61,54,66,57,123,127,200,218,
620.000000,165.000000,0.150519,492355712.000000,0.710564,0,1
160,120,206,73,124,194,45,57,
643.000000,166.000000,0.157398,421861408.000000,0.833479,0,1
242,223,197,122,125,96,46,34,
449.000000,167.000000,0.091695,87220432.000000,0.325992,0,1
143,119,142,51,60,69,25,23,
465.000000,167.000000,0.093566,143801040.000000,0.237828,0,1
154,123,209,111,159,179,49,27,
566.000000,167.000000,0.131577,574312320.000000,0.469982,0,1
39,30,69,21,34,136,21,21,
140.000000,168.000000,0.022465,1071330880.000000,0.100337,0,1
162,116,239,68,189,203,86,124,
211.000000,168.000000,0.101263,62495872.000000,1.320428,0,1
25,26,25,26,42,27,44,56,
319.000000,168.000000,0.039326,14039952.000000,0.059267,0,1
22,33,28,54,78,44,83,123,
193.000000,169.000000,0.102552,24680928.000000,1.464885,0,1
27,28,28,28,35,27,39,47,
350.000000,169.000000,0.051595,319492576.000000,0.790646,0,1
42,96,49,77,88,71,121,68,
367.000000,169.000000,0.057966,341715840.000000,0.727098,0,1
46,54,99,48,80,92,53,63,
201.000000,170.000000,0.101191,20859894.000000,1.391331,0,1
26,28,26,43,34,36,44,46,
383.000000,170.000000,0.065167,75419328.000000,0.666069,0,1
32,35,44,32,77,56,63,101,
512.000000,170.000000,0.109873,159936464.000000,0.250804,0,1
148,146,177,131,153,175,64,27,
576.000000,170.000000,0.135040,263705344.000000,0.496636,0,1
235,157,253,43,145,255,36,38,
611.000000,170.000000,0.146757,937216896.000000,0.660731,0,1
27,24,47,21,86,117,77,184,
59.000000,171.000000,0.024720,2269947392.000000,0.144895,0,1
196,147,226,80,137,153,64,60,
72.000000,171.000000,0.024141,1530284672.000000,0.136629,0,1
227,188,233,125,172,168,94,69,
346.000000,171.000000,0.049659,719388224.000000,0.800356,0,1
33,40,91,38,107,68,59,93,
382.000000,171.000000,0.063470,117394992.000000,0.663341,0,1
35,32,77,31,63,85,36,46,
406.000000,171.000000,0.081185,5751848.000000,0.069338,0,1
40,25,64,23,38,73,25,37,
512.000000,171.000000,0.109368,106647584.000000,0.249805,0,1
164,142,160,59,69,83,26,23,
537.000000,171.000000,0.120753,487498048.000000,0.339873,0,1
180,99,246,100,182,212,93,44,
548.000000,171.000000,0.124165,1226243584.000000,0.378528,0,1
143,197,64,211,118,44,157,77,
125.000000,172.000000,0.021949,2729296384.000000,0.221455,0,1
161,137,198,71,111,87,50,59,
211.000000,172.000000,0.100452,225261568.000000,1.314303,0,1
56,41,56,26,40,54,24,28,
195.000000,174.000000,0.102358,9484719.000000,1.441108,0,1
42,39,46,36,40,37,27,24,
201.000000,174.000000,0.101461,6239629.500000,1.393986,0,1
46,37,36,32,33,32,25,24,
444.000000,175.000000,0.087465,38215768.000000,0.131815,0,1
20,22,22,30,51,25,135,185,
579.000000,175.000000,0.139594,153750832.000000,0.528480,0,1
181,157,158,73,88,99,24,19,
366.000000,177.000000,0.057179,227834464.000000,0.297076,0,1
75,121,44,100,76,37,117,76,
394.000000,178.000000,0.066692,112809960.000000,0.609047,0,1
106,63,79,40,61,33,34,27,
402.000000,178.000000,0.073074,12591938.000000,0.041958,0,1
83,126,33,83,78,24,52,24,
457.000000,178.000000,0.091685,185898128.000000,0.139943,0,1
27,30,108,30,138,192,121,200,
630.000000,178.000000,0.155055,377011200.000000,0.776888,0,1
144,197,134,116,119,114,36,21,
440.000000,179.000000,0.084874,168875568.000000,0.129348,0,1
31,42,60,77,111,153,166,216,
460.000000,179.000000,0.093596,128898096.000000,0.126544,0,1
55,192,73,222,123,88,197,125,
480.000000,179.000000,0.101057,109437152.000000,0.173011,0,1
18,24,19,66,70,22,130,182,
88.000000,180.000000,0.025810,81894736.000000,0.294782,0,1
94,93,84,91,83,78,77,66,
107.000000,180.000000,0.025114,312590400.000000,0.268254,0,1
96,94,108,83,80,90,69,67,
120.000000,180.000000,0.024923,101164704.000000,0.256251,0,1
101,87,99,69,82,85,66,61,
455.000000,180.000000,0.090671,190067008.000000,0.139317,0,1
30,25,121,20,100,200,30,64,
665.000000,180.000000,0.165560,680264576.000000,0.978824,0,1
159,143,189,108,123,140,55,22,
687.000000,180.000000,0.175940,432999552.000000,0.542441,0,1
129,180,79,207,139,81,149,106,
50.000000,182.000000,0.026892,23370064.000000,0.164368,0,1
61,62,64,54,58,59,48,47,
319.000000,182.000000,0.044329,177569840.000000,0.072875,0,1
73,252,119,166,202,86,69,45,
364.000000,182.000000,0.072408,67095744.000000,0.364338,0,1
52,46,76,43,77,87,59,84,
187.000000,183.000000,0.101277,887395712.000000,0.358817,0,1
76,113,48,148,123,30,184,180,
327.000000,183.000000,0.045373,227767824.000000,0.140865,0,1
41,77,37,137,93,55,130,83,
372.000000,183.000000,0.061698,502447264.000000,0.733452,0,1
58,70,46,88,72,45,83,59,
422.000000,183.000000,0.085754,129490392.000000,0.513012,0,1
33,25,60,24,35,40,24,32,
430.000000,183.000000,0.079503,152404272.000000,0.163900,0,1
158,131,78,59,88,40,33,25,
459.000000,183.000000,0.094034,92991400.000000,0.128699,0,1
196,200,122,67,151,81,33,27,
497.000000,183.000000,0.104546,292097664.000000,0.183149,0,1
70,46,198,32,145,250,130,217,
350.000000,185.000000,0.052116,421703680.000000,0.808852,0,1
54,64,61,58,92,44,84,102,
537.000000,185.000000,0.118093,71155216.000000,0.337224,0,1
16,20,17,72,58,23,168,162,
397.000000,186.000000,0.076280,104280920.000000,0.649385,0,1
49,59,37,56,57,38,41,42,
494.000000,187.000000,0.104267,651219584.000000,0.227007,0,1
73,69,139,40,116,196,79,129,
71.000000,188.000000,0.030899,55986484.000000,0.366525,0,1
66,68,64,59,56,52,48,42,
145.000000,188.000000,0.037107,61208684.000000,0.334051,0,1
87,88,95,83,96,108,107,118,
287.000000,188.000000,0.029888,1036630144.000000,0.357521,0,1
22,22,20,23,59,34,61,102,
288.000000,188.000000,0.030667,228362352.000000,0.135862,0,1
22,22,20,41,56,18,103,141,
550.000000,188.000000,0.125201,663844544.000000,0.395576,0,1
24,33,102,18,102,159,41,90,
559.000000,188.000000,0.129953,445063104.000000,0.464349,0,1
16,35,40,83,117,122,117,150,
143.000000,189.000000,0.037088,38008976.000000,0.342327,0,1
83,80,90,95,103,113,108,118,
144.000000,189.000000,0.037703,53939472.000000,0.343229,0,1
88,83,96,99,107,116,112,121,
189.000000,189.000000,0.101583,1005686784.000000,0.358829,0,1
40,112,22,159,38,19,82,35,
444.000000,189.000000,0.083204,181065856.000000,0.160796,0,1
103,166,40,56,71,25,38,24,
482.000000,189.000000,0.098737,312813152.000000,0.178502,0,1
171,243,72,218,141,28,164,46,
503.000000,189.000000,0.106266,1043513472.000000,0.245683,0,1
167,202,60,231,113,27,185,102,
563.000000,189.000000,0.128400,433418496.000000,0.380042,0,1
25,105,39,198,123,28,180,119,
132.000000,190.000000,0.034345,21305634.000000,0.327163,0,1
63,61,71,71,78,88,84,89,
422.000000,190.000000,0.084163,102465104.000000,0.127290,0,1
35,25,94,25,39,156,31,36,
169.000000,191.000000,0.044506,201068048.000000,0.949198,0,1
208,195,200,176,181,185,168,164,
352.000000,191.000000,0.056037,467926816.000000,0.839179,0,1
81,92,54,89,83,81,64,50,
487.000000,191.000000,0.101545,65073512.000000,0.117420,0,1
22,31,26,46,87,27,161,182,
250.000000,192.000000,0.023255,80882160.000000,0.068690,0,1
12,15,17,30,54,48,108,168,
424.000000,192.000000,0.084043,70609168.000000,0.127316,0,1
156,93,127,36,96,55,37,43,
453.000000,192.000000,0.087185,166073040.000000,0.117269,0,1
21,22,56,49,84,117,139,161,
252.000000,193.000000,0.022947,193638768.000000,0.062993,0,1
17,60,30,162,115,43,125,122,
335.000000,193.000000,0.051503,8589586.000000,0.398656,0,1
58,51,64,53,56,56,45,48,
606.000000,194.000000,0.143011,1457788160.000000,0.669988,0,1
59,177,87,166,103,35,89,35,
317.000000,195.000000,0.046947,52877556.000000,1.001340,0,1
46,48,46,33,40,40,31,31,
589.000000,195.000000,0.139602,1307178880.000000,0.567972,0,1
23,36,79,56,120,166,121,156,
159.000000,197.000000,0.049238,59419100.000000,1.083418,0,1
143,137,140,128,131,130,117,107,
268.000000,197.000000,0.023142,501630976.000000,0.120984,0,1
32,27,77,34,50,87,30,30,
407.000000,197.000000,0.085510,39051116.000000,0.130402,0,1
58,40,71,36,62,76,41,66,
545.000000,197.000000,0.122762,236905312.000000,0.420557,0,1
19,25,23,49,69,30,120,149,
638.000000,197.000000,0.158805,558777856.000000,0.830150,0,1
13,19,24,17,20,60,23,87,
159.000000,198.000000,0.049698,54972680.000000,1.091602,0,1
140,128,131,116,119,118,109,96,
188.000000,198.000000,0.100168,313827680.000000,0.358042,0,1
59,69,32,68,51,22,57,45,
189.000000,198.000000,0.100681,297826528.000000,0.358604,0,1
32,56,22,62,31,19,47,30,
331.000000,198.000000,0.056191,36216324.000000,1.009623,0,1
41,34,48,34,40,48,34,38,
368.000000,198.000000,0.061811,446441184.000000,0.784125,0,1
117,62,82,48,50,56,44,34,
373.000000,198.000000,0.064367,267576880.000000,0.767910,0,1
116,111,119,66,82,86,43,36,
501.000000,198.000000,0.105954,191670704.000000,0.235841,0,1
174,101,162,25,119,112,27,23,
557.000000,198.000000,0.129288,700513664.000000,0.475140,0,1
71,46,92,29,62,116,35,55,
603.000000,198.000000,0.141667,1688369024.000000,0.661512,0,1
123,151,67,182,92,31,123,60,
490.000000,199.000000,0.101827,29935404.000000,0.206966,0,1
23,38,22,102,69,23,126,145,
547.000000,199.000000,0.119698,219357456.000000,0.386529,0,1
30,100,28,149,81,22,138,92,
666.000000,199.000000,0.164640,501893280.000000,0.754695,0,1
15,42,25,141,99,41,171,134,
143.000000,201.000000,0.048498,42034236.000000,0.428262,0,1
106,99,100,86,88,88,75,74,
125.000000,202.000000,0.046357,19276658.000000,0.440047,0,1
80,76,78,67,65,63,62,62,
254.000000,203.000000,0.022618,273397568.000000,0.064057,0,1
25,32,60,45,178,138,201,184,
352.000000,203.000000,0.056275,8547443.000000,0.146746,0,1
43,44,43,54,64,46,64,57,
518.000000,203.000000,0.114751,374469888.000000,0.337087,0,1
21,23,56,51,76,119,111,126,
233.000000,204.000000,0.020417,116091816.000000,0.051887,0,1
22,25,31,65,140,156,208,223,
247.000000,204.000000,0.021878,193914624.000000,0.051529,0,1
15,75,15,253,95,17,135,45,
279.000000,204.000000,0.029369,376408192.000000,0.144081,0,1
43,58,43,146,44,44,58,44,
385.000000,204.000000,0.084689,427256288.000000,0.361798,0,1
126,54,141,29,81,138,35,47,
572.000000,204.000000,0.131463,1085436416.000000,0.540491,0,1
20,37,54,37,104,88,95,136,
319.000000,205.000000,0.039914,82958816.000000,0.058626,0,1
58,122,27,77,81,28,121,52,
407.000000,205.000000,0.086138,54509880.000000,0.130184,0,1
63,40,92,38,61,95,39,57,
456.000000,205.000000,0.090726,176508240.000000,0.407876,0,1
64,120,37,117,66,46,76,36,
221.000000,206.000000,0.022831,184089888.000000,0.062239,0,1
30,22,82,13,65,101,23,25,
239.000000,206.000000,0.023591,64873752.000000,0.058557,0,1
186,229,184,203,167,131,73,39,
339.000000,206.000000,0.061982,42445376.000000,1.023420,0,1
38,28,29,30,27,29,43,60,
387.000000,206.000000,0.084964,194771808.000000,0.154985,0,1
138,120,133,47,134,132,71,107,
440.000000,206.000000,0.084046,56073776.000000,0.224576,0,1
31,31,83,34,46,138,35,67,
539.000000,206.000000,0.122459,585514240.000000,0.420228,0,1
75,40,119,21,88,142,43,74,
691.000000,206.000000,0.175054,1095829248.000000,0.674060,0,1
106,64,130,31,101,166,50,75,
315.000000,207.000000,0.039489,337769184.000000,0.379888,0,1
32,48,38,86,70,89,100,98,
346.000000,207.000000,0.065400,14435593.000000,0.440305,0,1
41,54,54,55,50,42,37,17,
407.000000,207.000000,0.086322,51394160.000000,0.130263,0,1
61,39,95,37,57,95,37,51,
441.000000,207.000000,0.083371,66135544.000000,0.225514,0,1
83,46,138,35,114,99,67,120,
666.000000,207.000000,0.164402,1567633536.000000,0.989200,0,1
69,60,30,47,27,18,23,17,
496.000000,208.000000,0.103246,72927560.000000,0.334181,0,1
34,44,34,55,52,35,61,39,
387.000000,209.000000,0.085333,420910688.000000,0.368629,0,1
126,53,128,29,83,126,35,49,
575.000000,209.000000,0.133408,1279295744.000000,0.564473,0,1
115,138,67,148,97,30,122,72,
692.000000,210.000000,0.175630,607286272.000000,0.680889,0,1
115,61,140,16,66,140,18,18,
658.000000,212.000000,0.165877,883737856.000000,0.940156,0,1
67,86,44,101,69,33,89,60,
258.000000,214.000000,0.019378,311851968.000000,0.043824,0,1
114,140,87,161,143,65,181,112,
404.000000,214.000000,0.081684,140254304.000000,0.694255,0,1
36,60,29,78,54,29,76,64,
579.000000,214.000000,0.131875,61337852.000000,0.307495,0,1
16,22,27,42,71,57,98,155,
281.000000,215.000000,0.031644,87976136.000000,0.156409,0,1
48,45,47,51,50,34,75,67,
305.000000,215.000000,0.043581,80832152.000000,0.447920,0,1
56,54,56,32,28,21,16,12,
432.000000,215.000000,0.085066,118033864.000000,0.142570,0,1
110,109,90,47,63,79,35,32,
510.000000,215.000000,0.109524,179627216.000000,0.375853,0,1
78,51,86,33,72,100,39,56,
522.000000,215.000000,0.110535,270321760.000000,0.386395,0,1
48,85,40,148,63,36,143,76,
561.000000,215.000000,0.142909,49903368.000000,0.557465,0,1
24,57,32,68,52,29,60,38,
282.000000,216.000000,0.031255,94032904.000000,0.152626,0,1
47,50,34,75,63,35,67,34,
299.000000,216.000000,0.039796,38526824.000000,0.435280,0,1
51,47,43,32,27,20,15,13,
389.000000,216.000000,0.086345,351124992.000000,0.382884,0,1
94,38,118,25,61,116,29,48,
404.000000,216.000000,0.083246,42731832.000000,0.153199,0,1
54,76,33,81,64,28,74,60,
568.000000,216.000000,0.130566,370465952.000000,0.537550,0,1
34,29,66,32,54,92,60,55,
600.000000,216.000000,0.140328,230151696.000000,0.668734,0,1
138,60,71,17,23,24,16,16,
440.000000,217.000000,0.086427,87903240.000000,0.130251,0,1
108,138,151,66,118,144,42,36,
456.000000,217.000000,0.089591,226437488.000000,0.262170,0,1
31,32,44,56,79,88,166,227,
684.000000,217.000000,0.173029,476723200.000000,0.846004,0,1
27,87,34,173,95,36,167,144,
585.000000,219.000000,0.142023,148140224.000000,0.641286,0,1
51,63,41,73,57,30,75,66,
612.000000,219.000000,0.146487,546063808.000000,0.692876,0,1
110,58,119,21,90,91,30,40,
420.000000,220.000000,0.080736,15233716.000000,0.611959,0,1
46,37,29,52,43,25,38,33,
449.000000,220.000000,0.089861,76798768.000000,0.147892,0,1
151,141,158,57,104,148,40,34,
632.000000,220.000000,0.153123,707867008.000000,0.798940,0,1
19,24,29,39,72,69,109,163,
252.000000,221.000000,0.025369,244321600.000000,0.061158,0,1
161,188,181,96,158,107,94,129,
557.000000,221.000000,0.140379,121365328.000000,0.550230,0,1
39,43,56,51,61,81,78,92,
460.000000,223.000000,0.096350,96487824.000000,0.177004,0,1
216,187,206,90,137,133,45,33,
474.000000,223.000000,0.096844,183145328.000000,0.195782,0,1
48,70,45,205,150,105,254,239,
508.000000,223.000000,0.107865,128978000.000000,0.362343,0,1
35,68,37,113,96,34,132,136,
213.000000,224.000000,0.098881,53267392.000000,1.342976,0,1
15,25,12,23,17,13,24,17,
239.000000,224.000000,0.025794,159198064.000000,0.067151,0,1
72,82,105,85,152,148,153,115,
536.000000,224.000000,0.115719,341521184.000000,0.460211,0,1
84,76,87,69,55,57,44,30,
662.000000,224.000000,0.165067,238179088.000000,0.974902,0,1
58,58,39,48,42,24,36,23,
275.000000,225.000000,0.031653,44873536.000000,0.428326,0,1
21,39,17,43,22,16,38,9,
465.000000,225.000000,0.108182,104345040.000000,0.213115,0,1
95,55,115,42,84,114,47,74,
483.000000,225.000000,0.101533,65070064.000000,0.222287,0,1
83,119,60,218,144,53,236,231,
510.000000,225.000000,0.109609,229854704.000000,0.428449,0,1
34,97,26,136,57,25,103,51,
530.000000,225.000000,0.116597,179226608.000000,0.350368,0,1
43,116,27,112,72,28,119,84,
658.000000,225.000000,0.166304,431157056.000000,0.759907,0,1
70,82,52,97,72,42,88,70,
230.000000,226.000000,0.104101,174071824.000000,1.275031,0,1
30,32,34,39,44,44,54,56,
265.000000,226.000000,0.030006,5820276.000000,0.081335,0,1
37,42,36,49,43,34,49,33,
440.000000,226.000000,0.092208,52857152.000000,0.572658,0,1
18,23,18,48,36,24,56,46,
585.000000,226.000000,0.136667,148621072.000000,0.641157,0,1
32,51,35,82,54,48,81,57,
218.000000,227.000000,0.098782,45053392.000000,1.315057,0,1
18,17,21,16,26,29,34,43,
305.000000,228.000000,0.056927,27334444.000000,1.304509,0,1
17,14,12,21,19,18,33,38,
313.000000,228.000000,0.062092,23120810.000000,1.332201,0,1
13,10,11,18,18,19,31,36,
317.000000,228.000000,0.064209,28298180.000000,1.303986,0,1
13,11,10,19,19,20,32,36,
340.000000,228.000000,0.078812,143242880.000000,1.209491,0,1
10,12,12,25,26,26,34,37,
350.000000,228.000000,0.080259,159173392.000000,1.132789,0,1
12,14,16,29,29,29,37,40,
353.000000,228.000000,0.080710,173145472.000000,1.109885,0,1
11,15,16,30,30,30,37,44,
391.000000,228.000000,0.086240,91398416.000000,0.410615,0,1
79,56,77,25,71,65,34,51,
415.000000,228.000000,0.083965,163502560.000000,0.683057,0,1
37,31,33,47,51,54,59,62,
493.000000,228.000000,0.103518,332541184.000000,0.246160,0,1
37,40,60,125,104,98,164,173,
279.000000,229.000000,0.040389,15330765.000000,0.560726,0,1
12,10,13,17,20,20,32,35,
410.000000,229.000000,0.084856,197711424.000000,0.720299,0,1
29,37,41,57,53,50,68,76,
426.000000,229.000000,0.085843,237546976.000000,0.632661,0,1
18,30,21,54,44,29,67,67,
496.000000,229.000000,0.103239,305682880.000000,0.251145,0,1
47,98,79,172,175,144,194,183,
213.000000,230.000000,0.098886,51812036.000000,1.356787,0,1
19,23,10,23,20,11,22,21,
374.000000,230.000000,0.085843,238970720.000000,0.978085,0,1
22,28,28,40,39,37,51,60,
396.000000,230.000000,0.086369,125164176.000000,0.821581,0,1
43,38,36,58,53,50,72,78,
536.000000,230.000000,0.117589,229390480.000000,0.493945,0,1
29,39,33,47,70,36,77,96,
190.000000,231.000000,0.100387,46199756.000000,1.517669,0,1
17,13,23,12,16,22,12,16,
386.000000,231.000000,0.087408,216070784.000000,0.900254,0,1
24,32,33,42,45,48,57,53,
630.000000,231.000000,0.166611,36249472.000000,0.691285,0,1
138,117,126,69,85,97,41,32,
366.000000,232.000000,0.086884,163946144.000000,1.054001,0,1
40,48,48,54,56,56,62,66,
513.000000,233.000000,0.111815,298353408.000000,0.475347,0,1
21,23,20,54,33,21,87,120,
548.000000,233.000000,0.122961,234851600.000000,0.253124,0,1
82,111,58,134,89,36,101,41,
566.000000,233.000000,0.128878,205105600.000000,0.594636,0,1
31,34,39,36,78,67,74,119,
611.000000,233.000000,0.146128,349405120.000000,0.771828,0,1
34,29,66,27,52,89,29,47,
670.000000,233.000000,0.166424,1087055616.000000,0.800496,0,1
133,85,147,42,112,168,63,87,
190.000000,234.000000,0.100297,47043276.000000,1.521483,0,1
16,12,22,11,15,22,12,15,
497.000000,234.000000,0.109889,290259040.000000,0.387114,0,1
171,155,172,69,110,157,44,37,
569.000000,234.000000,0.132264,94543720.000000,0.513513,0,1
33,67,36,128,94,41,151,174,
377.000000,235.000000,0.089927,70682024.000000,0.995738,0,1
59,64,67,71,71,72,76,81,
579.000000,235.000000,0.135247,488675360.000000,0.554606,0,1
126,62,121,34,93,112,43,58,
214.000000,236.000000,0.098505,58786220.000000,1.350687,0,1
10,20,9,21,11,13,20,13,
419.000000,236.000000,0.093331,211218528.000000,0.730318,0,1
57,64,56,73,69,65,81,90,
504.000000,236.000000,0.112548,333418784.000000,0.410231,0,1
181,162,168,73,106,139,47,40,
523.000000,236.000000,0.114912,252961952.000000,0.328059,0,1
33,57,67,134,129,127,191,209,
660.000000,236.000000,0.204274,100355304.000000,0.887653,0,1
27,29,29,45,35,29,51,44,
409.000000,237.000000,0.092810,103687528.000000,0.793325,0,1
72,80,79,86,85,87,94,103,
425.000000,237.000000,0.093925,275569632.000000,0.702959,0,1
48,61,58,75,75,74,86,96,
613.000000,237.000000,0.147930,156747904.000000,0.723465,0,1
95,73,102,29,71,86,29,30,
388.000000,238.000000,0.095216,45617060.000000,0.950966,0,1
80,77,77,63,64,72,60,80,
402.000000,238.000000,0.093936,53076728.000000,0.846865,0,1
88,82,85,81,86,93,94,103,
445.000000,238.000000,0.093406,253430480.000000,0.605787,0,1
51,73,66,89,88,83,104,108,
384.000000,239.000000,0.096658,48489524.000000,0.994541,0,1
77,70,64,79,68,60,83,83,
458.000000,239.000000,0.098427,294437152.000000,0.574412,0,1
15,19,13,49,34,18,65,81,
479.000000,239.000000,0.111233,47433468.000000,0.544834,0,1
16,27,17,66,51,22,42,33,
594.000000,239.000000,0.140013,440629184.000000,0.724615,0,1
27,29,43,28,48,67,43,67,
702.000000,239.000000,0.178474,405716384.000000,0.734277,0,1
18,47,15,81,30,13,49,24,
295.000000,240.000000,0.091838,13916001.000000,1.818270,0,1
33,25,28,23,26,35,33,39,
459.000000,240.000000,0.098677,361213728.000000,0.576401,0,1
13,34,18,65,52,33,81,97,
224.000000,241.000000,0.098173,16253395.000000,1.293187,0,1
36,35,35,32,32,30,19,16,
229.000000,241.000000,0.097048,17505686.000000,1.267686,0,1
37,34,34,29,27,25,15,18,
358.000000,241.000000,0.099501,6890017.500000,1.229037,0,1
59,59,60,63,63,68,68,69,
521.000000,241.000000,0.118308,162406272.000000,0.470818,0,1
184,154,177,66,103,147,41,34,
540.000000,241.000000,0.120397,253105280.000000,0.403739,0,1
23,43,27,133,92,57,182,201,
332.000000,242.000000,0.097939,10701851.000000,1.475435,0,1
57,58,57,57,56,52,48,43,
334.000000,242.000000,0.097354,14364673.000000,1.444996,0,1
57,57,59,56,52,53,42,51,
329.000000,243.000000,0.098295,17274158.000000,1.505674,0,1
56,57,57,49,49,48,38,51,
470.000000,243.000000,0.103931,65848704.000000,0.250518,0,1
46,65,22,66,49,17,59,54,
528.000000,243.000000,0.121007,389316256.000000,0.497751,0,1
198,160,185,69,108,153,42,36,
548.000000,243.000000,0.123853,185567968.000000,0.437473,0,1
24,44,28,141,98,61,194,223,
702.000000,243.000000,0.179115,418769536.000000,0.740233,0,1
24,39,16,66,33,17,42,39,
323.000000,244.000000,0.099419,19542890.000000,1.579926,0,1
56,53,55,46,46,41,35,44,
333.000000,244.000000,0.103112,13758244.000000,1.506053,0,1
54,45,41,44,46,53,56,60,
491.000000,244.000000,0.113680,64121416.000000,0.294579,0,1
72,121,71,41,63,74,34,30,
532.000000,244.000000,0.122238,190430992.000000,0.398910,0,1
198,173,192,81,122,161,46,36,
550.000000,244.000000,0.124121,215711200.000000,0.444159,0,1
24,78,44,191,172,73,226,235,
629.000000,244.000000,0.154930,306512256.000000,0.887117,0,1
63,40,85,26,54,105,28,27,
691.000000,244.000000,0.193577,93449784.000000,0.959402,0,1
130,109,119,56,81,102,32,28,
269.000000,245.000000,0.109746,11417770.000000,2.346788,0,1
16,17,19,19,26,28,29,32,
461.000000,245.000000,0.106065,122339736.000000,0.250513,0,1
101,100,101,87,64,56,55,42,
498.000000,245.000000,0.119055,107076048.000000,0.325028,0,1
16,77,19,92,84,22,59,39,
477.000000,246.000000,0.106103,221276400.000000,0.574247,0,1
12,25,15,53,35,23,60,64,
600.000000,246.000000,0.139845,153253088.000000,0.561446,0,1
54,80,42,130,74,40,121,114,
632.000000,246.000000,0.152039,265878208.000000,0.672972,0,1
109,100,93,31,68,56,27,26,
568.000000,248.000000,0.130014,180450896.000000,0.468757,0,1
72,91,42,209,109,38,205,210,
612.000000,248.000000,0.142087,100200168.000000,0.376448,0,1
30,65,31,106,76,30,135,123,
592.000000,249.000000,0.138872,243428320.000000,0.340351,0,1
112,68,121,34,106,152,61,105,
450.000000,250.000000,0.109943,98650936.000000,0.697633,0,1
87,88,78,87,71,55,75,95,
644.000000,250.000000,0.159658,614523968.000000,0.731420,0,1
73,57,100,34,80,116,45,64,
436.000000,251.000000,0.108882,39313908.000000,0.453535,0,1
117,118,121,95,121,131,112,128,
449.000000,251.000000,0.109920,111083088.000000,0.706454,0,1
88,87,71,98,75,67,98,102,
517.000000,251.000000,0.125561,11945135.000000,0.369283,0,1
13,26,14,93,43,17,60,40,
577.000000,251.000000,0.133719,178916912.000000,0.561100,0,1
23,52,28,155,115,69,189,192,
650.000000,251.000000,0.158524,279521888.000000,0.984636,0,1
38,67,32,106,61,27,102,97,
433.000000,252.000000,0.112942,29246778.000000,0.478547,0,1
120,130,95,133,123,112,121,115,
452.000000,252.000000,0.109971,195028624.000000,0.699310,0,1
55,67,70,95,92,87,98,96,
462.000000,252.000000,0.111421,190087104.000000,0.665974,0,1
52,51,52,73,68,63,84,88,
491.000000,252.000000,0.111772,333928864.000000,0.594208,0,1
19,40,29,68,59,45,87,96,
522.000000,252.000000,0.106273,82337448.000000,0.561018,0,1
16,13,13,43,19,14,67,52,
556.000000,252.000000,0.147483,104011280.000000,0.698278,0,1
57,42,68,36,53,71,41,51,
701.000000,252.000000,0.180289,113275944.000000,1.210431,0,1
21,19,23,17,38,46,36,58,
584.000000,253.000000,0.137267,454934304.000000,0.600258,0,1
21,45,41,123,90,90,153,168,
242.000000,254.000000,0.110734,17245962.000000,2.788892,0,1
14,18,17,24,22,24,26,26,
481.000000,254.000000,0.112338,28523678.000000,0.455674,0,1
85,86,91,70,82,95,68,69,
566.000000,254.000000,0.133806,139446800.000000,0.484467,0,1
204,169,194,51,96,158,35,31,
567.000000,254.000000,0.134733,214357584.000000,0.546314,0,1
215,184,198,68,129,172,40,32,
413.000000,255.000000,0.115802,65982352.000000,0.940975,0,1
111,105,110,96,102,105,93,84,
190.000000,256.000000,0.105694,2813141.250000,1.606630,0,1
20,22,20,23,23,16,22,18,
228.000000,256.000000,0.114830,3549849.750000,1.419089,0,1
15,17,18,20,21,23,23,25,
336.000000,256.000000,0.109648,7446467.500000,1.563524,0,1
54,53,51,52,50,48,49,46,
499.000000,256.000000,0.115583,292915360.000000,0.615810,0,1
39,62,47,85,70,55,92,96,
534.000000,256.000000,0.132569,53659792.000000,0.463877,0,1
14,15,13,51,26,14,58,51,
506.000000,257.000000,0.117693,380125312.000000,0.620672,0,1
15,39,22,67,56,40,84,92,
388.000000,260.000000,0.119996,17199086.000000,1.159812,0,1
75,72,75,72,73,74,71,68,
426.000000,260.000000,0.121744,52187204.000000,0.908381,0,1
110,107,114,99,104,110,97,94,
446.000000,260.000000,0.119948,22493102.000000,0.507466,0,1
115,115,104,121,116,116,122,122,
612.000000,260.000000,0.147093,110735112.000000,0.868613,0,1
22,33,21,94,56,30,117,130,
663.000000,260.000000,0.163005,112349528.000000,1.022904,0,1
28,60,36,97,91,44,138,163,
433.000000,261.000000,0.122114,28593156.000000,0.881647,0,1
120,110,116,100,105,109,105,110,
467.000000,261.000000,0.118892,127895872.000000,0.721000,0,1
100,114,106,125,122,117,130,130,
515.000000,261.000000,0.120870,217613584.000000,0.646850,0,1
38,63,51,89,72,62,93,96,
591.000000,261.000000,0.142622,135269568.000000,0.660059,0,1
141,122,136,50,85,125,34,30,
471.000000,262.000000,0.121103,96569528.000000,0.715776,0,1
103,115,107,128,123,112,134,137,
503.000000,262.000000,0.122182,26120178.000000,0.532579,0,1
99,97,99,77,89,99,72,74,
595.000000,262.000000,0.144176,136925904.000000,0.681494,0,1
150,138,149,54,98,135,35,30,
700.000000,262.000000,0.177952,325251744.000000,1.200470,0,1
49,36,67,26,49,75,35,49,
358.000000,264.000000,0.120225,12213228.000000,1.435403,0,1
58,54,58,48,52,59,54,58,
508.000000,264.000000,0.122680,38581288.000000,0.673213,0,1
88,95,95,72,79,84,68,70,
529.000000,264.000000,0.126395,312649152.000000,0.678899,0,1
12,28,17,52,39,27,63,74,
531.000000,265.000000,0.126920,330114752.000000,0.686501,0,1
13,33,21,57,46,33,70,79,
605.000000,265.000000,0.148675,182110384.000000,0.741690,0,1
163,133,153,58,90,123,34,29,
629.000000,265.000000,0.152731,790719616.000000,0.911738,0,1
18,35,29,88,69,67,120,142,
638.000000,265.000000,0.153962,1459419904.000000,0.876250,0,1
29,40,62,89,95,134,173,222,
448.000000,266.000000,0.126987,28707128.000000,0.857026,0,1
119,106,122,105,108,119,111,116,
563.000000,266.000000,0.142859,89496824.000000,0.597210,0,1
23,42,16,81,42,17,61,40,
612.000000,267.000000,0.151440,181849920.000000,0.783056,0,1
153,131,147,53,90,125,32,27,
576.000000,269.000000,0.139325,325719456.000000,0.614650,0,1
15,27,16,116,71,27,170,149,
656.000000,269.000000,0.162035,219025856.000000,0.586219,0,1
140,112,136,80,81,82,45,45,
428.000000,270.000000,0.132991,23135014.000000,0.991372,0,1
99,97,98,94,97,98,95,90,
441.000000,270.000000,0.131696,30629278.000000,0.917035,0,1
118,110,118,101,107,112,100,101,
524.000000,270.000000,0.128157,14031647.000000,0.719231,0,1
84,78,84,61,71,83,62,65,
560.000000,270.000000,0.145577,63667512.000000,0.790314,0,1
25,27,25,44,40,25,52,53,
620.000000,270.000000,0.154599,186736768.000000,0.833165,0,1
136,74,109,32,45,67,28,26,
498.000000,271.000000,0.133735,72294528.000000,0.750242,0,1
84,71,87,83,75,89,94,99,
629.000000,272.000000,0.157710,115950832.000000,0.886461,0,1
148,115,142,45,80,120,31,28,
655.000000,272.000000,0.162230,163491248.000000,1.006175,0,1
45,103,45,221,145,85,217,213,
657.000000,272.000000,0.161131,107704152.000000,1.003725,0,1
46,45,33,145,85,43,187,196,
637.000000,274.000000,0.161207,168376304.000000,0.941670,0,1
178,160,176,55,102,150,37,30,
671.000000,276.000000,0.168082,211261408.000000,0.862875,0,1
18,44,25,144,100,54,194,223,
313.000000,277.000000,0.135133,10422683.000000,2.065043,0,1
33,32,31,36,33,38,37,38,
493.000000,277.000000,0.134787,47287440.000000,0.620405,0,1
121,122,119,114,115,114,105,111,
543.000000,277.000000,0.140086,80366832.000000,0.792186,0,1
74,76,70,66,66,65,56,58,
647.000000,277.000000,0.165020,216734800.000000,1.010033,0,1
194,150,177,57,100,149,34,30,
692.000000,277.000000,0.174672,343032672.000000,0.722699,0,1
121,58,153,24,54,139,22,22,
504.000000,278.000000,0.137062,11925289.000000,0.793294,0,1
99,105,97,107,97,89,102,94,
594.000000,278.000000,0.152381,26427528.000000,0.444177,0,1
54,103,64,43,66,67,30,26,
679.000000,278.000000,0.170227,206543152.000000,0.893203,0,1
19,51,28,157,114,69,204,228,
593.000000,279.000000,0.155528,28615836.000000,0.454482,0,1
103,43,66,27,30,39,24,19,
654.000000,279.000000,0.167114,295833472.000000,1.054687,0,1
199,159,185,54,89,138,36,30,
683.000000,279.000000,0.171396,152866624.000000,0.908804,0,1
19,50,28,160,102,52,209,220,
458.000000,280.000000,0.141532,19273502.000000,0.930018,0,1
104,102,105,95,101,104,91,91,
556.000000,280.000000,0.145668,79562416.000000,0.835391,0,1
15,12,20,22,21,30,31,37,
601.000000,281.000000,0.157489,19127630.000000,0.476986,0,1
48,59,76,28,34,54,25,24,
471.000000,282.000000,0.143614,18917732.000000,0.906454,0,1
119,115,118,106,110,111,102,101,
665.000000,282.000000,0.171294,136508208.000000,0.868043,0,1
212,180,205,55,104,161,35,31,
670.000000,282.000000,0.173085,175592848.000000,0.887379,0,1
240,217,229,183,207,215,114,66,
695.000000,282.000000,0.176036,109737136.000000,0.740698,0,1
25,54,31,172,116,61,240,255,
496.000000,283.000000,0.141964,19411228.000000,0.846936,0,1
100,99,89,109,85,88,108,105,
524.000000,284.000000,0.147074,67667360.000000,0.842618,0,1
76,82,78,93,89,81,100,102,
575.000000,284.000000,0.146932,164316608.000000,0.885732,0,1
44,59,45,73,67,49,81,85,
630.000000,287.000000,0.135098,43209236.000000,0.445286,0,1
12,15,14,35,21,17,71,97,
508.000000,288.000000,0.152346,13604674.000000,0.889646,0,1
93,95,95,100,99,99,105,107,
570.000000,288.000000,0.149257,21431142.000000,0.903728,0,1
79,73,77,55,64,75,52,51,
683.000000,288.000000,0.177851,137415072.000000,0.945069,0,1
186,85,132,33,46,79,28,26,
490.000000,290.000000,0.154677,6714894.500000,0.934339,0,1
94,99,93,104,100,97,105,106,
694.000000,290.000000,0.182707,117673520.000000,0.781022,0,1
220,182,203,69,113,155,41,30,
602.000000,291.000000,0.155898,187853680.000000,0.992480,0,1
12,30,18,51,40,28,58,67,
606.000000,292.000000,0.157388,207215744.000000,1.009249,0,1
11,23,15,45,34,23,54,62,
583.000000,293.000000,0.154022,17019944.000000,0.961178,0,1
80,74,80,60,68,77,57,56,
480.000000,294.000000,0.155540,11851092.000000,0.985632,0,1
110,107,109,100,105,106,98,96,
648.000000,294.000000,0.179829,125965152.000000,1.171686,0,1
15,21,15,62,32,17,91,56,
615.000000,295.000000,0.160948,161354896.000000,1.051156,0,1
10,23,13,43,32,19,51,59,
646.000000,295.000000,0.175693,17100116.000000,0.551579,0,1
27,75,47,48,79,92,35,32,
553.000000,296.000000,0.160220,139947216.000000,0.954927,0,1
87,93,85,111,96,88,117,122,
559.000000,296.000000,0.161279,157144464.000000,0.963112,0,1
67,73,70,85,77,75,93,101,
657.000000,296.000000,0.182256,28335306.000000,0.908103,0,1
13,13,15,27,16,16,55,81,
554.000000,297.000000,0.160595,146235680.000000,0.962209,0,1
85,96,88,117,107,100,122,123,
619.000000,297.000000,0.162689,167494672.000000,1.073106,0,1
13,28,18,49,38,26,57,65,
604.000000,258.000000,0.143327,545283776.000000,0.695077,0,1
72,94,43,199,137,67,184,169,
400.000000,251.000000,0.111911,66873736.000000,0.993876,0,1
97,93,94,90,92,93,80,70,
436.000000,236.000000,0.092124,282387680.000000,0.634091,0,1
48,58,56,68,68,67,72,70,
239.000000,226.000000,0.027206,244739824.000000,0.071365,0,1
152,153,197,74,115,87,58,42,
247.000000,223.000000,0.025601,121231600.000000,0.063775,0,1
83,88,79,96,119,107,208,201,
292.000000,216.000000,0.032652,118757656.000000,0.150320,0,1
73,89,56,57,50,36,28,15,
429.000000,214.000000,0.083435,80146016.000000,0.138706,0,1
73,94,114,47,77,109,36,31,
333.000000,210.000000,0.057834,35535296.000000,0.448332,0,1
43,65,52,56,44,27,19,14,
386.000000,208.000000,0.085093,430189184.000000,0.368908,0,1
96,38,126,26,53,128,29,35,
314.000000,207.000000,0.039745,334152640.000000,0.385143,0,1
35,68,34,88,77,70,94,83,
232.000000,207.000000,0.022039,383074496.000000,0.056799,0,1
208,93,223,39,85,110,31,23,
222.000000,207.000000,0.022228,170275568.000000,0.060347,0,1
82,65,101,23,45,64,25,23,
151.000000,90.000000,0.413282,5684749.000000,6.257965,0,1
48,41,42,26,27,30,16,14,
161.000000,90.000000,0.411979,7068585.000000,5.940406,0,1
45,41,44,29,30,30,17,16,
234.000000,194.000000,0.020971,18202086.000000,0.063623,0,1
16,69,55,30,36,17,16,18,
361.000000,192.000000,0.056666,105802768.000000,0.126628,0,1
54,55,66,133,113,60,147,112,
302.000000,189.000000,0.039534,140598496.000000,0.404179,0,1
27,52,56,15,39,79,14,19,
287.000000,189.000000,0.029844,1882635392.000000,0.357089,0,1
22,41,56,34,103,66,51,85,
312.000000,181.000000,0.039635,95036224.000000,0.059733,0,1
226,174,250,88,95,186,46,21,
406.000000,180.000000,0.086530,91885688.000000,0.619413,0,1
33,24,52,23,33,61,24,32,
317.000000,179.000000,0.039447,185633120.000000,0.133669,0,1
54,60,66,142,61,74,206,255,
216.000000,174.000000,0.099772,274069184.000000,1.276552,0,1
38,50,22,39,30,17,25,22,
114.000000,172.000000,0.024372,695781376.000000,0.250999,0,1
147,156,175,108,129,113,65,51,
148.000000,171.000000,0.021401,170353984.000000,0.093118,0,1
135,123,132,70,83,76,44,47,
140.000000,171.000000,0.023018,433056672.000000,0.219107,0,1
88,112,74,61,60,42,44,40,
216.000000,170.000000,0.099629,315853696.000000,1.273593,0,1
23,26,21,41,32,16,47,38,
144.000000,168.000000,0.022913,1243247616.000000,0.214348,0,1
245,242,163,203,164,148,86,68,
335.000000,167.000000,0.050618,30117308.000000,0.888120,0,1
60,59,52,50,46,35,30,27,
134.000000,162.000000,0.023478,2959724544.000000,0.228848,0,1
72,69,191,41,142,233,62,86,
642.000000,118.000000,0.159006,1581383040.000000,0.657959,0,1
216,126,249,34,187,254,52,79,
538.000000,119.000000,0.120608,187611024.000000,0.343483,0,1
255,218,255,48,86,231,36,33,
607.000000,158.000000,0.145553,2164688640.000000,0.638618,0,1
185,233,89,253,136,37,164,46,
133.000000,151.000000,0.020287,453425408.000000,0.052952,0,1
84,89,143,51,145,247,88,126,
468.000000,129.000000,0.095645,194654336.000000,0.144143,0,1
238,117,170,25,119,46,25,23,
552.000000,134.000000,0.127519,161232416.000000,0.333359,0,1
51,62,100,115,188,131,250,255,
292.000000,214.000000,0.033553,206911056.000000,0.152295,0,1
45,64,38,78,73,36,89,50,
657.000000,197.000000,0.165584,34393112.000000,0.958346,0,1
16,15,15,29,22,19,75,99,
348.000000,191.000000,0.055960,581597248.000000,0.867638,0,1
86,83,94,51,62,89,48,50,
