# timestamp
1608635134360812288

# fx, fy, cx, cy, width, height, npoints
501.479004,501.475891,421.798798,167.658768,800,400,643

# camToWorld: translation vector, rotation quaternion
-29.711641,80.826902,3.910932,-0.278104,-0.668382,0.642247,0.251877

# Exposure time (ms)
11.251343

# Point Cloud Data : 
# u,v,idepth_scaled,idepth_hessian,maxRelBaseline,numGoodRes,status 
# color information 
70.000000,39.000000,0.750478,275852.781250,239.553574,0,1
22,18,19,12,13,15,8,7,
73.000000,39.000000,0.743985,307367.343750,200.549515,0,1
22,19,20,14,15,16,10,7,
429.000000,77.000000,0.400606,1236281.000000,3.615936,0,1
30,29,28,23,24,25,19,18,
729.000000,125.000000,0.100453,1493209856.000000,0.565817,0,1
29,50,28,100,55,30,119,160,
747.000000,131.000000,0.107266,372670720.000000,0.336024,0,1
42,86,45,106,46,26,44,26,
612.000000,132.000000,0.087780,230962416.000000,0.310668,0,1
38,60,53,193,174,77,255,255,
695.000000,137.000000,0.097107,2760176896.000000,0.487975,0,1
215,205,106,247,144,50,170,79,
691.000000,145.000000,0.095012,700402176.000000,0.472789,0,1
164,165,134,92,93,61,37,24,
692.000000,159.000000,0.096862,1302705536.000000,0.483659,0,1
30,26,70,26,47,143,70,79,
696.000000,172.000000,0.096640,1925944064.000000,0.495367,0,1
31,102,57,207,138,53,203,149,
606.000000,180.000000,0.084233,435006464.000000,0.298233,0,1
228,226,165,99,122,56,32,23,
736.000000,180.000000,0.102880,4079510016.000000,0.596211,0,1
84,175,75,245,151,59,236,179,
561.000000,188.000000,0.078132,516968128.000000,0.210809,0,1
86,184,75,220,150,41,213,170,
750.000000,188.000000,0.104167,5868414976.000000,0.629137,0,1
121,197,95,237,141,59,179,110,
582.000000,189.000000,0.083297,1305261696.000000,0.259762,0,1
91,63,175,31,111,209,70,158,
670.000000,195.000000,0.093373,3102315520.000000,0.448235,0,1
142,216,92,251,169,61,224,201,
613.000000,206.000000,0.086781,462271936.000000,0.279758,0,1
176,209,116,227,140,58,147,64,
705.000000,210.000000,0.098180,1050567040.000000,0.543087,0,1
154,92,186,43,126,199,49,38,
623.000000,222.000000,0.089172,346619328.000000,0.379261,0,1
42,97,55,151,117,41,151,136,
745.000000,258.000000,0.132574,33053668.000000,0.798960,0,1
98,107,111,103,103,104,98,97,
747.000000,264.000000,0.137321,23495922.000000,0.828843,0,1
102,106,101,99,89,85,77,83,
743.000000,278.000000,0.156843,18161026.000000,0.915557,0,1
83,81,84,77,78,73,66,67,
448.000000,40.000000,0.417734,302658.343750,2.111404,0,1
16,15,16,12,15,16,14,15,
97.000000,42.000000,0.728899,376970.937500,84.651321,0,1
20,17,18,11,13,13,8,7,
107.000000,43.000000,0.716137,372925.656250,67.328102,0,1
19,17,18,11,13,14,8,7,
108.000000,43.000000,0.715273,367557.625000,65.946007,0,1
20,17,18,12,13,14,8,7,
121.000000,44.000000,0.706406,386909.812500,51.754993,0,1
20,19,19,14,15,16,10,7,
123.000000,45.000000,0.703473,381581.031250,50.050400,0,1
19,16,16,10,11,12,7,6,
134.000000,46.000000,0.698379,369967.343750,42.159351,0,1
19,16,17,11,12,13,8,7,
137.000000,46.000000,0.692078,363458.531250,40.410233,0,1
19,18,17,12,13,14,9,7,
147.000000,47.000000,0.690916,306223.937500,35.289658,0,1
18,17,17,12,13,14,8,7,
159.000000,48.000000,0.677491,308642.125000,30.444382,0,1
20,18,18,13,14,16,9,7,
162.000000,49.000000,0.672997,350950.281250,29.387480,0,1
18,16,16,10,11,12,7,6,
174.000000,50.000000,0.668251,279398.250000,25.749016,0,1
17,15,16,11,13,14,8,7,
183.000000,51.000000,0.656209,287170.250000,23.462357,0,1
18,17,17,11,12,14,8,6,
200.000000,52.000000,0.654150,165157.390625,19.918062,0,1
18,16,17,13,15,16,11,8,
206.000000,54.000000,0.641761,177229.875000,18.837170,0,1
15,13,14,9,10,11,7,7,
230.000000,56.000000,0.618246,156289.500000,15.312178,0,1
16,15,15,10,12,13,8,7,
246.000000,58.000000,0.615453,163393.546875,13.453167,0,1
17,15,15,10,11,13,8,7,
254.000000,58.000000,0.612426,225611.531250,12.660871,0,1
18,17,18,14,15,16,10,9,
286.000000,62.000000,0.579934,310276.656250,9.970193,0,1
18,15,17,12,13,14,9,8,
288.000000,62.000000,0.562580,237872.687500,9.850025,0,1
18,17,17,13,14,15,10,8,
428.000000,70.000000,0.529554,152390.734375,3.788147,0,1
20,21,20,25,23,22,27,28,
684.000000,124.000000,0.094368,3571938304.000000,0.459431,0,1
95,176,66,243,134,48,200,211,
714.000000,136.000000,0.099755,3409709824.000000,0.535567,0,1
169,109,187,54,151,223,72,46,
729.000000,142.000000,0.100736,2037574144.000000,0.567031,0,1
229,120,225,59,134,242,55,51,
734.000000,144.000000,0.102505,381534752.000000,0.583133,0,1
253,243,232,146,164,116,63,25,
713.000000,149.000000,0.099122,465482368.000000,0.531893,0,1
33,43,62,78,131,204,163,228,
724.000000,151.000000,0.101898,1069927296.000000,0.563279,0,1
80,174,84,242,161,64,169,69,
713.000000,156.000000,0.099362,1693124224.000000,0.518336,0,1
95,183,105,252,173,74,224,116,
737.000000,156.000000,0.102261,1210066432.000000,0.589056,0,1
41,34,87,25,44,117,25,25,
648.000000,172.000000,0.091024,511026304.000000,0.387988,0,1
95,200,115,196,86,39,66,28,
584.000000,179.000000,0.083809,461036160.000000,0.258974,0,1
29,43,134,48,144,205,155,243,
727.000000,181.000000,0.100138,1324646784.000000,0.547328,0,1
224,148,242,73,186,254,96,101,
711.000000,184.000000,0.099114,4695138304.000000,0.540236,0,1
50,119,43,200,73,32,123,66,
746.000000,185.000000,0.103306,859311168.000000,0.588928,0,1
26,71,70,134,184,146,229,254,
709.000000,190.000000,0.099220,3142393856.000000,0.540594,0,1
158,212,96,249,162,63,161,77,
721.000000,195.000000,0.101494,92283224.000000,0.152954,0,1
36,69,46,177,125,65,227,162,
722.000000,206.000000,0.100119,4822832128.000000,0.578252,0,1
121,76,161,43,113,186,64,105,
739.000000,209.000000,0.100215,413266880.000000,0.608826,0,1
34,81,58,203,181,102,251,254,
717.000000,213.000000,0.100665,879913984.000000,0.492914,0,1
32,42,68,64,102,143,142,186,
741.000000,216.000000,0.102028,3145824768.000000,0.589330,0,1
195,209,146,212,152,84,139,70,
745.000000,243.000000,0.106601,138224032.000000,0.675841,0,1
64,88,87,98,95,91,127,110,
747.000000,243.000000,0.107228,165918880.000000,0.681566,0,1
58,87,85,95,91,88,127,116,
704.000000,257.000000,0.133669,23932594.000000,0.732311,0,1
125,121,123,102,104,110,95,95,
707.000000,264.000000,0.112303,3632707.750000,0.169244,0,1
112,115,115,107,106,105,99,92,
712.000000,265.000000,0.100551,23068924.000000,0.634406,0,1
102,102,100,97,93,92,88,82,
728.000000,275.000000,0.142032,19936430.000000,0.833967,0,1
70,76,74,64,64,61,58,54,
729.000000,275.000000,0.142260,18659232.000000,0.836477,0,1
69,76,72,65,63,60,57,54,
732.000000,280.000000,0.146828,6507225.000000,0.884824,0,1
61,58,64,50,56,62,45,45,
728.000000,286.000000,0.150711,3232768.750000,0.916215,0,1
50,45,50,56,55,53,61,59,
306.000000,64.000000,0.555711,1010325.250000,8.634937,0,1
17,16,17,12,14,15,9,8,
330.000000,66.000000,0.525513,1024205.625000,4.477165,0,1
17,17,16,15,15,15,12,9,
408.000000,68.000000,0.490702,486490.187500,4.309547,0,1
22,24,24,26,27,26,28,31,
437.000000,78.000000,0.403098,405731.375000,3.393991,0,1
28,27,28,21,24,26,18,18,
445.000000,79.000000,0.389595,477162.531250,3.188463,0,1
29,27,28,22,23,25,18,18,
404.000000,80.000000,0.326196,15613988.000000,0.640058,0,1
33,36,37,39,41,41,45,58,
492.000000,84.000000,0.412003,1041783.812500,2.273393,0,1
23,21,22,17,18,19,14,13,
510.000000,86.000000,0.379698,5218838.500000,1.915342,0,1
22,21,22,17,18,18,14,14,
526.000000,88.000000,0.352069,1073048.625000,0.884790,0,1
23,21,22,16,17,19,14,13,
540.000000,88.000000,0.290827,156067.359375,0.720572,0,1
22,22,23,22,22,23,18,15,
459.000000,89.000000,0.334945,2839849.250000,2.783560,0,1
20,23,21,27,25,23,42,126,
550.000000,90.000000,0.274764,93312.000000,1.261533,0,1
22,22,21,18,19,22,15,14,
320.000000,92.000000,0.077797,26790.013672,0.117242,0,1
13,12,12,11,11,11,11,10,
336.000000,92.000000,0.091160,71492.804688,0.159515,0,1
13,12,12,11,11,10,9,8,
504.000000,94.000000,0.121366,382490.156250,0.323937,0,1
14,14,14,16,15,15,19,21,
588.000000,94.000000,0.276155,572539.000000,0.806325,0,1
26,25,25,22,23,23,19,17,
498.000000,95.000000,0.120276,543525.875000,0.308872,0,1
15,16,16,20,20,21,26,26,
468.000000,96.000000,0.133423,55419804.000000,0.201071,0,1
104,150,116,234,151,95,108,34,
458.000000,98.000000,0.124180,33721040.000000,0.244775,0,1
227,254,253,215,190,148,78,38,
451.000000,99.000000,0.119397,23249000.000000,0.221249,0,1
247,255,255,196,154,122,71,37,
459.000000,99.000000,0.122239,31947836.000000,0.241385,0,1
253,190,148,78,63,47,38,33,
443.000000,100.000000,0.114705,19871280.000000,0.197774,0,1
255,255,254,166,143,123,54,38,
404.000000,104.000000,0.085921,5488163.000000,0.098137,0,1
58,56,63,48,52,56,32,27,
140.000000,105.000000,0.119470,7239762.000000,0.290502,0,1
10,11,15,11,16,20,17,21,
150.000000,105.000000,0.119663,2319781.500000,0.277321,0,1
10,16,11,20,17,11,21,20,
178.000000,106.000000,0.114735,7589792.500000,0.233148,0,1
12,11,18,11,15,20,12,17,
218.000000,106.000000,0.107311,8770618.000000,1.254036,0,1
14,13,20,12,18,21,15,19,
153.000000,107.000000,0.118842,2603051.750000,0.272211,0,1
10,14,10,19,14,11,20,20,
154.000000,108.000000,0.118785,2442780.500000,0.270118,0,1
10,14,11,20,15,11,20,21,
272.000000,108.000000,0.098066,4641426.000000,0.849006,0,1
12,12,14,12,14,21,14,20,
246.000000,110.000000,0.086335,2817278.500000,0.950537,0,1
13,14,14,21,19,14,24,24,
141.000000,112.000000,0.120285,3728794.000000,0.290283,0,1
21,16,22,11,16,22,11,12,
177.000000,113.000000,0.114853,9534458.000000,0.233828,0,1
16,13,22,12,18,22,14,21,
669.000000,114.000000,0.096355,335267712.000000,0.272141,0,1
254,253,189,255,160,55,168,64,
594.000000,115.000000,0.080099,133683808.000000,0.169713,0,1
84,181,144,230,130,74,84,37,
614.000000,115.000000,0.085799,1281946752.000000,0.363451,0,1
205,80,247,46,151,253,60,178,
634.000000,115.000000,0.090308,430929280.000000,0.416677,0,1
253,255,183,200,120,53,69,39,
677.000000,115.000000,0.094340,386218688.000000,0.272827,0,1
34,35,149,33,141,255,81,226,
146.000000,116.000000,0.119783,3800669.750000,0.281226,0,1
24,19,23,13,19,23,13,13,
184.000000,116.000000,0.114608,5033888.000000,0.223732,0,1
18,13,21,13,16,23,21,24,
189.000000,116.000000,0.112146,6851456.000000,0.216651,0,1
13,19,12,23,15,14,22,19,
214.000000,116.000000,0.108286,3823791.500000,1.375042,0,1
13,16,14,23,18,14,24,24,
629.000000,116.000000,0.091085,86194080.000000,0.412491,0,1
255,255,241,198,150,106,88,52,
645.000000,116.000000,0.090935,2015243264.000000,0.437667,0,1
216,102,255,40,159,253,46,49,
693.000000,116.000000,0.095590,207124480.000000,0.291346,0,1
255,253,255,115,228,255,75,42,
147.000000,117.000000,0.119483,4580114.500000,0.279133,0,1
23,19,23,13,19,23,13,14,
183.000000,117.000000,0.114306,2509997.500000,0.223665,0,1
13,13,16,21,21,23,24,24,
614.000000,117.000000,0.086215,865365120.000000,0.365105,0,1
151,60,210,76,178,255,222,255,
646.000000,117.000000,0.091126,1262844032.000000,0.440192,0,1
255,159,253,46,149,253,49,45,
504.000000,119.000000,0.074066,231562688.000000,0.178851,0,1
27,40,38,111,108,96,228,93,
575.000000,119.000000,0.082235,1022589248.000000,0.292314,0,1
47,44,230,37,184,255,58,96,
609.000000,119.000000,0.084438,891131456.000000,0.349151,0,1
38,40,100,45,156,255,139,217,
648.000000,119.000000,0.091245,687238528.000000,0.443835,0,1
253,178,234,45,111,167,42,40,
566.000000,121.000000,0.081122,353833760.000000,0.215430,0,1
34,34,121,31,117,252,58,149,
162.000000,122.000000,0.116671,8067263.000000,0.254693,0,1
17,22,13,24,17,13,19,12,
492.000000,122.000000,0.073506,534198080.000000,0.623975,0,1
38,43,81,45,172,223,194,255,
666.000000,122.000000,0.092971,2893226752.000000,0.421833,0,1
52,85,41,166,63,33,111,44,
161.000000,123.000000,0.116556,5438234.500000,0.255106,0,1
22,24,17,20,19,13,13,12,
175.000000,123.000000,0.114719,6012133.000000,0.234672,0,1
18,14,23,13,19,23,13,13,
220.000000,124.000000,0.106255,5152129.000000,1.221098,0,1
25,23,24,16,18,17,15,14,
527.000000,124.000000,0.074402,358238144.000000,0.126569,0,1
213,239,87,254,124,40,186,73,
469.000000,125.000000,0.070799,15626592.000000,0.183387,0,1
40,90,70,242,183,171,253,255,
501.000000,125.000000,0.074343,640086336.000000,0.175279,0,1
204,255,75,255,172,34,245,144,
661.000000,125.000000,0.093259,407074464.000000,0.407620,0,1
227,181,208,97,132,93,48,29,
456.000000,126.000000,0.068014,220473696.000000,0.231215,0,1
219,82,202,25,77,57,31,26,
661.000000,126.000000,0.093511,203186000.000000,0.408046,0,1
206,119,119,51,48,40,32,26,
72.000000,129.000000,0.127827,2718686.000000,0.393599,0,1
10,11,13,18,18,19,26,32,
35.000000,130.000000,0.133204,6404259.000000,0.448095,0,1
13,18,19,30,29,24,40,35,
449.000000,131.000000,0.073058,17113200.000000,0.947870,0,1
20,24,19,37,35,36,64,64,
543.000000,132.000000,0.074756,69392192.000000,0.223407,0,1
33,44,51,88,137,124,219,247,
580.000000,132.000000,0.081340,20285370.000000,0.127613,0,1
40,48,88,86,159,233,235,255,
611.000000,132.000000,0.085283,184759120.000000,0.354458,0,1
38,58,59,187,195,127,254,255,
440.000000,133.000000,0.061869,33636656.000000,0.932169,0,1
28,47,52,46,48,52,26,19,
134.000000,134.000000,0.072882,3821966.750000,0.184520,0,1
14,17,17,26,29,34,34,35,
152.000000,134.000000,0.106456,14490434.000000,0.244202,0,1
15,21,17,62,54,22,69,62,
172.000000,134.000000,0.057082,8912606.000000,0.123252,0,1
15,22,19,40,37,26,49,47,
323.000000,134.000000,0.079871,3202794.750000,0.016726,0,1
38,50,71,99,156,132,164,213,
329.000000,134.000000,0.053507,224600784.000000,0.345539,0,1
38,49,52,40,153,64,137,212,
347.000000,134.000000,0.076013,3673419.500000,0.029747,0,1
38,40,41,46,59,52,145,244,
363.000000,134.000000,0.066729,8863366.000000,0.030412,0,1
42,54,61,66,155,79,158,232,
371.000000,134.000000,0.060523,10526347.000000,0.033080,0,1
41,62,48,92,127,34,236,209,
422.000000,134.000000,0.066756,46052172.000000,0.080535,0,1
51,62,54,110,116,41,220,236,
424.000000,134.000000,0.066679,136314000.000000,1.089203,0,1
44,54,44,116,41,33,109,68,
463.000000,134.000000,0.068339,274839008.000000,0.198409,0,1
62,226,50,254,162,45,254,223,
153.000000,135.000000,0.107082,20912540.000000,0.243116,0,1
17,54,22,69,53,44,62,63,
346.000000,135.000000,0.066638,8053867.000000,0.027555,0,1
40,46,59,52,145,158,132,121,
369.000000,135.000000,0.055834,81804408.000000,0.084938,0,1
53,44,145,27,143,196,44,117,
533.000000,135.000000,0.074478,165108128.000000,0.131991,0,1
73,50,202,60,175,255,191,255,
268.000000,137.000000,0.045487,33090760.000000,0.052898,0,1
25,45,98,80,168,211,107,81,
271.000000,137.000000,0.042758,39730392.000000,0.052768,0,1
22,93,35,209,171,38,248,185,
280.000000,137.000000,0.043622,154357184.000000,0.065739,0,1
25,105,42,209,163,27,250,186,
335.000000,137.000000,0.053859,2662228.000000,0.027159,0,1
255,149,251,30,114,171,26,26,
469.000000,137.000000,0.072121,245536320.000000,0.134489,0,1
60,206,53,255,175,39,254,231,
549.000000,137.000000,0.074769,342443968.000000,0.112957,0,1
60,164,38,220,62,24,83,26,
647.000000,137.000000,0.090485,1509464320.000000,0.379940,0,1
249,241,179,248,149,63,197,110,
408.000000,138.000000,0.063262,116457072.000000,0.159866,0,1
30,78,34,218,141,33,253,254,
456.000000,139.000000,0.068457,1930087936.000000,0.855171,0,1
38,37,126,25,123,255,57,148,
628.000000,139.000000,0.084723,173638240.000000,0.213404,0,1
194,123,231,58,139,192,53,51,
378.000000,140.000000,0.058060,781054592.000000,0.515533,0,1
29,79,38,165,137,30,220,130,
400.000000,140.000000,0.060158,1238472832.000000,0.425108,0,1
81,49,209,56,182,255,195,255,
593.000000,140.000000,0.085115,1089390336.000000,0.327032,0,1
235,125,233,38,124,223,36,33,
250.000000,143.000000,0.037469,34817464.000000,0.051030,0,1
27,31,33,47,44,37,101,198,
259.000000,143.000000,0.042542,333602944.000000,0.481432,0,1
37,93,43,140,94,40,212,236,
609.000000,143.000000,0.085732,2179559680.000000,0.352904,0,1
220,255,107,255,173,49,246,137,
648.000000,143.000000,0.090669,1398178944.000000,0.382116,0,1
72,167,49,240,110,40,216,196,
665.000000,143.000000,0.093187,355900992.000000,0.418851,0,1
29,60,55,169,165,72,253,249,
170.000000,144.000000,0.060998,16755588.000000,0.133087,0,1
20,14,28,11,19,31,12,13,
269.000000,144.000000,0.042112,43963328.000000,0.051959,0,1
33,82,83,159,205,108,215,218,
278.000000,144.000000,0.045188,596334720.000000,0.444908,0,1
35,76,38,196,142,38,238,155,
314.000000,144.000000,0.048645,1075058304.000000,0.361332,0,1
51,56,190,41,175,254,107,181,
376.000000,144.000000,0.065378,3390071.250000,0.017880,0,1
209,189,136,157,114,36,137,58,
436.000000,144.000000,0.064471,1339747328.000000,0.992265,0,1
246,102,248,27,127,167,29,27,
522.000000,144.000000,0.075746,164963184.000000,0.201227,0,1
30,38,49,46,150,96,185,255,
108.000000,145.000000,0.047448,150107808.000000,0.138292,0,1
245,234,122,158,104,46,57,29,
368.000000,145.000000,0.054352,155482816.000000,0.081909,0,1
232,104,254,31,168,255,37,35,
556.000000,145.000000,0.078749,294536384.000000,0.691954,0,1
25,31,52,46,146,95,177,243,
475.000000,146.000000,0.068527,35476892.000000,0.103272,0,1
27,29,50,29,110,214,152,255,
512.000000,146.000000,0.072687,671560384.000000,0.480857,0,1
245,125,255,67,209,255,49,41,
659.000000,146.000000,0.092307,2574456832.000000,0.406045,0,1
57,68,196,44,159,255,105,191,
305.000000,147.000000,0.049081,130733248.000000,0.074387,0,1
94,36,179,27,91,225,33,54,
171.000000,148.000000,0.061179,14193282.000000,0.131653,0,1
17,13,24,11,17,28,14,18,
395.000000,148.000000,0.059919,1318000128.000000,0.445843,0,1
42,134,43,172,156,32,246,184,
413.000000,148.000000,0.059686,68974608.000000,0.063203,0,1
31,36,98,38,134,190,120,237,
589.000000,148.000000,0.084171,1356541952.000000,0.317060,0,1
45,147,48,250,138,41,230,189,
416.000000,149.000000,0.062328,288849952.000000,0.135390,0,1
55,190,38,252,118,37,237,197,
597.000000,149.000000,0.082875,157158112.000000,0.402125,0,1
27,42,35,126,131,55,227,228,
624.000000,149.000000,0.087745,467880928.000000,0.384958,0,1
37,62,61,145,111,178,222,255,
648.000000,149.000000,0.091444,2854595584.000000,0.442551,0,1
186,239,102,248,153,45,134,41,
380.000000,150.000000,0.057817,444760512.000000,0.504088,0,1
30,48,37,72,114,37,193,204,
632.000000,150.000000,0.089046,1271210368.000000,0.350019,0,1
57,168,55,255,153,37,212,114,
643.000000,150.000000,0.090321,1994180224.000000,0.428250,0,1
180,96,238,33,131,186,31,30,
63.000000,151.000000,0.021607,220050176.000000,0.058330,0,1
93,146,89,238,188,103,248,191,
231.000000,151.000000,0.039420,52669200.000000,0.062002,0,1
33,78,47,108,109,52,138,146,
615.000000,151.000000,0.087124,653905984.000000,0.198797,0,1
97,53,208,41,150,254,162,205,
136.000000,152.000000,0.047434,43455652.000000,0.122144,0,1
40,42,30,43,28,13,22,11,
224.000000,152.000000,0.038732,121184296.000000,0.063153,0,1
22,31,33,41,99,63,117,181,
240.000000,152.000000,0.037956,49704256.000000,0.058007,0,1
60,112,51,155,120,53,224,239,
430.000000,152.000000,0.062759,818756352.000000,0.307432,0,1
70,39,197,27,117,247,50,93,
466.000000,152.000000,0.068096,88924744.000000,0.122886,0,1
250,181,183,39,97,40,29,31,
486.000000,152.000000,0.071326,1361383296.000000,0.648832,0,1
37,128,34,240,98,25,160,59,
680.000000,152.000000,0.096359,420032064.000000,0.284454,0,1
142,255,140,248,208,84,151,53,
61.000000,153.000000,0.020598,142618768.000000,0.055909,0,1
238,245,248,163,212,191,82,118,
110.000000,153.000000,0.046075,24776382.000000,0.132219,0,1
33,24,35,20,27,34,22,24,
134.000000,153.000000,0.047098,35487740.000000,0.122681,0,1
46,46,38,44,32,14,22,12,
135.000000,153.000000,0.047277,38148976.000000,0.122539,0,1
42,43,28,40,22,12,16,11,
223.000000,153.000000,0.038251,179795376.000000,0.062550,0,1
31,41,99,40,117,150,67,88,
273.000000,153.000000,0.036882,73527136.000000,0.056227,0,1
39,111,38,174,120,40,182,93,
310.000000,153.000000,0.050406,14252568.000000,0.038823,0,1
76,36,109,26,84,99,52,74,
319.000000,153.000000,0.048373,3449377.250000,0.035377,0,1
201,101,133,34,87,48,30,31,
412.000000,153.000000,0.056849,29291712.000000,0.030755,0,1
162,80,248,46,158,255,67,104,
431.000000,153.000000,0.064129,1916364800.000000,1.039244,0,1
197,117,247,50,195,252,93,125,
438.000000,153.000000,0.067548,299229760.000000,0.101797,0,1
146,228,73,244,142,27,108,37,
553.000000,153.000000,0.079719,560338496.000000,0.724616,0,1
174,102,214,53,151,208,69,142,
567.000000,153.000000,0.083189,611253952.000000,0.282690,0,1
208,240,177,187,171,87,82,40,
596.000000,153.000000,0.086363,178265184.000000,0.423395,0,1
245,254,227,200,172,118,81,41,
630.000000,153.000000,0.088752,582275968.000000,0.399312,0,1
248,218,170,157,112,70,73,63,
226.000000,154.000000,0.037537,132065536.000000,0.062569,0,1
63,150,57,181,122,63,120,72,
280.000000,154.000000,0.043248,57266600.000000,0.046237,0,1
176,122,143,62,150,90,90,144,
370.000000,154.000000,0.055931,1106430848.000000,0.540570,0,1
153,251,128,181,175,45,79,39,
611.000000,156.000000,0.085777,430654944.000000,0.355968,0,1
61,78,192,36,160,243,32,31,
652.000000,156.000000,0.092520,706647744.000000,0.455218,0,1
37,35,61,39,136,186,149,235,
416.000000,157.000000,0.062645,224738448.000000,0.135874,0,1
134,231,108,255,172,42,221,71,
263.000000,158.000000,0.042954,655361920.000000,0.471635,0,1
189,152,128,83,96,68,45,37,
337.000000,158.000000,0.052751,6088914.000000,0.027325,0,1
236,250,227,197,185,91,64,26,
397.000000,158.000000,0.060157,788833024.000000,0.438035,0,1
128,173,81,97,103,46,57,30,
591.000000,158.000000,0.084120,1313945088.000000,0.319769,0,1
220,246,128,255,197,55,223,136,
474.000000,159.000000,0.068662,210111056.000000,0.132140,0,1
247,208,255,114,183,192,62,30,
495.000000,159.000000,0.070161,95040672.000000,0.105733,0,1
242,206,254,123,212,222,72,33,
188.000000,161.000000,0.059324,18528212.000000,0.118943,0,1
24,30,23,36,40,25,45,46,
189.000000,161.000000,0.058840,13168220.000000,0.116329,0,1
23,28,20,43,31,21,49,46,
61.000000,162.000000,0.022499,87304128.000000,0.061273,0,1
160,175,180,90,113,118,68,90,
234.000000,162.000000,0.039682,61355624.000000,0.060471,0,1
24,27,29,52,100,89,124,219,
245.000000,162.000000,0.040516,28047432.000000,0.061058,0,1
25,23,20,62,62,26,127,76,
259.000000,162.000000,0.038572,56538408.000000,0.061863,0,1
36,36,34,49,50,36,125,109,
170.000000,163.000000,0.061092,13379986.000000,0.134696,0,1
25,24,35,20,33,38,23,23,
286.000000,163.000000,0.042155,40270968.000000,0.064449,0,1
27,34,31,61,92,46,179,185,
233.000000,164.000000,0.038565,289958240.000000,0.059971,0,1
71,85,169,52,178,189,104,148,
328.000000,165.000000,0.051233,617039616.000000,0.336180,0,1
28,28,104,26,116,192,87,142,
359.000000,165.000000,0.050547,11607752.000000,0.020726,0,1
29,87,61,221,173,53,242,106,
369.000000,166.000000,0.059475,16515566.000000,0.031716,0,1
29,30,103,29,94,183,91,172,
383.000000,166.000000,0.057758,525191200.000000,0.493045,0,1
30,38,86,32,121,134,60,101,
423.000000,166.000000,0.062824,15693462.000000,0.076475,0,1
29,55,46,126,143,87,244,236,
402.000000,167.000000,0.056613,158588368.000000,0.163493,0,1
72,93,202,70,193,242,167,213,
420.000000,167.000000,0.057534,27395304.000000,0.035656,0,1
35,38,126,42,145,244,152,234,
486.000000,167.000000,0.071189,104341504.000000,0.150527,0,1
28,32,36,69,136,136,221,255,
223.000000,168.000000,0.038066,142544736.000000,0.064484,0,1
48,39,128,32,76,152,38,52,
277.000000,168.000000,0.044865,448819168.000000,0.446431,0,1
144,113,110,48,118,60,42,34,
406.000000,168.000000,0.061495,841043712.000000,0.408840,0,1
158,210,102,241,135,34,181,81,
468.000000,168.000000,0.068885,756988992.000000,1.539239,0,1
40,152,38,217,63,29,65,33,
194.000000,169.000000,0.033687,117062224.000000,0.066383,0,1
70,94,55,108,122,55,145,108,
593.000000,169.000000,0.084655,918475328.000000,0.469251,0,1
20,18,21,20,39,74,45,130,
211.000000,170.000000,0.036055,161192288.000000,0.064789,0,1
88,77,50,72,127,40,133,123,
74.000000,171.000000,0.034363,20631324.000000,0.091085,0,1
94,72,78,58,58,49,50,42,
319.000000,171.000000,0.045442,7842689.000000,0.014424,0,1
160,237,68,122,168,57,101,41,
564.000000,171.000000,0.081565,511618880.000000,0.665130,0,1
26,30,98,48,140,194,158,212,
61.000000,172.000000,0.031128,525843584.000000,0.085826,0,1
115,168,84,181,120,73,195,143,
200.000000,172.000000,0.035397,165425856.000000,0.068074,0,1
160,124,150,72,126,96,80,71,
252.000000,172.000000,0.042051,102905456.000000,0.063372,0,1
57,42,69,47,84,136,58,86,
388.000000,172.000000,0.057036,88018696.000000,0.085955,0,1
236,136,233,51,135,93,45,31,
507.000000,172.000000,0.074591,62319916.000000,0.182201,0,1
241,235,208,97,194,168,69,35,
676.000000,172.000000,0.094764,1431497472.000000,0.446992,0,1
27,43,112,43,155,241,165,252,
171.000000,173.000000,0.063979,38600536.000000,0.144100,0,1
17,27,18,34,22,17,26,21,
358.000000,173.000000,0.048096,9851178.000000,0.021924,0,1
178,242,78,97,168,50,87,37,
434.000000,173.000000,0.066025,2497070080.000000,1.041193,0,1
28,74,40,134,138,30,205,158,
631.000000,173.000000,0.088901,1488877824.000000,0.402695,0,1
35,35,84,53,114,212,181,238,
164.000000,174.000000,0.033767,18904132.000000,0.079339,0,1
16,19,24,22,39,53,43,48,
245.000000,175.000000,0.040532,64109696.000000,0.057875,0,1
86,67,141,69,110,137,66,57,
377.000000,175.000000,0.058001,131632616.000000,0.087737,0,1
61,52,163,56,74,190,39,45,
406.000000,175.000000,0.062816,73472280.000000,0.064460,0,1
82,156,45,125,94,47,68,36,
596.000000,175.000000,0.085154,186618144.000000,0.282653,0,1
248,203,227,61,148,146,31,23,
643.000000,176.000000,0.090821,4110269952.000000,0.432276,0,1
229,248,127,255,160,53,206,116,
161.000000,177.000000,0.032982,15544091.000000,0.079730,0,1
22,19,33,16,19,29,15,14,
416.000000,177.000000,0.058112,23453584.000000,0.067064,0,1
27,29,64,55,96,144,95,57,
469.000000,177.000000,0.068343,346002080.000000,0.196961,0,1
52,34,134,34,83,152,31,50,
673.000000,177.000000,0.093532,286698656.000000,0.266225,0,1
229,185,247,68,160,193,30,21,
541.000000,178.000000,0.076966,624270272.000000,0.167499,0,1
129,228,65,255,166,37,249,196,
151.000000,179.000000,0.053852,1606642.000000,0.129506,0,1
12,14,12,19,18,14,23,21,
629.000000,179.000000,0.088076,1557281920.000000,0.396055,0,1
149,95,204,38,126,219,53,47,
32.000000,180.000000,0.027074,83106328.000000,0.081307,0,1
107,126,141,128,145,162,114,118,
278.000000,180.000000,0.047925,14320779.000000,0.052926,0,1
70,72,101,43,67,35,23,15,
550.000000,180.000000,0.077910,359457600.000000,0.187073,0,1
86,181,50,192,118,31,184,154,
631.000000,180.000000,0.087490,440071744.000000,0.396296,0,1
241,183,235,77,124,193,46,28,
234.000000,181.000000,0.042511,29448106.000000,0.065849,0,1
128,123,125,54,62,71,36,37,
523.000000,181.000000,0.075646,747437760.000000,0.204644,0,1
166,233,74,251,139,32,169,52,
684.000000,181.000000,0.097279,716393856.000000,0.480740,0,1
243,124,226,30,103,200,29,42,
520.000000,182.000000,0.073716,152188896.000000,0.128686,0,1
220,140,251,54,153,169,49,104,
478.000000,183.000000,0.071166,181027424.000000,0.186278,0,1
137,71,82,150,156,106,228,252,
311.000000,184.000000,0.048245,25527636.000000,0.040124,0,1
119,199,56,139,107,35,62,73,
378.000000,184.000000,0.049676,5973053.000000,0.019325,0,1
149,135,129,73,68,110,39,35,
699.000000,184.000000,0.096531,662634624.000000,0.384350,0,1
35,37,161,36,154,255,113,204,
141.000000,185.000000,0.028610,19835512.000000,0.079027,0,1
17,22,22,37,40,30,45,41,
459.000000,185.000000,0.067993,79963712.000000,0.242115,0,1
49,81,28,49,46,25,35,27,
151.000000,186.000000,0.047581,17207304.000000,0.120899,0,1
18,21,18,33,32,27,38,40,
153.000000,186.000000,0.054031,17445618.000000,0.129282,0,1
16,18,17,32,27,18,48,33,
188.000000,186.000000,0.036441,7448876.000000,0.067852,0,1
51,32,63,20,27,25,18,16,
189.000000,186.000000,0.036730,7921233.500000,0.058777,0,1
61,49,58,23,28,22,16,13,
359.000000,186.000000,0.054932,22086740.000000,0.032225,0,1
33,89,59,187,109,101,211,218,
213.000000,187.000000,0.036890,24955608.000000,0.065923,0,1
27,44,27,63,47,27,58,28,
75.000000,188.000000,0.035924,73106152.000000,0.095862,0,1
23,40,31,68,56,45,78,82,
125.000000,188.000000,0.039137,1105499.500000,0.114634,0,1
17,17,18,20,21,23,26,26,
126.000000,188.000000,0.035852,1621625.500000,0.100963,0,1
17,17,19,20,22,26,30,26,
657.000000,188.000000,0.092852,200050288.000000,0.251016,0,1
142,213,102,128,112,65,45,53,
71.000000,189.000000,0.034716,89321152.000000,0.093798,0,1
68,90,75,106,95,83,105,99,
78.000000,189.000000,0.037535,74548688.000000,0.129322,0,1
27,45,34,67,56,45,74,75,
81.000000,189.000000,0.037041,53995688.000000,0.122916,0,1
22,32,27,50,40,31,59,63,
329.000000,189.000000,0.052731,571441536.000000,0.743871,0,1
141,142,196,60,91,109,30,26,
337.000000,189.000000,0.052718,83101832.000000,0.327559,0,1
34,112,63,126,106,67,55,33,
359.000000,189.000000,0.054484,22320188.000000,0.033575,0,1
203,220,165,211,181,49,215,127,
360.000000,189.000000,0.054420,21083098.000000,0.033941,0,1
179,218,99,225,95,36,172,127,
690.000000,189.000000,0.096634,487217440.000000,0.292498,0,1
190,222,148,198,182,74,102,44,
697.000000,189.000000,0.097002,2782452224.000000,0.509992,0,1
112,64,196,39,122,240,70,60,
411.000000,190.000000,0.060044,1525762944.000000,1.214904,0,1
35,93,33,152,87,29,129,47,
594.000000,191.000000,0.082316,576900480.000000,0.282001,0,1
216,236,217,201,178,166,86,37,
90.000000,192.000000,0.039441,27877120.000000,0.124357,0,1
22,35,28,46,40,33,47,44,
639.000000,192.000000,0.093045,176079728.000000,0.440015,0,1
25,45,29,51,50,26,60,52,
99.000000,193.000000,0.041775,8384650.000000,0.129044,0,1
14,19,17,27,22,19,29,30,
386.000000,193.000000,0.061233,270025728.000000,0.519983,0,1
62,105,56,136,84,69,55,38,
466.000000,193.000000,0.068178,944349504.000000,0.824302,0,1
36,60,51,155,97,141,189,241,
555.000000,193.000000,0.077323,475070848.000000,0.250201,0,1
212,173,178,136,118,85,66,33,
404.000000,195.000000,0.061887,371557728.000000,0.444623,0,1
184,166,170,78,91,100,46,39,
569.000000,195.000000,0.077387,117966272.000000,0.231933,0,1
28,62,39,112,120,47,194,218,
630.000000,195.000000,0.088665,1478055936.000000,0.403177,0,1
126,137,80,116,67,40,44,26,
190.000000,196.000000,0.061616,3280744.000000,0.123935,0,1
17,18,21,21,25,28,27,30,
297.000000,196.000000,0.051535,26954760.000000,0.448606,0,1
21,27,26,47,53,61,82,91,
260.000000,197.000000,0.053357,6942016.000000,0.608633,0,1
10,10,10,11,12,14,26,55,
269.000000,197.000000,0.052276,17572388.000000,0.555985,0,1
11,11,11,22,25,29,48,65,
278.000000,197.000000,0.051460,27397320.000000,0.514620,0,1
10,14,14,36,39,41,63,76,
285.000000,197.000000,0.050076,25913082.000000,0.489851,0,1
12,15,19,43,45,52,73,87,
321.000000,197.000000,0.051536,51885072.000000,0.371384,0,1
24,30,34,61,61,64,90,109,
441.000000,197.000000,0.069668,973352768.000000,1.047132,0,1
46,76,42,168,51,42,55,43,
652.000000,197.000000,0.091269,3047734016.000000,0.452751,0,1
108,86,164,43,125,184,63,74,
140.000000,198.000000,0.049778,1905789.875000,0.128939,0,1
23,14,17,13,12,12,14,14,
145.000000,198.000000,0.051224,1693010.000000,0.137111,0,1
26,19,17,12,12,12,9,9,
188.000000,198.000000,0.060220,7141940.500000,0.122304,0,1
21,18,27,16,22,30,18,21,
264.000000,198.000000,0.051823,17196994.000000,0.573582,0,1
11,15,18,34,39,44,61,70,
273.000000,198.000000,0.050747,24067716.000000,0.526282,0,1
13,30,32,54,57,59,68,74,
284.000000,198.000000,0.051132,28205754.000000,0.487332,0,1
15,43,45,69,73,76,83,86,
288.000000,198.000000,0.051361,40900888.000000,0.471960,0,1
48,52,63,76,77,83,92,95,
305.000000,198.000000,0.050734,35622888.000000,0.414195,0,1
68,86,79,95,97,97,115,120,
311.000000,198.000000,0.051583,44322204.000000,0.401671,0,1
59,72,74,95,94,96,122,129,
322.000000,198.000000,0.051548,59516716.000000,0.369238,0,1
34,61,64,90,90,91,109,122,
330.000000,198.000000,0.051354,217224480.000000,0.730373,0,1
22,52,41,95,94,90,97,98,
540.000000,198.000000,0.076831,414513120.000000,0.231690,0,1
73,173,55,235,122,68,210,202,
652.000000,198.000000,0.091443,2333431808.000000,0.453929,0,1
130,79,165,35,113,175,38,35,
695.000000,198.000000,0.096773,2799688192.000000,0.512193,0,1
30,40,90,53,133,214,150,229,
248.000000,199.000000,0.051887,6491205.000000,0.089615,0,1
10,11,11,16,20,26,49,61,
253.000000,199.000000,0.052944,15669408.000000,0.630332,0,1
10,14,16,29,36,42,60,63,
549.000000,199.000000,0.078184,540518656.000000,0.824248,0,1
30,72,29,184,84,24,191,112,
662.000000,199.000000,0.091248,414387488.000000,0.431887,0,1
222,208,183,173,132,99,83,37,
360.000000,200.000000,0.055942,148631632.000000,0.616662,0,1
24,25,28,52,45,46,83,90,
379.000000,200.000000,0.057129,281196512.000000,0.533789,0,1
44,39,87,26,74,116,33,57,
495.000000,200.000000,0.071156,175726752.000000,0.189630,0,1
58,51,41,127,106,90,177,109,
233.000000,201.000000,0.055977,3523888.250000,0.095007,0,1
10,12,12,25,30,36,40,44,
339.000000,201.000000,0.055093,199852240.000000,0.720961,0,1
47,63,64,98,93,92,118,125,
486.000000,201.000000,0.072408,639238336.000000,1.405524,0,1
202,219,228,126,150,169,59,41,
692.000000,201.000000,0.096660,3641342464.000000,0.508806,0,1
56,43,134,37,102,205,72,104,
590.000000,202.000000,0.081674,1011746112.000000,0.568093,0,1
171,165,115,130,109,56,76,38,
670.000000,202.000000,0.092985,1865196800.000000,0.455885,0,1
205,200,140,133,132,67,76,35,
406.000000,205.000000,0.062058,309887616.000000,1.315025,0,1
26,27,24,60,48,41,87,88,
683.000000,205.000000,0.094486,971809344.000000,0.488076,0,1
64,136,59,199,138,59,218,230,
170.000000,206.000000,0.057990,538562.812500,0.134681,0,1
7,8,8,11,11,11,14,18,
421.000000,206.000000,0.063660,339035296.000000,1.188056,0,1
27,32,24,43,32,26,71,91,
637.000000,206.000000,0.095930,911654016.000000,0.409639,0,1
60,45,83,37,65,101,46,65,
643.000000,206.000000,0.091115,540906432.000000,0.439178,0,1
33,50,61,92,107,138,139,164,
386.000000,207.000000,0.062635,105190640.000000,0.255830,0,1
61,87,83,115,111,105,123,122,
389.000000,207.000000,0.062620,149697392.000000,0.533652,0,1
61,80,75,110,102,97,123,124,
421.000000,207.000000,0.063661,432640736.000000,1.190042,0,1
24,37,29,76,67,52,93,98,
423.000000,207.000000,0.064198,446310208.000000,1.177066,0,1
24,29,24,67,52,41,87,91,
436.000000,207.000000,0.062506,270566464.000000,0.340756,0,1
129,123,128,68,83,89,54,75,
402.000000,208.000000,0.063718,70275304.000000,0.224792,0,1
88,85,85,108,106,104,136,146,
458.000000,208.000000,0.066073,26474824.000000,0.139516,0,1
34,32,61,27,73,116,32,30,
679.000000,208.000000,0.095534,2196455168.000000,0.487527,0,1
165,118,219,71,173,243,118,189,
693.000000,208.000000,0.094812,63683180.000000,0.416239,0,1
30,43,32,123,76,44,178,195,
405.000000,209.000000,0.063964,200867392.000000,1.357293,0,1
88,104,104,130,118,106,131,121,
94.000000,210.000000,0.059037,3641006.250000,0.183730,0,1
28,30,29,35,36,33,49,42,
108.000000,210.000000,0.052112,2124039.500000,0.158696,0,1
21,23,23,26,25,25,31,30,
100.000000,211.000000,0.057522,5512686.000000,0.173705,0,1
27,31,29,40,39,36,43,38,
509.000000,211.000000,0.072440,644822784.000000,1.182152,0,1
50,60,47,154,88,46,145,112,
609.000000,211.000000,0.084041,84533360.000000,0.353056,0,1
228,237,240,137,155,170,51,38,
632.000000,211.000000,0.093707,55098440.000000,0.187453,0,1
33,46,44,141,104,47,147,67,
445.000000,212.000000,0.069416,282874752.000000,1.041674,0,1
23,24,25,49,57,62,67,85,
648.000000,212.000000,0.090069,180684080.000000,0.443007,0,1
70,62,40,141,100,73,165,116,
642.000000,213.000000,0.091732,203581696.000000,0.411893,0,1
217,219,224,140,174,183,71,36,
470.000000,214.000000,0.071391,321505920.000000,0.281429,0,1
39,80,79,108,99,95,145,139,
494.000000,215.000000,0.073408,330014208.000000,0.714019,0,1
22,40,32,88,82,74,107,124,
522.000000,215.000000,0.075263,369074112.000000,0.211117,0,1
81,56,131,27,89,128,35,40,
551.000000,215.000000,0.077827,386184640.000000,0.860091,0,1
42,67,43,116,83,40,130,122,
674.000000,215.000000,0.092687,201172720.000000,0.268748,0,1
53,98,153,170,203,246,130,46,
388.000000,216.000000,0.077007,64461304.000000,1.727120,0,1
106,106,106,100,96,93,85,76,
485.000000,216.000000,0.071665,136448096.000000,0.253301,0,1
73,98,98,123,115,110,119,118,
492.000000,216.000000,0.072686,282378976.000000,1.376973,0,1
44,91,85,107,107,107,131,118,
510.000000,216.000000,0.075746,263746800.000000,1.212666,0,1
52,38,29,67,54,42,90,94,
385.000000,217.000000,0.077041,79484840.000000,1.768509,0,1
99,100,100,94,90,85,80,72,
468.000000,217.000000,0.076550,68616640.000000,0.171526,0,1
133,155,142,127,120,116,108,100,
517.000000,217.000000,0.077227,281536288.000000,1.152859,0,1
20,27,24,64,56,45,82,87,
458.000000,218.000000,0.078552,67904128.000000,0.183655,0,1
130,134,143,119,111,103,78,76,
461.000000,218.000000,0.077678,83177504.000000,0.179828,0,1
127,148,145,106,101,102,82,81,
413.000000,219.000000,0.079490,69336792.000000,1.464429,0,1
86,95,100,71,83,83,72,71,
449.000000,219.000000,0.080914,95256088.000000,1.118221,0,1
100,95,109,91,94,99,80,78,
538.000000,219.000000,0.079666,295569344.000000,0.985962,0,1
26,34,27,75,66,55,102,100,
431.000000,221.000000,0.077576,57182004.000000,0.224285,0,1
80,80,86,84,106,123,112,94,
432.000000,221.000000,0.078218,53411768.000000,0.223293,0,1
83,82,90,94,116,123,125,93,
603.000000,221.000000,0.084162,329362176.000000,0.586037,0,1
35,48,24,122,32,21,57,26,
373.000000,222.000000,0.080270,37270628.000000,0.748924,0,1
83,80,79,69,66,61,56,53,
639.000000,223.000000,0.092109,188377712.000000,0.476246,0,1
33,43,32,53,47,27,61,48,
302.000000,224.000000,0.078944,8491687.000000,1.239804,0,1
45,50,49,44,43,41,38,39,
359.000000,224.000000,0.084653,32877144.000000,0.867057,0,1
63,56,59,53,58,65,66,63,
364.000000,224.000000,0.082287,32309750.000000,0.821229,0,1
73,68,75,67,66,61,57,46,
415.000000,224.000000,0.081931,35338936.000000,1.482130,0,1
71,74,76,74,84,92,90,77,
555.000000,224.000000,0.086872,166741232.000000,0.294680,0,1
102,135,122,154,182,188,219,168,
616.000000,224.000000,0.087751,913439104.000000,0.370356,0,1
92,64,134,32,101,147,31,39,
653.000000,224.000000,0.091803,862660736.000000,0.448646,0,1
43,42,45,46,88,67,106,157,
419.000000,225.000000,0.083837,56395420.000000,1.455688,0,1
82,94,93,85,75,68,72,73,
426.000000,225.000000,0.093413,31065184.000000,1.464355,0,1
97,85,82,74,73,78,66,71,
578.000000,225.000000,0.083936,256995744.000000,0.410219,0,1
78,108,107,136,127,119,138,132,
652.000000,225.000000,0.091800,1190861568.000000,0.455424,0,1
42,46,88,33,106,152,62,107,
359.000000,226.000000,0.085192,39434964.000000,0.875667,0,1
58,66,71,54,63,51,50,47,
555.000000,226.000000,0.087576,197341872.000000,0.298167,0,1
182,219,214,193,168,144,125,115,
558.000000,226.000000,0.087422,177979584.000000,0.301649,0,1
183,200,165,153,137,132,126,120,
630.000000,226.000000,0.091305,27278860.000000,0.230221,0,1
97,141,118,68,81,81,43,59,
273.000000,227.000000,0.083668,6888851.000000,0.791297,0,1
32,33,33,33,38,49,38,40,
313.000000,227.000000,0.081944,9136994.000000,1.187153,0,1
43,49,50,41,41,42,37,36,
319.000000,227.000000,0.082680,11589809.000000,1.150278,0,1
48,51,51,41,42,42,38,38,
659.000000,227.000000,0.091147,203146128.000000,0.450087,0,1
27,66,29,127,72,32,122,66,
392.000000,228.000000,0.088185,27231622.000000,1.843274,0,1
62,62,60,68,71,77,85,67,
404.000000,228.000000,0.087095,47529936.000000,1.667927,0,1
91,93,93,74,70,70,64,55,
405.000000,228.000000,0.086659,50937044.000000,1.654415,0,1
95,95,89,73,70,70,62,54,
699.000000,229.000000,0.097809,1413901440.000000,0.553370,0,1
40,48,62,38,98,120,57,68,
515.000000,230.000000,0.093764,26292874.000000,1.334410,0,1
105,110,111,104,104,106,92,87,
539.000000,230.000000,0.091050,189008192.000000,0.290955,0,1
136,153,156,149,137,119,109,97,
250.000000,231.000000,0.085055,4707863.000000,0.921094,0,1
34,32,33,30,31,31,24,23,
252.000000,231.000000,0.085139,14644675.000000,0.911102,0,1
34,33,36,31,31,37,21,23,
341.000000,231.000000,0.092193,16540015.000000,1.073116,0,1
43,42,48,41,61,77,69,62,
112.000000,232.000000,0.038377,939990.750000,0.144658,0,1
23,24,24,26,25,24,28,30,
379.000000,232.000000,0.090322,28588984.000000,2.048972,0,1
56,71,59,70,63,55,57,53,
266.000000,233.000000,0.090254,14021511.000000,0.880518,0,1
30,31,30,42,37,33,46,39,
332.000000,233.000000,0.094739,10167959.000000,1.155973,0,1
35,33,35,35,37,42,41,71,
375.000000,233.000000,0.090772,41238816.000000,2.111179,0,1
65,75,71,63,58,57,52,51,
529.000000,233.000000,0.093552,113224296.000000,0.287484,0,1
126,133,135,118,112,102,92,84,
108.000000,234.000000,0.085287,904295.500000,0.248471,0,1
25,28,29,30,32,32,38,40,
204.000000,234.000000,0.089360,687436.312500,0.175351,0,1
23,23,22,23,22,21,22,17,
260.000000,234.000000,0.085560,12278811.000000,0.877522,0,1
40,42,46,31,38,43,31,30,
333.000000,234.000000,0.093656,15703891.000000,1.155995,0,1
35,37,42,41,58,66,71,58,
372.000000,234.000000,0.090408,62308288.000000,2.155019,0,1
68,66,63,55,54,52,47,48,
387.000000,234.000000,0.089999,48041620.000000,1.935076,0,1
57,57,58,53,52,51,47,46,
527.000000,234.000000,0.095140,116969072.000000,1.244862,0,1
127,120,115,103,97,89,87,78,
572.000000,234.000000,0.099273,39781600.000000,0.883015,0,1
113,110,114,105,107,110,99,97,
701.000000,234.000000,0.100034,328876640.000000,0.571276,0,1
117,60,106,29,46,65,53,95,
702.000000,234.000000,0.100026,201142432.000000,0.572864,0,1
138,86,118,36,57,71,50,91,
351.000000,235.000000,0.095114,20699888.000000,1.023806,0,1
40,40,45,45,51,56,60,64,
365.000000,235.000000,0.092075,22898636.000000,2.286076,0,1
54,62,59,57,50,48,50,47,
384.000000,235.000000,0.090626,38618352.000000,1.986383,0,1
58,54,53,46,47,47,39,40,
513.000000,235.000000,0.096010,115265672.000000,0.774133,0,1
86,84,95,102,109,121,123,111,
269.000000,236.000000,0.091566,11699611.000000,0.896680,0,1
45,47,47,33,34,40,29,26,
504.000000,237.000000,0.099643,92582320.000000,0.268708,0,1
77,84,87,103,109,109,137,121,
279.000000,238.000000,0.093930,14254995.000000,0.851319,0,1
41,49,46,32,38,41,27,26,
289.000000,238.000000,0.096071,13885831.000000,1.554991,0,1
28,28,27,38,33,27,41,36,
319.000000,239.000000,0.094959,25979424.000000,1.288519,0,1
33,32,41,31,46,64,38,40,
343.000000,239.000000,0.096448,39487448.000000,1.098785,0,1
50,66,65,59,51,43,38,35,
499.000000,239.000000,0.099075,61033476.000000,0.270281,0,1
86,97,121,107,127,145,121,91,
677.000000,239.000000,0.106234,104442056.000000,0.319568,0,1
177,197,177,183,163,145,154,145,
665.000000,240.000000,0.104409,98617040.000000,0.302147,0,1
133,140,153,145,163,183,164,174,
490.000000,241.000000,0.102085,91010824.000000,1.716399,0,1
66,70,74,88,101,104,111,94,
592.000000,241.000000,0.104304,43188464.000000,0.813260,0,1
114,107,105,94,93,90,88,84,
671.000000,241.000000,0.108204,80944272.000000,0.320433,0,1
190,194,192,179,168,154,145,134,
297.000000,242.000000,0.106918,7792881.000000,1.645211,0,1
33,36,33,26,29,32,21,21,
312.000000,242.000000,0.102758,23806758.000000,1.401143,0,1
27,26,26,28,30,32,38,44,
483.000000,242.000000,0.103215,80029936.000000,1.834600,0,1
69,67,70,68,78,86,90,100,
301.000000,243.000000,0.098191,3437556.000000,0.147976,0,1
28,33,32,24,28,32,22,21,
666.000000,243.000000,0.110588,89801808.000000,0.323506,0,1
176,174,169,165,153,140,136,115,
314.000000,244.000000,0.104167,40020432.000000,1.398082,0,1
32,40,30,44,35,28,39,37,
476.000000,244.000000,0.105215,41447456.000000,1.968323,0,1
63,64,67,53,65,84,74,77,
485.000000,244.000000,0.104088,69485600.000000,1.823719,0,1
86,106,110,100,100,91,69,59,
486.000000,244.000000,0.103849,67054664.000000,1.804927,0,1
87,111,110,101,95,86,67,60,
499.000000,245.000000,0.102993,68957320.000000,1.643954,0,1
77,74,78,65,71,77,57,55,
323.000000,246.000000,0.103532,45497012.000000,1.341321,0,1
31,31,30,46,41,34,55,56,
660.000000,246.000000,0.113071,138366992.000000,0.325986,0,1
175,174,163,164,145,125,120,109,
327.000000,247.000000,0.106340,40928928.000000,1.308490,0,1
32,32,32,62,50,35,59,48,
693.000000,248.000000,0.119502,52493140.000000,0.650325,0,1
136,136,131,114,119,116,108,106,
335.000000,249.000000,0.106151,13563780.000000,1.273453,0,1
30,32,31,43,38,33,44,41,
457.000000,249.000000,0.109151,21397012.000000,2.308041,0,1
46,43,46,44,52,61,59,58,
467.000000,249.000000,0.108192,55219284.000000,2.140485,0,1
77,78,77,70,64,57,55,53,
448.000000,250.000000,0.109914,9057787.000000,1.429152,0,1
41,40,41,39,40,43,42,54,
640.000000,250.000000,0.114938,163699680.000000,0.681204,0,1
90,90,96,88,100,113,103,113,
345.000000,251.000000,0.113634,13407044.000000,2.934072,0,1
32,31,31,38,35,33,46,49,
637.000000,251.000000,0.116015,130359192.000000,0.696593,0,1
87,82,88,81,89,103,99,102,
320.000000,252.000000,0.089877,3575767.750000,1.111383,0,1
27,27,27,26,26,27,25,26,
332.000000,252.000000,0.105676,21446914.000000,1.277054,0,1
46,36,42,26,31,32,28,30,
537.000000,252.000000,0.111649,35337652.000000,1.316324,0,1
77,71,76,61,66,74,56,54,
648.000000,252.000000,0.118117,162123696.000000,0.674942,0,1
119,109,101,102,92,88,86,82,
341.000000,253.000000,0.108469,23814768.000000,1.227106,0,1
44,47,47,38,43,45,32,31,
345.000000,254.000000,0.109797,20963300.000000,1.207360,0,1
45,49,47,37,42,44,32,31,
355.000000,254.000000,0.113320,18320290.000000,2.777112,0,1
33,35,34,48,44,38,48,46,
445.000000,254.000000,0.112024,23581658.000000,2.547627,0,1
47,53,54,51,49,46,39,38,
125.000000,255.000000,0.103569,2403975.750000,0.322474,0,1
28,29,29,27,25,26,18,20,
629.000000,255.000000,0.120664,122517344.000000,0.760366,0,1
78,74,78,82,88,91,95,96,
438.000000,256.000000,0.114012,26321090.000000,2.729398,0,1
57,67,61,64,56,46,45,39,
567.000000,257.000000,0.118972,31787392.000000,1.098294,0,1
62,67,67,66,60,60,56,55,
430.000000,258.000000,0.116136,30672350.000000,2.897937,0,1
57,63,62,62,54,45,45,41,
631.000000,258.000000,0.124085,196722704.000000,0.776672,0,1
101,98,95,96,85,75,76,62,
363.000000,259.000000,0.114404,28580960.000000,2.649679,0,1
48,46,50,35,37,42,33,34,
377.000000,259.000000,0.119883,17134588.000000,2.465976,0,1
35,36,36,44,41,39,51,53,
378.000000,259.000000,0.119513,16843622.000000,2.458135,0,1
36,36,37,42,40,38,50,53,
417.000000,259.000000,0.120727,28503398.000000,3.223591,0,1
41,41,43,44,51,58,57,58,
559.000000,259.000000,0.118505,43856988.000000,1.184173,0,1
67,67,69,62,64,65,52,51,
410.000000,260.000000,0.123002,17938982.000000,3.410547,0,1
41,41,40,40,42,46,49,60,
619.000000,260.000000,0.125145,104281600.000000,0.836737,0,1
66,68,73,75,81,86,87,88,
419.000000,261.000000,0.120415,28335954.000000,3.204882,0,1
58,61,59,58,51,45,42,39,
512.000000,261.000000,0.119022,26386196.000000,1.659138,0,1
58,53,60,50,52,55,44,43,
513.000000,261.000000,0.119661,33557488.000000,1.651306,0,1
59,58,60,50,53,56,44,44,
529.000000,261.000000,0.117654,31069820.000000,1.465770,0,1
60,58,57,52,52,53,46,43,
626.000000,261.000000,0.126260,232279200.000000,0.819214,0,1
92,88,79,86,72,61,67,59,
377.000000,262.000000,0.118785,39555900.000000,2.470899,0,1
50,51,53,38,44,48,32,31,
485.000000,262.000000,0.123591,15894334.000000,2.032617,0,1
47,49,48,59,59,56,63,55,
379.000000,263.000000,0.118634,33088658.000000,2.440737,0,1
52,46,49,33,39,43,32,34,
411.000000,263.000000,0.120781,23129624.000000,3.389718,0,1
55,60,57,57,50,41,42,40,
496.000000,263.000000,0.118619,18428618.000000,1.863165,0,1
57,55,58,50,51,56,46,44,
490.000000,264.000000,0.122466,13419206.000000,1.968902,0,1
58,58,55,54,49,46,49,45,
603.000000,265.000000,0.131486,109297816.000000,0.967650,0,1
54,54,57,57,61,71,71,81,
535.000000,266.000000,0.124127,16844732.000000,1.459828,0,1
51,51,52,44,46,46,40,40,
542.000000,266.000000,0.124685,22767430.000000,1.398177,0,1
59,55,56,48,49,49,44,43,
398.000000,267.000000,0.124406,27284038.000000,2.215482,0,1
53,51,54,40,44,50,38,37,
612.000000,267.000000,0.131084,169695904.000000,0.928147,0,1
85,80,72,76,65,57,65,60,
596.000000,269.000000,0.135538,114799944.000000,1.045696,0,1
55,57,68,48,63,79,53,66,
470.000000,270.000000,0.118849,42127144.000000,2.283021,0,1
43,50,45,56,52,47,58,53,
478.000000,270.000000,0.115224,29825938.000000,2.129943,0,1
48,45,48,38,40,45,37,37,
593.000000,271.000000,0.136726,54665592.000000,1.077804,0,1
48,44,46,63,61,59,73,74,
601.000000,271.000000,0.135318,149752304.000000,1.025070,0,1
83,82,79,77,70,65,60,49,
603.000000,271.000000,0.134457,169492160.000000,1.010857,0,1
80,79,72,70,65,61,55,49,
421.000000,272.000000,0.131575,13074963.000000,3.294559,0,1
50,54,52,45,49,51,38,35,
431.000000,272.000000,0.133546,11907669.000000,3.072979,0,1
36,40,37,50,48,42,54,54,
616.000000,272.000000,0.128771,14043051.000000,0.935212,0,1
60,59,57,50,52,52,49,47,
444.000000,274.000000,0.135062,9624895.000000,0.782333,0,1
28,31,26,41,33,28,46,46,
583.000000,274.000000,0.140218,107790536.000000,1.174765,0,1
47,46,53,49,60,70,64,71,
432.000000,275.000000,0.129018,11436945.000000,3.028636,0,1
56,54,56,40,46,49,37,37,
575.000000,277.000000,0.143534,89356120.000000,1.258746,0,1
42,44,47,47,53,60,59,68,
457.000000,278.000000,0.122619,17396448.000000,2.572422,0,1
29,33,33,38,42,43,42,41,
660.000000,278.000000,0.131264,3401386.250000,0.838507,0,1
56,59,58,51,54,55,47,46,
448.000000,279.000000,0.125636,19959864.000000,2.717057,0,1
41,36,37,27,29,32,24,23,
585.000000,279.000000,0.141253,131250984.000000,1.189311,0,1
65,63,51,57,50,44,45,42,
428.000000,280.000000,0.134982,14272887.000000,3.191472,0,1
38,51,36,57,52,35,44,37,
581.000000,280.000000,0.143064,131065496.000000,1.230349,0,1
69,67,62,64,56,47,48,41,
458.000000,281.000000,0.150897,22536942.000000,0.806717,0,1
50,41,53,28,36,49,24,23,
575.000000,282.000000,0.145218,105481096.000000,1.294397,0,1
69,65,65,61,57,50,49,39,
467.000000,283.000000,0.142544,111148928.000000,2.550920,0,1
79,72,78,47,56,67,38,33,
468.000000,283.000000,0.142838,109158704.000000,2.534683,0,1
85,74,81,53,61,68,38,32,
479.000000,284.000000,0.145379,71439832.000000,2.375714,0,1
49,67,57,70,66,59,56,38,
486.000000,287.000000,0.150249,20562786.000000,2.322463,0,1
64,63,71,40,53,63,31,32,
500.000000,287.000000,0.151937,36529516.000000,2.124238,0,1
34,38,34,59,48,37,61,60,
504.000000,287.000000,0.154626,22167816.000000,2.081661,0,1
38,35,37,37,35,35,55,61,
485.000000,288.000000,0.145349,34602600.000000,2.309437,0,1
63,40,53,28,31,38,30,31,
488.000000,288.000000,0.147984,50381892.000000,2.284614,0,1
68,61,62,34,44,53,33,33,
504.000000,288.000000,0.154082,30293962.000000,2.081315,0,1
37,35,36,57,51,42,61,61,
497.000000,290.000000,0.150132,80190160.000000,2.174110,0,1
62,58,60,37,43,51,37,38,
523.000000,292.000000,0.159475,30956900.000000,1.900935,0,1
35,36,35,48,43,39,55,56,
553.000000,292.000000,0.154342,88032080.000000,1.570022,0,1
64,58,52,51,43,38,36,29,
653.000000,292.000000,0.159931,10162431.000000,0.996675,0,1
43,43,42,50,50,51,58,56,
657.000000,292.000000,0.148914,5244295.500000,0.973870,0,1
41,41,41,51,47,42,57,58,
548.000000,293.000000,0.155439,60592320.000000,1.628858,0,1
64,62,60,58,55,45,47,36,
534.000000,294.000000,0.162486,36752760.000000,1.804550,0,1
33,32,35,42,39,48,52,55,
521.000000,296.000000,0.154031,42382904.000000,1.928144,0,1
54,48,49,35,38,40,31,31,
528.000000,297.000000,0.155574,30665700.000000,1.862390,0,1
51,49,49,35,41,45,32,32,
678.000000,297.000000,0.163105,3029138.750000,0.982314,0,1
46,47,47,50,51,50,60,56,
601.000000,238.000000,0.101649,80978272.000000,0.472708,0,1
114,106,108,96,101,104,87,89,
601.000000,225.000000,0.084099,81026392.000000,0.346314,0,1
51,41,32,76,63,53,107,115,
698.000000,216.000000,0.096145,16387688.000000,0.302595,0,1
29,35,31,137,120,106,221,173,
593.000000,207.000000,0.084834,431624160.000000,0.301057,0,1
53,36,90,55,59,103,134,190,
565.000000,207.000000,0.080230,427966176.000000,0.276764,0,1
119,167,221,136,167,201,69,41,
525.000000,204.000000,0.079479,222779936.000000,0.224102,0,1
56,151,68,117,94,48,49,34,
224.000000,202.000000,0.057911,1414454.875000,0.101316,0,1
10,12,14,19,23,27,30,34,
468.000000,199.000000,0.069564,117125080.000000,0.135905,0,1
75,102,92,129,102,104,71,44,
423.000000,196.000000,0.063893,35584020.000000,0.096288,0,1
153,223,209,144,173,187,57,46,
562.000000,116.000000,0.078772,289387744.000000,0.142946,0,1
33,85,44,208,130,41,233,110,
420.000000,194.000000,0.059162,83736544.000000,0.375775,0,1
43,39,89,56,85,147,160,127,
592.000000,192.000000,0.081776,1395456640.000000,0.277999,0,1
231,212,187,191,122,69,115,60,
508.000000,186.000000,0.072971,754381632.000000,0.554584,0,1
83,213,73,203,129,32,72,35,
468.000000,128.000000,0.066894,172971312.000000,0.181002,0,1
253,198,255,37,174,234,33,30,
496.000000,128.000000,0.071283,239319984.000000,0.579555,0,1
255,210,242,76,125,223,36,30,
553.000000,129.000000,0.079923,789827200.000000,0.253522,0,1
203,139,245,65,153,181,68,38,
513.000000,177.000000,0.072685,156154304.000000,0.184296,0,1
252,153,218,50,94,78,30,24,
522.000000,130.000000,0.078961,209623072.000000,0.118996,0,1
255,208,253,52,135,240,39,36,
522.000000,176.000000,0.076330,194543440.000000,0.204732,0,1
22,28,25,57,71,32,201,236,
512.000000,134.000000,0.078970,269669600.000000,0.503539,0,1
39,80,45,158,118,74,237,255,
565.000000,170.000000,0.082116,436447616.000000,0.215647,0,1
23,26,85,30,98,185,140,218,
467.000000,135.000000,0.070024,73120344.000000,0.181306,0,1
29,47,42,107,134,60,248,255,
662.000000,162.000000,0.086547,2716381.500000,0.438103,0,1
234,114,116,35,38,38,26,24,
82.000000,162.000000,0.035276,226483680.000000,0.114883,0,1
195,133,120,102,95,62,75,43,
117.000000,141.000000,0.043346,96584232.000000,0.121777,0,1
36,58,37,70,42,28,40,21,
564.000000,141.000000,0.079518,253508384.000000,0.144286,0,1
207,157,244,38,141,241,34,29,
71.000000,143.000000,0.036945,99121632.000000,0.098835,0,1
26,29,34,34,45,62,49,75,
619.000000,158.000000,0.086985,328950240.000000,0.373708,0,1
254,197,243,49,108,222,54,89,
90.000000,156.000000,0.035983,379358464.000000,0.112658,0,1
250,246,183,218,165,94,109,50,
97.000000,151.000000,0.034965,400087264.000000,0.085035,0,1
218,216,154,214,138,61,129,56,
104.000000,147.000000,0.039663,814735488.000000,0.117163,0,1
205,216,128,219,140,58,151,65,
99.000000,153.000000,0.035906,134077120.000000,0.086768,0,1
61,55,36,56,35,25,32,26,
505.000000,225.000000,0.079877,62119312.000000,0.201975,0,1
125,148,117,165,136,104,148,133,
498.000000,225.000000,0.081803,74200448.000000,0.207545,0,1
110,119,135,117,145,166,122,125,
548.000000,216.000000,0.078008,565988992.000000,0.454700,0,1
52,32,116,22,90,130,61,111,
521.000000,215.000000,0.075759,385393024.000000,0.211541,0,1
49,29,100,21,52,118,24,39,
498.000000,212.000000,0.075177,197866976.000000,0.183884,0,1
94,69,129,28,109,157,43,40,
531.000000,209.000000,0.079159,211075120.000000,0.512283,0,1
62,83,41,78,60,28,71,43,
566.000000,202.000000,0.081464,1199164928.000000,0.281461,0,1
50,32,121,29,69,193,42,112,
377.000000,202.000000,0.056916,88577856.000000,0.543876,0,1
26,32,33,68,61,57,82,80,
560.000000,157.000000,0.079798,1178977536.000000,0.260962,0,1
139,235,110,250,133,47,152,100,
484.000000,198.000000,0.069407,855969920.000000,0.714078,0,1
65,46,128,46,101,181,130,202,
535.000000,197.000000,0.076816,848475264.000000,0.225524,0,1
51,46,150,39,135,225,103,189,
504.000000,195.000000,0.071745,904308608.000000,0.592311,0,1
123,200,61,206,92,42,102,49,
479.000000,158.000000,0.067946,226492960.000000,0.135471,0,1
238,254,89,255,155,54,168,66,
471.000000,194.000000,0.068562,395096288.000000,0.223907,0,1
37,104,37,173,116,32,185,160,
132.000000,144.000000,0.045454,52218824.000000,0.118928,0,1
90,93,74,86,74,66,76,67,
370.000000,190.000000,0.055341,68941904.000000,0.252188,0,1
43,35,77,40,70,105,133,124,
543.000000,118.000000,0.078726,384771648.000000,0.238425,0,1
36,41,130,37,152,255,100,249,
224.000000,190.000000,0.038239,31979124.000000,0.064169,0,1
53,42,69,32,43,50,29,25,
516.000000,123.000000,0.078379,141744368.000000,0.203818,0,1
32,31,55,30,127,194,111,253,
480.000000,124.000000,0.066772,214192272.000000,0.135669,0,1
245,255,119,254,118,38,121,42,
494.000000,159.000000,0.072948,304892480.000000,0.162508,0,1
179,112,252,89,177,220,60,32,
431.000000,181.000000,0.064345,124960512.000000,0.096969,0,1
124,48,69,45,98,110,98,173,
413.000000,180.000000,0.060726,1243808768.000000,1.190132,0,1
65,44,52,75,117,136,119,140,
491.000000,126.000000,0.072979,742677632.000000,0.621971,0,1
233,135,253,63,158,246,60,51,
566.000000,128.000000,0.080469,1162322560.000000,0.272371,0,1
199,106,251,41,180,255,64,87,
537.000000,179.000000,0.076903,137387648.000000,0.161243,0,1
252,182,254,40,182,255,39,35,
496.000000,178.000000,0.072587,472907488.000000,0.165919,0,1
61,44,173,44,155,250,108,238,
567.000000,130.000000,0.080480,798431040.000000,0.273501,0,1
251,141,255,43,170,255,60,108,
465.000000,177.000000,0.068348,411323712.000000,0.210045,0,1
148,243,73,221,179,34,153,39,
530.000000,141.000000,0.076436,447815392.000000,0.212808,0,1
169,107,227,55,129,205,55,53,
534.000000,169.000000,0.077196,475262528.000000,0.220674,0,1
28,32,110,27,117,232,81,222,
548.000000,135.000000,0.074696,549976832.000000,0.161621,0,1
49,165,42,249,136,31,241,142,
493.000000,136.000000,0.075068,86269280.000000,0.166928,0,1
32,58,95,134,194,229,230,252,
495.000000,168.000000,0.071194,1007433792.000000,0.599810,0,1
28,88,33,212,110,28,207,88,
77.000000,166.000000,0.035029,545194880.000000,0.115367,0,1
180,182,128,160,134,81,126,88,
481.000000,137.000000,0.072703,159405856.000000,0.109565,0,1
37,49,142,39,192,245,143,246,
504.000000,137.000000,0.074058,177324640.000000,0.111607,0,1
28,29,54,33,117,215,120,233,
