# timestamp
1608635305697218816

# fx, fy, cx, cy, width, height, npoints
501.494415,501.474884,421.770782,167.671310,800,400,429

# camToWorld: translation vector, rotation quaternion
-34.890684,44.273508,1.825370,0.060778,-0.778190,0.622213,-0.059811

# Exposure time (ms)
11.267072

# Point Cloud Data : 
# u,v,idepth_scaled,idepth_hessian,maxRelBaseline,numGoodRes,status 
# color information 
721.000000,66.000000,0.211846,1348449152.000000,1.129694,0,1
83,128,55,157,101,44,147,124,
661.000000,79.000000,0.171553,764748736.000000,0.788319,0,1
41,70,41,106,72,29,138,83,
743.000000,110.000000,0.225977,2196151552.000000,1.557382,0,1
183,199,120,223,153,77,182,142,
698.000000,34.000000,0.280046,17486280.000000,2.033861,0,1
13,16,13,20,16,19,23,29,
730.000000,40.000000,0.221515,1104816768.000000,0.649826,0,1
137,206,83,250,142,47,194,124,
744.000000,45.000000,0.226694,8075870.500000,1.284260,0,1
28,39,39,30,28,22,13,13,
730.000000,50.000000,0.219390,317202656.000000,0.639136,0,1
76,111,34,120,35,16,31,14,
726.000000,51.000000,0.215562,107901200.000000,0.435546,0,1
242,218,174,194,119,53,73,27,
709.000000,60.000000,0.203558,1879148032.000000,1.356834,0,1
140,44,126,21,46,131,20,20,
710.000000,60.000000,0.202703,634868096.000000,0.778801,0,1
167,84,159,25,89,166,26,36,
716.000000,85.000000,0.207378,452892704.000000,1.378571,0,1
146,133,150,71,118,65,44,23,
729.000000,93.000000,0.221499,1746982656.000000,1.993570,0,1
54,39,74,28,57,82,41,61,
196.000000,268.000000,0.144702,1315916.625000,0.540469,0,1
16,17,17,15,16,17,14,11,
133.000000,110.000000,0.051791,277777568.000000,0.162129,0,1
206,148,202,83,168,215,77,62,
597.000000,48.000000,0.264323,3173954.500000,1.332567,0,1
8,8,8,12,13,13,19,20,
610.000000,48.000000,0.266510,4074550.500000,1.416109,0,1
9,10,10,15,16,15,22,24,
535.000000,49.000000,0.258415,4462014.500000,0.961745,0,1
7,8,8,11,11,12,18,19,
542.000000,49.000000,0.259671,4702782.000000,1.003569,0,1
7,8,8,12,12,11,19,19,
552.000000,49.000000,0.261685,3443451.000000,1.059770,0,1
7,8,8,11,12,12,17,18,
565.000000,49.000000,0.261564,2270567.000000,1.134255,0,1
7,8,8,13,13,14,18,16,
573.000000,49.000000,0.262728,3127479.500000,1.183130,0,1
7,10,10,15,15,16,19,16,
583.000000,49.000000,0.263022,2851291.250000,1.243659,0,1
8,10,10,16,18,18,21,15,
708.000000,58.000000,0.200857,687702976.000000,0.833058,0,1
198,125,195,44,98,167,29,25,
686.000000,64.000000,0.186779,132476688.000000,0.671157,0,1
23,28,38,38,84,60,116,161,
690.000000,69.000000,0.189405,1537665536.000000,0.948676,0,1
57,103,36,163,66,24,109,63,
688.000000,76.000000,0.188520,1208980480.000000,0.706748,0,1
132,161,75,191,127,40,156,114,
700.000000,78.000000,0.197751,105360688.000000,0.783176,0,1
15,21,19,40,31,21,63,58,
221.000000,84.000000,0.162856,60027284.000000,0.654930,0,1
60,84,82,178,182,193,255,255,
649.000000,84.000000,0.161320,1820373504.000000,0.934127,0,1
57,30,112,25,56,166,27,54,
506.000000,90.000000,0.057236,169853600.000000,0.088163,0,1
43,41,160,48,178,117,76,199,
699.000000,90.000000,0.193597,1048352320.000000,1.251048,0,1
87,110,49,108,69,27,79,37,
700.000000,90.000000,0.193394,1059068928.000000,1.254606,0,1
55,81,30,102,41,21,52,27,
565.000000,96.000000,0.102777,123853456.000000,0.156788,0,1
37,103,70,193,204,64,253,255,
143.000000,130.000000,0.054330,2394170368.000000,0.525481,0,1
73,83,118,110,176,190,170,165,
40.000000,141.000000,0.048887,107902576.000000,0.298016,0,1
77,83,63,64,51,34,35,21,
210.000000,148.000000,0.047633,346234560.000000,0.252466,0,1
255,251,255,188,255,255,237,255,
430.000000,170.000000,0.140421,640849.625000,0.105578,0,1
95,85,110,58,86,83,67,71,
470.000000,170.000000,0.088292,3365039.750000,0.133062,0,1
128,99,91,78,85,72,79,76,
390.000000,171.000000,0.116209,7199847.000000,0.175135,0,1
73,66,65,70,92,76,109,66,
259.000000,190.000000,0.099650,41314464.000000,0.175758,0,1
168,152,169,128,120,150,94,125,
260.000000,190.000000,0.097853,36017548.000000,0.250041,0,1
168,160,171,118,139,149,101,134,
228.000000,199.000000,0.101197,31020832.000000,0.211865,0,1
74,58,86,47,75,81,66,80,
551.000000,238.000000,0.132519,3818431.750000,0.310382,0,1
59,57,65,61,71,69,74,79,
518.000000,50.000000,0.260928,11871146.000000,0.878685,0,1
8,9,9,15,16,16,18,14,
520.000000,50.000000,0.260748,11584839.000000,0.887629,0,1
8,9,10,16,16,16,19,13,
567.000000,51.000000,0.249032,5867660.000000,1.131297,0,1
14,19,20,16,17,17,10,10,
577.000000,51.000000,0.248800,8105054.000000,1.207611,0,1
17,20,20,15,15,17,10,9,
589.000000,51.000000,0.246928,12669688.000000,1.254882,0,1
18,19,19,12,13,17,8,8,
292.000000,52.000000,0.241301,8117009.500000,1.118219,0,1
15,15,15,16,15,16,17,22,
320.000000,52.000000,0.211003,891909.000000,0.384961,0,1
14,15,14,15,15,15,19,23,
541.000000,52.000000,0.246307,18116270.000000,1.337595,0,1
19,19,19,13,12,12,10,10,
310.000000,53.000000,0.246762,7022510.500000,1.040251,0,1
14,15,15,18,18,18,23,23,
604.000000,53.000000,0.164854,89935584.000000,1.160098,0,1
33,36,30,35,29,22,38,33,
273.000000,54.000000,0.247960,4029294.000000,1.301660,0,1
17,18,18,22,23,23,27,23,
596.000000,58.000000,0.161578,14673530.000000,1.108903,0,1
14,18,18,22,23,24,26,33,
591.000000,61.000000,0.167323,67043840.000000,1.071369,0,1
22,16,26,12,26,28,21,30,
670.000000,63.000000,0.173510,1852578560.000000,0.959280,0,1
141,109,161,75,106,172,59,63,
589.000000,69.000000,0.166696,218669296.000000,1.040636,0,1
15,9,27,9,16,35,10,19,
590.000000,70.000000,0.166365,241532752.000000,0.884950,0,1
27,16,35,10,30,36,19,33,
656.000000,72.000000,0.164962,496658304.000000,0.534702,0,1
58,100,64,134,115,56,155,147,
579.000000,74.000000,0.168417,65308984.000000,0.845639,0,1
14,19,20,33,36,38,46,49,
583.000000,74.000000,0.168666,84543960.000000,0.865810,0,1
12,22,24,38,42,44,50,54,
196.000000,76.000000,0.090805,57074032.000000,1.046995,0,1
23,24,25,24,25,25,26,27,
616.000000,76.000000,0.163012,52146892.000000,1.166432,0,1
11,11,11,18,18,16,36,18,
216.000000,78.000000,0.111141,14473558.000000,1.074828,0,1
34,36,35,38,38,38,41,45,
396.000000,78.000000,0.173354,2504041.250000,0.377723,0,1
15,18,18,21,22,21,22,27,
402.000000,78.000000,0.172281,2363850.500000,0.357721,0,1
14,17,17,21,20,19,23,25,
484.000000,78.000000,0.151134,33663416.000000,0.366188,0,1
20,21,27,29,28,30,28,40,
600.000000,78.000000,0.164416,13762089.000000,1.077522,0,1
34,42,41,31,31,30,22,22,
225.000000,79.000000,0.119844,39101880.000000,1.123449,0,1
39,40,41,43,44,44,48,52,
247.000000,79.000000,0.146913,112182856.000000,1.047755,0,1
41,43,44,46,47,48,50,55,
278.000000,79.000000,0.156483,53318156.000000,0.905718,0,1
45,48,47,52,52,52,58,63,
286.000000,79.000000,0.156439,47225064.000000,0.860058,0,1
44,47,47,52,52,51,57,62,
299.000000,79.000000,0.157842,45125072.000000,0.790625,0,1
41,45,44,51,51,50,55,62,
308.000000,79.000000,0.156179,51823080.000000,0.506080,0,1
39,43,43,49,50,48,55,62,
313.000000,79.000000,0.153117,29238676.000000,0.483472,0,1
38,42,42,48,48,47,55,62,
322.000000,79.000000,0.153187,7017357.500000,0.458436,0,1
38,42,41,47,47,46,53,56,
331.000000,79.000000,0.157852,66394612.000000,0.435794,0,1
39,43,42,49,50,49,55,66,
343.000000,79.000000,0.160207,58658320.000000,0.346028,0,1
37,42,41,48,48,47,53,63,
367.000000,79.000000,0.160356,19780344.000000,0.322242,0,1
24,28,28,32,31,31,36,54,
421.000000,79.000000,0.154769,25897770.000000,0.315714,0,1
17,20,21,23,23,24,27,75,
258.000000,83.000000,0.162176,171024608.000000,0.514383,0,1
58,67,69,102,111,112,230,255,
260.000000,83.000000,0.162524,220545920.000000,0.537182,0,1
59,69,70,111,112,123,227,255,
279.000000,83.000000,0.164083,178392688.000000,0.482080,0,1
62,80,81,143,147,147,243,255,
288.000000,83.000000,0.164021,153254320.000000,0.432028,0,1
62,75,74,127,132,132,255,255,
292.000000,83.000000,0.163893,163740208.000000,0.419695,0,1
62,73,73,132,140,150,252,255,
300.000000,83.000000,0.163003,185485744.000000,0.419955,0,1
62,77,79,172,165,173,242,255,
310.000000,83.000000,0.161796,164797952.000000,0.389097,0,1
61,84,87,171,177,181,242,255,
327.000000,83.000000,0.156039,111053432.000000,0.233312,0,1
62,81,103,134,174,207,241,255,
247.000000,84.000000,0.152951,319002016.000000,0.554816,0,1
61,75,80,125,138,158,240,255,
453.000000,84.000000,0.048211,106640648.000000,0.050492,0,1
36,104,46,250,169,43,255,246,
465.000000,84.000000,0.045516,182911744.000000,0.070568,0,1
214,87,252,36,128,254,48,165,
503.000000,84.000000,0.057599,659836416.000000,0.128873,0,1
120,54,200,27,114,99,37,46,
188.000000,85.000000,0.048305,550734976.000000,0.176096,0,1
39,65,68,95,171,133,229,255,
79.000000,87.000000,0.052698,164462144.000000,0.350227,0,1
15,21,26,21,29,48,26,26,
126.000000,87.000000,0.047811,2126304640.000000,0.271597,0,1
44,56,114,67,140,221,123,226,
436.000000,87.000000,0.046583,122616920.000000,0.070330,0,1
204,255,98,239,169,33,93,90,
171.000000,89.000000,0.047474,357574336.000000,0.228181,0,1
46,64,92,114,166,197,219,255,
529.000000,89.000000,0.075311,880127808.000000,0.212819,0,1
132,69,207,50,156,156,82,130,
100.000000,90.000000,0.046300,2798068992.000000,0.284985,0,1
119,211,80,211,124,118,92,32,
534.000000,90.000000,0.079111,365561600.000000,0.176728,0,1
51,56,184,82,131,255,77,153,
646.000000,90.000000,0.179244,350412064.000000,0.557982,0,1
27,24,78,19,52,101,31,54,
70.000000,91.000000,0.048794,343708288.000000,0.329853,0,1
18,19,17,48,20,17,27,17,
379.000000,91.000000,0.051091,57473652.000000,0.076997,0,1
26,26,29,26,49,38,81,108,
387.000000,91.000000,0.046885,19907978.000000,0.032192,0,1
99,119,131,43,55,23,34,22,
84.000000,92.000000,0.054791,667905920.000000,0.360041,0,1
162,93,145,35,82,124,28,21,
482.000000,92.000000,0.045416,234630224.000000,0.078018,0,1
38,37,109,37,166,242,46,76,
612.000000,92.000000,0.160465,87275056.000000,1.114034,0,1
17,20,14,24,16,12,20,16,
677.000000,93.000000,0.178664,1639977344.000000,1.107809,0,1
117,74,140,27,93,115,25,20,
588.000000,94.000000,0.165028,487394304.000000,0.989067,0,1
28,17,45,16,31,49,20,36,
471.000000,95.000000,0.045808,47247552.000000,0.071392,0,1
45,34,72,33,45,68,35,46,
629.000000,97.000000,0.163336,322422080.000000,1.014999,0,1
71,77,99,24,32,62,19,18,
290.000000,98.000000,0.031221,3462832.750000,0.060982,0,1
255,255,255,255,255,246,255,255,
511.000000,98.000000,0.063767,720775488.000000,0.148396,0,1
138,231,57,138,132,88,195,80,
525.000000,99.000000,0.071642,1067075072.000000,0.190630,0,1
141,45,238,61,130,146,48,122,
548.000000,99.000000,0.088988,754925120.000000,0.292243,0,1
41,70,117,81,116,191,96,188,
575.000000,99.000000,0.106611,944641536.000000,0.433237,0,1
21,29,52,27,119,132,80,201,
668.000000,99.000000,0.171858,225099760.000000,1.036994,0,1
15,20,15,43,28,23,62,107,
192.000000,100.000000,0.046439,972863296.000000,0.268599,0,1
251,226,165,117,132,88,68,72,
443.000000,100.000000,0.063845,11469816.000000,0.143258,0,1
20,25,25,34,35,39,39,39,
610.000000,100.000000,0.160400,106217864.000000,1.094236,0,1
25,27,20,30,24,16,27,24,
59.000000,101.000000,0.055061,807447424.000000,0.388365,0,1
19,19,22,19,48,47,70,110,
127.000000,101.000000,0.046223,2751589120.000000,0.344578,0,1
77,165,87,254,130,79,198,64,
151.000000,101.000000,0.046535,670028928.000000,0.318712,0,1
255,214,231,86,165,132,70,59,
554.000000,101.000000,0.092475,1444156288.000000,0.318111,0,1
216,119,231,79,172,109,63,39,
517.000000,102.000000,0.066508,287683840.000000,0.162712,0,1
39,32,69,36,102,97,54,236,
162.000000,103.000000,0.045829,1915001344.000000,0.299389,0,1
243,255,135,255,223,67,248,200,
130.000000,105.000000,0.046397,1116776704.000000,0.341503,0,1
49,57,69,76,132,174,163,247,
483.000000,105.000000,0.046041,144748432.000000,0.075590,0,1
36,32,155,31,94,198,31,53,
635.000000,105.000000,0.168284,34340360.000000,1.086134,0,1
16,17,16,27,22,17,36,35,
74.000000,106.000000,0.060901,196902928.000000,0.519826,0,1
15,14,17,18,33,32,26,25,
181.000000,106.000000,0.046067,281323392.000000,0.276850,0,1
255,255,253,186,185,157,94,68,
201.000000,106.000000,0.046338,169064704.000000,0.261695,0,1
230,168,205,116,116,112,82,83,
563.000000,107.000000,0.099020,2256338944.000000,0.364831,0,1
203,63,253,42,119,227,38,77,
564.000000,110.000000,0.099355,1640357376.000000,0.367969,0,1
233,77,217,31,111,54,35,32,
162.000000,111.000000,0.046615,803794048.000000,0.303313,0,1
62,78,66,132,171,86,242,255,
192.000000,111.000000,0.045503,835810944.000000,0.266072,0,1
78,121,82,255,185,93,255,249,
205.000000,111.000000,0.047063,2412802816.000000,0.256000,0,1
123,111,212,95,181,254,124,170,
504.000000,112.000000,0.063503,299227136.000000,0.295481,0,1
50,45,51,49,63,90,84,86,
555.000000,112.000000,0.092887,1610123520.000000,0.318987,0,1
55,39,183,42,114,246,51,184,
587.000000,113.000000,0.163913,337008224.000000,0.820018,0,1
34,29,52,32,35,53,30,37,
472.000000,115.000000,0.053306,32850046.000000,0.165911,0,1
35,29,27,49,42,40,65,56,
542.000000,115.000000,0.083388,1308093952.000000,0.255020,0,1
213,228,90,48,168,62,86,44,
520.000000,118.000000,0.070993,414620224.000000,0.176268,0,1
55,67,130,182,103,64,230,187,
373.000000,119.000000,0.051933,140532800.000000,0.093343,0,1
83,101,36,186,86,34,215,133,
389.000000,119.000000,0.051472,109263496.000000,0.115698,0,1
24,24,30,24,32,97,26,40,
392.000000,119.000000,0.052920,42818196.000000,0.079754,0,1
28,36,28,64,54,30,154,122,
401.000000,119.000000,0.061048,6285976.000000,0.092003,0,1
27,27,27,33,33,32,96,124,
428.000000,119.000000,0.056314,18129868.000000,0.027235,0,1
35,46,38,100,93,39,237,248,
438.000000,119.000000,0.059568,17252470.000000,0.080226,0,1
38,55,52,127,133,121,255,255,
443.000000,119.000000,0.056795,30287662.000000,0.086139,0,1
38,52,105,123,136,251,235,255,
465.000000,119.000000,0.051963,144836192.000000,0.081781,0,1
35,98,42,188,117,67,240,156,
574.000000,119.000000,0.106198,3011341824.000000,0.423986,0,1
181,255,71,255,114,39,215,92,
389.000000,120.000000,0.052470,83706232.000000,0.079076,0,1
26,26,64,24,41,154,26,36,
469.000000,120.000000,0.047240,75424008.000000,0.061072,0,1
37,64,31,195,82,33,148,34,
390.000000,121.000000,0.052158,61323704.000000,0.078606,0,1
64,41,154,26,96,122,36,39,
429.000000,121.000000,0.057669,21936168.000000,0.028135,0,1
65,231,49,255,134,78,195,166,
486.000000,121.000000,0.060354,32559698.000000,0.065511,0,1
226,253,111,223,161,59,88,116,
444.000000,123.000000,0.048762,32423274.000000,0.073487,0,1
255,255,200,197,154,48,70,38,
450.000000,123.000000,0.050613,16005326.000000,0.077392,0,1
23,27,23,26,47,20,181,78,
470.000000,123.000000,0.047619,57175860.000000,0.062263,0,1
33,34,108,24,87,88,27,45,
432.000000,124.000000,0.045284,64109536.000000,0.068247,0,1
110,251,51,241,191,33,148,45,
549.000000,125.000000,0.089655,518193216.000000,0.291796,0,1
241,129,123,61,107,64,46,48,
199.000000,127.000000,0.047795,150934256.000000,0.268895,0,1
255,243,252,213,220,254,196,227,
570.000000,127.000000,0.103378,878595136.000000,0.399790,0,1
255,153,220,83,115,250,50,41,
149.000000,128.000000,0.056747,1935891712.000000,0.300997,0,1
183,102,160,115,160,223,205,220,
514.000000,128.000000,0.063231,417324736.000000,0.145582,0,1
44,125,40,212,76,36,165,51,
187.000000,129.000000,0.046244,177129984.000000,0.273375,0,1
254,239,250,230,208,251,187,183,
188.000000,130.000000,0.047339,567400320.000000,0.274307,0,1
250,208,251,187,213,253,183,197,
369.000000,130.000000,0.050556,26644484.000000,0.076191,0,1
136,151,142,126,136,117,108,94,
370.000000,130.000000,0.048983,34444088.000000,0.087560,0,1
131,153,126,134,128,95,106,91,
573.000000,130.000000,0.105828,1250153216.000000,0.419567,0,1
210,251,79,93,170,50,119,37,
136.000000,133.000000,0.056254,1886354432.000000,0.312965,0,1
81,97,178,56,145,142,46,38,
175.000000,133.000000,0.047796,111487688.000000,0.285436,0,1
255,238,250,203,222,224,185,176,
353.000000,133.000000,0.045695,185416352.000000,0.080174,0,1
221,247,187,255,204,167,235,213,
125.000000,135.000000,0.053865,556786816.000000,0.310078,0,1
41,68,39,72,49,29,40,28,
398.000000,135.000000,0.074227,161526.156250,0.157426,0,1
35,32,34,37,39,41,47,51,
547.000000,135.000000,0.087630,523598112.000000,0.280400,0,1
46,33,150,69,96,108,107,206,
50.000000,136.000000,0.053341,503438112.000000,0.692515,0,1
16,36,20,85,44,21,49,19,
65.000000,136.000000,0.049115,294199808.000000,0.193678,0,1
27,57,98,51,97,143,49,43,
109.000000,138.000000,0.060121,119157360.000000,0.650858,0,1
21,20,29,20,28,47,25,28,
551.000000,139.000000,0.091527,642988992.000000,0.304741,0,1
66,141,56,251,164,128,226,178,
64.000000,140.000000,0.054277,83728280.000000,0.679915,0,1
35,22,34,17,22,29,18,19,
70.000000,140.000000,0.048674,26508958.000000,0.329788,0,1
55,46,37,35,34,32,29,25,
95.000000,140.000000,0.060429,45629096.000000,0.673545,0,1
31,45,27,36,29,21,25,23,
370.000000,140.000000,0.042866,20103512.000000,0.146179,0,1
76,72,64,65,56,55,59,58,
544.000000,143.000000,0.095220,307756832.000000,0.304978,0,1
194,140,189,46,119,190,42,40,
559.000000,144.000000,0.097750,446814976.000000,0.350021,0,1
44,100,42,255,137,62,252,201,
571.000000,145.000000,0.103770,1226274048.000000,0.407279,0,1
40,36,95,30,99,156,56,141,
353.000000,148.000000,0.047629,99976856.000000,0.082713,0,1
233,251,206,255,227,172,254,230,
181.000000,149.000000,0.046240,319676416.000000,0.181468,0,1
231,255,185,255,224,142,219,172,
522.000000,149.000000,0.068181,425496608.000000,0.128595,0,1
206,81,251,50,192,230,66,97,
567.000000,149.000000,0.102373,275709408.000000,0.391939,0,1
38,59,31,121,78,43,186,252,
429.000000,150.000000,0.070665,4768208.000000,0.108466,0,1
53,52,52,54,57,59,78,79,
439.000000,150.000000,0.070460,9576298.000000,0.108224,0,1
58,58,61,61,66,72,94,91,
472.000000,150.000000,0.040890,35909520.000000,0.061624,0,1
96,109,80,128,103,84,147,102,
374.000000,151.000000,0.048192,7092510.000000,0.158822,0,1
64,66,65,75,72,67,86,83,
388.000000,151.000000,0.057900,4466483.500000,0.131668,0,1
49,53,54,58,59,62,67,65,
393.000000,151.000000,0.051818,2718881.750000,0.108304,0,1
47,49,48,60,58,56,66,62,
405.000000,151.000000,0.062933,2501759.250000,0.094845,0,1
45,48,46,59,56,55,64,56,
412.000000,151.000000,0.068386,3512977.500000,0.103063,0,1
43,45,46,58,60,61,64,57,
569.000000,151.000000,0.105558,294888288.000000,0.303163,0,1
43,145,72,252,198,98,255,255,
485.000000,152.000000,0.067906,62120780.000000,0.119907,0,1
134,151,123,100,96,72,92,82,
573.000000,153.000000,0.109729,1116491904.000000,0.445362,0,1
110,124,85,249,145,41,219,154,
278.000000,157.000000,0.075052,36478000.000000,0.169239,0,1
255,255,225,255,217,167,255,255,
122.000000,159.000000,0.059918,167146032.000000,0.618923,0,1
47,50,61,54,67,78,74,88,
329.000000,159.000000,0.081884,1596648.875000,0.181982,0,1
255,255,255,250,252,254,247,240,
551.000000,159.000000,0.090098,595691520.000000,0.305659,0,1
125,65,137,71,124,206,121,192,
457.000000,160.000000,0.068815,5719879.500000,0.061599,0,1
155,177,168,133,135,156,130,131,
524.000000,160.000000,0.071239,37264276.000000,0.189959,0,1
163,94,116,67,72,83,70,69,
329.000000,161.000000,0.081031,3695846.500000,0.180501,0,1
252,247,250,247,240,255,238,255,
547.000000,162.000000,0.084510,131809392.000000,0.164957,0,1
141,194,127,255,216,152,255,255,
572.000000,163.000000,0.117027,205086992.000000,0.486379,0,1
198,137,188,41,107,174,34,32,
143.000000,164.000000,0.048481,248953920.000000,0.209448,0,1
139,170,142,234,206,158,255,250,
409.000000,164.000000,0.088865,8908248.000000,0.133925,0,1
60,57,80,53,67,89,57,64,
446.000000,164.000000,0.034392,8486898.000000,0.047737,0,1
96,87,101,83,118,113,104,101,
585.000000,165.000000,0.160583,191762816.000000,0.807328,0,1
39,30,49,28,41,51,32,43,
564.000000,166.000000,0.099379,1009331904.000000,0.378846,0,1
31,94,31,159,81,27,166,120,
136.000000,167.000000,0.045831,2789231360.000000,0.253419,0,1
154,97,220,73,124,253,73,114,
411.000000,167.000000,0.083718,4661230.500000,0.071544,0,1
83,72,107,59,88,141,66,61,
360.000000,169.000000,0.079958,76969328.000000,0.120503,0,1
101,119,100,184,91,69,132,89,
396.000000,169.000000,0.083527,8629338.000000,0.077743,0,1
77,102,76,67,78,51,67,57,
557.000000,169.000000,0.092400,144867920.000000,0.194859,0,1
95,160,91,192,165,95,241,253,
429.000000,170.000000,0.073690,5256852.000000,0.142983,0,1
82,63,109,53,68,94,60,63,
450.000000,170.000000,0.078093,12585076.000000,0.102741,0,1
132,130,108,107,96,86,89,67,
468.000000,170.000000,0.071651,39221640.000000,0.115318,0,1
109,80,99,77,78,85,74,74,
341.000000,171.000000,0.088742,33570848.000000,0.180531,0,1
219,236,188,215,198,171,184,142,
411.000000,171.000000,0.093564,24225088.000000,0.175799,0,1
61,57,64,59,78,70,80,75,
401.000000,172.000000,0.086460,2894608.000000,0.084736,0,1
55,51,57,51,75,64,62,64,
485.000000,173.000000,0.067826,11007812.000000,0.059758,0,1
114,135,106,89,114,72,100,79,
250.000000,174.000000,0.075142,45765280.000000,0.267450,0,1
255,233,239,207,196,196,162,156,
326.000000,174.000000,0.089156,42638168.000000,0.146247,0,1
223,212,200,210,154,158,188,175,
369.000000,174.000000,0.087106,25822628.000000,0.178650,0,1
97,99,102,79,89,79,64,60,
559.000000,174.000000,0.094081,111821712.000000,0.255774,0,1
254,253,240,255,235,192,255,255,
548.000000,175.000000,0.092411,26265886.000000,0.370192,0,1
237,186,203,116,147,162,89,78,
584.000000,175.000000,0.159772,192425024.000000,0.808462,0,1
35,29,48,29,36,53,29,37,
339.000000,178.000000,0.108278,28499180.000000,0.165340,0,1
135,133,128,152,138,110,163,154,
538.000000,178.000000,0.098635,64985420.000000,0.363028,0,1
73,90,73,87,82,65,71,65,
109.000000,180.000000,0.044303,667001984.000000,0.504922,0,1
55,40,46,29,33,36,26,23,
559.000000,180.000000,0.096734,134002368.000000,0.267117,0,1
255,219,255,149,206,255,144,134,
570.000000,180.000000,0.100818,515055744.000000,0.409599,0,1
72,147,71,196,164,115,248,232,
239.000000,181.000000,0.090136,115276928.000000,0.278564,0,1
136,135,142,111,139,156,106,95,
353.000000,181.000000,0.101630,34135360.000000,0.178488,0,1
110,99,96,89,85,86,75,76,
337.000000,182.000000,0.090877,6760886.000000,0.137062,0,1
164,146,151,140,126,136,107,103,
384.000000,182.000000,0.077576,11992281.000000,0.251178,0,1
52,52,48,50,47,45,43,39,
533.000000,182.000000,0.100161,29548614.000000,0.359826,0,1
82,76,86,58,72,74,57,49,
528.000000,184.000000,0.103823,18134208.000000,0.552440,0,1
56,66,64,60,58,65,43,47,
139.000000,185.000000,0.087511,27019510.000000,0.784607,0,1
29,30,34,31,44,52,47,50,
306.000000,185.000000,0.099017,41387544.000000,0.149948,0,1
101,181,109,129,103,91,86,83,
584.000000,185.000000,0.159248,223660656.000000,0.818343,0,1
42,33,54,30,44,54,34,45,
563.000000,186.000000,0.102868,1177708800.000000,0.408444,0,1
177,117,209,115,167,238,180,191,
199.000000,187.000000,0.080123,15786244.000000,0.379845,0,1
34,32,34,33,38,49,46,63,
360.000000,189.000000,0.075884,14024615.000000,0.335545,0,1
59,60,52,49,48,41,53,47,
119.000000,190.000000,0.092256,15607416.000000,0.887544,0,1
25,25,27,26,32,37,33,37,
193.000000,190.000000,0.092042,21172228.000000,0.461753,0,1
30,30,35,30,40,56,46,50,
322.000000,190.000000,0.098802,40830696.000000,0.240138,0,1
105,104,87,114,91,71,87,64,
139.000000,191.000000,0.100252,779822336.000000,1.377823,0,1
40,39,46,30,31,27,25,23,
301.000000,191.000000,0.102665,31952688.000000,0.157720,0,1
73,84,77,90,77,104,83,115,
313.000000,191.000000,0.102246,15128364.000000,0.276259,0,1
109,120,100,107,94,73,72,61,
335.000000,193.000000,0.098874,12907765.000000,0.221667,0,1
95,97,89,86,78,72,66,62,
557.000000,193.000000,0.096951,16865522.000000,0.372903,0,1
66,60,66,50,61,68,51,52,
354.000000,194.000000,0.107060,4737278.500000,0.453363,0,1
66,65,61,69,60,55,58,46,
183.000000,195.000000,0.088146,39493592.000000,0.678421,0,1
27,28,33,27,35,47,37,42,
583.000000,195.000000,0.158492,245245920.000000,0.986244,0,1
35,29,49,28,36,54,28,37,
217.000000,196.000000,0.063710,35490736.000000,0.272866,0,1
91,81,86,66,73,79,57,55,
294.000000,196.000000,0.107951,90772752.000000,0.335874,0,1
92,109,66,110,77,54,84,76,
508.000000,196.000000,0.116404,12188821.000000,0.534200,0,1
44,47,40,51,42,41,50,49,
342.000000,197.000000,0.105781,34278472.000000,0.317443,0,1
77,76,79,57,69,80,50,52,
466.000000,198.000000,0.087299,37432916.000000,0.332572,0,1
44,43,43,43,42,41,41,36,
270.000000,200.000000,0.107123,143829376.000000,0.299091,0,1
108,74,110,45,72,106,61,67,
290.000000,200.000000,0.110602,33551332.000000,0.275644,0,1
65,56,55,71,70,69,96,78,
467.000000,200.000000,0.090442,34723952.000000,0.349050,0,1
42,41,40,39,39,40,33,35,
249.000000,201.000000,0.104600,50615852.000000,0.428206,0,1
74,60,77,63,73,88,63,81,
343.000000,201.000000,0.113599,34327576.000000,0.526302,0,1
48,44,41,62,54,46,68,60,
501.000000,201.000000,0.062399,5684264.000000,0.360607,0,1
46,39,54,39,43,48,42,48,
267.000000,202.000000,0.110234,38682568.000000,0.413595,0,1
42,40,49,47,60,78,63,76,
311.000000,203.000000,0.111773,25906280.000000,0.324729,0,1
73,82,59,83,70,76,69,43,
332.000000,203.000000,0.110596,29498278.000000,0.279063,0,1
66,83,82,59,69,83,56,53,
520.000000,203.000000,0.081269,13306279.000000,0.248958,0,1
58,78,55,64,60,61,56,54,
583.000000,203.000000,0.157577,293431200.000000,1.001289,0,1
40,27,53,25,41,53,27,44,
326.000000,204.000000,0.108076,60390064.000000,0.283897,0,1
75,57,78,53,60,62,39,42,
558.000000,204.000000,0.092648,39049612.000000,0.430248,0,1
58,49,63,40,59,61,43,47,
300.000000,205.000000,0.108042,110384936.000000,0.444886,0,1
90,78,83,59,70,72,50,42,
540.000000,205.000000,0.089876,15257109.000000,0.319369,0,1
49,60,44,71,52,42,59,51,
575.000000,205.000000,0.151093,208532816.000000,0.329175,0,1
70,91,39,93,67,29,87,64,
351.000000,206.000000,0.114526,28329370.000000,0.512793,0,1
28,45,27,53,38,33,50,49,
440.000000,206.000000,0.116390,19452848.000000,0.372990,0,1
37,42,36,36,38,34,35,28,
282.000000,207.000000,0.113655,124680600.000000,0.515534,0,1
90,87,56,57,61,36,33,25,
439.000000,207.000000,0.117418,17414134.000000,0.378485,0,1
42,36,38,35,35,23,35,33,
144.000000,209.000000,0.107632,19471348.000000,0.921730,0,1
25,36,29,38,27,19,26,20,
234.000000,209.000000,0.101715,5782885.000000,0.244954,0,1
73,66,67,47,51,60,39,40,
258.000000,209.000000,0.112665,97770264.000000,0.455475,0,1
52,47,72,40,54,76,37,32,
143.000000,210.000000,0.111996,14011850.000000,0.941354,0,1
36,38,27,36,26,19,22,18,
238.000000,210.000000,0.101721,7682409.500000,0.302762,0,1
61,62,63,42,50,44,43,59,
262.000000,210.000000,0.114493,49258644.000000,0.456853,0,1
73,76,75,61,52,60,34,25,
575.000000,210.000000,0.150745,798471808.000000,0.763070,0,1
62,79,35,70,51,28,62,43,
259.000000,211.000000,0.113124,102922800.000000,0.458248,0,1
67,46,61,32,39,34,27,23,
289.000000,211.000000,0.115309,70298784.000000,0.400093,0,1
37,27,58,22,36,59,22,37,
290.000000,211.000000,0.115791,81085712.000000,0.399978,0,1
45,42,63,23,55,51,31,43,
506.000000,212.000000,0.064991,139363840.000000,0.410204,0,1
55,51,54,67,56,56,78,60,
307.000000,213.000000,0.120044,25139490.000000,0.383775,0,1
60,63,45,66,56,43,61,36,
225.000000,214.000000,0.064734,13985116.000000,0.278079,0,1
42,47,50,36,42,46,31,30,
510.000000,214.000000,0.088738,6642104.000000,0.273561,0,1
55,54,52,62,56,49,56,54,
279.000000,215.000000,0.112727,11575511.000000,0.416964,0,1
18,18,40,18,35,44,32,35,
326.000000,215.000000,0.120206,34910588.000000,0.348496,0,1
63,62,64,50,50,61,31,25,
342.000000,216.000000,0.126088,19735326.000000,0.608718,0,1
45,33,40,38,45,55,50,58,
432.000000,216.000000,0.121789,2890969.500000,0.425727,0,1
27,27,29,27,29,32,24,26,
313.000000,217.000000,0.124420,25619840.000000,0.396891,0,1
21,23,35,37,46,44,44,47,
335.000000,217.000000,0.120079,15862340.000000,0.335296,0,1
35,27,41,21,36,52,24,39,
360.000000,217.000000,0.121150,6865224.500000,0.539301,0,1
39,43,36,47,37,30,33,32,
471.000000,217.000000,0.127302,22976914.000000,0.503824,0,1
27,31,28,35,34,30,40,37,
556.000000,217.000000,0.125157,16742046.000000,0.549278,0,1
33,41,32,46,38,28,46,43,
355.000000,219.000000,0.124633,10485888.000000,0.577380,0,1
52,49,46,49,36,31,33,41,
566.000000,219.000000,0.128885,62137056.000000,0.603878,0,1
53,52,58,30,45,43,25,23,
330.000000,220.000000,0.116246,18543016.000000,0.340756,0,1
33,39,31,45,34,21,39,22,
350.000000,220.000000,0.126278,19797948.000000,0.601345,0,1
53,47,50,51,31,36,29,41,
570.000000,220.000000,0.129292,28849660.000000,0.626645,0,1
49,42,44,32,34,35,28,27,
344.000000,221.000000,0.123469,23041074.000000,0.622619,0,1
54,46,54,42,49,50,35,28,
307.000000,222.000000,0.127164,14250662.000000,0.433225,0,1
61,64,36,60,44,29,47,44,
560.000000,223.000000,0.132963,54817496.000000,0.618682,0,1
27,23,25,27,33,26,42,36,
496.000000,224.000000,0.100089,11009080.000000,0.541362,0,1
41,35,42,29,37,43,31,33,
125.000000,225.000000,0.076453,12750734.000000,0.602314,0,1
24,24,31,24,34,44,35,38,
259.000000,225.000000,0.121617,44864816.000000,0.638522,0,1
37,34,45,29,36,43,30,25,
361.000000,225.000000,0.130412,9185720.000000,0.590280,0,1
29,28,25,35,29,26,36,35,
508.000000,225.000000,0.067669,44347544.000000,0.277258,0,1
61,48,54,46,49,48,47,46,
519.000000,225.000000,0.119245,5605755.500000,0.464664,0,1
50,51,49,47,54,46,45,51,
280.000000,226.000000,0.144340,25338814.000000,0.648960,0,1
43,53,45,56,51,39,52,48,
459.000000,226.000000,0.130350,14923278.000000,0.525665,0,1
24,33,24,32,26,25,25,24,
529.000000,226.000000,0.132783,15161406.000000,0.534159,0,1
51,40,53,44,45,52,42,46,
229.000000,227.000000,0.110725,2595977.500000,0.350224,0,1
47,44,45,39,38,40,33,35,
266.000000,229.000000,0.116189,51772676.000000,0.609299,0,1
18,19,32,19,30,39,29,46,
276.000000,229.000000,0.126437,33935644.000000,0.517825,0,1
45,38,57,37,49,56,37,36,
295.000000,229.000000,0.129275,42936600.000000,0.486741,0,1
54,49,46,34,39,30,27,24,
277.000000,230.000000,0.127294,30491840.000000,0.391345,0,1
57,49,56,37,49,51,36,37,
325.000000,230.000000,0.106570,25490870.000000,0.329914,0,1
30,33,30,37,42,38,45,51,
332.000000,230.000000,0.132023,4178732.500000,0.420892,0,1
37,39,46,33,38,46,34,38,
489.000000,230.000000,0.136667,20927174.000000,0.637598,0,1
33,31,36,33,34,47,30,30,
490.000000,230.000000,0.136379,18876498.000000,0.635582,0,1
31,33,36,31,45,43,31,33,
264.000000,231.000000,0.121481,55274112.000000,0.637120,0,1
19,18,29,19,29,46,29,44,
285.000000,232.000000,0.136538,17809518.000000,0.556502,0,1
41,50,32,48,41,24,43,40,
240.000000,233.000000,0.139780,14637943.000000,0.782562,0,1
35,36,30,35,31,21,27,19,
299.000000,235.000000,0.138077,22127252.000000,0.536521,0,1
26,25,20,29,41,18,43,37,
259.000000,236.000000,0.124077,27647958.000000,0.670871,0,1
16,16,24,15,24,31,23,28,
311.000000,236.000000,0.136995,14989349.000000,0.504943,0,1
45,36,44,27,32,42,27,32,
119.000000,237.000000,0.067725,307717536.000000,1.220606,0,1
29,24,27,17,22,37,17,25,
300.000000,237.000000,0.138263,36840676.000000,0.540219,0,1
27,44,30,39,27,20,25,16,
549.000000,238.000000,0.146028,24471010.000000,0.701892,0,1
57,54,57,53,61,71,59,64,
474.000000,239.000000,0.142957,5044524.500000,0.656446,0,1
25,23,27,22,29,29,21,23,
519.000000,239.000000,0.144733,79928984.000000,0.791289,0,1
38,39,41,38,44,48,48,61,
223.000000,240.000000,0.127082,3945463.250000,0.677049,0,1
33,26,28,21,20,21,16,15,
282.000000,240.000000,0.144787,12421349.000000,0.466484,0,1
35,40,30,44,41,33,44,45,
299.000000,240.000000,0.141312,14610641.000000,0.567106,0,1
25,27,16,37,26,16,37,42,
304.000000,240.000000,0.141348,23207096.000000,0.554961,0,1
29,23,36,16,28,40,22,34,
521.000000,240.000000,0.144838,49996416.000000,0.803112,0,1
43,47,47,53,55,51,64,60,
558.000000,242.000000,0.084842,8225371.000000,0.370132,0,1
40,33,41,50,50,44,59,68,
252.000000,243.000000,0.135392,3159430.500000,0.661935,0,1
15,14,20,14,20,26,19,24,
266.000000,246.000000,0.133383,3636001.000000,0.619063,0,1
40,36,38,34,30,33,24,18,
352.000000,246.000000,0.147608,12103299.000000,0.752705,0,1
21,27,22,33,30,21,30,26,
119.000000,247.000000,0.065564,57694060.000000,0.525948,0,1
23,18,28,18,20,37,23,31,
479.000000,248.000000,0.155843,40277104.000000,0.731586,0,1
27,28,28,29,36,32,38,37,
480.000000,248.000000,0.155475,41293044.000000,0.733359,0,1
26,28,28,33,34,29,44,41,
500.000000,248.000000,0.152343,19921950.000000,0.789363,0,1
33,32,31,34,36,35,43,43,
499.000000,249.000000,0.152452,12080107.000000,0.790069,0,1
32,34,36,35,43,42,37,36,
539.000000,249.000000,0.152480,113233608.000000,0.928744,0,1
42,45,42,56,54,47,64,67,
546.000000,249.000000,0.152985,482900480.000000,0.958386,0,1
44,45,49,46,59,67,69,80,
119.000000,250.000000,0.066877,569217600.000000,1.232086,0,1
25,26,29,18,22,28,15,17,
478.000000,250.000000,0.150401,16525626.000000,0.730080,0,1
33,33,44,26,31,41,25,27,
480.000000,250.000000,0.151243,27876022.000000,0.735418,0,1
34,44,40,31,41,36,30,30,
500.000000,250.000000,0.151577,9819603.000000,0.801334,0,1
36,43,42,37,43,39,36,34,
534.000000,250.000000,0.152575,127217280.000000,0.913432,0,1
45,47,52,51,62,60,62,69,
516.000000,251.000000,0.149777,28224482.000000,0.879490,0,1
46,46,50,36,42,46,37,41,
524.000000,253.000000,0.157367,12013930.000000,0.627204,0,1
60,54,65,40,51,63,38,43,
297.000000,255.000000,0.123805,8566353.000000,0.617754,0,1
39,43,50,43,36,54,34,45,
411.000000,255.000000,0.162396,10923033.000000,0.715997,0,1
18,17,18,18,24,20,26,21,
280.000000,257.000000,0.162030,3899212.750000,0.800692,0,1
23,21,23,22,27,29,31,32,
278.000000,258.000000,0.169602,2712033.000000,0.622532,0,1
23,24,23,26,31,32,33,33,
556.000000,259.000000,0.160291,217353744.000000,1.064141,0,1
82,86,68,87,68,50,59,47,
539.000000,260.000000,0.159428,7026016.500000,0.992904,0,1
46,46,42,52,50,42,53,52,
548.000000,260.000000,0.160542,44652408.000000,1.035454,0,1
77,73,79,49,61,70,44,45,
561.000000,262.000000,0.165822,113261912.000000,1.107914,0,1
45,46,44,48,48,47,53,51,
380.000000,267.000000,0.174506,64305544.000000,0.849350,0,1
19,19,19,21,22,25,22,24,
570.000000,269.000000,0.145161,34071380.000000,0.598423,0,1
45,48,39,53,48,38,54,50,
571.000000,272.000000,0.155411,10152663.000000,0.442748,0,1
46,50,40,51,43,36,45,37,
558.000000,280.000000,0.172813,5559550.500000,1.191275,0,1
44,47,37,47,43,32,45,44,
421.000000,283.000000,0.177620,16568546.000000,0.918016,0,1
17,17,17,18,22,17,28,27,
511.000000,283.000000,0.175141,12499533.000000,1.055386,0,1
35,36,39,31,34,38,29,27,
530.000000,283.000000,0.183886,11064434.000000,0.805508,0,1
51,47,44,44,37,34,39,36,
419.000000,284.000000,0.178935,5410600.000000,0.934345,0,1
16,16,22,17,19,31,16,16,
529.000000,284.000000,0.185968,7107115.500000,0.810023,0,1
47,44,37,43,39,28,41,41,
575.000000,295.000000,0.190535,157658000.000000,1.377267,0,1
32,31,28,29,25,18,22,14,
325.000000,183.000000,0.090295,43851316.000000,0.201848,0,1
158,144,141,136,124,121,103,120,
150.000000,132.000000,0.049121,897254336.000000,0.255692,0,1
243,207,249,169,214,248,169,165,
536.000000,131.000000,0.081200,209193536.000000,0.235286,0,1
114,153,111,190,203,184,247,251,
178.000000,129.000000,0.044640,916972352.000000,0.271485,0,1
220,243,215,255,235,207,252,230,
150.000000,126.000000,0.056725,1291295488.000000,0.239898,0,1
245,212,254,132,223,240,115,192,
160.000000,125.000000,0.047374,57833808.000000,0.308254,0,1
255,245,251,195,203,241,175,167,
206.000000,120.000000,0.046756,788571392.000000,0.253238,0,1
216,176,255,211,205,255,172,223,
369.000000,119.000000,0.053311,9726727.000000,0.080344,0,1
46,79,59,231,188,186,254,255,
184.000000,114.000000,0.046644,529836448.000000,0.277318,0,1
95,158,143,255,184,147,255,255,
155.000000,114.000000,0.045882,2394641152.000000,0.307973,0,1
222,232,90,255,160,67,234,166,
130.000000,87.000000,0.045232,312322048.000000,0.147818,0,1
30,126,48,221,172,37,255,250,
199.000000,87.000000,0.046550,843505152.000000,0.198485,0,1
227,251,165,96,130,85,66,58,
154.000000,95.000000,0.047398,2235892992.000000,0.242743,0,1
230,254,136,225,124,80,113,76,
125.000000,95.000000,0.047824,1931610112.000000,0.219431,0,1
146,88,195,70,183,255,164,222,
106.000000,89.000000,0.045876,611893248.000000,0.223722,0,1
35,172,47,253,171,44,255,243,
174.000000,92.000000,0.046442,3335239424.000000,0.219731,0,1
194,255,102,255,176,67,255,218,
164.000000,90.000000,0.047035,1206916224.000000,0.187783,0,1
239,149,253,58,169,255,70,123,
517.000000,202.000000,0.077929,14942376.000000,0.287898,0,1
51,50,62,45,60,78,49,52,
535.000000,163.000000,0.083055,506875648.000000,0.249290,0,1
200,204,254,166,213,250,170,178,
484.000000,162.000000,0.053370,30473460.000000,0.124047,0,1
79,68,50,65,69,63,80,86,
533.000000,157.000000,0.075997,280702080.000000,0.218549,0,1
255,203,255,124,192,254,78,83,
343.000000,156.000000,0.075312,27541744.000000,0.113550,0,1
255,255,255,245,230,255,171,179,
519.000000,151.000000,0.067463,93825304.000000,0.167890,0,1
47,61,74,80,84,64,89,103,
532.000000,148.000000,0.075901,526280096.000000,0.268199,0,1
61,133,60,190,122,94,201,233,
516.000000,145.000000,0.064310,258079920.000000,0.203233,0,1
219,168,212,101,126,176,68,65,
508.000000,140.000000,0.065733,546339648.000000,0.308046,0,1
163,113,159,83,109,143,103,100,
429.000000,138.000000,0.069210,306841.937500,0.104304,0,1
60,57,59,45,45,41,41,38,
513.000000,133.000000,0.061968,175407872.000000,0.133325,0,1
74,182,78,255,147,99,253,255,
509.000000,130.000000,0.059751,58780960.000000,0.097153,0,1
105,82,61,212,154,103,253,255,
519.000000,118.000000,0.067778,177427152.000000,0.165624,0,1
50,98,62,188,153,116,242,203,
465.000000,103.000000,0.052703,114035120.000000,0.079428,0,1
127,164,239,132,189,201,94,84,
414.000000,90.000000,0.044446,38394000.000000,0.066982,0,1
34,99,28,19,51,23,27,22,
425.000000,60.000000,0.188603,498660.562500,0.387893,0,1
12,8,17,8,12,16,9,12,
521.000000,120.000000,0.070829,926843648.000000,0.229152,0,1
116,192,55,203,127,50,169,195,
496.000000,150.000000,0.074033,395798368.000000,0.290627,0,1
62,108,52,106,82,42,65,40,
494.000000,147.000000,0.071764,160211552.000000,0.169013,0,1
62,107,59,127,101,56,130,122,
518.000000,87.000000,0.066725,899534720.000000,0.170783,0,1
176,242,77,173,178,32,225,164,
487.000000,137.000000,0.064709,71464576.000000,0.138773,0,1
35,70,48,127,88,72,134,126,
499.000000,136.000000,0.063561,395152928.000000,0.268322,0,1
22,23,45,56,59,98,78,78,
