# timestamp
1608635219171013632

# fx, fy, cx, cy, width, height, npoints
501.484650,501.475464,421.789001,167.664566,800,400,536

# camToWorld: translation vector, rotation quaternion
-15.451473,57.070768,6.919020,0.724827,0.000387,-0.021012,-0.688610

# Exposure time (ms)
0.259052

# GPS Data
# GPSData: Covariance matrix
0.000021,0.000000,0.000000,0.000000,0.000048,0.000000,0.000000,0.000000,0.000085

# GPSData: GPS point
58.617053,-2.111850,6.269444

# Point Cloud Data : 
# u,v,idepth_scaled,idepth_hessian,maxRelBaseline,numGoodRes,status 
# color information 
752.000000,207.000000,0.080457,32086354.000000,1.647154,0,1
19,22,20,32,26,21,28,30,
754.000000,208.000000,0.081060,34163700.000000,1.658523,0,1
20,23,20,28,27,26,29,31,
39.000000,231.000000,0.090612,10607219.000000,1.532653,0,1
65,78,82,75,80,87,76,66,
55.000000,253.000000,0.113974,8280893.500000,2.616041,0,1
59,60,59,62,60,60,69,69,
59.000000,253.000000,0.114993,8231073.500000,2.592511,0,1
58,58,59,60,61,62,71,67,
64.000000,253.000000,0.114833,7800864.500000,2.555770,0,1
58,58,58,62,63,63,69,67,
80.000000,253.000000,0.113764,6216875.000000,2.434782,0,1
59,60,59,64,65,65,70,63,
54.000000,256.000000,0.112751,3553646.750000,1.702826,0,1
69,70,69,63,62,62,60,59,
56.000000,256.000000,0.112174,3925808.750000,1.695284,0,1
72,69,67,62,62,61,59,60,
65.000000,256.000000,0.113553,5042886.500000,1.662786,0,1
70,67,69,60,62,62,59,58,
92.000000,256.000000,0.114014,4267852.500000,1.550002,0,1
69,65,65,62,62,62,61,60,
698.000000,267.000000,0.136743,13050678.000000,1.952097,0,1
23,27,29,31,34,35,34,35,
740.000000,277.000000,0.167846,1519108.875000,2.231029,0,1
22,19,21,12,16,21,10,11,
729.000000,279.000000,0.153015,47279280.000000,2.111417,0,1
19,23,26,22,30,36,21,25,
119.000000,295.000000,0.162145,53145224.000000,2.573658,0,1
60,60,59,61,61,60,71,87,
114.000000,296.000000,0.162438,65849052.000000,1.835986,0,1
59,60,60,70,69,69,87,91,
120.000000,296.000000,0.161708,64202132.000000,1.803121,0,1
59,61,60,71,73,72,87,87,
128.000000,296.000000,0.161805,40004824.000000,1.765206,0,1
59,61,62,73,71,72,84,83,
89.000000,297.000000,0.162059,53250448.000000,1.186879,0,1
61,62,60,78,80,80,88,88,
758.000000,10.000000,0.038779,3540871936.000000,0.741619,0,1
72,90,58,104,82,51,100,87,
759.000000,18.000000,0.038605,14620961792.000000,1.095758,0,1
67,87,53,103,70,42,86,66,
760.000000,23.000000,0.038466,32805093376.000000,1.112538,0,1
51,65,37,79,49,35,64,49,
760.000000,24.000000,0.038544,12734172160.000000,1.090901,0,1
49,64,36,80,49,37,64,48,
759.000000,28.000000,0.038457,27307931648.000000,1.107065,0,1
63,83,49,92,63,39,81,63,
256.000000,32.000000,0.000174,39336660.000000,0.005033,0,1
133,134,132,132,132,131,130,129,
758.000000,34.000000,0.038352,5864087040.000000,0.718560,0,1
77,92,62,96,78,48,94,77,
760.000000,34.000000,0.038436,5933688832.000000,0.723667,0,1
48,62,38,78,48,35,62,48,
638.000000,46.000000,0.025536,213521280.000000,0.553423,0,1
80,80,80,79,79,80,77,70,
642.000000,47.000000,0.025506,487976928.000000,0.561128,0,1
81,81,79,79,73,79,71,44,
652.000000,47.000000,0.025263,983064768.000000,0.576591,0,1
86,85,86,82,84,86,72,47,
671.000000,47.000000,0.025807,502557760.000000,0.393500,0,1
93,92,95,89,90,92,73,42,
679.000000,47.000000,0.025735,475943744.000000,0.403967,0,1
99,98,97,90,90,89,72,38,
695.000000,47.000000,0.025498,1466292736.000000,0.668108,0,1
95,91,92,83,85,86,64,35,
700.000000,47.000000,0.025640,665649344.000000,0.432921,0,1
96,93,92,86,86,86,60,31,
713.000000,47.000000,0.025751,891198656.000000,0.453804,0,1
96,93,92,86,85,84,55,29,
726.000000,47.000000,0.025423,782757056.000000,0.468577,0,1
94,89,89,79,80,79,45,23,
735.000000,47.000000,0.025202,393833088.000000,0.265633,0,1
93,88,89,72,73,75,44,19,
739.000000,47.000000,0.025534,449271392.000000,0.272558,0,1
92,89,90,75,80,81,38,19,
751.000000,47.000000,0.026176,387957792.000000,0.289692,0,1
99,99,99,74,77,79,37,18,
752.000000,47.000000,0.026122,392221344.000000,0.289846,0,1
99,100,97,75,78,77,35,18,
688.000000,48.000000,0.025609,898665728.000000,0.415980,0,1
93,87,85,66,68,67,35,22,
703.000000,48.000000,0.025432,5792978432.000000,0.754352,0,1
92,86,84,61,63,62,29,20,
717.000000,48.000000,0.025650,1030430720.000000,0.457406,0,1
93,83,81,54,55,54,24,20,
744.000000,48.000000,0.025494,488912768.000000,0.275809,0,1
93,77,74,35,38,40,17,18,
646.000000,49.000000,0.025528,5749431808.000000,0.667701,0,1
80,73,71,44,42,43,27,21,
655.000000,49.000000,0.025544,6362153472.000000,0.682793,0,1
88,74,76,47,47,44,25,22,
663.000000,49.000000,0.025521,6354067456.000000,0.695594,0,1
90,79,77,40,42,45,24,20,
664.000000,49.000000,0.025517,6437060096.000000,0.697032,0,1
90,78,76,41,44,45,24,20,
616.000000,53.000000,0.019800,10689692672.000000,0.503417,0,1
80,75,75,43,42,50,21,17,
728.000000,55.000000,0.025118,993640896.000000,0.458424,0,1
24,30,16,36,21,14,31,21,
619.000000,56.000000,0.019819,1007558272.000000,0.253339,0,1
62,37,37,23,25,20,19,26,
706.000000,56.000000,0.025213,1561181696.000000,0.746801,0,1
19,15,28,13,18,29,14,18,
762.000000,61.000000,0.036267,7321902.000000,1.029577,0,1
31,31,27,26,19,13,11,7,
641.000000,63.000000,0.025413,1118374528.000000,0.642139,0,1
24,35,18,28,22,16,35,21,
603.000000,64.000000,0.016449,53843172.000000,0.329759,0,1
24,21,22,22,28,34,32,28,
637.000000,71.000000,0.025105,1111367552.000000,0.621346,0,1
26,36,19,37,25,26,36,23,
641.000000,72.000000,0.025368,666327360.000000,0.633553,0,1
21,29,16,26,21,17,27,21,
637.000000,80.000000,0.025164,854036224.000000,0.616317,0,1
23,32,17,34,23,24,34,43,
95.000000,84.000000,0.012127,2962184960.000000,0.529226,0,1
69,65,56,58,50,40,43,37,
517.000000,84.000000,0.000213,520078528.000000,0.004900,0,1
78,81,82,88,90,92,97,102,
578.000000,85.000000,0.018201,110108152.000000,0.373760,0,1
30,38,27,37,29,25,35,28,
756.000000,86.000000,0.034004,5688449.000000,0.952836,0,1
20,19,18,16,14,11,7,5,
87.000000,87.000000,0.011985,547513856.000000,0.537104,0,1
44,46,48,42,49,50,36,29,
549.000000,87.000000,0.016752,41736208.000000,0.045995,0,1
105,108,110,75,75,75,33,31,
552.000000,87.000000,0.016987,39440036.000000,0.047571,0,1
111,112,109,74,75,75,30,32,
751.000000,87.000000,0.037734,20320676.000000,1.007758,0,1
19,18,17,15,11,9,9,8,
551.000000,88.000000,0.016415,1411024640.000000,0.235246,0,1
112,74,75,32,30,28,32,31,
557.000000,88.000000,0.016383,1035893568.000000,0.243142,0,1
106,76,75,28,29,30,31,29,
560.000000,88.000000,0.016287,1337454720.000000,0.246563,0,1
105,73,70,30,29,30,30,28,
569.000000,88.000000,0.015733,169436960.000000,0.077810,0,1
104,59,55,29,29,30,30,28,
134.000000,90.000000,0.010610,945679360.000000,0.411257,0,1
71,56,68,42,60,63,35,48,
79.000000,91.000000,0.012129,2059913856.000000,0.555668,0,1
67,65,63,57,57,55,42,53,
81.000000,91.000000,0.012033,4305572352.000000,0.548438,0,1
61,63,51,57,55,41,38,54,
595.000000,92.000000,0.045029,62014864.000000,0.629108,0,1
24,25,23,29,31,21,39,32,
436.000000,94.000000,0.000721,21351160.000000,0.004546,0,1
82,80,83,77,81,86,78,84,
343.000000,95.000000,0.005715,369294976.000000,0.070936,0,1
86,84,80,84,82,64,74,62,
476.000000,95.000000,0.000634,606965312.000000,0.008035,0,1
98,97,97,100,100,102,107,121,
698.000000,95.000000,0.034589,101619128.000000,0.906629,0,1
21,20,19,15,12,17,7,6,
432.000000,97.000000,0.000115,162115104.000000,0.000966,0,1
76,78,80,86,87,89,95,104,
483.000000,97.000000,0.000543,817528128.000000,0.007049,0,1
105,109,109,121,118,116,130,139,
747.000000,97.000000,0.038702,986344384.000000,1.057296,0,1
22,26,18,27,22,14,26,21,
463.000000,98.000000,0.000875,221384064.000000,0.006940,0,1
101,107,109,117,119,121,131,139,
740.000000,98.000000,0.038400,1656299776.000000,1.040333,0,1
14,8,20,7,15,25,9,16,
301.000000,99.000000,0.003904,548470912.000000,0.069690,0,1
82,79,81,74,61,79,51,48,
546.000000,99.000000,0.012434,30265664.000000,0.172450,0,1
25,25,23,29,29,24,36,38,
705.000000,99.000000,0.034088,700573632.000000,0.899164,0,1
19,24,15,25,20,13,24,19,
343.000000,100.000000,0.006116,1046020416.000000,0.073627,0,1
71,79,68,71,60,39,55,52,
426.000000,100.000000,0.000111,279385536.000000,0.001074,0,1
95,102,104,109,111,113,121,137,
447.000000,100.000000,0.000863,175154512.000000,0.005485,0,1
101,108,110,118,121,120,129,134,
559.000000,100.000000,0.015408,9364180.000000,0.234255,0,1
21,23,26,27,32,31,35,38,
700.000000,100.000000,0.033857,1456237312.000000,0.885760,0,1
16,12,21,7,19,24,12,20,
423.000000,101.000000,0.000034,353623232.000000,0.000730,0,1
101,107,109,118,122,121,137,145,
542.000000,101.000000,0.012728,43550972.000000,0.207967,0,1
30,37,30,40,36,34,35,25,
63.000000,102.000000,0.012717,806606592.000000,0.606068,0,1
61,57,59,37,41,53,27,28,
105.000000,102.000000,0.012758,2527221248.000000,0.530975,0,1
62,57,55,52,37,34,38,31,
113.000000,102.000000,0.012786,2587697664.000000,0.517588,0,1
62,59,56,55,44,32,50,41,
158.000000,102.000000,0.012541,694644032.000000,0.431398,0,1
64,61,62,54,52,51,31,35,
360.000000,102.000000,0.005772,45760880.000000,0.027524,0,1
87,88,86,85,81,77,68,68,
399.000000,102.000000,0.000649,82779440.000000,0.001975,0,1
76,92,81,99,99,87,106,120,
668.000000,102.000000,0.030452,912369408.000000,0.761700,0,1
19,11,21,6,17,22,10,17,
86.000000,103.000000,0.012888,5310175232.000000,0.570157,0,1
59,51,39,54,34,28,47,34,
131.000000,103.000000,0.012821,3963096576.000000,0.486449,0,1
55,57,34,54,46,29,56,46,
246.000000,103.000000,0.006616,675773952.000000,0.161758,0,1
74,73,72,70,69,68,60,36,
45.000000,104.000000,0.012802,2167970048.000000,0.642890,0,1
54,41,47,26,34,40,29,34,
67.000000,104.000000,0.012887,4769700864.000000,0.605180,0,1
50,50,32,45,36,23,48,38,
165.000000,104.000000,0.011629,671964736.000000,0.392520,0,1
60,33,45,27,22,37,24,22,
246.000000,104.000000,0.006741,853928320.000000,0.164463,0,1
73,70,69,66,45,42,43,35,
496.000000,104.000000,0.009773,141849184.000000,0.052583,0,1
130,92,78,58,40,40,32,33,
504.000000,104.000000,0.009873,285746176.000000,0.057745,0,1
122,69,66,37,36,35,31,28,
740.000000,104.000000,0.038338,1731060352.000000,1.037658,0,1
16,10,21,9,17,25,11,18,
748.000000,104.000000,0.038711,1116671872.000000,1.057739,0,1
19,23,15,26,18,13,23,19,
63.000000,105.000000,0.012757,3455412736.000000,0.607291,0,1
29,24,37,23,28,45,24,28,
48.000000,106.000000,0.012950,6260370944.000000,0.643449,0,1
30,41,23,42,31,20,43,33,
156.000000,106.000000,0.012424,4791638528.000000,0.430266,0,1
46,57,32,63,48,35,59,50,
172.000000,106.000000,0.011761,260341568.000000,0.385679,0,1
56,45,38,39,38,43,43,39,
408.000000,107.000000,0.006323,37533628.000000,0.006896,0,1
109,154,91,164,98,141,121,55,
512.000000,108.000000,0.012893,169285600.000000,0.142841,0,1
31,28,37,25,28,38,23,29,
620.000000,108.000000,0.025398,380497312.000000,0.568712,0,1
23,18,23,11,13,25,9,13,
206.000000,110.000000,0.009875,864750336.000000,0.283557,0,1
61,56,54,37,35,37,42,28,
467.000000,111.000000,0.002447,144477072.000000,0.015600,0,1
102,90,95,72,81,91,56,76,
667.000000,111.000000,0.030334,1065663744.000000,0.754456,0,1
13,8,19,8,15,25,9,15,
699.000000,111.000000,0.033791,1791899648.000000,0.880020,0,1
15,10,23,8,16,27,10,16,
123.000000,112.000000,0.012742,3736734720.000000,0.496829,0,1
36,48,26,52,37,27,47,39,
210.000000,112.000000,0.009509,3366253824.000000,0.268784,0,1
49,28,55,23,36,59,24,34,
392.000000,112.000000,0.001248,217245136.000000,0.008348,0,1
149,135,132,125,122,121,114,105,
407.000000,112.000000,0.003022,89336720.000000,0.004554,0,1
107,117,52,110,93,36,102,69,
408.000000,112.000000,0.003969,362323840.000000,0.017542,0,1
59,102,40,109,48,53,88,43,
624.000000,112.000000,0.024853,483448320.000000,0.566877,0,1
18,23,15,25,17,13,21,17,
252.000000,113.000000,0.007039,610170880.000000,0.163907,0,1
50,41,52,33,46,41,36,45,
383.000000,113.000000,0.001414,172054256.000000,0.010757,0,1
140,130,128,120,119,118,110,99,
700.000000,113.000000,0.033688,1989347840.000000,0.879513,0,1
24,16,27,10,24,27,16,22,
571.000000,114.000000,0.013011,22732542.000000,0.209186,0,1
24,24,23,22,19,15,12,8,
136.000000,115.000000,0.012670,598706688.000000,0.471162,0,1
28,32,36,49,51,54,60,57,
158.000000,115.000000,0.012405,1108856832.000000,0.425033,0,1
35,41,39,60,48,49,60,61,
272.000000,115.000000,0.005288,61918304.000000,0.110978,0,1
76,73,75,59,66,72,57,63,
566.000000,115.000000,0.018570,59453912.000000,0.269259,0,1
24,25,23,24,18,14,17,13,
672.000000,115.000000,0.030391,954682112.000000,0.764769,0,1
22,29,18,29,23,15,29,22,
63.000000,116.000000,0.012714,1360119552.000000,0.604556,0,1
30,28,33,34,37,46,56,59,
80.000000,116.000000,0.012586,515160640.000000,0.568310,0,1
25,31,34,48,48,50,56,56,
88.000000,116.000000,0.015325,75460936.000000,0.143779,0,1
28,35,32,50,42,40,51,49,
166.000000,116.000000,0.011788,526527008.000000,0.393794,0,1
23,28,33,45,42,46,60,63,
421.000000,116.000000,0.000399,58521960.000000,0.001488,0,1
94,97,85,91,87,77,80,73,
747.000000,116.000000,0.038716,1021305344.000000,1.054384,0,1
23,27,18,29,23,16,26,23,
111.000000,117.000000,0.026259,133046048.000000,0.257667,0,1
33,31,39,30,39,50,39,46,
262.000000,117.000000,0.006843,1286695936.000000,0.149860,0,1
51,42,61,43,52,63,43,50,
426.000000,117.000000,0.002003,45092680.000000,0.006861,0,1
90,74,87,68,72,77,64,57,
551.000000,117.000000,0.017099,21987508.000000,0.228915,0,1
23,23,24,21,20,22,13,9,
705.000000,117.000000,0.034124,921694720.000000,0.896315,0,1
23,28,18,29,23,16,26,23,
335.000000,118.000000,0.005378,807186816.000000,0.067210,0,1
98,95,80,97,87,49,87,50,
336.000000,118.000000,0.005341,925167168.000000,0.065678,0,1
95,90,66,96,66,55,78,47,
391.000000,118.000000,0.003923,85634104.000000,0.022003,0,1
93,87,85,80,72,76,61,49,
265.000000,119.000000,0.006855,628685632.000000,0.147140,0,1
63,61,62,59,48,57,48,30,
320.000000,119.000000,0.001316,899376320.000000,0.019933,0,1
92,90,92,67,90,91,57,81,
479.000000,119.000000,0.005745,40641524.000000,0.024006,0,1
73,80,55,75,67,59,68,48,
539.000000,119.000000,0.020523,35621588.000000,0.275935,0,1
24,25,25,24,20,17,14,13,
343.000000,120.000000,0.004755,160649760.000000,0.025398,0,1
43,64,37,64,41,36,40,28,
439.000000,120.000000,0.004559,45370044.000000,0.013649,0,1
60,46,69,38,57,69,45,47,
705.000000,120.000000,0.034100,865335680.000000,0.895362,0,1
22,27,18,27,23,16,27,23,
747.000000,120.000000,0.038722,987152768.000000,1.054360,0,1
23,27,18,29,23,16,27,23,
252.000000,121.000000,0.007056,440489760.000000,0.163390,0,1
50,42,50,37,44,46,32,32,
275.000000,121.000000,0.005964,637999232.000000,0.121010,0,1
65,61,66,48,55,73,44,49,
298.000000,121.000000,0.004565,714010496.000000,0.079739,0,1
80,80,64,72,60,46,46,34,
313.000000,121.000000,0.001438,1245081344.000000,0.023105,0,1
87,85,72,68,67,39,44,35,
424.000000,121.000000,0.001388,11326756.000000,0.003543,0,1
56,54,48,63,48,46,57,52,
408.000000,122.000000,0.004179,62659216.000000,0.014428,0,1
50,58,32,46,40,30,50,35,
474.000000,122.000000,0.004149,15984811.000000,0.026657,0,1
68,57,65,60,55,46,40,25,
739.000000,122.000000,0.038251,1435386752.000000,1.032263,0,1
14,9,19,10,14,24,10,14,
295.000000,123.000000,0.001563,2368686336.000000,0.029021,0,1
73,72,47,78,46,34,66,49,
356.000000,124.000000,0.004950,90266120.000000,0.047362,0,1
31,32,25,30,29,23,33,23,
459.000000,124.000000,0.003291,16286206.000000,0.015896,0,1
67,65,65,58,59,59,48,42,
190.000000,125.000000,0.019010,462212032.000000,0.526196,0,1
48,51,42,57,53,47,56,45,
262.000000,125.000000,0.006722,716785792.000000,0.146707,0,1
47,41,56,41,46,50,52,61,
345.000000,125.000000,0.004861,50778996.000000,0.053445,0,1
25,26,22,40,31,20,35,30,
385.000000,125.000000,0.004493,79118728.000000,0.026429,0,1
56,59,49,60,54,44,53,42,
89.000000,126.000000,0.013110,573551360.000000,0.571896,0,1
54,51,50,42,39,38,26,24,
123.000000,126.000000,0.012742,2159638784.000000,0.495738,0,1
52,46,32,44,29,24,41,28,
139.000000,126.000000,0.012775,3908387072.000000,0.468279,0,1
52,38,56,27,43,56,32,41,
396.000000,126.000000,0.003430,10871898.000000,0.015623,0,1
44,36,49,34,39,42,30,31,
667.000000,126.000000,0.030203,1577497728.000000,0.750221,0,1
16,11,23,9,16,28,10,16,
40.000000,127.000000,0.012889,3360576512.000000,0.654634,0,1
57,53,47,48,38,27,40,33,
69.000000,127.000000,0.012848,3344039936.000000,0.598220,0,1
58,53,48,48,34,30,43,32,
78.000000,127.000000,0.012897,4324975104.000000,0.583310,0,1
53,48,41,49,37,30,43,35,
280.000000,127.000000,0.005074,421202144.000000,0.101409,0,1
73,70,68,68,53,57,50,37,
620.000000,127.000000,0.025040,922585280.000000,0.558183,0,1
15,10,22,9,15,26,10,15,
699.000000,127.000000,0.033712,1702473344.000000,0.876787,0,1
17,10,23,9,17,26,10,17,
40.000000,128.000000,0.012895,4481699840.000000,0.654861,0,1
49,46,32,39,32,19,41,33,
123.000000,128.000000,0.012748,2783341056.000000,0.495867,0,1
29,41,23,39,28,24,38,28,
188.000000,128.000000,0.010448,656853248.000000,0.321881,0,1
53,31,44,21,24,33,18,22,
286.000000,128.000000,0.004579,209002656.000000,0.087316,0,1
73,63,72,46,58,66,38,34,
296.000000,128.000000,0.002360,276234560.000000,0.020917,0,1
37,48,41,56,34,39,39,33,
327.000000,128.000000,0.002212,75861096.000000,0.030554,0,1
71,67,64,50,50,43,42,48,
386.000000,128.000000,0.003626,28102714.000000,0.020815,0,1
48,42,41,34,32,33,31,31,
454.000000,128.000000,0.005641,34558740.000000,0.020908,0,1
48,40,49,26,35,42,25,25,
603.000000,128.000000,0.023033,773161984.000000,0.485111,0,1
22,13,26,11,21,22,13,21,
215.000000,129.000000,0.009760,548411392.000000,0.268227,0,1
59,54,54,41,29,32,34,22,
219.000000,129.000000,0.009129,343825408.000000,0.246398,0,1
59,55,58,32,35,48,21,21,
291.000000,129.000000,0.002582,312795264.000000,0.048566,0,1
72,65,64,52,49,48,46,39,
434.000000,129.000000,0.005109,4082422.500000,0.008199,0,1
36,33,41,35,36,46,37,26,
587.000000,129.000000,0.021380,625413568.000000,0.420446,0,1
15,10,24,10,15,26,10,15,
111.000000,130.000000,0.012870,1938022656.000000,0.521538,0,1
38,30,44,27,38,48,29,37,
157.000000,130.000000,0.012201,2004126080.000000,0.419661,0,1
47,55,32,57,49,35,54,49,
338.000000,130.000000,0.005555,126396984.000000,0.065803,0,1
31,36,23,36,35,26,42,32,
429.000000,130.000000,0.004042,4441182.500000,0.006092,0,1
31,36,35,38,42,38,50,39,
461.000000,130.000000,0.005409,31108248.000000,0.024465,0,1
46,43,48,24,33,40,21,20,
114.000000,131.000000,0.012908,783401472.000000,0.253767,0,1
38,48,28,45,38,22,46,37,
465.000000,131.000000,0.005251,18469594.000000,0.025914,0,1
42,42,44,25,32,40,20,21,
260.000000,132.000000,0.006907,407864864.000000,0.151942,0,1
61,51,57,32,36,49,25,27,
335.000000,133.000000,0.004681,389287072.000000,0.057271,0,1
47,56,42,51,33,26,38,27,
421.000000,133.000000,0.004050,5074112.000000,0.006357,0,1
49,53,49,42,44,41,31,26,
162.000000,134.000000,0.012473,185636432.000000,0.203070,0,1
35,44,32,40,36,42,45,38,
377.000000,134.000000,0.004016,21520044.000000,0.026900,0,1
37,48,37,35,34,32,26,26,
706.000000,134.000000,0.033910,573870400.000000,0.893722,0,1
18,22,16,25,19,16,23,19,
740.000000,134.000000,0.038187,1947720064.000000,1.032853,0,1
20,14,25,10,20,26,14,19,
69.000000,135.000000,0.012826,6189827072.000000,0.597319,0,1
34,46,27,43,36,21,47,37,
672.000000,135.000000,0.030372,655858560.000000,0.763608,0,1
24,28,19,29,23,17,28,24,
69.000000,136.000000,0.012825,5843787776.000000,0.597296,0,1
36,47,27,42,37,22,47,38,
180.000000,136.000000,0.011187,1281664512.000000,0.353654,0,1
32,42,23,32,32,22,41,39,
330.000000,136.000000,0.002675,39868136.000000,0.037211,0,1
46,31,36,21,23,31,21,22,
587.000000,136.000000,0.021326,619827840.000000,0.419269,0,1
16,11,25,10,16,26,10,16,
699.000000,136.000000,0.033657,1524802944.000000,0.876128,0,1
17,11,22,11,18,26,13,19,
667.000000,137.000000,0.030113,1785689344.000000,0.748774,0,1
16,11,24,10,17,28,13,17,
159.000000,138.000000,0.012085,115945808.000000,0.095586,0,1
35,38,38,52,44,49,53,57,
222.000000,138.000000,0.009026,866610304.000000,0.239965,0,1
36,31,43,27,36,34,47,59,
215.000000,139.000000,0.009585,433607008.000000,0.263158,0,1
22,39,25,50,43,41,58,59,
259.000000,139.000000,0.007048,470636416.000000,0.155628,0,1
24,25,26,40,33,40,52,59,
128.000000,140.000000,0.015754,175046032.000000,0.580741,0,1
24,31,34,35,40,41,42,44,
672.000000,140.000000,0.030342,683869952.000000,0.763451,0,1
24,29,18,30,24,18,28,23,
740.000000,140.000000,0.038227,1612525056.000000,1.034307,0,1
19,14,23,11,19,25,14,19,
424.000000,144.000000,0.011097,8234434.000000,0.016723,0,1
31,32,43,35,49,66,40,46,
553.000000,144.000000,0.017518,153102864.000000,0.230836,0,1
20,11,23,11,20,20,11,20,
699.000000,144.000000,0.033549,1324227584.000000,0.875053,0,1
18,12,22,11,18,24,13,19,
423.000000,145.000000,0.010874,6400450.000000,0.016388,0,1
32,35,49,32,40,56,38,48,
473.000000,145.000000,0.020589,11513103.000000,0.097394,0,1
22,26,26,37,39,32,45,48,
574.000000,147.000000,0.019968,246344432.000000,0.297960,0,1
17,11,25,9,17,25,11,16,
672.000000,147.000000,0.030329,489767296.000000,0.764840,0,1
22,26,18,29,23,17,28,24,
167.000000,148.000000,0.012707,56700904.000000,0.097669,0,1
51,50,53,43,41,43,42,28,
99.000000,149.000000,0.016545,906026048.000000,0.669756,0,1
41,36,44,35,36,40,30,24,
138.000000,149.000000,0.012965,102780432.000000,0.233246,0,1
37,33,34,28,27,30,21,22,
739.000000,149.000000,0.038234,1384082816.000000,1.034418,0,1
14,10,20,9,15,23,11,15,
83.000000,150.000000,0.012630,363894432.000000,0.565331,0,1
48,42,42,29,30,36,22,23,
469.000000,150.000000,0.027368,23862484.000000,0.112910,0,1
45,33,47,35,41,46,28,39,
714.000000,150.000000,0.034301,237453488.000000,0.838466,0,1
14,16,11,19,14,9,19,16,
44.000000,151.000000,0.012846,791529408.000000,0.311243,0,1
57,54,53,47,38,39,31,23,
56.000000,151.000000,0.012986,931283200.000000,0.629449,0,1
57,49,50,34,36,44,24,26,
38.000000,152.000000,0.012894,825168640.000000,0.315855,0,1
56,42,47,27,31,44,25,27,
563.000000,152.000000,0.290729,2835605.000000,0.669083,0,1
22,13,26,12,22,22,16,22,
574.000000,152.000000,0.020026,184512800.000000,0.300756,0,1
16,11,25,10,17,24,12,19,
758.000000,152.000000,0.038452,426835680.000000,1.070704,0,1
12,15,10,16,13,8,15,13,
132.000000,153.000000,0.012787,406955456.000000,0.482886,0,1
37,32,31,24,28,24,25,27,
458.000000,154.000000,0.024904,9587268.000000,0.082966,0,1
46,43,41,30,30,28,20,22,
183.000000,155.000000,0.021844,137444416.000000,0.605718,0,1
27,24,27,30,32,32,37,41,
354.000000,155.000000,0.026764,37388484.000000,0.205476,0,1
40,47,31,43,35,35,29,25,
368.000000,155.000000,0.027493,9386454.000000,0.171322,0,1
48,47,48,41,41,41,29,27,
376.000000,155.000000,0.028614,7192198.500000,0.153583,0,1
50,48,47,41,40,39,30,29,
387.000000,155.000000,0.028038,6091497.500000,0.121874,0,1
49,48,47,39,39,39,31,30,
426.000000,155.000000,0.025654,6395591.500000,0.039357,0,1
50,47,44,34,33,31,28,31,
739.000000,156.000000,0.038072,1946828160.000000,1.032140,0,1
16,12,23,10,17,26,16,19,
79.000000,157.000000,0.032121,292571776.000000,1.177875,0,1
25,27,26,34,35,35,43,44,
437.000000,157.000000,0.028006,6691906.000000,0.053357,0,1
28,25,25,34,35,35,46,46,
394.000000,158.000000,0.026007,6776876.500000,0.101281,0,1
31,31,32,38,39,38,46,47,
403.000000,158.000000,0.025843,6611788.500000,0.080522,0,1
32,32,32,40,41,41,48,48,
420.000000,158.000000,0.026159,6771451.000000,0.051791,0,1
28,31,29,44,41,42,48,45,
96.000000,159.000000,0.031775,1307592832.000000,1.106952,0,1
43,48,41,55,38,32,39,31,
350.000000,159.000000,0.026931,10585083.000000,0.219765,0,1
25,24,27,30,35,37,37,46,
361.000000,159.000000,0.026436,18195544.000000,0.187432,0,1
26,29,27,39,39,34,47,47,
483.000000,159.000000,0.014683,1020690.812500,0.058729,0,1
34,31,32,19,22,24,16,18,
667.000000,159.000000,0.030125,1215257344.000000,0.753968,0,1
15,10,24,9,15,26,14,17,
80.000000,160.000000,0.031656,3728894976.000000,1.163166,0,1
43,44,51,36,55,62,47,60,
96.000000,160.000000,0.031805,1386459264.000000,1.107943,0,1
43,47,33,46,32,28,32,31,
350.000000,160.000000,0.026135,12042199.000000,0.215630,0,1
26,28,35,42,45,47,44,47,
667.000000,160.000000,0.030108,1077207296.000000,0.753934,0,1
15,11,24,12,17,27,15,17,
284.000000,161.000000,0.026525,32726274.000000,0.402073,0,1
25,26,24,38,38,30,44,45,
290.000000,161.000000,0.027294,41141172.000000,0.393069,0,1
25,28,31,40,40,36,44,43,
254.000000,165.000000,0.018991,18185870.000000,0.194906,0,1
45,43,43,26,25,28,22,23,
263.000000,165.000000,0.014377,62865016.000000,0.144007,0,1
44,43,44,27,31,43,29,22,
328.000000,165.000000,0.019891,64333564.000000,0.114957,0,1
45,35,47,24,36,43,27,38,
503.000000,165.000000,0.026983,23995068.000000,0.134545,0,1
22,18,21,29,30,32,49,55,
505.000000,165.000000,0.026875,22601384.000000,0.137520,0,1
29,21,26,30,32,33,49,54,
398.000000,166.000000,0.027240,8957483.000000,0.108006,0,1
44,42,42,48,48,48,53,56,
416.000000,166.000000,0.028035,9718152.000000,0.079197,0,1
41,40,43,38,48,48,52,58,
468.000000,166.000000,0.027658,50641288.000000,0.128886,0,1
31,41,37,48,45,49,56,60,
520.000000,166.000000,0.024182,3271096.500000,0.080366,0,1
24,25,27,33,29,26,43,50,
336.000000,167.000000,0.027648,11477698.000000,0.268751,0,1
42,41,42,46,46,47,56,64,
355.000000,167.000000,0.027281,52768700.000000,0.214790,0,1
32,41,36,48,36,48,53,56,
365.000000,167.000000,0.028194,18828186.000000,0.193181,0,1
40,45,46,50,51,51,57,78,
368.000000,167.000000,0.027067,37053300.000000,0.179804,0,1
39,46,45,52,50,51,64,58,
403.000000,167.000000,0.027826,22250552.000000,0.101531,0,1
43,48,48,53,58,53,68,77,
414.000000,167.000000,0.027180,17984688.000000,0.082268,0,1
35,43,46,53,47,53,58,60,
428.000000,167.000000,0.027797,12075301.000000,0.074042,0,1
43,48,49,53,53,54,59,62,
451.000000,167.000000,0.027513,14139156.000000,0.095982,0,1
45,48,49,56,56,56,61,61,
463.000000,167.000000,0.027255,39236208.000000,0.136761,0,1
44,48,47,56,56,56,61,63,
79.000000,168.000000,0.031625,4978031104.000000,1.168421,0,1
42,34,53,30,40,57,34,39,
328.000000,168.000000,0.022828,15739299.000000,0.068019,0,1
35,28,45,44,54,61,72,68,
344.000000,168.000000,0.027557,23969914.000000,0.246989,0,1
43,48,48,56,57,56,64,64,
368.000000,168.000000,0.027055,37618704.000000,0.180884,0,1
46,51,50,69,57,55,60,57,
414.000000,168.000000,0.027493,14880749.000000,0.085387,0,1
38,50,52,59,58,58,60,59,
80.000000,169.000000,0.031638,4863831040.000000,1.165393,0,1
53,40,57,34,50,59,39,48,
366.000000,169.000000,0.027646,32643828.000000,0.190084,0,1
52,64,64,73,69,58,64,57,
444.000000,169.000000,0.027206,7007868.000000,0.089071,0,1
55,63,61,76,68,60,67,61,
176.000000,172.000000,0.026654,82513368.000000,0.729764,0,1
22,28,23,32,33,29,49,56,
460.000000,172.000000,0.036871,4668795.500000,0.152096,0,1
66,69,71,62,66,71,62,62,
170.000000,173.000000,0.027127,113240880.000000,0.760358,0,1
25,31,35,40,42,45,56,56,
470.000000,175.000000,0.037704,2057401.250000,0.188113,0,1
60,58,59,67,63,62,66,59,
531.000000,175.000000,0.060873,103542768.000000,0.480187,0,1
29,21,38,21,35,41,22,34,
469.000000,177.000000,0.039458,3187711.750000,0.224081,0,1
65,62,68,56,57,62,54,54,
474.000000,177.000000,0.043971,3878195.500000,0.225629,0,1
62,63,61,66,62,56,63,59,
656.000000,177.000000,0.062302,331017056.000000,1.137468,0,1
22,25,27,21,37,39,30,26,
80.000000,178.000000,0.031448,774385600.000000,1.164046,0,1
41,32,41,40,44,48,51,56,
578.000000,179.000000,0.042800,11194366.000000,0.237647,0,1
15,22,17,36,30,22,34,22,
543.000000,180.000000,0.059846,12692345.000000,0.530845,0,1
42,42,44,30,35,43,27,27,
687.000000,181.000000,0.066361,81309008.000000,1.288314,0,1
18,20,18,31,24,18,34,36,
337.000000,182.000000,0.043386,15388603.000000,0.381289,0,1
62,58,64,60,71,71,73,70,
506.000000,182.000000,0.045448,14456922.000000,0.350518,0,1
53,55,52,54,50,49,43,50,
512.000000,182.000000,0.044996,67663616.000000,0.375764,0,1
50,52,51,48,44,42,42,39,
335.000000,183.000000,0.044267,13788453.000000,0.394961,0,1
57,59,63,60,66,76,66,70,
410.000000,183.000000,0.045197,17100696.000000,0.178146,0,1
60,59,60,60,60,58,69,76,
499.000000,184.000000,0.049411,9178429.000000,0.346584,0,1
53,43,42,52,49,48,55,58,
551.000000,184.000000,0.066285,41481512.000000,0.424626,0,1
49,44,50,27,42,51,25,25,
565.000000,184.000000,0.069582,28404148.000000,0.482213,0,1
30,34,31,50,39,35,51,53,
696.000000,184.000000,0.069226,80492072.000000,1.353105,0,1
19,20,21,32,24,21,39,38,
516.000000,185.000000,0.046789,11216671.000000,0.413664,0,1
40,38,38,49,48,47,52,53,
552.000000,185.000000,0.066864,24225716.000000,0.431111,0,1
50,42,51,25,34,46,25,26,
531.000000,188.000000,0.060798,54420692.000000,0.501676,0,1
28,22,34,21,31,36,21,26,
200.000000,190.000000,0.042530,21429292.000000,0.913437,0,1
59,59,62,60,65,70,70,63,
710.000000,190.000000,0.073032,138524496.000000,1.434809,0,1
24,24,22,34,27,21,35,37,
242.000000,191.000000,0.051048,6440877.500000,0.834732,0,1
62,60,59,63,64,63,70,63,
537.000000,191.000000,0.062633,59549428.000000,0.612869,0,1
28,30,25,37,32,24,38,31,
584.000000,191.000000,0.085575,223490560.000000,0.851638,0,1
24,21,34,20,28,41,21,28,
713.000000,191.000000,0.073221,58570808.000000,1.447778,0,1
22,21,20,33,25,19,36,38,
328.000000,192.000000,0.051354,58122724.000000,0.476391,0,1
80,82,62,81,61,58,62,60,
506.000000,192.000000,0.052525,10409802.000000,0.422877,0,1
46,53,52,63,61,58,61,61,
537.000000,192.000000,0.063039,58753252.000000,0.618097,0,1
28,37,26,38,33,24,36,26,
576.000000,192.000000,0.083620,64191708.000000,0.812788,0,1
35,38,36,50,40,33,51,51,
698.000000,192.000000,0.073326,37676592.000000,1.402147,0,1
41,39,40,32,35,38,30,27,
715.000000,192.000000,0.073854,39728804.000000,1.362838,0,1
20,21,19,34,27,20,38,37,
242.000000,193.000000,0.048762,4774120.000000,0.812838,0,1
64,70,72,65,63,62,62,61,
736.000000,194.000000,0.048113,62670204.000000,1.211634,0,1
12,15,14,22,20,21,24,23,
380.000000,196.000000,0.056456,2484275.000000,0.324353,0,1
58,59,58,59,58,57,58,59,
416.000000,196.000000,0.055848,17114398.000000,0.247983,0,1
62,77,60,74,70,62,65,64,
600.000000,196.000000,0.059975,13819132.000000,0.936489,0,1
44,43,43,36,38,38,30,28,
171.000000,197.000000,0.058367,18878988.000000,1.251633,0,1
61,61,62,62,65,69,70,71,
320.000000,197.000000,0.056641,56577992.000000,0.547384,0,1
84,89,75,94,77,61,74,62,
525.000000,197.000000,0.060867,328719488.000000,0.498951,0,1
57,54,47,44,42,26,34,34,
567.000000,197.000000,0.074412,19918660.000000,0.524279,0,1
47,34,46,24,32,45,22,23,
570.000000,197.000000,0.076146,23412962.000000,0.469521,0,1
53,51,52,38,46,47,35,34,
711.000000,197.000000,0.075355,22714826.000000,1.363940,0,1
40,41,42,32,38,42,30,30,
726.000000,197.000000,0.075792,64974176.000000,1.434500,0,1
24,28,23,38,34,25,36,36,
271.000000,198.000000,0.059817,8591106.000000,0.470946,0,1
62,61,60,61,62,62,69,67,
286.000000,198.000000,0.059932,7648569.500000,0.722147,0,1
61,62,61,62,62,61,73,64,
288.000000,198.000000,0.059353,8166991.500000,0.703547,0,1
61,61,61,62,61,60,74,63,
298.000000,198.000000,0.059822,7629546.500000,0.668370,0,1
61,59,60,61,62,62,69,65,
308.000000,198.000000,0.059578,10002424.000000,0.616568,0,1
60,59,60,64,64,63,69,66,
519.000000,198.000000,0.061989,115147136.000000,0.546236,0,1
51,54,50,55,49,40,50,38,
729.000000,198.000000,0.075514,58164016.000000,1.443842,0,1
22,25,21,38,32,21,36,36,
585.000000,199.000000,0.086943,47376808.000000,0.610702,0,1
24,24,25,20,33,28,33,44,
285.000000,200.000000,0.060628,6130198.500000,0.729059,0,1
62,72,73,65,65,63,63,63,
288.000000,200.000000,0.057800,8501468.000000,0.696915,0,1
61,74,70,64,63,63,62,63,
118.000000,201.000000,0.062325,11686706.000000,1.595837,0,1
58,57,56,58,58,58,65,64,
245.000000,201.000000,0.060741,12641890.000000,0.937451,0,1
63,69,71,59,60,60,59,59,
575.000000,203.000000,0.077562,24729302.000000,0.501290,0,1
45,37,46,24,34,45,23,22,
526.000000,204.000000,0.063197,16833290.000000,0.528987,0,1
31,36,31,52,47,37,57,57,
528.000000,204.000000,0.065751,21846364.000000,0.383394,0,1
23,31,25,47,37,30,53,52,
576.000000,204.000000,0.078293,16000382.000000,0.511384,0,1
46,34,45,23,33,37,22,22,
584.000000,206.000000,0.085744,513218720.000000,0.880528,0,1
34,20,44,19,35,47,20,33,
596.000000,207.000000,0.081812,17615892.000000,0.667067,0,1
27,33,28,48,40,28,51,51,
265.000000,208.000000,0.071185,15722125.000000,0.908397,0,1
62,62,62,63,63,65,71,71,
531.000000,208.000000,0.072223,59060056.000000,0.690732,0,1
42,50,43,54,43,35,49,51,
597.000000,208.000000,0.082274,38949964.000000,0.674832,0,1
28,40,28,51,42,29,51,49,
231.000000,209.000000,0.071365,23328254.000000,1.097789,0,1
58,59,59,62,62,61,71,67,
239.000000,209.000000,0.071809,30465970.000000,1.046885,0,1
57,56,59,61,64,65,76,69,
259.000000,209.000000,0.070835,30159530.000000,0.938144,0,1
60,60,61,67,70,70,74,67,
167.000000,210.000000,0.071663,14499843.000000,1.432704,0,1
62,64,64,65,66,64,74,70,
172.000000,210.000000,0.071849,22606854.000000,1.411379,0,1
61,64,64,64,65,65,75,70,
181.000000,210.000000,0.070916,25943776.000000,1.348852,0,1
61,63,63,66,67,66,78,69,
184.000000,210.000000,0.071498,33651716.000000,1.338038,0,1
60,61,63,67,68,68,77,67,
205.000000,210.000000,0.070613,35508808.000000,1.217310,0,1
61,62,61,68,68,67,75,65,
221.000000,210.000000,0.070321,28379580.000000,1.146832,0,1
59,60,63,69,69,71,73,63,
278.000000,210.000000,0.070501,34811344.000000,0.518689,0,1
65,76,75,69,72,70,62,60,
638.000000,210.000000,0.112048,81128800.000000,1.278227,0,1
22,20,25,18,22,26,18,21,
245.000000,211.000000,0.070904,43562176.000000,0.622399,0,1
67,81,81,69,67,66,63,63,
248.000000,211.000000,0.070606,44612456.000000,0.995905,0,1
68,80,78,66,65,66,62,64,
283.000000,211.000000,0.070918,21488868.000000,0.829648,0,1
70,70,68,61,60,58,55,53,
586.000000,212.000000,0.084254,80928288.000000,0.894996,0,1
45,34,44,21,31,41,19,19,
151.000000,213.000000,0.070885,21693658.000000,1.517414,0,1
68,73,75,64,63,63,62,65,
99.000000,215.000000,0.073431,41073716.000000,1.845302,0,1
72,61,63,63,66,73,77,68,
545.000000,215.000000,0.079439,32066820.000000,0.703671,0,1
30,36,31,56,51,43,59,60,
608.000000,215.000000,0.085718,37152856.000000,0.738086,0,1
25,28,25,46,30,25,49,49,
446.000000,216.000000,0.078284,9938341.000000,0.401885,0,1
63,61,61,57,59,61,52,50,
548.000000,216.000000,0.079306,46231204.000000,0.718108,0,1
27,43,34,59,56,50,59,58,
607.000000,219.000000,0.099852,25789978.000000,0.818678,0,1
49,48,46,37,42,33,29,21,
640.000000,220.000000,0.111019,44528660.000000,1.302628,0,1
29,26,31,23,29,30,24,24,
564.000000,222.000000,0.087272,21330988.000000,0.837721,0,1
28,39,29,54,41,29,53,54,
279.000000,223.000000,0.086017,31455566.000000,0.610033,0,1
58,58,64,61,66,78,83,89,
280.000000,223.000000,0.086015,46992816.000000,0.606769,0,1
58,58,69,63,73,79,85,85,
616.000000,223.000000,0.089217,69335336.000000,0.768271,0,1
32,49,35,27,41,38,21,21,
453.000000,224.000000,0.087973,8169565.000000,0.763449,0,1
55,54,53,60,57,53,60,62,
566.000000,224.000000,0.087522,16866286.000000,0.852505,0,1
29,37,29,54,47,32,57,57,
239.000000,225.000000,0.088329,39028032.000000,1.200545,0,1
57,58,58,58,59,60,68,65,
244.000000,225.000000,0.087292,50501148.000000,1.162017,0,1
57,58,57,60,59,59,72,63,
248.000000,225.000000,0.087671,29574660.000000,1.148745,0,1
57,58,58,59,60,61,69,64,
593.000000,225.000000,0.097138,5886288.500000,1.028806,0,1
23,21,23,15,18,20,14,14,
609.000000,225.000000,0.093518,60944504.000000,1.078332,0,1
23,25,27,23,25,36,23,20,
185.000000,226.000000,0.088465,28175276.000000,1.502843,0,1
55,58,58,59,60,60,68,70,
224.000000,226.000000,0.087336,32551566.000000,1.278412,0,1
58,60,61,63,65,65,67,62,
147.000000,227.000000,0.088534,45525932.000000,1.751835,0,1
60,60,61,59,59,61,69,69,
261.000000,227.000000,0.086171,27637146.000000,1.063170,0,1
65,66,65,62,61,60,58,56,
288.000000,228.000000,0.092341,3761526.000000,0.962595,0,1
55,56,56,56,56,58,59,61,
177.000000,229.000000,0.088338,33192718.000000,1.569617,0,1
63,66,67,59,60,60,57,60,
107.000000,230.000000,0.089253,21834936.000000,0.685103,0,1
64,79,78,64,66,67,59,59,
114.000000,230.000000,0.088250,102027152.000000,1.939063,0,1
70,75,73,67,66,65,59,58,
127.000000,230.000000,0.088194,105568984.000000,1.857997,0,1
64,78,78,61,61,61,57,56,
136.000000,230.000000,0.088208,58845208.000000,1.802855,0,1
70,73,71,62,62,61,57,57,
267.000000,230.000000,0.093703,20106256.000000,0.670930,0,1
55,56,60,57,66,94,74,103,
467.000000,230.000000,0.095299,8907901.000000,0.778500,0,1
54,53,53,59,56,55,59,60,
273.000000,231.000000,0.094630,22085290.000000,0.662241,0,1
102,104,88,102,79,58,70,58,
584.000000,231.000000,0.097131,58135068.000000,0.994874,0,1
23,31,26,51,41,36,56,56,
272.000000,232.000000,0.095676,20934578.000000,0.677883,0,1
104,102,79,98,70,58,67,60,
583.000000,232.000000,0.095822,50865676.000000,0.987285,0,1
31,51,41,57,56,49,58,56,
588.000000,232.000000,0.097950,108506720.000000,1.019511,0,1
23,33,29,49,45,40,54,56,
599.000000,233.000000,0.100081,222453776.000000,1.082531,0,1
20,23,23,35,34,34,49,52,
600.000000,233.000000,0.100077,229210240.000000,1.087140,0,1
20,23,23,34,34,34,49,51,
609.000000,233.000000,0.099828,189520960.000000,1.296254,0,1
25,24,30,36,38,36,43,45,
624.000000,233.000000,0.102926,11266029.000000,0.988224,0,1
15,19,15,37,26,17,39,39,
262.000000,234.000000,0.097020,38528344.000000,0.741792,0,1
61,62,73,62,79,100,83,99,
492.000000,238.000000,0.102998,6487061.000000,0.851914,0,1
62,59,60,57,59,57,53,52,
255.000000,239.000000,0.100686,47203468.000000,1.206777,0,1
62,61,73,63,76,91,79,85,
639.000000,239.000000,0.109896,75662704.000000,1.326452,0,1
15,18,14,22,21,16,28,34,
640.000000,239.000000,0.109733,50886672.000000,1.168044,0,1
17,15,14,22,18,14,31,34,
630.000000,242.000000,0.108905,28706256.000000,1.303766,0,1
27,27,22,39,29,21,43,42,
646.000000,242.000000,0.107629,12066248.000000,1.166885,0,1
13,18,15,34,25,17,38,41,
632.000000,243.000000,0.110531,26242618.000000,1.315427,0,1
23,24,23,39,31,27,42,43,
249.000000,244.000000,0.107725,28606156.000000,0.924098,0,1
64,66,85,73,96,92,98,100,
496.000000,244.000000,0.113437,4411323.000000,0.936049,0,1
54,57,53,57,58,55,59,60,
246.000000,245.000000,0.111816,29276764.000000,0.991730,0,1
60,60,73,63,82,98,90,102,
460.000000,246.000000,0.115188,2022739.375000,0.986240,0,1
57,59,58,62,59,57,63,62,
152.000000,247.000000,0.107649,36295316.000000,1.915262,0,1
62,63,63,61,62,62,57,58,
249.000000,248.000000,0.110500,58387084.000000,0.969777,0,1
100,101,83,102,77,59,71,60,
207.000000,250.000000,0.113087,329380224.000000,1.191598,0,1
61,61,60,70,70,69,87,78,
228.000000,250.000000,0.112730,156845136.000000,0.588534,0,1
61,61,61,81,84,84,93,72,
160.000000,251.000000,0.113755,214482768.000000,1.418971,0,1
61,63,63,69,71,72,87,76,
118.000000,252.000000,0.114844,50151016.000000,2.181039,0,1
62,62,62,69,71,71,80,75,
128.000000,252.000000,0.113951,60205480.000000,1.390167,0,1
62,64,63,73,74,76,87,71,
150.000000,252.000000,0.114326,117367288.000000,1.478540,0,1
62,67,68,74,77,85,73,66,
211.000000,252.000000,0.114037,337157792.000000,1.193554,0,1
69,90,91,77,77,77,64,62,
174.000000,253.000000,0.114188,228846784.000000,1.366447,0,1
75,86,88,70,68,68,63,60,
178.000000,253.000000,0.113992,318152352.000000,1.344551,0,1
78,87,89,68,71,71,61,61,
142.000000,254.000000,0.113284,29912034.000000,0.809691,0,1
79,82,78,65,64,62,58,56,
240.000000,254.000000,0.118390,35690372.000000,1.134601,0,1
103,103,94,102,88,62,81,59,
102.000000,255.000000,0.114602,17797674.000000,1.510389,0,1
70,71,71,67,66,66,63,61,
239.000000,255.000000,0.120083,38606144.000000,1.167377,0,1
103,102,88,100,81,59,74,58,
108.000000,256.000000,0.114544,32510122.000000,2.254914,0,1
77,65,65,62,63,63,61,61,
112.000000,256.000000,0.113875,27218020.000000,2.222774,0,1
78,65,65,63,62,62,61,61,
240.000000,256.000000,0.120853,40122296.000000,1.443656,0,1
88,81,59,74,59,58,58,57,
440.000000,256.000000,0.117921,1917168.250000,0.519496,0,1
62,61,61,58,59,58,57,56,
668.000000,260.000000,0.129134,9593873.000000,1.777308,0,1
31,33,30,43,38,33,46,46,
224.000000,261.000000,0.124661,35608464.000000,1.330651,0,1
71,76,97,83,98,98,99,99,
220.000000,262.000000,0.129411,27430530.000000,1.437098,0,1
59,60,69,61,77,99,87,98,
696.000000,263.000000,0.135098,18456594.000000,1.432113,0,1
13,13,12,28,17,13,32,28,
678.000000,264.000000,0.134963,13551786.000000,1.858120,0,1
27,32,28,42,37,34,43,43,
680.000000,264.000000,0.135296,20138966.000000,1.868007,0,1
27,28,29,37,34,34,41,42,
695.000000,264.000000,0.134873,23145366.000000,1.437967,0,1
13,28,17,36,32,21,35,30,
224.000000,265.000000,0.132358,41008040.000000,1.479468,0,1
99,99,88,96,81,59,75,59,
223.000000,266.000000,0.133284,82388256.000000,1.505557,0,1
99,96,81,91,75,59,69,59,
207.000000,271.000000,0.134654,120322640.000000,1.755636,0,1
61,61,71,62,76,90,80,91,
211.000000,274.000000,0.137488,122067088.000000,1.763972,0,1
83,89,89,80,76,64,68,59,
325.000000,274.000000,0.143455,1590150.500000,0.815027,0,1
51,49,49,53,51,54,53,54,
493.000000,282.000000,0.148561,1862001.625000,0.487983,0,1
51,41,51,48,45,51,51,54,
174.000000,293.000000,0.160561,42141668.000000,1.241449,0,1
60,61,72,63,79,96,82,89,
183.000000,293.000000,0.159330,81278624.000000,1.195314,0,1
79,89,87,98,92,65,87,64,
132.000000,295.000000,0.161626,113709264.000000,2.479201,0,1
59,58,58,62,61,60,72,80,
143.000000,295.000000,0.161256,148634656.000000,1.688624,0,1
58,57,57,64,65,65,78,84,
158.000000,295.000000,0.161059,241709440.000000,1.311592,0,1
58,60,59,78,80,82,95,94,
243.000000,295.000000,0.159668,1357602.625000,0.750379,0,1
60,61,57,60,56,49,54,52,
149.000000,298.000000,0.163296,137634304.000000,1.378335,0,1
89,89,91,80,79,84,66,61,
157.000000,298.000000,0.163364,142891968.000000,1.348664,0,1
95,96,94,88,83,78,64,59,
177.000000,298.000000,0.165250,44888108.000000,1.294813,0,1
98,97,80,94,77,62,72,60,
192.000000,288.000000,0.154237,17221096.000000,1.411482,0,1
89,92,74,83,68,61,63,60,
187.000000,286.000000,0.151077,28431500.000000,2.017759,0,1
70,74,83,77,88,88,91,93,
203.000000,280.000000,0.149196,19340644.000000,1.882165,0,1
89,85,74,79,69,59,64,60,
734.000000,200.000000,0.076991,77845504.000000,1.481349,0,1
19,23,19,34,30,23,35,35,
603.000000,56.000000,0.019028,2008531968.000000,0.463093,0,1
81,81,58,80,59,45,65,47,
272.000000,198.000000,0.059851,7480786.500000,0.468909,0,1
61,60,60,61,62,61,71,67,
528.000000,195.000000,0.061197,442966560.000000,0.506279,0,1
22,34,18,51,22,20,32,19,
392.000000,64.000000,0.000555,20751008.000000,0.006649,0,1
108,107,108,107,107,106,106,104,
641.000000,65.000000,0.025330,1018350464.000000,0.638070,0,1
22,35,18,26,21,17,33,21,
527.000000,191.000000,0.061264,352855040.000000,0.494345,0,1
31,43,23,54,31,23,48,33,
637.000000,74.000000,0.025179,1142143872.000000,0.621155,0,1
25,35,18,37,25,25,35,24,
571.000000,79.000000,0.018431,1152422656.000000,0.094821,0,1
58,85,38,92,72,32,93,79,
485.000000,184.000000,0.048742,9803563.000000,0.296298,0,1
51,46,48,50,53,51,54,58,
571.000000,86.000000,0.018198,477563520.000000,0.081966,0,1
85,112,47,104,81,30,55,30,
62.000000,179.000000,0.032044,47097764.000000,1.247336,0,1
27,34,35,43,44,45,52,57,
655.000000,178.000000,0.062406,356253568.000000,1.135676,0,1
25,21,37,19,30,36,26,23,
530.000000,177.000000,0.061160,98883568.000000,0.480392,0,1
22,21,35,24,22,38,24,23,
112.000000,176.000000,0.031670,11766687.000000,1.052059,0,1
27,29,30,36,37,39,48,53,
498.000000,95.000000,0.003778,314718944.000000,0.022459,0,1
119,118,118,119,106,105,112,88,
92.000000,174.000000,0.029925,2197329152.000000,1.080596,0,1
45,49,37,49,42,31,44,39,
468.000000,98.000000,0.001023,215350752.000000,0.008506,0,1
103,109,113,122,124,128,134,143,
122.000000,102.000000,0.012783,3491110144.000000,0.501446,0,1
60,57,49,54,45,33,54,43,
327.000000,167.000000,0.021393,24961830.000000,0.063915,0,1
26,24,35,25,28,45,44,72,
439.000000,166.000000,0.027784,16135008.000000,0.077263,0,1
39,44,44,51,50,49,59,64,
491.000000,165.000000,0.027424,35257808.000000,0.181027,0,1
22,21,22,30,30,30,50,56,
495.000000,103.000000,0.008574,53104108.000000,0.022254,0,1
147,136,130,119,92,78,58,32,
339.000000,107.000000,0.006427,474380000.000000,0.078358,0,1
65,66,51,92,66,62,92,74,
289.000000,156.000000,0.027586,161351744.000000,0.211361,0,1
62,76,63,57,56,37,42,27,
228.000000,155.000000,0.027545,711629056.000000,0.308650,0,1
56,52,78,56,58,78,37,38,
198.000000,109.000000,0.009997,283380864.000000,0.297733,0,1
61,58,59,37,36,48,46,33,
119.000000,110.000000,0.012772,1901074176.000000,0.505211,0,1
44,41,49,29,38,54,29,35,
64.000000,150.000000,0.014467,83141856.000000,0.696120,0,1
56,53,51,38,37,35,22,21,
68.000000,115.000000,0.012882,3547750656.000000,0.601990,0,1
32,46,27,47,35,27,53,58,
44.000000,116.000000,0.012826,1300921472.000000,0.644779,0,1
29,27,32,36,38,44,51,59,
192.000000,119.000000,0.015775,678435264.000000,0.449019,0,1
23,29,26,49,45,44,58,60,
318.000000,119.000000,0.001362,433920864.000000,0.021009,0,1
90,85,90,44,67,90,37,42,
55.000000,140.000000,0.006610,1018351040.000000,0.347659,0,1
20,21,23,31,33,34,46,56,
211.000000,120.000000,0.009571,3653620480.000000,0.268068,0,1
52,29,58,31,51,57,46,60,
124.000000,139.000000,0.013361,467741152.000000,0.514779,0,1
24,30,25,38,33,31,42,41,
319.000000,132.000000,0.003260,134716224.000000,0.047864,0,1
56,44,55,26,40,45,26,25,
51.000000,126.000000,0.012700,257248112.000000,0.625893,0,1
59,57,56,46,46,45,24,21,
265.000000,126.000000,0.006791,1054403776.000000,0.145500,0,1
31,50,29,58,38,41,58,61,
305.000000,128.000000,0.003520,170839760.000000,0.058516,0,1
38,35,51,31,35,48,32,34,
441.000000,128.000000,0.002470,4220760.000000,0.005638,0,1
34,41,30,44,32,27,32,26,
204.000000,273.000000,0.137479,144972976.000000,1.721106,0,1
61,63,72,63,81,93,80,84,
637.000000,59.000000,0.025190,1159366400.000000,0.633102,0,1
26,36,21,39,30,31,38,30,
344.000000,60.000000,0.000140,16548662.000000,0.002233,0,1
122,121,121,119,119,119,119,118,
482.000000,120.000000,0.010478,73286136.000000,0.069977,0,1
69,59,50,46,53,39,38,28,
61.000000,140.000000,0.005288,1389091968.000000,0.277895,0,1
21,23,23,34,35,36,49,57,
462.000000,88.000000,0.001130,25334346.000000,0.009151,0,1
78,77,78,80,81,84,84,88,
527.000000,176.000000,0.061427,382438528.000000,0.467867,0,1
34,53,24,57,35,21,51,34,
345.000000,95.000000,0.005578,488739232.000000,0.067870,0,1
81,80,70,82,64,58,67,62,
501.000000,97.000000,0.004261,1519361408.000000,0.044754,0,1
120,85,132,78,112,145,102,137,
345.000000,99.000000,0.006132,811778176.000000,0.072667,0,1
62,68,46,74,57,45,53,36,
94.000000,103.000000,0.013098,4609006080.000000,0.563106,0,1
47,48,36,47,40,26,47,42,
359.000000,116.000000,0.004040,49524488.000000,0.007808,0,1
87,67,66,36,59,40,40,38,
300.000000,111.000000,0.006775,162440480.000000,0.024900,0,1
73,79,57,80,69,50,79,68,
305.000000,111.000000,0.006332,338393984.000000,0.049771,0,1
71,65,80,55,74,86,63,74,
304.000000,112.000000,0.007093,154164448.000000,0.025217,0,1
65,55,74,46,63,84,53,65,
247.000000,151.000000,0.027870,14336087.000000,0.280400,0,1
31,30,28,32,34,39,68,81,
