# timestamp
1608635242502068992

# fx, fy, cx, cy, width, height, npoints
501.487152,501.475311,421.779358,167.666199,800,400,638

# camToWorld: translation vector, rotation quaternion
-21.747502,82.780587,7.259939,-0.649150,-0.309101,0.325017,0.614350

# Exposure time (ms)
0.256395

# GPS Data
# GPSData: Covariance matrix
0.000024,0.000000,0.000000,0.000000,0.000047,0.000000,0.000000,0.000000,0.000116

# GPSData: GPS point
84.135291,-6.546975,6.331923

# Point Cloud Data : 
# u,v,idepth_scaled,idepth_hessian,maxRelBaseline,numGoodRes,status 
# color information 
743.000000,118.000000,0.009623,230947392.000000,0.265888,0,1
61,59,58,47,47,49,28,16,
746.000000,120.000000,0.008722,948923648.000000,0.239413,0,1
51,26,35,15,19,33,13,17,
743.000000,128.000000,0.007371,18515012.000000,0.060987,0,1
14,16,14,28,26,27,49,58,
712.000000,264.000000,0.138032,30190338.000000,1.529697,0,1
53,56,55,57,57,57,57,58,
712.000000,82.000000,0.008850,1123462528.000000,0.348974,0,1
77,73,71,52,50,59,26,34,
699.000000,83.000000,0.010075,1119034752.000000,0.423450,0,1
73,62,64,43,41,44,29,35,
726.000000,84.000000,0.008489,468011648.000000,0.300898,0,1
74,67,70,47,50,59,30,23,
730.000000,87.000000,0.008542,2398761472.000000,0.290221,0,1
68,55,70,34,56,61,33,28,
736.000000,87.000000,0.008308,585572608.000000,0.270115,0,1
77,75,75,66,70,73,51,53,
723.000000,89.000000,0.008308,180429456.000000,0.299408,0,1
21,22,24,36,41,31,43,41,
715.000000,90.000000,0.008730,791959488.000000,0.331156,0,1
25,23,31,22,38,37,31,45,
708.000000,92.000000,0.007925,31362058.000000,0.058098,0,1
20,22,19,33,28,26,34,33,
738.000000,94.000000,0.008166,1363661184.000000,0.257398,0,1
70,64,68,49,55,58,46,61,
730.000000,95.000000,0.009082,2258422016.000000,0.298157,0,1
29,29,39,29,46,57,40,50,
723.000000,96.000000,0.008505,424339072.000000,0.299947,0,1
30,34,29,43,42,36,46,45,
712.000000,97.000000,0.008632,623350784.000000,0.334782,0,1
20,27,35,31,38,43,32,40,
699.000000,99.000000,0.009858,263270048.000000,0.404438,0,1
42,41,42,36,34,36,35,34,
737.000000,101.000000,0.008913,830054784.000000,0.283097,0,1
62,58,60,37,45,54,24,24,
703.000000,108.000000,0.008781,94953072.000000,0.398006,0,1
25,29,24,33,30,29,47,57,
735.000000,111.000000,0.008990,210563632.000000,0.071958,0,1
22,30,21,50,39,41,57,61,
726.000000,127.000000,0.009174,672601280.000000,0.306076,0,1
18,16,24,17,19,33,23,43,
728.000000,127.000000,0.009236,1692604928.000000,0.293437,0,1
32,24,36,19,33,35,32,48,
719.000000,129.000000,0.010335,454562368.000000,0.345459,0,1
37,37,30,49,49,43,59,60,
733.000000,136.000000,0.009659,484243968.000000,0.290392,0,1
58,54,52,41,28,25,22,16,
737.000000,136.000000,0.009337,674037824.000000,0.272095,0,1
59,50,52,25,30,41,16,20,
689.000000,173.000000,0.101492,8694668.000000,0.437863,0,1
48,44,43,34,33,32,26,26,
692.000000,179.000000,0.103582,28605752.000000,0.457213,0,1
29,23,34,21,28,39,24,28,
692.000000,206.000000,0.101299,18800332.000000,0.492817,0,1
19,23,14,29,18,10,23,19,
686.000000,216.000000,0.102576,23858548.000000,0.502829,0,1
18,12,23,10,19,24,16,22,
678.000000,217.000000,0.089849,4886642.500000,0.449448,0,1
7,9,10,10,14,16,19,17,
700.000000,218.000000,0.078364,6797638.500000,0.450515,0,1
10,11,13,17,22,22,27,21,
716.000000,220.000000,0.067037,5976221.000000,0.228050,0,1
12,22,13,31,20,10,22,16,
704.000000,222.000000,0.071002,13103670.000000,0.230984,0,1
30,25,33,17,33,48,21,23,
725.000000,223.000000,0.069209,27009140.000000,0.235704,0,1
11,15,20,22,35,45,45,57,
706.000000,224.000000,0.069199,6672938.500000,0.229032,0,1
48,34,30,23,17,17,14,11,
694.000000,231.000000,0.104900,119163712.000000,1.024577,0,1
19,22,27,19,31,36,28,41,
704.000000,235.000000,0.108738,8385915.000000,0.344806,0,1
43,46,44,64,60,55,84,77,
715.000000,236.000000,0.102921,73621288.000000,1.286606,0,1
46,45,46,62,57,52,68,60,
664.000000,237.000000,0.107787,38270696.000000,0.307321,0,1
56,55,63,63,75,87,89,94,
672.000000,245.000000,0.117283,51732168.000000,0.341723,0,1
55,56,65,62,80,92,88,99,
683.000000,245.000000,0.118004,56330740.000000,0.352188,0,1
100,98,88,91,76,61,65,55,
667.000000,247.000000,0.119195,60021944.000000,0.342663,0,1
55,55,63,60,80,91,92,100,
664.000000,248.000000,0.120607,62077980.000000,0.343352,0,1
55,54,60,58,75,92,89,100,
672.000000,249.000000,0.122498,58362448.000000,0.354318,0,1
99,100,90,95,77,64,66,56,
654.000000,252.000000,0.124464,47325820.000000,0.344966,0,1
52,55,62,62,73,87,88,98,
656.000000,256.000000,0.128878,46640608.000000,0.358384,0,1
99,99,85,92,72,64,65,58,
646.000000,260.000000,0.132908,49606292.000000,0.359905,0,1
102,104,95,98,82,67,72,63,
640.000000,264.000000,0.135276,80646624.000000,1.272001,0,1
88,77,66,69,63,59,61,59,
692.000000,264.000000,0.137757,28896724.000000,1.679924,0,1
56,56,55,56,57,56,59,60,
695.000000,108.000000,0.010066,66261796.000000,0.418499,0,1
27,29,30,38,36,37,53,59,
288.000000,62.000000,0.015443,2341445.750000,0.027108,0,1
68,66,67,65,64,66,61,58,
288.000000,65.000000,0.014035,3941576.000000,0.027717,0,1
62,55,63,55,54,62,49,48,
512.000000,70.000000,0.013650,14380489728.000000,1.829565,0,1
75,70,64,65,51,48,44,33,
266.000000,71.000000,0.014008,2331284.500000,0.027912,0,1
58,62,53,59,57,57,59,56,
286.000000,71.000000,0.011642,2519508.000000,0.020601,0,1
49,55,45,51,50,43,53,46,
503.000000,71.000000,0.013172,6716629504.000000,1.896504,0,1
75,75,74,73,71,69,68,52,
510.000000,71.000000,0.013603,19006746624.000000,1.847929,0,1
73,72,56,70,53,41,53,40,
532.000000,71.000000,0.013363,1233278208.000000,1.591607,0,1
75,69,70,54,54,59,43,34,
536.000000,71.000000,0.012831,835373440.000000,1.514060,0,1
76,72,74,59,64,67,48,41,
565.000000,71.000000,0.014960,663457344.000000,1.380761,0,1
79,75,76,59,66,72,44,45,
568.000000,71.000000,0.014467,288360768.000000,0.797001,0,1
80,77,78,69,74,75,48,42,
285.000000,72.000000,0.010892,2197357.000000,0.021198,0,1
55,51,50,49,53,43,43,43,
509.000000,72.000000,0.013598,14066835456.000000,1.857873,0,1
72,70,53,57,53,38,44,40,
543.000000,72.000000,0.013186,759442048.000000,1.471063,0,1
77,72,72,57,57,58,36,38,
544.000000,72.000000,0.013156,629460736.000000,1.460204,0,1
75,72,73,57,57,52,36,41,
571.000000,72.000000,0.014807,338546080.000000,0.793514,0,1
79,75,77,53,63,70,38,48,
552.000000,73.000000,0.016023,946514304.000000,0.947845,0,1
63,32,30,39,44,51,60,62,
578.000000,73.000000,0.014666,345145344.000000,1.255001,0,1
78,74,75,54,62,65,35,47,
523.000000,75.000000,0.014154,77147736.000000,0.093395,0,1
42,56,62,50,52,61,34,37,
591.000000,75.000000,0.014036,427290176.000000,1.123041,0,1
76,70,72,46,50,58,40,51,
595.000000,75.000000,0.013511,357937216.000000,1.069301,0,1
77,74,75,58,66,70,38,44,
267.000000,76.000000,0.014235,2899974.500000,0.028054,0,1
49,50,43,51,47,42,50,47,
464.000000,76.000000,0.015413,45027800.000000,2.598562,0,1
63,61,65,63,59,66,57,53,
533.000000,76.000000,0.015512,1826058240.000000,1.725421,0,1
28,31,32,40,46,52,60,62,
608.000000,77.000000,0.013399,400908096.000000,0.975721,0,1
77,71,73,52,56,60,39,47,
663.000000,77.000000,0.011662,555435328.000000,0.615973,0,1
78,68,72,52,55,56,40,35,
665.000000,77.000000,0.011606,687708160.000000,0.605465,0,1
78,72,75,55,56,62,36,38,
248.000000,78.000000,0.013236,898391.375000,0.035669,0,1
57,51,56,53,55,54,51,47,
617.000000,78.000000,0.013531,190560160.000000,0.862944,0,1
75,73,74,53,62,68,37,46,
652.000000,78.000000,0.012386,241771072.000000,0.698121,0,1
41,28,31,32,43,50,32,33,
495.000000,79.000000,0.015267,5641306.000000,0.062409,0,1
69,68,68,66,65,62,56,36,
499.000000,79.000000,0.013239,29574494208.000000,1.941018,0,1
63,66,49,62,54,38,42,46,
676.000000,79.000000,0.011451,606293056.000000,0.553023,0,1
77,70,71,41,47,59,31,34,
688.000000,79.000000,0.009977,260176336.000000,0.460004,0,1
80,78,79,75,76,77,63,51,
293.000000,80.000000,0.012848,2538149.500000,0.024611,0,1
52,53,50,54,47,43,46,48,
496.000000,80.000000,0.015887,6391905.500000,0.065270,0,1
68,65,62,56,48,42,36,58,
507.000000,80.000000,0.014835,780040768.000000,0.795213,0,1
25,30,34,42,48,52,59,62,
512.000000,80.000000,0.014864,3672130304.000000,1.905041,0,1
26,41,46,55,58,60,62,63,
685.000000,80.000000,0.010943,613779584.000000,0.501174,0,1
79,72,75,53,56,63,35,33,
247.000000,81.000000,0.013685,1090107.625000,0.029310,0,1
51,53,47,57,51,51,57,56,
296.000000,81.000000,0.016282,2147606.500000,0.028594,0,1
49,43,47,42,46,52,53,55,
487.000000,81.000000,0.014261,3470706944.000000,2.181558,0,1
67,65,65,60,56,48,37,52,
625.000000,81.000000,0.012776,724990848.000000,0.842977,0,1
33,33,31,49,46,40,60,62,
693.000000,81.000000,0.010395,574086336.000000,0.454716,0,1
77,75,75,57,64,68,37,35,
248.000000,82.000000,0.014205,1345604.750000,0.030341,0,1
47,51,51,57,54,53,56,54,
283.000000,82.000000,0.013235,2506709.250000,0.023211,0,1
51,45,51,46,45,41,41,39,
637.000000,82.000000,0.012580,424438368.000000,0.768456,0,1
39,34,34,43,39,33,55,61,
455.000000,83.000000,0.003686,123386328.000000,0.055192,0,1
60,47,59,44,47,56,31,28,
475.000000,83.000000,0.014083,2705709824.000000,2.340871,0,1
65,63,61,55,50,43,38,51,
490.000000,83.000000,0.014437,106542056.000000,0.129768,0,1
44,36,42,56,59,62,61,61,
641.000000,83.000000,0.012299,316103616.000000,0.737385,0,1
33,32,30,54,47,41,60,62,
468.000000,84.000000,0.014044,2521746688.000000,2.440381,0,1
61,58,55,48,48,44,37,45,
649.000000,84.000000,0.011463,314769216.000000,0.663546,0,1
34,34,29,48,43,41,61,62,
579.000000,85.000000,0.015334,464859392.000000,1.280099,0,1
63,60,61,40,47,49,20,17,
572.000000,86.000000,0.015726,7166112256.000000,1.341924,0,1
58,52,32,41,36,19,50,42,
271.000000,87.000000,0.014530,1743783.000000,0.025641,0,1
32,42,31,43,36,32,43,39,
459.000000,87.000000,0.012624,107017480.000000,0.160593,0,1
37,28,31,32,38,41,46,55,
524.000000,87.000000,0.015054,1040990912.000000,1.785225,0,1
61,62,62,61,59,59,52,21,
531.000000,87.000000,0.015542,4027470848.000000,1.726351,0,1
61,59,57,56,48,42,29,23,
538.000000,87.000000,0.015749,17453160448.000000,1.662684,0,1
61,60,46,59,41,25,55,40,
591.000000,87.000000,0.015137,622959104.000000,0.693799,0,1
62,59,60,50,43,58,27,24,
595.000000,87.000000,0.014365,509973760.000000,1.133890,0,1
62,61,61,58,53,57,45,26,
605.000000,87.000000,0.014525,2060061440.000000,1.034545,0,1
62,63,61,61,58,56,46,22,
271.000000,88.000000,0.014380,1791262.875000,0.025794,0,1
34,42,29,42,37,31,42,41,
274.000000,88.000000,0.013187,2804952.000000,0.030832,0,1
39,32,44,30,39,45,32,36,
289.000000,88.000000,0.015197,1343983.250000,0.026069,0,1
47,42,45,40,45,47,37,43,
455.000000,88.000000,0.013158,152694224.000000,0.169372,0,1
27,29,32,40,45,43,58,60,
456.000000,88.000000,0.013045,153176768.000000,0.167376,0,1
28,31,32,43,45,46,58,59,
529.000000,88.000000,0.015507,17444796416.000000,1.743497,0,1
60,60,51,59,40,25,53,35,
544.000000,88.000000,0.015819,15443959808.000000,1.603939,0,1
44,29,57,34,42,62,37,49,
596.000000,88.000000,0.014468,492752288.000000,0.656326,0,1
61,53,57,45,31,52,26,23,
447.000000,89.000000,0.012975,116109968.000000,0.180297,0,1
31,30,31,36,42,47,57,60,
538.000000,89.000000,0.015752,22321328128.000000,1.660735,0,1
41,55,24,59,40,28,57,41,
604.000000,89.000000,0.014433,3761756672.000000,1.037619,0,1
59,52,39,34,37,19,45,39,
616.000000,89.000000,0.014110,346043168.000000,0.945169,0,1
62,56,57,34,37,42,20,18,
425.000000,90.000000,0.011961,14796290.000000,0.028991,0,1
60,57,59,47,50,52,29,34,
624.000000,90.000000,0.013522,1355996928.000000,0.871162,0,1
62,60,60,40,51,56,35,23,
633.000000,91.000000,0.013631,365616000.000000,0.837578,0,1
61,59,60,52,47,55,34,24,
403.000000,92.000000,0.012472,9853616.000000,0.024755,0,1
39,26,27,32,42,50,53,54,
432.000000,92.000000,0.012862,894908160.000000,1.675277,0,1
48,36,40,51,57,60,60,61,
396.000000,93.000000,0.007791,6059113.000000,0.016583,0,1
44,28,42,30,37,43,57,57,
422.000000,93.000000,0.012646,134942192.000000,0.225003,0,1
24,27,29,37,44,50,58,61,
492.000000,93.000000,0.014294,2178065152.000000,2.112512,0,1
59,53,57,36,38,54,21,29,
503.000000,93.000000,0.014851,23667918848.000000,2.001388,0,1
47,52,27,45,41,21,48,43,
387.000000,94.000000,0.009683,12817201.000000,0.016193,0,1
55,53,30,57,42,33,56,55,
484.000000,94.000000,0.014316,8689041408.000000,2.212852,0,1
58,53,56,36,33,55,20,25,
573.000000,94.000000,0.015661,9837692928.000000,1.323957,0,1
31,44,20,49,29,17,42,26,
255.000000,95.000000,0.012108,2366188.000000,0.030675,0,1
44,38,44,38,37,46,37,36,
342.000000,95.000000,0.047928,273560544.000000,8.430896,0,1
56,55,54,54,51,49,44,27,
348.000000,95.000000,0.046106,9165475.000000,0.073714,0,1
54,52,44,45,36,30,26,24,
468.000000,95.000000,0.017768,8027054.500000,0.059318,0,1
53,49,45,42,36,28,23,21,
567.000000,95.000000,0.015886,9965769728.000000,0.832337,0,1
35,54,24,62,34,26,53,36,
288.000000,96.000000,0.013041,4435928.500000,0.025536,0,1
45,38,47,31,45,53,35,51,
341.000000,96.000000,0.046015,7933103.000000,0.071275,0,1
55,54,51,52,44,37,36,31,
401.000000,96.000000,0.010676,9636406.000000,0.021728,0,1
26,25,31,33,38,45,55,59,
464.000000,96.000000,0.016141,213554528.000000,0.179639,0,1
40,43,40,42,32,25,31,29,
544.000000,96.000000,0.015791,11850812416.000000,1.594215,0,1
48,40,56,32,39,60,22,32,
653.000000,96.000000,0.012621,6488310784.000000,0.678359,0,1
34,47,31,60,50,42,56,45,
298.000000,98.000000,0.008982,1515970.000000,0.022641,0,1
34,34,39,40,44,47,39,46,
456.000000,98.000000,0.013329,4021138688.000000,1.474636,0,1
53,47,51,31,34,43,24,31,
524.000000,98.000000,0.017547,2578795264.000000,1.162080,0,1
42,35,37,22,32,40,20,21,
244.000000,99.000000,0.012161,710918.750000,0.022654,0,1
54,51,53,44,46,49,48,52,
388.000000,99.000000,0.013012,3957319.500000,0.023644,0,1
40,37,41,53,56,57,59,59,
381.000000,100.000000,0.012927,3210532.000000,0.023026,0,1
46,37,41,53,56,57,59,60,
277.000000,101.000000,0.012568,1760885.875000,0.026805,0,1
37,35,37,41,40,43,46,51,
374.000000,101.000000,0.012731,2901171.250000,0.021607,0,1
47,38,40,50,56,58,58,59,
439.000000,101.000000,0.012086,74427880.000000,0.031525,0,1
54,54,32,47,36,23,52,38,
445.000000,101.000000,0.014406,17905983488.000000,1.656194,0,1
46,54,24,42,43,23,54,45,
509.000000,101.000000,0.014875,273975040.000000,0.093074,0,1
40,21,50,18,36,51,21,36,
619.000000,101.000000,0.012479,675019648.000000,0.845899,0,1
19,28,16,26,23,16,30,23,
257.000000,102.000000,0.014916,1632888.000000,0.032845,0,1
36,41,35,43,39,43,43,44,
575.000000,102.000000,0.014624,102028192.000000,0.787632,0,1
18,25,23,46,41,38,57,61,
581.000000,102.000000,0.015103,2038109824.000000,1.223039,0,1
18,19,29,35,33,52,56,61,
585.000000,102.000000,0.015141,398124640.000000,0.714513,0,1
26,39,28,52,35,41,58,62,
656.000000,102.000000,0.010961,61957048.000000,0.055671,0,1
30,35,27,45,34,33,39,31,
287.000000,103.000000,0.012253,5973825.000000,0.024537,0,1
36,28,44,38,41,52,30,46,
361.000000,103.000000,0.012537,2573729.750000,0.020612,0,1
46,39,39,48,54,57,59,60,
415.000000,103.000000,0.012310,289969536.000000,0.228207,0,1
59,58,53,54,46,35,52,38,
427.000000,103.000000,0.012682,527376512.000000,0.209411,0,1
48,54,25,53,31,25,54,35,
600.000000,103.000000,0.013218,141254672.000000,0.631082,0,1
35,51,27,52,43,39,61,61,
276.000000,104.000000,0.011536,3211747.750000,0.027200,0,1
46,42,51,43,49,49,41,46,
427.000000,104.000000,0.012679,573134272.000000,0.209051,0,1
34,53,22,52,33,25,54,36,
456.000000,104.000000,0.013366,13532752896.000000,1.472718,0,1
31,23,45,23,29,41,22,27,
520.000000,104.000000,0.015201,186019232.000000,0.732763,0,1
47,57,29,50,45,28,57,57,
529.000000,104.000000,0.015441,3677116928.000000,1.034978,0,1
43,56,30,56,48,47,59,59,
591.000000,104.000000,0.016069,100275560.000000,1.185779,0,1
33,51,49,61,60,61,61,61,
634.000000,104.000000,0.013024,310840096.000000,0.787539,0,1
34,30,45,37,36,44,40,57,
421.000000,105.000000,0.011438,72823600.000000,0.025086,0,1
34,52,24,48,36,27,52,38,
512.000000,105.000000,0.015027,7757004288.000000,1.892320,0,1
37,55,24,52,34,28,54,56,
629.000000,105.000000,0.012429,1710840192.000000,0.785607,0,1
28,34,38,55,46,51,58,60,
342.000000,106.000000,0.013720,4362673.000000,0.026282,0,1
44,39,41,48,54,57,60,61,
505.000000,106.000000,0.013620,9718506496.000000,1.872090,0,1
21,31,21,44,29,31,48,51,
655.000000,106.000000,0.011384,56639648.000000,0.056343,0,1
36,35,28,50,46,43,57,60,
335.000000,107.000000,0.011306,2926096.000000,0.020136,0,1
44,39,41,48,52,55,60,61,
497.000000,107.000000,0.014649,6313479680.000000,2.052947,0,1
23,31,23,48,33,35,50,50,
242.000000,108.000000,0.009806,4734511.000000,0.015830,0,1
46,42,41,40,35,34,28,25,
284.000000,108.000000,0.012809,2731048.500000,0.023157,0,1
51,46,35,31,42,42,35,30,
318.000000,108.000000,0.007047,2044765.625000,0.012812,0,1
55,54,52,55,50,35,54,55,
465.000000,108.000000,0.012940,8342103040.000000,1.360855,0,1
23,31,19,30,25,20,31,25,
489.000000,108.000000,0.014389,3832999168.000000,1.263042,0,1
21,32,22,48,39,38,51,52,
239.000000,109.000000,0.008169,7543821.500000,0.014552,0,1
42,41,40,40,33,28,39,32,
266.000000,109.000000,0.010755,895003.625000,0.024675,0,1
46,41,47,35,39,42,31,32,
381.000000,109.000000,0.010580,28218132.000000,0.015945,0,1
52,34,54,28,30,46,25,29,
255.000000,110.000000,0.008519,731481.187500,0.015876,0,1
41,37,41,32,36,41,31,27,
476.000000,110.000000,0.012414,2453385472.000000,1.235796,0,1
24,23,25,29,35,32,38,37,
195.000000,111.000000,0.011589,1264175.250000,0.037773,0,1
52,49,49,46,46,47,39,36,
257.000000,111.000000,0.008795,678555.812500,0.013255,0,1
40,40,39,31,34,41,27,24,
300.000000,111.000000,0.000159,2647311.500000,0.004228,0,1
51,47,50,35,44,46,33,36,
662.000000,111.000000,0.024317,135662288.000000,0.545354,0,1
55,36,45,36,48,58,44,53,
156.000000,112.000000,0.008647,21206474.000000,0.032598,0,1
53,48,41,41,34,26,28,24,
240.000000,112.000000,0.009610,8085934.000000,0.015500,0,1
26,32,25,38,25,24,26,23,
258.000000,112.000000,0.007106,987880.062500,0.010709,0,1
39,34,41,27,33,40,24,24,
300.000000,112.000000,0.001176,2557574.000000,0.005369,0,1
50,38,48,33,40,47,31,36,
353.000000,112.000000,0.006759,11362800.000000,0.010187,0,1
58,43,43,30,23,52,25,19,
446.000000,112.000000,0.012879,55756848.000000,0.034578,0,1
30,50,23,51,32,29,53,56,
449.000000,112.000000,0.013205,36353380.000000,0.036367,0,1
23,22,41,27,31,51,50,56,
463.000000,112.000000,0.014206,33182298.000000,0.155920,0,1
27,31,30,42,37,32,42,44,
466.000000,112.000000,0.015368,20234916.000000,0.161700,0,1
22,30,30,30,37,35,35,44,
478.000000,112.000000,0.021251,50851256.000000,0.186494,0,1
32,33,42,37,41,53,41,47,
174.000000,113.000000,0.005454,1395728.000000,0.024470,0,1
51,47,46,40,40,38,34,30,
177.000000,113.000000,0.001194,1106099.250000,0.017175,0,1
53,46,50,39,44,46,33,30,
211.000000,114.000000,0.010349,9673808.000000,0.030787,0,1
47,41,42,39,37,33,33,27,
428.000000,114.000000,0.012763,5382913024.000000,1.693297,0,1
25,40,26,53,30,34,51,58,
575.000000,114.000000,0.015867,260669584.000000,0.494733,0,1
59,58,59,50,50,56,25,21,
199.000000,115.000000,0.007936,4433882.000000,0.019276,0,1
47,38,47,31,39,45,30,30,
231.000000,115.000000,0.008969,10671450.000000,0.015555,0,1
50,50,48,49,44,37,42,25,
325.000000,115.000000,0.008578,12795421.000000,0.013336,0,1
60,59,58,59,39,46,49,27,
330.000000,115.000000,0.008522,13786679.000000,0.013613,0,1
59,49,52,43,32,36,22,29,
576.000000,115.000000,0.015334,718406592.000000,0.487761,0,1
59,50,56,25,33,46,21,32,
611.000000,115.000000,0.013842,217582592.000000,0.562353,0,1
58,53,53,27,29,37,15,14,
200.000000,116.000000,0.007759,6593672.000000,0.017245,0,1
47,39,45,30,37,46,30,31,
286.000000,116.000000,0.004915,1562152.125000,0.015962,0,1
36,29,38,22,32,37,24,26,
412.000000,116.000000,0.012006,23456420.000000,0.023060,0,1
28,26,36,36,38,53,55,58,
629.000000,116.000000,0.013414,243149136.000000,0.862071,0,1
58,55,54,46,35,49,34,24,
637.000000,116.000000,0.012244,230658176.000000,0.730561,0,1
59,58,58,47,41,49,40,27,
310.000000,117.000000,0.007150,1916072.750000,0.010960,0,1
49,50,42,42,37,34,34,32,
338.000000,117.000000,0.007851,19569808.000000,0.012488,0,1
37,22,46,34,35,33,22,34,
523.000000,117.000000,0.015835,29609778.000000,1.079148,0,1
56,53,53,37,33,30,20,15,
671.000000,117.000000,0.010491,1234672256.000000,0.515982,0,1
59,55,57,43,40,46,30,27,
690.000000,117.000000,0.011237,89914944.000000,0.126665,0,1
61,56,58,32,37,48,16,17,
130.000000,118.000000,0.010740,2031064.875000,0.037534,0,1
52,51,49,46,45,45,37,32,
395.000000,118.000000,0.010291,2584012.500000,0.028987,0,1
23,24,25,31,35,40,52,58,
375.000000,119.000000,0.009420,17633834.000000,0.014323,0,1
26,41,26,41,28,38,44,54,
380.000000,119.000000,0.009379,13724455.000000,0.014349,0,1
25,36,27,47,28,41,49,58,
391.000000,119.000000,0.013296,3059724.500000,0.026173,0,1
24,24,28,37,42,49,52,56,
485.000000,119.000000,0.013933,744790464.000000,2.149620,0,1
55,53,53,53,52,46,37,22,
492.000000,119.000000,0.016239,33916944.000000,0.061029,0,1
52,49,53,40,46,53,25,17,
500.000000,119.000000,0.014490,783789248.000000,1.193060,0,1
48,44,47,36,31,44,18,18,
509.000000,119.000000,0.017097,1157202432.000000,0.844264,0,1
43,35,39,21,25,37,16,21,
518.000000,119.000000,0.014834,5166165504.000000,1.800151,0,1
46,28,44,19,32,40,20,34,
132.000000,120.000000,0.011764,2304453.000000,0.039406,0,1
45,36,37,32,31,30,30,27,
139.000000,120.000000,0.010080,1467418.250000,0.036461,0,1
47,38,36,31,29,29,27,27,
201.000000,120.000000,0.005638,3796707.250000,0.014576,0,1
37,29,39,26,30,37,25,25,
483.000000,120.000000,0.014270,123486816.000000,0.893106,0,1
53,51,50,48,41,39,20,16,
501.000000,120.000000,0.016392,1516919168.000000,1.269215,0,1
47,31,44,18,28,42,18,26,
361.000000,121.000000,0.010171,8612146.000000,0.015600,0,1
16,34,20,38,22,25,50,57,
467.000000,121.000000,0.017266,5336951296.000000,2.696726,0,1
41,43,36,28,29,23,21,15,
613.000000,121.000000,0.013881,3046599424.000000,0.932524,0,1
22,15,38,14,21,25,14,20,
457.000000,122.000000,0.015722,316587648.000000,2.760454,0,1
40,42,34,42,34,26,27,24,
111.000000,123.000000,0.007336,15891136.000000,0.034607,0,1
51,46,49,38,34,46,24,23,
115.000000,123.000000,0.007970,25805912.000000,0.035926,0,1
50,49,45,46,39,29,44,31,
342.000000,123.000000,0.008862,8537220.000000,0.013642,0,1
34,25,47,36,33,38,46,59,
652.000000,124.000000,0.012820,4174725376.000000,0.675726,0,1
32,37,18,32,32,18,37,32,
446.000000,125.000000,0.013249,13922367488.000000,1.547647,0,1
36,45,23,39,35,20,49,38,
528.000000,125.000000,0.015484,161328640.000000,0.072070,0,1
41,39,22,21,44,13,43,48,
567.000000,125.000000,0.015852,2503046144.000000,0.522793,0,1
43,56,27,59,43,21,56,44,
82.000000,126.000000,0.010316,800376.375000,0.039416,0,1
49,41,44,34,36,38,29,27,
453.000000,126.000000,0.013485,25326514176.000000,1.498848,0,1
25,42,20,42,27,18,38,28,
600.000000,126.000000,0.014584,5836384256.000000,1.047554,0,1
34,43,21,36,34,16,42,34,
63.000000,127.000000,0.008401,16842506.000000,0.034006,0,1
50,49,48,48,45,42,43,33,
397.000000,127.000000,0.011578,16565840.000000,0.017784,0,1
57,56,57,51,50,52,29,31,
401.000000,127.000000,0.011239,15321826.000000,0.018179,0,1
57,55,56,52,43,52,28,22,
411.000000,127.000000,0.011094,46630264.000000,0.020269,0,1
56,52,44,55,27,28,44,26,
416.000000,127.000000,0.011060,52956752.000000,0.021386,0,1
54,53,36,41,34,23,50,37,
686.000000,127.000000,0.011480,2062892800.000000,0.487129,0,1
23,31,17,36,23,16,32,33,
692.000000,127.000000,0.010558,1749855104.000000,0.438056,0,1
26,23,37,18,27,34,25,40,
84.000000,128.000000,0.011647,847908.125000,0.044273,0,1
38,33,32,27,28,28,26,26,
103.000000,128.000000,0.008161,6297621.500000,0.028794,0,1
38,34,30,28,25,22,25,22,
206.000000,128.000000,0.010347,1668548.500000,0.029586,0,1
22,26,20,26,23,18,26,21,
665.000000,128.000000,0.011692,2824881152.000000,0.577114,0,1
34,28,40,28,34,28,35,51,
379.000000,129.000000,0.010484,10234234.000000,0.016849,0,1
56,52,46,44,33,23,35,30,
405.000000,129.000000,0.010807,66015692.000000,0.018254,0,1
41,50,22,44,33,22,50,35,
453.000000,129.000000,0.013915,256618208.000000,0.168305,0,1
28,40,20,42,29,19,36,25,
366.000000,130.000000,0.009584,14116987.000000,0.014552,0,1
58,57,54,52,43,40,50,28,
593.000000,130.000000,0.014379,429124096.000000,1.117007,0,1
39,25,49,34,39,42,49,58,
653.000000,130.000000,0.013072,632443648.000000,0.679266,0,1
20,34,23,50,43,41,57,59,
345.000000,131.000000,0.026612,6143961.000000,0.043554,0,1
58,56,56,48,45,49,23,15,
357.000000,131.000000,0.009588,12072880.000000,0.014449,0,1
58,56,51,46,40,35,45,33,
337.000000,132.000000,0.018689,1610339.250000,0.028816,0,1
57,48,53,39,37,33,17,14,
543.000000,132.000000,0.011418,6161680.000000,0.057041,0,1
16,16,18,28,31,38,47,56,
68.000000,133.000000,0.018930,47226836.000000,0.076737,0,1
28,35,27,45,36,26,42,38,
479.000000,133.000000,0.013779,12536729600.000000,2.219149,0,1
26,16,37,14,29,37,16,32,
514.000000,133.000000,0.017810,15411527.000000,0.088757,0,1
17,19,16,23,19,22,30,29,
432.000000,136.000000,0.012286,100329144.000000,0.027731,0,1
43,21,52,19,40,37,21,43,
457.000000,136.000000,0.012061,4480700416.000000,1.356912,0,1
20,17,35,21,27,36,34,45,
476.000000,136.000000,0.018079,24632740.000000,0.060078,0,1
15,19,18,26,33,31,41,38,
454.000000,137.000000,0.013125,15385764.000000,0.036263,0,1
20,31,21,38,33,34,48,54,
395.000000,139.000000,0.010278,31788756.000000,0.015489,0,1
31,47,23,41,30,26,47,45,
418.000000,139.000000,0.007398,148855792.000000,0.134369,0,1
23,27,26,48,46,51,55,56,
527.000000,139.000000,0.024962,980291392.000000,2.193196,0,1
52,44,52,40,43,45,37,34,
63.000000,140.000000,0.020807,80778264.000000,0.085862,0,1
24,20,32,18,26,37,21,27,
380.000000,140.000000,0.009100,9953096.000000,0.015317,0,1
19,34,19,32,23,22,45,48,
401.000000,140.000000,0.010248,10370014.000000,0.016006,0,1
24,33,27,50,44,49,49,50,
519.000000,140.000000,0.022361,56526992.000000,0.938833,0,1
33,33,30,30,33,29,30,27,
541.000000,140.000000,0.023805,305845856.000000,1.969302,0,1
56,55,50,49,49,48,50,46,
642.000000,140.000000,0.012683,1569654016.000000,0.721621,0,1
58,56,57,42,43,49,30,19,
663.000000,140.000000,0.012289,2258121472.000000,0.607341,0,1
52,46,34,35,29,13,41,29,
359.000000,142.000000,0.009678,5798053.000000,0.014683,0,1
22,25,41,46,43,50,54,57,
591.000000,142.000000,0.015059,593031296.000000,0.414939,0,1
58,57,56,53,38,33,32,16,
69.000000,143.000000,0.019603,88695984.000000,0.079177,0,1
29,38,24,40,30,22,36,30,
342.000000,143.000000,0.028023,1159328.500000,0.042232,0,1
14,18,18,31,35,36,50,55,
471.000000,143.000000,0.023982,68235464.000000,0.223748,0,1
30,40,20,39,32,34,43,31,
624.000000,143.000000,0.013746,3443480832.000000,0.858520,0,1
37,40,15,31,28,14,38,26,
327.000000,144.000000,0.005756,988440.687500,0.019699,0,1
19,22,28,33,26,33,31,36,
599.000000,144.000000,0.014442,2253858816.000000,1.046690,0,1
36,14,34,11,25,23,11,24,
69.000000,145.000000,0.019444,80423040.000000,0.078501,0,1
30,36,24,39,30,22,37,30,
491.000000,145.000000,0.020961,49189480.000000,0.147419,0,1
48,51,39,50,47,31,28,14,
544.000000,145.000000,0.016846,44879616.000000,0.085299,0,1
41,38,46,21,20,45,13,12,
63.000000,146.000000,0.020657,58327472.000000,0.085175,0,1
27,22,31,20,26,35,21,25,
590.000000,146.000000,0.014482,276027264.000000,0.091816,0,1
29,42,16,33,30,12,42,30,
432.000000,148.000000,0.012350,81774496.000000,0.187673,0,1
55,51,55,32,33,48,18,18,
455.000000,148.000000,0.011139,3670815488.000000,1.297722,0,1
45,46,40,46,21,22,22,14,
458.000000,150.000000,0.013235,11826521088.000000,1.433485,0,1
35,16,39,13,27,37,14,24,
346.000000,151.000000,0.008428,760507.937500,0.018457,0,1
43,48,42,33,31,38,33,18,
362.000000,151.000000,0.021908,6525290.000000,0.033127,0,1
53,45,37,32,21,16,30,21,
69.000000,152.000000,0.019380,74663264.000000,0.078237,0,1
30,36,24,38,31,21,36,31,
327.000000,152.000000,0.022334,2081189.125000,0.033658,0,1
29,28,27,37,19,21,24,17,
460.000000,152.000000,0.011884,3916675840.000000,0.896841,0,1
37,40,21,24,31,14,34,24,
502.000000,152.000000,0.014213,37075096.000000,0.093302,0,1
20,15,29,17,22,32,18,18,
356.000000,154.000000,0.034309,4169529.500000,0.057326,0,1
27,17,40,19,28,30,17,25,
452.000000,155.000000,0.019184,55701300.000000,0.230537,0,1
23,16,39,15,22,25,16,19,
551.000000,156.000000,0.032167,145366896.000000,0.174882,0,1
25,17,39,19,21,48,20,34,
376.000000,157.000000,0.010193,19788780.000000,0.016299,0,1
31,44,21,24,31,20,39,28,
434.000000,157.000000,0.012200,249008384.000000,1.581907,0,1
37,30,24,17,26,21,22,20,
362.000000,158.000000,0.009123,7888928.000000,0.015473,0,1
22,31,14,22,24,15,31,24,
441.000000,158.000000,0.012217,18754824.000000,0.184341,0,1
29,38,18,28,28,15,27,20,
523.000000,158.000000,0.034313,518704704.000000,2.546954,0,1
23,13,26,12,22,25,14,22,
62.000000,160.000000,0.019609,21585262.000000,0.081032,0,1
21,21,21,20,20,25,20,20,
535.000000,160.000000,0.037260,119318832.000000,1.612190,0,1
26,25,27,33,36,38,47,57,
376.000000,162.000000,0.034275,933164160.000000,6.239657,0,1
25,31,22,34,30,22,40,28,
481.000000,162.000000,0.037623,173453920.000000,2.206343,0,1
16,18,18,30,33,22,41,21,
373.000000,163.000000,0.051442,9768721.000000,4.532177,0,1
20,23,34,23,25,40,20,21,
496.000000,163.000000,0.032972,260422512.000000,2.959465,0,1
23,36,28,28,25,21,17,18,
355.000000,164.000000,0.064519,315301888.000000,5.270710,0,1
29,27,36,22,31,32,21,19,
458.000000,164.000000,0.036624,151678432.000000,2.485348,0,1
13,15,15,20,20,25,32,24,
471.000000,165.000000,0.028778,41775408.000000,1.540623,0,1
25,36,37,26,25,22,16,13,
345.000000,166.000000,0.065724,30725014.000000,8.684949,0,1
26,29,17,21,20,14,26,32,
70.000000,167.000000,0.019672,70984984.000000,0.079416,0,1
28,34,22,34,29,18,33,30,
287.000000,167.000000,0.040154,510231.062500,0.085632,0,1
14,16,16,19,21,19,31,36,
290.000000,167.000000,0.037817,604068.375000,0.071882,0,1
14,16,13,20,18,16,29,37,
301.000000,167.000000,0.040122,407451.250000,7.015133,0,1
16,16,16,17,18,18,26,37,
318.000000,167.000000,0.040301,417807.031250,0.079810,0,1
16,15,16,16,16,17,27,37,
324.000000,167.000000,0.044194,631292.625000,0.075555,0,1
16,15,18,15,17,20,28,37,
334.000000,167.000000,0.048498,1541419.250000,0.074425,0,1
17,23,16,26,20,18,35,36,
421.000000,167.000000,0.050314,59993184.000000,5.179659,0,1
19,20,20,25,30,33,37,32,
489.000000,167.000000,0.034895,21476350.000000,0.132096,0,1
14,14,10,27,26,9,32,13,
322.000000,168.000000,0.046779,1017856.375000,0.076197,0,1
17,17,14,28,28,30,37,45,
425.000000,168.000000,0.041653,24754938.000000,0.093964,0,1
50,44,43,37,41,37,29,26,
435.000000,168.000000,0.040782,204871200.000000,2.285810,0,1
41,37,35,27,27,21,19,14,
335.000000,169.000000,0.051705,989987.125000,0.077921,0,1
17,32,23,37,31,28,39,32,
403.000000,169.000000,0.054678,155429840.000000,5.870770,0,1
18,20,23,28,31,36,31,26,
514.000000,169.000000,0.035069,25669868.000000,0.156181,0,1
29,13,28,7,21,12,8,8,
349.000000,170.000000,0.060316,3029365.250000,0.098250,0,1
34,42,42,34,32,30,16,16,
352.000000,170.000000,0.054687,5372364.500000,8.052716,0,1
36,41,37,31,28,25,15,17,
382.000000,170.000000,0.047051,11847636.000000,0.070908,0,1
26,19,29,23,28,39,36,32,
455.000000,170.000000,0.037423,35481244.000000,1.939386,0,1
14,16,21,25,29,31,38,28,
286.000000,171.000000,0.049207,2335528.500000,0.078408,0,1
34,36,43,47,56,62,54,56,
339.000000,171.000000,0.075776,31476536.000000,9.220066,0,1
31,35,34,29,28,25,15,15,
370.000000,171.000000,0.028474,74903424.000000,6.177736,0,1
19,23,19,27,23,26,36,31,
488.000000,171.000000,0.036247,33245440.000000,0.254346,0,1
20,25,13,34,15,11,27,15,
364.000000,172.000000,0.049394,4999603.000000,0.074439,0,1
28,26,39,21,34,43,23,22,
309.000000,173.000000,0.066574,3386739.500000,0.100699,0,1
49,48,45,37,34,32,20,15,
67.000000,174.000000,0.020830,30777036.000000,0.085281,0,1
33,29,34,24,28,33,22,23,
295.000000,174.000000,0.065742,4022008.250000,0.100955,0,1
63,54,52,40,37,35,24,16,
271.000000,175.000000,0.067863,3201042.000000,0.124827,0,1
62,60,58,49,47,45,35,22,
275.000000,175.000000,0.067282,3600052.500000,0.119977,0,1
63,58,55,45,44,42,32,18,
524.000000,175.000000,0.034867,1072106944.000000,2.562656,0,1
32,21,33,13,30,34,19,14,
222.000000,176.000000,0.060259,24008494.000000,23.132078,0,1
33,29,31,28,35,41,27,21,
275.000000,176.000000,0.067447,4199587.000000,0.117617,0,1
58,44,43,33,31,29,19,17,
288.000000,176.000000,0.068445,2292813.000000,0.103150,0,1
43,30,28,19,18,17,17,19,
241.000000,178.000000,0.066857,34468292.000000,10.378892,0,1
40,41,44,30,37,46,22,21,
164.000000,180.000000,0.050603,5791326.000000,0.167765,0,1
17,15,20,15,16,22,15,15,
192.000000,181.000000,0.048824,112042520.000000,32.494118,0,1
16,18,18,25,25,24,32,19,
620.000000,182.000000,0.027954,220843936.000000,0.832533,0,1
38,23,28,24,33,39,43,45,
526.000000,184.000000,0.078652,13315417.000000,0.420880,0,1
10,12,13,20,18,20,23,21,
535.000000,184.000000,0.077164,11237292.000000,0.432768,0,1
10,14,9,23,14,14,27,24,
607.000000,184.000000,0.031140,173952480.000000,0.967730,0,1
22,18,19,24,32,38,42,40,
568.000000,185.000000,0.066206,1684691.875000,0.255975,0,1
8,10,11,15,15,15,26,27,
599.000000,185.000000,0.029344,66318868.000000,1.055273,0,1
17,17,17,18,23,31,35,37,
72.000000,188.000000,0.017570,11871334.000000,0.054358,0,1
19,23,18,28,23,16,27,22,
464.000000,192.000000,0.038231,692790.187500,0.125964,0,1
21,18,17,15,14,12,11,10,
405.000000,196.000000,0.049784,39293244.000000,3.784109,0,1
20,17,26,17,20,23,17,24,
432.000000,196.000000,0.038382,7285133.500000,0.524240,0,1
21,23,21,19,16,15,13,12,
166.000000,197.000000,0.050667,13735121.000000,0.170870,0,1
18,13,21,12,17,22,13,16,
424.000000,197.000000,0.039397,7768691.000000,0.582535,0,1
20,22,22,22,17,16,19,15,
502.000000,197.000000,0.076301,32215324.000000,0.412579,0,1
18,12,22,10,17,22,13,17,
92.000000,198.000000,0.057353,393142272.000000,327.577515,0,1
24,21,29,17,24,28,19,23,
586.000000,199.000000,0.017679,1477782.750000,0.112491,0,1
24,23,21,18,15,13,12,11,
579.000000,200.000000,0.018902,2735149.750000,0.116850,0,1
24,17,22,17,17,15,12,11,
368.000000,205.000000,0.057536,154226992.000000,7.427731,0,1
22,26,28,31,35,36,41,43,
382.000000,205.000000,0.058990,244919056.000000,6.842651,0,1
17,19,18,33,29,26,41,45,
386.000000,205.000000,0.059594,85698776.000000,6.692479,0,1
16,18,17,26,24,21,41,42,
502.000000,205.000000,0.073256,41467264.000000,2.535036,0,1
17,13,22,10,16,22,15,19,
318.000000,206.000000,0.069355,14474323.000000,10.683896,0,1
18,17,16,17,17,18,17,20,
359.000000,206.000000,0.058586,78747696.000000,7.890921,0,1
20,25,26,32,32,33,40,44,
361.000000,206.000000,0.058651,118926552.000000,7.792812,0,1
21,26,27,32,33,35,41,45,
396.000000,206.000000,0.060063,100158328.000000,6.312299,0,1
17,18,19,26,24,23,40,42,
96.000000,207.000000,0.058613,711252352.000000,494.956238,0,1
23,27,19,29,23,18,27,24,
198.000000,207.000000,0.054201,8156366.500000,0.160129,0,1
13,14,15,23,24,25,31,35,
216.000000,207.000000,0.058270,58541616.000000,24.866722,0,1
22,21,22,24,24,24,31,36,
332.000000,207.000000,0.062309,151259408.000000,9.519378,0,1
17,17,18,19,20,21,29,38,
339.000000,207.000000,0.061549,265503824.000000,9.062090,0,1
17,18,20,22,25,30,32,44,
344.000000,207.000000,0.060298,342514464.000000,8.740491,0,1
18,22,23,31,31,31,40,47,
407.000000,207.000000,0.062677,360317152.000000,5.959845,0,1
19,20,20,26,27,26,39,43,
408.000000,207.000000,0.062595,376661024.000000,5.923610,0,1
18,20,19,27,26,25,40,44,
416.000000,207.000000,0.063169,152431232.000000,5.664816,0,1
18,17,18,20,20,20,32,44,
189.000000,208.000000,0.054250,7752608.500000,0.168589,0,1
13,16,18,24,26,28,34,40,
192.000000,208.000000,0.054162,99375432.000000,14.131831,0,1
15,18,21,27,29,30,35,39,
204.000000,208.000000,0.056158,16837354.000000,28.513735,0,1
20,28,23,31,30,31,36,40,
399.000000,208.000000,0.062376,527318016.000000,6.246280,0,1
23,35,25,41,34,31,47,49,
400.000000,208.000000,0.062601,565554304.000000,6.213158,0,1
23,28,25,39,32,30,46,50,
416.000000,208.000000,0.062798,265558544.000000,5.659879,0,1
18,20,19,32,32,30,44,50,
335.000000,209.000000,0.061393,215384144.000000,9.309887,0,1
21,29,30,39,41,41,50,47,
336.000000,209.000000,0.061238,216898688.000000,9.244559,0,1
21,29,31,40,41,42,50,47,
430.000000,209.000000,0.065259,536218816.000000,5.261384,0,1
17,20,20,35,32,29,44,47,
308.000000,210.000000,0.065720,124909536.000000,11.329231,0,1
16,18,20,28,28,30,34,40,
327.000000,210.000000,0.062085,150547184.000000,9.846306,0,1
28,32,32,39,40,43,49,45,
96.000000,211.000000,0.058599,338479680.000000,488.863129,0,1
24,28,19,29,25,21,27,23,
219.000000,211.000000,0.059849,226212096.000000,24.156301,0,1
29,34,23,38,33,22,38,37,
451.000000,211.000000,0.067518,307587264.000000,3.254858,0,1
16,22,17,42,36,31,46,47,
463.000000,212.000000,0.069361,366182272.000000,3.083504,0,1
14,17,17,39,34,30,47,46,
146.000000,213.000000,0.056812,78820080.000000,20.701889,0,1
15,20,21,30,32,35,43,52,
152.000000,213.000000,0.058107,75537760.000000,66.182121,0,1
18,24,25,37,38,38,46,50,
166.000000,213.000000,0.058648,83301776.000000,49.966507,0,1
23,28,27,37,35,34,44,48,
290.000000,213.000000,0.067815,116354824.000000,12.993787,0,1
20,25,26,32,31,33,37,46,
301.000000,213.000000,0.065180,106374088.000000,11.914751,0,1
29,34,34,39,43,46,48,47,
554.000000,213.000000,0.031871,21054620.000000,0.182124,0,1
20,16,20,10,17,22,11,20,
269.000000,214.000000,0.072098,93606872.000000,15.425662,0,1
16,17,17,21,24,28,32,37,
383.000000,214.000000,0.065972,218828112.000000,6.957653,0,1
47,47,49,50,54,57,62,60,
492.000000,214.000000,0.073163,55825356.000000,0.498860,0,1
12,16,14,29,25,23,46,48,
496.000000,214.000000,0.074389,100974624.000000,2.652295,0,1
17,16,16,23,23,19,44,44,
263.000000,215.000000,0.072700,97126192.000000,16.231159,0,1
19,19,19,23,26,29,34,38,
284.000000,215.000000,0.067536,69097224.000000,13.606182,0,1
30,33,34,40,41,43,50,47,
514.000000,215.000000,0.077414,58883156.000000,2.445782,0,1
17,17,12,19,16,15,29,40,
562.000000,215.000000,0.090002,6880620.500000,1.510064,0,1
9,10,10,16,14,13,19,22,
607.000000,215.000000,0.058342,58316864.000000,0.453104,0,1
12,15,18,15,18,28,27,38,
637.000000,215.000000,0.056735,11694392.000000,0.277913,0,1
12,14,12,34,27,15,50,62,
189.000000,216.000000,0.063542,216905952.000000,34.975956,0,1
32,34,35,41,42,42,46,51,
192.000000,216.000000,0.063532,179624704.000000,33.580158,0,1
33,35,35,41,41,41,47,50,
239.000000,216.000000,0.066348,769763200.000000,19.941673,0,1
25,34,23,45,30,23,41,40,
260.000000,216.000000,0.072041,49714184.000000,16.649137,0,1
18,21,23,27,31,34,36,46,
386.000000,216.000000,0.062926,14375016.000000,6.797024,0,1
58,65,65,58,56,55,54,54,
480.000000,216.000000,0.071413,330620032.000000,4.070475,0,1
44,47,46,58,53,49,65,54,
502.000000,216.000000,0.075845,211382160.000000,2.041972,0,1
19,33,22,44,36,27,46,57,
515.000000,216.000000,0.077103,108515464.000000,2.430542,0,1
12,16,15,29,26,26,40,44,
534.000000,216.000000,0.074987,112250416.000000,2.180181,0,1
21,32,30,47,51,47,39,49,
638.000000,216.000000,0.059746,45852452.000000,0.292296,0,1
12,27,15,50,41,21,62,42,
143.000000,217.000000,0.056154,50473260.000000,82.905090,0,1
57,59,61,52,55,58,52,52,
248.000000,217.000000,0.069066,11998293.000000,10.134172,0,1
18,20,21,25,28,30,39,44,
271.000000,217.000000,0.068147,47671344.000000,15.102052,0,1
33,37,38,44,47,50,48,48,
495.000000,217.000000,0.073326,255199408.000000,3.776145,0,1
44,46,44,52,49,49,59,54,
507.000000,217.000000,0.076927,190105616.000000,2.533447,0,1
20,22,30,35,33,37,50,60,
151.000000,218.000000,0.060398,34355428.000000,0.228535,0,1
52,65,64,59,63,68,55,53,
156.000000,218.000000,0.058914,141305952.000000,60.813419,0,1
51,54,52,69,63,54,62,56,
245.000000,218.000000,0.070269,70399624.000000,10.308658,0,1
19,22,25,31,33,39,46,50,
352.000000,218.000000,0.071050,138633840.000000,8.535885,0,1
47,49,49,52,53,56,71,54,
368.000000,218.000000,0.071132,43577456.000000,7.688739,0,1
54,65,65,58,54,51,50,48,
467.000000,218.000000,0.072217,194961056.000000,4.385307,0,1
54,52,53,59,61,66,71,58,
476.000000,218.000000,0.069955,75547824.000000,4.151409,0,1
59,64,69,64,59,56,55,57,
640.000000,218.000000,0.060516,93112544.000000,0.299145,0,1
21,43,19,42,33,15,26,27,
161.000000,219.000000,0.061401,85134800.000000,55.116352,0,1
52,53,54,60,59,55,69,62,
361.000000,219.000000,0.072995,22386344.000000,1.467080,0,1
53,69,68,54,51,50,46,48,
580.000000,221.000000,0.085859,68278072.000000,1.347693,0,1
16,15,15,32,30,27,41,43,
173.000000,222.000000,0.066756,63600888.000000,0.225225,0,1
55,59,55,73,67,62,77,70,
231.000000,222.000000,0.071991,24306164.000000,0.184422,0,1
51,51,52,58,62,63,70,67,
325.000000,222.000000,0.075234,76439872.000000,10.273892,0,1
51,50,50,53,56,59,63,56,
336.000000,222.000000,0.068528,7900316.000000,9.477081,0,1
54,68,69,65,62,58,53,51,
439.000000,222.000000,0.075267,97143688.000000,5.169244,0,1
54,57,57,63,65,71,78,67,
440.000000,222.000000,0.075031,87966136.000000,5.138034,0,1
54,57,59,64,68,73,79,66,
449.000000,222.000000,0.079976,61289720.000000,0.283542,0,1
61,72,76,76,72,68,66,60,
431.000000,223.000000,0.076633,98121024.000000,5.423894,0,1
57,57,57,61,63,67,75,70,
560.000000,223.000000,0.087674,79315408.000000,0.597146,0,1
45,49,47,68,70,64,77,73,
228.000000,224.000000,0.067887,46348296.000000,22.327133,0,1
56,58,67,54,59,65,52,50,
325.000000,224.000000,0.076672,48810828.000000,6.566724,0,1
56,63,65,60,56,53,46,46,
328.000000,224.000000,0.076896,16199340.000000,5.603882,0,1
62,64,65,55,53,52,48,48,
428.000000,224.000000,0.081673,83583760.000000,0.943302,0,1
56,57,61,67,71,75,80,66,
439.000000,224.000000,0.082347,51750880.000000,0.276314,0,1
65,78,79,71,67,66,62,61,
441.000000,224.000000,0.082777,33873160.000000,0.281888,0,1
71,79,75,67,66,64,62,60,
584.000000,224.000000,0.086682,198075312.000000,2.446932,0,1
36,42,42,48,46,45,59,58,
175.000000,225.000000,0.071086,24049718.000000,0.235109,0,1
74,75,76,66,66,65,58,56,
176.000000,225.000000,0.069390,26960272.000000,0.230184,0,1
71,77,73,67,66,62,58,57,
244.000000,225.000000,0.073922,54627600.000000,0.174519,0,1
51,52,51,72,60,53,76,64,
306.000000,225.000000,0.081011,17621888.000000,0.140754,0,1
52,51,51,55,62,68,75,50,
318.000000,225.000000,0.078910,18020112.000000,5.981027,0,1
51,64,63,60,53,48,46,49,
421.000000,225.000000,0.082651,68839064.000000,1.009330,0,1
58,59,61,65,70,76,82,65,
553.000000,225.000000,0.089039,153978304.000000,0.589801,0,1
64,56,56,61,69,81,83,68,
561.000000,225.000000,0.088979,120477920.000000,0.612473,0,1
68,82,78,78,68,61,58,55,
255.000000,227.000000,0.076812,40917168.000000,0.170778,0,1
49,47,45,59,54,52,73,73,
408.000000,227.000000,0.081293,89964760.000000,6.246985,0,1
57,58,59,60,64,68,78,64,
543.000000,227.000000,0.091080,209704016.000000,0.578946,0,1
57,60,62,66,72,81,89,78,
283.000000,228.000000,0.081151,126571272.000000,14.027937,0,1
50,49,50,55,60,66,72,60,
407.000000,229.000000,0.087330,79817952.000000,0.243253,0,1
61,75,79,78,70,62,57,58,
261.000000,230.000000,0.079059,44160988.000000,0.171301,0,1
56,69,68,64,71,75,57,55,
269.000000,230.000000,0.081501,69505688.000000,0.170852,0,1
49,52,52,76,68,64,83,70,
272.000000,230.000000,0.082764,53741972.000000,0.171600,0,1
50,52,53,65,68,77,90,78,
391.000000,230.000000,0.084894,90393744.000000,6.944308,0,1
58,58,59,60,62,71,82,65,
61.000000,231.000000,0.068620,62044904.000000,0.327166,0,1
56,62,58,70,69,60,77,79,
383.000000,231.000000,0.086347,87785488.000000,7.298509,0,1
57,58,59,59,60,63,73,72,
398.000000,231.000000,0.089034,72732936.000000,0.237163,0,1
68,83,80,68,61,59,58,59,
519.000000,231.000000,0.095740,78932072.000000,0.548204,0,1
61,63,63,64,66,68,73,92,
523.000000,231.000000,0.095404,159656048.000000,0.557369,0,1
62,62,63,68,72,79,87,82,
263.000000,232.000000,0.081119,23458166.000000,0.177620,0,1
75,63,68,55,56,61,53,52,
379.000000,232.000000,0.087053,65339184.000000,7.484113,0,1
58,59,60,59,63,70,79,67,
222.000000,234.000000,0.075272,19510750.000000,24.107018,0,1
48,49,50,50,50,51,54,58,
283.000000,235.000000,0.085270,69978664.000000,0.178016,0,1
75,87,87,64,73,79,56,54,
63.000000,236.000000,0.076673,169052368.000000,0.371619,0,1
82,75,83,63,73,83,61,61,
72.000000,236.000000,0.076034,128181792.000000,117.868088,0,1
55,56,54,68,57,54,69,61,
302.000000,237.000000,0.090186,59698372.000000,0.184733,0,1
56,56,55,83,72,61,90,74,
353.000000,237.000000,0.093492,113625200.000000,1.797536,0,1
54,57,59,64,70,77,81,71,
348.000000,238.000000,0.094575,101531056.000000,1.875694,0,1
54,58,60,65,72,79,83,72,
495.000000,238.000000,0.101549,160559824.000000,0.526414,0,1
63,64,66,72,79,89,91,80,
312.000000,239.000000,0.092611,44871324.000000,0.192663,0,1
56,59,56,74,67,64,82,76,
342.000000,239.000000,0.094815,72325656.000000,9.513567,0,1
56,58,60,63,67,73,79,67,
487.000000,239.000000,0.103003,112675432.000000,0.724495,0,1
63,61,63,63,64,70,80,93,
303.000000,240.000000,0.091195,46021616.000000,0.192870,0,1
84,74,83,57,60,69,57,59,
305.000000,240.000000,0.091369,39413080.000000,0.192787,0,1
75,83,86,60,69,79,58,59,
498.000000,240.000000,0.102821,144526432.000000,0.546199,0,1
89,87,78,76,68,63,64,65,
325.000000,242.000000,0.096105,71384296.000000,0.208651,0,1
59,62,61,86,77,73,88,76,
328.000000,242.000000,0.097221,73636424.000000,0.212317,0,1
61,61,64,74,77,87,92,89,
469.000000,244.000000,0.107003,216115664.000000,0.494569,0,1
64,65,65,68,78,88,100,92,
480.000000,244.000000,0.106254,128427240.000000,0.521401,0,1
87,90,89,82,69,65,65,68,
338.000000,245.000000,0.098627,48814072.000000,0.226836,0,1
65,70,66,89,80,73,84,72,
459.000000,246.000000,0.108988,157780208.000000,0.481477,0,1
64,64,66,66,70,81,90,96,
353.000000,247.000000,0.100983,16495734.000000,0.248626,0,1
64,66,66,72,67,66,82,91,
455.000000,247.000000,0.109823,176661312.000000,0.476923,0,1
65,64,65,67,72,83,92,95,
343.000000,248.000000,0.101928,33191262.000000,0.246318,0,1
79,84,88,71,76,84,66,65,
459.000000,249.000000,0.110585,185651856.000000,0.495831,0,1
96,97,92,84,73,69,66,63,
355.000000,251.000000,0.107609,65141896.000000,0.281131,0,1
89,87,87,69,71,77,61,60,
440.000000,251.000000,0.113312,224163152.000000,0.463122,0,1
62,63,65,70,82,91,95,87,
435.000000,252.000000,0.114192,159617984.000000,0.456745,0,1
64,62,63,68,76,88,93,91,
536.000000,252.000000,0.116254,40008984.000000,3.417240,0,1
63,64,58,67,62,61,66,66,
365.000000,253.000000,0.109967,68109608.000000,0.305104,0,1
87,84,90,63,71,80,62,61,
382.000000,254.000000,0.110060,66799120.000000,0.331647,0,1
61,65,62,82,78,71,92,83,
414.000000,254.000000,0.114604,13937155.000000,6.429174,0,1
62,62,63,63,65,64,66,66,
428.000000,254.000000,0.115744,250300560.000000,0.451153,0,1
61,64,66,73,87,96,99,89,
388.000000,255.000000,0.111062,72559032.000000,0.347798,0,1
61,63,62,82,76,69,91,89,
392.000000,255.000000,0.112023,46507332.000000,0.358689,0,1
62,64,66,69,67,65,85,93,
44.000000,256.000000,0.110551,14724997.000000,82.775566,0,1
46,48,48,51,50,51,54,56,
64.000000,256.000000,0.111999,17383482.000000,94.178116,0,1
48,50,49,50,50,50,53,54,
375.000000,256.000000,0.112894,45362788.000000,0.336859,0,1
86,74,78,63,64,69,62,62,
381.000000,256.000000,0.113775,51264840.000000,0.349487,0,1
81,89,92,74,81,87,67,64,
393.000000,256.000000,0.112507,57783028.000000,0.364900,0,1
66,67,65,85,78,71,93,91,
432.000000,256.000000,0.116977,179596864.000000,0.472091,0,1
99,91,80,75,68,65,68,65,
639.000000,258.000000,0.129882,259282816.000000,0.742792,0,1
56,60,69,67,82,96,91,101,
388.000000,259.000000,0.116837,50523720.000000,1.660601,0,1
89,72,77,66,67,67,63,62,
407.000000,259.000000,0.118336,127838072.000000,0.426052,0,1
67,68,69,89,86,93,97,91,
408.000000,259.000000,0.118540,143693280.000000,0.429211,0,1
65,68,73,85,90,94,98,91,
631.000000,261.000000,0.133147,279700576.000000,0.746487,0,1
59,57,65,60,76,92,86,101,
591.000000,263.000000,0.133172,138190928.000000,0.644052,0,1
62,63,67,69,84,96,93,100,
414.000000,264.000000,0.122966,61366404.000000,0.477455,0,1
97,80,84,67,67,68,66,66,
419.000000,264.000000,0.123348,76382384.000000,0.491637,0,1
95,95,98,70,80,90,67,66,
624.000000,264.000000,0.136067,193639856.000000,0.749856,0,1
56,56,64,61,74,85,89,99,
621.000000,265.000000,0.137193,232247616.000000,0.750083,0,1
54,56,61,60,77,89,87,97,
633.000000,265.000000,0.137568,229064592.000000,0.785890,0,1
104,102,98,97,88,74,76,64,
614.000000,267.000000,0.139610,147815824.000000,0.749237,0,1
56,57,58,62,66,78,77,98,
439.000000,268.000000,0.127372,51487116.000000,0.578665,0,1
96,98,102,77,88,95,67,64,
446.000000,270.000000,0.129842,76799112.000000,0.620265,0,1
104,94,99,71,78,86,68,64,
462.000000,270.000000,0.133258,69854280.000000,0.695917,0,1
65,69,67,91,82,75,103,100,
467.000000,271.000000,0.135106,28034718.000000,0.391513,0,1
65,70,66,91,83,76,106,105,
473.000000,271.000000,0.135910,16097872.000000,0.405645,0,1
65,66,65,70,66,66,85,101,
206.000000,272.000000,0.122081,2107102.250000,14.520700,0,1
54,53,53,54,54,54,56,60,
232.000000,272.000000,0.118275,7700307.000000,22.764734,0,1
55,59,56,59,60,59,60,61,
256.000000,272.000000,0.127948,7695336.000000,18.416796,0,1
56,58,60,60,61,62,61,63,
316.000000,272.000000,0.128272,9892037.000000,11.802460,0,1
65,64,65,62,64,62,60,58,
446.000000,272.000000,0.133383,19382582.000000,5.607415,0,1
78,68,70,64,64,66,65,64,
455.000000,272.000000,0.132619,68462632.000000,0.672791,0,1
101,85,93,66,71,78,64,64,
471.000000,272.000000,0.135757,34424148.000000,0.403170,0,1
66,73,67,97,89,80,109,101,
472.000000,272.000000,0.135993,29465978.000000,0.405714,0,1
66,70,66,95,85,76,108,103,
615.000000,272.000000,0.144631,220577248.000000,0.790895,0,1
102,103,102,106,94,75,79,62,
486.000000,275.000000,0.139563,31628570.000000,0.451712,0,1
64,71,65,97,87,74,110,100,
570.000000,275.000000,0.145700,231744832.000000,0.676009,0,1
105,102,91,94,78,66,66,58,
491.000000,276.000000,0.140607,30920220.000000,0.468055,0,1
62,68,63,96,84,74,105,98,
567.000000,276.000000,0.146556,211393872.000000,0.674374,0,1
104,103,94,99,83,66,71,61,
593.000000,276.000000,0.148165,152619296.000000,0.756181,0,1
59,60,65,64,76,85,86,98,
498.000000,277.000000,0.141732,24967346.000000,0.489702,0,1
60,62,60,86,75,65,102,101,
506.000000,279.000000,0.144097,22716196.000000,0.519823,0,1
59,64,60,98,87,72,102,97,
512.000000,279.000000,0.145363,14416351.000000,0.538932,0,1
56,57,57,63,59,58,83,95,
543.000000,279.000000,0.150049,144335632.000000,0.836254,0,1
61,62,62,59,63,71,68,99,
583.000000,279.000000,0.152133,135674752.000000,0.764881,0,1
59,59,60,60,61,69,64,93,
586.000000,279.000000,0.151148,193963632.000000,0.758698,0,1
60,60,69,63,77,93,89,99,
168.000000,280.000000,0.131132,6632052.000000,19.046928,0,1
52,52,52,54,54,54,57,57,
543.000000,280.000000,0.150215,177852736.000000,0.637440,0,1
62,60,66,64,75,93,92,101,
584.000000,280.000000,0.152051,171169792.000000,0.759993,0,1
60,61,69,64,83,93,93,101,
600.000000,280.000000,0.151337,166423920.000000,0.801453,0,1
87,83,69,74,64,60,63,61,
506.000000,281.000000,0.144869,21392942.000000,0.524663,0,1
87,102,99,88,97,93,68,62,
516.000000,281.000000,0.147309,25537270.000000,0.559657,0,1
57,64,59,91,86,76,94,91,
552.000000,282.000000,0.151993,156029456.000000,0.673033,0,1
105,104,89,91,75,65,67,62,
592.000000,283.000000,0.154354,173167440.000000,0.801895,0,1
99,94,81,84,72,66,66,63,
567.000000,286.000000,0.158680,49871280.000000,0.840718,0,1
62,62,62,63,68,78,75,101,
124.000000,288.000000,0.136694,3260540.500000,25.736118,0,1
49,50,51,52,53,54,54,56,
128.000000,288.000000,0.137792,4153947.250000,26.863623,0,1
50,52,52,54,53,53,55,55,
527.000000,288.000000,0.154631,20863482.000000,0.949160,0,1
86,65,72,57,60,60,58,56,
284.000000,292.000000,0.158711,6629652.000000,15.166363,0,1
66,67,65,67,66,65,67,65,
456.000000,32.000000,0.002449,5486410.000000,0.041367,0,1
108,105,107,104,105,105,104,104,
512.000000,56.000000,0.001477,78499520.000000,0.272981,0,1
92,90,90,89,90,89,88,87,
518.000000,74.000000,0.013832,15051317248.000000,1.769807,0,1
35,28,45,31,37,55,28,36,
119.000000,215.000000,0.058859,5707121.000000,0.225128,0,1
17,18,18,19,20,21,30,43,
567.000000,85.000000,0.015923,9549074432.000000,1.395787,0,1
64,62,57,63,41,39,48,33,
567.000000,200.000000,0.032339,8886426.000000,0.194671,0,1
15,9,28,10,12,21,9,12,
544.000000,87.000000,0.015809,11763879936.000000,1.604526,0,1
57,35,58,29,40,61,33,47,
591.000000,88.000000,0.014728,695108224.000000,0.429336,0,1
59,43,48,40,27,53,26,25,
517.000000,90.000000,0.015099,3660940288.000000,1.105786,0,1
59,48,57,27,40,54,25,41,
508.000000,91.000000,0.014697,2022339584.000000,1.162003,0,1
59,49,54,31,32,55,22,26,
582.000000,93.000000,0.015228,3175697152.000000,0.734437,0,1
32,16,48,15,31,36,16,29,
477.000000,94.000000,0.015032,4562914304.000000,2.377577,0,1
57,53,54,40,37,54,21,25,
666.000000,183.000000,0.043004,55982876.000000,0.462515,0,1
42,36,38,18,20,22,10,8,
652.000000,95.000000,0.012679,6034205696.000000,0.685854,0,1
47,59,34,60,47,31,60,56,
248.000000,178.000000,0.066468,3441360.000000,0.108482,0,1
52,46,45,41,37,33,18,18,
263.000000,177.000000,0.064475,8392443.000000,7.871929,0,1
55,43,43,35,33,29,20,18,
456.000000,171.000000,0.036501,15661062.000000,0.371732,0,1
21,29,31,38,25,13,28,15,
635.000000,164.000000,0.044863,11841583.000000,0.208195,0,1
88,80,81,62,64,65,48,47,
567.000000,101.000000,0.015910,6415088128.000000,1.378358,0,1
39,57,27,62,44,38,61,61,
523.000000,163.000000,0.034721,2226054912.000000,2.561683,0,1
24,15,34,13,31,37,15,30,
647.000000,104.000000,0.012613,11239535616.000000,0.701287,0,1
31,16,48,17,32,56,21,46,
555.000000,107.000000,0.031622,425131168.000000,1.336530,0,1
46,37,31,56,50,35,60,58,
484.000000,108.000000,0.014140,10566042624.000000,2.187350,0,1
19,18,34,25,29,53,45,56,
374.000000,151.000000,0.009499,21822050.000000,0.014316,0,1
52,29,50,16,30,27,18,26,
358.000000,151.000000,0.008946,9349463.000000,0.013481,0,1
51,47,46,33,31,32,37,28,
680.000000,149.000000,0.023539,30265544.000000,0.130061,0,1
16,22,25,50,57,62,83,89,
678.000000,149.000000,0.023789,29852084.000000,0.129417,0,1
19,22,22,47,50,57,81,87,
606.000000,144.000000,0.013981,297231008.000000,0.095231,0,1
38,45,19,43,23,28,45,24,
557.000000,143.000000,0.031958,188938176.000000,2.020412,0,1
51,58,39,58,51,46,57,51,
360.000000,115.000000,0.007948,13646494.000000,0.016335,0,1
26,43,16,26,29,19,43,30,
567.000000,116.000000,0.015812,6074152448.000000,0.816276,0,1
51,57,28,60,41,20,55,42,
660.000000,134.000000,0.023574,229367968.000000,0.916257,0,1
54,58,42,58,54,51,58,53,
557.000000,133.000000,0.031949,341361376.000000,0.897903,0,1
45,57,40,59,46,49,58,48,
526.000000,133.000000,0.016051,26430538.000000,0.062359,0,1
19,19,37,32,37,50,46,51,
689.000000,129.000000,0.009652,28223496.000000,0.077999,0,1
13,18,21,29,29,37,53,60,
478.000000,121.000000,0.013659,591746304.000000,0.884055,0,1
46,33,44,18,23,44,18,20,
526.000000,120.000000,0.015101,197618688.000000,0.069681,0,1
26,16,48,15,22,46,15,20,
207.000000,173.000000,0.052195,732533.562500,0.116912,0,1
18,19,20,25,27,28,28,22,
477.000000,96.000000,0.015022,8927177728.000000,2.372971,0,1
37,21,47,21,25,49,22,23,
418.000000,115.000000,0.012565,259099712.000000,0.221583,0,1
28,25,42,31,31,51,49,59,
246.000000,171.000000,0.054420,1753957.750000,0.085918,0,1
19,20,21,36,37,39,40,54,
429.000000,165.000000,0.039720,50483000.000000,0.092501,0,1
25,43,20,49,32,16,33,34,
492.000000,142.000000,0.021000,120274048.000000,0.145274,0,1
42,46,29,53,40,27,48,39,
410.000000,104.000000,0.011955,38878712.000000,0.023708,0,1
58,55,49,51,34,34,43,27,
346.000000,152.000000,0.008064,9986461.000000,0.012152,0,1
43,41,31,27,17,30,35,19,
