# timestamp
1608635262764117248

# fx, fy, cx, cy, width, height, npoints
501.490387,501.475067,421.772766,167.668411,800,400,530

# camToWorld: translation vector, rotation quaternion
-16.516821,37.127450,4.239885,0.677451,-0.266179,0.225338,-0.647635

# Exposure time (ms)
13.722333

# Point Cloud Data : 
# u,v,idepth_scaled,idepth_hessian,maxRelBaseline,numGoodRes,status 
# color information 
160.000000,24.000000,0.370501,1818414.125000,7.024543,0,1
58,59,57,62,59,56,61,61,
192.000000,36.000000,0.363290,1805761.750000,5.945258,0,1
44,45,43,46,44,43,45,45,
127.000000,38.000000,0.404856,1834295.125000,8.325193,0,1
82,78,80,76,76,79,71,68,
128.000000,39.000000,0.435657,5072408.000000,8.348364,0,1
80,76,79,71,73,79,68,67,
129.000000,45.000000,0.430197,6676580.500000,8.277323,0,1
67,67,72,68,72,77,72,77,
727.000000,47.000000,0.173141,87150984.000000,0.429448,0,1
64,113,87,165,148,124,219,247,
730.000000,47.000000,0.173147,121647208.000000,0.431719,0,1
38,72,46,139,102,65,185,233,
60.000000,59.000000,0.470827,7851862.500000,6.950034,0,1
87,71,73,48,54,58,28,23,
735.000000,60.000000,0.161805,75981584.000000,0.910029,0,1
63,83,87,130,150,168,242,255,
88.000000,61.000000,0.452303,4365588.000000,1.410298,0,1
88,76,78,56,61,65,35,23,
738.000000,79.000000,0.148186,36897804.000000,0.753584,0,1
182,186,185,196,197,196,210,221,
719.000000,82.000000,0.146127,2609258.500000,0.739471,0,1
201,213,217,226,231,233,244,255,
732.000000,188.000000,0.138381,2101296.250000,0.810256,0,1
14,14,13,14,15,16,15,17,
732.000000,196.000000,0.138739,13784773.000000,0.821359,0,1
16,14,16,13,15,17,14,15,
448.000000,199.000000,0.030144,3157519.250000,0.045429,0,1
52,62,58,68,70,65,83,93,
738.000000,254.000000,0.148091,284240.593750,0.923076,0,1
7,7,7,7,7,7,8,10,
728.000000,255.000000,0.141343,11622722.000000,0.901651,0,1
7,8,7,14,11,9,28,30,
740.000000,257.000000,0.143199,22168812.000000,0.938410,0,1
8,9,8,20,16,12,31,32,
704.000000,259.000000,0.117654,19500074.000000,0.779709,0,1
31,30,30,20,22,24,15,15,
714.000000,260.000000,0.119266,18385260.000000,0.807557,0,1
30,29,31,24,26,29,15,16,
733.000000,260.000000,0.136982,33999984.000000,0.909569,0,1
33,36,36,35,43,47,32,30,
156.000000,288.000000,0.080799,1385282.125000,0.855206,0,1
28,27,28,25,26,27,24,24,
732.000000,288.000000,0.164639,2135258.000000,1.088416,0,1
9,10,10,11,11,11,12,13,
592.000000,59.000000,0.170795,6234979.500000,0.695571,0,1
11,11,11,12,14,15,23,25,
586.000000,60.000000,0.242575,1078844.375000,1.084072,0,1
11,10,11,13,15,18,18,20,
631.000000,61.000000,0.142423,34765628.000000,0.434754,0,1
47,49,55,39,47,59,37,39,
639.000000,61.000000,0.146427,50773344.000000,0.690335,0,1
38,52,41,64,51,39,56,39,
123.000000,63.000000,0.422516,4993099.000000,8.473562,0,1
80,77,75,69,69,70,53,35,
174.000000,63.000000,0.430126,3436375.000000,4.206289,0,1
68,69,68,71,71,69,76,76,
607.000000,63.000000,0.156982,12325119.000000,0.662336,0,1
15,20,17,29,27,24,33,34,
609.000000,63.000000,0.156089,12447889.000000,0.663043,0,1
15,17,16,27,24,20,31,35,
119.000000,64.000000,0.438746,20099372.000000,8.671915,0,1
77,67,70,46,50,53,29,24,
120.000000,64.000000,0.437794,18493728.000000,8.627395,0,1
78,69,69,48,52,53,30,24,
556.000000,64.000000,0.230140,602963.625000,0.871709,0,1
10,9,9,10,11,12,14,16,
606.000000,64.000000,0.156965,11350244.000000,0.658711,0,1
20,29,27,31,33,31,32,31,
611.000000,64.000000,0.154455,14677171.000000,0.658970,0,1
16,21,19,31,28,24,35,35,
629.000000,64.000000,0.151382,12490939.000000,0.690203,0,1
36,36,38,28,32,35,25,24,
135.000000,65.000000,0.429674,17282170.000000,7.986527,0,1
74,66,66,50,54,54,31,24,
617.000000,65.000000,0.151129,13099930.000000,0.656371,0,1
19,21,20,30,26,24,34,38,
632.000000,65.000000,0.150447,7631593.000000,0.692172,0,1
39,35,37,27,30,33,24,24,
150.000000,66.000000,0.416211,20415062.000000,7.375434,0,1
76,69,72,56,60,65,38,25,
152.000000,67.000000,0.421004,45787292.000000,7.309749,0,1
71,63,63,39,43,46,26,22,
167.000000,68.000000,0.413704,33040380.000000,6.762957,0,1
70,61,63,44,47,50,27,22,
229.000000,68.000000,0.386843,3124296.000000,4.884219,0,1
40,40,40,45,45,43,53,57,
175.000000,69.000000,0.410377,26975834.000000,6.514172,0,1
72,57,65,35,42,47,25,22,
179.000000,69.000000,0.410127,27419702.000000,6.369739,0,1
81,66,69,47,51,54,30,22,
656.000000,69.000000,0.149359,62621832.000000,0.405586,0,1
66,69,95,78,136,193,189,255,
184.000000,70.000000,0.408055,39352248.000000,6.202781,0,1
72,60,61,35,41,42,23,22,
196.000000,70.000000,0.401209,40521676.000000,5.820947,0,1
57,52,57,44,44,48,31,23,
205.000000,71.000000,0.394304,20163200.000000,5.538064,0,1
56,52,51,44,46,45,30,23,
211.000000,71.000000,0.394943,16429892.000000,3.461364,0,1
64,53,69,47,54,60,34,26,
216.000000,71.000000,0.391314,23712664.000000,5.234735,0,1
49,51,47,54,46,46,40,29,
652.000000,71.000000,0.145057,307764800.000000,0.475247,0,1
53,51,107,45,154,255,60,65,
198.000000,72.000000,0.401416,23203522.000000,5.761427,0,1
48,35,36,23,24,25,22,22,
652.000000,72.000000,0.144862,1006735488.000000,0.707674,0,1
72,77,223,43,121,235,53,62,
230.000000,74.000000,0.382687,27726336.000000,4.839209,0,1
54,47,47,32,33,33,25,25,
234.000000,74.000000,0.384163,7470645.500000,1.436200,0,1
44,40,42,33,33,34,27,26,
243.000000,74.000000,0.386790,11847710.000000,2.934804,0,1
42,43,41,38,38,39,32,27,
253.000000,75.000000,0.346568,3460709.750000,4.218058,0,1
40,40,41,36,38,39,29,26,
256.000000,76.000000,0.368013,5913639.500000,4.183786,0,1
41,39,40,30,31,32,26,26,
630.000000,77.000000,0.144463,124493480.000000,0.645833,0,1
54,63,55,73,66,58,77,78,
632.000000,77.000000,0.143456,119572264.000000,0.645386,0,1
46,55,48,66,58,52,68,69,
280.000000,78.000000,0.340109,1327162.500000,3.613861,0,1
36,34,35,30,31,31,27,26,
623.000000,79.000000,0.143154,23770066.000000,0.620008,0,1
68,69,77,69,77,84,78,88,
632.000000,80.000000,0.144783,128747000.000000,0.650942,0,1
64,74,64,83,73,65,80,79,
620.000000,85.000000,0.143612,63824188.000000,0.611518,0,1
81,79,90,77,87,99,84,92,
655.000000,85.000000,0.137223,130528896.000000,0.663267,0,1
78,85,76,93,85,71,95,90,
686.000000,85.000000,0.124544,29811108.000000,0.570486,0,1
163,165,175,169,177,187,183,193,
645.000000,87.000000,0.138702,32824212.000000,0.646161,0,1
59,63,63,73,69,71,76,76,
656.000000,87.000000,0.138667,242941360.000000,0.673299,0,1
78,88,73,96,82,71,92,83,
338.000000,89.000000,0.153498,3559413.750000,1.187172,0,1
28,30,30,30,35,36,36,40,
606.000000,90.000000,0.147824,10177998.000000,0.594594,0,1
44,44,47,42,46,50,44,45,
308.000000,92.000000,0.149964,1014965.437500,0.592799,0,1
19,20,22,24,25,27,28,30,
384.000000,92.000000,0.119851,8090111.500000,1.323738,0,1
34,37,35,43,38,36,47,46,
447.000000,92.000000,0.255107,1498461.125000,1.029765,0,1
22,21,22,16,17,18,13,13,
448.000000,92.000000,0.253959,1543546.375000,1.018919,0,1
21,22,22,17,17,17,13,13,
655.000000,93.000000,0.138842,380091904.000000,0.669221,0,1
100,114,93,125,108,86,119,99,
293.000000,94.000000,0.129336,28439440.000000,2.513473,0,1
21,22,22,24,26,28,30,31,
647.000000,96.000000,0.133821,186193248.000000,0.619825,0,1
91,88,99,83,95,108,90,96,
655.000000,96.000000,0.137542,873706560.000000,0.660448,0,1
110,112,84,108,73,33,88,67,
656.000000,96.000000,0.137194,840994304.000000,0.660901,0,1
97,99,68,91,52,24,69,47,
534.000000,100.000000,0.203385,1255166.375000,0.616647,0,1
18,15,16,12,11,12,9,9,
607.000000,100.000000,0.149331,17030710.000000,0.599590,0,1
53,52,56,52,57,62,59,65,
513.000000,102.000000,0.206467,501888.843750,0.551430,0,1
15,12,12,7,8,8,4,4,
491.000000,103.000000,0.209037,14857809.000000,0.559779,0,1
17,25,15,31,20,11,24,14,
573.000000,103.000000,0.179575,4277220.500000,0.643630,0,1
22,20,21,14,16,17,11,10,
578.000000,103.000000,0.176304,4858569.500000,0.644280,0,1
21,23,24,18,19,21,12,11,
370.000000,104.000000,0.079512,44569140.000000,0.049777,0,1
251,225,210,161,150,146,125,109,
479.000000,104.000000,0.210172,8596745.000000,0.656023,0,1
12,8,17,8,11,21,7,7,
583.000000,104.000000,0.174337,7410031.000000,0.650055,0,1
26,23,25,15,18,18,11,11,
357.000000,105.000000,0.077758,51797436.000000,0.057562,0,1
255,239,224,186,164,141,125,99,
591.000000,105.000000,0.170058,14837055.000000,0.653537,0,1
31,26,29,16,18,21,12,11,
599.000000,105.000000,0.163615,30156208.000000,0.645729,0,1
42,38,41,26,30,34,17,13,
606.000000,106.000000,0.160359,70716512.000000,0.649238,0,1
59,46,51,26,31,37,16,13,
384.000000,107.000000,0.092256,51502160.000000,0.139229,0,1
78,81,79,132,99,83,128,82,
615.000000,107.000000,0.156452,156678128.000000,0.654336,0,1
92,70,78,36,44,54,17,14,
405.000000,108.000000,0.093518,27349264.000000,0.141873,0,1
45,58,35,67,51,26,69,45,
487.000000,108.000000,0.205808,3542643.000000,0.574067,0,1
27,24,21,18,18,11,11,6,
488.000000,108.000000,0.207790,3377339.000000,0.567102,0,1
25,23,16,19,15,8,10,6,
627.000000,108.000000,0.149870,112187880.000000,0.652253,0,1
100,105,110,57,67,75,25,16,
420.000000,109.000000,0.093365,9025462.000000,0.850137,0,1
29,30,27,26,23,20,19,19,
300.000000,110.000000,0.059732,6909281.000000,0.865111,0,1
28,29,29,30,30,29,31,38,
382.000000,110.000000,0.093741,146944672.000000,0.141381,0,1
191,255,98,255,158,77,235,93,
249.000000,111.000000,0.095290,15193044.000000,1.605074,0,1
35,36,40,37,42,46,41,46,
395.000000,111.000000,0.088082,24597668.000000,0.129615,0,1
89,91,100,62,70,64,37,29,
400.000000,112.000000,0.090338,63695708.000000,0.992708,0,1
84,55,44,30,27,24,26,24,
302.000000,113.000000,0.076837,1545885.250000,0.356378,0,1
31,39,33,43,41,33,47,46,
426.000000,114.000000,0.079246,1026244.875000,0.744626,0,1
14,14,13,15,14,14,18,23,
245.000000,115.000000,0.102078,13397036.000000,1.692473,0,1
37,39,39,43,44,45,49,49,
276.000000,115.000000,0.086403,8060177.000000,1.269040,0,1
43,43,43,48,49,45,54,56,
386.000000,115.000000,0.087548,9489029.000000,0.048967,0,1
112,100,105,74,81,78,46,34,
283.000000,116.000000,0.079897,16989612.000000,2.155088,0,1
42,45,44,49,50,51,55,57,
359.000000,117.000000,0.089691,45147680.000000,0.135948,0,1
130,127,150,111,117,120,91,53,
367.000000,117.000000,0.086114,26035312.000000,0.046975,0,1
209,178,185,113,108,99,57,43,
684.000000,117.000000,0.127224,19668830.000000,0.627630,0,1
8,11,10,19,17,14,25,26,
257.000000,119.000000,0.090270,16954576.000000,1.458851,0,1
54,55,48,55,52,45,57,55,
317.000000,119.000000,0.130875,1122828288.000000,2.153400,0,1
36,38,40,50,52,54,202,255,
328.000000,119.000000,0.133505,186239728.000000,1.147551,0,1
35,42,39,69,58,50,230,255,
351.000000,119.000000,0.092579,193360176.000000,1.463180,0,1
64,61,66,55,52,61,38,36,
336.000000,120.000000,0.127102,64331776.000000,0.344273,0,1
34,37,38,112,47,45,43,36,
349.000000,120.000000,0.044952,47347092.000000,1.003209,0,1
55,54,54,39,38,38,35,34,
237.000000,121.000000,0.094407,23077558.000000,1.713834,0,1
50,46,53,45,52,54,49,55,
261.000000,121.000000,0.087180,22358392.000000,1.405195,0,1
45,47,51,48,56,61,56,63,
663.000000,121.000000,0.125961,55741564.000000,0.605763,0,1
26,27,35,28,35,43,36,45,
310.000000,123.000000,0.080278,45065996.000000,1.824734,0,1
45,53,41,57,48,40,55,51,
488.000000,124.000000,0.106219,807335.437500,0.402754,0,1
7,9,10,10,12,11,13,15,
241.000000,125.000000,0.093137,1721790.000000,0.144185,0,1
49,55,54,62,60,63,65,63,
302.000000,125.000000,0.087775,51080684.000000,1.989519,0,1
47,40,51,41,48,58,48,51,
271.000000,126.000000,0.086075,19340838.000000,2.385823,0,1
62,55,68,58,64,63,56,55,
284.000000,126.000000,0.080717,18003722.000000,2.210343,0,1
53,62,48,63,55,46,57,49,
478.000000,126.000000,0.093631,176589.734375,0.435447,0,1
7,7,7,7,7,7,8,14,
277.000000,127.000000,0.081145,27637878.000000,2.231635,0,1
65,58,65,53,59,56,53,53,
317.000000,128.000000,0.131421,3189077248.000000,2.154804,0,1
255,156,254,47,168,212,50,49,
480.000000,128.000000,0.099422,1127296.125000,0.436258,0,1
7,8,8,14,12,9,15,13,
660.000000,128.000000,0.125630,105625296.000000,0.595999,0,1
34,25,36,20,30,38,26,21,
155.000000,131.000000,0.110476,8934290.000000,0.974923,0,1
43,44,45,47,52,51,59,61,
160.000000,132.000000,0.113488,13324090.000000,0.971665,0,1
41,47,40,60,49,45,56,52,
346.000000,134.000000,0.067614,20464660.000000,0.185722,0,1
38,46,45,75,83,80,123,131,
421.000000,134.000000,0.057662,274202528.000000,0.626140,0,1
21,29,27,43,74,38,67,49,
295.000000,135.000000,0.062664,26496170.000000,0.091760,0,1
56,72,82,111,170,182,226,255,
372.000000,135.000000,0.066125,1612585.375000,0.016046,0,1
44,80,72,130,103,78,136,156,
377.000000,135.000000,0.060499,2381139.000000,0.020506,0,1
41,55,68,67,79,103,71,95,
385.000000,135.000000,0.056743,2453161.250000,0.020629,0,1
39,65,55,100,78,67,105,100,
409.000000,135.000000,0.056040,359388256.000000,0.687804,0,1
28,42,46,52,59,71,56,65,
201.000000,136.000000,0.055078,1075121536.000000,0.451480,0,1
62,96,107,93,207,211,189,244,
67.000000,140.000000,0.065854,4162929.250000,0.215795,0,1
36,40,39,48,48,42,53,48,
630.000000,142.000000,0.116309,21082552.000000,0.482017,0,1
12,15,10,17,12,8,15,13,
96.000000,143.000000,0.036041,40665844.000000,0.165848,0,1
43,41,41,58,49,43,62,58,
453.000000,143.000000,0.104402,696476.625000,0.649025,0,1
18,17,18,20,21,24,23,24,
343.000000,146.000000,0.055015,835318528.000000,1.155517,0,1
216,249,175,248,224,185,255,254,
99.000000,148.000000,0.037345,96427960.000000,0.106679,0,1
44,82,47,156,102,58,168,152,
104.000000,150.000000,0.036189,303591552.000000,0.162551,0,1
37,52,37,89,47,37,56,60,
462.000000,150.000000,0.099454,4353723.500000,0.559079,0,1
13,16,22,14,23,27,18,22,
397.000000,151.000000,0.041196,1945682432.000000,0.624145,0,1
103,144,80,184,119,59,147,113,
423.000000,151.000000,0.090634,122163784.000000,0.805788,0,1
31,43,24,54,35,21,49,41,
54.000000,154.000000,0.020435,209679968.000000,0.065983,0,1
218,184,208,198,226,252,240,255,
414.000000,155.000000,0.054544,3090718.000000,0.038406,0,1
46,39,58,53,55,72,114,127,
552.000000,155.000000,0.109810,1756826.125000,0.309604,0,1
9,9,11,12,16,18,19,16,
423.000000,156.000000,0.091614,81568056.000000,0.140758,0,1
46,70,34,123,70,26,87,60,
630.000000,158.000000,0.116222,45653876.000000,0.481794,0,1
14,17,11,20,14,8,18,15,
104.000000,159.000000,0.021698,181082224.000000,0.100214,0,1
90,92,112,87,114,124,110,134,
384.000000,159.000000,0.050515,266920128.000000,0.389936,0,1
255,240,242,149,147,145,110,133,
201.000000,160.000000,0.054397,2020932992.000000,0.447228,0,1
175,139,239,153,167,255,139,166,
552.000000,160.000000,0.109356,1226520.000000,0.308518,0,1
12,12,12,14,15,18,20,22,
630.000000,160.000000,0.116317,50222008.000000,0.482397,0,1
14,18,11,22,15,9,19,16,
424.000000,162.000000,0.090828,177489904.000000,0.808833,0,1
32,45,26,60,34,24,35,29,
92.000000,163.000000,0.022739,255153264.000000,0.108387,0,1
147,131,153,107,130,149,90,116,
349.000000,163.000000,0.049449,3048814336.000000,1.041302,0,1
222,174,206,131,176,252,187,222,
408.000000,163.000000,0.056234,9537940.000000,0.061681,0,1
92,93,106,56,71,99,57,69,
416.000000,163.000000,0.047803,4645345.500000,0.044457,0,1
78,84,77,80,51,48,59,48,
406.000000,167.000000,0.042492,92366384.000000,0.601540,0,1
61,73,70,84,96,82,128,155,
456.000000,167.000000,0.092888,5081850.000000,0.603200,0,1
20,25,16,27,21,14,28,30,
87.000000,169.000000,0.027576,107802736.000000,0.133777,0,1
83,77,81,65,70,72,56,53,
473.000000,169.000000,0.094523,1223434.750000,0.499099,0,1
12,14,13,26,23,19,26,20,
152.000000,171.000000,0.057912,49571192.000000,0.656684,0,1
47,49,44,65,48,45,56,54,
205.000000,171.000000,0.055311,408415552.000000,0.447280,0,1
255,238,254,154,189,225,114,88,
389.000000,171.000000,0.049027,7652925.000000,0.023229,0,1
71,118,91,197,142,154,205,189,
116.000000,175.000000,0.030494,84662688.000000,0.131655,0,1
52,66,58,93,89,68,121,127,
120.000000,175.000000,0.041237,225700752.000000,0.172692,0,1
42,49,39,68,46,38,61,49,
599.000000,175.000000,0.115843,7374745.500000,0.421231,0,1
15,16,18,17,18,22,26,27,
175.000000,176.000000,0.049814,13914825.000000,0.475687,0,1
57,59,63,46,51,58,43,44,
595.000000,176.000000,0.115131,2047801.750000,0.410752,0,1
17,15,16,21,22,24,27,23,
183.000000,177.000000,0.052427,27652366.000000,0.478491,0,1
68,74,78,51,55,64,48,48,
195.000000,177.000000,0.056100,119324760.000000,0.164299,0,1
212,188,189,130,136,148,107,90,
585.000000,177.000000,0.114063,4916028.000000,0.387724,0,1
15,12,13,12,14,18,23,24,
120.000000,178.000000,0.041806,445336672.000000,0.175152,0,1
48,63,41,100,51,38,67,47,
578.000000,178.000000,0.111727,1792552.500000,0.365996,0,1
13,14,12,15,16,17,23,23,
215.000000,179.000000,0.061338,35707868.000000,0.467032,0,1
116,107,111,81,84,86,76,71,
408.000000,179.000000,0.056469,43934360.000000,0.076509,0,1
163,184,125,208,155,96,190,166,
472.000000,179.000000,0.096727,8594422.000000,0.531095,0,1
26,28,20,31,21,14,26,21,
626.000000,182.000000,0.113786,14630464.000000,0.465646,0,1
23,23,23,26,24,21,30,29,
550.000000,184.000000,0.097895,1358823.625000,0.272931,0,1
16,19,15,22,20,15,23,23,
114.000000,185.000000,0.036875,13552885.000000,0.167721,0,1
60,59,61,47,52,54,46,45,
463.000000,185.000000,0.100445,5970438.500000,0.612599,0,1
34,30,33,18,21,31,16,23,
464.000000,185.000000,0.105893,4564150.000000,0.622178,0,1
35,31,34,18,27,34,15,20,
196.000000,186.000000,0.054918,92099656.000000,0.473573,0,1
138,128,118,95,93,95,74,69,
472.000000,186.000000,0.095396,9745486.000000,0.544097,0,1
24,29,18,33,23,15,29,25,
524.000000,186.000000,0.103498,10491242.000000,0.311867,0,1
13,9,17,6,14,21,9,14,
102.000000,187.000000,0.037250,17438012.000000,0.171912,0,1
38,38,38,44,48,47,58,48,
455.000000,187.000000,0.090026,1718421.250000,0.292225,0,1
17,17,17,24,23,23,29,26,
160.000000,188.000000,0.030191,34189044.000000,0.112941,0,1
35,40,36,53,43,38,60,62,
616.000000,188.000000,0.119616,4953786.500000,0.474849,0,1
26,27,29,30,31,33,33,35,
212.000000,189.000000,0.058043,35864700.000000,0.459943,0,1
84,83,88,54,58,61,51,51,
221.000000,189.000000,0.058858,39337412.000000,0.444870,0,1
70,95,99,76,84,87,58,55,
238.000000,190.000000,0.061627,25996008.000000,0.142764,0,1
79,121,119,82,90,102,67,64,
248.000000,191.000000,0.064078,21789300.000000,0.134023,0,1
82,130,116,80,89,109,67,65,
66.000000,193.000000,0.033389,1334667.250000,0.106963,0,1
62,64,63,68,68,66,75,69,
167.000000,193.000000,0.044779,44332008.000000,0.100822,0,1
40,46,40,73,55,39,70,45,
196.000000,195.000000,0.056906,35719748.000000,0.489666,0,1
79,73,75,63,63,66,54,49,
395.000000,195.000000,0.052363,67390768.000000,0.079427,0,1
89,72,51,189,128,44,148,89,
271.000000,197.000000,0.063257,65875552.000000,0.350063,0,1
255,255,250,185,165,143,97,78,
126.000000,198.000000,0.046113,10355703.000000,0.189614,0,1
73,93,92,102,104,107,109,115,
158.000000,198.000000,0.049667,181123616.000000,0.522057,0,1
58,53,50,82,74,65,111,133,
214.000000,198.000000,0.057866,19887072.000000,0.460259,0,1
55,65,66,57,65,71,47,46,
168.000000,199.000000,0.051211,250455504.000000,0.512394,0,1
37,47,43,74,64,56,101,122,
216.000000,199.000000,0.058231,26361300.000000,0.458757,0,1
67,70,71,50,53,56,47,47,
224.000000,199.000000,0.059113,23511642.000000,0.445961,0,1
62,77,82,65,71,72,56,55,
475.000000,199.000000,0.101952,12151754.000000,0.153647,0,1
27,36,25,47,34,20,49,43,
151.000000,200.000000,0.047435,88994200.000000,0.514925,0,1
100,125,120,141,140,141,157,170,
152.000000,200.000000,0.047807,102888736.000000,0.516098,0,1
96,122,119,142,140,139,156,169,
166.000000,200.000000,0.050635,326693536.000000,0.509524,0,1
50,79,69,117,108,95,141,159,
401.000000,200.000000,0.056593,244625696.000000,0.400130,0,1
68,87,79,137,132,131,171,112,
500.000000,200.000000,0.054186,5252716.000000,0.314210,0,1
10,11,12,14,14,14,17,20,
169.000000,201.000000,0.051755,440611072.000000,0.512506,0,1
60,95,81,130,112,99,147,162,
489.000000,201.000000,0.079132,818394.937500,0.181134,0,1
14,18,18,22,24,24,29,32,
256.000000,202.000000,0.063379,48082512.000000,1.214031,0,1
68,82,65,80,72,59,58,58,
359.000000,203.000000,0.062901,20518492.000000,0.182114,0,1
248,253,252,242,237,237,222,209,
379.000000,203.000000,0.062354,59195700.000000,0.050762,0,1
170,209,217,171,184,198,112,108,
198.000000,204.000000,0.055729,258758032.000000,0.476851,0,1
41,59,58,116,121,121,179,210,
94.000000,205.000000,0.057863,11916411.000000,0.268907,0,1
93,89,92,83,84,89,79,77,
87.000000,206.000000,0.058595,12378614.000000,0.275558,0,1
79,76,78,69,72,74,64,64,
107.000000,206.000000,0.060447,13385453.000000,0.267818,0,1
108,108,109,99,101,105,95,94,
207.000000,206.000000,0.058569,860103616.000000,0.475157,0,1
71,122,88,180,141,111,213,232,
630.000000,206.000000,0.112282,124309312.000000,0.495916,0,1
19,24,15,29,21,12,28,24,
216.000000,207.000000,0.060295,442753888.000000,0.466222,0,1
61,77,74,136,123,117,210,249,
232.000000,207.000000,0.061961,332128224.000000,0.437569,0,1
47,50,50,74,63,62,115,186,
445.000000,207.000000,0.093170,104427304.000000,0.140883,0,1
92,62,119,39,93,131,62,92,
66.000000,208.000000,0.056439,997123.125000,0.196030,0,1
62,60,61,56,57,57,54,53,
125.000000,208.000000,0.061418,24034974.000000,0.250261,0,1
131,124,129,116,119,124,110,106,
132.000000,208.000000,0.061454,28308340.000000,0.245512,0,1
151,138,144,129,134,138,125,121,
141.000000,208.000000,0.062499,54212628.000000,0.689896,0,1
167,152,156,145,148,150,138,137,
145.000000,208.000000,0.064169,34017900.000000,0.693732,0,1
172,157,161,150,152,155,143,142,
215.000000,208.000000,0.060472,202410192.000000,0.164470,0,1
77,136,123,227,210,195,249,255,
222.000000,208.000000,0.060408,418590336.000000,0.452986,0,1
68,108,101,185,181,174,244,255,
363.000000,208.000000,0.061912,11249816.000000,0.093305,0,1
216,210,204,201,199,190,187,174,
385.000000,208.000000,0.068155,79445472.000000,0.536584,0,1
151,148,148,136,135,138,122,108,
392.000000,208.000000,0.067465,70077736.000000,0.503626,0,1
156,146,143,133,131,130,119,109,
425.000000,208.000000,0.090376,88383416.000000,0.137165,0,1
72,101,45,116,69,37,86,59,
524.000000,208.000000,0.101735,100242840.000000,0.163387,0,1
55,32,80,23,54,96,31,52,
100.000000,209.000000,0.060832,17944620.000000,0.277014,0,1
87,82,85,73,76,79,68,66,
115.000000,209.000000,0.061880,19220716.000000,0.263242,0,1
111,106,109,94,97,100,91,88,
376.000000,209.000000,0.066819,26870346.000000,0.570189,0,1
161,152,147,145,135,135,132,120,
409.000000,209.000000,0.069399,160669776.000000,0.869456,0,1
134,122,120,114,110,107,100,90,
423.000000,209.000000,0.090108,39940592.000000,0.135798,0,1
125,120,95,108,103,64,94,83,
445.000000,209.000000,0.093013,83894136.000000,0.140176,0,1
93,62,122,39,92,131,58,88,
92.000000,210.000000,0.062478,5045078.500000,0.290201,0,1
71,68,70,65,66,67,62,61,
190.000000,211.000000,0.073055,34649080.000000,0.621815,0,1
226,220,220,213,211,210,204,200,
195.000000,211.000000,0.069713,62031032.000000,0.585656,0,1
230,228,231,214,220,225,205,199,
242.000000,212.000000,0.066324,145582032.000000,0.107309,0,1
74,112,89,223,194,170,251,255,
248.000000,212.000000,0.066448,150021328.000000,0.152627,0,1
63,78,75,152,137,130,236,248,
352.000000,212.000000,0.071201,70164448.000000,0.223914,0,1
218,207,205,193,189,183,178,158,
256.000000,213.000000,0.067228,183714384.000000,0.146511,0,1
68,109,101,193,180,174,240,240,
327.000000,213.000000,0.075677,43119576.000000,0.290929,0,1
255,252,248,234,226,223,203,184,
328.000000,213.000000,0.075230,52700384.000000,0.286063,0,1
255,250,246,231,224,223,195,181,
167.000000,214.000000,0.071303,50235756.000000,0.693345,0,1
183,177,182,167,169,173,161,161,
173.000000,214.000000,0.072739,51746984.000000,0.684523,0,1
198,192,196,178,183,183,168,167,
315.000000,214.000000,0.080687,71723840.000000,1.010911,0,1
255,255,255,243,242,246,226,218,
337.000000,214.000000,0.076383,299660672.000000,1.551197,0,1
221,211,202,193,180,176,160,140,
178.000000,215.000000,0.073175,41959488.000000,0.677397,0,1
201,187,191,176,182,187,167,165,
207.000000,215.000000,0.070502,128295456.000000,0.561109,0,1
232,220,231,215,221,235,207,200,
344.000000,215.000000,0.077367,214213984.000000,1.492731,0,1
198,183,176,163,162,160,137,132,
632.000000,215.000000,0.110274,80127584.000000,0.511286,0,1
15,22,11,29,16,9,23,16,
182.000000,216.000000,0.074840,34226744.000000,0.685417,0,1
194,189,192,174,179,185,168,170,
191.000000,216.000000,0.075857,100966656.000000,0.641079,0,1
195,187,186,182,178,175,173,165,
199.000000,216.000000,0.071482,137682400.000000,0.588841,0,1
206,193,198,180,184,190,174,170,
334.000000,216.000000,0.078399,205665232.000000,1.609620,0,1
198,181,167,175,160,143,160,144,
630.000000,216.000000,0.107855,170571888.000000,0.455246,0,1
29,35,23,41,30,16,37,31,
293.000000,217.000000,0.081663,94563360.000000,2.137113,0,1
254,252,246,245,229,229,214,211,
311.000000,217.000000,0.082566,148183184.000000,1.917792,0,1
234,226,226,205,207,206,191,187,
327.000000,218.000000,0.085704,230929472.000000,1.766220,0,1
187,185,187,173,172,170,152,136,
147.000000,219.000000,0.070457,67768984.000000,0.744084,0,1
126,120,124,112,117,121,107,102,
210.000000,219.000000,0.073869,98721304.000000,0.577981,0,1
212,199,205,184,197,205,179,173,
632.000000,219.000000,0.110230,89939960.000000,0.518737,0,1
16,24,12,31,16,10,24,16,
175.000000,220.000000,0.077151,23565734.000000,0.718167,0,1
163,157,158,147,148,150,140,137,
361.000000,220.000000,0.085037,39768836.000000,1.417334,0,1
121,115,114,113,109,103,98,94,
240.000000,221.000000,0.085420,90342440.000000,1.630088,0,1
223,224,222,207,202,197,191,187,
286.000000,221.000000,0.088795,143099664.000000,2.328432,0,1
241,232,227,215,207,201,191,181,
350.000000,221.000000,0.087891,48671844.000000,1.557277,0,1
129,128,123,110,114,113,93,103,
352.000000,221.000000,0.088832,43680220.000000,1.549593,0,1
123,123,122,114,113,111,91,103,
264.000000,222.000000,0.081139,101727024.000000,1.386942,0,1
218,204,211,198,207,218,192,194,
526.000000,222.000000,0.099409,18595602.000000,0.252333,0,1
66,42,69,26,46,57,19,15,
230.000000,223.000000,0.086470,91822840.000000,1.743434,0,1
214,206,207,185,186,185,169,168,
250.000000,223.000000,0.085903,115019720.000000,1.552348,0,1
213,203,203,189,192,192,178,165,
597.000000,223.000000,0.124640,2585717.500000,0.485073,0,1
41,42,45,56,53,59,63,65,
159.000000,224.000000,0.074334,60893320.000000,0.737349,0,1
118,109,115,100,103,106,97,95,
176.000000,224.000000,0.080643,36741732.000000,0.734885,0,1
137,132,132,124,125,127,115,112,
269.000000,224.000000,0.089082,133253560.000000,2.591857,0,1
219,215,215,203,204,198,186,175,
276.000000,224.000000,0.090143,176040192.000000,2.496542,0,1
212,211,206,192,192,189,173,173,
362.000000,224.000000,0.092104,16067710.000000,1.478294,0,1
95,95,97,93,94,96,86,83,
445.000000,224.000000,0.095821,29581786.000000,0.150497,0,1
50,31,65,23,45,72,29,42,
482.000000,224.000000,0.097128,38709228.000000,0.195448,0,1
58,68,42,72,55,29,64,51,
535.000000,224.000000,0.098190,30556782.000000,0.268534,0,1
66,52,59,18,22,27,15,14,
632.000000,224.000000,0.110319,91636656.000000,0.528840,0,1
16,24,12,31,17,10,23,16,
317.000000,225.000000,0.090287,6153367.000000,0.378070,0,1
152,150,143,144,140,132,134,132,
631.000000,225.000000,0.109308,136303824.000000,0.526543,0,1
24,31,17,37,23,12,31,23,
205.000000,227.000000,0.076966,56704072.000000,0.615278,0,1
138,132,137,121,127,135,117,115,
432.000000,227.000000,0.091418,50030620.000000,0.186730,0,1
23,25,24,44,40,34,68,69,
568.000000,227.000000,0.097911,59841128.000000,0.316905,0,1
61,60,59,24,30,36,15,13,
214.000000,228.000000,0.086119,56843888.000000,0.649259,0,1
159,154,162,139,148,154,133,130,
257.000000,228.000000,0.084364,99002152.000000,1.485352,0,1
172,166,167,156,154,153,146,141,
347.000000,228.000000,0.104127,24280872.000000,1.742904,0,1
107,105,101,99,94,90,90,86,
423.000000,228.000000,0.091707,17812486.000000,0.966277,0,1
41,38,43,44,42,57,49,53,
425.000000,228.000000,0.094004,21557608.000000,0.141669,0,1
38,43,50,42,57,67,58,62,
579.000000,228.000000,0.099215,34483092.000000,0.337956,0,1
50,47,49,24,30,35,15,12,
320.000000,229.000000,0.091125,6105641.000000,0.374016,0,1
129,129,123,121,117,111,111,105,
451.000000,229.000000,0.090637,15048820.000000,0.151380,0,1
65,60,60,44,47,51,27,23,
589.000000,229.000000,0.100761,55972728.000000,0.358477,0,1
54,53,56,32,38,43,15,13,
130.000000,231.000000,0.080051,44691396.000000,0.884593,0,1
68,66,70,58,62,66,54,52,
224.000000,231.000000,0.084201,54500996.000000,0.164368,0,1
137,133,137,156,170,174,236,214,
245.000000,231.000000,0.084724,90006072.000000,1.601738,0,1
154,149,147,151,165,181,215,165,
288.000000,231.000000,0.089290,26707004.000000,0.135803,0,1
159,153,160,138,150,161,161,204,
301.000000,231.000000,0.087247,6712758.000000,0.132960,0,1
173,180,185,169,175,166,153,144,
304.000000,231.000000,0.087977,8251738.000000,0.132587,0,1
160,177,159,174,155,141,144,125,
413.000000,231.000000,0.095195,15174820.000000,1.069561,0,1
50,48,47,54,53,47,64,65,
463.000000,231.000000,0.093496,15838772.000000,0.171005,0,1
62,57,58,33,41,47,24,24,
466.000000,231.000000,0.093556,15235322.000000,0.174371,0,1
63,59,61,44,51,56,26,23,
474.000000,231.000000,0.093943,11275857.000000,0.184075,0,1
63,61,61,58,58,58,49,26,
151.000000,232.000000,0.085953,4164282.250000,0.315199,0,1
76,73,74,79,78,74,87,83,
220.000000,232.000000,0.089629,45359264.000000,0.180235,0,1
132,121,138,151,179,222,217,169,
288.000000,232.000000,0.091164,47836304.000000,0.128528,0,1
156,143,158,155,167,164,205,192,
463.000000,232.000000,0.098839,43850284.000000,0.762814,0,1
58,37,44,23,25,26,24,22,
471.000000,232.000000,0.097876,33350748.000000,0.210777,0,1
61,57,58,36,42,49,24,23,
532.000000,232.000000,0.106365,14433430.000000,0.294866,0,1
13,15,13,30,27,23,39,33,
284.000000,233.000000,0.089648,43504056.000000,0.129755,0,1
130,130,148,154,179,202,206,202,
376.000000,233.000000,0.094594,13588400.000000,0.142558,0,1
61,65,63,75,77,70,90,95,
542.000000,233.000000,0.107481,14051771.000000,0.496198,0,1
12,13,12,27,22,19,40,33,
489.000000,234.000000,0.100512,30236112.000000,0.645117,0,1
17,17,17,34,27,21,45,40,
508.000000,234.000000,0.104919,42607360.000000,0.259826,0,1
13,15,19,22,29,35,38,41,
553.000000,234.000000,0.108448,15639781.000000,0.487466,0,1
12,13,13,21,17,15,41,36,
298.000000,235.000000,0.093948,15771790.000000,0.129064,0,1
161,155,158,130,141,161,122,123,
448.000000,235.000000,0.107075,10671014.000000,0.896508,0,1
16,15,15,18,19,19,26,30,
503.000000,235.000000,0.104104,49810620.000000,0.603197,0,1
13,14,17,18,24,32,34,42,
186.000000,236.000000,0.092065,29529834.000000,0.782830,0,1
87,84,90,93,101,105,118,125,
192.000000,236.000000,0.068061,12001018.000000,0.152874,0,1
90,94,89,106,98,89,114,106,
263.000000,236.000000,0.095945,37059752.000000,0.552894,0,1
160,150,158,142,153,165,136,136,
304.000000,236.000000,0.097656,13251288.000000,0.132052,0,1
148,162,142,138,125,120,120,104,
319.000000,236.000000,0.092982,45248456.000000,0.388091,0,1
98,106,100,121,112,105,124,119,
523.000000,236.000000,0.096080,17257860.000000,0.264560,0,1
36,43,41,31,33,39,20,17,
564.000000,236.000000,0.111329,18116264.000000,0.355629,0,1
12,13,12,40,35,29,39,31,
571.000000,236.000000,0.111776,16507761.000000,0.494340,0,1
12,12,12,20,16,13,39,36,
267.000000,237.000000,0.096559,39490188.000000,0.204539,0,1
169,172,178,147,154,157,138,136,
327.000000,237.000000,0.095300,64382404.000000,0.378115,0,1
86,90,85,102,98,94,110,110,
340.000000,237.000000,0.093271,51139900.000000,0.983478,0,1
73,73,75,79,79,80,90,86,
576.000000,237.000000,0.110711,23863784.000000,0.496413,0,1
11,12,11,29,24,21,38,34,
158.000000,238.000000,0.086667,115142432.000000,0.843004,0,1
82,77,79,63,67,73,58,53,
167.000000,238.000000,0.093602,30673906.000000,0.860979,0,1
70,72,72,80,80,76,89,93,
513.000000,238.000000,0.099348,32602966.000000,0.262407,0,1
36,41,35,37,30,23,23,16,
76.000000,240.000000,0.103571,336356.343750,0.524715,0,1
38,37,36,34,35,34,33,32,
144.000000,240.000000,0.083321,8104795.000000,0.879000,0,1
58,51,53,48,49,51,48,45,
175.000000,240.000000,0.090255,30222922.000000,0.303413,0,1
86,90,101,82,96,104,86,91,
376.000000,240.000000,0.101510,18740934.000000,0.829893,0,1
74,68,65,60,62,59,58,57,
422.000000,240.000000,0.093087,15396802.000000,0.141375,0,1
69,62,80,57,72,94,51,44,
487.000000,240.000000,0.102509,25583178.000000,0.246862,0,1
52,41,49,22,23,27,20,19,
491.000000,240.000000,0.103227,18543282.000000,0.251544,0,1
38,52,50,27,32,40,21,19,
506.000000,240.000000,0.102373,42699812.000000,0.264520,0,1
42,41,38,36,28,23,20,13,
512.000000,240.000000,0.100648,27976592.000000,0.587616,0,1
34,25,21,19,17,15,14,12,
550.000000,240.000000,0.102878,20004600.000000,0.506907,0,1
38,36,39,16,19,23,15,14,
497.000000,241.000000,0.104293,31902758.000000,0.261062,0,1
47,51,52,26,30,34,21,17,
167.000000,242.000000,0.091399,46350776.000000,0.869587,0,1
93,79,88,71,77,75,62,52,
190.000000,242.000000,0.102364,9276675.000000,0.245869,0,1
100,113,101,113,91,76,82,83,
299.000000,242.000000,0.103259,8112589.500000,0.184505,0,1
125,115,116,98,104,109,99,108,
319.000000,242.000000,0.100433,101907584.000000,1.180933,0,1
106,98,100,80,81,82,71,72,
354.000000,242.000000,0.100322,12484917.000000,0.342227,0,1
75,78,72,75,70,63,65,65,
329.000000,243.000000,0.100144,115506032.000000,1.112865,0,1
93,87,86,75,80,75,66,62,
348.000000,243.000000,0.102083,28413176.000000,0.361812,0,1
84,84,81,78,74,67,63,55,
338.000000,245.000000,0.104522,50733624.000000,1.896514,0,1
77,74,68,73,66,63,61,58,
263.000000,246.000000,0.102226,102396184.000000,0.180249,0,1
131,118,116,147,161,167,179,190,
231.000000,247.000000,0.114000,66120632.000000,3.652271,0,1
102,109,112,103,109,106,96,94,
255.000000,247.000000,0.105124,153398560.000000,0.630162,0,1
91,90,100,101,114,141,120,124,
279.000000,247.000000,0.104825,69775056.000000,0.210701,0,1
133,146,161,113,111,137,95,108,
282.000000,247.000000,0.105792,109792800.000000,0.172929,0,1
141,167,184,118,168,203,132,153,
639.000000,247.000000,0.124078,36812448.000000,0.643102,0,1
12,12,11,23,23,21,30,37,
641.000000,247.000000,0.127577,29895004.000000,0.654417,0,1
10,11,10,23,21,16,33,38,
649.000000,247.000000,0.132279,9063651.000000,0.684023,0,1
9,9,9,10,9,9,21,28,
189.000000,248.000000,0.099033,226931328.000000,0.828987,0,1
94,85,83,60,66,74,54,54,
255.000000,248.000000,0.106360,149210624.000000,0.637263,0,1
94,107,126,107,142,179,110,117,
289.000000,248.000000,0.107582,50991896.000000,0.172144,0,1
177,173,152,163,123,104,113,88,
264.000000,249.000000,0.110353,59274984.000000,0.198909,0,1
199,190,176,177,158,128,148,123,
354.000000,249.000000,0.108810,13489969.000000,1.767412,0,1
57,61,59,55,53,50,46,44,
414.000000,249.000000,0.107861,6677787.000000,0.695755,0,1
42,50,58,45,48,51,42,43,
663.000000,250.000000,0.133074,21464270.000000,0.729689,0,1
8,9,9,25,20,16,30,27,
198.000000,251.000000,0.094821,82138496.000000,0.289780,0,1
86,75,88,57,69,82,52,51,
636.000000,252.000000,0.125452,22622348.000000,0.669991,0,1
29,25,33,19,28,32,15,15,
681.000000,253.000000,0.134057,45197208.000000,0.773769,0,1
9,14,11,32,29,25,33,37,
299.000000,254.000000,0.115289,10923302.000000,0.550792,0,1
83,86,89,84,78,74,65,65,
224.000000,255.000000,0.108981,119796224.000000,0.239051,0,1
124,153,97,120,95,82,82,76,
273.000000,255.000000,0.111450,143999312.000000,0.241241,0,1
80,77,78,103,103,98,151,160,
306.000000,255.000000,0.112842,20693648.000000,0.205935,0,1
83,88,84,82,80,68,65,63,
425.000000,255.000000,0.099707,5168101.000000,0.156172,0,1
37,47,34,52,44,25,57,47,
447.000000,255.000000,0.092374,2440784.250000,0.247867,0,1
26,21,31,16,25,29,17,17,
448.000000,255.000000,0.106267,1804685.000000,0.560041,0,1
29,28,31,20,28,29,19,19,
156.000000,256.000000,0.072479,3612928.500000,0.754571,0,1
42,38,39,37,37,38,36,35,
207.000000,256.000000,0.094882,60698696.000000,0.284291,0,1
100,73,88,65,71,79,63,62,
224.000000,256.000000,0.112216,43123968.000000,3.859168,0,1
121,107,86,83,82,79,76,71,
265.000000,256.000000,0.112366,171014304.000000,0.250476,0,1
76,79,83,113,122,135,169,176,
378.000000,256.000000,0.085128,3461134.500000,1.385376,0,1
43,42,43,43,41,40,39,36,
448.000000,256.000000,0.100393,1728694.250000,0.566751,0,1
31,25,29,17,22,24,17,17,
480.000000,256.000000,0.080046,872207.625000,0.232651,0,1
21,18,21,18,16,16,18,17,
524.000000,256.000000,0.126160,1702514.750000,0.703369,0,1
11,10,11,10,11,12,10,11,
655.000000,256.000000,0.111436,15961512.000000,0.650860,0,1
30,24,28,15,16,16,14,12,
251.000000,258.000000,0.115346,127536240.000000,0.275631,0,1
75,93,109,79,128,155,82,77,
423.000000,258.000000,0.110400,7021991.000000,0.167845,0,1
54,46,50,34,34,34,28,26,
290.000000,259.000000,0.117835,42825496.000000,0.234120,0,1
73,76,68,97,80,64,93,78,
680.000000,259.000000,0.119825,30059598.000000,0.743217,0,1
32,27,30,15,18,21,13,14,
259.000000,260.000000,0.118625,131520640.000000,0.233617,0,1
166,161,148,113,108,88,74,67,
408.000000,260.000000,0.110167,10954236.000000,0.318160,0,1
33,33,33,29,32,31,26,25,
297.000000,261.000000,0.117453,17765198.000000,0.587050,0,1
64,79,79,69,69,65,55,53,
352.000000,262.000000,0.123860,4056189.750000,1.945389,0,1
50,51,47,50,48,46,45,42,
263.000000,266.000000,0.122919,39720984.000000,3.229236,0,1
63,61,59,65,72,60,86,69,
264.000000,266.000000,0.122506,39548408.000000,3.201902,0,1
61,61,57,72,66,57,86,67,
221.000000,269.000000,0.121051,169492176.000000,4.052249,0,1
63,62,65,70,82,92,82,71,
231.000000,270.000000,0.127849,228347808.000000,0.855660,0,1
92,75,123,66,77,118,68,67,
253.000000,271.000000,0.124287,105905360.000000,3.438401,0,1
82,94,84,92,73,60,62,48,
256.000000,272.000000,0.124478,48110800.000000,3.387051,0,1
73,60,58,50,49,54,48,50,
182.000000,278.000000,0.134127,2832918.500000,0.463897,0,1
30,32,30,37,37,31,40,41,
276.000000,278.000000,0.132912,11746477.000000,3.155157,0,1
57,54,56,49,52,57,48,45,
240.000000,280.000000,0.135417,128232888.000000,3.848158,0,1
52,73,47,75,50,45,47,44,
174.000000,290.000000,0.095381,867274.937500,0.993268,0,1
34,33,33,31,31,31,27,25,
224.000000,291.000000,0.157380,8896303.000000,4.458533,0,1
43,39,33,53,36,31,40,34,
180.000000,292.000000,0.083272,1367070.750000,0.815457,0,1
33,29,31,25,26,27,24,25,
207.000000,292.000000,0.093541,16614640.000000,0.788937,0,1
45,41,44,32,35,39,29,28,
695.000000,258.000000,0.118210,25463086.000000,0.763310,0,1
32,28,30,21,22,25,17,15,
279.000000,258.000000,0.116820,77284936.000000,0.243957,0,1
147,144,135,132,118,101,88,74,
281.000000,248.000000,0.105963,96934376.000000,0.175104,0,1
167,118,168,99,132,186,115,125,
412.000000,241.000000,0.104262,66526224.000000,1.166424,0,1
64,56,64,44,50,52,41,38,
326.000000,241.000000,0.098708,178076624.000000,1.118121,0,1
111,106,106,94,94,95,76,71,
199.000000,241.000000,0.086455,9468668.000000,0.195493,0,1
112,105,111,86,89,96,75,71,
311.000000,240.000000,0.100255,62869332.000000,0.438287,0,1
131,120,123,101,106,112,97,89,
410.000000,239.000000,0.097855,17255810.000000,0.240605,0,1
66,60,67,49,56,64,46,44,
482.000000,237.000000,0.104252,28981280.000000,0.706677,0,1
22,21,38,20,33,52,18,18,
234.000000,236.000000,0.096282,133440064.000000,0.240665,0,1
198,157,168,133,150,165,131,119,
384.000000,234.000000,0.093792,4919499.000000,1.307100,0,1
60,64,68,59,62,60,59,52,
279.000000,234.000000,0.094657,27492212.000000,0.143864,0,1
130,146,151,138,168,189,157,184,
478.000000,233.000000,0.098632,35564164.000000,0.218406,0,1
57,53,53,30,37,44,20,20,
438.000000,232.000000,0.094883,42787536.000000,0.202456,0,1
49,58,34,48,35,21,30,23,
519.000000,231.000000,0.103019,36986752.000000,0.264864,0,1
13,15,17,20,29,31,34,39,
188.000000,231.000000,0.088985,39010808.000000,0.750238,0,1
117,114,111,109,105,101,98,92,
127.000000,230.000000,0.077615,24209430.000000,0.873267,0,1
62,62,66,55,59,66,54,53,
108.000000,63.000000,0.444072,20816500.000000,9.177547,0,1
79,67,69,45,49,53,30,23,
174.000000,224.000000,0.079593,33165634.000000,0.730090,0,1
136,129,132,121,124,125,113,107,
165.000000,224.000000,0.076198,52714568.000000,0.733441,0,1
128,120,122,109,114,118,105,102,
232.000000,223.000000,0.087067,88709984.000000,1.728990,0,1
213,207,202,186,185,182,167,173,
111.000000,64.000000,0.446458,19588244.000000,9.044603,0,1
72,53,56,33,37,39,24,22,
424.000000,222.000000,0.089664,47373132.000000,0.931862,0,1
54,61,44,61,55,34,56,50,
221.000000,219.000000,0.080057,137849184.000000,1.733624,0,1
233,229,233,217,225,227,206,202,
206.000000,219.000000,0.072462,115700896.000000,0.577905,0,1
196,185,191,171,176,184,165,164,
136.000000,65.000000,0.429071,16668108.000000,7.943048,0,1
75,66,66,53,53,56,33,25,
140.000000,218.000000,0.068738,69564984.000000,0.748919,0,1
119,113,119,105,110,113,100,96,
312.000000,217.000000,0.082817,153280752.000000,1.904209,0,1
231,227,223,205,208,205,189,185,
343.000000,216.000000,0.077511,236927216.000000,1.505753,0,1
183,163,162,140,137,139,134,142,
307.000000,215.000000,0.079645,175891200.000000,1.924322,0,1
255,251,248,236,234,235,221,209,
508.000000,68.000000,0.215612,164643.625000,0.614369,0,1
8,9,9,10,10,9,9,8,
236.000000,210.000000,0.063114,407686944.000000,0.153138,0,1
76,152,106,233,180,115,248,251,
226.000000,208.000000,0.060782,490780256.000000,0.445439,0,1
61,93,86,174,164,152,237,255,
213.000000,207.000000,0.059933,482623840.000000,0.470508,0,1
63,93,82,163,146,128,231,251,
411.000000,204.000000,0.062650,138607168.000000,0.114215,0,1
70,92,87,125,123,122,156,147,
205.000000,72.000000,0.395883,18908502.000000,5.541803,0,1
52,46,46,28,30,31,23,22,
191.000000,204.000000,0.055374,349973152.000000,0.489660,0,1
46,78,69,131,125,121,173,201,
219.000000,73.000000,0.388513,18082096.000000,5.138947,0,1
48,41,43,30,33,34,25,24,
421.000000,203.000000,0.061421,386405568.000000,0.722034,0,1
59,69,70,97,102,100,140,145,
183.000000,203.000000,0.054107,349028992.000000,0.498595,0,1
54,80,70,122,113,101,157,183,
239.000000,199.000000,0.060129,24517212.000000,0.406607,0,1
64,67,67,85,75,68,83,63,
146.000000,197.000000,0.046879,38859028.000000,0.177318,0,1
46,56,59,84,81,81,108,126,
143.000000,194.000000,0.044408,92052960.000000,0.170956,0,1
53,70,50,78,66,43,66,65,
383.000000,192.000000,0.054324,1243065856.000000,0.883473,0,1
153,155,173,71,76,102,57,46,
350.000000,191.000000,0.055303,214725488.000000,0.586489,0,1
255,252,255,210,230,249,188,196,
338.000000,189.000000,0.053424,431608032.000000,1.209447,0,1
255,251,255,224,230,243,216,243,
614.000000,96.000000,0.146777,62113688.000000,0.606880,0,1
75,70,80,65,75,85,70,75,
152.000000,186.000000,0.030475,119019200.000000,0.071520,0,1
44,70,50,105,77,55,101,101,
480.000000,103.000000,0.211109,9095878.000000,0.649755,0,1
11,12,20,8,17,26,11,14,
346.000000,104.000000,0.093291,95170056.000000,0.140980,0,1
94,74,232,44,180,249,54,60,
656.000000,104.000000,0.136035,1033791808.000000,0.651346,0,1
40,55,22,70,37,14,51,31,
247.000000,181.000000,0.059330,102052256.000000,0.128452,0,1
254,140,176,118,139,229,107,92,
72.000000,177.000000,0.030955,253701664.000000,0.077164,0,1
148,144,105,127,107,71,97,74,
223.000000,176.000000,0.058339,509900832.000000,0.424546,0,1
255,211,245,128,156,190,123,133,
93.000000,176.000000,0.034061,325161600.000000,0.099554,0,1
92,79,130,57,99,143,59,52,
623.000000,108.000000,0.152534,189648112.000000,0.655583,0,1
105,86,97,38,48,57,18,15,
94.000000,174.000000,0.034691,246464608.000000,0.101049,0,1
79,79,102,73,113,133,104,124,
648.000000,110.000000,0.136973,81476000.000000,0.635137,0,1
79,68,71,40,45,51,18,13,
252.000000,115.000000,0.097331,10119542.000000,1.578669,0,1
42,46,41,51,48,50,53,53,
669.000000,117.000000,0.126290,16436277.000000,0.583014,0,1
10,11,11,19,18,16,33,36,
322.000000,119.000000,0.137287,127295688.000000,2.124989,0,1
36,42,43,55,70,78,232,255,
664.000000,120.000000,0.126061,54222492.000000,0.608785,0,1
24,26,36,27,35,41,35,45,
228.000000,121.000000,0.097535,13219941.000000,1.798802,0,1
46,51,42,52,47,46,55,57,
185.000000,164.000000,0.049561,434969696.000000,0.448747,0,1
255,218,249,115,159,178,83,69,
291.000000,124.000000,0.081554,32058650.000000,2.049441,0,1
46,56,42,60,50,42,62,62,
223.000000,125.000000,0.099804,29037116.000000,1.875821,0,1
46,45,52,45,49,57,48,52,
167.000000,160.000000,0.046395,314903232.000000,0.461664,0,1
125,71,89,59,64,74,58,56,
466.000000,158.000000,0.096265,3403723.750000,0.529558,0,1
24,27,23,25,20,15,17,13,
686.000000,130.000000,0.129869,51095284.000000,0.638822,0,1
28,34,26,37,30,24,31,26,
524.000000,134.000000,0.103186,5501347.000000,0.243958,0,1
12,9,15,6,12,16,9,12,
191.000000,135.000000,0.057641,108998504.000000,0.170014,0,1
41,46,48,52,72,84,84,115,
524.000000,154.000000,0.103209,7362515.000000,0.243267,0,1
12,9,16,5,13,18,9,12,
94.000000,153.000000,0.017791,82409200.000000,0.050554,0,1
107,116,99,143,131,115,165,159,
481.000000,152.000000,0.101061,7849047.000000,0.439597,0,1
16,21,12,23,16,9,21,17,
151.000000,152.000000,0.044800,839326016.000000,0.481730,0,1
254,169,244,73,111,194,65,61,
356.000000,139.000000,0.052072,75052664.000000,0.131961,0,1
138,119,182,140,200,233,217,255,
481.000000,151.000000,0.101138,8246181.000000,0.438684,0,1
16,20,12,23,16,9,21,16,
118.000000,141.000000,0.042854,134777120.000000,0.180676,0,1
43,49,68,44,67,92,56,57,
119.000000,145.000000,0.042981,348587008.000000,0.179921,0,1
62,58,75,53,84,102,76,104,
133.000000,145.000000,0.041985,192766880.000000,0.165514,0,1
255,188,240,78,136,204,60,52,
87.000000,148.000000,0.025434,270260896.000000,0.123739,0,1
44,53,67,69,86,117,99,116,
141.000000,148.000000,0.042946,163572592.000000,0.163453,0,1
255,198,241,80,126,208,62,55,
126.000000,142.000000,0.041860,641240896.000000,0.108930,0,1
212,142,253,89,163,243,76,69,
168.000000,238.000000,0.093501,28998254.000000,0.855904,0,1
72,72,70,81,78,76,91,94,
329.000000,237.000000,0.095336,101567072.000000,1.064693,0,1
82,85,80,98,94,91,107,109,
118.000000,152.000000,0.042496,269028256.000000,0.178095,0,1
72,53,85,44,64,87,51,58,
123.000000,152.000000,0.041849,164124240.000000,0.172036,0,1
82,86,63,85,70,50,73,59,
161.000000,223.000000,0.074496,62741904.000000,0.728749,0,1
129,120,122,112,117,119,104,101,
159.000000,223.000000,0.074142,78113320.000000,0.732349,0,1
125,116,120,108,112,117,101,98,
199.000000,135.000000,0.055343,430944032.000000,0.457661,0,1
47,52,60,78,70,113,97,104,
664.000000,130.000000,0.126876,4534994.000000,0.611935,0,1
39,33,33,23,24,26,23,23,
207.000000,198.000000,0.057418,19114536.000000,0.463786,0,1
51,59,64,44,47,50,43,41,
356.000000,195.000000,0.052270,43923820.000000,0.078774,0,1
203,169,165,237,200,169,253,225,
415.000000,194.000000,0.057571,452267616.000000,0.710024,0,1
112,166,158,111,108,113,60,39,
231.000000,189.000000,0.061485,139193408.000000,0.428629,0,1
86,77,102,77,78,108,63,64,
663.000000,95.000000,0.133752,51532152.000000,0.552591,0,1
101,87,88,50,45,40,20,17,
664.000000,96.000000,0.138427,35304764.000000,0.613542,0,1
88,45,40,20,19,19,17,16,
200.000000,177.000000,0.053247,685486400.000000,0.444384,0,1
120,143,96,141,112,88,102,91,
660.000000,112.000000,0.133596,27322112.000000,0.644666,0,1
52,39,41,17,17,17,12,11,
