# timestamp
1608635209996991744

# fx, fy, cx, cy, width, height, npoints
501.484039,501.475494,421.790649,167.664429,800,400,569

# camToWorld: translation vector, rotation quaternion
-31.809052,55.701662,6.948739,0.007702,-0.725463,0.687854,-0.022355

# Exposure time (ms)
0.281760

# GPS Data
# GPSData: Covariance matrix
0.000034,0.000000,0.000000,0.000000,0.000076,0.000000,0.000000,0.000000,0.000185

# GPSData: GPS point
63.316020,13.083225,6.296147

# Point Cloud Data : 
# u,v,idepth_scaled,idepth_hessian,maxRelBaseline,numGoodRes,status 
# color information 
56.000000,251.000000,0.107146,19397668.000000,4.013622,0,1
69,69,70,72,74,75,92,82,
79.000000,292.000000,0.151469,8933047.000000,4.186936,0,1
64,64,64,69,70,71,79,84,
717.000000,89.000000,0.003895,8226110464.000000,0.163088,0,1
61,51,71,42,62,75,46,50,
708.000000,102.000000,0.015611,2688165632.000000,0.527856,0,1
41,38,48,40,46,60,42,52,
729.000000,182.000000,0.082090,66145844.000000,1.303233,0,1
14,12,18,7,11,19,6,10,
64.000000,231.000000,0.084455,10024371.000000,3.601930,0,1
75,83,83,70,71,69,67,64,
77.000000,231.000000,0.084365,14386696.000000,3.435793,0,1
85,77,76,68,68,68,65,64,
71.000000,251.000000,0.107133,17403636.000000,3.820477,0,1
69,69,69,77,77,77,85,75,
83.000000,251.000000,0.108922,13471034.000000,3.685003,0,1
67,69,66,78,80,82,82,74,
681.000000,287.000000,0.161494,5947494.000000,1.954739,0,1
17,17,17,27,21,15,25,24,
112.000000,291.000000,0.150672,37738044.000000,2.280391,0,1
64,65,68,72,74,76,85,89,
119.000000,291.000000,0.150905,34782416.000000,3.666389,0,1
67,67,68,72,75,78,86,90,
128.000000,291.000000,0.150435,26390660.000000,3.553561,0,1
67,69,68,77,79,82,84,84,
97.000000,292.000000,0.150596,18046102.000000,3.946889,0,1
64,66,67,73,73,77,80,84,
102.000000,292.000000,0.150343,27703368.000000,2.343832,0,1
63,68,68,77,79,81,86,84,
134.000000,293.000000,0.152287,34149812.000000,3.498952,0,1
77,81,88,85,96,104,87,89,
109.000000,294.000000,0.150978,22821796.000000,1.801759,0,1
85,88,91,83,85,84,74,68,
118.000000,294.000000,0.150819,25607242.000000,1.757741,0,1
86,89,90,84,82,79,72,67,
103.000000,295.000000,0.151005,33744172.000000,2.349625,0,1
87,84,84,73,74,76,67,66,
93.000000,296.000000,0.150781,28403330.000000,4.015751,0,1
79,76,74,68,67,67,65,65,
137.000000,297.000000,0.157936,15274718.000000,3.507824,0,1
86,89,82,88,78,69,74,67,
336.000000,280.000000,0.134219,2849686.750000,1.464419,0,1
71,69,69,68,68,67,68,67,
643.000000,274.000000,0.145393,66838648.000000,1.683266,0,1
27,37,25,50,36,24,50,38,
674.000000,76.000000,0.026153,157446336.000000,0.711639,0,1
62,59,72,49,64,55,44,47,
755.000000,89.000000,0.031191,1241972352.000000,0.960818,0,1
58,57,58,55,52,54,51,46,
752.000000,93.000000,0.031755,3301015296.000000,0.966219,0,1
61,62,53,67,59,49,65,59,
755.000000,99.000000,0.031885,963025920.000000,0.971366,0,1
49,53,54,43,51,51,44,42,
756.000000,100.000000,0.031858,634319744.000000,0.972340,0,1
54,51,51,44,44,46,42,44,
718.000000,118.000000,0.016572,55075620.000000,0.269065,0,1
45,43,45,39,41,45,26,17,
598.000000,119.000000,0.030232,174026288.000000,0.504193,0,1
27,20,40,19,25,32,20,23,
609.000000,119.000000,0.025114,283357312.000000,0.488656,0,1
51,34,51,22,36,42,26,25,
723.000000,119.000000,0.015033,354714752.000000,0.249385,0,1
50,48,41,40,26,16,33,26,
70.000000,145.000000,0.003452,1436727168.000000,0.136664,0,1
81,68,76,46,60,66,39,30,
710.000000,190.000000,0.073149,41789512.000000,1.315843,0,1
12,14,11,19,13,9,16,13,
579.000000,201.000000,0.106893,13836522.000000,0.894363,0,1
32,38,26,38,32,24,33,26,
95.000000,230.000000,0.083833,32623052.000000,3.216848,0,1
74,79,80,72,73,72,63,61,
92.000000,231.000000,0.083527,25179914.000000,3.249878,0,1
78,74,72,65,64,63,63,64,
132.000000,249.000000,0.107349,85805376.000000,3.082269,0,1
69,69,69,73,72,72,88,88,
133.000000,249.000000,0.107355,80030816.000000,3.069130,0,1
68,68,69,73,73,72,89,86,
117.000000,250.000000,0.107062,123215312.000000,1.865596,0,1
67,69,66,82,83,83,93,81,
119.000000,250.000000,0.107026,136744784.000000,1.385280,0,1
66,66,69,83,83,84,96,79,
104.000000,252.000000,0.107978,113855904.000000,1.105954,0,1
78,96,97,81,80,82,70,69,
118.000000,252.000000,0.107729,121820016.000000,1.058817,0,1
83,94,98,80,80,78,71,69,
119.000000,252.000000,0.107755,118042704.000000,1.056048,0,1
83,96,99,81,79,78,71,70,
133.000000,252.000000,0.107204,75068880.000000,1.776585,0,1
91,88,85,75,72,73,68,71,
654.000000,254.000000,0.146278,56546084.000000,1.445504,0,1
19,23,12,24,19,11,22,19,
629.000000,269.000000,0.132663,54852232.000000,1.558970,0,1
42,46,37,54,46,36,55,56,
644.000000,275.000000,0.144779,83944808.000000,1.691303,0,1
25,36,24,50,32,24,38,29,
649.000000,281.000000,0.147907,20668690.000000,1.751839,0,1
22,25,25,37,33,34,43,45,
497.000000,285.000000,0.134199,6455123.500000,1.458161,0,1
70,68,66,63,64,65,60,63,
216.000000,292.000000,0.148312,3578854.000000,2.576220,0,1
74,72,71,69,69,68,67,69,
661.000000,20.000000,0.024615,760274368.000000,0.724377,0,1
91,88,94,85,87,100,80,89,
145.000000,249.000000,0.107626,99461560.000000,1.707764,0,1
67,67,66,74,76,77,91,91,
654.000000,245.000000,0.146490,37370120.000000,1.423361,0,1
19,24,14,25,19,11,25,22,
654.000000,237.000000,0.146992,47961724.000000,1.384349,0,1
20,23,13,24,19,11,23,20,
81.000000,230.000000,0.084355,38080080.000000,1.311384,0,1
70,87,85,75,75,75,67,64,
459.000000,155.000000,0.036386,15356692.000000,0.081283,0,1
32,30,46,22,27,35,25,29,
701.000000,170.000000,0.066444,18489714.000000,1.283878,0,1
8,10,11,20,18,18,21,19,
652.000000,25.000000,0.027756,223339744.000000,0.760867,0,1
65,67,73,73,72,78,73,68,
689.000000,48.000000,0.026576,673890688.000000,0.776409,0,1
76,67,77,59,76,90,75,85,
601.000000,57.000000,0.021987,238586256.000000,0.507939,0,1
60,50,66,47,60,58,46,53,
675.000000,77.000000,0.025764,342467808.000000,0.707100,0,1
72,64,55,44,53,61,47,56,
705.000000,83.000000,0.023767,629832768.000000,0.664244,0,1
76,77,69,76,71,65,70,61,
740.000000,87.000000,0.030035,179044880.000000,0.913136,0,1
80,80,72,80,76,70,79,74,
693.000000,88.000000,0.022929,256292528.000000,0.687131,0,1
58,61,49,57,49,51,50,47,
567.000000,90.000000,0.021208,267486352.000000,0.335695,0,1
59,58,60,41,58,57,43,48,
555.000000,107.000000,0.035390,61635360.000000,0.416135,0,1
45,39,49,40,44,48,36,37,
590.000000,124.000000,0.021743,50425788.000000,0.097170,0,1
45,38,46,29,40,43,26,25,
168.000000,127.000000,0.002358,674951360.000000,0.061369,0,1
77,82,79,80,71,61,66,50,
722.000000,129.000000,0.014164,704188736.000000,0.502865,0,1
36,38,26,33,31,18,28,23,
361.000000,154.000000,0.026366,13754531.000000,0.371407,0,1
42,33,40,26,31,34,27,28,
688.000000,166.000000,0.065034,49286592.000000,0.981961,0,1
9,10,8,13,9,12,11,15,
120.000000,229.000000,0.083919,103690288.000000,2.933948,0,1
67,83,83,74,72,70,66,66,
126.000000,229.000000,0.083982,124607584.000000,2.868596,0,1
70,82,81,71,72,73,67,66,
139.000000,229.000000,0.083868,161883472.000000,1.529368,0,1
76,82,85,74,75,73,66,66,
198.000000,248.000000,0.106589,369817792.000000,1.413353,0,1
69,70,70,78,80,81,92,86,
153.000000,249.000000,0.106633,198562128.000000,1.662920,0,1
70,71,72,77,78,79,96,90,
176.000000,249.000000,0.106880,232458704.000000,1.537620,0,1
69,71,73,77,83,87,95,79,
602.000000,250.000000,0.115276,187417488.000000,1.421234,0,1
36,35,33,47,36,32,36,35,
147.000000,252.000000,0.107215,306733728.000000,1.613779,0,1
92,89,89,78,77,78,74,70,
154.000000,252.000000,0.107061,180360576.000000,1.574845,0,1
98,90,89,79,76,75,74,73,
599.000000,252.000000,0.114909,176309728.000000,1.386352,0,1
52,57,41,57,51,37,58,55,
603.000000,252.000000,0.117886,97854752.000000,1.469897,0,1
32,34,36,37,37,40,50,56,
450.000000,254.000000,0.117840,4016109.250000,0.799594,0,1
57,67,56,70,62,57,70,69,
616.000000,258.000000,0.123810,20942454.000000,1.415541,0,1
33,39,34,54,42,35,53,52,
310.000000,262.000000,0.120647,16558090.000000,1.506207,0,1
70,69,69,69,70,75,70,74,
187.000000,263.000000,0.121595,25845326.000000,1.765844,0,1
69,69,74,71,77,98,84,106,
688.000000,49.000000,0.026554,667993920.000000,0.773033,0,1
67,59,76,61,75,87,76,84,
164.000000,252.000000,0.106951,215598032.000000,1.606482,0,1
96,87,87,74,75,75,71,69,
190.000000,248.000000,0.106534,273069472.000000,1.456504,0,1
68,69,71,73,73,75,94,88,
676.000000,182.000000,0.065473,69941080.000000,1.109542,0,1
16,19,12,19,16,9,18,17,
513.000000,118.000000,0.016819,21573672.000000,0.043875,0,1
46,62,40,70,57,39,66,60,
720.000000,129.000000,0.014168,1029951552.000000,0.500744,0,1
34,27,38,16,33,31,19,25,
168.000000,252.000000,0.106288,113573952.000000,2.683145,0,1
95,85,80,75,73,73,70,69,
634.000000,50.000000,0.024454,367690784.000000,0.623524,0,1
61,60,56,57,64,59,73,62,
680.000000,54.000000,0.022942,242940944.000000,0.322931,0,1
55,55,66,56,68,82,60,65,
674.000000,55.000000,0.023425,107881832.000000,0.244576,0,1
79,83,74,82,78,63,75,52,
683.000000,56.000000,0.022899,162776192.000000,0.343727,0,1
79,78,60,68,61,54,58,50,
673.000000,57.000000,0.024027,187258784.000000,0.248850,0,1
83,82,65,75,62,53,59,47,
658.000000,78.000000,0.026085,1089438848.000000,0.676460,0,1
49,44,44,36,44,58,39,56,
593.000000,84.000000,0.022302,932289984.000000,0.434997,0,1
45,59,41,62,52,51,60,60,
546.000000,95.000000,0.036530,275774016.000000,0.241361,0,1
49,43,33,72,61,51,77,76,
632.000000,104.000000,0.024938,204317872.000000,0.569726,0,1
60,52,41,32,37,32,33,34,
543.000000,107.000000,0.014096,320701984.000000,0.192644,0,1
62,59,65,59,54,62,46,49,
95.000000,140.000000,0.004705,768512448.000000,0.163924,0,1
67,54,66,46,55,65,45,46,
725.000000,141.000000,0.026865,260122880.000000,0.457815,0,1
15,17,23,17,24,30,21,26,
660.000000,180.000000,0.064819,317387488.000000,1.099321,0,1
16,13,20,9,17,20,12,17,
664.000000,182.000000,0.064484,112925744.000000,1.110024,0,1
16,18,13,19,16,10,17,15,
660.000000,198.000000,0.064204,110971272.000000,1.136536,0,1
20,25,21,32,26,20,33,30,
665.000000,204.000000,0.064497,140764912.000000,1.170306,0,1
27,25,24,21,20,17,15,12,
646.000000,205.000000,0.064418,152346256.000000,1.085466,0,1
32,29,29,23,22,21,15,13,
658.000000,205.000000,0.064874,128093216.000000,1.112251,0,1
29,25,25,18,17,17,14,13,
139.000000,212.000000,0.068279,158469568.000000,2.498732,0,1
65,65,64,67,66,66,78,79,
167.000000,228.000000,0.083320,481563552.000000,1.604461,0,1
73,88,89,78,76,76,68,66,
178.000000,228.000000,0.083262,372839360.000000,2.340770,0,1
77,81,82,75,77,77,68,69,
587.000000,228.000000,0.106059,347327168.000000,1.909251,0,1
14,22,12,26,15,12,24,19,
154.000000,229.000000,0.083179,511962528.000000,1.674655,0,1
81,84,84,67,68,68,65,68,
587.000000,232.000000,0.105709,198076608.000000,1.913559,0,1
19,22,15,25,17,12,24,23,
571.000000,238.000000,0.101322,160768912.000000,1.658881,0,1
62,58,62,51,53,56,49,50,
580.000000,238.000000,0.105234,985005440.000000,1.862325,0,1
24,37,23,46,29,24,42,30,
595.000000,242.000000,0.108605,27575764.000000,1.216422,0,1
20,28,22,43,30,24,38,39,
446.000000,245.000000,0.107003,24996342.000000,0.720287,0,1
71,73,70,72,66,64,72,70,
205.000000,248.000000,0.106226,1193577856.000000,2.213085,0,1
69,70,71,82,83,84,95,83,
217.000000,252.000000,0.109316,433757088.000000,2.256332,0,1
102,96,79,86,73,70,74,74,
168.000000,228.000000,0.083327,441474848.000000,1.598107,0,1
74,87,88,76,77,75,68,67,
564.000000,111.000000,0.018959,324184352.000000,0.284181,0,1
48,44,48,29,37,50,26,41,
217.000000,247.000000,0.106537,545668480.000000,2.173556,0,1
69,71,79,76,84,92,95,101,
507.000000,124.000000,0.009309,73854600.000000,0.084297,0,1
52,53,47,45,50,36,49,40,
643.000000,195.000000,0.066864,21432122.000000,1.083025,0,1
18,22,21,27,26,26,35,34,
456.000000,143.000000,0.005797,9473996.000000,0.010217,0,1
57,46,61,39,47,63,35,37,
658.000000,25.000000,0.024192,957050176.000000,0.702824,0,1
78,69,81,75,83,92,83,91,
665.000000,37.000000,0.025634,545125696.000000,0.725672,0,1
65,63,78,62,72,85,70,84,
675.000000,37.000000,0.024054,242516816.000000,0.714955,0,1
87,93,77,90,77,74,84,84,
603.000000,49.000000,0.023420,369234048.000000,0.539738,0,1
74,70,74,61,71,63,57,54,
671.000000,59.000000,0.025270,315409120.000000,0.370147,0,1
75,68,59,71,64,47,66,52,
603.000000,84.000000,0.024795,514994752.000000,0.496721,0,1
32,33,32,32,36,38,41,48,
598.000000,90.000000,0.021823,829551168.000000,0.434837,0,1
41,41,32,53,44,33,57,54,
678.000000,105.000000,0.019703,1069950784.000000,0.578255,0,1
37,33,45,26,42,47,32,40,
686.000000,110.000000,0.020695,232737696.000000,0.612553,0,1
45,48,37,44,38,22,40,28,
680.000000,113.000000,0.022135,201151280.000000,0.629924,0,1
34,33,51,28,38,45,26,36,
719.000000,120.000000,0.014200,511271584.000000,0.235383,0,1
43,27,39,15,28,39,15,25,
66.000000,183.000000,0.032861,114764608.000000,2.321245,0,1
29,28,32,37,39,43,56,60,
636.000000,205.000000,0.064755,312093856.000000,1.361718,0,1
34,32,31,26,25,23,17,14,
171.000000,212.000000,0.068087,553818560.000000,2.184554,0,1
66,66,66,75,72,73,79,72,
204.000000,226.000000,0.082858,807505024.000000,1.901034,0,1
71,72,72,78,81,82,83,73,
196.000000,228.000000,0.082852,837697984.000000,2.143325,0,1
78,87,79,70,65,69,62,65,
560.000000,228.000000,0.090794,517603200.000000,1.808690,0,1
22,24,23,43,39,37,59,62,
566.000000,232.000000,0.094992,412702752.000000,1.413298,0,1
38,56,48,63,53,38,60,56,
571.000000,235.000000,0.098596,204305424.000000,1.565836,0,1
27,34,30,57,51,42,62,62,
355.000000,236.000000,0.096397,44003968.000000,0.979321,0,1
66,64,67,67,70,72,71,72,
346.000000,238.000000,0.099079,47429784.000000,1.054632,0,1
68,66,64,68,70,70,73,73,
599.000000,51.000000,0.023316,356411936.000000,0.527645,0,1
69,78,53,73,63,52,61,51,
631.000000,37.000000,0.024746,447538400.000000,0.644274,0,1
74,82,66,80,69,64,79,66,
163.000000,212.000000,0.068435,409072256.000000,2.268475,0,1
64,64,65,71,71,72,77,74,
348.000000,127.000000,0.009362,216832096.000000,0.186119,0,1
55,40,55,40,47,52,41,41,
632.000000,30.000000,0.025882,760728960.000000,0.681346,0,1
78,74,84,72,76,82,68,75,
647.000000,31.000000,0.026012,1550100096.000000,0.707530,0,1
60,67,62,66,72,66,76,73,
684.000000,45.000000,0.026372,1183006464.000000,0.769660,0,1
80,76,87,68,78,85,72,73,
670.000000,50.000000,0.024231,753755200.000000,0.444585,0,1
87,87,72,81,70,68,68,61,
658.000000,55.000000,0.024352,447701408.000000,0.665813,0,1
73,75,63,67,62,52,56,51,
632.000000,56.000000,0.025194,1558418688.000000,0.621419,0,1
58,47,51,48,49,54,40,42,
620.000000,61.000000,0.025611,665138624.000000,0.590760,0,1
46,57,43,63,51,38,54,49,
711.000000,73.000000,0.024920,708470720.000000,0.629765,0,1
84,85,74,83,81,76,81,77,
623.000000,79.000000,0.025798,1243108608.000000,0.579876,0,1
49,56,43,51,53,38,39,40,
538.000000,105.000000,0.014684,292795264.000000,0.194883,0,1
63,55,57,54,60,62,54,56,
161.000000,128.000000,0.001269,2263111424.000000,0.038278,0,1
70,58,83,59,64,84,56,67,
616.000000,136.000000,0.019855,147339584.000000,0.443796,0,1
24,28,22,35,31,26,30,16,
615.000000,137.000000,0.019960,59615548.000000,0.479368,0,1
28,35,31,24,30,19,17,15,
714.000000,142.000000,0.023975,497414144.000000,0.587013,0,1
24,35,25,40,31,23,31,21,
634.000000,162.000000,0.056232,698049920.000000,1.357071,0,1
19,13,24,12,20,26,16,23,
594.000000,171.000000,0.065293,430536032.000000,1.429865,0,1
11,19,12,32,21,19,26,22,
82.000000,176.000000,0.031061,173552976.000000,2.104773,0,1
23,27,25,31,31,25,32,32,
594.000000,177.000000,0.065229,2314321408.000000,1.436084,0,1
23,35,15,35,25,13,37,30,
595.000000,182.000000,0.065061,2149743360.000000,1.444742,0,1
19,25,15,37,24,19,33,27,
533.000000,184.000000,0.048031,167438688.000000,0.477223,0,1
35,29,26,34,34,32,39,34,
547.000000,189.000000,0.082089,2113755136.000000,1.722060,0,1
29,24,36,24,29,36,25,30,
603.000000,206.000000,0.064888,610543040.000000,1.544375,0,1
27,27,26,22,20,18,15,15,
181.000000,212.000000,0.067729,1439249664.000000,2.087260,0,1
64,66,65,74,74,73,79,68,
189.000000,212.000000,0.067485,1148013568.000000,2.011864,0,1
65,65,65,74,72,74,78,70,
230.000000,227.000000,0.082943,2891256320.000000,2.329453,0,1
76,83,85,80,78,78,70,68,
551.000000,227.000000,0.088682,459193408.000000,1.641017,0,1
23,36,33,50,50,50,52,53,
640.000000,32.000000,0.027281,1636265728.000000,0.643872,0,1
76,81,64,77,75,56,80,69,
663.000000,33.000000,0.025162,367548800.000000,0.727049,0,1
90,85,82,79,77,72,75,60,
700.000000,57.000000,0.027288,791294592.000000,0.765519,0,1
74,74,87,69,83,91,86,90,
233.000000,227.000000,0.082340,2187671296.000000,2.262550,0,1
75,83,77,79,77,73,71,69,
159.000000,147.000000,0.002284,1303955712.000000,0.069505,0,1
41,38,44,34,49,62,46,47,
325.000000,130.000000,0.007516,821001920.000000,0.197583,0,1
47,41,59,36,49,65,44,49,
244.000000,233.000000,0.090334,407537152.000000,2.701550,0,1
66,66,72,67,76,88,84,90,
160.000000,201.000000,0.057997,271333344.000000,1.539842,0,1
64,65,65,68,75,84,93,79,
73.000000,183.000000,0.031938,103456856.000000,2.213488,0,1
27,32,32,45,47,47,58,63,
667.000000,32.000000,0.024903,1359060608.000000,0.730935,0,1
86,80,89,77,84,95,75,79,
683.000000,34.000000,0.025968,1279713280.000000,0.769421,0,1
95,93,91,89,90,93,85,84,
640.000000,35.000000,0.027226,4077074176.000000,0.708191,0,1
69,76,59,71,66,52,65,54,
622.000000,37.000000,0.025894,888853824.000000,0.643237,0,1
73,61,71,71,66,55,66,49,
651.000000,40.000000,0.026603,1023934720.000000,0.568583,0,1
66,62,74,57,78,76,71,78,
660.000000,47.000000,0.025135,1290871808.000000,0.692830,0,1
61,66,72,57,72,75,71,67,
702.000000,50.000000,0.022801,409940800.000000,0.726477,0,1
94,92,92,87,91,91,84,77,
697.000000,58.000000,0.026169,1594069888.000000,0.787878,0,1
65,58,69,56,71,86,72,84,
694.000000,63.000000,0.024624,1806782464.000000,0.739158,0,1
73,71,78,65,77,82,74,81,
692.000000,64.000000,0.024817,2103324288.000000,0.747646,0,1
68,65,70,63,71,78,72,69,
669.000000,69.000000,0.025822,830970368.000000,0.563991,0,1
43,40,51,44,64,64,69,75,
585.000000,86.000000,0.023391,339899552.000000,0.422235,0,1
48,46,55,46,52,58,47,62,
616.000000,120.000000,0.021836,933146752.000000,0.463728,0,1
27,29,34,26,38,36,43,46,
162.000000,124.000000,0.001286,1075110784.000000,0.039387,0,1
65,63,70,57,76,76,67,82,
580.000000,171.000000,0.065308,304249440.000000,1.813605,0,1
13,16,13,18,17,18,24,22,
542.000000,185.000000,0.081411,3022751744.000000,2.417940,0,1
20,26,19,34,26,21,34,30,
558.000000,207.000000,0.065290,617471424.000000,1.685646,0,1
30,27,28,23,23,22,18,16,
561.000000,207.000000,0.065131,576994496.000000,1.710397,0,1
30,29,28,22,22,24,16,16,
232.000000,210.000000,0.068118,1771622784.000000,2.048249,0,1
67,65,67,65,66,68,80,77,
211.000000,211.000000,0.067819,1359386880.000000,2.235445,0,1
68,68,68,69,70,70,80,70,
553.000000,215.000000,0.077132,884221568.000000,2.433107,0,1
16,16,16,24,20,17,22,20,
541.000000,216.000000,0.080287,282636800.000000,1.693895,0,1
28,32,24,47,33,24,47,37,
264.000000,225.000000,0.083329,830297216.000000,2.935738,0,1
104,106,99,106,91,70,83,69,
651.000000,45.000000,0.026133,776785536.000000,0.689710,0,1
80,76,70,69,65,64,59,59,
589.000000,74.000000,0.024393,873223680.000000,0.467719,0,1
46,50,39,59,53,45,50,54,
541.000000,217.000000,0.080388,609016960.000000,1.704566,0,1
28,42,25,51,40,23,43,34,
229.000000,210.000000,0.067947,1493451648.000000,2.066505,0,1
65,63,65,66,65,65,79,80,
698.000000,143.000000,0.021615,296759904.000000,0.601287,0,1
20,17,23,14,19,35,13,22,
688.000000,39.000000,0.026604,2027900800.000000,0.796643,0,1
92,85,88,81,87,95,87,91,
689.000000,71.000000,0.024296,2145064576.000000,0.692202,0,1
59,52,68,53,62,72,49,60,
266.000000,221.000000,0.079101,268880640.000000,2.502188,0,1
68,70,78,74,90,97,99,103,
90.000000,182.000000,0.032397,354611296.000000,2.088534,0,1
28,28,29,42,43,46,55,61,
89.000000,181.000000,0.032588,255836080.000000,2.103607,0,1
31,27,28,29,28,29,42,55,
608.000000,41.000000,0.026451,2298407424.000000,0.707847,0,1
89,95,78,96,88,76,95,93,
648.000000,42.000000,0.025417,4390438400.000000,0.785562,0,1
55,52,61,48,58,74,52,66,
598.000000,43.000000,0.025631,3091956736.000000,0.648390,0,1
73,75,65,81,64,69,62,63,
621.000000,45.000000,0.026236,8136643584.000000,0.733265,0,1
57,70,50,75,61,55,69,64,
636.000000,45.000000,0.025819,1406520960.000000,0.659196,0,1
69,61,79,55,69,82,61,64,
671.000000,48.000000,0.027212,3563554304.000000,0.926690,0,1
84,84,77,88,82,69,83,62,
677.000000,64.000000,0.024580,1901455744.000000,0.814520,0,1
61,63,58,60,56,45,51,53,
663.000000,68.000000,0.025922,2768430080.000000,0.824994,0,1
54,57,52,51,48,39,50,42,
663.000000,73.000000,0.025859,3387962368.000000,0.818148,0,1
41,43,49,46,50,64,52,53,
630.000000,75.000000,0.025454,4320273408.000000,0.604560,0,1
34,30,43,36,39,50,32,40,
680.000000,75.000000,0.025028,1047430080.000000,0.836509,0,1
56,49,59,49,62,71,58,68,
686.000000,77.000000,0.023653,1231843840.000000,0.791656,0,1
64,67,55,58,54,43,48,46,
571.000000,78.000000,0.022587,617430272.000000,0.386179,0,1
81,76,77,73,66,74,60,55,
683.000000,78.000000,0.024014,2388878592.000000,0.797738,0,1
70,68,58,67,55,48,57,52,
668.000000,79.000000,0.026075,5582528000.000000,0.838310,0,1
61,61,57,59,54,44,47,41,
646.000000,82.000000,0.025791,2495288064.000000,0.632354,0,1
37,36,42,37,42,48,34,45,
686.000000,93.000000,0.023759,3470639104.000000,0.787184,0,1
44,49,40,58,53,35,63,51,
678.000000,96.000000,0.024056,991894272.000000,0.663469,0,1
50,44,52,46,53,62,56,57,
592.000000,97.000000,0.021703,737316544.000000,0.412542,0,1
41,45,48,52,54,53,58,59,
618.000000,109.000000,0.024302,1020378496.000000,0.529105,0,1
42,46,40,46,51,48,57,53,
608.000000,111.000000,0.021972,855593216.000000,0.445647,0,1
37,38,35,44,47,49,46,47,
327.000000,125.000000,0.007880,127389928.000000,0.056291,0,1
46,35,43,40,49,64,56,57,
623.000000,125.000000,0.021136,562619264.000000,0.477644,0,1
30,38,28,44,32,28,31,21,
261.000000,129.000000,0.003787,318149408.000000,0.053793,0,1
59,56,56,54,52,63,43,46,
247.000000,137.000000,0.004101,577472832.000000,0.200329,0,1
39,33,48,30,39,39,33,35,
538.000000,196.000000,0.065220,2761025536.000000,1.971123,0,1
38,38,35,30,33,31,26,31,
202.000000,201.000000,0.057591,1373356544.000000,2.123456,0,1
67,67,67,71,70,70,77,70,
522.000000,205.000000,0.067177,722386240.000000,1.968417,0,1
33,37,32,49,44,35,51,49,
245.000000,212.000000,0.068244,8568921088.000000,2.595261,0,1
71,88,89,70,74,78,67,68,
390.000000,214.000000,0.073521,2612411648.000000,0.965465,0,1
93,86,89,71,77,76,70,69,
609.000000,38.000000,0.026175,1404008192.000000,0.705415,0,1
98,96,90,98,85,88,89,78,
273.000000,219.000000,0.076999,8220492800.000000,3.184527,0,1
88,96,105,99,101,82,90,72,
396.000000,213.000000,0.073457,2149881344.000000,0.933577,0,1
93,95,78,89,85,68,76,71,
531.000000,212.000000,0.073217,42784488.000000,1.851662,0,1
39,48,42,55,52,46,55,56,
602.000000,44.000000,0.025022,4342250496.000000,0.764194,0,1
82,73,89,65,84,92,75,78,
640.000000,46.000000,0.026274,2900492288.000000,0.789322,0,1
66,80,57,78,64,47,72,55,
644.000000,52.000000,0.025924,2307145984.000000,0.780722,0,1
70,66,51,67,49,43,53,42,
575.000000,70.000000,0.021788,666686848.000000,0.444848,0,1
73,78,71,71,67,77,68,64,
662.000000,86.000000,0.024994,3730359808.000000,0.924567,0,1
54,53,46,44,40,37,44,42,
651.000000,87.000000,0.026236,9598731264.000000,0.942903,0,1
46,54,36,66,40,43,48,40,
659.000000,91.000000,0.024726,2113334528.000000,0.746301,0,1
53,49,41,48,43,48,40,34,
657.000000,96.000000,0.025086,1672272896.000000,0.904689,0,1
32,31,39,30,39,45,31,38,
622.000000,102.000000,0.025513,3146060032.000000,0.655740,0,1
27,33,26,38,40,29,47,50,
577.000000,103.000000,0.021089,775088832.000000,0.407235,0,1
39,38,33,39,36,27,37,33,
625.000000,105.000000,0.025229,4955437056.000000,0.653987,0,1
28,43,25,48,36,27,43,37,
530.000000,116.000000,0.015971,249646464.000000,0.207922,0,1
48,53,42,44,38,34,40,34,
698.000000,125.000000,0.013187,2108905088.000000,0.471748,0,1
20,16,22,14,24,26,17,22,
159.000000,128.000000,0.001315,7106997760.000000,0.037638,0,1
61,77,58,80,59,64,75,67,
407.000000,156.000000,0.020396,8003511.500000,0.031338,0,1
44,34,56,28,42,44,30,32,
519.000000,191.000000,0.065483,11820694528.000000,2.376220,0,1
31,26,38,27,34,39,27,32,
227.000000,202.000000,0.057614,6667734016.000000,2.363355,0,1
68,77,77,74,73,72,68,67,
270.000000,209.000000,0.068398,5903033344.000000,2.260026,0,1
66,67,67,67,67,68,77,80,
274.000000,209.000000,0.068351,6436558848.000000,2.207149,0,1
66,67,67,68,68,68,77,79,
262.000000,210.000000,0.068003,20469325824.000000,3.100045,0,1
67,69,69,77,76,79,80,73,
269.000000,210.000000,0.067932,25404575744.000000,2.976385,0,1
67,67,67,77,77,77,81,72,
642.000000,49.000000,0.026557,7024652800.000000,0.968090,0,1
46,53,52,56,62,69,59,70,
587.000000,77.000000,0.024680,1007096704.000000,0.547235,0,1
56,64,52,72,60,52,64,67,
650.000000,88.000000,0.026009,10166816768.000000,0.927102,0,1
54,66,40,66,48,37,65,43,
623.000000,102.000000,0.025357,2633636096.000000,0.653613,0,1
24,29,24,42,35,25,48,49,
594.000000,104.000000,0.023980,1885073152.000000,0.525810,0,1
52,47,50,39,47,36,37,30,
564.000000,114.000000,0.018599,1156930560.000000,0.318457,0,1
37,27,51,25,38,42,31,33,
515.000000,176.000000,0.065248,33896239104.000000,2.178153,0,1
42,57,27,55,44,22,50,40,
651.000000,59.000000,0.025469,1829037824.000000,0.776612,0,1
62,65,47,68,54,48,60,48,
623.000000,54.000000,0.025976,5370297856.000000,0.862238,0,1
53,68,50,75,54,48,63,43,
637.000000,60.000000,0.026020,5573032448.000000,1.052250,0,1
62,72,55,70,63,48,64,50,
633.000000,89.000000,0.025515,5761230336.000000,0.969963,0,1
39,37,51,38,44,42,36,42,
628.000000,94.000000,0.025651,8426603520.000000,0.950222,0,1
25,26,34,34,35,39,30,44,
638.000000,110.000000,0.025018,1915621888.000000,0.947979,0,1
32,37,26,45,28,21,32,26,
216.000000,112.000000,0.006350,1314423808.000000,0.369398,0,1
76,75,69,75,69,62,68,63,
652.000000,119.000000,0.021488,3215803136.000000,0.820462,0,1
24,21,28,22,26,30,29,30,
679.000000,122.000000,0.011468,1848552576.000000,0.424517,0,1
32,30,30,18,27,21,16,13,
264.000000,139.000000,0.003591,682801984.000000,0.050996,0,1
58,47,64,44,49,57,39,35,
463.000000,155.000000,0.027608,108248760.000000,0.221265,0,1
36,44,32,35,25,17,27,28,
580.000000,158.000000,0.040273,589497728.000000,1.450229,0,1
11,13,13,19,15,17,23,25,
529.000000,169.000000,0.056692,316989664.000000,2.131484,0,1
17,16,15,22,20,22,27,27,
407.000000,153.000000,0.018629,12532582.000000,0.150481,0,1
30,29,32,28,36,34,32,48,
285.000000,210.000000,0.067738,43044790272.000000,3.395270,0,1
66,68,72,81,87,104,101,109,
584.000000,56.000000,0.023690,1253813760.000000,0.866484,0,1
86,86,75,84,74,67,79,67,
571.000000,64.000000,0.023958,233819552.000000,0.692334,0,1
90,91,83,90,79,83,86,77,
614.000000,66.000000,0.025054,5351078912.000000,1.064486,0,1
48,42,56,37,49,57,45,54,
621.000000,90.000000,0.025368,13269751808.000000,1.084547,0,1
49,46,51,31,42,38,30,35,
612.000000,109.000000,0.025796,4967232512.000000,1.042859,0,1
35,42,32,43,41,40,40,40,
623.000000,112.000000,0.024170,3900120832.000000,1.006868,0,1
30,36,30,39,33,25,35,36,
451.000000,153.000000,0.029979,39138268.000000,0.233244,0,1
25,26,25,34,37,24,62,35,
402.000000,198.000000,0.057280,1349178112.000000,0.890219,0,1
67,71,65,88,70,65,88,80,
616.000000,95.000000,0.025107,4668074496.000000,1.036897,0,1
32,42,33,50,45,31,54,43,
623.000000,126.000000,0.021324,2149371136.000000,0.834354,0,1
34,38,26,35,24,21,21,19,
556.000000,152.000000,0.036920,6490316800.000000,1.306666,0,1
22,29,16,23,21,14,29,21,
583.000000,66.000000,0.023458,6187098624.000000,0.833262,0,1
71,76,58,81,64,53,75,67,
582.000000,70.000000,0.024281,8329628160.000000,1.023694,0,1
72,79,65,79,74,59,75,66,
607.000000,103.000000,0.022642,4093693440.000000,1.011291,0,1
40,32,34,42,44,40,46,36,
312.000000,118.000000,0.007968,291528160.000000,0.234227,0,1
64,57,66,55,57,66,53,53,
480.000000,118.000000,0.006455,139930064.000000,0.070640,0,1
65,64,63,63,56,50,60,48,
554.000000,154.000000,0.036933,5654922752.000000,1.592503,0,1
23,15,29,15,21,21,16,24,
447.000000,155.000000,0.030515,350381216.000000,0.274568,0,1
45,35,52,23,35,37,27,30,
435.000000,175.000000,0.032770,201767856.000000,0.298739,0,1
53,69,52,75,72,57,87,86,
269.000000,199.000000,0.057539,17774811136.000000,3.277503,0,1
68,69,69,71,72,72,78,75,
276.000000,199.000000,0.057673,11236738048.000000,2.611596,0,1
69,68,69,71,72,74,81,73,
599.000000,91.000000,0.022443,11463492608.000000,0.815381,0,1
32,44,33,57,38,34,54,37,
592.000000,112.000000,0.022291,5327276032.000000,0.901257,0,1
37,31,39,25,30,40,22,28,
268.000000,128.000000,0.005297,1136437504.000000,0.091570,0,1
63,74,51,77,66,44,73,61,
559.000000,80.000000,0.023445,2621520384.000000,0.710482,0,1
71,69,64,78,73,68,78,82,
387.000000,177.000000,0.036356,405123712.000000,0.336019,0,1
52,55,71,57,67,81,58,56,
560.000000,75.000000,0.023213,2029069056.000000,0.850362,0,1
80,79,75,75,70,74,74,69,
570.000000,103.000000,0.021907,5676116480.000000,0.922133,0,1
38,44,34,54,45,36,48,51,
585.000000,103.000000,0.021592,5393748992.000000,0.984392,0,1
43,47,32,41,41,28,35,31,
553.000000,112.000000,0.022877,2819227392.000000,0.731349,0,1
33,43,33,47,39,35,41,35,
583.000000,115.000000,0.021569,3210443520.000000,0.961783,0,1
39,34,47,26,32,40,24,23,
474.000000,129.000000,0.008184,258946640.000000,0.108535,0,1
60,64,50,60,47,48,52,36,
93.000000,135.000000,0.005322,5486338048.000000,0.191731,0,1
75,65,82,60,71,85,59,62,
226.000000,142.000000,0.005582,510996320.000000,0.304698,0,1
43,46,40,30,37,33,30,32,
373.000000,157.000000,0.030497,31749760.000000,0.351298,0,1
30,40,29,45,37,26,34,30,
405.000000,162.000000,0.030675,52141724.000000,0.211630,0,1
35,29,38,29,31,31,23,30,
541.000000,162.000000,0.033568,5591692288.000000,1.487693,0,1
19,10,22,11,17,16,9,17,
479.000000,175.000000,0.035155,507830208.000000,0.939312,0,1
58,68,70,56,73,80,62,63,
486.000000,183.000000,0.043336,503343808.000000,1.667981,0,1
53,55,56,62,62,63,65,66,
495.000000,117.000000,0.004553,428004736.000000,0.070382,0,1
72,55,69,49,56,58,41,36,
67.000000,142.000000,0.001016,14396611584.000000,0.036587,0,1
73,56,79,40,63,81,46,47,
204.000000,112.000000,0.001221,11139411968.000000,0.083041,0,1
66,55,74,40,68,74,58,69,
538.000000,114.000000,0.015803,804066688.000000,0.472477,0,1
38,38,44,37,40,40,36,33,
574.000000,116.000000,0.018427,3262999040.000000,0.850958,0,1
36,33,45,31,35,40,32,29,
135.000000,139.000000,0.003980,6453249536.000000,0.125690,0,1
74,74,71,73,71,62,61,43,
425.000000,155.000000,0.029938,594063040.000000,0.256199,0,1
25,36,25,47,35,26,30,26,
523.000000,156.000000,0.030663,839260480.000000,1.315538,0,1
20,27,27,26,25,23,17,14,
379.000000,157.000000,0.029594,51088960.000000,0.316377,0,1
30,27,38,24,32,37,29,34,
514.000000,170.000000,0.030863,2745044480.000000,1.249364,0,1
16,20,18,36,37,30,49,46,
492.000000,175.000000,0.037135,3691140608.000000,1.510817,0,1
49,51,51,55,56,56,63,60,
321.000000,192.000000,0.049392,20800839680.000000,1.642109,0,1
70,78,73,95,82,69,82,67,
543.000000,98.000000,0.021052,3852300032.000000,1.017743,0,1
79,78,77,74,76,72,68,62,
546.000000,105.000000,0.018540,12207567872.000000,0.850301,0,1
65,68,55,59,52,44,58,50,
531.000000,123.000000,0.021843,5215576064.000000,0.953010,0,1
32,32,29,34,36,25,33,32,
520.000000,125.000000,0.013512,548659904.000000,0.379839,0,1
36,44,31,38,40,30,37,32,
420.000000,153.000000,0.030945,214842080.000000,0.304439,0,1
29,29,29,29,35,29,35,52,
489.000000,154.000000,0.030773,4651609088.000000,1.175137,0,1
31,37,38,22,22,22,20,25,
490.000000,154.000000,0.030569,5860621824.000000,1.170864,0,1
31,38,32,21,22,21,21,25,
391.000000,156.000000,0.030914,181136128.000000,0.290806,0,1
29,29,37,28,31,42,32,34,
483.000000,167.000000,0.032378,1406241792.000000,1.245774,0,1
22,19,24,22,23,29,27,23,
496.000000,170.000000,0.030901,4806649344.000000,1.298190,0,1
22,16,20,27,28,32,47,51,
392.000000,172.000000,0.031122,2435420928.000000,0.276525,0,1
37,33,35,39,40,44,62,55,
342.000000,179.000000,0.037445,1950830464.000000,0.663396,0,1
72,81,76,76,68,62,56,52,
448.000000,183.000000,0.042659,736631104.000000,1.741409,0,1
52,52,54,56,59,59,63,67,
295.000000,193.000000,0.050201,22777999360.000000,2.462982,0,1
72,77,76,71,71,70,67,68,
497.000000,170.000000,0.030823,3323277824.000000,1.304325,0,1
24,17,21,27,31,33,47,51,
499.000000,154.000000,0.030552,1264151040.000000,1.282074,0,1
35,33,29,19,21,20,22,25,
512.000000,158.000000,0.030397,130930728.000000,1.441331,0,1
27,21,21,17,17,16,12,11,
528.000000,102.000000,0.013086,880840704.000000,0.557532,0,1
79,74,74,70,67,69,62,58,
436.000000,153.000000,0.030000,532632128.000000,0.530572,0,1
27,23,25,27,24,26,31,32,
470.000000,160.000000,0.031115,13666803712.000000,1.213300,0,1
23,30,18,30,20,15,31,20,
407.000000,162.000000,0.030710,855519296.000000,0.305377,0,1
35,38,28,31,31,24,36,31,
476.000000,167.000000,0.031380,1066436864.000000,1.342537,0,1
16,15,18,21,20,21,28,18,
468.000000,169.000000,0.031111,14403306496.000000,1.206292,0,1
31,27,34,20,30,25,22,36,
487.000000,170.000000,0.030987,4401360384.000000,1.480065,0,1
27,23,19,26,26,27,46,46,
472.000000,171.000000,0.031139,7818510848.000000,1.272825,0,1
20,22,24,39,45,47,53,56,
477.000000,171.000000,0.031105,6986659328.000000,1.343365,0,1
19,21,23,44,42,43,48,61,
451.000000,175.000000,0.035177,892304128.000000,1.319476,0,1
44,49,50,56,56,56,63,65,
433.000000,153.000000,0.030521,1517705856.000000,0.517197,0,1
28,30,26,29,30,23,44,41,
486.000000,152.000000,0.030591,11824877568.000000,1.394881,0,1
20,17,19,17,23,30,21,20,
573.000000,127.000000,0.001501,2052395136.000000,0.067790,0,1
35,30,34,20,22,21,19,19,
433.000000,176.000000,0.034747,574977216.000000,0.782421,0,1
77,60,80,61,70,92,65,60,
521.000000,107.000000,0.010181,2029055488.000000,0.446060,0,1
75,75,65,72,67,58,63,53,
519.000000,139.000000,0.014136,747504192.000000,0.649596,0,1
30,31,28,26,27,22,22,17,
348.000000,174.000000,0.031144,4515108352.000000,0.414129,0,1
18,28,31,53,65,63,75,62,
519.000000,112.000000,0.010378,2023902592.000000,0.376924,0,1
65,66,52,69,62,47,57,53,
432.000000,172.000000,0.031216,3259706368.000000,0.751552,0,1
27,32,33,46,57,50,59,68,
518.000000,140.000000,0.008738,205398000.000000,0.348422,0,1
31,26,27,21,22,19,18,19,
280.000000,127.000000,0.006777,1437719680.000000,0.252779,0,1
45,56,45,58,53,48,58,51,
500.000000,124.000000,0.009428,3099192320.000000,0.394908,0,1
41,44,35,42,38,32,39,35,
500.000000,127.000000,0.009385,1803329536.000000,0.391440,0,1
37,37,30,35,34,27,39,32,
517.000000,131.000000,0.007641,1149084544.000000,0.352599,0,1
45,33,35,28,29,25,25,22,
505.000000,139.000000,0.011093,1550639232.000000,0.501267,0,1
26,23,31,26,26,33,23,18,
442.000000,162.000000,0.027948,911170624.000000,1.089412,0,1
27,32,23,24,22,17,21,20,
408.000000,172.000000,0.031355,5157513216.000000,0.642669,0,1
36,30,36,36,39,43,45,49,
286.000000,151.000000,0.006868,230094176.000000,0.241102,0,1
27,31,28,31,32,27,37,29,
507.000000,140.000000,0.009559,262202464.000000,0.422569,0,1
33,35,25,21,26,19,19,19,
478.000000,126.000000,0.004450,2686848256.000000,0.115299,0,1
54,62,40,57,50,34,50,43,
481.000000,111.000000,0.009526,2853151488.000000,0.416108,0,1
66,69,58,71,65,66,67,67,
394.000000,155.000000,0.031018,2546405376.000000,0.512536,0,1
29,29,28,37,39,35,42,43,
328.000000,158.000000,0.030490,1891003008.000000,0.542552,0,1
31,24,32,20,31,36,22,29,
137.000000,179.000000,0.031003,23731185664.000000,1.810180,0,1
34,39,29,41,35,26,46,52,
352.000000,184.000000,0.041361,808748544.000000,1.173973,0,1
53,54,54,58,58,58,63,66,
384.000000,184.000000,0.041879,8324460544.000000,1.577001,0,1
53,54,56,58,58,60,63,66,
478.000000,125.000000,0.004163,6442694144.000000,0.151811,0,1
56,65,46,59,52,36,55,44,
462.000000,121.000000,0.001280,1802431744.000000,0.046152,0,1
75,70,74,64,68,73,52,59,
329.000000,124.000000,0.011353,40081856.000000,0.314524,0,1
50,46,50,37,47,51,58,56,
462.000000,128.000000,0.002144,1676154240.000000,0.077125,0,1
57,47,64,45,54,64,39,38,
455.000000,129.000000,0.003144,3172370176.000000,0.107127,0,1
65,64,54,61,54,46,53,39,
360.000000,132.000000,0.007557,23328938.000000,0.168531,0,1
36,35,58,36,39,48,33,39,
368.000000,133.000000,0.002511,44531640.000000,0.012643,0,1
51,60,40,62,46,46,53,40,
445.000000,133.000000,0.002453,941407680.000000,0.073363,0,1
62,59,61,54,43,56,44,43,
472.000000,133.000000,0.002489,1507395200.000000,0.099722,0,1
48,35,39,28,34,27,26,30,
364.000000,148.000000,0.006666,24199152.000000,0.027875,0,1
50,53,44,45,42,49,33,31,
211.000000,154.000000,0.005404,88661976.000000,0.293314,0,1
37,34,35,29,33,33,26,24,
378.000000,172.000000,0.031302,10392105984.000000,0.842714,0,1
34,24,33,29,35,42,43,49,
361.000000,173.000000,0.031200,6675706880.000000,0.457316,0,1
27,24,25,35,37,38,48,54,
307.000000,174.000000,0.031298,9588886528.000000,0.720295,0,1
23,21,19,35,37,39,62,60,
461.000000,121.000000,0.001335,1729421184.000000,0.047858,0,1
75,71,73,72,61,72,58,50,
363.000000,148.000000,0.007971,28060698.000000,0.036001,0,1
48,51,50,43,44,40,34,32,
386.000000,164.000000,0.025349,149793440.000000,0.413407,0,1
32,35,31,29,31,25,27,24,
342.000000,119.000000,0.009254,156288400.000000,0.201675,0,1
49,51,45,58,47,41,54,55,
426.000000,131.000000,0.001010,437538080.000000,0.028762,0,1
61,53,60,57,50,61,42,40,
431.000000,135.000000,0.002400,545814144.000000,0.071166,0,1
58,57,43,44,48,41,37,30,
436.000000,135.000000,0.003679,620114688.000000,0.121017,0,1
60,56,55,45,43,44,32,31,
361.000000,138.000000,0.008378,154867952.000000,0.160826,0,1
35,36,51,35,44,60,30,36,
372.000000,173.000000,0.031334,23345891328.000000,0.992172,0,1
27,32,30,46,43,43,52,53,
433.000000,140.000000,0.004245,1017188608.000000,0.134282,0,1
29,40,39,57,53,41,58,46,
436.000000,142.000000,0.004196,2448569856.000000,0.138216,0,1
53,38,57,37,43,44,26,21,
422.000000,143.000000,0.004056,1453237120.000000,0.109699,0,1
55,54,38,37,34,30,28,26,
308.000000,174.000000,0.031260,13183476736.000000,0.709949,0,1
23,19,20,36,38,38,61,58,
278.000000,175.000000,0.031159,11118812160.000000,0.967612,0,1
19,22,24,40,40,42,54,54,
279.000000,174.000000,0.031148,7830434304.000000,0.952322,0,1
27,19,21,22,24,26,40,54,
415.000000,136.000000,0.003695,348913536.000000,0.091012,0,1
61,60,57,50,50,46,39,32,
372.000000,95.000000,0.008400,612246784.000000,0.183263,0,1
73,64,73,61,68,67,61,65,
378.000000,108.000000,0.008794,658640640.000000,0.188319,0,1
60,56,64,56,59,69,56,59,
408.000000,124.000000,0.000956,207932512.000000,0.025004,0,1
65,64,65,64,63,64,63,57,
392.000000,129.000000,0.002105,619501760.000000,0.044000,0,1
60,54,63,56,57,63,48,57,
406.000000,134.000000,0.002021,3402951680.000000,0.051931,0,1
47,57,34,59,42,33,52,36,
404.000000,136.000000,0.002058,1765383040.000000,0.050998,0,1
59,49,52,42,47,36,37,33,
383.000000,137.000000,0.002726,698911232.000000,0.046834,0,1
59,53,62,46,56,60,49,43,
371.000000,138.000000,0.004751,345840032.000000,0.077076,0,1
47,39,55,35,46,51,37,43,
394.000000,147.000000,0.004618,199425216.000000,0.080333,0,1
25,34,28,29,39,36,48,49,
346.000000,157.000000,0.031367,2150341120.000000,0.506046,0,1
22,27,20,33,22,23,25,24,
375.000000,114.000000,0.010842,244453680.000000,0.221193,0,1
50,50,58,51,64,63,66,67,
372.000000,124.000000,0.008593,338568544.000000,0.157302,0,1
53,54,54,52,56,63,55,64,
389.000000,136.000000,0.002017,1341796224.000000,0.038684,0,1
54,63,45,63,53,41,60,54,
399.000000,143.000000,0.003934,917177984.000000,0.096961,0,1
54,58,51,50,48,37,28,24,
373.000000,110.000000,0.010950,524587488.000000,0.223920,0,1
66,63,58,63,55,52,51,45,
356.000000,112.000000,0.008429,158883584.000000,0.089913,0,1
56,68,47,67,59,42,64,64,
251.000000,176.000000,0.031255,13774089216.000000,1.218389,0,1
23,23,24,41,44,46,56,68,
358.000000,94.000000,0.008687,772963712.000000,0.208427,0,1
74,71,69,70,65,66,64,59,
352.000000,95.000000,0.009520,1472103424.000000,0.210609,0,1
74,66,71,61,62,63,57,62,
365.000000,95.000000,0.009314,1250310656.000000,0.231940,0,1
74,72,69,69,66,63,61,54,
345.000000,99.000000,0.009503,366365280.000000,0.219709,0,1
72,66,63,61,63,54,58,53,
347.000000,106.000000,0.008660,251782864.000000,0.220783,0,1
45,52,47,62,57,49,59,63,
370.000000,108.000000,0.009020,700049600.000000,0.216896,0,1
56,53,64,54,63,67,60,65,
335.000000,112.000000,0.009302,201762400.000000,0.228898,0,1
54,62,59,70,65,65,73,71,
351.000000,124.000000,0.009289,886880768.000000,0.187879,0,1
52,46,49,44,50,42,39,44,
367.000000,125.000000,0.009140,1123785344.000000,0.181306,0,1
48,48,57,44,59,58,54,63,
313.000000,129.000000,0.007209,687843648.000000,0.217124,0,1
52,47,57,42,51,51,42,43,
347.000000,139.000000,0.003956,557812672.000000,0.086985,0,1
40,43,46,31,38,36,32,29,
377.000000,144.000000,0.003860,795330176.000000,0.077239,0,1
55,55,44,41,38,31,31,21,
247.000000,160.000000,0.030890,17338517504.000000,1.166661,0,1
25,26,22,35,28,24,27,31,
337.000000,168.000000,0.031684,2974668800.000000,0.737171,0,1
24,19,37,19,23,33,19,23,
362.000000,99.000000,0.011459,952811968.000000,0.278127,0,1
70,67,61,60,60,55,57,49,
362.000000,121.000000,0.009262,1692077312.000000,0.170222,0,1
46,42,58,39,50,53,36,53,
329.000000,174.000000,0.031328,32055474176.000000,0.693969,0,1
23,23,23,47,47,49,55,59,
241.000000,160.000000,0.030734,10614732800.000000,1.204641,0,1
27,27,26,25,31,37,27,32,
373.000000,148.000000,0.005202,402225600.000000,0.099960,0,1
26,23,29,34,38,46,45,43,
329.000000,139.000000,0.004169,50006972.000000,0.038774,0,1
69,69,63,52,52,42,42,32,
340.000000,96.000000,0.009528,2738117120.000000,0.219368,0,1
74,69,72,63,59,63,56,47,
331.000000,100.000000,0.008917,255631872.000000,0.239300,0,1
73,74,66,75,68,61,73,66,
321.000000,110.000000,0.007987,917369280.000000,0.213709,0,1
78,79,73,78,72,74,73,64,
338.000000,126.000000,0.009252,237822256.000000,0.208438,0,1
51,53,43,53,44,44,46,44,
93.000000,131.000000,0.005407,10797855744.000000,0.196340,0,1
84,74,86,70,78,88,69,75,
329.000000,145.000000,0.006368,340999136.000000,0.183422,0,1
42,46,48,40,40,40,27,20,
343.000000,145.000000,0.003496,180831392.000000,0.097049,0,1
42,37,35,32,33,27,27,18,
341.000000,148.000000,0.003794,500786560.000000,0.099241,0,1
22,27,26,38,22,19,36,35,
328.000000,149.000000,0.006495,262460992.000000,0.164249,0,1
23,20,19,24,27,33,31,34,
314.000000,157.000000,0.021708,52083764.000000,0.497305,0,1
23,22,22,25,25,21,34,24,
319.000000,174.000000,0.031181,32253118464.000000,0.730937,0,1
21,19,21,40,41,41,55,59,
334.000000,111.000000,0.010132,788692992.000000,0.246864,0,1
61,66,54,68,62,59,70,73,
340.000000,145.000000,0.004040,534828128.000000,0.099373,0,1
40,42,36,33,36,33,39,27,
332.000000,132.000000,0.002469,324494656.000000,0.062876,0,1
46,58,35,64,49,32,52,42,
197.000000,178.000000,0.031343,12841281536.000000,1.642143,0,1
24,26,27,40,42,45,57,63,
300.000000,110.000000,0.006832,550204672.000000,0.241160,0,1
79,76,73,73,66,67,61,54,
297.000000,112.000000,0.006439,535083008.000000,0.225520,0,1
75,70,69,64,62,56,58,53,
298.000000,127.000000,0.011371,157157584.000000,0.340144,0,1
35,39,33,37,37,31,39,36,
307.000000,135.000000,0.006530,119333616.000000,0.229211,0,1
36,29,44,26,34,40,27,29,
316.000000,140.000000,0.006348,140253088.000000,0.177933,0,1
36,31,35,26,26,28,24,24,
175.000000,143.000000,0.002864,366693664.000000,0.100780,0,1
43,39,37,36,35,31,29,27,
296.000000,160.000000,0.031786,4135406080.000000,0.775871,0,1
20,23,19,25,23,25,31,29,
319.000000,117.000000,0.004900,279125888.000000,0.178921,0,1
63,64,59,61,58,55,54,49,
300.000000,175.000000,0.031232,54332219392.000000,0.776513,0,1
23,33,36,49,52,54,58,71,
298.000000,174.000000,0.031288,55535620096.000000,0.794576,0,1
24,18,22,30,31,35,48,56,
291.000000,110.000000,0.006939,114800264.000000,0.258624,0,1
78,72,80,65,74,79,68,69,
280.000000,111.000000,0.005628,1024567232.000000,0.241985,0,1
82,83,79,81,77,70,74,67,
293.000000,113.000000,0.005763,299526016.000000,0.237924,0,1
74,73,66,65,66,60,62,60,
280.000000,134.000000,0.006568,887903936.000000,0.226860,0,1
50,58,44,56,53,45,60,51,
292.000000,134.000000,0.007411,104785696.000000,0.244139,0,1
40,42,33,37,36,28,39,36,
280.000000,164.000000,0.030728,5847933952.000000,0.869875,0,1
29,32,32,24,24,28,23,23,
291.000000,174.000000,0.031327,63875584000.000000,0.855670,0,1
27,23,21,29,30,29,47,55,
292.000000,175.000000,0.031263,60930428928.000000,0.840939,0,1
21,30,29,47,47,47,55,58,
280.000000,112.000000,0.005368,1148289536.000000,0.239087,0,1
82,81,72,78,74,66,68,61,
287.000000,140.000000,0.006269,101417488.000000,0.271451,0,1
39,35,44,31,40,43,33,31,
279.000000,113.000000,0.005383,1133109376.000000,0.237474,0,1
81,78,74,78,68,63,73,61,
283.000000,174.000000,0.031433,71994621952.000000,0.935838,0,1
28,22,22,26,27,27,43,55,
288.000000,165.000000,0.030445,2267736832.000000,0.815158,0,1
32,27,27,25,24,24,16,15,
247.000000,113.000000,0.006303,3667485696.000000,0.306208,0,1
78,81,70,80,68,66,70,57,
265.000000,125.000000,0.005869,778966592.000000,0.288319,0,1
53,57,63,59,57,63,58,64,
245.000000,126.000000,0.004803,163524272.000000,0.288236,0,1
44,44,45,52,48,48,55,51,
256.000000,129.000000,0.004167,878009728.000000,0.234776,0,1
48,41,56,41,46,61,38,47,
258.000000,140.000000,0.004854,1218210304.000000,0.232561,0,1
34,36,40,37,41,51,36,41,
268.000000,160.000000,0.031427,10171825152.000000,1.022952,0,1
28,22,34,23,24,34,29,25,
269.000000,174.000000,0.031583,29845282816.000000,1.068669,0,1
32,22,37,20,27,34,33,51,
256.000000,134.000000,0.006061,950042432.000000,0.245707,0,1
48,41,49,37,42,45,36,36,
217.000000,177.000000,0.031346,45563166720.000000,1.538144,0,1
27,25,23,41,43,43,57,59,
233.000000,109.000000,0.005891,529773568.000000,0.361777,0,1
84,79,82,69,76,80,70,67,
229.000000,112.000000,0.005933,792229120.000000,0.361112,0,1
61,57,67,56,60,63,55,60,
232.000000,112.000000,0.005778,458187136.000000,0.355844,0,1
70,64,67,67,63,65,61,59,
199.000000,113.000000,0.001336,8466797056.000000,0.091845,0,1
54,67,46,69,59,42,66,66,
220.000000,113.000000,0.006055,761893504.000000,0.365345,0,1
72,62,68,60,60,65,56,52,
219.000000,125.000000,0.005927,4411135488.000000,0.137201,0,1
54,64,48,69,55,43,67,47,
231.000000,129.000000,0.006340,1787906432.000000,0.282216,0,1
56,51,53,53,60,47,59,70,
218.000000,130.000000,0.005533,6211012608.000000,0.291879,0,1
55,61,42,67,51,41,55,40,
230.000000,131.000000,0.006329,6000854016.000000,0.144363,0,1
56,49,63,50,64,58,53,60,
216.000000,132.000000,0.005453,3872189952.000000,0.294546,0,1
67,62,55,51,52,40,42,40,
232.000000,133.000000,0.006325,4023280128.000000,0.145773,0,1
58,67,46,60,52,42,53,41,
236.000000,146.000000,0.006468,1831552512.000000,0.293206,0,1
35,41,29,33,29,24,27,24,
235.000000,147.000000,0.006606,999101440.000000,0.293060,0,1
41,33,29,29,27,24,26,23,
259.000000,172.000000,0.031591,29324820480.000000,1.149758,0,1
19,19,22,25,25,27,31,25,
132.000000,164.000000,0.030974,136138014720.000000,1.962858,0,1
27,28,38,27,38,56,30,31,
216.000000,133.000000,0.005376,2560831232.000000,0.130892,0,1
62,51,47,41,44,35,40,36,
208.000000,149.000000,0.003486,130189520.000000,0.326964,0,1
34,29,38,25,33,34,24,25,
238.000000,144.000000,0.006552,1296800896.000000,0.314852,0,1
29,30,28,35,28,25,29,24,
223.000000,110.000000,0.005809,3017888256.000000,0.360842,0,1
68,75,63,74,66,59,70,65,
167.000000,104.000000,0.001465,9200602112.000000,0.045522,0,1
78,77,75,74,74,68,70,58,
169.000000,104.000000,0.001508,9539115008.000000,0.047722,0,1
77,75,74,74,68,62,60,45,
175.000000,104.000000,0.001783,7742909440.000000,0.048660,0,1
65,60,63,57,64,72,67,73,
167.000000,105.000000,0.001506,14524061696.000000,0.044509,0,1
76,75,71,73,65,56,67,60,
175.000000,105.000000,0.001783,6783019008.000000,0.048543,0,1
60,58,69,61,71,74,71,71,
173.000000,107.000000,0.001626,16082041856.000000,0.045407,0,1
61,49,71,38,53,71,49,67,
183.000000,112.000000,0.001540,2259370752.000000,0.041873,0,1
71,69,69,66,63,67,57,55,
186.000000,142.000000,0.005906,794248192.000000,0.429562,0,1
35,31,39,29,34,39,30,29,
141.000000,128.000000,0.001515,21092915200.000000,0.048578,0,1
73,64,77,59,65,82,50,67,
137.000000,129.000000,0.001435,18785521664.000000,0.046866,0,1
77,77,65,78,62,44,75,73,
89.000000,132.000000,0.005770,12371378176.000000,0.226534,0,1
85,86,75,86,73,66,80,68,
168.000000,144.000000,0.005273,9583761408.000000,0.165370,0,1
36,56,39,52,36,32,33,34,
138.000000,153.000000,0.005461,3044315136.000000,0.190908,0,1
29,36,31,38,33,27,42,30,
137.000000,155.000000,0.005537,1263744640.000000,0.195435,0,1
39,44,38,35,32,28,25,25,
117.000000,118.000000,0.001485,3165459712.000000,0.057586,0,1
62,56,60,53,54,60,46,41,
115.000000,122.000000,0.001788,13688096768.000000,0.065198,0,1
42,48,37,58,47,42,62,61,
118.000000,126.000000,0.001381,11306235904.000000,0.053373,0,1
58,55,65,59,64,76,62,68,
119.000000,135.000000,0.001745,13046160384.000000,0.062671,0,1
73,64,76,57,66,78,60,70,
112.000000,145.000000,0.002113,5954902528.000000,0.078359,0,1
71,60,68,46,52,49,35,29,
97.000000,149.000000,0.005152,5255871488.000000,0.209529,0,1
27,29,30,35,40,43,47,45,
104.000000,152.000000,0.005434,14659698688.000000,0.218094,0,1
62,58,63,40,54,58,35,33,
202.000000,169.000000,0.031596,67594219520.000000,1.724463,0,1
29,33,20,28,27,20,33,30,
116.000000,136.000000,0.001556,22737242112.000000,0.056243,0,1
69,74,57,78,70,60,75,70,
111.000000,127.000000,0.000673,4065223936.000000,0.024440,0,1
60,60,61,69,73,75,83,85,
55.000000,140.000000,0.000990,8196881408.000000,0.042407,0,1
66,45,54,36,41,43,33,29,
62.000000,140.000000,0.002246,5709563904.000000,0.097028,0,1
77,54,61,41,40,48,35,32,
193.000000,172.000000,0.031128,63812472832.000000,1.816341,0,1
26,30,20,28,26,20,30,28,
82.000000,151.000000,0.005326,4927129600.000000,0.233718,0,1
37,47,44,44,45,37,34,28,
140.000000,180.000000,0.031480,116004323328.000000,2.461776,0,1
26,26,27,40,40,40,50,46,
188.000000,178.000000,0.031338,135192256512.000000,1.957840,0,1
28,25,26,34,36,38,51,56,
195.000000,178.000000,0.031284,95472795648.000000,1.861820,0,1
25,25,26,40,40,42,54,61,
54.000000,139.000000,0.001136,4623220736.000000,0.048852,0,1
82,57,66,42,45,54,36,33,
