# timestamp
1608635142247831040

# fx, fy, cx, cy, width, height, npoints
501.478668,501.475861,421.797546,167.659027,800,400,508

# camToWorld: translation vector, rotation quaternion
-31.060951,61.853257,3.833477,-0.000424,-0.726193,0.687450,-0.007534

# Exposure time (ms)
13.755979

# Point Cloud Data : 
# u,v,idepth_scaled,idepth_hessian,maxRelBaseline,numGoodRes,status 
# color information 
759.000000,101.000000,0.152496,96365232.000000,0.781220,0,1
115,131,121,174,186,149,218,173,
103.000000,25.000000,0.240146,25306266.000000,0.614420,0,1
49,48,49,65,70,71,74,72,
78.000000,38.000000,0.228932,833446848.000000,0.793671,0,1
112,112,151,125,179,228,209,251,
77.000000,41.000000,0.229509,680383616.000000,1.093961,0,1
209,165,251,119,186,252,127,139,
724.000000,52.000000,0.179071,423047.750000,2.234690,0,1
18,15,15,16,15,15,15,12,
754.000000,78.000000,0.159385,5236435.000000,0.775572,0,1
12,11,15,11,12,20,10,12,
738.000000,86.000000,0.151490,81753648.000000,1.612201,0,1
15,22,12,21,17,11,24,16,
751.000000,87.000000,0.150087,207293136.000000,0.948329,0,1
21,27,37,30,47,74,50,81,
750.000000,92.000000,0.149578,573212480.000000,0.526135,0,1
78,63,124,44,104,148,79,102,
743.000000,95.000000,0.153718,166318832.000000,0.938641,0,1
16,13,26,12,17,43,14,18,
743.000000,100.000000,0.152727,874862016.000000,0.932667,0,1
19,16,48,15,24,93,23,62,
746.000000,102.000000,0.152720,572886976.000000,0.527124,0,1
131,105,175,84,135,163,81,82,
744.000000,108.000000,0.153866,204009616.000000,0.938379,0,1
61,41,51,21,34,45,21,30,
743.000000,119.000000,0.152608,490378336.000000,0.927853,0,1
26,19,43,19,30,66,19,31,
744.000000,119.000000,0.152828,1831630208.000000,1.631235,0,1
38,28,62,19,46,67,31,50,
743.000000,123.000000,0.152609,1611564672.000000,1.623861,0,1
31,19,52,19,34,76,20,35,
744.000000,125.000000,0.152335,2475182336.000000,1.626990,0,1
54,36,76,20,55,75,34,52,
744.000000,128.000000,0.152330,2969750016.000000,2.147226,0,1
53,34,69,20,51,68,33,48,
752.000000,130.000000,0.146606,410923008.000000,2.167508,0,1
47,50,43,51,43,38,45,40,
744.000000,138.000000,0.152533,1363564672.000000,2.147091,0,1
41,29,48,20,40,45,28,37,
743.000000,144.000000,0.152694,573128896.000000,2.141796,0,1
27,20,36,18,27,39,21,26,
744.000000,144.000000,0.152545,825343872.000000,2.147381,0,1
37,27,41,20,35,38,27,34,
743.000000,155.000000,0.152768,248232800.000000,2.144382,0,1
25,20,30,18,25,32,20,24,
742.000000,162.000000,0.152928,107741848.000000,2.141478,0,1
20,18,25,17,20,28,18,20,
742.000000,176.000000,0.152890,78713656.000000,2.149362,0,1
20,18,25,17,20,27,18,19,
748.000000,212.000000,0.151146,18278082.000000,2.215192,0,1
20,21,20,18,17,19,13,10,
52.000000,284.000000,0.149472,9593531.000000,2.537394,0,1
19,20,19,24,24,25,28,28,
56.000000,284.000000,0.148558,7767957.000000,2.505951,0,1
19,20,20,25,25,26,28,27,
69.000000,284.000000,0.147324,12680527.000000,2.418362,0,1
20,21,20,28,28,28,31,29,
78.000000,284.000000,0.146603,9868223.000000,2.359151,0,1
21,23,22,28,29,31,33,30,
756.000000,285.000000,0.153060,1068105.250000,1.841176,0,1
12,14,12,21,17,14,23,24,
44.000000,288.000000,0.141961,7466163.000000,2.550974,0,1
27,24,24,21,20,21,20,20,
72.000000,288.000000,0.144303,6378574.000000,2.396476,0,1
29,24,24,21,21,21,21,20,
589.000000,122.000000,0.073109,8133469.000000,0.142154,0,1
255,255,250,254,238,234,225,225,
164.000000,48.000000,0.173942,3215816.000000,0.844941,0,1
28,33,30,26,27,31,23,21,
143.000000,56.000000,0.177829,158213120.000000,0.880236,0,1
131,202,142,252,221,153,255,255,
147.000000,62.000000,0.181687,1036182144.000000,0.885092,0,1
255,255,199,222,168,95,139,91,
143.000000,64.000000,0.176847,78928680.000000,0.521596,0,1
236,170,168,130,125,115,102,84,
148.000000,64.000000,0.179465,264229392.000000,0.868154,0,1
134,114,75,104,79,60,78,63,
160.000000,64.000000,0.171183,39157444.000000,1.789188,0,1
29,33,29,35,31,27,31,28,
292.000000,72.000000,0.141118,461504.781250,0.668072,0,1
9,10,10,11,11,11,12,13,
112.000000,83.000000,0.158327,77450800.000000,1.514584,0,1
49,58,54,44,48,51,34,32,
720.000000,84.000000,0.143578,6448770.500000,1.986093,0,1
18,20,19,20,20,20,21,22,
432.000000,104.000000,0.140492,11456439.000000,0.273630,0,1
18,24,14,26,23,12,31,32,
222.000000,108.000000,0.152610,40025416.000000,0.953821,0,1
20,24,25,41,43,44,63,61,
256.000000,108.000000,0.151477,14355576.000000,0.480920,0,1
24,29,30,52,49,42,60,56,
266.000000,108.000000,0.158593,28884852.000000,0.761982,0,1
24,31,30,44,47,42,57,61,
536.000000,108.000000,0.131366,6175904.500000,0.803796,0,1
21,21,23,24,25,25,34,34,
188.000000,109.000000,0.148038,22927372.000000,1.454503,0,1
23,24,25,29,31,31,33,37,
709.000000,109.000000,0.144762,628147392.000000,0.662357,0,1
46,46,44,156,155,84,241,253,
249.000000,111.000000,0.147540,82820320.000000,0.720109,0,1
63,64,66,59,54,58,40,27,
276.000000,111.000000,0.154658,35811696.000000,0.900352,0,1
45,50,43,45,41,39,31,19,
190.000000,112.000000,0.158632,12477926.000000,1.478304,0,1
34,37,38,34,32,34,27,19,
235.000000,112.000000,0.155515,34005336.000000,0.836056,0,1
70,67,56,52,49,49,21,18,
254.000000,112.000000,0.154509,78062008.000000,0.746682,0,1
63,52,58,40,38,35,25,18,
267.000000,112.000000,0.154485,61784368.000000,0.745178,0,1
60,54,49,33,36,36,19,17,
280.000000,112.000000,0.157005,27785856.000000,0.880089,0,1
44,41,31,29,27,28,18,19,
720.000000,112.000000,0.132155,415269536.000000,0.778802,0,1
23,39,25,66,32,26,34,29,
566.000000,119.000000,0.068547,864139648.000000,0.224990,0,1
52,34,100,39,62,110,36,79,
696.000000,120.000000,0.116704,340218816.000000,1.200326,0,1
73,75,57,62,43,35,36,31,
377.000000,135.000000,0.025551,56498696.000000,0.039105,0,1
35,43,46,48,54,54,83,219,
407.000000,135.000000,0.032178,708788.875000,0.011952,0,1
45,58,58,52,59,54,90,121,
411.000000,135.000000,0.030745,36064440.000000,0.046333,0,1
46,58,56,54,60,57,87,130,
422.000000,135.000000,0.028701,2988451.000000,0.004628,0,1
51,61,64,78,100,80,213,254,
424.000000,135.000000,0.025221,2766532.500000,0.004035,0,1
54,64,63,100,80,63,218,195,
435.000000,135.000000,0.030750,2190821.500000,0.009125,0,1
63,67,62,102,98,68,239,249,
454.000000,135.000000,0.025611,60259468.000000,0.107570,0,1
64,64,68,89,113,139,109,168,
458.000000,135.000000,0.027601,22726278.000000,0.020489,0,1
65,71,63,139,108,71,248,206,
479.000000,135.000000,0.028999,46383532.000000,0.033991,0,1
86,82,193,97,136,254,97,138,
492.000000,135.000000,0.025570,92168752.000000,0.038535,0,1
103,88,82,163,120,78,226,109,
441.000000,136.000000,0.029247,9156890.000000,0.011655,0,1
67,100,66,203,171,69,255,242,
434.000000,138.000000,0.022641,43515796.000000,0.034120,0,1
239,134,249,100,139,143,114,96,
575.000000,138.000000,0.067523,177539152.000000,0.101895,0,1
251,255,194,255,252,122,255,252,
260.000000,139.000000,0.025860,201380096.000000,0.087128,0,1
25,40,32,115,122,44,169,122,
234.000000,140.000000,0.026512,157516480.000000,0.103729,0,1
25,43,59,49,107,156,32,25,
296.000000,140.000000,0.026972,296462656.000000,0.083728,0,1
21,52,23,103,38,23,71,29,
516.000000,140.000000,0.025309,332578208.000000,0.059783,0,1
143,79,255,63,157,234,71,107,
193.000000,141.000000,0.025767,329828384.000000,0.122548,0,1
24,64,35,163,146,30,154,46,
216.000000,141.000000,0.026223,168948016.000000,0.112321,0,1
34,89,38,65,44,24,25,19,
365.000000,141.000000,0.025241,81075064.000000,0.036417,0,1
80,155,68,255,122,51,238,69,
191.000000,142.000000,0.027084,188548160.000000,0.084302,0,1
66,115,185,36,77,169,24,23,
486.000000,142.000000,0.027195,55056872.000000,0.035395,0,1
255,250,239,144,216,125,109,73,
119.000000,143.000000,0.026698,4205452800.000000,0.727511,0,1
28,32,32,73,54,39,163,216,
167.000000,143.000000,0.067587,883167552.000000,0.391714,0,1
28,27,45,26,31,113,27,28,
229.000000,143.000000,0.026356,443140224.000000,0.264001,0,1
24,22,22,28,29,20,89,176,
343.000000,143.000000,0.025416,143121920.000000,0.038302,0,1
204,255,172,255,156,73,176,76,
381.000000,143.000000,0.028101,16548210.000000,0.015813,0,1
227,173,255,78,214,255,85,121,
406.000000,143.000000,0.020096,53282384.000000,0.030286,0,1
255,249,254,102,196,242,96,121,
410.000000,143.000000,0.025325,59992284.000000,0.038396,0,1
255,255,142,242,122,76,173,75,
401.000000,144.000000,0.025377,103067400.000000,0.038568,0,1
63,69,98,75,216,148,184,255,
463.000000,144.000000,0.026309,17318880.000000,0.021161,0,1
224,99,245,139,129,192,77,65,
484.000000,145.000000,0.026048,111976640.000000,0.032772,0,1
173,252,138,255,180,67,160,88,
54.000000,146.000000,0.027846,743680448.000000,0.213753,0,1
31,61,50,181,135,66,245,255,
383.000000,146.000000,0.024491,68524736.000000,0.036908,0,1
122,112,97,255,161,63,203,64,
537.000000,146.000000,0.023212,126718616.000000,0.054218,0,1
255,228,230,115,125,113,58,37,
295.000000,147.000000,0.026940,71345760.000000,0.062068,0,1
34,75,44,144,180,130,252,255,
328.000000,147.000000,0.026322,446511104.000000,0.059912,0,1
245,119,254,40,186,100,47,41,
393.000000,147.000000,0.024107,119220224.000000,0.037437,0,1
105,255,66,255,148,61,188,68,
455.000000,147.000000,0.023644,29677436.000000,0.015658,0,1
229,184,255,77,166,233,82,74,
432.000000,148.000000,0.015328,2651436.250000,0.006784,0,1
115,78,249,71,157,204,85,146,
552.000000,148.000000,0.026076,63408060.000000,0.069345,0,1
80,72,75,84,105,83,200,248,
181.000000,149.000000,0.026378,1931475712.000000,0.132233,0,1
24,43,70,42,161,67,112,189,
312.000000,149.000000,0.025381,318165024.000000,0.058223,0,1
182,251,183,248,148,43,90,43,
347.000000,149.000000,0.024021,107758160.000000,0.037844,0,1
248,252,130,255,110,47,160,59,
358.000000,149.000000,0.025882,174954368.000000,0.039684,0,1
254,255,116,245,148,58,133,64,
391.000000,149.000000,0.025057,38274968.000000,0.037771,0,1
255,254,188,158,200,68,83,59,
507.000000,149.000000,0.024899,248787600.000000,0.054334,0,1
70,63,89,56,155,181,156,180,
87.000000,150.000000,0.026683,2048247552.000000,0.186021,0,1
255,237,187,166,164,90,109,111,
204.000000,150.000000,0.026193,8209320448.000000,0.505429,0,1
27,35,90,29,92,118,47,72,
218.000000,150.000000,0.026485,1627758080.000000,0.132037,0,1
25,104,24,143,122,22,172,56,
286.000000,150.000000,0.024788,278987168.000000,0.070103,0,1
239,255,231,255,128,63,130,47,
494.000000,150.000000,0.021559,213282272.000000,0.033365,0,1
73,66,159,57,156,255,106,198,
527.000000,150.000000,0.025754,292689856.000000,0.055286,0,1
70,53,120,49,134,255,63,71,
576.000000,150.000000,0.067763,1487476480.000000,0.233836,0,1
216,252,131,255,210,94,252,201,
102.000000,151.000000,0.026281,423019328.000000,0.113476,0,1
85,161,75,207,178,90,252,255,
309.000000,151.000000,0.026177,67084832.000000,0.061841,0,1
255,255,182,100,94,46,41,32,
410.000000,151.000000,0.023073,4871661.500000,0.007302,0,1
123,103,83,197,185,66,255,164,
528.000000,151.000000,0.025497,167526784.000000,0.038674,0,1
120,134,255,63,255,254,71,77,
167.000000,152.000000,0.045313,4187264000.000000,0.543741,0,1
29,28,46,26,34,111,28,30,
371.000000,152.000000,0.027159,50911676.000000,0.035915,0,1
66,59,82,55,132,168,124,182,
426.000000,152.000000,0.017149,2496304.500000,0.005275,0,1
76,64,189,59,164,255,116,134,
498.000000,152.000000,0.023870,76626344.000000,0.024068,0,1
254,255,148,255,218,118,255,149,
566.000000,152.000000,0.068042,288174144.000000,0.115463,0,1
127,59,223,53,125,255,59,122,
609.000000,152.000000,0.077796,1431915264.000000,0.966588,0,1
80,58,45,57,42,33,42,35,
325.000000,153.000000,0.027960,188163360.000000,0.057146,0,1
40,39,53,42,143,185,161,254,
86.000000,154.000000,0.026991,2022972416.000000,0.188921,0,1
164,250,160,196,152,75,93,56,
103.000000,154.000000,0.026733,996736768.000000,0.177553,0,1
222,255,233,242,225,91,122,58,
104.000000,154.000000,0.026564,2045231616.000000,0.175821,0,1
215,249,144,252,145,59,113,53,
127.000000,154.000000,0.026537,435053728.000000,0.105624,0,1
255,255,128,255,207,58,115,64,
275.000000,154.000000,0.027042,415586656.000000,0.083141,0,1
45,49,72,46,141,216,138,255,
316.000000,154.000000,0.026389,668097472.000000,0.068058,0,1
38,121,37,255,96,38,204,72,
600.000000,154.000000,0.073562,1759798656.000000,0.897700,0,1
73,78,61,70,58,48,50,38,
61.000000,155.000000,0.028679,1089735680.000000,0.216454,0,1
192,254,225,233,191,106,142,61,
73.000000,155.000000,0.028283,2076210048.000000,0.206198,0,1
183,168,248,93,171,210,81,69,
232.000000,155.000000,0.026495,571372608.000000,0.104973,0,1
31,60,44,193,194,64,249,239,
241.000000,155.000000,0.026583,614057856.000000,0.117306,0,1
36,48,86,47,155,231,155,255,
267.000000,155.000000,0.026103,374736896.000000,0.084452,0,1
45,158,61,248,185,37,251,220,
286.000000,155.000000,0.026583,460305152.000000,0.075660,0,1
49,50,175,38,177,255,55,52,
328.000000,155.000000,0.025638,379260800.000000,0.050694,0,1
197,255,120,255,159,40,238,122,
436.000000,155.000000,0.019108,5507875.500000,0.006949,0,1
60,67,78,101,126,140,224,255,
469.000000,155.000000,0.025870,9740254.000000,0.016431,0,1
64,142,103,225,182,137,255,255,
51.000000,156.000000,0.031177,841367360.000000,0.156713,0,1
169,236,91,238,175,70,130,66,
528.000000,156.000000,0.026121,231760800.000000,0.039366,0,1
136,248,87,255,166,57,144,71,
545.000000,156.000000,0.026058,527934016.000000,0.065877,0,1
97,61,190,76,141,254,60,76,
211.000000,157.000000,0.025371,606727040.000000,0.072715,0,1
130,236,96,255,129,30,215,67,
451.000000,157.000000,0.028089,14762856.000000,0.018283,0,1
81,210,64,249,137,66,217,241,
524.000000,157.000000,0.026270,30451248.000000,0.036622,0,1
254,252,255,102,177,245,88,79,
221.000000,158.000000,0.026757,453848960.000000,0.112282,0,1
245,216,254,79,140,203,52,51,
365.000000,158.000000,0.025830,106620648.000000,0.031982,0,1
159,112,209,62,173,252,85,172,
509.000000,158.000000,0.024292,53736436.000000,0.028295,0,1
60,86,50,143,110,89,244,254,
207.000000,159.000000,0.026685,1291667584.000000,0.119741,0,1
242,179,255,58,138,180,61,73,
298.000000,159.000000,0.026954,397089984.000000,0.070351,0,1
37,63,35,211,135,33,248,125,
62.000000,160.000000,0.028579,3115141120.000000,0.249911,0,1
62,88,102,106,173,160,183,166,
324.000000,160.000000,0.026109,307022496.000000,0.054219,0,1
52,215,39,212,118,38,158,41,
389.000000,160.000000,0.025012,93855216.000000,0.037963,0,1
255,192,255,90,192,221,85,83,
400.000000,160.000000,0.024552,127522880.000000,0.037000,0,1
255,253,244,107,220,96,123,85,
501.000000,160.000000,0.020615,116832656.000000,0.033570,0,1
99,129,56,246,98,54,133,87,
396.000000,161.000000,0.023594,45640288.000000,0.035606,0,1
61,80,70,188,127,146,254,255,
207.000000,162.000000,0.026487,2018281088.000000,0.138734,0,1
60,137,39,246,124,33,169,60,
228.000000,162.000000,0.025953,1280707840.000000,0.105167,0,1
136,186,31,234,142,28,247,237,
379.000000,162.000000,0.023464,51143692.000000,0.035596,0,1
255,185,240,87,208,162,73,81,
552.000000,162.000000,0.027113,93014576.000000,0.073009,0,1
181,132,160,101,136,142,110,93,
217.000000,163.000000,0.025721,761844224.000000,0.110062,0,1
235,255,203,190,163,42,87,42,
277.000000,163.000000,0.025057,23122260.000000,0.049347,0,1
39,47,42,64,104,68,231,255,
421.000000,163.000000,0.027887,10269598.000000,0.011778,0,1
148,253,109,152,163,66,111,70,
439.000000,163.000000,0.026471,79557288.000000,0.040537,0,1
151,90,255,69,183,182,80,67,
117.000000,164.000000,0.026130,275785888.000000,0.097577,0,1
87,195,70,255,167,64,252,204,
195.000000,164.000000,0.025306,458651712.000000,0.077539,0,1
234,238,122,251,117,39,200,90,
316.000000,164.000000,0.024740,345507776.000000,0.055621,0,1
39,153,39,255,122,37,181,45,
363.000000,164.000000,0.018537,75461600.000000,0.026546,0,1
122,240,190,255,203,84,131,60,
371.000000,164.000000,0.027476,175139728.000000,0.041407,0,1
80,59,221,56,170,255,70,61,
440.000000,164.000000,0.026062,18341474.000000,0.014874,0,1
255,183,182,80,129,82,67,91,
76.000000,165.000000,0.027265,1535363456.000000,0.196948,0,1
79,131,93,194,204,105,246,222,
479.000000,165.000000,0.026109,104052664.000000,0.032447,0,1
101,92,120,69,201,228,143,192,
492.000000,165.000000,0.025867,119218608.000000,0.038648,0,1
96,119,81,207,185,71,248,201,
513.000000,165.000000,0.026335,102491424.000000,0.050351,0,1
102,71,149,83,184,214,197,202,
536.000000,165.000000,0.026849,64090264.000000,0.078810,0,1
80,122,52,123,151,106,165,139,
47.000000,167.000000,0.031803,2447517440.000000,0.286137,0,1
54,53,73,50,93,141,85,166,
88.000000,167.000000,0.026472,250512528.000000,0.120098,0,1
93,107,108,172,123,101,211,246,
180.000000,167.000000,0.025946,932149376.000000,0.131106,0,1
120,146,44,248,134,31,142,48,
235.000000,167.000000,0.026185,638090240.000000,0.102693,0,1
215,177,164,64,127,58,56,38,
265.000000,167.000000,0.027237,271628608.000000,0.090243,0,1
252,238,250,98,151,178,46,59,
223.000000,168.000000,0.025610,252688320.000000,0.106701,0,1
242,217,156,79,94,50,43,40,
224.000000,168.000000,0.026347,823538048.000000,0.128214,0,1
235,215,90,102,69,44,42,42,
234.000000,168.000000,0.026664,816927808.000000,0.123565,0,1
177,64,127,42,56,49,36,57,
312.000000,168.000000,0.026747,91198704.000000,0.073776,0,1
59,43,48,82,84,88,127,112,
330.000000,168.000000,0.025623,30119064.000000,0.063445,0,1
57,57,59,115,122,128,147,140,
345.000000,168.000000,0.026124,20828788.000000,0.044255,0,1
53,81,84,161,169,167,183,196,
352.000000,168.000000,0.026093,22665658.000000,0.040624,0,1
80,91,91,172,178,189,199,182,
375.000000,168.000000,0.026243,13921549.000000,0.029414,0,1
57,99,87,156,151,152,146,146,
516.000000,168.000000,0.028209,29817816.000000,0.069043,0,1
234,210,210,175,174,172,151,135,
527.000000,168.000000,0.027904,13721005.000000,0.061779,0,1
232,220,213,182,180,184,154,139,
47.000000,169.000000,0.031065,3920590592.000000,0.245266,0,1
93,85,183,66,166,251,89,114,
52.000000,169.000000,0.028898,4132980480.000000,0.224106,0,1
94,185,89,250,142,76,235,227,
111.000000,169.000000,0.026292,2163758336.000000,0.170603,0,1
93,242,157,255,193,73,142,66,
134.000000,169.000000,0.024836,98620944.000000,0.087422,0,1
219,254,177,254,177,81,100,59,
175.000000,169.000000,0.024705,154742192.000000,0.127170,0,1
255,219,221,105,129,125,46,39,
186.000000,169.000000,0.028293,1121011712.000000,0.140269,0,1
151,106,161,56,95,59,42,41,
294.000000,169.000000,0.027293,44375300.000000,0.089199,0,1
45,51,64,92,109,132,142,119,
299.000000,169.000000,0.030046,472760128.000000,0.091281,0,1
33,62,30,128,78,27,125,64,
118.000000,170.000000,0.026192,2552169984.000000,0.166166,0,1
240,176,255,95,180,164,79,51,
75.000000,171.000000,0.027272,412989632.000000,0.127881,0,1
225,247,195,250,183,141,164,81,
82.000000,171.000000,0.026632,681226176.000000,0.168287,0,1
166,241,139,218,159,101,119,72,
89.000000,171.000000,0.026354,2512035072.000000,0.183143,0,1
226,254,145,166,148,66,77,65,
360.000000,171.000000,0.028983,20622058.000000,0.049135,0,1
164,149,166,127,135,140,117,126,
437.000000,171.000000,0.027405,14455748.000000,0.024049,0,1
132,135,135,142,166,141,171,211,
181.000000,172.000000,0.025947,469064768.000000,0.130878,0,1
41,91,40,122,136,69,115,102,
459.000000,172.000000,0.027515,32611862.000000,0.034163,0,1
134,170,149,174,184,151,223,201,
103.000000,173.000000,0.026263,972457280.000000,0.174953,0,1
64,82,73,142,178,97,240,203,
378.000000,173.000000,0.030832,34654916.000000,0.040485,0,1
138,119,148,114,150,156,116,120,
448.000000,173.000000,0.030001,22497512.000000,0.032302,0,1
163,203,166,220,204,177,228,199,
570.000000,174.000000,0.067385,305766400.000000,0.231813,0,1
162,152,129,114,87,94,78,39,
390.000000,175.000000,0.031052,70305272.000000,0.046797,0,1
174,149,169,111,142,124,109,99,
399.000000,175.000000,0.032792,29729474.000000,0.049665,0,1
137,121,149,112,126,134,92,89,
400.000000,175.000000,0.034309,22718130.000000,0.034217,0,1
150,139,139,109,139,124,103,89,
411.000000,175.000000,0.034310,51362616.000000,0.051707,0,1
172,152,182,132,151,173,119,108,
421.000000,175.000000,0.035891,13941156.000000,0.030733,0,1
160,138,173,126,151,172,110,108,
425.000000,175.000000,0.034948,28034924.000000,0.030259,0,1
186,194,153,172,161,136,131,110,
497.000000,175.000000,0.026914,27856332.000000,0.044876,0,1
148,162,146,174,176,146,204,192,
104.000000,176.000000,0.026045,6456499712.000000,0.758295,0,1
189,203,159,147,144,136,121,120,
112.000000,176.000000,0.026325,2857088000.000000,0.742449,0,1
198,151,161,138,136,127,121,109,
219.000000,176.000000,0.024844,7240178.000000,0.128940,0,1
80,83,74,77,71,65,63,54,
332.000000,176.000000,0.031273,72994992.000000,0.150709,0,1
114,90,95,80,87,94,75,69,
343.000000,176.000000,0.029316,96465856.000000,0.061283,0,1
133,113,137,103,112,139,96,88,
344.000000,176.000000,0.029881,92003528.000000,0.062344,0,1
152,119,149,103,129,135,104,98,
390.000000,176.000000,0.032069,132242392.000000,0.075944,0,1
169,130,141,97,113,107,96,93,
400.000000,176.000000,0.034400,34517192.000000,0.052166,0,1
149,126,134,92,110,104,89,82,
412.000000,176.000000,0.034665,52074004.000000,0.052240,0,1
182,151,173,119,134,125,108,129,
423.000000,176.000000,0.033863,44566184.000000,0.051032,0,1
183,171,175,116,132,120,117,113,
424.000000,176.000000,0.034345,45559672.000000,0.051759,0,1
194,172,161,130,131,115,113,112,
438.000000,176.000000,0.031523,25297630.000000,0.031150,0,1
163,187,135,140,130,131,122,115,
445.000000,176.000000,0.034348,13888456.000000,0.028764,0,1
211,171,222,151,159,174,140,150,
481.000000,176.000000,0.020938,23776420.000000,0.032896,0,1
237,252,200,221,211,201,210,174,
575.000000,176.000000,0.065791,38660688.000000,0.235053,0,1
71,77,73,44,55,67,42,40,
477.000000,177.000000,0.029888,36130992.000000,0.045625,0,1
214,227,200,197,197,195,177,143,
498.000000,177.000000,0.027767,88043416.000000,0.060702,0,1
158,199,151,195,170,147,166,143,
90.000000,178.000000,0.027586,3878317056.000000,0.827860,0,1
120,125,122,110,105,96,106,87,
211.000000,178.000000,0.035284,70596224.000000,0.373580,0,1
80,71,67,59,61,58,53,48,
462.000000,178.000000,0.030790,12908522.000000,0.049919,0,1
192,169,188,142,155,142,123,129,
287.000000,180.000000,0.037422,76472568.000000,0.259252,0,1
77,79,81,69,69,72,57,56,
592.000000,180.000000,0.076737,32288784.000000,0.897903,0,1
54,43,51,34,35,35,30,31,
125.000000,181.000000,0.026450,360214400.000000,0.193317,0,1
125,124,153,113,134,152,99,121,
367.000000,181.000000,0.040611,20841042.000000,0.066261,0,1
86,82,85,88,101,104,125,121,
264.000000,182.000000,0.041870,546423680.000000,0.516212,0,1
70,67,72,61,63,61,47,44,
229.000000,183.000000,0.027291,28624778.000000,0.132144,0,1
58,66,52,61,54,49,47,33,
368.000000,183.000000,0.039753,29696432.000000,0.064896,0,1
109,136,119,125,112,99,88,77,
507.000000,183.000000,0.044413,88620656.000000,0.101641,0,1
151,169,171,192,196,199,225,254,
519.000000,183.000000,0.044374,46298572.000000,0.098959,0,1
162,169,171,204,203,197,249,254,
522.000000,183.000000,0.045407,119337816.000000,0.118241,0,1
158,175,178,202,196,204,252,205,
227.000000,184.000000,0.040492,258660240.000000,0.628880,0,1
66,56,61,51,49,43,37,27,
442.000000,184.000000,0.042265,26110324.000000,0.063742,0,1
143,135,126,102,104,94,95,95,
507.000000,184.000000,0.044840,61648648.000000,0.090004,0,1
169,195,197,219,230,227,251,255,
73.000000,185.000000,0.030015,134944192.000000,0.258010,0,1
75,72,74,84,82,88,91,89,
195.000000,185.000000,0.024541,11975040.000000,0.120463,0,1
63,73,59,62,59,48,50,41,
345.000000,185.000000,0.046443,46762144.000000,0.284019,0,1
95,97,96,83,85,85,69,68,
501.000000,185.000000,0.046298,91573848.000000,0.100754,0,1
176,190,200,213,222,233,235,254,
211.000000,186.000000,0.043664,446883424.000000,0.717471,0,1
52,47,48,40,41,38,31,27,
727.000000,189.000000,0.068322,514289344.000000,0.476976,0,1
19,20,22,37,50,34,81,98,
338.000000,190.000000,0.046793,14103919.000000,0.106717,0,1
69,68,86,53,66,67,47,51,
492.000000,190.000000,0.050616,40063032.000000,0.091959,0,1
201,195,186,222,221,206,255,255,
90.000000,191.000000,0.027258,3934806016.000000,0.824957,0,1
81,94,77,92,85,63,77,64,
357.000000,191.000000,0.051128,55210232.000000,0.279333,0,1
78,79,74,92,66,56,69,58,
55.000000,192.000000,0.032301,100538424.000000,0.251875,0,1
72,71,78,72,80,96,79,91,
287.000000,192.000000,0.054638,48099436.000000,0.536875,0,1
47,42,43,44,46,56,48,48,
364.000000,192.000000,0.049864,100483560.000000,0.261254,0,1
85,67,67,54,55,55,54,56,
411.000000,192.000000,0.053342,40219572.000000,0.202195,0,1
71,67,68,84,84,77,93,80,
423.000000,192.000000,0.055618,13353490.000000,0.214864,0,1
74,74,74,74,77,84,87,79,
475.000000,192.000000,0.049240,59346444.000000,0.312643,0,1
196,186,203,180,197,210,194,192,
603.000000,192.000000,0.081949,84912824.000000,0.668027,0,1
34,23,38,22,33,37,21,31,
40.000000,193.000000,0.028711,261473152.000000,0.231235,0,1
48,58,49,73,58,46,65,50,
77.000000,193.000000,0.029018,68266880.000000,0.211570,0,1
100,102,110,88,96,83,69,61,
296.000000,193.000000,0.031592,9133174.000000,0.109617,0,1
39,52,38,54,43,32,44,40,
355.000000,193.000000,0.052535,19962826.000000,0.202193,0,1
92,82,69,78,77,58,65,58,
259.000000,194.000000,0.041750,185466240.000000,0.543678,0,1
27,25,34,22,32,42,25,28,
306.000000,194.000000,0.027892,11765200.000000,0.297862,0,1
30,27,31,29,30,37,31,35,
267.000000,195.000000,0.047487,22651178.000000,0.563896,0,1
41,50,51,43,44,44,34,37,
482.000000,195.000000,0.050845,6803901.000000,0.101275,0,1
225,214,228,201,210,226,195,206,
394.000000,196.000000,0.047976,33699508.000000,0.211765,0,1
70,64,66,58,59,59,55,53,
406.000000,196.000000,0.047898,23932450.000000,0.204197,0,1
74,72,80,63,69,68,62,57,
462.000000,196.000000,0.058448,66631828.000000,0.317881,0,1
108,107,116,123,126,136,137,139,
368.000000,197.000000,0.050668,65362576.000000,0.267489,0,1
64,64,63,58,58,55,52,52,
172.000000,198.000000,0.068475,100379720.000000,1.128159,0,1
30,28,35,26,31,39,28,30,
429.000000,199.000000,0.065908,7706380.000000,0.274174,0,1
80,69,77,71,79,84,81,83,
724.000000,199.000000,0.067913,4354801152.000000,0.951914,0,1
37,19,60,17,38,72,20,36,
342.000000,200.000000,0.054729,11108094.000000,0.128215,0,1
50,51,70,51,68,79,70,67,
448.000000,200.000000,0.065314,58994600.000000,0.313957,0,1
87,94,92,101,100,104,108,111,
285.000000,202.000000,0.061910,10004804.000000,0.600968,0,1
46,50,51,43,46,43,40,36,
498.000000,202.000000,0.055952,6227106.500000,0.117549,0,1
255,247,252,234,241,251,226,234,
473.000000,203.000000,0.058711,16963050.000000,0.371627,0,1
168,160,170,151,158,166,149,144,
485.000000,203.000000,0.056689,7424742.000000,0.117938,0,1
212,203,208,188,196,202,184,182,
236.000000,204.000000,0.060620,32624182.000000,0.794279,0,1
31,29,31,28,28,29,25,23,
711.000000,204.000000,0.067483,179733184.000000,1.374779,0,1
20,21,33,19,26,47,16,17,
713.000000,204.000000,0.066515,247933056.000000,1.372321,0,1
33,33,42,26,47,62,20,16,
727.000000,204.000000,0.070911,72780344.000000,0.498236,0,1
68,69,51,46,42,26,33,27,
493.000000,205.000000,0.060553,5767359.000000,0.136465,0,1
220,219,224,205,211,219,196,197,
334.000000,208.000000,0.047606,8877341.000000,0.373199,0,1
44,40,39,41,39,31,38,32,
726.000000,208.000000,0.068246,33002850.000000,1.451742,0,1
31,31,24,24,23,18,23,17,
471.000000,212.000000,0.070964,12545307.000000,0.437347,0,1
138,133,139,131,130,137,127,122,
472.000000,213.000000,0.070209,16669688.000000,0.441711,0,1
139,130,137,127,128,135,122,124,
502.000000,213.000000,0.078845,3369546.750000,0.192927,0,1
216,208,215,199,207,214,192,191,
550.000000,213.000000,0.077429,12773662.000000,0.282402,0,1
223,228,220,239,232,214,236,231,
639.000000,213.000000,0.043959,1171957248.000000,0.241284,0,1
24,32,29,54,111,32,118,163,
537.000000,215.000000,0.081971,25498598.000000,0.257804,0,1
245,249,247,242,243,232,233,227,
640.000000,215.000000,0.044640,1418920832.000000,0.245479,0,1
58,146,46,123,103,40,152,73,
452.000000,216.000000,0.072332,18886766.000000,0.406710,0,1
104,101,103,96,97,99,94,86,
513.000000,217.000000,0.083848,11605687.000000,0.229056,0,1
224,213,220,202,210,216,196,190,
541.000000,217.000000,0.090088,10400445.000000,0.298306,0,1
231,238,240,224,229,230,224,227,
567.000000,217.000000,0.082242,190063712.000000,0.874021,0,1
165,180,168,202,187,171,193,185,
529.000000,220.000000,0.089795,8491822.000000,0.279593,0,1
225,222,228,210,220,231,207,205,
484.000000,222.000000,0.078722,50105440.000000,0.540341,0,1
131,129,131,118,121,125,114,114,
546.000000,223.000000,0.090167,46193012.000000,0.314571,0,1
229,230,230,226,227,215,216,199,
715.000000,223.000000,0.061252,760227712.000000,0.411379,0,1
36,74,32,91,61,25,100,52,
724.000000,223.000000,0.067953,214272752.000000,0.481978,0,1
21,19,26,19,27,33,22,33,
728.000000,223.000000,0.093722,73777152.000000,0.636238,0,1
22,26,21,33,29,19,39,38,
545.000000,224.000000,0.090957,71238848.000000,0.317317,0,1
230,226,227,219,216,215,203,189,
314.000000,225.000000,0.102477,1603111.500000,0.520399,0,1
38,38,36,40,36,27,37,33,
543.000000,225.000000,0.091421,58511544.000000,0.316906,0,1
218,216,222,208,207,200,194,193,
559.000000,225.000000,0.088359,16436309.000000,0.332120,0,1
207,209,209,198,194,199,193,196,
561.000000,225.000000,0.092074,41859924.000000,0.916808,0,1
201,209,204,194,199,200,188,189,
675.000000,225.000000,0.051970,1614761344.000000,0.299521,0,1
38,41,41,52,123,91,118,219,
496.000000,226.000000,0.085929,82206368.000000,0.621604,0,1
140,137,142,131,136,140,128,126,
458.000000,227.000000,0.079512,29769846.000000,0.487780,0,1
88,86,90,81,86,89,80,79,
510.000000,228.000000,0.091347,87904912.000000,0.701086,0,1
163,156,161,147,153,157,144,143,
514.000000,228.000000,0.091090,146008608.000000,0.716046,0,1
170,164,167,157,159,161,149,146,
447.000000,229.000000,0.080711,13626731.000000,0.476313,0,1
79,77,78,73,72,76,69,65,
475.000000,231.000000,0.089550,42480904.000000,0.582618,0,1
103,98,101,92,96,98,89,86,
525.000000,231.000000,0.094888,228515120.000000,0.785481,0,1
169,162,166,155,157,163,148,145,
571.000000,231.000000,0.096958,218928656.000000,0.999105,0,1
183,180,179,174,172,170,168,162,
599.000000,231.000000,0.095771,260740768.000000,1.126356,0,1
108,119,110,130,116,105,126,126,
715.000000,231.000000,0.063712,624502656.000000,0.433427,0,1
41,123,45,124,114,32,60,29,
724.000000,231.000000,0.067776,1011219008.000000,0.483962,0,1
42,30,60,22,44,67,30,44,
254.000000,232.000000,0.082893,5817205.000000,0.921593,0,1
29,28,28,26,27,27,26,22,
344.000000,232.000000,0.082583,4031724.750000,0.568223,0,1
37,36,36,35,34,35,31,27,
599.000000,232.000000,0.096260,278682144.000000,1.130929,0,1
113,122,108,130,122,107,129,125,
600.000000,232.000000,0.096127,255389632.000000,1.134697,0,1
110,116,105,126,114,104,126,123,
304.000000,233.000000,0.093591,4565680.500000,0.542392,0,1
38,39,35,40,36,30,33,24,
276.000000,234.000000,0.081158,15322697.000000,0.823064,0,1
28,29,29,27,27,28,21,21,
320.000000,234.000000,0.090441,4954140.000000,0.296751,0,1
32,31,30,27,26,27,23,22,
354.000000,234.000000,0.090608,16515791.000000,0.409674,0,1
38,36,37,34,33,32,28,27,
382.000000,234.000000,0.092526,14883922.000000,0.369086,0,1
43,43,44,40,42,41,33,32,
408.000000,234.000000,0.088906,8720126.000000,0.487115,0,1
54,49,52,48,48,51,47,42,
615.000000,234.000000,0.096302,71141312.000000,1.213028,0,1
64,70,59,80,71,63,79,81,
671.000000,234.000000,0.051550,1862429184.000000,0.322183,0,1
200,202,176,60,151,80,30,23,
295.000000,235.000000,0.087101,8969738.000000,0.543063,0,1
27,23,27,22,29,37,34,42,
471.000000,235.000000,0.096148,29143466.000000,0.241243,0,1
85,79,82,72,72,74,61,58,
476.000000,236.000000,0.089228,20785322.000000,0.605838,0,1
86,80,85,67,77,83,64,71,
494.000000,236.000000,0.094809,95944072.000000,0.682919,0,1
107,102,104,96,94,96,89,88,
556.000000,236.000000,0.102995,271012224.000000,0.971241,0,1
178,176,171,166,166,161,153,142,
562.000000,236.000000,0.101971,286863936.000000,0.993859,0,1
176,163,156,165,161,155,154,147,
511.000000,237.000000,0.100159,102603816.000000,0.314464,0,1
122,114,116,101,103,105,81,68,
514.000000,238.000000,0.100438,115306184.000000,0.322361,0,1
119,105,109,82,84,89,70,73,
528.000000,238.000000,0.101495,182788800.000000,0.579138,0,1
137,128,132,105,114,122,91,86,
550.000000,238.000000,0.103268,448240832.000000,0.950364,0,1
160,154,150,142,139,136,124,118,
499.000000,239.000000,0.091275,22340466.000000,0.703179,0,1
94,93,93,88,86,83,83,88,
541.000000,239.000000,0.103901,287568000.000000,0.630000,0,1
150,136,138,121,122,125,107,101,
312.000000,240.000000,0.075691,6713908.000000,0.674548,0,1
20,20,21,23,24,23,28,29,
320.000000,240.000000,0.106602,3498150.500000,0.374504,0,1
21,21,21,22,22,22,25,28,
482.000000,240.000000,0.089921,21823192.000000,0.643510,0,1
86,78,85,72,77,83,72,77,
535.000000,240.000000,0.103459,186826832.000000,0.612333,0,1
131,117,120,98,103,107,92,93,
536.000000,240.000000,0.103759,179977856.000000,0.616475,0,1
132,119,120,101,105,108,93,93,
358.000000,241.000000,0.105357,3816167.250000,0.306733,0,1
25,26,27,30,32,33,35,35,
508.000000,241.000000,0.103620,22298572.000000,0.330589,0,1
71,73,70,83,81,79,89,81,
573.000000,241.000000,0.107220,170109056.000000,1.083193,0,1
154,151,150,145,144,145,137,137,
724.000000,241.000000,0.067802,1041926464.000000,0.488749,0,1
52,31,58,25,53,66,32,50,
199.000000,242.000000,0.103865,11231056.000000,0.939092,0,1
23,21,22,22,23,23,32,32,
223.000000,242.000000,0.099358,6434032.000000,1.182990,0,1
23,22,22,23,24,25,32,28,
224.000000,242.000000,0.098345,6945356.500000,1.172639,0,1
24,22,22,23,24,25,32,28,
247.000000,242.000000,0.105543,12219239.000000,0.790195,0,1
19,19,19,24,25,27,28,27,
263.000000,242.000000,0.105373,30484714.000000,0.732479,0,1
17,19,20,27,26,27,31,28,
269.000000,242.000000,0.105248,30226922.000000,0.710881,0,1
18,21,20,27,26,24,33,28,
275.000000,242.000000,0.106911,16117444.000000,0.708585,0,1
18,18,19,22,22,22,33,28,
576.000000,242.000000,0.109011,160723536.000000,1.108344,0,1
155,145,153,139,145,150,139,138,
103.000000,243.000000,0.106380,9323539.000000,1.844581,0,1
24,24,24,26,25,25,32,31,
119.000000,243.000000,0.103660,29283494.000000,1.748874,0,1
20,21,20,25,24,24,31,29,
143.000000,243.000000,0.095970,6062970.500000,1.568436,0,1
20,20,20,25,24,23,31,24,
152.000000,243.000000,0.104855,17843836.000000,1.120723,0,1
18,19,19,24,24,24,31,26,
166.000000,243.000000,0.109300,40858548.000000,1.536084,0,1
17,17,18,23,22,22,29,23,
173.000000,243.000000,0.106759,26230376.000000,1.481117,0,1
18,20,20,23,25,26,29,26,
180.000000,243.000000,0.104961,19934866.000000,1.439071,0,1
18,19,19,26,26,27,29,26,
200.000000,243.000000,0.103171,20909098.000000,1.314228,0,1
22,23,23,32,32,31,32,26,
360.000000,244.000000,0.105283,6793766.500000,0.472437,0,1
36,36,37,34,34,35,29,26,
518.000000,244.000000,0.109965,26376760.000000,0.380818,0,1
75,78,79,84,86,85,93,96,
548.000000,244.000000,0.105772,48308788.000000,0.671642,0,1
110,111,116,121,124,127,126,125,
104.000000,245.000000,0.109086,14036339.000000,1.880229,0,1
25,33,33,31,30,29,24,23,
127.000000,245.000000,0.104335,19432106.000000,1.718019,0,1
23,33,34,26,25,26,20,20,
128.000000,245.000000,0.103585,18236078.000000,1.718701,0,1
23,34,34,26,26,27,20,20,
78.000000,246.000000,0.102585,7323121.000000,1.972301,0,1
27,28,30,22,23,22,21,21,
80.000000,246.000000,0.103133,8024244.500000,1.965625,0,1
28,30,29,23,22,23,22,21,
288.000000,246.000000,0.097458,8472669.000000,0.882535,0,1
36,35,29,31,26,25,22,19,
606.000000,246.000000,0.111249,148542576.000000,1.277053,0,1
119,119,120,117,115,114,113,108,
503.000000,247.000000,0.097464,34349064.000000,0.773737,0,1
81,84,85,76,80,86,75,76,
506.000000,248.000000,0.103598,21700080.000000,0.805598,0,1
89,86,89,72,77,86,72,74,
712.000000,248.000000,0.059280,2119594368.000000,0.402701,0,1
50,136,39,200,70,29,112,36,
560.000000,249.000000,0.115272,78051424.000000,1.085627,0,1
133,131,126,129,121,115,131,128,
348.000000,250.000000,0.052645,4391042.500000,0.492439,0,1
24,24,27,27,28,29,30,32,
608.000000,252.000000,0.114797,84455888.000000,1.321257,0,1
103,101,101,111,104,99,109,109,
274.000000,256.000000,0.100614,1959533.500000,0.987758,0,1
28,29,25,29,25,19,25,20,
593.000000,256.000000,0.119449,2317140.000000,0.622716,0,1
123,127,121,135,129,122,137,137,
727.000000,256.000000,0.071986,57073524.000000,0.530630,0,1
43,30,27,15,21,20,15,16,
640.000000,258.000000,0.116210,70590792.000000,1.506586,0,1
70,72,69,79,71,69,78,77,
558.000000,259.000000,0.136957,49668284.000000,1.184536,0,1
121,123,122,117,115,118,109,112,
586.000000,260.000000,0.137227,71529592.000000,1.330059,0,1
138,132,134,128,130,133,124,119,
540.000000,261.000000,0.124954,38576568.000000,1.069664,0,1
97,93,95,88,89,94,86,86,
569.000000,261.000000,0.130806,51077852.000000,1.224260,0,1
118,112,114,105,106,111,101,100,
510.000000,262.000000,0.118253,28956802.000000,0.929541,0,1
75,73,75,69,71,73,69,65,
265.000000,264.000000,0.112867,1949656.625000,1.118863,0,1
27,27,23,26,21,19,19,18,
522.000000,264.000000,0.120745,37458588.000000,0.992895,0,1
79,77,80,73,75,78,71,71,
580.000000,264.000000,0.137810,69315240.000000,1.319103,0,1
113,115,123,113,122,127,108,104,
584.000000,264.000000,0.145738,16446797.000000,1.003633,0,1
117,118,112,127,118,114,118,111,
262.000000,266.000000,0.136603,1743589.625000,0.917682,0,1
27,27,22,27,22,18,23,21,
561.000000,266.000000,0.133443,69504608.000000,1.214475,0,1
103,103,102,95,98,96,91,91,
551.000000,267.000000,0.129892,56422080.000000,1.160050,0,1
93,87,94,80,84,91,79,80,
600.000000,267.000000,0.144999,55020048.000000,1.453688,0,1
126,123,129,112,120,118,108,107,
594.000000,268.000000,0.140409,83442728.000000,1.410039,0,1
115,108,113,102,100,105,97,96,
621.000000,269.000000,0.126912,25723310.000000,0.602147,0,1
105,110,106,107,109,103,97,93,
628.000000,270.000000,0.130009,70137752.000000,1.127660,0,1
93,97,90,97,92,87,94,88,
557.000000,271.000000,0.133743,110056552.000000,1.217025,0,1
92,83,90,74,79,87,73,75,
440.000000,272.000000,0.115251,16264832.000000,0.798126,0,1
47,45,46,44,45,45,44,42,
558.000000,272.000000,0.133758,110838584.000000,1.225760,0,1
90,79,87,73,74,81,75,75,
560.000000,272.000000,0.134226,84026552.000000,1.236588,0,1
89,87,86,74,81,80,73,75,
508.000000,274.000000,0.128899,19235080.000000,1.012355,0,1
63,60,63,59,59,61,57,53,
607.000000,274.000000,0.144245,47610060.000000,1.512185,0,1
105,101,102,96,97,97,88,92,
623.000000,274.000000,0.138059,139902624.000000,1.570647,0,1
91,95,91,93,91,87,83,79,
472.000000,276.000000,0.124827,12719023.000000,0.899878,0,1
51,47,50,45,46,47,44,44,
610.000000,278.000000,0.147763,47787908.000000,1.555489,0,1
94,96,98,90,92,95,85,80,
584.000000,279.000000,0.149790,62423096.000000,1.436702,0,1
94,99,94,88,92,86,80,79,
592.000000,279.000000,0.149262,62077064.000000,1.474495,0,1
101,98,99,85,89,91,80,79,
583.000000,280.000000,0.148355,69123280.000000,1.427963,0,1
99,88,92,76,80,81,78,76,
584.000000,280.000000,0.148524,71482840.000000,1.434254,0,1
97,92,88,78,81,80,79,77,
601.000000,280.000000,0.147159,74302992.000000,1.514202,0,1
97,91,90,81,83,82,79,75,
190.000000,282.000000,0.146642,13060639.000000,1.282432,0,1
19,18,19,19,20,20,24,26,
120.000000,283.000000,0.146811,7859836.500000,2.106561,0,1
20,21,21,23,23,23,30,30,
97.000000,284.000000,0.145714,8699921.000000,2.241914,0,1
20,22,23,29,29,28,31,28,
110.000000,284.000000,0.144629,7325978.000000,2.172224,0,1
21,23,23,31,29,28,31,28,
91.000000,286.000000,0.150925,9906559.000000,2.307180,0,1
29,33,32,31,30,29,23,21,
138.000000,286.000000,0.147677,22831118.000000,2.017836,0,1
28,28,28,24,25,25,21,20,
148.000000,286.000000,0.148185,25449594.000000,1.953270,0,1
28,28,27,24,23,22,20,19,
160.000000,286.000000,0.145849,15974789.000000,1.873394,0,1
26,26,27,22,22,22,20,19,
237.000000,286.000000,0.136001,1769725.875000,1.436821,0,1
26,27,24,27,23,20,21,19,
120.000000,288.000000,0.144523,7032105.000000,2.107736,0,1
26,23,23,21,21,21,21,21,
128.000000,288.000000,0.146937,13212981.000000,2.070394,0,1
28,22,21,21,21,21,21,21,
476.000000,290.000000,0.153113,5471094.000000,0.786958,0,1
41,41,40,38,39,38,35,30,
620.000000,291.000000,0.158173,65234316.000000,1.694967,0,1
73,77,75,72,69,71,62,61,
688.000000,207.000000,0.054296,241317856.000000,0.721318,0,1
26,21,23,25,24,20,45,81,
153.000000,200.000000,0.067472,336802624.000000,0.421739,0,1
35,49,22,55,38,16,43,34,
712.000000,199.000000,0.067156,580792000.000000,1.370839,0,1
24,20,37,18,30,38,21,29,
438.000000,194.000000,0.054150,44042112.000000,0.081943,0,1
131,133,143,106,118,131,86,77,
153.000000,193.000000,0.067959,998365568.000000,1.204032,0,1
36,48,19,63,39,17,45,32,
553.000000,192.000000,0.055206,162547248.000000,0.376907,0,1
102,82,104,65,66,80,47,42,
527.000000,192.000000,0.047428,12120706.000000,0.071527,0,1
125,175,146,251,232,213,255,255,
552.000000,191.000000,0.054724,122629624.000000,0.372488,0,1
93,103,102,73,82,104,65,47,
487.000000,189.000000,0.051216,14222659.000000,0.087979,0,1
179,199,187,235,204,188,245,251,
361.000000,188.000000,0.046058,30342114.000000,0.082714,0,1
104,118,140,76,94,88,72,69,
153.000000,187.000000,0.068332,3091212032.000000,1.202816,0,1
33,53,19,70,37,18,53,35,
172.000000,186.000000,0.067525,921361152.000000,0.729691,0,1
50,39,64,32,53,64,36,43,
151.000000,185.000000,0.068450,2914681344.000000,1.212145,0,1
73,72,54,77,68,33,68,70,
536.000000,184.000000,0.048952,262347040.000000,0.127375,0,1
161,251,116,114,178,99,105,111,
248.000000,182.000000,0.045121,2385844736.000000,0.598171,0,1
31,43,20,49,29,19,32,20,
172.000000,179.000000,0.067289,455917728.000000,0.241953,0,1
85,64,124,37,91,95,47,53,
542.000000,176.000000,0.045998,58304496.000000,0.122137,0,1
67,68,68,129,78,70,151,96,
537.000000,175.000000,0.047917,284880128.000000,0.136939,0,1
128,140,76,167,164,73,121,99,
152.000000,175.000000,0.067213,1547288448.000000,0.415104,0,1
40,91,26,97,57,19,73,55,
573.000000,117.000000,0.068013,236136160.000000,0.234076,0,1
62,73,101,99,130,149,144,183,
248.000000,171.000000,0.043266,605684800.000000,0.164461,0,1
23,54,22,108,42,23,78,38,
570.000000,122.000000,0.067815,101858712.000000,0.226793,0,1
113,119,135,217,193,191,238,226,
122.000000,169.000000,0.026236,961261696.000000,0.164241,0,1
189,255,226,255,195,93,130,63,
576.000000,168.000000,0.067164,4750070272.000000,0.756413,0,1
88,124,68,121,83,81,91,70,
597.000000,125.000000,0.069944,15308348.000000,0.176154,0,1
241,244,228,240,229,209,225,217,
491.000000,168.000000,0.026449,25514662.000000,0.049622,0,1
248,193,201,161,169,166,138,135,
263.000000,166.000000,0.026950,348521024.000000,0.090262,0,1
133,172,223,81,179,249,70,44,
585.000000,160.000000,0.067922,3602715392.000000,0.795906,0,1
96,95,68,85,56,48,51,45,
582.000000,160.000000,0.067896,689452864.000000,0.247509,0,1
173,203,125,123,113,66,74,48,
547.000000,136.000000,0.025787,199379104.000000,0.065919,0,1
73,78,74,89,144,117,231,197,
81.000000,160.000000,0.027501,1085714688.000000,0.228714,0,1
91,158,87,173,115,70,145,118,
536.000000,157.000000,0.025871,189411424.000000,0.060687,0,1
255,248,242,89,158,172,56,41,
276.000000,141.000000,0.026563,421864928.000000,0.080801,0,1
36,60,59,67,196,87,201,255,
261.000000,152.000000,0.026464,193633568.000000,0.088857,0,1
255,250,188,98,97,52,43,42,
270.000000,151.000000,0.026693,334631744.000000,0.084660,0,1
253,212,255,73,130,204,50,40,
272.000000,147.000000,0.026290,154060480.000000,0.053190,0,1
67,153,61,227,153,71,252,254,
255.000000,144.000000,0.043306,3806254336.000000,0.538732,0,1
28,26,54,24,33,121,26,29,
255.000000,143.000000,0.043178,2730027008.000000,0.537627,0,1
25,25,37,24,32,114,26,31,
323.000000,150.000000,0.026204,348311104.000000,0.054297,0,1
254,244,85,128,125,41,66,34,
536.000000,142.000000,0.025740,774622848.000000,0.059878,0,1
61,61,210,75,219,231,88,231,
563.000000,203.000000,0.066323,1763183744.000000,0.738301,0,1
55,71,48,94,64,37,81,66,
547.000000,151.000000,0.025415,512171712.000000,0.064974,0,1
73,86,98,58,168,223,151,250,
568.000000,195.000000,0.067387,1266831744.000000,0.753024,0,1
49,52,41,73,34,28,50,32,
553.000000,156.000000,0.026749,235844416.000000,0.072104,0,1
85,104,168,129,115,150,84,103,
548.000000,184.000000,0.057449,395931104.000000,0.368187,0,1
94,89,119,91,106,114,89,103,
689.000000,102.000000,0.154815,28490120.000000,0.786131,0,1
35,36,35,56,56,55,91,107,
669.000000,103.000000,0.158930,149164176.000000,1.121176,0,1
38,50,49,84,90,95,117,115,
672.000000,103.000000,0.157307,151160992.000000,1.117721,0,1
38,49,47,93,97,101,117,119,
530.000000,182.000000,0.049201,157897536.000000,0.121368,0,1
238,182,199,137,144,189,108,141,
214.000000,108.000000,0.149429,47191952.000000,1.290866,0,1
21,23,23,33,36,38,47,51,
247.000000,177.000000,0.044595,396952928.000000,0.185216,0,1
55,60,33,63,51,21,56,45,
306.000000,176.000000,0.031989,363080608.000000,0.308535,0,1
67,58,80,54,64,82,53,56,
296.000000,176.000000,0.027141,86266480.000000,0.085981,0,1
102,110,89,98,95,73,89,78,
259.000000,176.000000,0.042930,5887310848.000000,0.535873,0,1
74,39,79,31,61,78,35,50,
709.000000,115.000000,0.122755,69621216.000000,0.541379,0,1
255,255,234,191,154,100,74,38,
579.000000,117.000000,0.068148,1192519680.000000,0.242870,0,1
131,86,213,105,129,253,85,132,
548.000000,172.000000,0.057236,1002271104.000000,0.161793,0,1
90,71,213,69,144,255,72,148,
306.000000,169.000000,0.030937,302935328.000000,0.088472,0,1
51,37,73,28,64,127,34,50,
566.000000,160.000000,0.068031,1094520832.000000,0.220943,0,1
118,58,216,54,115,255,58,111,
566.000000,123.000000,0.068564,1569728384.000000,0.223935,0,1
79,39,192,37,100,233,46,109,
567.000000,168.000000,0.068173,1504341760.000000,0.224814,0,1
197,95,249,57,176,234,89,151,
580.000000,127.000000,0.068023,2314533632.000000,0.241881,0,1
236,117,255,76,217,251,111,219,
580.000000,128.000000,0.067706,877674368.000000,0.151301,0,1
218,112,255,80,218,255,111,221,
575.000000,130.000000,0.067883,1039684160.000000,0.233293,0,1
169,223,157,255,221,113,254,243,
575.000000,163.000000,0.067624,1574109952.000000,0.233579,0,1
221,249,135,254,179,80,213,143,
