# timestamp
1608635151190852352

# fx, fy, cx, cy, width, height, npoints
501.479156,501.475800,421.799133,167.659943,800,400,584

# camToWorld: translation vector, rotation quaternion
-29.940634,35.905474,3.780435,0.119531,-0.712502,0.679231,-0.129228

# Exposure time (ms)
5.479208

# Point Cloud Data : 
# u,v,idepth_scaled,idepth_hessian,maxRelBaseline,numGoodRes,status 
# color information 
684.000000,137.000000,0.092469,1322975104.000000,0.380987,0,1
74,212,64,255,159,51,242,126,
691.000000,149.000000,0.093339,633090560.000000,0.392518,0,1
22,23,89,21,118,229,81,208,
560.000000,164.000000,0.086956,450392864.000000,0.199564,0,1
27,32,104,25,128,201,69,125,
729.000000,178.000000,0.092592,6139392000.000000,0.722508,0,1
84,148,60,194,91,35,106,45,
729.000000,213.000000,0.092304,2886601728.000000,0.540194,0,1
32,79,27,142,43,20,56,26,
729.000000,218.000000,0.090644,4880868.500000,0.440207,0,1
19,16,14,29,26,24,49,39,
719.000000,277.000000,0.143959,14465529.000000,1.090202,0,1
57,51,53,53,57,58,59,62,
720.000000,288.000000,0.147453,17219100.000000,0.830236,0,1
56,50,48,44,46,46,43,41,
682.000000,106.000000,0.193695,1111394.625000,0.675682,0,1
7,8,12,8,14,16,12,22,
677.000000,120.000000,0.089668,335562368.000000,0.364919,0,1
18,24,40,36,94,138,160,204,
674.000000,121.000000,0.090275,377442144.000000,0.411869,0,1
19,26,36,22,26,160,18,20,
684.000000,125.000000,0.086914,33482962.000000,0.197561,0,1
255,231,241,85,153,172,32,26,
665.000000,129.000000,0.089933,159823744.000000,0.350013,0,1
24,29,43,48,123,148,190,255,
670.000000,132.000000,0.091618,1392816128.000000,0.361470,0,1
97,207,67,255,150,48,231,201,
683.000000,140.000000,0.091892,653982464.000000,0.378098,0,1
242,248,126,220,135,42,91,29,
698.000000,153.000000,0.094354,203950912.000000,0.220206,0,1
201,242,110,255,213,153,252,255,
674.000000,155.000000,0.094255,84239288.000000,0.157971,0,1
255,246,255,61,186,159,34,21,
702.000000,162.000000,0.087889,236128864.000000,0.387881,0,1
144,87,44,86,38,26,38,68,
684.000000,176.000000,0.086002,1037306176.000000,0.538878,0,1
31,48,35,43,35,20,18,15,
677.000000,177.000000,0.089680,634531200.000000,0.366833,0,1
154,241,175,232,119,44,99,33,
701.000000,179.000000,0.092926,250714960.000000,0.407143,0,1
17,16,30,16,24,124,16,18,
701.000000,180.000000,0.093002,630626752.000000,0.571191,0,1
19,17,48,16,23,107,16,16,
666.000000,188.000000,0.088557,51212192.000000,0.191364,0,1
255,249,255,67,244,255,73,42,
718.000000,188.000000,0.093731,2491120384.000000,0.514452,0,1
93,44,153,21,88,185,46,45,
724.000000,188.000000,0.092255,1865457152.000000,0.432823,0,1
150,211,102,224,161,54,163,69,
666.000000,189.000000,0.088834,65703760.000000,0.191158,0,1
255,142,254,56,122,181,37,29,
685.000000,189.000000,0.090037,126302112.000000,0.205836,0,1
216,255,187,156,142,74,59,88,
719.000000,189.000000,0.093841,1260344192.000000,0.433587,0,1
153,88,185,46,117,152,45,41,
702.000000,199.000000,0.090741,1433170432.000000,0.405422,0,1
103,216,68,253,156,40,243,201,
713.000000,205.000000,0.091639,74088632.000000,0.224138,0,1
18,45,25,180,118,37,228,232,
666.000000,206.000000,0.089721,93875304.000000,0.193569,0,1
19,21,21,33,65,33,146,158,
723.000000,210.000000,0.091490,35999868.000000,0.178432,0,1
15,37,28,117,123,82,249,255,
671.000000,212.000000,0.089867,972938496.000000,0.371657,0,1
59,188,47,255,145,32,234,166,
683.000000,212.000000,0.088282,134450672.000000,0.203821,0,1
30,91,30,232,155,39,254,150,
684.000000,212.000000,0.089023,134312448.000000,0.205602,0,1
21,48,21,200,79,22,232,86,
723.000000,216.000000,0.093851,82575424.000000,0.183633,0,1
253,243,169,126,86,47,42,34,
671.000000,217.000000,0.089726,1282989824.000000,0.373396,0,1
167,231,68,245,149,35,119,45,
699.000000,218.000000,0.096306,15207859.000000,0.429585,0,1
13,15,19,28,30,38,38,25,
683.000000,230.000000,0.089538,165717760.000000,0.208956,0,1
56,101,190,37,177,234,51,56,
696.000000,232.000000,0.097106,58785120.000000,0.435712,0,1
18,21,26,18,32,44,25,40,
723.000000,232.000000,0.097373,75027016.000000,0.567910,0,1
9,10,10,33,33,33,53,62,
697.000000,234.000000,0.097870,375285344.000000,0.738857,0,1
39,34,50,36,45,54,55,59,
665.000000,245.000000,0.107024,342517824.000000,0.709856,0,1
77,92,74,94,89,70,91,87,
665.000000,256.000000,0.123016,55620948.000000,0.796883,0,1
77,68,79,53,67,77,54,56,
668.000000,258.000000,0.117573,44975596.000000,0.797407,0,1
78,73,75,64,71,72,62,61,
675.000000,258.000000,0.117886,60595440.000000,0.817242,0,1
55,58,52,71,56,51,64,60,
668.000000,262.000000,0.131067,23890236.000000,0.850678,0,1
61,59,65,55,62,69,57,61,
680.000000,269.000000,0.129143,83789504.000000,0.906053,0,1
56,64,55,68,68,57,72,66,
681.000000,270.000000,0.131042,87665320.000000,0.918151,0,1
55,68,57,72,68,55,66,62,
674.000000,272.000000,0.143731,1925768.000000,0.322649,0,1
64,56,63,51,55,60,48,47,
685.000000,275.000000,0.131509,8253182.500000,0.951405,0,1
49,56,49,60,55,48,61,59,
690.000000,298.000000,0.176455,4200911.500000,0.752443,0,1
44,41,45,38,42,45,36,35,
666.000000,230.000000,0.094953,20578970.000000,0.392200,0,1
14,14,14,31,30,29,50,61,
256.000000,32.000000,0.235439,716979.937500,1.750259,0,1
9,10,9,13,12,11,14,15,
33.000000,37.000000,0.230086,26389952.000000,4.088899,0,1
6,7,8,12,13,14,19,13,
360.000000,44.000000,0.208355,93794080.000000,0.313996,0,1
60,71,60,89,72,59,97,109,
313.000000,47.000000,0.197203,1051974.250000,0.206543,0,1
54,49,52,40,45,50,38,36,
36.000000,50.000000,0.205506,17713080.000000,0.683847,0,1
9,9,9,11,11,14,23,23,
365.000000,52.000000,0.211514,105703336.000000,0.318756,0,1
189,255,114,254,142,49,114,53,
359.000000,54.000000,0.208314,124719056.000000,0.313933,0,1
255,165,206,104,112,118,82,63,
361.000000,54.000000,0.205204,362980160.000000,0.464520,0,1
255,206,199,112,118,86,80,60,
176.000000,56.000000,0.303166,667406.312500,4.101645,0,1
12,9,11,8,8,8,7,7,
185.000000,57.000000,0.290844,2462563.500000,3.947162,0,1
14,18,19,8,11,14,7,7,
197.000000,59.000000,0.279406,4505996.000000,3.316487,0,1
18,21,24,12,17,23,8,8,
209.000000,60.000000,0.272710,10120312.000000,2.220071,0,1
21,21,21,29,30,27,24,16,
35.000000,61.000000,0.182371,124860608.000000,0.578261,0,1
25,25,26,57,56,52,82,41,
36.000000,61.000000,0.182843,78304664.000000,0.578554,0,1
24,25,29,58,52,56,87,40,
216.000000,61.000000,0.267313,11996805.000000,2.128142,0,1
24,24,24,30,27,25,37,23,
45.000000,62.000000,0.179368,15760956.000000,0.549734,0,1
29,45,28,38,31,21,25,22,
225.000000,62.000000,0.262846,7904750.000000,2.039810,0,1
29,28,29,28,28,28,41,42,
215.000000,63.000000,0.268615,16714770.000000,2.138326,0,1
28,34,40,13,19,28,9,8,
216.000000,63.000000,0.267962,14497972.000000,2.126100,0,1
27,37,39,17,23,33,9,9,
47.000000,66.000000,0.156148,15838260.000000,0.457453,0,1
19,27,20,40,30,23,30,30,
233.000000,67.000000,0.255605,85626944.000000,0.413551,0,1
52,60,87,12,23,51,11,10,
235.000000,67.000000,0.254361,106639552.000000,0.407779,0,1
45,87,79,23,51,74,11,10,
72.000000,68.000000,0.166897,6330952.500000,3.012740,0,1
11,11,11,15,15,15,21,13,
59.000000,69.000000,0.165438,9013270.000000,3.142100,0,1
18,14,14,17,18,20,25,21,
278.000000,70.000000,0.215725,2187676.500000,1.453739,0,1
41,43,40,46,44,40,47,47,
255.000000,71.000000,0.241092,77118744.000000,1.001975,0,1
52,75,72,41,62,94,14,12,
261.000000,71.000000,0.236480,102053992.000000,0.953196,0,1
49,50,49,98,79,60,73,23,
251.000000,72.000000,0.243009,68147520.000000,1.718311,0,1
73,18,33,12,12,13,12,11,
259.000000,72.000000,0.237631,104799120.000000,0.358116,0,1
54,101,90,30,57,88,13,13,
261.000000,73.000000,0.235647,103550376.000000,0.355125,0,1
79,73,95,14,23,45,13,13,
273.000000,75.000000,0.227378,108916032.000000,0.342664,0,1
65,86,88,38,59,78,16,14,
286.000000,78.000000,0.218430,86759072.000000,0.771179,0,1
58,86,84,20,40,63,15,15,
288.000000,79.000000,0.216740,67575952.000000,0.756784,0,1
73,52,72,16,17,24,15,15,
54.000000,80.000000,0.160793,1111632384.000000,3.148871,0,1
19,22,18,37,20,17,24,20,
297.000000,80.000000,0.210729,50986220.000000,0.697871,0,1
46,73,65,27,42,60,17,15,
296.000000,81.000000,0.211406,52529700.000000,1.261583,0,1
73,27,42,16,17,22,15,15,
302.000000,81.000000,0.207140,41408876.000000,0.666649,0,1
44,68,62,30,43,53,18,16,
306.000000,82.000000,0.203414,43360588.000000,1.164084,0,1
45,56,57,26,36,45,16,15,
315.000000,82.000000,0.189763,7315390.500000,1.065731,0,1
32,34,31,47,40,32,46,30,
333.000000,88.000000,0.179557,16273764.000000,1.855846,0,1
25,25,27,16,18,20,16,15,
45.000000,105.000000,0.151615,278796320.000000,4.587703,0,1
48,54,50,33,33,35,18,14,
68.000000,108.000000,0.145805,20687186.000000,4.908360,0,1
16,13,13,10,10,10,8,8,
543.000000,120.000000,0.119876,4698600.000000,0.569258,0,1
22,18,19,17,24,24,26,30,
652.000000,121.000000,0.090539,591315008.000000,0.345813,0,1
31,76,65,180,173,85,255,210,
264.000000,124.000000,0.156026,1057431.500000,2.369426,0,1
15,15,16,16,16,19,17,25,
314.000000,124.000000,0.142053,4862182.000000,1.858569,0,1
13,13,13,15,15,15,21,23,
558.000000,124.000000,0.091616,45082592.000000,0.443913,0,1
30,40,53,75,124,158,191,255,
589.000000,124.000000,0.086884,1201311488.000000,0.477926,0,1
44,120,58,234,160,52,252,244,
612.000000,124.000000,0.088706,1520470912.000000,0.293035,0,1
58,196,50,253,100,32,203,112,
271.000000,125.000000,0.146672,1732819.750000,2.268041,0,1
13,15,13,20,16,16,26,33,
282.000000,125.000000,0.122159,8862209.000000,2.052967,0,1
12,13,13,17,18,18,26,32,
295.000000,125.000000,0.142469,12787209.000000,2.018860,0,1
14,15,15,19,20,20,27,32,
298.000000,125.000000,0.145100,7610654.500000,2.020979,0,1
14,15,16,20,21,22,26,31,
498.000000,125.000000,0.081816,54842780.000000,0.290257,0,1
20,22,20,29,28,25,68,180,
526.000000,125.000000,0.083532,68601216.000000,0.343372,0,1
28,33,39,47,79,95,167,255,
575.000000,125.000000,0.086005,2062189952.000000,0.444939,0,1
52,198,50,253,82,33,114,43,
584.000000,125.000000,0.085743,1449387648.000000,0.460800,0,1
52,54,163,40,170,255,144,255,
611.000000,125.000000,0.088199,912644224.000000,0.289892,0,1
196,253,100,255,203,49,255,208,
627.000000,125.000000,0.088060,268926816.000000,0.307068,0,1
32,50,43,137,137,54,255,234,
633.000000,125.000000,0.088766,847358528.000000,0.316446,0,1
41,39,205,34,175,255,46,59,
583.000000,126.000000,0.085609,2425292288.000000,0.457866,0,1
54,40,170,37,144,255,91,229,
596.000000,126.000000,0.085502,1269913984.000000,0.482754,0,1
226,120,255,35,138,249,37,36,
623.000000,126.000000,0.088234,349642656.000000,0.303017,0,1
27,32,100,33,140,253,123,236,
250.000000,127.000000,0.134719,2537161.250000,1.252684,0,1
16,18,19,28,29,29,32,32,
634.000000,127.000000,0.088422,617960704.000000,0.315828,0,1
243,128,250,37,123,238,35,36,
476.000000,129.000000,0.082555,25922852.000000,0.065463,0,1
32,31,78,21,106,216,95,233,
620.000000,129.000000,0.088368,788444672.000000,0.300035,0,1
35,32,123,30,111,246,77,219,
449.000000,130.000000,0.081978,123992176.000000,0.123549,0,1
35,23,197,18,48,255,19,21,
486.000000,130.000000,0.078900,590871040.000000,0.259918,0,1
250,129,253,26,155,248,31,28,
370.000000,131.000000,0.081717,31648072.000000,0.125612,0,1
23,38,37,103,118,121,244,245,
389.000000,131.000000,0.076421,203758432.000000,0.124409,0,1
28,32,101,27,142,225,54,154,
399.000000,131.000000,0.082930,116785264.000000,0.149407,0,1
26,46,40,158,123,57,225,237,
311.000000,133.000000,0.068941,50755584.000000,0.103896,0,1
19,39,25,131,119,32,245,209,
334.000000,133.000000,0.076410,58472292.000000,0.062554,0,1
37,42,120,29,200,233,77,236,
357.000000,133.000000,0.077297,18722376.000000,0.043718,0,1
61,50,199,23,183,246,36,47,
465.000000,133.000000,0.078790,833065216.000000,0.228708,0,1
212,255,68,255,144,26,237,119,
513.000000,133.000000,0.082493,1330394624.000000,0.315826,0,1
156,254,47,255,116,27,200,43,
648.000000,133.000000,0.090072,310626240.000000,0.338168,0,1
255,255,255,76,186,124,44,31,
278.000000,134.000000,0.078266,3752358.500000,0.066259,0,1
23,25,21,49,41,24,162,224,
302.000000,134.000000,0.075266,12150834.000000,0.057718,0,1
29,92,71,198,198,192,255,255,
544.000000,134.000000,0.082766,862800384.000000,0.369214,0,1
30,31,87,30,132,223,129,255,
590.000000,134.000000,0.087441,664845312.000000,0.244271,0,1
87,209,58,255,153,45,246,203,
279.000000,135.000000,0.071261,6710548.000000,0.025872,0,1
21,41,24,162,93,24,224,86,
430.000000,135.000000,0.081440,459388608.000000,0.187150,0,1
221,255,59,254,191,26,255,161,
512.000000,135.000000,0.083153,1372409600.000000,0.316778,0,1
254,255,69,255,99,29,217,79,
569.000000,135.000000,0.082489,83752504.000000,0.227136,0,1
255,164,243,37,76,67,33,28,
628.000000,135.000000,0.088307,709579904.000000,0.308361,0,1
69,139,56,244,132,63,248,255,
662.000000,135.000000,0.090675,966800512.000000,0.357274,0,1
73,36,192,36,133,253,131,255,
533.000000,136.000000,0.084486,1645384192.000000,0.358315,0,1
126,241,46,253,106,25,139,31,
422.000000,137.000000,0.066781,49668812.000000,0.100836,0,1
251,189,230,69,136,177,37,26,
638.000000,137.000000,0.089180,124879064.000000,0.322679,0,1
38,83,54,203,167,77,253,255,
224.000000,138.000000,0.069933,48245872.000000,0.109653,0,1
18,29,41,58,145,181,189,255,
225.000000,138.000000,0.067326,42554960.000000,0.103713,0,1
19,33,43,103,155,183,246,255,
400.000000,138.000000,0.078605,140484176.000000,0.140692,0,1
194,211,108,104,151,34,69,30,
206.000000,140.000000,0.062660,202551296.000000,0.109222,0,1
27,140,42,254,162,20,226,127,
309.000000,140.000000,0.070128,124429800.000000,0.105684,0,1
202,255,49,252,115,23,206,91,
197.000000,141.000000,0.062024,74057808.000000,0.059211,0,1
56,72,207,49,126,252,38,36,
561.000000,141.000000,0.085400,675240128.000000,0.412978,0,1
42,139,51,255,202,51,255,186,
639.000000,141.000000,0.089607,888597504.000000,0.325496,0,1
243,255,177,248,167,53,134,43,
215.000000,142.000000,0.068177,29619798.000000,0.103651,0,1
16,30,23,56,91,39,115,94,
577.000000,143.000000,0.085160,1815353088.000000,0.441628,0,1
194,58,249,29,107,221,32,34,
602.000000,143.000000,0.088545,362449088.000000,0.512936,0,1
255,255,239,244,164,76,103,37,
203.000000,144.000000,0.064338,53150008.000000,0.110367,0,1
255,232,250,54,158,228,39,33,
290.000000,144.000000,0.068651,72494792.000000,0.105448,0,1
32,58,118,48,219,167,169,188,
396.000000,144.000000,0.075211,182519504.000000,0.128493,0,1
31,68,45,190,193,41,252,210,
519.000000,144.000000,0.084798,1651808768.000000,0.334883,0,1
155,248,62,255,163,39,243,138,
378.000000,145.000000,0.074695,149933264.000000,0.340316,0,1
29,39,50,51,140,146,199,206,
251.000000,146.000000,0.065085,17882972.000000,0.098340,0,1
242,175,245,43,91,63,30,22,
376.000000,146.000000,0.073538,578508352.000000,0.343835,0,1
30,31,98,27,108,221,57,147,
423.000000,146.000000,0.078110,2001890176.000000,0.720529,0,1
35,105,29,181,65,24,109,34,
580.000000,146.000000,0.085346,95813344.000000,0.133351,0,1
212,169,242,37,151,186,37,32,
44.000000,147.000000,0.057420,284514112.000000,0.139259,0,1
21,33,36,76,145,159,201,252,
47.000000,147.000000,0.059949,130318408.000000,0.144303,0,1
20,35,27,155,154,90,232,246,
194.000000,147.000000,0.065576,117467120.000000,0.064610,0,1
100,231,32,243,152,16,249,209,
274.000000,148.000000,0.066171,5163874.500000,0.072843,0,1
23,41,25,117,106,25,203,145,
503.000000,148.000000,0.079873,158120672.000000,0.121010,0,1
238,132,245,26,149,248,29,27,
647.000000,148.000000,0.082190,125079408.000000,0.125789,0,1
32,105,45,225,166,49,253,250,
287.000000,149.000000,0.079719,1138599.625000,0.011424,0,1
33,29,80,36,82,169,109,138,
504.000000,149.000000,0.081799,537105600.000000,0.297025,0,1
245,149,248,29,128,234,27,24,
487.000000,151.000000,0.080864,918115712.000000,0.266821,0,1
190,201,78,242,155,33,208,137,
592.000000,151.000000,0.086837,306958912.000000,0.245522,0,1
112,42,214,29,89,255,30,27,
465.000000,152.000000,0.078983,65777032.000000,0.328275,0,1
20,22,21,26,35,25,104,221,
568.000000,152.000000,0.085171,299974912.000000,0.233412,0,1
28,30,103,40,138,247,171,243,
594.000000,152.000000,0.085632,594150464.000000,0.477213,0,1
253,239,255,47,176,196,36,24,
47.000000,153.000000,0.059054,99319744.000000,0.141963,0,1
232,164,129,57,82,53,34,21,
65.000000,153.000000,0.057696,12741192.000000,3.483516,0,1
52,28,34,16,16,14,12,12,
315.000000,153.000000,0.068388,9154682.000000,0.044053,0,1
154,135,47,27,52,18,20,19,
518.000000,153.000000,0.083445,939492480.000000,0.326804,0,1
239,254,127,216,193,47,135,36,
428.000000,154.000000,0.074582,115585264.000000,0.112674,0,1
33,112,38,207,144,34,225,209,
566.000000,154.000000,0.082482,462735840.000000,0.223493,0,1
40,28,171,23,123,243,80,190,
612.000000,154.000000,0.087078,755687168.000000,0.285635,0,1
38,123,35,254,87,31,203,114,
387.000000,155.000000,0.074314,493250336.000000,0.681777,0,1
143,72,158,34,108,129,42,46,
579.000000,155.000000,0.087252,93223720.000000,0.457471,0,1
30,43,48,130,177,162,247,247,
585.000000,156.000000,0.077542,113808448.000000,0.125727,0,1
28,57,31,202,111,31,211,163,
144.000000,157.000000,0.061681,5133568512.000000,2.698837,0,1
29,23,42,14,30,22,15,13,
360.000000,157.000000,0.073839,133487328.000000,0.084913,0,1
52,189,32,229,112,26,208,125,
552.000000,157.000000,0.084008,868247232.000000,0.388430,0,1
215,75,253,25,189,242,28,26,
661.000000,157.000000,0.089835,998229440.000000,0.346086,0,1
108,217,50,251,101,30,143,44,
308.000000,158.000000,0.062357,14053086.000000,0.046316,0,1
26,37,104,38,184,236,143,243,
475.000000,158.000000,0.078744,215535520.000000,0.241437,0,1
27,72,35,200,129,46,224,216,
509.000000,158.000000,0.082110,527451104.000000,0.306265,0,1
24,88,30,207,114,32,190,144,
278.000000,161.000000,0.069451,4906332.000000,0.066962,0,1
23,153,24,255,166,27,254,245,
284.000000,161.000000,0.067518,11416381.000000,0.103170,0,1
19,22,18,35,38,20,160,255,
381.000000,161.000000,0.074514,2583212288.000000,0.965989,0,1
32,97,34,178,110,31,175,141,
602.000000,161.000000,0.087431,95144896.000000,0.150761,0,1
34,28,70,28,56,201,113,255,
636.000000,161.000000,0.087831,654521920.000000,0.314924,0,1
54,37,196,21,122,249,24,23,
284.000000,162.000000,0.061012,2522938.250000,0.060899,0,1
20,41,25,111,160,42,255,255,
329.000000,162.000000,0.075446,4170536.750000,0.053961,0,1
38,22,52,20,35,58,22,32,
357.000000,162.000000,0.074028,165589200.000000,0.166965,0,1
189,83,174,26,82,71,26,22,
396.000000,162.000000,0.074621,969537664.000000,0.286334,0,1
107,58,190,33,128,176,54,109,
411.000000,162.000000,0.076813,2209726208.000000,0.791655,0,1
51,127,41,139,97,26,58,25,
504.000000,162.000000,0.080443,480016096.000000,0.291546,0,1
232,217,148,200,107,42,98,33,
585.000000,162.000000,0.085871,185038128.000000,0.460963,0,1
194,81,49,29,27,23,22,21,
638.000000,162.000000,0.087689,280532672.000000,0.316545,0,1
241,207,255,60,171,188,30,26,
65.000000,164.000000,0.057853,36711568.000000,3.467600,0,1
13,14,19,17,27,31,25,36,
210.000000,164.000000,0.066651,38203516.000000,0.109294,0,1
21,33,46,52,106,77,116,129,
657.000000,164.000000,0.090264,807393024.000000,0.348891,0,1
96,102,36,187,61,31,109,62,
600.000000,166.000000,0.084996,1267146112.000000,0.485180,0,1
243,180,255,70,173,196,36,29,
126.000000,167.000000,0.061238,5881153024.000000,2.882827,0,1
15,31,13,47,30,13,46,33,
314.000000,167.000000,0.068322,23743988.000000,0.036195,0,1
249,246,125,237,110,27,94,34,
574.000000,167.000000,0.089266,64548052.000000,0.227814,0,1
252,255,176,119,110,60,43,28,
86.000000,168.000000,0.059103,6081577984.000000,3.265003,0,1
18,33,16,37,30,14,43,37,
123.000000,168.000000,0.060810,5719602688.000000,2.896519,0,1
27,20,47,14,32,46,20,31,
143.000000,169.000000,0.062217,3612006400.000000,2.722135,0,1
41,32,57,22,42,38,28,27,
145.000000,169.000000,0.062655,4220249344.000000,2.716972,0,1
46,57,29,42,38,13,42,20,
362.000000,169.000000,0.074233,2644801792.000000,0.814065,0,1
104,59,168,29,108,147,62,30,
36.000000,171.000000,0.057668,802655872.000000,0.144279,0,1
210,253,140,251,153,34,175,85,
228.000000,171.000000,0.064983,35014200.000000,0.098061,0,1
143,101,114,58,96,76,50,28,
278.000000,171.000000,0.069666,86271496.000000,0.329019,0,1
255,244,239,176,166,86,41,25,
280.000000,171.000000,0.069981,385603712.000000,0.325125,0,1
193,239,49,166,86,38,36,23,
340.000000,171.000000,0.072861,86617896.000000,1.228178,0,1
157,131,137,40,47,41,22,19,
342.000000,171.000000,0.071632,149695376.000000,0.451083,0,1
130,137,100,47,41,29,22,20,
34.000000,174.000000,0.057166,429746368.000000,0.144054,0,1
231,255,160,227,178,64,104,28,
67.000000,174.000000,0.058116,29941080.000000,3.458893,0,1
38,42,27,31,31,21,19,18,
617.000000,176.000000,0.086214,572462784.000000,0.288513,0,1
25,29,68,27,163,241,160,243,
354.000000,178.000000,0.073865,73527088.000000,0.187947,0,1
21,35,42,65,136,136,197,240,
393.000000,178.000000,0.075089,140313920.000000,0.127460,0,1
30,52,38,143,154,36,201,203,
452.000000,178.000000,0.077399,358363808.000000,0.206924,0,1
31,104,41,240,112,26,95,26,
117.000000,179.000000,0.058018,144029312.000000,2.774875,0,1
17,19,17,35,26,18,71,47,
195.000000,179.000000,0.066293,6308112896.000000,2.304090,0,1
18,24,19,88,40,20,160,85,
212.000000,179.000000,0.065125,40576680.000000,0.109058,0,1
19,29,27,51,112,73,179,223,
217.000000,179.000000,0.066537,48650240.000000,0.107722,0,1
21,30,28,78,120,71,143,226,
237.000000,179.000000,0.066967,256165136.000000,0.422533,0,1
22,35,35,76,175,148,173,247,
263.000000,179.000000,0.070402,53992600.000000,0.107567,0,1
25,55,69,96,190,184,230,255,
289.000000,179.000000,0.069566,317860864.000000,0.305702,0,1
25,29,96,24,109,227,69,219,
539.000000,179.000000,0.083874,554900160.000000,0.366283,0,1
17,17,21,16,27,104,33,205,
656.000000,179.000000,0.089573,560303296.000000,0.345631,0,1
17,18,26,18,37,123,34,189,
658.000000,179.000000,0.089994,409942016.000000,0.349634,0,1
21,26,68,37,123,243,174,255,
540.000000,180.000000,0.083667,790130112.000000,0.367129,0,1
21,27,104,33,191,251,205,255,
128.000000,182.000000,0.062865,371793216.000000,0.161830,0,1
46,43,134,42,154,231,125,124,
377.000000,182.000000,0.073160,275347616.000000,0.139513,0,1
63,36,217,26,103,250,28,29,
53.000000,183.000000,0.057983,456701056.000000,0.137636,0,1
36,38,60,51,100,153,133,215,
54.000000,183.000000,0.058670,319910816.000000,0.138884,0,1
46,48,75,71,130,181,189,255,
259.000000,183.000000,0.067902,521752576.000000,0.370268,0,1
145,131,254,32,175,215,33,23,
316.000000,183.000000,0.082448,3276153.250000,0.124251,0,1
36,53,29,17,32,14,15,15,
656.000000,184.000000,0.089373,842728704.000000,0.345011,0,1
212,78,246,20,114,233,21,20,
495.000000,185.000000,0.081923,338273472.000000,0.286152,0,1
25,29,47,34,140,242,202,255,
425.000000,186.000000,0.077080,260930528.000000,0.172533,0,1
26,29,33,37,120,75,175,158,
552.000000,186.000000,0.084829,292923072.000000,0.127901,0,1
131,227,47,255,130,26,234,132,
633.000000,186.000000,0.088809,444145472.000000,0.316604,0,1
255,254,168,232,158,47,72,29,
661.000000,186.000000,0.090434,52039416.000000,0.355584,0,1
255,239,251,42,129,236,27,27,
83.000000,187.000000,0.058153,121953536.000000,0.094480,0,1
30,44,95,60,166,255,144,221,
208.000000,187.000000,0.064441,142962944.000000,0.112268,0,1
43,176,33,255,183,21,188,55,
226.000000,187.000000,0.065326,24101936.000000,0.050071,0,1
20,35,22,105,147,21,182,76,
416.000000,187.000000,0.077108,164574816.000000,0.161632,0,1
255,207,232,56,143,82,45,39,
454.000000,187.000000,0.078706,347978656.000000,0.215445,0,1
22,23,126,26,109,243,36,41,
485.000000,187.000000,0.084984,24727830.000000,0.129412,0,1
255,255,250,236,186,91,60,35,
525.000000,187.000000,0.084682,155521744.000000,0.192505,0,1
31,47,139,30,184,198,59,50,
597.000000,187.000000,0.088118,1639830272.000000,0.501531,0,1
51,164,43,254,145,30,223,101,
645.000000,187.000000,0.089324,475489376.000000,0.332407,0,1
31,132,40,255,177,37,247,139,
114.000000,189.000000,0.060352,366323776.000000,0.111626,0,1
190,246,76,207,171,48,104,24,
239.000000,189.000000,0.071830,37969904.000000,0.108249,0,1
250,201,215,48,64,41,28,24,
188.000000,190.000000,0.066207,68874928.000000,0.099775,0,1
52,25,21,25,43,35,50,76,
304.000000,190.000000,0.076105,27289984.000000,0.048204,0,1
77,50,34,159,179,31,254,247,
190.000000,191.000000,0.063777,98092496.000000,0.096804,0,1
19,53,22,75,79,19,127,55,
267.000000,191.000000,0.071704,44918584.000000,0.108059,0,1
40,28,80,22,59,137,25,24,
314.000000,191.000000,0.069597,49729736.000000,0.104884,0,1
19,41,23,121,105,26,254,230,
467.000000,191.000000,0.079472,217362048.000000,0.236981,0,1
34,35,48,47,100,242,211,255,
471.000000,191.000000,0.079476,488546912.000000,0.242685,0,1
36,110,44,242,203,38,255,210,
500.000000,191.000000,0.079667,245239648.000000,0.286075,0,1
50,124,42,254,112,37,238,229,
602.000000,191.000000,0.085875,1547252736.000000,0.497606,0,1
65,40,60,36,116,148,94,219,
229.000000,192.000000,0.065692,78374264.000000,0.102507,0,1
28,43,65,201,193,123,238,255,
532.000000,192.000000,0.081817,219882368.000000,0.346568,0,1
36,39,51,85,124,148,223,255,
579.000000,192.000000,0.085534,1322714112.000000,0.450492,0,1
42,109,47,236,151,34,241,125,
645.000000,192.000000,0.088854,131396096.000000,0.331080,0,1
50,92,46,254,136,51,251,255,
530.000000,193.000000,0.082462,255418272.000000,0.346525,0,1
41,103,99,237,198,247,255,255,
656.000000,193.000000,0.086819,108193840.000000,0.335175,0,1
32,60,32,238,140,44,252,226,
657.000000,193.000000,0.088155,286774816.000000,0.344040,0,1
30,42,26,201,79,31,240,206,
222.000000,194.000000,0.067874,248281328.000000,0.107663,0,1
72,39,192,32,152,255,120,238,
622.000000,194.000000,0.086586,434891712.000000,0.320719,0,1
26,63,32,220,143,36,198,130,
411.000000,196.000000,0.076606,995610496.000000,0.278337,0,1
66,194,39,255,98,33,135,39,
636.000000,196.000000,0.088210,583150528.000000,0.318757,0,1
35,31,124,38,92,135,194,255,
285.000000,197.000000,0.071457,32901470.000000,0.068592,0,1
255,255,163,167,162,28,47,23,
603.000000,197.000000,0.086609,1643037312.000000,0.505609,0,1
183,69,197,35,198,255,130,252,
541.000000,198.000000,0.083421,2080104704.000000,0.371006,0,1
108,230,66,255,159,35,210,69,
576.000000,198.000000,0.084511,1570432000.000000,0.439910,0,1
136,156,48,103,38,26,29,20,
622.000000,198.000000,0.087652,294573568.000000,0.301322,0,1
130,255,188,242,196,57,101,36,
572.000000,199.000000,0.084247,1159887360.000000,0.431127,0,1
255,250,165,227,126,41,96,30,
659.000000,200.000000,0.089229,932690304.000000,0.349620,0,1
211,254,116,252,162,46,122,38,
315.000000,201.000000,0.071955,32679008.000000,0.060619,0,1
129,245,42,255,172,22,205,41,
404.000000,201.000000,0.076152,454111168.000000,0.150031,0,1
189,254,56,255,140,43,255,225,
614.000000,201.000000,0.086679,1093197312.000000,0.289510,0,1
247,253,123,255,153,47,222,136,
640.000000,201.000000,0.088130,67805304.000000,0.323355,0,1
255,255,255,182,142,108,53,30,
314.000000,202.000000,0.070635,83615008.000000,0.107375,0,1
245,255,172,151,205,27,102,26,
467.000000,202.000000,0.078486,394056480.000000,0.236797,0,1
249,132,255,63,157,255,43,50,
561.000000,202.000000,0.084060,934983744.000000,0.410646,0,1
249,76,255,28,129,252,28,28,
492.000000,203.000000,0.080595,70904240.000000,0.280809,0,1
255,255,255,210,161,203,80,39,
224.000000,204.000000,0.065981,1505048448.000000,0.454824,0,1
43,175,51,255,179,30,255,191,
210.000000,205.000000,0.064458,169610048.000000,0.114020,0,1
166,242,42,246,127,39,107,42,
599.000000,205.000000,0.085738,371745216.000000,0.493554,0,1
254,205,224,38,123,93,29,27,
202.000000,206.000000,0.063089,197547392.000000,0.095076,0,1
66,240,65,238,209,32,124,50,
477.000000,206.000000,0.079497,1653230848.000000,0.255675,0,1
233,113,255,41,220,255,116,238,
518.000000,206.000000,0.081875,537174656.000000,0.327450,0,1
34,40,59,58,133,183,184,255,
549.000000,206.000000,0.083585,319066240.000000,0.387783,0,1
29,79,34,217,153,35,254,247,
654.000000,206.000000,0.089422,2095705984.000000,0.349211,0,1
146,230,66,255,153,32,154,44,
212.000000,207.000000,0.066131,97328448.000000,0.069222,0,1
39,46,152,42,216,231,97,119,
400.000000,207.000000,0.075729,393374496.000000,0.147219,0,1
213,65,250,38,157,248,43,42,
544.000000,207.000000,0.083068,1495740544.000000,0.376698,0,1
31,31,135,28,128,254,98,251,
550.000000,207.000000,0.083667,983860928.000000,0.390240,0,1
34,153,35,254,134,32,247,219,
316.000000,208.000000,0.047982,104372688.000000,1.123375,0,1
17,16,18,17,21,20,28,40,
193.000000,209.000000,0.070215,31626114.000000,0.086297,0,1
23,62,32,96,87,35,93,27,
508.000000,209.000000,0.081526,1248846208.000000,0.310991,0,1
51,43,175,44,161,255,204,255,
153.000000,210.000000,0.122637,1259367808.000000,2.905043,0,1
14,26,10,33,18,9,15,13,
381.000000,210.000000,0.074412,248159104.000000,0.164438,0,1
50,39,190,35,99,255,77,239,
432.000000,210.000000,0.077142,327285664.000000,0.189719,0,1
255,143,235,41,118,71,38,32,
536.000000,210.000000,0.082941,1646536832.000000,0.363314,0,1
220,255,98,255,183,31,173,39,
639.000000,210.000000,0.088030,350598912.000000,0.323264,0,1
24,60,30,227,136,35,251,230,
407.000000,211.000000,0.074433,277069632.000000,0.153995,0,1
105,70,253,36,173,240,44,75,
422.000000,211.000000,0.077477,561073536.000000,0.178798,0,1
255,255,212,255,193,52,174,82,
562.000000,211.000000,0.084351,1529954944.000000,0.416480,0,1
73,238,61,255,190,30,185,51,
611.000000,211.000000,0.086261,466425600.000000,0.286253,0,1
181,183,236,45,147,85,34,25,
332.000000,212.000000,0.079216,3959423.500000,0.121635,0,1
45,34,47,23,37,44,24,24,
522.000000,212.000000,0.082852,2239148032.000000,0.340269,0,1
70,140,56,232,68,48,132,60,
593.000000,213.000000,0.084888,1864183808.000000,0.478324,0,1
31,17,142,16,47,213,23,78,
661.000000,213.000000,0.089141,669414016.000000,0.353345,0,1
32,38,143,18,123,253,29,22,
377.000000,214.000000,0.074910,103061280.000000,0.175840,0,1
50,62,95,55,60,68,42,37,
461.000000,214.000000,0.078861,121687448.000000,0.448324,0,1
21,21,20,43,37,35,69,42,
106.000000,215.000000,0.060490,44101636.000000,0.170728,0,1
16,15,14,25,21,13,56,35,
625.000000,215.000000,0.087020,323211520.000000,0.304604,0,1
255,134,255,33,165,226,27,55,
633.000000,215.000000,0.086949,869117952.000000,0.313190,0,1
128,47,252,29,121,248,40,80,
35.000000,216.000000,0.056497,134252064.000000,0.146393,0,1
218,245,255,146,158,139,67,47,
38.000000,216.000000,0.060362,121153528.000000,0.155704,0,1
212,253,214,151,122,64,58,45,
106.000000,216.000000,0.059455,45903960.000000,0.172714,0,1
14,27,15,54,36,16,41,40,
108.000000,216.000000,0.060882,126110784.000000,3.180926,0,1
14,15,13,36,16,16,30,38,
476.000000,216.000000,0.079741,200368816.000000,0.258758,0,1
249,142,186,54,64,75,50,40,
516.000000,216.000000,0.081951,102588480.000000,0.327823,0,1
255,236,246,113,127,130,46,42,
543.000000,216.000000,0.085297,378862080.000000,0.389240,0,1
181,216,139,83,99,58,38,27,
552.000000,216.000000,0.083702,392757376.000000,0.396628,0,1
255,255,221,155,153,105,57,28,
594.000000,216.000000,0.085412,543394688.000000,0.484507,0,1
136,78,52,45,50,36,56,35,
618.000000,216.000000,0.086065,81723672.000000,0.293809,0,1
241,64,133,22,29,31,45,44,
627.000000,216.000000,0.086930,269715584.000000,0.306662,0,1
255,191,205,41,129,107,57,54,
659.000000,216.000000,0.090047,90842768.000000,0.355420,0,1
17,15,19,16,41,24,53,60,
61.000000,217.000000,0.058690,8805025.000000,0.140336,0,1
17,26,25,36,35,38,43,44,
77.000000,217.000000,0.060202,9135311.000000,3.391478,0,1
15,19,18,39,38,36,42,39,
120.000000,217.000000,0.062629,256408176.000000,3.008228,0,1
12,14,14,24,25,25,33,37,
141.000000,217.000000,0.061559,40939384.000000,0.159876,0,1
19,30,112,29,79,144,46,47,
558.000000,217.000000,0.085269,42715780.000000,0.416213,0,1
33,68,60,45,44,42,25,32,
634.000000,217.000000,0.087662,502599424.000000,0.317283,0,1
246,118,196,51,135,85,53,33,
188.000000,218.000000,0.062056,9716231.000000,0.093519,0,1
14,20,20,25,34,37,37,45,
191.000000,218.000000,0.066448,210869728.000000,2.391905,0,1
14,21,18,36,33,25,47,42,
216.000000,218.000000,0.066175,61462024.000000,0.481563,0,1
20,25,21,95,42,33,62,63,
229.000000,218.000000,0.067621,325596320.000000,2.070827,0,1
19,20,19,36,35,34,57,66,
240.000000,218.000000,0.068718,104715544.000000,1.996890,0,1
18,17,18,30,28,26,55,62,
243.000000,218.000000,0.069090,107268392.000000,1.975546,0,1
18,17,17,27,26,24,55,63,
277.000000,219.000000,0.071175,442720000.000000,1.725398,0,1
16,16,17,48,43,40,65,70,
281.000000,219.000000,0.071314,382974560.000000,1.697001,0,1
16,18,19,40,39,38,60,68,
291.000000,219.000000,0.071947,298608704.000000,1.629616,0,1
16,18,18,34,35,35,58,68,
297.000000,219.000000,0.072238,308911584.000000,1.587219,0,1
16,16,15,33,33,33,57,65,
317.000000,220.000000,0.074543,424072672.000000,1.466821,0,1
14,23,17,48,34,15,38,32,
339.000000,220.000000,0.074360,245245168.000000,1.310567,0,1
17,19,19,37,40,42,57,64,
343.000000,220.000000,0.074336,337974080.000000,1.282764,0,1
19,19,19,42,41,39,60,63,
578.000000,220.000000,0.099251,13178136.000000,0.540973,0,1
23,19,19,31,31,29,39,33,
358.000000,221.000000,0.075080,385420672.000000,1.192742,0,1
23,28,28,57,57,57,70,74,
364.000000,221.000000,0.075417,437878880.000000,1.158140,0,1
24,27,28,56,53,51,71,75,
369.000000,221.000000,0.075906,421732448.000000,1.130343,0,1
24,28,28,49,47,45,70,74,
379.000000,221.000000,0.076735,405714656.000000,1.074424,0,1
27,26,26,42,42,41,65,75,
392.000000,221.000000,0.077524,448380992.000000,1.000943,0,1
28,26,26,35,33,31,62,82,
153.000000,222.000000,0.118625,251416240.000000,1.821032,0,1
25,41,16,47,28,10,40,28,
330.000000,222.000000,0.076645,46265868.000000,1.396683,0,1
17,19,27,30,35,45,41,43,
401.000000,222.000000,0.077974,649554496.000000,0.952458,0,1
27,27,27,58,56,53,85,88,
405.000000,222.000000,0.078155,631134464.000000,0.930553,0,1
27,26,26,53,52,49,81,88,
415.000000,223.000000,0.078915,754433472.000000,0.880970,0,1
26,39,36,73,71,71,85,89,
430.000000,223.000000,0.079724,636418176.000000,0.804232,0,1
26,29,29,56,55,51,77,84,
432.000000,223.000000,0.079916,643025728.000000,0.794754,0,1
25,29,28,55,51,49,75,83,
310.000000,224.000000,0.073512,48090332.000000,1.502767,0,1
58,58,62,71,61,50,55,67,
458.000000,224.000000,0.081063,493672224.000000,0.673733,0,1
24,31,29,58,56,54,76,81,
463.000000,224.000000,0.081778,447205952.000000,0.653419,0,1
24,27,27,53,51,47,75,82,
493.000000,224.000000,0.080745,389770112.000000,0.387877,0,1
27,23,28,28,51,67,58,79,
499.000000,224.000000,0.078219,227775456.000000,0.288873,0,1
29,29,27,65,68,51,101,84,
531.000000,224.000000,0.084095,64440636.000000,0.365413,0,1
25,24,23,48,46,36,139,154,
153.000000,225.000000,0.118060,55106928.000000,0.272809,0,1
28,40,17,45,29,11,40,29,
251.000000,225.000000,0.076298,529697792.000000,1.559885,0,1
33,48,38,60,57,56,61,61,
254.000000,225.000000,0.076024,135994032.000000,1.536558,0,1
20,36,39,56,56,60,62,64,
426.000000,225.000000,0.079618,408910528.000000,0.829097,0,1
57,74,73,84,85,86,92,86,
448.000000,225.000000,0.080930,542736192.000000,0.723176,0,1
36,65,62,76,76,76,87,93,
458.000000,225.000000,0.080703,436958368.000000,0.674692,0,1
30,58,55,76,76,76,81,85,
476.000000,225.000000,0.082229,435479552.000000,0.441752,0,1
24,41,38,71,68,64,82,88,
492.000000,225.000000,0.081600,296453376.000000,0.292841,0,1
23,28,51,50,58,95,70,76,
503.000000,225.000000,0.081618,110192608.000000,0.173151,0,1
24,35,47,79,50,107,73,79,
504.000000,225.000000,0.081466,115924352.000000,0.173645,0,1
25,31,69,55,73,121,69,79,
532.000000,225.000000,0.082489,227843360.000000,0.359547,0,1
23,46,36,139,133,60,154,78,
304.000000,226.000000,0.080122,6690333.000000,0.668733,0,1
63,78,78,74,66,55,55,71,
484.000000,226.000000,0.084048,413769312.000000,0.579185,0,1
30,49,31,66,47,30,66,73,
520.000000,226.000000,0.085411,325366400.000000,0.463842,0,1
19,27,26,50,48,46,69,75,
143.000000,227.000000,0.072958,82543872.000000,2.973381,0,1
53,53,56,49,49,48,44,46,
603.000000,227.000000,0.086445,957367232.000000,0.512668,0,1
19,17,48,18,76,176,35,63,
592.000000,228.000000,0.089995,90709072.000000,0.514362,0,1
13,19,18,41,39,37,62,65,
598.000000,228.000000,0.090166,141924384.000000,0.527932,0,1
14,18,18,36,35,34,61,69,
624.000000,228.000000,0.087238,249813264.000000,0.306878,0,1
22,114,34,219,146,34,112,79,
648.000000,228.000000,0.089509,53064240.000000,0.342543,0,1
22,63,53,190,183,144,220,90,
188.000000,230.000000,0.116397,166834080.000000,0.876217,0,1
43,34,50,26,47,56,33,39,
195.000000,230.000000,0.072352,63538024.000000,1.117090,0,1
55,61,61,55,52,52,48,47,
206.000000,231.000000,0.074109,7384972.500000,0.134831,0,1
68,66,81,67,78,91,74,77,
343.000000,231.000000,0.076900,7270588.500000,0.115891,0,1
77,97,74,103,84,68,97,88,
412.000000,231.000000,0.088056,100245576.000000,0.728620,0,1
123,115,106,102,90,87,81,81,
211.000000,232.000000,0.065169,1720380160.000000,1.697202,0,1
79,91,73,87,76,62,73,70,
223.000000,232.000000,0.081445,13349314.000000,0.562567,0,1
77,70,76,63,66,69,58,60,
232.000000,232.000000,0.082336,4142424.500000,0.124082,0,1
84,84,73,75,74,62,69,65,
283.000000,232.000000,0.094087,7596089.500000,0.905350,0,1
76,79,72,75,67,59,63,61,
315.000000,232.000000,0.070965,1053812672.000000,1.115999,0,1
63,70,58,72,68,52,74,67,
383.000000,232.000000,0.072761,17808398.000000,0.189174,0,1
81,74,87,70,87,95,72,76,
403.000000,232.000000,0.085048,24026500.000000,0.386847,0,1
89,92,94,98,104,108,108,105,
378.000000,234.000000,0.086492,35651784.000000,1.164527,0,1
77,86,74,90,82,70,84,77,
404.000000,234.000000,0.093001,68093096.000000,1.050967,0,1
105,109,103,107,100,85,92,84,
405.000000,234.000000,0.092256,78429320.000000,1.040601,0,1
108,107,96,105,92,82,88,85,
654.000000,234.000000,0.096421,119754544.000000,0.452402,0,1
66,68,66,78,82,81,84,94,
88.000000,235.000000,0.065007,366733952.000000,3.455511,0,1
39,48,37,54,44,33,43,34,
188.000000,235.000000,0.115309,552196864.000000,1.556342,0,1
38,29,42,24,36,44,27,34,
527.000000,235.000000,0.096575,110584936.000000,0.425675,0,1
113,112,94,108,94,85,93,80,
70.000000,236.000000,0.063500,8523950.000000,3.615271,0,1
46,43,47,39,42,45,38,37,
128.000000,236.000000,0.077622,206663568.000000,3.258894,0,1
50,49,48,42,44,40,39,37,
279.000000,236.000000,0.089908,6517897.000000,0.135493,0,1
64,62,64,63,75,82,81,82,
207.000000,237.000000,0.073825,4236398.000000,0.127682,0,1
96,97,90,78,74,72,62,68,
392.000000,237.000000,0.079211,138957440.000000,1.056593,0,1
73,71,79,71,81,92,83,84,
502.000000,237.000000,0.080329,15146564.000000,0.307781,0,1
94,103,93,112,101,88,106,95,
467.000000,238.000000,0.096968,36693892.000000,0.747854,0,1
85,81,85,72,72,74,68,68,
468.000000,238.000000,0.097285,38904564.000000,0.743671,0,1
86,84,84,72,73,76,68,69,
661.000000,238.000000,0.100482,99496544.000000,0.588653,0,1
71,89,74,103,88,76,103,99,
346.000000,239.000000,0.073507,15798570.000000,0.249551,0,1
69,78,62,84,70,58,76,64,
536.000000,239.000000,0.085954,41342524.000000,0.389693,0,1
93,100,88,99,90,80,87,78,
38.000000,240.000000,0.061638,1815184.250000,4.333171,0,1
41,51,44,49,44,35,40,38,
102.000000,240.000000,0.062478,2854143.000000,0.168118,0,1
40,35,39,36,43,45,43,41,
233.000000,240.000000,0.069722,4598462.500000,0.114550,0,1
61,72,58,77,63,53,64,52,
256.000000,240.000000,0.096067,42818776.000000,2.210852,0,1
59,59,59,53,57,55,50,46,
143.000000,241.000000,0.064555,11298266.000000,0.099206,0,1
54,49,57,47,58,67,61,75,
144.000000,241.000000,0.070237,9921746.000000,0.105860,0,1
57,52,58,52,66,62,72,85,
341.000000,241.000000,0.072086,252622656.000000,0.526761,0,1
95,86,90,71,79,76,68,62,
247.000000,242.000000,0.097101,27458586.000000,2.280860,0,1
51,50,52,46,43,45,36,39,
297.000000,242.000000,0.069617,5005075.000000,0.110217,0,1
55,69,56,65,59,47,58,66,
521.000000,242.000000,0.103100,122684992.000000,0.586984,0,1
94,94,86,90,86,73,81,69,
229.000000,243.000000,0.097234,34997808.000000,2.467610,0,1
72,66,62,56,55,52,51,47,
385.000000,243.000000,0.098308,42030804.000000,0.505228,0,1
81,80,78,77,74,67,66,61,
143.000000,244.000000,0.063803,7885001.000000,0.168610,0,1
72,64,85,49,62,64,49,49,
205.000000,244.000000,0.064869,10268232.000000,0.130048,0,1
58,49,61,45,60,74,46,46,
295.000000,244.000000,0.085651,103503184.000000,0.778907,0,1
65,59,58,58,70,66,70,76,
279.000000,245.000000,0.081345,3705343.250000,0.125733,0,1
78,74,69,66,65,55,56,48,
116.000000,246.000000,0.068194,3553427.000000,0.197424,0,1
40,41,40,42,47,43,60,57,
278.000000,246.000000,0.093000,150593184.000000,1.576257,0,1
74,66,65,56,56,52,47,50,
297.000000,246.000000,0.067160,11835122.000000,0.105311,0,1
66,76,57,76,66,51,70,60,
436.000000,246.000000,0.112601,17998262.000000,0.988043,0,1
78,78,74,90,85,71,73,72,
566.000000,246.000000,0.106282,15619487.000000,0.570579,0,1
76,70,69,61,65,64,60,59,
612.000000,246.000000,0.107511,13233741.000000,0.597808,0,1
86,84,83,83,78,76,73,69,
472.000000,247.000000,0.104567,21007960.000000,0.789625,0,1
65,75,64,93,76,64,77,67,
117.000000,248.000000,0.063899,6732568.000000,0.134006,0,1
46,61,48,58,52,41,47,36,
494.000000,248.000000,0.105970,17505734.000000,0.557420,0,1
80,84,88,75,80,82,72,73,
495.000000,248.000000,0.108882,10685998.000000,0.561082,0,1
80,87,87,77,82,83,70,75,
400.000000,249.000000,0.106849,35281216.000000,1.190598,0,1
69,65,70,70,77,81,77,83,
430.000000,249.000000,0.087545,75792408.000000,0.703786,0,1
81,83,78,76,72,71,67,64,
516.000000,249.000000,0.107813,78921312.000000,0.649857,0,1
81,81,69,83,73,62,76,61,
371.000000,250.000000,0.099626,77548200.000000,1.335910,0,1
73,71,69,65,59,58,56,54,
467.000000,250.000000,0.104439,4511638.500000,0.830292,0,1
81,83,89,67,75,77,65,62,
154.000000,251.000000,0.120736,3617677568.000000,3.547226,0,1
25,31,15,36,26,10,28,21,
507.000000,251.000000,0.113843,26288454.000000,0.693901,0,1
66,63,68,67,69,78,69,73,
100.000000,252.000000,0.082440,17820604.000000,3.712289,0,1
35,33,33,30,29,28,27,25,
152.000000,252.000000,0.122260,138350496.000000,1.096615,0,1
34,37,32,34,31,23,28,25,
154.000000,252.000000,0.120835,3219265792.000000,2.937810,0,1
26,32,16,31,23,10,25,20,
216.000000,252.000000,0.103017,63542880.000000,2.682250,0,1
37,33,34,31,31,32,29,29,
401.000000,253.000000,0.097596,10280775.000000,1.179249,0,1
82,79,78,71,72,66,64,61,
513.000000,253.000000,0.111594,79379664.000000,0.689368,0,1
78,78,69,76,70,62,67,58,
448.000000,254.000000,0.074953,8696246.000000,0.803311,0,1
66,73,64,77,68,59,73,68,
512.000000,254.000000,0.112050,63099312.000000,0.697991,0,1
78,76,70,67,67,59,65,56,
296.000000,256.000000,0.112544,600609536.000000,2.018893,0,1
61,54,58,47,49,49,45,45,
297.000000,256.000000,0.123555,30808336.000000,1.683686,0,1
62,56,55,49,49,48,45,45,
494.000000,256.000000,0.089874,104147560.000000,0.690295,0,1
74,68,80,60,66,76,63,64,
495.000000,256.000000,0.097973,9995192.000000,0.719828,0,1
81,74,84,62,72,74,66,69,
620.000000,256.000000,0.095655,7607158.500000,0.625915,0,1
68,62,66,58,61,63,56,55,
605.000000,257.000000,0.125806,2420554.250000,0.683266,0,1
75,73,74,66,68,68,61,64,
174.000000,258.000000,0.120089,146970960.000000,3.318041,0,1
14,10,16,9,14,18,10,12,
348.000000,260.000000,0.107131,27116080.000000,1.579044,0,1
51,50,50,50,47,44,43,39,
507.000000,261.000000,0.116372,12122105.000000,0.763592,0,1
64,63,61,61,58,55,55,51,
595.000000,261.000000,0.090735,34811148.000000,0.598727,0,1
58,59,59,63,63,57,71,66,
346.000000,262.000000,0.107148,19002846.000000,1.596551,0,1
50,48,43,44,41,39,38,37,
499.000000,262.000000,0.125198,15040152.000000,0.649644,0,1
59,56,62,53,61,64,60,61,
278.000000,264.000000,0.121566,11901912.000000,2.235088,0,1
40,42,41,36,36,35,34,33,
639.000000,265.000000,0.127133,6055887.500000,0.785638,0,1
59,58,64,55,62,64,53,52,
299.000000,267.000000,0.122985,43078880.000000,2.086878,0,1
44,43,41,39,43,39,42,41,
313.000000,267.000000,0.121881,9198754.000000,1.936341,0,1
44,46,45,43,44,40,41,36,
315.000000,267.000000,0.113080,10881116.000000,1.899591,0,1
41,45,40,44,40,34,37,33,
494.000000,267.000000,0.130239,13325587.000000,0.549264,0,1
50,50,55,50,56,63,52,60,
207.000000,268.000000,0.111048,21602484.000000,2.896493,0,1
28,29,30,26,27,26,22,21,
387.000000,269.000000,0.112698,11193394.000000,1.380789,0,1
51,51,50,50,48,44,46,42,
301.000000,270.000000,0.119745,20493348.000000,2.064691,0,1
40,43,37,42,35,34,33,33,
500.000000,270.000000,0.114467,21111646.000000,0.822470,0,1
62,58,56,60,54,49,56,49,
550.000000,270.000000,0.108355,8952372.000000,0.721473,0,1
59,58,58,55,56,55,49,46,
428.000000,273.000000,0.128418,12760780.000000,1.196445,0,1
54,54,54,48,51,51,43,42,
265.000000,274.000000,0.129474,4193376.500000,2.425645,0,1
29,26,25,30,29,30,36,37,
306.000000,276.000000,0.134064,11885513.000000,1.058821,0,1
37,40,39,35,36,35,27,30,
384.000000,278.000000,0.141265,10520400.000000,0.427194,0,1
38,37,41,39,43,47,46,49,
387.000000,279.000000,0.131241,23493156.000000,1.201315,0,1
44,47,43,50,41,37,42,38,
466.000000,280.000000,0.128191,8867232.000000,1.055928,0,1
46,46,50,44,49,52,43,41,
494.000000,280.000000,0.113643,10513405.000000,0.886689,0,1
51,49,52,45,45,53,39,43,
368.000000,281.000000,0.138179,6079034.500000,0.807878,0,1
35,39,40,35,38,39,31,31,
269.000000,282.000000,0.131169,2036333.625000,2.392163,0,1
34,36,39,28,29,31,25,26,
270.000000,282.000000,0.132649,6998973.500000,2.379705,0,1
34,38,39,28,30,31,26,26,
382.000000,282.000000,0.137492,24379028.000000,0.759570,0,1
48,45,45,37,38,37,33,34,
508.000000,282.000000,0.129441,9069599.000000,0.907293,0,1
53,50,49,49,47,48,47,41,
408.000000,285.000000,0.125786,3736404.750000,0.644717,0,1
41,39,40,32,34,38,31,37,
439.000000,287.000000,0.139087,38019236.000000,1.250632,0,1
46,46,46,39,40,40,35,36,
468.000000,289.000000,0.147454,9142576.000000,0.601917,0,1
48,45,46,38,40,40,30,32,
308.000000,290.000000,0.131722,11278788.000000,1.069326,0,1
38,36,38,33,35,33,31,29,
477.000000,290.000000,0.148013,40629764.000000,0.627676,0,1
46,45,47,36,40,43,27,33,
565.000000,296.000000,0.152723,4761761.500000,0.521689,0,1
43,45,46,35,38,44,31,35,
567.000000,296.000000,0.146706,3027259.500000,0.520828,0,1
42,46,46,38,44,45,32,35,
205.000000,217.000000,0.067534,65672664.000000,0.101775,0,1
19,18,20,31,79,86,61,77,
98.000000,217.000000,0.061064,5672022.000000,0.127514,0,1
14,16,17,31,32,34,38,39,
513.000000,214.000000,0.080934,292073472.000000,0.317860,0,1
255,229,255,70,154,255,122,109,
35.000000,213.000000,0.057023,46380240.000000,0.147375,0,1
24,27,28,53,50,39,211,255,
526.000000,200.000000,0.084028,941450368.000000,0.348877,0,1
168,57,184,52,109,251,54,41,
511.000000,200.000000,0.081061,703270464.000000,0.311054,0,1
32,39,36,57,143,66,187,255,
226.000000,199.000000,0.065991,124080288.000000,0.099450,0,1
255,210,253,86,133,244,40,35,
509.000000,197.000000,0.081814,1272964480.000000,0.310362,0,1
191,255,108,252,167,41,138,44,
562.000000,194.000000,0.083709,757162368.000000,0.408727,0,1
230,126,255,31,151,238,35,72,
567.000000,192.000000,0.085884,180543136.000000,0.429774,0,1
39,102,47,218,166,92,255,253,
342.000000,192.000000,0.070287,23952562.000000,0.105924,0,1
24,51,28,203,177,52,255,255,
339.000000,192.000000,0.075147,49947860.000000,0.113248,0,1
23,29,52,96,177,205,232,255,
398.000000,186.000000,0.075297,331357056.000000,0.135862,0,1
32,39,114,43,202,255,205,194,
36.000000,105.000000,0.153460,28427086.000000,0.442291,0,1
85,74,73,37,39,38,16,13,
539.000000,184.000000,0.082107,368143488.000000,0.198652,0,1
244,175,247,31,155,248,32,28,
32.000000,108.000000,0.147305,27053224.000000,5.522736,0,1
16,13,13,13,13,12,12,12,
474.000000,178.000000,0.078068,298684992.000000,0.239512,0,1
30,29,105,31,104,246,133,240,
202.000000,172.000000,0.066835,30976400.000000,0.100721,0,1
148,145,138,89,109,96,39,22,
557.000000,128.000000,0.083413,612674496.000000,0.396369,0,1
235,158,255,39,181,255,42,39,
477.000000,162.000000,0.080598,560127040.000000,0.250959,0,1
158,223,69,174,97,27,59,26,
476.000000,162.000000,0.080850,367488544.000000,0.250349,0,1
207,232,159,175,151,45,72,29,
452.000000,132.000000,0.075903,201730736.000000,0.202045,0,1
250,211,253,29,173,223,26,24,
449.000000,160.000000,0.079184,229963040.000000,0.206070,0,1
235,156,201,38,123,62,30,23,
269.000000,134.000000,0.075427,58813192.000000,0.113930,0,1
23,24,26,26,39,48,94,228,
498.000000,156.000000,0.080833,447501376.000000,0.283603,0,1
45,144,48,221,171,40,238,216,
495.000000,134.000000,0.075447,75034224.000000,0.144541,0,1
255,172,254,37,168,255,33,29,
462.000000,154.000000,0.080541,311744416.000000,0.228505,0,1
22,25,68,26,123,226,129,234,
496.000000,135.000000,0.076528,84837272.000000,0.147312,0,1
254,168,255,33,138,149,29,23,
531.000000,152.000000,0.084138,1240550016.000000,0.352109,0,1
29,102,28,233,87,24,228,134,
462.000000,138.000000,0.079345,270066912.000000,0.225590,0,1
243,176,195,50,129,81,31,21,
620.000000,147.000000,0.087086,109882592.000000,0.294464,0,1
255,250,255,131,219,223,45,29,
611.000000,216.000000,0.087525,3065333.750000,0.291608,0,1
21,18,18,25,24,22,48,42,
470.000000,144.000000,0.080449,1017833984.000000,0.240227,0,1
52,37,211,23,188,254,71,182,
431.000000,209.000000,0.077021,409637024.000000,0.187733,0,1
211,79,255,37,143,235,41,38,
497.000000,208.000000,0.081381,641103232.000000,0.293075,0,1
245,69,255,36,195,255,38,38,
393.000000,207.000000,0.073985,220171680.000000,0.139888,0,1
40,77,45,209,172,42,234,214,
496.000000,205.000000,0.080079,550515968.000000,0.285365,0,1
255,142,255,44,161,255,43,69,
423.000000,205.000000,0.075332,80417312.000000,0.171979,0,1
43,86,44,222,130,43,255,255,
471.000000,203.000000,0.079397,989830656.000000,0.245823,0,1
220,255,98,255,176,39,144,43,
456.000000,198.000000,0.078181,1309716096.000000,0.219527,0,1
76,54,226,37,209,243,126,220,
405.000000,198.000000,0.076922,353150880.000000,0.151669,0,1
255,255,240,255,150,91,189,56,
456.000000,197.000000,0.078028,1015276544.000000,0.218745,0,1
47,55,154,36,135,240,94,229,
491.000000,193.000000,0.080719,808746816.000000,0.277073,0,1
159,51,255,43,124,255,41,69,
405.000000,146.000000,0.076633,266769712.000000,0.257594,0,1
31,37,80,39,137,202,131,209,
441.000000,187.000000,0.075691,70440792.000000,0.189431,0,1
255,207,255,62,148,255,48,42,
364.000000,186.000000,0.073967,114381760.000000,0.111470,0,1
22,25,24,31,104,29,163,159,
437.000000,185.000000,0.076638,346182528.000000,0.186424,0,1
221,140,255,36,176,255,38,38,
278.000000,185.000000,0.069614,153763904.000000,0.331312,0,1
21,27,23,65,112,32,217,255,
349.000000,182.000000,0.073634,79011920.000000,0.189604,0,1
40,54,93,150,162,217,213,254,
380.000000,179.000000,0.072898,134017832.000000,0.128354,0,1
35,34,134,38,138,205,194,255,
107.000000,179.000000,0.060545,2711092480.000000,2.384228,0,1
18,18,21,19,25,38,29,67,
420.000000,149.000000,0.077907,447977184.000000,0.163733,0,1
220,213,117,229,133,34,172,57,
308.000000,171.000000,0.071732,90840992.000000,0.265997,0,1
231,141,189,59,84,81,27,20,
455.000000,168.000000,0.079824,350261312.000000,0.216986,0,1
183,77,178,44,130,155,50,31,
427.000000,166.000000,0.074993,409965632.000000,0.491047,0,1
189,163,180,84,116,166,40,58,
381.000000,164.000000,0.074694,2204233728.000000,0.712035,0,1
142,167,86,136,87,30,45,28,
485.000000,128.000000,0.079475,651504448.000000,0.260881,0,1
29,34,116,21,146,255,39,68,
360.000000,136.000000,0.074447,123808016.000000,0.158335,0,1
248,189,254,47,172,253,36,30,
422.000000,163.000000,0.075993,386382656.000000,0.210355,0,1
33,41,96,46,130,179,138,144,
461.000000,162.000000,0.079533,818469760.000000,0.224106,0,1
160,91,201,32,148,222,66,147,
477.000000,161.000000,0.080585,602596096.000000,0.250863,0,1
102,207,69,232,159,31,151,42,
438.000000,161.000000,0.079024,720331200.000000,0.190580,0,1
87,168,48,149,135,26,159,81,
431.000000,132.000000,0.082208,298443712.000000,0.191038,0,1
229,255,148,255,178,29,221,59,
375.000000,160.000000,0.075732,40840308.000000,0.352882,0,1
32,44,78,74,151,163,172,199,
451.000000,159.000000,0.079030,397082976.000000,0.208352,0,1
209,242,74,207,131,25,110,29,
397.000000,158.000000,0.074446,443086656.000000,0.278613,0,1
30,32,79,30,88,164,73,166,
474.000000,135.000000,0.080759,816388096.000000,0.248089,0,1
194,42,255,22,165,245,32,60,
391.000000,135.000000,0.077437,125716992.000000,0.127843,0,1
255,188,255,40,160,233,34,29,
