# timestamp
1608635110831756544

# fx, fy, cx, cy, width, height, npoints
501.476715,501.475830,421.799896,167.658569,800,400,535

# camToWorld: translation vector, rotation quaternion
-11.134437,48.340167,0.476080,-0.688195,0.234450,-0.199179,0.657076

# Exposure time (ms)
18.477751

# Point Cloud Data : 
# u,v,idepth_scaled,idepth_hessian,maxRelBaseline,numGoodRes,status 
# color information 
726.000000,38.000000,0.266950,994653.375000,0.992876,0,1
6,6,7,8,9,10,16,21,
730.000000,38.000000,0.269838,1069903.500000,1.011149,0,1
6,7,9,10,13,16,21,20,
729.000000,62.000000,0.236128,917285760.000000,1.348144,0,1
24,34,82,24,37,131,18,29,
671.000000,109.000000,0.214160,103294000.000000,0.666478,0,1
207,207,160,185,143,72,99,34,
389.000000,136.000000,0.269951,12874289.000000,0.406820,0,1
45,30,64,26,45,70,28,36,
613.000000,181.000000,0.192860,851131008.000000,1.334460,0,1
31,74,25,93,59,21,91,63,
609.000000,256.000000,0.191561,320146624.000000,1.473763,0,1
33,36,30,98,79,61,131,153,
739.000000,274.000000,0.209617,107036160.000000,0.900515,0,1
36,38,46,43,57,73,62,68,
477.000000,30.000000,0.337762,2642800.000000,0.905262,0,1
8,10,9,16,14,12,20,20,
481.000000,31.000000,0.337061,3291930.750000,0.914867,0,1
9,12,10,18,16,15,21,21,
509.000000,35.000000,0.321291,3263356.750000,1.018983,0,1
9,12,11,18,16,13,22,22,
719.000000,40.000000,0.269769,2440723.250000,1.432388,0,1
6,8,10,12,15,18,23,22,
720.000000,40.000000,0.271135,2475134.500000,1.441024,0,1
7,9,11,13,17,19,24,22,
699.000000,49.000000,0.229531,18373988.000000,0.817399,0,1
25,25,38,18,33,46,22,21,
699.000000,50.000000,0.229653,23304132.000000,1.208317,0,1
30,24,42,15,29,35,18,17,
729.000000,58.000000,0.239625,96289096.000000,7.304439,0,1
12,12,18,11,14,55,13,24,
691.000000,70.000000,0.222342,272278080.000000,1.121647,0,1
23,32,14,40,16,10,19,13,
709.000000,89.000000,0.230269,64571892.000000,0.419139,0,1
19,23,62,28,103,211,145,255,
680.000000,95.000000,0.219065,382593664.000000,0.708016,0,1
27,41,24,78,32,21,51,34,
680.000000,100.000000,0.217869,379339616.000000,1.026895,0,1
32,41,26,76,31,24,42,28,
699.000000,109.000000,0.225405,2076271232.000000,2.298049,0,1
57,36,90,25,56,153,36,60,
690.000000,156.000000,0.221474,391386496.000000,1.067832,0,1
19,71,32,122,63,20,32,10,
729.000000,170.000000,0.233731,559359104.000000,2.661223,0,1
21,12,60,10,15,48,11,11,
679.000000,187.000000,0.217088,1503516032.000000,2.050639,0,1
23,15,50,13,33,110,14,23,
679.000000,190.000000,0.217495,1146654336.000000,2.055655,0,1
24,14,40,13,20,62,14,15,
679.000000,206.000000,0.214633,5333084.000000,0.706786,0,1
13,20,19,37,36,47,37,15,
700.000000,210.000000,0.223649,108240240.000000,0.337164,0,1
88,144,107,165,87,86,79,56,
710.000000,210.000000,0.209006,183506816.000000,1.162668,0,1
214,162,147,122,120,120,105,97,
727.000000,212.000000,0.231905,1619828480.000000,2.675071,0,1
97,118,74,126,80,35,105,85,
730.000000,212.000000,0.230534,1123230464.000000,2.704431,0,1
32,56,36,53,25,18,34,23,
694.000000,234.000000,0.218482,7704396.500000,2.300523,0,1
14,22,30,12,18,26,9,8,
698.000000,255.000000,0.220250,108710672.000000,1.213973,0,1
11,25,13,51,35,14,53,43,
700.000000,258.000000,0.221193,225172896.000000,2.429702,0,1
19,31,13,43,21,10,30,20,
680.000000,269.000000,0.218802,113968032.000000,2.247668,0,1
11,11,11,31,18,11,65,75,
722.000000,278.000000,0.233441,72361672.000000,1.407331,0,1
15,22,16,67,53,38,91,103,
714.000000,284.000000,0.235554,11355740.000000,0.363502,0,1
149,144,150,57,87,116,26,19,
680.000000,57.000000,0.218781,305638176.000000,0.735726,0,1
30,51,38,111,81,51,156,182,
434.000000,232.000000,0.174393,111579656.000000,0.352259,0,1
107,85,102,44,63,88,42,46,
340.000000,216.000000,0.063781,89820864.000000,0.315917,0,1
16,19,18,24,23,20,28,32,
620.000000,99.000000,0.194430,903793344.000000,3.877036,0,1
26,40,24,85,34,23,65,39,
666.000000,109.000000,0.211813,392211008.000000,0.648752,0,1
193,126,206,49,133,182,42,31,
520.000000,37.000000,0.317157,6289579.500000,1.070799,0,1
10,14,12,20,18,16,24,23,
536.000000,39.000000,0.307925,6037895.500000,1.157059,0,1
10,11,10,18,16,14,23,24,
469.000000,44.000000,0.156361,3161991.250000,0.338136,0,1
22,21,24,24,31,43,41,50,
577.000000,46.000000,0.285533,8777854.000000,1.409194,0,1
11,17,15,24,24,22,27,28,
382.000000,49.000000,0.140000,37655820.000000,0.212931,0,1
20,24,22,27,27,25,40,84,
399.000000,49.000000,0.149112,42890452.000000,0.224992,0,1
21,22,21,25,26,26,52,99,
404.000000,49.000000,0.150976,42158868.000000,0.228256,0,1
20,22,22,26,28,28,59,98,
410.000000,49.000000,0.165338,10560798.000000,0.252016,0,1
20,22,21,27,24,21,47,24,
449.000000,49.000000,0.151116,4271329.500000,0.284022,0,1
23,23,24,23,24,32,34,57,
457.000000,49.000000,0.144951,51941664.000000,0.283079,0,1
28,43,51,65,69,57,83,115,
523.000000,49.000000,0.296242,1812595.375000,1.001736,0,1
25,24,25,15,18,20,14,15,
595.000000,49.000000,0.272769,8838490.000000,0.838691,0,1
12,19,17,27,26,25,30,31,
600.000000,49.000000,0.270029,10273743.000000,0.856096,0,1
11,14,13,25,20,19,30,32,
500.000000,50.000000,0.180818,23383276.000000,0.468092,0,1
99,72,53,34,23,18,17,15,
605.000000,50.000000,0.266414,13646833.000000,0.869344,0,1
12,17,15,28,25,22,32,33,
365.000000,51.000000,0.134460,33089176.000000,0.203802,0,1
19,21,25,26,44,54,49,73,
486.000000,52.000000,0.172237,37705660.000000,0.406403,0,1
121,116,104,92,65,42,35,18,
454.000000,53.000000,0.141768,75954400.000000,0.266362,0,1
71,47,140,34,125,252,93,146,
445.000000,54.000000,0.139800,123063728.000000,0.247018,0,1
55,96,72,201,210,47,254,187,
568.000000,55.000000,0.272061,4644867.500000,1.276693,0,1
31,30,31,22,24,26,20,20,
579.000000,56.000000,0.268965,6308526.000000,1.360728,0,1
33,32,34,26,28,30,22,20,
587.000000,57.000000,0.273012,3833123.250000,1.434417,0,1
34,34,34,27,29,31,22,21,
590.000000,57.000000,0.261479,5780583.500000,1.149732,0,1
33,34,34,31,31,32,23,21,
359.000000,58.000000,0.131527,4044715.250000,0.402005,0,1
21,17,25,12,15,20,11,9,
419.000000,59.000000,0.130972,64512408.000000,0.200142,0,1
22,31,52,39,59,149,45,75,
434.000000,59.000000,0.145429,20531694.000000,0.235528,0,1
22,24,43,49,75,101,98,99,
404.000000,60.000000,0.131907,75869536.000000,0.198786,0,1
59,30,75,18,56,69,28,53,
451.000000,60.000000,0.157468,28118456.000000,0.287648,0,1
107,101,97,84,66,42,31,17,
660.000000,60.000000,0.213467,323727328.000000,0.623432,0,1
45,82,43,120,63,48,105,141,
387.000000,61.000000,0.126210,44710616.000000,0.199716,0,1
51,66,30,71,50,18,60,48,
448.000000,61.000000,0.155164,29263308.000000,0.275983,0,1
104,94,84,68,44,31,24,16,
621.000000,62.000000,0.205736,207211056.000000,0.935379,0,1
43,53,45,75,54,34,49,25,
439.000000,63.000000,0.150595,26358972.000000,0.248608,0,1
95,87,79,63,46,33,25,16,
365.000000,64.000000,0.131119,69928768.000000,0.231468,0,1
54,24,73,14,47,73,19,36,
108.000000,65.000000,0.150430,46495592.000000,1.119118,0,1
25,27,27,33,32,32,42,47,
117.000000,66.000000,0.168224,26347052.000000,1.236401,0,1
27,30,29,41,41,40,51,51,
357.000000,66.000000,0.129869,4231529.000000,0.387491,0,1
15,24,14,26,22,13,28,25,
128.000000,67.000000,0.167506,31276680.000000,1.197560,0,1
30,36,35,49,48,47,56,53,
136.000000,67.000000,0.164192,130717272.000000,1.153306,0,1
30,32,32,44,44,42,54,55,
140.000000,67.000000,0.173745,295394816.000000,1.283262,0,1
30,32,33,42,41,41,53,56,
548.000000,67.000000,0.181973,3307014.000000,0.580326,0,1
22,23,22,25,27,31,38,38,
205.000000,69.000000,0.173412,135644880.000000,1.071281,0,1
23,26,24,37,35,31,63,151,
538.000000,69.000000,0.187499,6012480.000000,0.571944,0,1
25,26,26,33,35,37,42,42,
406.000000,70.000000,0.134326,18229522.000000,0.280815,0,1
49,39,45,31,30,30,21,15,
410.000000,70.000000,0.136512,23435186.000000,0.276731,0,1
55,42,38,30,25,20,17,14,
639.000000,70.000000,0.206413,36061512.000000,0.598677,0,1
25,28,51,39,79,136,114,177,
394.000000,73.000000,0.132117,9950129.000000,0.199102,0,1
44,42,38,34,31,24,21,14,
290.000000,76.000000,0.138577,54348360.000000,0.373296,0,1
26,43,36,121,104,90,166,160,
380.000000,77.000000,0.131815,89748304.000000,0.315613,0,1
71,63,58,45,32,23,18,13,
310.000000,78.000000,0.102307,84088904.000000,0.154561,0,1
24,58,22,106,37,21,93,41,
333.000000,78.000000,0.133531,39974772.000000,0.103318,0,1
20,39,35,55,119,56,190,232,
44.000000,79.000000,0.121658,10613586.000000,1.164666,0,1
31,26,35,23,31,38,26,30,
369.000000,79.000000,0.127455,65743956.000000,0.330395,0,1
72,68,64,63,52,35,47,23,
477.000000,79.000000,0.166700,88035464.000000,0.442983,0,1
33,35,35,38,40,44,49,64,
484.000000,79.000000,0.166674,81916184.000000,0.472953,0,1
31,36,38,46,46,47,53,61,
530.000000,79.000000,0.166740,941299840.000000,0.466641,0,1
71,182,53,254,97,65,202,187,
521.000000,80.000000,0.162507,856324608.000000,0.430056,0,1
219,103,255,66,176,255,84,166,
551.000000,80.000000,0.172020,1010819584.000000,0.539007,0,1
100,246,68,255,193,48,250,192,
629.000000,80.000000,0.199464,866219648.000000,0.913419,0,1
44,37,85,35,58,109,42,53,
340.000000,82.000000,0.105672,26775380.000000,0.073892,0,1
141,113,249,60,158,124,66,58,
536.000000,82.000000,0.168434,412427136.000000,0.485424,0,1
66,96,168,159,217,255,175,249,
107.000000,83.000000,0.042591,6610020.500000,0.099493,0,1
51,60,57,75,75,72,90,89,
122.000000,84.000000,0.045805,4142566.000000,0.101464,0,1
58,65,65,82,81,81,92,89,
332.000000,84.000000,0.106815,101536792.000000,0.160972,0,1
159,70,184,42,102,88,47,44,
441.000000,86.000000,0.151810,34678756.000000,0.287857,0,1
19,21,22,24,28,31,34,41,
512.000000,87.000000,0.160295,499768608.000000,0.397201,0,1
66,57,198,50,164,255,98,222,
457.000000,88.000000,0.141033,58642680.000000,0.216242,0,1
86,69,192,39,104,109,39,38,
47.000000,89.000000,0.055514,40624408.000000,0.158515,0,1
45,40,50,33,45,51,38,41,
327.000000,89.000000,0.106044,37249400.000000,0.440039,0,1
42,44,38,47,38,29,32,19,
509.000000,89.000000,0.160601,329986528.000000,0.554261,0,1
44,42,52,40,46,123,43,49,
550.000000,90.000000,0.169371,222882880.000000,0.824216,0,1
95,102,43,81,44,37,43,37,
659.000000,90.000000,0.208356,809042240.000000,0.633174,0,1
197,87,175,33,78,175,34,36,
321.000000,91.000000,0.107307,66170268.000000,0.459014,0,1
54,49,48,41,38,30,24,14,
470.000000,91.000000,0.141274,159296704.000000,0.212902,0,1
90,71,225,65,161,255,124,249,
303.000000,92.000000,0.095792,38273904.000000,0.067230,0,1
255,254,239,187,161,132,115,96,
319.000000,92.000000,0.107432,55473904.000000,0.464362,0,1
47,43,40,36,28,21,25,19,
543.000000,92.000000,0.171436,217106240.000000,0.508000,0,1
255,254,160,255,147,60,165,63,
632.000000,92.000000,0.205242,86852344.000000,1.574230,0,1
33,25,44,23,35,45,23,24,
675.000000,92.000000,0.217121,789807040.000000,0.655003,0,1
103,187,84,252,172,69,254,242,
369.000000,93.000000,0.124801,15044128.000000,0.339348,0,1
22,28,17,31,22,14,27,22,
183.000000,94.000000,0.048332,103970624.000000,0.080389,0,1
173,214,140,244,178,134,221,182,
37.000000,96.000000,0.110672,3267232.500000,0.343845,0,1
26,29,29,37,40,34,51,54,
422.000000,97.000000,0.130097,77122448.000000,0.192331,0,1
35,87,47,179,176,38,255,238,
61.000000,99.000000,0.048659,37356008.000000,0.131687,0,1
76,63,69,59,67,73,70,149,
465.000000,99.000000,0.142205,312351360.000000,0.245446,0,1
122,105,236,67,146,255,90,134,
487.000000,99.000000,0.150054,232921280.000000,0.306835,0,1
252,251,162,253,142,68,175,74,
539.000000,99.000000,0.169629,301467296.000000,0.282699,0,1
255,255,170,255,248,73,255,228,
39.000000,100.000000,0.120512,1792027.500000,0.280427,0,1
46,52,39,55,46,33,52,47,
90.000000,101.000000,0.034890,19789290.000000,0.084645,0,1
126,136,144,188,193,203,239,255,
292.000000,101.000000,0.091694,14545193.000000,0.138560,0,1
47,154,112,49,68,124,44,42,
578.000000,101.000000,0.184489,183082560.000000,1.043136,0,1
61,48,75,45,60,83,51,54,
305.000000,102.000000,0.097308,13723310.000000,0.146645,0,1
33,40,35,120,76,46,79,45,
519.000000,102.000000,0.159833,156636784.000000,0.403562,0,1
255,239,254,74,179,227,62,54,
207.000000,104.000000,0.039110,225873472.000000,0.186310,0,1
155,149,173,103,144,142,116,132,
589.000000,105.000000,0.186980,136377776.000000,0.699990,0,1
255,203,223,64,115,107,40,34,
507.000000,108.000000,0.157297,382417152.000000,0.365354,0,1
54,126,58,250,154,53,255,238,
556.000000,108.000000,0.174149,115247712.000000,0.314367,0,1
63,108,68,216,163,69,255,255,
61.000000,109.000000,0.054788,969148032.000000,0.148604,0,1
192,135,254,92,171,250,110,128,
339.000000,109.000000,0.104731,13897198.000000,0.157831,0,1
123,119,187,83,104,169,63,56,
499.000000,109.000000,0.156636,168672832.000000,0.437721,0,1
41,42,52,44,51,170,52,148,
560.000000,109.000000,0.173513,315906272.000000,0.421735,0,1
44,54,45,103,53,46,84,68,
47.000000,110.000000,0.083354,10190982.000000,0.243003,0,1
45,53,43,59,49,41,56,52,
550.000000,110.000000,0.172761,239307360.000000,0.302025,0,1
63,61,208,58,201,255,176,255,
310.000000,111.000000,0.103392,66051952.000000,0.459300,0,1
27,37,27,66,55,25,85,82,
499.000000,111.000000,0.154878,296377696.000000,0.339332,0,1
51,52,169,57,148,255,123,246,
302.000000,112.000000,0.098610,11146776.000000,0.053963,0,1
35,47,51,91,103,133,101,88,
247.000000,115.000000,0.072312,54696096.000000,0.503643,0,1
64,68,61,97,76,66,78,61,
511.000000,116.000000,0.158515,129901632.000000,0.375131,0,1
61,71,120,89,170,254,200,255,
445.000000,117.000000,0.134426,82636720.000000,0.202582,0,1
204,244,117,140,120,39,44,33,
640.000000,117.000000,0.205725,375124736.000000,0.565809,0,1
143,209,87,192,122,45,145,72,
344.000000,119.000000,0.130049,3538809.000000,0.035747,0,1
179,156,165,201,69,135,91,45,
580.000000,120.000000,0.185473,176091456.000000,0.377138,0,1
71,133,37,134,42,30,38,31,
640.000000,120.000000,0.203961,351920992.000000,0.563499,0,1
93,130,47,144,51,34,55,33,
285.000000,121.000000,0.092164,57894584.000000,0.221558,0,1
116,159,74,160,115,75,149,111,
459.000000,121.000000,0.139468,152156960.000000,0.211403,0,1
133,235,66,255,179,67,253,255,
470.000000,121.000000,0.144063,358253216.000000,0.248954,0,1
56,202,47,255,148,40,255,211,
486.000000,121.000000,0.150084,157472336.000000,0.295410,0,1
252,255,137,255,178,48,122,45,
399.000000,122.000000,0.115848,169982880.000000,0.174689,0,1
93,118,48,177,113,30,166,112,
339.000000,125.000000,0.033460,79360.265625,0.029159,0,1
80,71,105,65,83,170,74,86,
350.000000,125.000000,0.093338,730508864.000000,0.298001,0,1
55,76,46,157,55,37,89,55,
251.000000,126.000000,0.074963,21798402.000000,0.073211,0,1
107,83,133,56,103,129,73,95,
148.000000,130.000000,0.059227,14730630.000000,0.115234,0,1
242,240,250,210,229,237,205,217,
299.000000,131.000000,0.057467,2068798.750000,0.029981,0,1
139,139,116,134,137,101,124,115,
449.000000,132.000000,0.133601,146681488.000000,0.187185,0,1
208,123,251,38,158,255,40,35,
273.000000,133.000000,0.054054,86482888.000000,0.172202,0,1
123,108,141,106,121,147,98,110,
129.000000,134.000000,0.063052,7278662.000000,0.134055,0,1
134,132,139,122,128,138,116,115,
305.000000,134.000000,0.062049,1865919.500000,0.036541,0,1
192,181,197,138,176,189,141,152,
342.000000,134.000000,0.195003,89026.421875,0.028562,0,1
109,124,44,81,94,46,97,70,
397.000000,134.000000,0.114179,30073466.000000,0.170708,0,1
178,147,175,79,116,162,66,66,
458.000000,135.000000,0.137317,127710352.000000,0.209820,0,1
255,191,254,48,161,242,48,63,
419.000000,136.000000,0.127921,96004192.000000,0.196209,0,1
81,61,108,60,80,156,71,100,
392.000000,140.000000,0.120172,21929746.000000,0.191669,0,1
107,53,81,33,36,40,28,29,
400.000000,140.000000,0.122892,30050274.000000,0.545318,0,1
82,63,47,38,35,32,32,31,
285.000000,141.000000,0.098284,82856944.000000,0.148983,0,1
93,134,60,144,101,79,132,97,
160.000000,145.000000,0.070469,9879252.000000,0.109679,0,1
255,247,254,223,237,253,220,230,
150.000000,146.000000,0.067472,199361920.000000,0.562188,0,1
209,195,214,172,191,197,169,169,
260.000000,149.000000,0.089640,608011648.000000,0.549264,0,1
188,220,193,140,219,200,88,58,
290.000000,149.000000,0.094694,10383481.000000,0.178097,0,1
137,131,127,90,121,125,100,122,
149.000000,150.000000,0.073428,300623072.000000,0.603904,0,1
167,160,168,150,157,168,145,150,
312.000000,150.000000,0.113823,13453639.000000,0.080689,0,1
42,79,32,95,51,27,81,52,
335.000000,151.000000,0.086178,379702.156250,0.012092,0,1
124,70,109,28,109,65,34,29,
347.000000,152.000000,0.090894,53695744.000000,0.299840,0,1
23,32,29,84,89,58,115,113,
159.000000,153.000000,0.072151,685374208.000000,0.592877,0,1
206,187,202,165,187,200,162,162,
420.000000,153.000000,0.125557,6599899.000000,0.189217,0,1
21,25,25,30,37,35,42,46,
439.000000,153.000000,0.133442,251650960.000000,0.911624,0,1
24,26,33,56,62,135,70,90,
490.000000,155.000000,0.152647,91020296.000000,0.232771,0,1
112,205,110,170,76,36,43,27,
294.000000,157.000000,0.093549,19303432.000000,0.141712,0,1
170,155,174,85,129,171,87,95,
368.000000,157.000000,0.130068,45540056.000000,0.314899,0,1
37,26,42,23,37,45,26,38,
128.000000,158.000000,0.063534,7143216.000000,0.136302,0,1
100,93,101,84,93,101,83,85,
469.000000,158.000000,0.141971,221356800.000000,0.241707,0,1
37,41,67,49,99,224,148,255,
418.000000,159.000000,0.125094,26777366.000000,0.130162,0,1
34,36,42,68,70,34,124,33,
368.000000,160.000000,0.130395,55293516.000000,0.320518,0,1
37,26,47,24,38,49,27,39,
343.000000,162.000000,0.114973,19215618.000000,0.173266,0,1
44,30,90,30,55,115,32,57,
337.000000,163.000000,0.125960,18495244.000000,0.189824,0,1
35,29,43,25,35,48,28,35,
291.000000,165.000000,0.104833,90155888.000000,0.273667,0,1
131,119,135,40,85,128,33,30,
570.000000,166.000000,0.180264,41027120.000000,0.347519,0,1
255,255,255,111,178,207,52,27,
430.000000,168.000000,0.144630,83453200.000000,0.217960,0,1
31,90,28,201,41,29,109,39,
154.000000,169.000000,0.088856,10513925.000000,0.141186,0,1
141,154,130,160,147,120,156,158,
176.000000,169.000000,0.083794,113181336.000000,0.147314,0,1
255,222,253,174,218,252,169,162,
195.000000,169.000000,0.082967,79860408.000000,0.130578,0,1
207,220,202,252,215,199,253,255,
429.000000,169.000000,0.130038,138509312.000000,0.152962,0,1
90,201,41,230,109,29,176,64,
455.000000,169.000000,0.135227,64606856.000000,0.206051,0,1
27,42,35,93,149,37,244,255,
493.000000,169.000000,0.149627,15826052.000000,0.311766,0,1
19,21,18,23,22,18,45,117,
299.000000,170.000000,0.108815,360188544.000000,0.511835,0,1
106,44,83,29,33,58,28,27,
301.000000,170.000000,0.109892,285059840.000000,0.508749,0,1
111,83,105,33,58,92,30,28,
528.000000,170.000000,0.165203,159671248.000000,0.438391,0,1
226,63,204,24,65,129,23,20,
579.000000,170.000000,0.184336,330164576.000000,0.654602,0,1
62,33,57,25,41,87,28,35,
534.000000,171.000000,0.167184,166185376.000000,0.266525,0,1
149,168,85,117,134,41,99,59,
140.000000,173.000000,0.060769,7804608.500000,0.124638,0,1
118,112,123,99,111,122,103,107,
230.000000,173.000000,0.085150,2588019456.000000,0.611773,0,1
93,114,95,144,116,93,145,151,
368.000000,175.000000,0.130015,46081148.000000,0.361376,0,1
32,25,43,24,31,47,25,30,
204.000000,177.000000,0.087997,70212816.000000,0.133401,0,1
190,217,188,255,222,190,255,255,
129.000000,178.000000,0.083667,13283952.000000,0.185199,0,1
81,71,86,63,73,86,63,63,
159.000000,178.000000,0.093040,16914978.000000,0.145296,0,1
170,143,159,111,134,143,108,101,
350.000000,178.000000,0.095880,38198540.000000,0.144688,0,1
72,123,38,124,80,32,126,79,
325.000000,180.000000,0.121693,82042048.000000,0.468782,0,1
62,68,65,48,67,65,33,26,
491.000000,180.000000,0.149705,30252388.000000,0.312552,0,1
39,25,44,20,44,51,23,28,
158.000000,181.000000,0.101595,21247194.000000,0.156633,0,1
108,131,101,153,132,99,157,156,
460.000000,181.000000,0.133601,541356800.000000,1.146779,0,1
28,43,38,146,49,38,83,63,
512.000000,181.000000,0.154868,89800784.000000,0.372970,0,1
24,38,53,79,117,85,174,108,
239.000000,182.000000,0.092379,1635847296.000000,0.629487,0,1
119,136,119,161,138,122,162,164,
211.000000,184.000000,0.091829,95688072.000000,0.139824,0,1
180,222,180,255,225,179,255,255,
223.000000,184.000000,0.095072,201896000.000000,0.682522,0,1
206,192,205,183,192,207,186,182,
340.000000,188.000000,0.129485,94001784.000000,0.445696,0,1
65,55,62,29,43,57,24,23,
403.000000,188.000000,0.115687,79714600.000000,0.174342,0,1
50,93,43,129,124,35,163,144,
164.000000,189.000000,0.106191,1048039616.000000,0.774018,0,1
92,128,91,162,124,92,162,161,
260.000000,189.000000,0.097251,1078401792.000000,0.601042,0,1
20,35,22,58,39,24,62,67,
447.000000,189.000000,0.133201,274659040.000000,0.201826,0,1
74,35,176,26,97,248,35,54,
367.000000,190.000000,0.125644,133997040.000000,0.409960,0,1
27,70,53,77,84,81,89,99,
510.000000,190.000000,0.151600,79066328.000000,0.363909,0,1
158,118,99,56,47,52,39,35,
243.000000,191.000000,0.095286,18373068.000000,0.349465,0,1
164,168,163,182,170,164,177,168,
449.000000,191.000000,0.134135,75328408.000000,0.206375,0,1
248,188,231,54,180,201,41,28,
507.000000,192.000000,0.151725,207031664.000000,0.358955,0,1
83,112,48,119,84,37,115,87,
255.000000,193.000000,0.100541,1508169728.000000,0.631743,0,1
104,124,108,148,129,113,154,158,
455.000000,193.000000,0.112841,10241351.000000,0.178442,0,1
255,235,254,56,159,205,34,30,
137.000000,194.000000,0.101732,17042020.000000,0.226246,0,1
83,66,84,55,67,84,53,53,
120.000000,195.000000,0.102289,4065506.500000,0.243737,0,1
49,45,46,39,54,58,50,56,
425.000000,195.000000,0.116104,18589384.000000,0.144872,0,1
212,102,208,37,128,205,38,50,
205.000000,196.000000,0.105807,180830704.000000,0.170072,0,1
254,207,253,140,197,247,133,129,
170.000000,197.000000,0.113012,620772928.000000,0.554834,0,1
83,104,84,148,103,84,145,141,
430.000000,197.000000,0.158152,52742936.000000,0.134817,0,1
66,150,40,231,66,39,148,58,
586.000000,197.000000,0.179169,116861144.000000,0.665107,0,1
18,20,19,35,63,37,80,35,
228.000000,198.000000,0.103264,175651408.000000,0.155732,0,1
153,183,152,248,184,154,250,251,
272.000000,198.000000,0.103498,1319024640.000000,0.601601,0,1
24,44,26,67,49,29,70,73,
157.000000,199.000000,0.058004,141797632.000000,0.330557,0,1
140,138,146,123,138,148,133,132,
230.000000,199.000000,0.105683,171880224.000000,0.159266,0,1
151,155,151,228,160,151,236,235,
462.000000,199.000000,0.141407,9818208.000000,0.249253,0,1
34,38,29,45,39,23,51,49,
147.000000,200.000000,0.093186,10339411.000000,0.198520,0,1
102,78,106,69,85,107,79,80,
209.000000,200.000000,0.108733,259797216.000000,0.173285,0,1
231,164,248,125,169,246,124,122,
210.000000,200.000000,0.109294,252050800.000000,0.173280,0,1
253,211,255,139,216,254,135,133,
430.000000,200.000000,0.156906,44505784.000000,0.141704,0,1
64,128,39,194,55,39,115,50,
574.000000,200.000000,0.179719,907328064.000000,1.020854,0,1
58,80,32,91,51,18,54,22,
258.000000,201.000000,0.103515,48052912.000000,0.538108,0,1
158,153,157,142,146,156,141,141,
118.000000,202.000000,0.123760,4393318.500000,0.194783,0,1
45,52,40,56,50,42,56,55,
274.000000,202.000000,0.105545,1623549440.000000,0.608238,0,1
53,75,57,96,80,60,100,105,
369.000000,202.000000,0.142462,279343456.000000,0.501395,0,1
85,64,84,30,49,77,27,26,
398.000000,202.000000,0.139524,149157376.000000,0.320879,0,1
21,34,23,105,62,28,114,112,
508.000000,203.000000,0.154618,155413904.000000,0.377018,0,1
45,32,55,24,60,127,30,38,
448.000000,204.000000,0.132677,249289440.000000,0.212560,0,1
27,39,61,43,161,165,157,214,
474.000000,206.000000,0.133588,7861067.500000,0.258768,0,1
51,32,47,24,44,58,27,29,
625.000000,206.000000,0.197895,214114512.000000,0.894967,0,1
229,248,226,103,97,77,42,31,
177.000000,207.000000,0.119272,1405703168.000000,0.817305,0,1
79,103,77,155,100,77,158,147,
284.000000,208.000000,0.109200,1070934272.000000,0.600938,0,1
40,59,43,77,57,41,72,80,
382.000000,208.000000,0.148783,290543360.000000,0.614828,0,1
90,78,89,31,57,87,29,27,
240.000000,209.000000,0.111655,164903808.000000,0.415607,0,1
132,164,132,222,167,129,220,212,
290.000000,209.000000,0.111260,476538176.000000,0.592551,0,1
13,21,14,36,24,15,42,48,
494.000000,209.000000,0.177406,8674058.000000,0.416385,0,1
23,32,21,60,33,23,59,32,
220.000000,210.000000,0.116329,249649376.000000,0.181480,0,1
232,151,229,114,161,208,114,109,
386.000000,210.000000,0.150618,315425600.000000,0.652395,0,1
93,75,90,31,55,83,28,28,
416.000000,210.000000,0.145764,6483241.000000,0.192033,0,1
33,57,28,105,70,32,110,104,
489.000000,210.000000,0.187557,89174192.000000,1.698058,0,1
56,43,58,34,36,40,31,26,
119.000000,212.000000,0.101353,737127.000000,0.204870,0,1
45,49,55,50,53,54,41,36,
149.000000,212.000000,0.114481,4996670.000000,0.184846,0,1
66,59,78,46,67,78,49,50,
422.000000,213.000000,0.148038,38334416.000000,0.224063,0,1
27,60,32,108,89,48,108,97,
453.000000,214.000000,0.133374,233516512.000000,1.158376,0,1
32,36,27,54,38,25,40,26,
247.000000,215.000000,0.118091,346012416.000000,0.419665,0,1
122,158,120,216,165,121,218,222,
338.000000,216.000000,0.066129,82957080.000000,0.319911,0,1
17,20,19,23,24,23,27,32,
620.000000,216.000000,0.190050,1213785344.000000,1.448411,0,1
45,76,32,116,45,26,69,43,
159.000000,217.000000,0.116514,1050991808.000000,0.846308,0,1
95,67,114,51,74,121,53,51,
185.000000,217.000000,0.126023,1567004928.000000,0.835061,0,1
75,118,78,163,122,77,166,172,
278.000000,217.000000,0.120776,35660372.000000,0.182127,0,1
146,113,159,105,128,161,105,101,
250.000000,219.000000,0.120214,147086832.000000,0.181757,0,1
137,197,137,221,201,135,233,239,
405.000000,219.000000,0.159528,277487616.000000,0.408121,0,1
100,76,98,33,55,93,29,29,
229.000000,220.000000,0.121379,2943196416.000000,0.818014,0,1
160,111,167,92,114,158,93,92,
409.000000,221.000000,0.161770,248066800.000000,0.415491,0,1
101,73,99,32,49,89,30,28,
501.000000,221.000000,0.130706,6435869.500000,0.309203,0,1
24,29,35,35,44,49,52,69,
538.000000,222.000000,0.164345,168947456.000000,0.493716,0,1
71,58,101,67,76,110,81,58,
450.000000,223.000000,0.160140,43329808.000000,0.293145,0,1
33,45,27,70,40,22,84,96,
389.000000,224.000000,0.178592,1066703.750000,0.305761,0,1
37,48,44,61,59,55,67,80,
596.000000,224.000000,0.183128,134195104.000000,3.340085,0,1
19,20,20,30,33,30,52,56,
157.000000,225.000000,0.128604,1357606784.000000,1.049306,0,1
86,62,86,43,65,83,43,46,
395.000000,225.000000,0.186804,2938495.500000,0.281570,0,1
34,48,46,65,59,59,78,85,
499.000000,225.000000,0.156196,9227918.000000,0.235484,0,1
48,42,63,41,56,78,44,52,
439.000000,226.000000,0.167337,19221320.000000,0.318002,0,1
109,117,113,107,101,93,85,87,
171.000000,227.000000,0.093766,7929243.000000,0.141306,0,1
125,116,131,107,128,140,124,133,
118.000000,228.000000,0.118513,215091248.000000,0.709097,0,1
42,36,41,35,37,46,37,39,
240.000000,229.000000,0.127386,3889295104.000000,0.824077,0,1
171,130,169,92,130,168,90,91,
256.000000,229.000000,0.128590,63768432.000000,0.194825,0,1
248,210,252,214,222,255,220,233,
466.000000,229.000000,0.138347,19701500.000000,0.277633,0,1
16,53,34,100,77,56,107,108,
470.000000,229.000000,0.155263,31774872.000000,0.219362,0,1
13,22,14,56,40,29,77,102,
159.000000,230.000000,0.129835,13684760.000000,0.205529,0,1
71,53,82,43,61,91,46,54,
169.000000,230.000000,0.128331,37512104.000000,0.193397,0,1
108,68,118,51,77,122,53,55,
296.000000,230.000000,0.126448,23384866.000000,0.194659,0,1
132,118,124,86,107,119,82,76,
281.000000,231.000000,0.146127,57112544.000000,0.656532,0,1
104,103,106,92,101,102,92,84,
570.000000,231.000000,0.185118,6998040.000000,0.380713,0,1
32,39,34,58,60,52,85,77,
171.000000,232.000000,0.128016,36647128.000000,0.195095,0,1
122,87,123,55,87,118,54,52,
347.000000,232.000000,0.130938,3936182.250000,0.496063,0,1
43,37,40,31,37,38,30,30,
488.000000,233.000000,0.150017,40702096.000000,0.350724,0,1
14,33,23,75,64,53,107,137,
580.000000,234.000000,0.180355,8618836.000000,0.386401,0,1
34,46,34,63,41,37,68,56,
270.000000,236.000000,0.133037,195654208.000000,0.200488,0,1
89,161,88,233,160,92,218,223,
350.000000,236.000000,0.133256,8284625.000000,0.463098,0,1
38,34,41,25,33,40,25,24,
446.000000,236.000000,0.180422,78550112.000000,0.367528,0,1
111,104,111,58,84,111,49,49,
251.000000,238.000000,0.135208,242585248.000000,0.209323,0,1
225,175,236,122,175,237,127,147,
203.000000,239.000000,0.141830,1573366528.000000,0.874487,0,1
74,114,69,145,117,69,142,144,
141.000000,240.000000,0.128470,98823432.000000,0.988208,0,1
32,28,39,28,41,52,32,41,
380.000000,240.000000,0.053109,46207540.000000,0.265383,0,1
56,53,53,45,48,50,43,42,
313.000000,241.000000,0.133126,38916992.000000,0.589650,0,1
83,81,92,64,74,90,62,62,
411.000000,241.000000,0.092117,2597345.000000,0.144137,0,1
74,70,74,62,66,65,57,53,
278.000000,242.000000,0.137221,447185920.000000,0.429904,0,1
87,157,89,193,163,94,214,209,
207.000000,244.000000,0.145890,2916801024.000000,1.015314,0,1
73,104,67,127,113,78,146,152,
356.000000,244.000000,0.136870,11412679.000000,0.460775,0,1
30,28,32,22,30,34,22,21,
409.000000,244.000000,0.070014,4035312.500000,0.105512,0,1
60,59,53,48,51,48,46,43,
446.000000,244.000000,0.175560,1020564.312500,0.267011,0,1
59,57,64,53,55,61,48,48,
258.000000,245.000000,0.139713,180331040.000000,0.219785,0,1
252,210,235,149,183,221,140,135,
229.000000,246.000000,0.139220,37222704.000000,0.813682,0,1
80,70,78,66,71,81,66,66,
230.000000,247.000000,0.157131,94627136.000000,0.994162,0,1
78,71,81,66,72,77,66,66,
261.000000,247.000000,0.141658,191042528.000000,0.223381,0,1
245,200,252,149,203,246,148,147,
362.000000,248.000000,0.138297,9746508.000000,0.462228,0,1
29,28,28,21,26,27,20,18,
424.000000,248.000000,0.107898,2387601.500000,0.191862,0,1
46,53,41,57,43,38,50,39,
329.000000,249.000000,0.136175,66901688.000000,0.650316,0,1
54,68,51,76,68,47,72,74,
637.000000,249.000000,0.237663,88003288.000000,4.504845,0,1
32,25,40,19,30,43,25,32,
271.000000,250.000000,0.147683,85656856.000000,0.230264,0,1
209,215,211,250,246,230,255,241,
330.000000,250.000000,0.137321,67757856.000000,0.659982,0,1
51,68,47,72,63,45,74,73,
369.000000,252.000000,0.141961,11692578.000000,0.466191,0,1
27,27,28,19,24,26,18,17,
149.000000,254.000000,0.136911,172851888.000000,1.143677,0,1
61,50,57,37,42,46,32,33,
376.000000,256.000000,0.145508,13205352.000000,0.470277,0,1
29,27,29,20,27,29,19,19,
619.000000,258.000000,0.195585,145616480.000000,0.838813,0,1
37,54,36,106,84,57,132,151,
134.000000,259.000000,0.161663,33963704.000000,1.310092,0,1
33,31,40,38,54,49,67,43,
360.000000,262.000000,0.144249,88478480.000000,0.819126,0,1
28,30,28,33,32,31,37,37,
140.000000,263.000000,0.145420,94498336.000000,1.220826,0,1
43,36,43,27,29,36,24,23,
181.000000,264.000000,0.146905,10806311.000000,0.228951,0,1
86,69,90,45,67,86,44,44,
499.000000,264.000000,0.238895,124620320.000000,0.927868,0,1
96,86,94,63,76,89,56,55,
650.000000,264.000000,0.206870,160635616.000000,1.901281,0,1
20,22,16,60,50,38,75,87,
304.000000,268.000000,0.148201,140362144.000000,0.777555,0,1
146,163,141,176,157,135,174,172,
672.000000,268.000000,0.214991,195238736.000000,2.151075,0,1
13,17,13,55,42,30,76,84,
154.000000,270.000000,0.116832,19511798.000000,1.054166,0,1
56,49,50,44,41,46,35,38,
178.000000,270.000000,0.169828,8203910.500000,0.269556,0,1
43,60,38,68,54,36,68,66,
400.000000,270.000000,0.124398,28234218.000000,0.989436,0,1
21,18,20,13,16,19,12,12,
136.000000,272.000000,0.160430,6487243.000000,0.444444,0,1
40,31,41,25,35,46,29,33,
231.000000,275.000000,0.169989,550767552.000000,0.669311,0,1
53,79,53,118,79,56,119,115,
296.000000,276.000000,0.159339,64592148.000000,0.281590,0,1
231,232,203,220,200,181,184,153,
304.000000,276.000000,0.163222,37619336.000000,0.846546,0,1
168,176,166,183,154,139,172,153,
320.000000,276.000000,0.165608,157929200.000000,0.870325,0,1
62,80,60,91,79,62,89,88,
165.000000,279.000000,0.148310,568150784.000000,1.092022,0,1
68,57,65,49,55,63,47,49,
323.000000,280.000000,0.164096,41033996.000000,0.462303,0,1
59,80,56,89,74,56,90,87,
185.000000,281.000000,0.180812,9140739.000000,0.281142,0,1
37,54,35,65,49,35,70,66,
192.000000,281.000000,0.166569,22299474.000000,0.251022,0,1
91,56,92,40,62,86,42,43,
169.000000,286.000000,0.145752,140654096.000000,1.095985,0,1
62,50,62,43,49,61,43,40,
330.000000,286.000000,0.170475,27016850.000000,0.958762,0,1
57,56,56,72,62,53,75,73,
619.000000,287.000000,0.190811,103479112.000000,1.663595,0,1
18,30,17,54,31,17,50,36,
149.000000,288.000000,0.188560,3857071.250000,0.343500,0,1
30,38,29,43,36,28,43,41,
134.000000,290.000000,0.216865,325483.531250,0.406925,0,1
34,36,31,36,33,27,37,36,
298.000000,290.000000,0.174200,137309120.000000,0.552378,0,1
105,73,106,53,71,93,51,50,
609.000000,290.000000,0.229649,577022848.000000,4.033372,0,1
33,57,31,75,51,29,71,62,
321.000000,291.000000,0.173552,93867152.000000,0.986116,0,1
111,111,100,114,102,96,114,106,
373.000000,291.000000,0.173034,77007040.000000,1.122732,0,1
46,46,43,42,40,37,35,31,
624.000000,292.000000,0.192071,67442424.000000,0.527286,0,1
54,72,96,18,73,82,13,12,
65.000000,294.000000,0.269575,31745052.000000,1.992455,0,1
27,34,36,43,43,42,46,44,
174.000000,296.000000,0.137812,55313412.000000,1.090794,0,1
60,58,62,54,56,60,47,47,
333.000000,296.000000,0.180517,41619240.000000,1.052218,0,1
72,69,74,64,65,71,60,54,
202.000000,297.000000,0.178896,36906248.000000,0.452324,0,1
82,61,82,38,49,67,34,34,
198.000000,298.000000,0.201623,3915899.500000,0.317635,0,1
44,60,40,66,50,32,59,55,
408.000000,298.000000,0.174741,54322448.000000,1.358791,0,1
17,19,17,22,20,18,24,25,
354.000000,296.000000,0.176835,52721832.000000,1.096404,0,1
43,43,42,43,38,35,36,34,
623.000000,289.000000,0.191620,36715344.000000,0.522257,0,1
15,18,15,48,26,15,58,72,
234.000000,285.000000,0.178650,684249792.000000,0.702103,0,1
72,111,59,136,98,47,137,128,
289.000000,280.000000,0.165446,156094496.000000,0.306201,0,1
174,106,164,63,93,144,59,58,
287.000000,278.000000,0.164279,158274688.000000,0.300851,0,1
187,124,188,68,117,174,65,63,
540.000000,38.000000,0.304816,3319189.750000,1.186558,0,1
9,9,9,10,10,10,13,18,
310.000000,270.000000,0.158443,201847616.000000,0.811679,0,1
71,108,81,135,118,86,134,127,
539.000000,40.000000,0.307157,6735632.500000,1.172349,0,1
10,14,12,22,20,18,24,24,
310.000000,269.000000,0.159478,61655684.000000,0.262796,0,1
65,87,66,122,96,69,129,130,
556.000000,42.000000,0.297576,5966087.000000,1.276587,0,1
10,12,11,21,18,15,26,27,
564.000000,44.000000,0.294425,8192894.500000,1.325769,0,1
12,18,16,27,25,22,28,27,
358.000000,267.000000,0.150933,89606144.000000,0.859142,0,1
39,41,36,50,43,38,50,50,
277.000000,267.000000,0.156948,495304320.000000,0.514817,0,1
176,137,187,75,133,193,72,73,
580.000000,46.000000,0.284153,8634276.000000,1.431997,0,1
11,14,12,23,20,17,27,29,
379.000000,49.000000,0.140193,33547270.000000,0.211968,0,1
20,23,23,27,27,28,37,85,
222.000000,263.000000,0.161439,603382656.000000,0.650132,0,1
98,129,71,146,99,57,123,112,
290.000000,261.000000,0.155528,161369024.000000,0.249481,0,1
84,95,170,181,166,202,220,233,
134.000000,261.000000,0.160765,28141256.000000,0.271210,0,1
54,67,68,30,43,39,24,32,
290.000000,256.000000,0.150013,128439136.000000,0.230457,0,1
191,220,164,192,134,95,107,77,
262.000000,252.000000,0.145442,573386240.000000,0.497186,0,1
152,127,180,86,148,209,87,80,
375.000000,51.000000,0.137860,68887648.000000,0.207757,0,1
26,34,35,72,75,76,102,108,
460.000000,52.000000,0.144504,93316032.000000,0.283482,0,1
37,48,26,156,50,69,119,132,
620.000000,52.000000,0.261909,21565420.000000,0.922332,0,1
11,15,14,27,22,20,34,35,
330.000000,249.000000,0.136433,77073240.000000,0.652065,0,1
47,59,44,75,57,45,70,71,
397.000000,54.000000,0.128195,51073344.000000,0.195789,0,1
113,109,101,94,76,46,45,13,
283.000000,247.000000,0.142206,192828928.000000,0.214306,0,1
86,175,83,241,172,80,217,180,
210.000000,246.000000,0.146844,494207552.000000,0.615379,0,1
69,112,71,147,115,74,155,144,
387.000000,58.000000,0.126863,42099772.000000,0.191184,0,1
56,71,36,78,50,16,68,52,
142.000000,239.000000,0.128360,38361784.000000,0.982472,0,1
35,32,39,28,39,44,41,51,
330.000000,238.000000,0.127853,151687440.000000,0.589446,0,1
22,31,23,38,30,24,39,39,
419.000000,60.000000,0.129342,104356336.000000,0.195482,0,1
40,45,99,41,77,232,41,76,
304.000000,235.000000,0.130445,76743216.000000,0.549859,0,1
103,94,96,71,81,92,67,67,
320.000000,233.000000,0.124785,216940896.000000,0.594868,0,1
31,36,32,46,41,33,52,54,
239.000000,230.000000,0.127859,2399218176.000000,0.829712,0,1
130,92,130,83,90,126,82,82,
192.000000,226.000000,0.132811,599901120.000000,0.594313,0,1
81,135,76,182,122,71,167,153,
237.000000,225.000000,0.125417,3000421632.000000,0.818401,0,1
195,152,202,101,148,201,98,101,
189.000000,221.000000,0.128764,1430844800.000000,0.838811,0,1
68,103,65,149,109,66,152,143,
390.000000,68.000000,0.127815,15566006.000000,0.192619,0,1
30,36,28,45,36,23,44,40,
619.000000,220.000000,0.189128,276000032.000000,1.445919,0,1
65,50,39,25,35,32,25,29,
542.000000,220.000000,0.163768,263263824.000000,0.499474,0,1
34,89,34,116,66,33,96,69,
283.000000,220.000000,0.120754,34091212.000000,0.182030,0,1
153,138,148,95,125,146,91,90,
230.000000,219.000000,0.121316,3132430848.000000,0.813388,0,1
194,160,198,111,167,192,114,109,
280.000000,218.000000,0.119380,32844696.000000,0.179908,0,1
158,156,153,106,139,151,99,95,
563.000000,216.000000,0.172640,316975904.000000,0.334322,0,1
206,250,125,239,160,47,159,96,
399.000000,216.000000,0.156576,314061664.000000,0.778311,0,1
97,78,97,35,61,91,30,28,
120.000000,215.000000,0.116904,5837304.000000,0.290702,0,1
40,36,51,35,45,55,42,45,
179.000000,210.000000,0.121199,1379050240.000000,0.822203,0,1
83,123,78,159,122,76,179,171,
269.000000,209.000000,0.110158,141393440.000000,0.650431,0,1
158,165,157,135,151,151,125,118,
220.000000,209.000000,0.116374,255028864.000000,0.180890,0,1
251,190,247,126,198,238,129,126,
379.000000,77.000000,0.131523,86610632.000000,0.316024,0,1
68,63,62,52,39,28,21,14,
629.000000,78.000000,0.200100,619209152.000000,0.918488,0,1
25,26,55,27,44,94,37,58,
187.000000,197.000000,0.106136,197260736.000000,0.835308,0,1
116,106,115,95,103,111,92,92,
355.000000,80.000000,0.125277,18469824.000000,0.188795,0,1
27,32,24,60,52,21,57,38,
369.000000,80.000000,0.127700,78663888.000000,0.327930,0,1
67,61,43,58,33,21,36,20,
349.000000,192.000000,0.133984,82354552.000000,0.429901,0,1
57,59,62,31,52,65,25,24,
89.000000,82.000000,0.042688,4059840.500000,0.106201,0,1
43,47,48,60,61,61,72,74,
197.000000,82.000000,0.042134,105602944.000000,0.066140,0,1
252,254,246,241,201,171,145,108,
199.000000,191.000000,0.102500,232743648.000000,0.167823,0,1
247,177,252,143,187,253,143,139,
165.000000,191.000000,0.108365,45966300.000000,0.163308,0,1
100,146,99,171,141,92,167,158,
219.000000,190.000000,0.097498,143116736.000000,0.146932,0,1
174,195,174,251,200,173,254,255,
370.000000,189.000000,0.127162,120038032.000000,0.424364,0,1
46,39,43,53,45,41,81,96,
472.000000,84.000000,0.145020,158224960.000000,0.275139,0,1
64,73,120,69,183,229,162,247,
139.000000,86.000000,0.035148,283967040.000000,0.071770,0,1
96,111,137,115,166,238,193,254,
435.000000,87.000000,0.151987,26623300.000000,0.276226,0,1
19,19,21,23,27,31,34,42,
194.000000,186.000000,0.099379,182742816.000000,0.165058,0,1
254,200,254,150,193,250,147,146,
243.000000,184.000000,0.094396,1657302272.000000,0.628852,0,1
108,122,105,142,126,108,148,146,
450.000000,183.000000,0.135180,280477248.000000,0.204478,0,1
75,41,197,37,145,237,128,239,
269.000000,89.000000,0.053013,258668256.000000,0.181866,0,1
94,121,82,132,118,106,146,139,
310.000000,89.000000,0.102744,335703072.000000,0.249215,0,1
52,143,24,158,56,22,125,43,
251.000000,183.000000,0.093065,1316948736.000000,0.601540,0,1
24,42,25,66,46,27,69,72,
508.000000,182.000000,0.156234,132954088.000000,0.368332,0,1
23,23,59,23,72,162,49,46,
208.000000,181.000000,0.090012,96068536.000000,0.135666,0,1
189,230,186,255,229,183,255,255,
350.000000,180.000000,0.094671,55809820.000000,0.142811,0,1
80,126,41,106,79,33,94,85,
318.000000,180.000000,0.116625,82501312.000000,0.479767,0,1
38,24,28,22,23,24,21,21,
560.000000,179.000000,0.171976,173719824.000000,0.318522,0,1
29,64,24,218,48,21,75,28,
512.000000,179.000000,0.155630,63881148.000000,1.824037,0,1
34,22,23,22,24,23,38,117,
187.000000,179.000000,0.094195,207884336.000000,0.159798,0,1
253,197,255,152,211,255,157,157,
161.000000,179.000000,0.096160,17188684.000000,0.187321,0,1
142,152,126,111,122,108,103,97,
413.000000,177.000000,0.123446,12373685.000000,0.682846,0,1
42,33,46,25,38,36,25,24,
334.000000,174.000000,0.112740,10181926.000000,0.169900,0,1
19,27,25,82,49,34,91,87,
311.000000,173.000000,0.114582,80534192.000000,0.490503,0,1
79,90,79,79,88,76,56,38,
492.000000,95.000000,0.152714,479361408.000000,0.326432,0,1
201,255,90,255,170,46,198,64,
443.000000,170.000000,0.129028,104101264.000000,0.194447,0,1
222,92,205,34,59,63,27,26,
445.000000,169.000000,0.135775,139594160.000000,0.204615,0,1
233,239,168,160,177,45,73,29,
130.000000,167.000000,0.065733,6666465.500000,0.140870,0,1
89,89,94,74,85,93,75,75,
106.000000,98.000000,0.034685,13953109.000000,0.079630,0,1
112,133,135,169,170,168,197,218,
274.000000,98.000000,0.089039,9722892.000000,0.134183,0,1
242,209,218,120,130,139,90,81,
393.000000,98.000000,0.118342,16932296.000000,0.178343,0,1
36,42,31,38,42,22,34,29,
382.000000,99.000000,0.130704,14248415.000000,0.289463,0,1
26,30,31,34,42,34,47,50,
350.000000,164.000000,0.093342,71809640.000000,0.184184,0,1
45,78,35,117,51,32,97,54,
418.000000,160.000000,0.124891,64710800.000000,0.189015,0,1
39,96,39,87,77,26,46,26,
281.000000,160.000000,0.099752,30715206.000000,0.150328,0,1
146,159,152,47,114,158,40,36,
279.000000,160.000000,0.100213,78371104.000000,0.283721,0,1
170,73,159,38,47,114,36,34,
285.000000,100.000000,0.090442,12155784.000000,0.136777,0,1
113,161,157,54,61,87,46,43,
404.000000,100.000000,0.124664,61118176.000000,0.189021,0,1
26,30,38,35,88,88,140,229,
405.000000,156.000000,0.117531,12412632.000000,0.095969,0,1
28,29,50,38,88,59,119,159,
383.000000,101.000000,0.123172,13148036.000000,0.274407,0,1
40,49,36,46,44,31,48,44,
116.000000,156.000000,0.064782,23565172.000000,0.416427,0,1
63,59,66,54,62,68,56,60,
520.000000,102.000000,0.159705,128585080.000000,0.405541,0,1
255,249,255,121,220,225,69,57,
285.000000,152.000000,0.094315,19665038.000000,0.059744,0,1
122,172,71,160,119,100,114,74,
422.000000,103.000000,0.127780,155198784.000000,0.192566,0,1
211,253,83,255,143,33,196,55,
259.000000,150.000000,0.090015,599546944.000000,0.552987,0,1
220,140,219,53,88,174,46,42,
419.000000,106.000000,0.126585,137107136.000000,0.190765,0,1
255,255,187,253,161,51,165,52,
159.000000,107.000000,0.042788,96519192.000000,0.078638,0,1
231,231,245,159,162,129,142,143,
536.000000,108.000000,0.167613,521691200.000000,0.468312,0,1
244,145,254,99,202,211,76,60,
278.000000,147.000000,0.055486,17216062.000000,0.037171,0,1
92,137,80,177,126,93,164,132,
147.000000,109.000000,0.033610,131542368.000000,0.064623,0,1
253,251,219,251,225,195,233,194,
311.000000,146.000000,0.107443,544127104.000000,0.391422,0,1
80,99,45,114,81,28,83,64,
487.000000,109.000000,0.149741,527223456.000000,0.301054,0,1
82,202,62,255,146,51,248,207,
244.000000,143.000000,0.084269,179110016.000000,0.301064,0,1
243,149,243,56,97,200,49,46,
339.000000,110.000000,0.101182,100856872.000000,0.314249,0,1
133,91,138,62,68,89,54,66,
367.000000,140.000000,0.129960,51478064.000000,0.299836,0,1
29,22,43,22,29,49,27,30,
549.000000,111.000000,0.172497,266828592.000000,0.299773,0,1
61,58,201,54,176,255,129,248,
453.000000,112.000000,0.137531,223025456.000000,0.207284,0,1
48,47,184,38,159,255,87,184,
143.000000,113.000000,0.034219,142201312.000000,0.066849,0,1
251,249,218,241,197,144,169,169,
367.000000,139.000000,0.129793,54926032.000000,0.300464,0,1
30,22,43,21,29,48,23,32,
334.000000,139.000000,0.103797,282356448.000000,0.368834,0,1
56,32,79,25,55,84,29,34,
276.000000,115.000000,0.085209,166544368.000000,0.492737,0,1
47,55,55,90,89,79,142,141,
285.000000,115.000000,0.101185,18683572.000000,0.157971,0,1
46,80,53,137,112,74,164,120,
428.000000,138.000000,0.134328,56914424.000000,0.149893,0,1
246,248,122,195,149,55,55,34,
399.000000,119.000000,0.120092,46255896.000000,0.092981,0,1
35,129,33,183,97,27,138,83,
425.000000,119.000000,0.127951,72441936.000000,0.192824,0,1
31,48,37,93,132,38,248,255,
343.000000,120.000000,0.127543,2622530.000000,0.033158,0,1
156,201,69,187,91,59,169,70,
423.000000,120.000000,0.128584,199936080.000000,0.193920,0,1
40,44,148,36,186,238,119,240,
469.000000,120.000000,0.144256,145860608.000000,0.247655,0,1
48,163,56,227,202,47,255,255,
311.000000,130.000000,0.106097,914455616.000000,0.453566,0,1
65,103,29,108,62,27,101,67,
285.000000,130.000000,0.094583,232172576.000000,0.259365,0,1
96,117,62,147,99,70,136,102,
430.000000,124.000000,0.127650,62837032.000000,0.147251,0,1
37,41,107,69,114,229,114,198,
160.000000,127.000000,0.051657,589413632.000000,0.289384,0,1
77,112,80,157,116,88,160,155,
431.000000,131.000000,0.131439,186646912.000000,0.198080,0,1
246,251,118,245,159,39,175,65,
166.000000,134.000000,0.056458,259352640.000000,0.305661,0,1
139,166,141,201,180,155,229,230,
58.000000,120.000000,0.065215,58166936.000000,0.179947,0,1
53,49,54,48,50,56,48,49,
366.000000,113.000000,0.130651,22484858.000000,0.358345,0,1
26,20,35,21,27,39,26,28,
353.000000,140.000000,0.101477,106419432.000000,0.297866,0,1
36,47,32,88,50,29,47,27,
190.000000,111.000000,0.044587,47854004.000000,0.069216,0,1
163,111,144,241,155,142,255,255,
235.000000,110.000000,0.072333,815721152.000000,0.438947,0,1
172,156,149,130,95,71,72,91,
194.000000,148.000000,0.067549,3289911296.000000,0.580418,0,1
85,120,90,169,134,98,188,200,
200.000000,149.000000,0.068886,2076599680.000000,0.577666,0,1
37,56,40,98,66,47,112,127,
311.000000,237.000000,0.132259,56838172.000000,0.347308,0,1
69,82,44,92,69,38,86,82,
268.000000,234.000000,0.131870,210785920.000000,0.198731,0,1
95,147,91,225,150,89,243,233,
200.000000,150.000000,0.069348,2671424256.000000,0.580651,0,1
47,81,55,130,95,65,144,149,
199.000000,233.000000,0.137588,1502926208.000000,0.860972,0,1
72,119,69,153,112,65,145,124,
322.000000,105.000000,0.108240,4339252.000000,0.439596,0,1
13,14,14,35,23,16,32,25,
310.000000,103.000000,0.101705,21828274.000000,0.391055,0,1
27,35,26,100,65,33,57,34,
469.000000,230.000000,0.140961,21809518.000000,0.289918,0,1
22,56,40,98,77,62,108,112,
444.000000,153.000000,0.133393,84009984.000000,0.201025,0,1
26,42,34,162,151,58,250,234,
290.000000,225.000000,0.123415,32479260.000000,0.185988,0,1
147,134,149,94,125,143,89,87,
163.000000,157.000000,0.075934,1287129088.000000,0.694758,0,1
203,188,207,162,188,203,158,158,
210.000000,159.000000,0.075451,3145923328.000000,0.598564,0,1
107,148,115,188,157,120,201,205,
129.000000,167.000000,0.065967,7651562.000000,0.142002,0,1
87,85,93,71,79,90,73,73,
293.000000,213.000000,0.113183,945806144.000000,0.595433,0,1
26,45,28,65,49,33,72,77,
528.000000,76.000000,0.166759,504675456.000000,0.464047,0,1
69,129,78,255,185,56,255,249,
324.000000,78.000000,0.136476,32701940.000000,0.468274,0,1
19,29,28,49,47,40,63,61,
550.000000,78.000000,0.171506,473321280.000000,0.535776,0,1
54,116,64,234,198,57,255,251,
130.000000,178.000000,0.076135,7242782.000000,0.166443,0,1
86,79,88,68,79,86,67,67,
341.000000,79.000000,0.104284,44613544.000000,0.157157,0,1
24,29,29,48,68,57,141,249,
370.000000,80.000000,0.128311,88507752.000000,0.326558,0,1
64,52,35,47,26,17,23,15,
355.000000,195.000000,0.136725,122234872.000000,0.420965,0,1
69,67,71,29,55,72,26,25,
261.000000,191.000000,0.098349,1454664448.000000,0.603723,0,1
31,53,35,76,59,40,81,86,
331.000000,184.000000,0.125135,115786512.000000,0.460586,0,1
67,56,66,25,43,63,24,23,
419.000000,188.000000,0.124484,100083104.000000,0.142734,0,1
42,48,94,32,113,132,86,187,
