# timestamp
1608635272730140672

# fx, fy, cx, cy, width, height, npoints
501.492126,501.475037,421.770630,167.669022,800,400,458

# camToWorld: translation vector, rotation quaternion
-24.562221,83.275448,4.449827,0.584935,0.412233,-0.421957,-0.556657

# Exposure time (ms)
5.143375

# Point Cloud Data : 
# u,v,idepth_scaled,idepth_hessian,maxRelBaseline,numGoodRes,status 
# color information 
702.000000,144.000000,0.042998,758591616.000000,0.253955,0,1
121,154,102,170,134,85,161,137,
735.000000,197.000000,0.061687,989714112.000000,0.393258,0,1
106,101,130,87,109,185,74,108,
606.000000,25.000000,0.251094,345811.250000,0.755872,0,1
14,17,17,15,11,7,7,5,
730.000000,124.000000,0.127473,3951207.250000,0.228125,0,1
14,20,22,49,59,70,122,155,
693.000000,138.000000,0.046029,141957952.000000,0.104062,0,1
115,138,91,131,117,85,123,111,
744.000000,144.000000,0.060265,9765229.000000,0.133216,0,1
132,145,153,210,225,233,254,255,
712.000000,155.000000,0.041255,102030584.000000,0.178978,0,1
155,142,124,98,87,66,70,69,
706.000000,165.000000,0.041236,127185392.000000,0.250760,0,1
71,64,81,65,86,124,74,92,
732.000000,166.000000,0.061693,124731608.000000,0.369338,0,1
78,108,85,138,177,138,158,212,
733.000000,171.000000,0.062041,994672128.000000,0.385226,0,1
173,217,155,150,153,83,102,67,
699.000000,180.000000,0.042512,119629504.000000,0.254134,0,1
72,61,79,64,78,92,91,112,
717.000000,184.000000,0.038001,196911424.000000,0.242052,0,1
70,57,94,44,69,105,50,68,
737.000000,188.000000,0.050125,34366808.000000,0.120642,0,1
94,88,122,79,97,120,68,51,
706.000000,192.000000,0.053653,258346208.000000,0.320759,0,1
40,50,61,61,74,93,92,99,
713.000000,192.000000,0.038360,99718680.000000,0.246973,0,1
40,65,45,94,88,73,106,100,
724.000000,193.000000,0.042612,226229536.000000,0.208695,0,1
77,98,114,87,100,125,86,99,
706.000000,204.000000,0.053645,143167744.000000,0.325711,0,1
91,86,96,88,98,112,69,76,
736.000000,219.000000,0.058869,316459584.000000,0.331229,0,1
255,236,237,161,183,182,128,129,
730.000000,235.000000,0.097539,555421440.000000,0.579851,0,1
255,242,236,216,208,200,188,179,
717.000000,236.000000,0.101743,165195424.000000,0.571506,0,1
231,247,246,208,205,201,178,166,
720.000000,236.000000,0.100105,269415904.000000,0.577060,0,1
247,243,237,203,201,196,175,165,
710.000000,237.000000,0.103640,164501600.000000,0.567565,0,1
202,225,223,195,188,183,165,160,
683.000000,239.000000,0.103269,17001036.000000,0.535146,0,1
147,143,148,155,164,167,171,154,
700.000000,239.000000,0.102809,90841584.000000,0.560548,0,1
200,198,193,168,161,161,149,143,
696.000000,240.000000,0.103863,84168224.000000,0.559458,0,1
197,179,172,152,151,149,145,142,
704.000000,240.000000,0.103572,146846944.000000,0.570903,0,1
179,160,161,151,152,153,144,145,
683.000000,242.000000,0.105287,49363776.000000,0.546425,0,1
171,153,153,132,136,137,127,127,
734.000000,242.000000,0.107901,234428592.000000,0.636095,0,1
167,163,165,159,160,160,155,149,
729.000000,287.000000,0.149323,6619199.000000,0.350435,0,1
93,85,86,90,95,95,109,118,
667.000000,288.000000,0.156837,11262321.000000,0.859004,0,1
74,69,70,59,61,61,52,48,
726.000000,288.000000,0.149517,11219707.000000,0.282626,0,1
83,85,90,98,105,109,113,115,
718.000000,291.000000,0.144033,5960945.500000,0.330804,0,1
86,85,89,91,93,98,101,104,
687.000000,296.000000,0.168847,9302876.000000,0.913793,0,1
72,73,70,56,59,57,54,60,
655.000000,137.000000,0.047933,844953216.000000,0.225531,0,1
156,158,104,209,170,124,207,181,
696.000000,192.000000,0.043955,2331522560.000000,0.262373,0,1
97,202,85,215,112,71,155,110,
696.000000,191.000000,0.043772,1758517248.000000,0.261103,0,1
42,143,65,238,141,72,168,93,
576.000000,191.000000,0.049560,62640780.000000,0.143588,0,1
49,66,56,85,71,80,108,123,
695.000000,190.000000,0.043756,928742400.000000,0.259756,0,1
46,62,42,191,143,65,238,168,
591.000000,42.000000,0.217588,434076.125000,0.830160,0,1
11,16,17,14,10,6,6,5,
691.000000,127.000000,0.043202,66351176.000000,0.245458,0,1
11,16,19,30,42,43,67,108,
386.000000,131.000000,0.067874,128377816.000000,1.057961,0,1
59,76,61,95,76,57,65,21,
621.000000,144.000000,0.046750,1099871616.000000,0.149196,0,1
141,236,98,255,167,87,197,106,
644.000000,146.000000,0.045781,697966144.000000,0.203871,0,1
190,253,149,248,194,130,168,110,
113.000000,148.000000,0.061342,25873134.000000,0.092457,0,1
13,25,29,28,52,56,50,65,
47.000000,149.000000,0.063087,61957232.000000,0.095198,0,1
9,15,23,16,37,84,30,44,
600.000000,150.000000,0.047311,324981664.000000,0.148530,0,1
162,112,228,111,146,255,88,82,
684.000000,153.000000,0.042432,692086080.000000,0.235965,0,1
112,129,84,146,121,99,177,200,
240.000000,157.000000,0.056827,75766696.000000,0.237383,0,1
14,21,29,35,94,83,96,94,
263.000000,157.000000,0.052735,143202448.000000,0.188565,0,1
19,17,41,19,64,155,63,113,
312.000000,158.000000,0.053772,124092384.000000,0.127379,0,1
135,70,147,19,95,137,23,19,
670.000000,161.000000,0.043312,100358560.000000,0.227218,0,1
65,72,79,75,95,93,95,106,
95.000000,163.000000,0.063670,43327896.000000,0.157999,0,1
31,25,51,36,62,86,94,113,
656.000000,170.000000,0.047420,1560918400.000000,0.229414,0,1
150,183,116,201,162,103,202,165,
161.000000,172.000000,0.057835,87692136.000000,0.372558,0,1
11,25,15,78,61,18,97,76,
656.000000,182.000000,0.046568,477842880.000000,0.174288,0,1
148,174,113,175,146,93,172,138,
685.000000,182.000000,0.043106,73830096.000000,0.175871,0,1
73,82,65,96,85,76,107,106,
656.000000,185.000000,0.047772,181119376.000000,0.179165,0,1
145,159,111,99,104,102,49,64,
645.000000,187.000000,0.076833,517824992.000000,0.327274,0,1
52,26,35,27,52,66,67,110,
375.000000,190.000000,0.049654,28909592.000000,0.074832,0,1
112,71,134,29,85,87,20,17,
312.000000,191.000000,0.052257,211942752.000000,0.132190,0,1
76,127,20,152,68,13,142,112,
312.000000,192.000000,0.052419,133583456.000000,0.132946,0,1
63,126,21,157,94,13,147,107,
566.000000,195.000000,0.063227,31215244.000000,0.095457,0,1
100,42,90,30,83,53,32,37,
200.000000,196.000000,0.063793,53408356.000000,0.337683,0,1
40,28,47,24,69,95,81,109,
199.000000,197.000000,0.065522,83903240.000000,0.347799,0,1
28,24,69,25,81,107,72,104,
669.000000,198.000000,0.043737,377561088.000000,0.238094,0,1
93,142,104,145,110,83,111,83,
153.000000,199.000000,0.058364,17617166.000000,0.394948,0,1
16,41,35,86,79,61,92,79,
681.000000,206.000000,0.054261,130926624.000000,0.303818,0,1
85,98,84,112,98,92,120,92,
583.000000,207.000000,0.052517,63374032.000000,0.147673,0,1
82,62,63,81,101,96,111,155,
645.000000,207.000000,0.076835,858365632.000000,0.344719,0,1
103,69,118,46,100,114,64,95,
673.000000,207.000000,0.052269,95165872.000000,0.286967,0,1
85,81,90,83,92,105,105,88,
169.000000,208.000000,0.054838,9078610.000000,0.096241,0,1
12,24,17,76,69,55,95,100,
128.000000,225.000000,0.057098,13779710.000000,0.127812,0,1
10,13,14,37,53,33,80,25,
639.000000,247.000000,0.108760,19015514.000000,0.562244,0,1
102,109,114,107,105,104,89,87,
287.000000,275.000000,0.123246,10982215.000000,1.781954,0,1
27,30,29,36,35,32,39,40,
632.000000,279.000000,0.143065,10289053.000000,0.838161,0,1
57,58,56,53,54,53,43,41,
656.000000,133.000000,0.047959,1645485440.000000,0.227733,0,1
103,161,108,203,128,103,162,116,
647.000000,218.000000,0.076144,1689741568.000000,0.356420,0,1
115,122,162,101,201,219,164,210,
645.000000,214.000000,0.076840,462341344.000000,0.351090,0,1
53,42,56,48,72,88,56,80,
592.000000,146.000000,0.048217,371868960.000000,0.234370,0,1
251,254,185,233,180,171,161,144,
644.000000,198.000000,0.076968,805370880.000000,0.334104,0,1
76,51,106,40,75,119,48,62,
687.000000,191.000000,0.043587,1546254336.000000,0.252726,0,1
34,44,62,58,86,181,69,92,
656.000000,159.000000,0.047380,1311016448.000000,0.226698,0,1
206,203,133,203,145,97,176,135,
103.000000,169.000000,0.059233,30530996.000000,0.089343,0,1
135,113,131,61,85,106,42,36,
79.000000,171.000000,0.064088,167651632.000000,0.130104,0,1
65,71,30,78,48,15,50,20,
604.000000,102.000000,0.132892,10818924.000000,0.760850,0,1
6,8,8,14,14,11,23,25,
351.000000,122.000000,0.091075,892747.500000,1.859873,0,1
10,9,9,11,12,12,20,27,
416.000000,124.000000,0.074028,4063820.250000,0.869963,0,1
7,8,5,10,7,4,9,8,
540.000000,124.000000,0.110735,1634858.625000,0.783754,0,1
11,11,12,11,12,14,12,16,
94.000000,126.000000,0.106364,4207660.500000,0.364310,0,1
8,9,10,12,12,16,16,20,
375.000000,132.000000,0.068603,22740484.000000,0.562625,0,1
136,158,149,140,128,115,51,10,
376.000000,132.000000,0.068553,25902874.000000,0.556571,0,1
131,155,144,135,120,113,47,10,
343.000000,133.000000,0.071198,12537145.000000,0.761729,0,1
32,28,35,18,22,27,10,7,
359.000000,133.000000,0.070799,35924136.000000,0.675961,0,1
140,133,138,68,74,71,13,10,
103.000000,134.000000,0.091637,70576784.000000,0.293029,0,1
53,58,63,64,71,78,77,87,
111.000000,134.000000,0.091460,88050640.000000,0.282578,0,1
72,81,88,93,102,110,114,132,
112.000000,134.000000,0.091643,91280584.000000,0.282006,0,1
74,85,91,97,107,114,119,137,
148.000000,135.000000,0.079945,61779616.000000,0.525128,0,1
73,92,82,110,100,87,125,84,
489.000000,136.000000,0.100407,5740668.000000,1.283670,0,1
12,14,18,8,11,11,6,6,
152.000000,137.000000,0.082496,130080720.000000,0.529025,0,1
74,91,72,71,60,46,27,10,
160.000000,137.000000,0.081318,31176348.000000,0.504181,0,1
39,42,34,31,26,21,14,9,
389.000000,137.000000,0.069486,38964800.000000,1.053900,0,1
9,8,10,11,28,27,28,18,
430.000000,137.000000,0.081378,1954745.500000,0.792787,0,1
6,8,6,11,11,7,16,15,
418.000000,139.000000,0.077076,4264574.500000,0.852810,0,1
6,9,6,19,17,17,23,16,
466.000000,139.000000,0.090558,21831318.000000,1.524518,0,1
15,21,11,20,12,6,12,6,
296.000000,142.000000,0.074544,80339312.000000,0.199293,0,1
11,14,18,46,105,123,180,247,
255.000000,143.000000,0.073153,27056762.000000,0.270579,0,1
10,10,10,12,13,15,23,58,
259.000000,143.000000,0.057838,28662716.000000,0.211518,0,1
10,10,10,15,16,13,45,77,
279.000000,143.000000,0.056783,48711176.000000,0.184258,0,1
11,16,17,35,54,67,109,153,
289.000000,143.000000,0.052491,22870334.000000,0.154055,0,1
11,18,12,70,56,16,145,70,
310.000000,143.000000,0.053320,147163296.000000,0.129293,0,1
11,38,18,106,82,14,104,27,
331.000000,143.000000,0.040199,2600221.750000,0.012612,0,1
16,70,33,131,55,13,77,15,
322.000000,144.000000,0.053439,114793080.000000,0.114565,0,1
15,23,58,18,103,126,65,109,
224.000000,145.000000,0.055730,38822052.000000,0.075597,0,1
11,13,14,22,47,41,93,104,
393.000000,145.000000,0.070774,923231.375000,1.022830,0,1
20,18,16,15,11,11,9,8,
250.000000,146.000000,0.054905,222437488.000000,0.216203,0,1
12,14,27,13,61,73,37,66,
97.000000,147.000000,0.047222,26170424.000000,0.142411,0,1
9,10,9,19,18,12,29,22,
283.000000,147.000000,0.053976,164633856.000000,0.165860,0,1
149,173,90,160,104,21,125,37,
328.000000,149.000000,0.044338,960616.062500,0.011050,0,1
151,94,121,19,69,44,13,10,
382.000000,149.000000,0.049403,74250400.000000,0.407834,0,1
15,58,15,81,61,15,103,110,
80.000000,150.000000,0.067193,123244144.000000,0.183200,0,1
15,25,34,45,60,63,84,85,
274.000000,150.000000,0.055555,174210048.000000,0.182683,0,1
125,63,148,20,77,143,19,15,
70.000000,151.000000,0.060072,279392576.000000,0.167923,0,1
9,10,9,17,17,11,39,53,
362.000000,151.000000,0.052630,221162256.000000,0.515873,0,1
11,12,21,12,44,66,50,94,
386.000000,151.000000,0.051103,76029544.000000,0.402433,0,1
11,23,23,68,57,41,89,90,
108.000000,152.000000,0.064489,422616544.000000,0.191156,0,1
12,16,24,21,47,67,55,84,
174.000000,152.000000,0.044921,31441472.000000,0.067741,0,1
137,102,118,45,79,112,22,15,
306.000000,152.000000,0.053369,23479322.000000,0.134441,0,1
142,82,62,17,23,12,11,10,
377.000000,152.000000,0.048996,209987488.000000,0.433600,0,1
15,21,46,18,79,104,63,105,
388.000000,152.000000,0.050019,257519040.000000,0.388026,0,1
20,60,19,91,56,13,85,41,
47.000000,153.000000,0.067406,1608505088.000000,0.251387,0,1
44,29,65,20,44,92,28,41,
159.000000,153.000000,0.059549,639316096.000000,0.134338,0,1
27,29,85,18,68,103,35,58,
80.000000,155.000000,0.067848,133090136.000000,0.184790,0,1
93,65,78,23,33,44,15,11,
288.000000,156.000000,0.050705,111691112.000000,0.150736,0,1
23,25,77,44,120,151,138,162,
88.000000,157.000000,0.063273,550046336.000000,0.203161,0,1
85,86,63,40,56,24,26,13,
239.000000,157.000000,0.056810,226682208.000000,0.239148,0,1
13,16,27,18,65,97,59,96,
364.000000,158.000000,0.051674,173621760.000000,0.077877,0,1
48,84,15,96,49,13,103,88,
600.000000,158.000000,0.047225,111823600.000000,0.143500,0,1
83,87,104,123,99,148,219,228,
371.000000,159.000000,0.049367,173606912.000000,0.459592,0,1
11,11,33,13,47,84,32,89,
374.000000,160.000000,0.049812,213680592.000000,0.443715,0,1
21,84,16,119,54,19,115,87,
341.000000,161.000000,0.051663,15627257.000000,0.038720,0,1
118,92,79,25,66,20,18,10,
112.000000,163.000000,0.060795,581920000.000000,0.176097,0,1
15,48,17,86,44,13,59,19,
305.000000,163.000000,0.055660,110503128.000000,0.083882,0,1
21,25,95,22,109,172,81,153,
330.000000,163.000000,0.050140,43269580.000000,0.100160,0,1
12,54,15,111,72,20,121,99,
346.000000,164.000000,0.050895,429903104.000000,0.577194,0,1
30,13,82,11,44,112,26,47,
259.000000,166.000000,0.054055,43577524.000000,0.053608,0,1
13,30,15,102,80,17,145,145,
316.000000,166.000000,0.051456,99383344.000000,0.119468,0,1
18,80,19,125,74,11,76,23,
389.000000,166.000000,0.051249,57107036.000000,0.394025,0,1
15,27,15,36,33,14,44,17,
255.000000,167.000000,0.055166,224559904.000000,0.209602,0,1
16,16,53,14,48,144,28,70,
651.000000,167.000000,0.047008,2096263808.000000,0.274642,0,1
169,131,192,108,165,200,116,142,
260.000000,168.000000,0.054459,26548472.000000,0.053629,0,1
35,116,31,146,110,92,146,73,
352.000000,168.000000,0.053666,141680048.000000,0.572526,0,1
10,24,9,45,11,9,22,9,
540.000000,168.000000,0.064169,2477515.000000,0.618269,0,1
22,23,24,23,24,25,24,25,
149.000000,169.000000,0.061628,207242416.000000,0.418585,0,1
11,14,26,18,44,65,55,103,
140.000000,171.000000,0.057945,575572672.000000,0.120317,0,1
26,75,19,117,51,11,63,22,
201.000000,171.000000,0.059815,355897216.000000,0.313518,0,1
40,25,72,21,71,127,54,77,
300.000000,171.000000,0.053539,104948680.000000,0.144755,0,1
27,22,96,15,63,134,25,19,
230.000000,173.000000,0.054749,73184968.000000,0.245837,0,1
28,22,50,59,70,98,103,88,
384.000000,173.000000,0.049744,35732536.000000,0.410794,0,1
16,22,23,60,46,52,97,89,
128.000000,175.000000,0.061864,70743728.000000,0.129591,0,1
19,59,14,91,32,11,43,17,
338.000000,175.000000,0.051786,41189120.000000,0.627439,0,1
9,8,9,9,17,12,39,91,
643.000000,175.000000,0.045413,131430208.000000,0.257060,0,1
155,166,162,175,161,137,82,66,
100.000000,176.000000,0.061427,409815744.000000,0.188471,0,1
18,55,20,67,39,15,36,14,
128.000000,176.000000,0.063591,180297776.000000,0.172965,0,1
30,63,16,61,25,12,25,13,
148.000000,176.000000,0.062018,194718416.000000,0.424178,0,1
58,30,49,24,48,74,61,78,
333.000000,177.000000,0.052788,72419944.000000,0.104883,0,1
11,14,61,10,65,78,19,27,
272.000000,179.000000,0.052598,78432128.000000,0.179994,0,1
12,15,12,50,38,13,126,107,
311.000000,180.000000,0.053086,49412760.000000,0.132275,0,1
13,12,58,10,28,139,11,11,
367.000000,180.000000,0.050393,213348848.000000,0.487705,0,1
10,11,16,11,40,30,30,72,
263.000000,182.000000,0.054032,108861264.000000,0.197300,0,1
28,21,96,13,54,146,18,20,
79.000000,183.000000,0.064332,396228256.000000,0.215853,0,1
26,22,48,18,26,40,14,11,
223.000000,183.000000,0.053090,76172040.000000,0.250722,0,1
14,58,43,116,76,31,110,33,
224.000000,183.000000,0.054652,120730128.000000,0.255801,0,1
14,49,40,104,48,23,63,14,
369.000000,183.000000,0.050312,264068032.000000,0.476903,0,1
56,94,40,59,78,28,44,43,
252.000000,184.000000,0.059890,22830146.000000,0.058425,0,1
113,111,66,100,72,13,68,24,
163.000000,185.000000,0.058948,23162280.000000,0.378796,0,1
11,13,14,25,44,46,73,95,
260.000000,186.000000,0.050903,104779344.000000,0.078631,0,1
15,25,17,51,55,16,97,76,
292.000000,186.000000,0.054076,108541272.000000,0.160107,0,1
162,107,154,27,84,141,20,22,
304.000000,186.000000,0.052751,135890912.000000,0.141821,0,1
12,80,11,139,64,10,92,37,
302.000000,187.000000,0.053469,142031088.000000,0.146339,0,1
111,104,120,35,108,55,31,42,
623.000000,187.000000,0.046494,58657820.000000,0.244995,0,1
34,59,47,84,73,72,121,123,
277.000000,188.000000,0.055346,145960880.000000,0.183960,0,1
33,22,135,14,78,141,27,55,
423.000000,190.000000,0.069886,13320831.000000,0.786487,0,1
10,9,17,9,11,25,10,11,
31.000000,191.000000,0.066594,14656030.000000,0.262448,0,1
11,11,11,12,14,13,25,55,
32.000000,191.000000,0.071101,5775440.000000,0.171650,0,1
10,11,11,14,14,12,33,69,
201.000000,191.000000,0.060004,65292972.000000,0.318112,0,1
13,17,31,18,53,63,47,80,
339.000000,191.000000,0.050918,62590464.000000,0.076736,0,1
11,23,17,20,77,19,81,136,
424.000000,191.000000,0.068876,16029089.000000,0.774200,0,1
17,11,25,10,18,23,11,17,
434.000000,191.000000,0.066858,9532763.000000,0.705172,0,1
15,19,11,20,16,9,20,16,
302.000000,192.000000,0.054342,145092960.000000,0.150258,0,1
37,31,115,19,104,143,66,112,
340.000000,192.000000,0.051658,30204006.000000,0.052861,0,1
17,77,19,81,86,16,136,101,
423.000000,192.000000,0.069522,14884549.000000,0.789916,0,1
11,10,18,9,11,27,10,11,
63.000000,193.000000,0.064213,238966368.000000,0.228990,0,1
11,12,17,13,23,39,25,28,
171.000000,193.000000,0.058744,432604096.000000,0.364434,0,1
27,61,18,80,45,16,83,45,
231.000000,193.000000,0.056433,176180592.000000,0.259444,0,1
28,41,22,58,65,70,103,135,
367.000000,193.000000,0.049300,128361280.000000,0.488811,0,1
16,16,15,33,39,15,116,113,
424.000000,193.000000,0.068462,18586936.000000,0.776576,0,1
18,11,27,10,17,24,11,16,
99.000000,194.000000,0.062089,76218272.000000,0.158795,0,1
101,98,78,42,39,37,17,12,
167.000000,194.000000,0.060441,138841808.000000,0.384620,0,1
70,34,76,17,55,91,28,34,
368.000000,195.000000,0.052233,150033536.000000,0.078082,0,1
26,113,25,116,77,13,45,22,
434.000000,195.000000,0.067303,11037475.000000,0.320138,0,1
16,20,11,22,17,9,21,17,
352.000000,196.000000,0.030791,47352752.000000,0.395614,0,1
51,41,19,16,27,13,15,18,
113.000000,197.000000,0.064028,207586752.000000,0.155579,0,1
14,21,41,20,47,62,37,52,
178.000000,197.000000,0.061757,110047408.000000,0.131070,0,1
59,43,45,57,77,73,99,110,
184.000000,197.000000,0.052755,47069052.000000,0.087604,0,1
16,33,22,75,66,37,98,92,
262.000000,197.000000,0.054790,305664192.000000,0.205399,0,1
110,107,41,116,67,15,108,83,
383.000000,197.000000,0.050913,58898544.000000,0.076904,0,1
121,122,115,81,77,52,29,17,
570.000000,198.000000,0.063698,1588615552.000000,0.478275,0,1
111,53,150,37,111,140,52,99,
29.000000,199.000000,0.067025,1062111360.000000,0.266964,0,1
102,86,103,53,80,86,42,24,
213.000000,199.000000,0.056531,285407296.000000,0.284707,0,1
72,107,40,100,61,15,40,13,
240.000000,199.000000,0.055510,285687776.000000,0.239671,0,1
34,88,19,103,63,15,86,19,
253.000000,199.000000,0.055975,198323488.000000,0.223872,0,1
75,50,127,23,83,72,23,18,
29.000000,200.000000,0.067372,824779328.000000,0.268661,0,1
99,68,87,31,51,60,21,14,
35.000000,200.000000,0.068584,661427200.000000,0.269510,0,1
25,48,18,54,27,11,27,12,
239.000000,200.000000,0.056180,230147808.000000,0.244034,0,1
88,103,63,62,86,17,40,16,
304.000000,200.000000,0.052404,79675912.000000,0.146211,0,1
10,25,9,73,12,9,23,16,
434.000000,200.000000,0.067429,10949749.000000,0.327529,0,1
17,20,12,22,17,10,20,17,
570.000000,200.000000,0.063688,2904156672.000000,0.482915,0,1
111,52,152,41,99,130,49,96,
85.000000,201.000000,0.062243,462438656.000000,0.206550,0,1
81,64,92,41,80,86,39,38,
299.000000,201.000000,0.055350,80042864.000000,0.160192,0,1
93,66,120,31,78,61,29,28,
566.000000,203.000000,0.062713,183588160.000000,0.486178,0,1
44,34,50,35,44,42,35,44,
127.000000,205.000000,0.064738,152968928.000000,0.183571,0,1
46,62,51,52,43,18,25,11,
223.000000,205.000000,0.050922,28516144.000000,0.079570,0,1
16,22,44,31,68,93,81,98,
352.000000,205.000000,0.050644,151670352.000000,0.569896,0,1
16,24,17,60,48,14,97,68,
369.000000,205.000000,0.051002,144855296.000000,0.499046,0,1
29,26,62,18,61,60,26,37,
380.000000,205.000000,0.052096,89633072.000000,0.462000,0,1
11,12,13,27,30,50,58,51,
146.000000,206.000000,0.060218,269267360.000000,0.155381,0,1
90,66,87,29,57,59,19,13,
398.000000,206.000000,0.053428,3532139.000000,0.848909,0,1
10,12,10,18,16,13,20,18,
400.000000,206.000000,0.053971,3216911.250000,0.838926,0,1
9,10,10,16,13,11,20,16,
114.000000,207.000000,0.068392,50835316.000000,0.151805,0,1
100,82,76,29,30,34,15,14,
337.000000,207.000000,0.052836,454796672.000000,0.662844,0,1
15,29,11,92,32,19,78,34,
365.000000,207.000000,0.051740,25739784.000000,0.523503,0,1
11,11,14,13,20,24,23,32,
384.000000,207.000000,0.053221,49581272.000000,0.455692,0,1
27,39,32,38,39,38,50,45,
24.000000,208.000000,0.067030,235168256.000000,0.272166,0,1
21,35,33,76,72,62,101,106,
242.000000,208.000000,0.057657,127710520.000000,0.248087,0,1
24,22,69,40,58,70,22,14,
327.000000,208.000000,0.051826,241700752.000000,0.704815,0,1
17,13,49,10,37,100,14,27,
350.000000,208.000000,0.052502,96342152.000000,0.597837,0,1
110,99,97,39,68,51,41,48,
425.000000,208.000000,0.068248,8299919.000000,0.797525,0,1
18,9,19,7,16,16,8,14,
304.000000,209.000000,0.053317,49185276.000000,0.152645,0,1
16,16,14,25,42,15,70,77,
105.000000,210.000000,0.061552,580682560.000000,0.191440,0,1
31,57,24,74,40,17,63,55,
378.000000,210.000000,0.058477,25230226.000000,0.518610,0,1
48,57,51,53,48,42,38,32,
384.000000,210.000000,0.057544,22844084.000000,0.486954,0,1
49,48,42,38,35,32,30,31,
551.000000,210.000000,0.064220,242814528.000000,0.615081,0,1
35,35,39,54,64,74,78,84,
83.000000,211.000000,0.064997,122755240.000000,0.179906,0,1
79,84,86,49,48,39,24,14,
88.000000,211.000000,0.064339,572690496.000000,0.214347,0,1
92,89,90,41,64,85,32,37,
375.000000,211.000000,0.058824,32338988.000000,0.535333,0,1
55,50,53,43,41,38,32,31,
538.000000,211.000000,0.065253,172065920.000000,0.710265,0,1
29,31,32,44,52,59,74,66,
55.000000,212.000000,0.051176,42655352.000000,0.114611,0,1
102,79,84,53,49,34,26,13,
302.000000,212.000000,0.053538,75486272.000000,0.157041,0,1
42,22,74,14,52,99,27,42,
340.000000,212.000000,0.055119,48078752.000000,0.688157,0,1
19,25,29,35,40,42,51,68,
525.000000,212.000000,0.066148,107796344.000000,0.818374,0,1
24,24,25,30,34,40,60,45,
528.000000,212.000000,0.066026,127264880.000000,0.788938,0,1
27,25,28,36,45,55,63,43,
557.000000,212.000000,0.064806,317839136.000000,0.392939,0,1
71,84,89,102,116,129,117,95,
294.000000,213.000000,0.054140,23748534.000000,0.169931,0,1
10,12,22,24,29,31,29,41,
511.000000,213.000000,0.066947,63962708.000000,0.944518,0,1
21,20,21,24,26,31,44,36,
516.000000,213.000000,0.066818,55521828.000000,0.891737,0,1
24,23,24,33,36,37,49,35,
159.000000,214.000000,0.061551,183410208.000000,0.408096,0,1
15,17,35,23,35,62,29,14,
164.000000,214.000000,0.062384,77800640.000000,0.403456,0,1
94,87,94,66,69,63,28,15,
276.000000,214.000000,0.055212,33583008.000000,0.194859,0,1
10,10,10,22,25,15,44,47,
319.000000,214.000000,0.055349,50056440.000000,0.792714,0,1
31,30,32,34,43,39,51,63,
498.000000,214.000000,0.067696,48029368.000000,1.062585,0,1
17,18,19,21,25,25,40,36,
490.000000,215.000000,0.067853,36760228.000000,1.150260,0,1
17,18,18,21,23,26,39,30,
91.000000,216.000000,0.065684,285912416.000000,0.218414,0,1
68,40,39,21,24,19,16,23,
124.000000,216.000000,0.060519,38088848.000000,0.175840,0,1
21,14,11,21,23,26,41,22,
154.000000,216.000000,0.061684,6979845.500000,0.425114,0,1
16,32,30,16,15,13,13,15,
516.000000,216.000000,0.067530,85680776.000000,0.906025,0,1
48,34,36,34,45,53,49,43,
534.000000,216.000000,0.066869,46676396.000000,0.790407,0,1
57,77,77,59,60,62,62,63,
536.000000,216.000000,0.067087,26822006.000000,0.782388,0,1
72,77,76,60,62,65,64,63,
253.000000,217.000000,0.057284,42704344.000000,0.241085,0,1
10,15,18,29,34,43,52,61,
259.000000,217.000000,0.058682,90624408.000000,0.230920,0,1
44,43,46,62,73,63,92,96,
432.000000,217.000000,0.065715,1403858.750000,0.749963,0,1
15,13,15,7,10,13,7,8,
471.000000,217.000000,0.069899,25605314.000000,1.370652,0,1
14,14,15,16,19,21,29,24,
478.000000,217.000000,0.068956,35173100.000000,1.300422,0,1
15,17,20,22,29,34,29,17,
490.000000,217.000000,0.068997,25846110.000000,1.154960,0,1
23,39,41,31,30,30,22,27,
520.000000,217.000000,0.067679,28408106.000000,0.913655,0,1
43,55,61,50,50,50,46,48,
204.000000,218.000000,0.058302,174397296.000000,0.314091,0,1
15,20,51,20,74,94,41,41,
209.000000,218.000000,0.053882,200548944.000000,0.100452,0,1
12,40,16,79,36,16,41,33,
243.000000,218.000000,0.057825,31889164.000000,0.257318,0,1
10,13,14,21,28,35,43,57,
462.000000,218.000000,0.070580,17886806.000000,0.603983,0,1
12,13,13,16,19,19,27,19,
481.000000,218.000000,0.068254,40626604.000000,1.277040,0,1
23,34,37,27,25,22,17,23,
107.000000,219.000000,0.068451,177432240.000000,0.216755,0,1
87,86,84,32,26,22,16,13,
180.000000,219.000000,0.057425,55375432.000000,0.128126,0,1
17,15,15,26,47,37,78,92,
221.000000,220.000000,0.058267,31125048.000000,0.292125,0,1
12,13,18,25,26,33,40,49,
353.000000,220.000000,0.064314,73048800.000000,0.128871,0,1
42,53,26,68,38,17,51,37,
443.000000,220.000000,0.072811,16501394.000000,0.733547,0,1
12,10,12,9,14,16,16,16,
71.000000,221.000000,0.067001,378030656.000000,0.240187,0,1
85,73,79,48,55,46,17,12,
388.000000,221.000000,0.062078,40455192.000000,0.518663,0,1
35,40,22,41,28,20,35,25,
199.000000,222.000000,0.058736,72624008.000000,0.325433,0,1
14,28,23,44,39,35,50,54,
266.000000,222.000000,0.063552,73583216.000000,0.239850,0,1
58,68,56,95,72,55,91,75,
296.000000,222.000000,0.058787,28403184.000000,0.184053,0,1
48,52,41,75,68,40,100,62,
305.000000,222.000000,0.067011,54220160.000000,0.065151,0,1
39,42,44,73,91,95,98,53,
312.000000,222.000000,0.065140,142068352.000000,0.098372,0,1
39,41,40,93,83,49,93,41,
143.000000,223.000000,0.059985,195880432.000000,0.162947,0,1
12,10,24,10,21,94,13,21,
174.000000,223.000000,0.061218,47889712.000000,0.382663,0,1
11,11,15,15,18,26,34,60,
607.000000,223.000000,0.078275,129557432.000000,0.457042,0,1
160,146,149,152,159,173,170,137,
172.000000,224.000000,0.060750,58528100.000000,0.400683,0,1
10,13,16,24,31,37,52,71,
184.000000,224.000000,0.059983,26954322.000000,0.357890,0,1
30,41,42,50,50,51,55,55,
254.000000,224.000000,0.065807,12756204.000000,0.270360,0,1
53,54,56,51,53,53,44,40,
264.000000,224.000000,0.066037,96556384.000000,0.254301,0,1
95,89,91,61,71,75,53,46,
303.000000,224.000000,0.068951,132574664.000000,0.203219,0,1
73,68,98,49,52,53,34,30,
305.000000,224.000000,0.070244,80919496.000000,0.070575,0,1
91,98,97,52,53,44,35,31,
312.000000,224.000000,0.068434,149259728.000000,0.103455,0,1
83,93,81,41,41,33,36,37,
327.000000,224.000000,0.068241,148637200.000000,0.171943,0,1
91,69,94,34,42,53,32,35,
331.000000,224.000000,0.067605,284905600.000000,0.099643,0,1
175,127,116,53,54,46,44,36,
366.000000,224.000000,0.069297,33183112.000000,0.667325,0,1
37,30,37,22,25,29,22,21,
370.000000,224.000000,0.071696,49770652.000000,0.662666,0,1
50,43,45,29,34,36,22,20,
377.000000,224.000000,0.070187,44820284.000000,0.617931,0,1
54,42,37,31,27,24,23,21,
386.000000,224.000000,0.069351,21560522.000000,1.144881,0,1
36,27,26,24,23,22,24,23,
618.000000,224.000000,0.079364,177362976.000000,0.441602,0,1
204,178,169,144,142,141,135,132,
628.000000,224.000000,0.078377,74473984.000000,0.457092,0,1
191,161,163,144,148,154,136,136,
161.000000,225.000000,0.061909,44027060.000000,0.415171,0,1
10,11,12,23,25,29,41,50,
257.000000,225.000000,0.065199,18599596.000000,0.264224,0,1
56,53,55,45,45,45,40,38,
273.000000,225.000000,0.066917,21830090.000000,0.246576,0,1
57,52,52,52,43,45,43,39,
543.000000,225.000000,0.080157,6215878.000000,0.800710,0,1
63,61,62,56,57,57,52,50,
597.000000,225.000000,0.080045,150679088.000000,0.606226,0,1
135,137,146,138,142,143,122,116,
604.000000,225.000000,0.080814,80225512.000000,0.487599,0,1
150,168,170,143,140,138,126,125,
102.000000,226.000000,0.065229,199819104.000000,0.211575,0,1
14,23,16,59,49,18,82,52,
156.000000,226.000000,0.061489,49318808.000000,0.424881,0,1
10,18,20,31,35,39,48,51,
192.000000,226.000000,0.068679,6216178.500000,0.388332,0,1
52,56,55,52,51,50,46,44,
208.000000,226.000000,0.072992,6423541.500000,0.377729,0,1
53,50,49,46,46,44,43,39,
404.000000,226.000000,0.077096,3617235.500000,1.045564,0,1
9,11,10,12,12,12,14,17,
422.000000,227.000000,0.076566,10135064.000000,0.923171,0,1
9,9,10,13,12,15,18,20,
591.000000,227.000000,0.084373,80292560.000000,0.630036,0,1
132,128,126,115,113,113,105,100,
437.000000,228.000000,0.076890,7990577.000000,0.819053,0,1
17,16,16,22,20,20,26,24,
576.000000,228.000000,0.084455,33682552.000000,0.640333,0,1
100,104,107,95,98,97,85,82,
568.000000,229.000000,0.087731,31249738.000000,0.687267,0,1
83,94,95,80,82,82,73,72,
55.000000,230.000000,0.063342,173079824.000000,0.239291,0,1
10,12,9,19,17,10,34,32,
236.000000,230.000000,0.074221,5709337.500000,0.337962,0,1
45,42,41,38,37,34,34,28,
551.000000,231.000000,0.085182,28187188.000000,0.798365,0,1
57,64,67,56,56,56,49,49,
555.000000,231.000000,0.084615,22790420.000000,0.770589,0,1
65,69,72,56,57,58,53,51,
451.000000,232.000000,0.081873,2217443.000000,0.782324,0,1
22,22,22,29,26,25,30,28,
546.000000,232.000000,0.085659,33255462.000000,0.842142,0,1
57,60,59,50,49,49,46,44,
31.000000,233.000000,0.064483,203663088.000000,0.261388,0,1
11,20,17,35,35,25,54,24,
32.000000,233.000000,0.064094,177574912.000000,0.258969,0,1
10,18,14,36,33,18,53,21,
60.000000,233.000000,0.065755,25440296.000000,0.246761,0,1
12,16,14,22,20,24,29,35,
537.000000,233.000000,0.085877,19079078.000000,0.914951,0,1
48,52,52,46,46,44,41,39,
527.000000,234.000000,0.086797,21805380.000000,1.001600,0,1
41,44,45,40,40,39,34,31,
529.000000,234.000000,0.086491,26839996.000000,0.982693,0,1
44,45,46,40,39,39,32,31,
70.000000,235.000000,0.073711,11297702.000000,0.273044,0,1
29,36,39,39,45,51,44,42,
173.000000,235.000000,0.073350,35258484.000000,0.454667,0,1
49,44,35,51,41,33,49,37,
40.000000,236.000000,0.069078,28898906.000000,0.276527,0,1
10,12,12,21,19,20,28,32,
466.000000,236.000000,0.088349,2508771.750000,1.580877,0,1
23,25,23,31,29,27,32,28,
167.000000,237.000000,0.075257,54741032.000000,0.481979,0,1
36,32,46,30,39,53,34,39,
335.000000,237.000000,0.080082,11180596.000000,0.973300,0,1
32,31,36,24,25,24,21,18,
336.000000,237.000000,0.080953,13023398.000000,0.203705,0,1
34,36,31,24,26,23,21,18,
475.000000,238.000000,0.089228,2157830.000000,1.567869,0,1
24,24,24,32,28,25,33,30,
482.000000,238.000000,0.090169,12901974.000000,1.483397,0,1
26,25,26,26,28,30,32,33,
498.000000,238.000000,0.088627,9509000.000000,1.300077,0,1
34,34,34,31,30,29,27,27,
66.000000,240.000000,0.073620,4711573.000000,0.277809,0,1
38,37,36,39,35,31,33,28,
63.000000,242.000000,0.073752,7316766.000000,0.281552,0,1
39,43,38,41,35,29,31,28,
482.000000,242.000000,0.090230,3148917.750000,1.532305,0,1
33,32,34,25,27,30,25,25,
171.000000,244.000000,0.082867,20978976.000000,0.514406,0,1
32,36,25,36,27,20,32,25,
495.000000,245.000000,0.095004,2833409.500000,1.412922,0,1
31,34,35,26,29,34,24,24,
496.000000,245.000000,0.095624,3043929.250000,1.402720,0,1
29,34,35,28,31,34,23,25,
504.000000,247.000000,0.099396,2095746.125000,1.340872,0,1
32,35,35,28,31,34,27,25,
512.000000,247.000000,0.099959,1891167.875000,1.277404,0,1
26,28,26,34,31,27,36,33,
507.000000,248.000000,0.098660,2299253.500000,1.327517,0,1
34,34,36,27,31,35,26,25,
621.000000,250.000000,0.112420,47538196.000000,0.679903,0,1
90,95,93,88,86,83,77,72,
528.000000,251.000000,0.104024,2982173.750000,1.128026,0,1
27,26,25,33,30,26,36,34,
523.000000,252.000000,0.104353,2911951.500000,1.202529,0,1
32,36,35,28,32,35,26,24,
535.000000,256.000000,0.109668,2594836.750000,1.127483,0,1
37,33,36,27,29,32,26,25,
540.000000,257.000000,0.110601,3158208.000000,1.085868,0,1
36,34,37,27,29,33,24,24,
388.000000,258.000000,0.055450,2353043.000000,0.177658,0,1
31,31,26,30,25,21,26,22,
367.000000,259.000000,0.103237,1448925.500000,0.271829,0,1
28,25,35,21,29,35,22,24,
268.000000,260.000000,0.098012,5552031.500000,0.390488,0,1
33,29,32,26,27,27,25,24,
369.000000,260.000000,0.064937,1026931.875000,0.160727,0,1
35,35,32,25,28,29,25,24,
285.000000,261.000000,0.100661,8220318.500000,0.382567,0,1
42,45,39,36,36,32,30,30,
324.000000,269.000000,0.061876,2300960.750000,1.202153,0,1
31,36,33,34,32,29,28,27,
166.000000,270.000000,0.114664,1593323.875000,0.716766,0,1
21,21,22,23,25,27,27,29,
276.000000,270.000000,0.107637,8900793.000000,1.812393,0,1
33,33,30,30,27,22,24,23,
312.000000,270.000000,0.113234,13227995.000000,1.461256,0,1
27,29,27,32,31,26,34,33,
596.000000,271.000000,0.129356,11084010.000000,0.890338,0,1
66,58,61,48,51,54,42,43,
248.000000,273.000000,0.124411,2531742.500000,0.533777,0,1
29,29,31,30,35,36,38,36,
583.000000,273.000000,0.128512,7468621.000000,0.958417,0,1
48,49,53,44,45,45,40,39,
586.000000,273.000000,0.131558,18992700.000000,0.959678,0,1
47,54,53,45,46,44,41,39,
606.000000,273.000000,0.133393,16902752.000000,0.868494,0,1
56,56,59,50,49,49,42,44,
612.000000,274.000000,0.131588,18533680.000000,0.853233,0,1
54,55,60,49,56,63,43,44,
288.000000,275.000000,0.122875,12285944.000000,1.770562,0,1
27,29,27,35,34,31,39,38,
223.000000,276.000000,0.126209,5658087.500000,0.617931,0,1
23,22,23,24,26,29,30,35,
266.000000,276.000000,0.139545,1265908.250000,0.539294,0,1
26,29,27,34,30,25,33,30,
332.000000,276.000000,0.049610,4096790.250000,0.207081,0,1
33,31,34,25,30,30,24,26,
225.000000,277.000000,0.121386,4787181.500000,0.580684,0,1
24,28,30,32,36,39,37,33,
71.000000,278.000000,0.115730,1835370.875000,0.312775,0,1
29,32,25,35,28,22,30,27,
176.000000,282.000000,0.114884,1576191.500000,0.702806,0,1
23,24,25,28,29,30,33,33,
238.000000,282.000000,0.083110,4471808.500000,0.468626,0,1
31,28,27,26,24,25,20,23,
140.000000,284.000000,0.128598,3380015.750000,0.880276,0,1
19,20,19,20,20,19,21,22,
77.000000,285.000000,0.117075,2426904.000000,0.396725,0,1
27,32,27,36,27,22,21,17,
208.000000,288.000000,0.065024,4180890.500000,0.380575,0,1
25,24,26,22,25,28,23,23,
252.000000,288.000000,0.056314,1023818.375000,0.140820,0,1
22,21,23,20,21,21,20,20,
284.000000,288.000000,0.076166,456449.093750,0.310126,0,1
26,23,24,21,23,23,20,19,
288.000000,288.000000,0.078549,809040.750000,1.726229,0,1
26,24,23,23,22,22,21,19,
166.000000,290.000000,0.060036,2751675.750000,0.445880,0,1
34,30,38,26,33,37,27,28,
186.000000,290.000000,0.062893,3566918.000000,0.185783,0,1
26,28,23,30,26,20,27,24,
158.000000,294.000000,0.092003,1166248.750000,0.635224,0,1
26,30,23,30,25,21,27,24,
29.000000,262.000000,0.100782,14615184.000000,0.452137,0,1
33,35,35,33,31,28,24,22,
104.000000,227.000000,0.063902,233756752.000000,0.205666,0,1
12,31,11,66,26,11,35,17,
135.000000,216.000000,0.067562,143835328.000000,0.114772,0,1
102,78,94,35,64,57,27,17,
613.000000,140.000000,0.047116,1040609344.000000,0.167137,0,1
91,87,160,104,185,249,149,203,
570.000000,208.000000,0.063489,2877162752.000000,0.502657,0,1
75,42,118,35,81,137,44,127,
248.000000,208.000000,0.057520,81923032.000000,0.238750,0,1
101,102,78,68,57,40,19,15,
167.000000,207.000000,0.059762,271017856.000000,0.374153,0,1
12,32,12,79,37,19,75,96,
178.000000,205.000000,0.060106,233154768.000000,0.372255,0,1
72,58,69,27,46,71,21,24,
292.000000,204.000000,0.053421,138117456.000000,0.165561,0,1
119,99,111,75,92,77,30,14,
317.000000,202.000000,0.053429,145318624.000000,0.134584,0,1
141,119,146,73,95,82,34,15,
111.000000,149.000000,0.064762,431502592.000000,0.189611,0,1
19,19,43,14,31,69,19,34,
128.000000,202.000000,0.063378,350658976.000000,0.177642,0,1
14,39,14,67,30,15,46,51,
77.000000,202.000000,0.064992,44205716.000000,0.135889,0,1
57,38,56,22,40,34,20,12,
85.000000,198.000000,0.062617,414647264.000000,0.207332,0,1
19,24,49,24,59,94,56,82,
108.000000,196.000000,0.063222,250521696.000000,0.191473,0,1
67,84,47,54,42,16,22,12,
577.000000,151.000000,0.048877,278170976.000000,0.135189,0,1
118,78,153,70,183,193,116,153,
650.000000,151.000000,0.046978,1747560704.000000,0.273532,0,1
155,118,189,113,148,199,103,136,
574.000000,152.000000,0.049570,643953344.000000,0.135237,0,1
91,126,70,140,94,116,123,89,
146.000000,154.000000,0.061851,198134016.000000,0.151268,0,1
83,78,84,30,54,91,20,23,
620.000000,193.000000,0.046443,241855728.000000,0.242057,0,1
67,60,79,61,83,99,73,96,
602.000000,192.000000,0.048872,456670272.000000,0.346756,0,1
93,80,112,72,87,86,60,56,
599.000000,192.000000,0.048216,785422528.000000,0.337239,0,1
89,119,78,109,94,71,76,74,
599.000000,191.000000,0.048099,661250432.000000,0.336219,0,1
72,97,71,119,105,80,107,71,
589.000000,159.000000,0.047300,358202656.000000,0.253210,0,1
91,74,114,142,158,210,207,145,
650.000000,159.000000,0.046843,1661638144.000000,0.272562,0,1
141,111,179,110,139,195,104,127,
570.000000,186.000000,0.063598,2007703040.000000,0.447935,0,1
99,65,138,45,115,103,47,85,
141.000000,160.000000,0.054831,166490064.000000,0.084262,0,1
11,47,16,101,67,19,107,95,
565.000000,161.000000,0.063247,1221857792.000000,0.265510,0,1
113,81,151,52,164,201,90,110,
193.000000,183.000000,0.058735,8298009.000000,0.088604,0,1
13,14,14,25,29,27,90,141,
92.000000,181.000000,0.062893,701474048.000000,0.200295,0,1
51,76,38,93,61,21,59,23,
80.000000,167.000000,0.062557,444393184.000000,0.169639,0,1
92,91,70,90,60,22,79,36,
82.000000,180.000000,0.065379,471351456.000000,0.217017,0,1
23,23,38,27,54,75,63,80,
143.000000,178.000000,0.063525,271163200.000000,0.160396,0,1
16,20,43,19,49,76,38,34,
111.000000,177.000000,0.062680,169586704.000000,0.184127,0,1
17,16,31,18,31,46,32,41,
652.000000,176.000000,0.046923,2183684608.000000,0.275340,0,1
176,130,191,79,152,171,101,156,
29.000000,170.000000,0.067184,252553120.000000,0.264657,0,1
95,85,71,58,50,32,17,12,
86.000000,174.000000,0.064384,605491008.000000,0.209577,0,1
21,31,55,37,78,91,79,108,
192.000000,168.000000,0.053879,318279712.000000,0.095916,0,1
209,67,201,18,60,96,16,13,
173.000000,178.000000,0.059558,444361120.000000,0.362432,0,1
51,58,101,35,72,81,22,12,
79.000000,231.000000,0.065139,13246109.000000,0.229943,0,1
8,9,9,13,16,19,27,38,
143.000000,227.000000,0.061921,68156272.000000,0.170443,0,1
21,14,28,26,31,42,38,49,
327.000000,221.000000,0.066346,136574592.000000,0.163275,0,1
56,44,53,38,54,79,67,85,
232.000000,215.000000,0.054883,103794144.000000,0.254366,0,1
16,13,12,40,18,10,52,35,
134.000000,215.000000,0.067025,83451648.000000,0.101036,0,1
70,47,102,27,78,94,35,27,
114.000000,214.000000,0.059921,621034432.000000,0.180495,0,1
40,58,27,68,39,15,45,21,
264.000000,143.000000,0.066443,3131521.500000,0.230640,0,1
9,10,10,14,14,11,30,18,
212.000000,189.000000,0.057814,391320160.000000,0.289415,0,1
94,57,98,18,51,65,16,12,
82.000000,191.000000,0.061647,398940256.000000,0.167536,0,1
14,45,19,70,40,13,55,25,
111.000000,203.000000,0.063882,467573792.000000,0.192979,0,1
22,25,50,27,61,78,63,86,
209.000000,148.000000,0.058673,215649568.000000,0.293436,0,1
94,108,81,93,58,28,36,10,
229.000000,200.000000,0.057530,337611584.000000,0.264438,0,1
108,74,105,26,67,76,23,15,
326.000000,194.000000,0.051975,141411808.000000,0.117952,0,1
169,148,150,70,78,88,27,16,
379.000000,174.000000,0.049208,247758672.000000,0.423735,0,1
16,15,50,16,61,103,59,86,
74.000000,233.000000,0.065354,34925096.000000,0.235071,0,1
12,20,22,31,36,39,47,51,
80.000000,232.000000,0.065322,17660972.000000,0.230267,0,1
9,16,19,27,30,32,38,40,
424.000000,200.000000,0.068210,16221109.000000,0.366926,0,1
15,10,25,9,14,25,10,12,
247.000000,201.000000,0.055579,250193504.000000,0.230487,0,1
15,56,16,85,62,23,104,110,
210.000000,162.000000,0.057866,402545216.000000,0.288703,0,1
73,51,103,21,83,118,25,17,
566.000000,130.000000,0.123584,15409755.000000,0.886971,0,1
22,31,34,15,17,19,10,10,
206.000000,202.000000,0.057561,522322976.000000,0.301420,0,1
112,97,132,32,88,131,31,41,
278.000000,223.000000,0.064978,50945252.000000,0.227286,0,1
70,83,68,53,53,49,50,47,
320.000000,202.000000,0.052778,153476432.000000,0.747075,0,1
136,139,98,89,71,39,28,14,
99.000000,215.000000,0.066743,315312992.000000,0.215757,0,1
26,22,44,25,49,79,62,67,
384.000000,191.000000,0.049663,67441144.000000,0.086287,0,1
16,39,20,127,47,26,130,141,
143.000000,205.000000,0.060944,423859264.000000,0.159449,0,1
31,20,55,14,28,66,15,14,
