# timestamp
1608635208247987712

# fx, fy, cx, cy, width, height, npoints
501.483917,501.475464,421.792114,167.664734,800,400,653

# camToWorld: translation vector, rotation quaternion
-31.967983,69.548082,6.993954,-0.033048,-0.723642,0.689281,0.011908

# Exposure time (ms)
0.267281

# Point Cloud Data : 
# u,v,idepth_scaled,idepth_hessian,maxRelBaseline,numGoodRes,status 
# color information 
743.000000,27.000000,0.046412,120069640.000000,0.651743,0,1
80,74,85,79,80,88,75,85,
755.000000,39.000000,0.056005,200396928.000000,0.617790,0,1
77,82,69,86,80,69,83,80,
741.000000,42.000000,0.051055,282886112.000000,0.679294,0,1
71,65,69,63,70,83,71,78,
758.000000,44.000000,0.050313,250158032.000000,0.676868,0,1
74,78,64,73,69,56,66,66,
747.000000,56.000000,0.051819,78835288.000000,0.403289,0,1
60,70,58,76,70,58,78,72,
751.000000,56.000000,0.052586,132644232.000000,0.695589,0,1
63,58,75,58,61,65,56,57,
758.000000,60.000000,0.052357,118442040.000000,0.573922,0,1
66,68,68,54,61,70,49,52,
729.000000,103.000000,0.017121,622104768.000000,0.261934,0,1
21,17,35,17,35,36,23,43,
759.000000,111.000000,0.033442,154836832.000000,0.488814,0,1
40,30,39,22,31,37,19,17,
724.000000,137.000000,0.035023,17735384.000000,0.458796,0,1
30,32,25,30,26,19,26,20,
728.000000,214.000000,0.090197,41279516.000000,0.933534,0,1
8,9,9,19,20,21,27,28,
729.000000,218.000000,0.087582,6789814.000000,0.915964,0,1
28,26,26,18,17,18,15,16,
736.000000,218.000000,0.093485,10878452.000000,0.967058,0,1
28,26,25,19,19,19,15,18,
723.000000,246.000000,0.093750,62987864.000000,0.840154,0,1
10,14,13,25,24,23,32,36,
730.000000,246.000000,0.095358,61447624.000000,0.865570,0,1
12,12,12,21,20,19,30,36,
686.000000,248.000000,0.141394,847407936.000000,1.098978,0,1
39,66,40,83,54,39,81,66,
719.000000,256.000000,0.114562,152220704.000000,1.100651,0,1
41,42,41,46,45,45,51,56,
723.000000,257.000000,0.114978,164843088.000000,1.114885,0,1
40,45,44,51,50,48,56,53,
731.000000,258.000000,0.117112,157286656.000000,1.147259,0,1
44,45,48,50,50,52,55,56,
688.000000,272.000000,0.142537,87229512.000000,1.174119,0,1
42,40,44,31,36,47,25,39,
694.000000,273.000000,0.138630,166226032.000000,1.180489,0,1
49,51,51,54,55,57,59,59,
686.000000,274.000000,0.142628,139724336.000000,1.164954,0,1
31,23,25,32,34,39,50,56,
681.000000,283.000000,0.148928,33919384.000000,1.215903,0,1
64,59,58,63,65,65,67,68,
90.000000,295.000000,0.149705,36066436.000000,4.941394,0,1
62,64,63,68,69,71,83,86,
528.000000,296.000000,0.157834,5962708.000000,1.149164,0,1
54,52,53,50,51,53,49,47,
56.000000,297.000000,0.151118,31494156.000000,5.707174,0,1
62,63,63,69,68,71,80,81,
91.000000,298.000000,0.149873,25682086.000000,4.934712,0,1
85,86,85,75,72,71,65,63,
632.000000,88.000000,0.004131,124730296.000000,0.036227,0,1
77,77,61,77,73,62,76,70,
710.000000,20.000000,0.048391,13288053.000000,0.527134,0,1
97,97,92,96,92,87,92,83,
734.000000,26.000000,0.043585,17590508.000000,0.344258,0,1
95,94,92,91,93,85,89,78,
699.000000,28.000000,0.049227,103617456.000000,0.618781,0,1
89,90,79,91,83,77,87,83,
739.000000,30.000000,0.042284,99028024.000000,0.602500,0,1
88,90,80,89,80,81,83,73,
724.000000,31.000000,0.045059,123084664.000000,0.619986,0,1
82,75,82,68,75,85,72,79,
731.000000,40.000000,0.044662,48049740.000000,0.372970,0,1
80,81,66,82,68,63,74,67,
740.000000,40.000000,0.045823,26720486.000000,0.382572,0,1
76,74,81,67,74,66,70,64,
731.000000,45.000000,0.050194,149693152.000000,0.529224,0,1
70,73,61,75,71,65,78,67,
713.000000,48.000000,0.046094,73279280.000000,0.245448,0,1
79,82,61,78,77,57,78,66,
731.000000,60.000000,0.049682,64888172.000000,0.649015,0,1
71,76,65,76,74,62,77,68,
686.000000,61.000000,0.045074,217671344.000000,0.524006,0,1
57,45,59,50,61,70,53,57,
738.000000,65.000000,0.044324,100652608.000000,0.304908,0,1
67,67,77,59,70,78,63,61,
686.000000,82.000000,0.042138,32315294.000000,0.273761,0,1
72,59,66,56,59,58,53,51,
681.000000,84.000000,0.048567,62106088.000000,0.518725,0,1
73,73,60,66,66,59,63,61,
733.000000,85.000000,0.043856,83022952.000000,0.296111,0,1
47,48,29,41,35,23,35,20,
682.000000,93.000000,0.047986,83506712.000000,0.422688,0,1
49,61,53,68,61,54,71,71,
635.000000,97.000000,0.002805,572464576.000000,0.034696,0,1
63,45,68,44,55,67,37,48,
701.000000,107.000000,0.018782,87996128.000000,0.195913,0,1
34,42,25,48,33,25,43,28,
685.000000,109.000000,0.043342,156161152.000000,0.388151,0,1
60,47,54,39,49,59,46,26,
706.000000,214.000000,0.087030,26300354.000000,0.848529,0,1
14,14,14,17,18,19,24,27,
712.000000,214.000000,0.087608,26785978.000000,0.868899,0,1
14,15,17,19,19,22,27,28,
654.000000,217.000000,0.150712,112001008.000000,0.979052,0,1
23,18,29,17,23,31,18,23,
704.000000,218.000000,0.082619,8013977.000000,0.839895,0,1
26,24,24,19,19,19,15,18,
711.000000,218.000000,0.085403,16364289.000000,0.861311,0,1
28,26,26,18,18,18,14,18,
714.000000,218.000000,0.087270,18631716.000000,0.883308,0,1
28,26,25,18,17,16,14,17,
651.000000,225.000000,0.150628,237296416.000000,0.975790,0,1
22,30,22,38,27,22,42,31,
544.000000,234.000000,0.086656,1116721.625000,0.418523,0,1
24,21,26,19,23,27,18,17,
678.000000,234.000000,0.137429,945710976.000000,0.959868,0,1
34,67,26,85,59,26,83,81,
48.000000,236.000000,0.088303,12284115.000000,1.626949,0,1
61,61,59,65,66,65,69,65,
57.000000,236.000000,0.086434,25845048.000000,1.559672,0,1
57,58,58,67,65,63,69,61,
679.000000,236.000000,0.137881,729355776.000000,0.969418,0,1
32,73,29,85,59,25,84,82,
662.000000,239.000000,0.149669,1227107456.000000,1.028653,0,1
66,39,76,35,64,82,39,62,
655.000000,242.000000,0.150765,84808520.000000,1.015888,0,1
28,23,32,20,27,33,22,27,
712.000000,246.000000,0.092505,90900816.000000,0.807782,0,1
13,17,17,28,27,28,35,38,
672.000000,252.000000,0.140088,293342112.000000,1.060199,0,1
83,71,68,55,53,50,45,43,
71.000000,257.000000,0.109726,13219317.000000,1.769015,0,1
58,59,60,63,63,64,68,70,
69.000000,258.000000,0.109518,13379320.000000,1.780808,0,1
59,61,63,68,69,68,73,64,
85.000000,259.000000,0.110000,9382657.000000,1.691242,0,1
66,73,74,66,67,68,65,63,
69.000000,260.000000,0.110419,11987128.000000,1.784265,0,1
69,73,71,65,64,63,62,60,
655.000000,271.000000,0.150099,103527960.000000,1.101690,0,1
27,23,32,22,26,35,23,26,
680.000000,272.000000,0.140923,61949976.000000,1.049863,0,1
40,37,37,30,27,27,19,21,
664.000000,274.000000,0.145292,108800592.000000,1.123612,0,1
35,32,29,35,24,20,29,29,
679.000000,275.000000,0.143257,243076816.000000,1.072961,0,1
19,18,21,35,38,41,53,60,
486.000000,276.000000,0.139582,4415823.000000,1.114058,0,1
58,57,58,56,57,55,52,49,
540.000000,278.000000,0.150138,3790527.250000,0.977733,0,1
39,40,42,42,42,45,45,49,
672.000000,282.000000,0.148209,127905528.000000,1.185170,0,1
57,54,56,64,60,61,66,66,
108.000000,292.000000,0.149248,17803680.000000,4.578963,0,1
62,63,60,61,59,59,60,66,
294.000000,292.000000,0.151020,4130032.000000,3.997625,0,1
56,59,52,59,53,54,57,50,
360.000000,292.000000,0.155064,6150982.500000,2.665339,0,1
50,54,50,56,53,51,54,56,
118.000000,293.000000,0.148781,67732688.000000,4.388867,0,1
59,57,56,61,62,63,73,77,
126.000000,293.000000,0.148514,90973216.000000,4.239183,0,1
58,58,60,66,68,70,81,75,
111.000000,294.000000,0.148846,70205528.000000,4.528543,0,1
59,57,58,65,66,66,77,72,
103.000000,295.000000,0.148958,66863516.000000,4.678967,0,1
61,63,64,74,74,73,79,67,
126.000000,295.000000,0.148406,74422880.000000,1.829307,0,1
68,81,79,77,75,76,65,61,
112.000000,294.000000,0.148843,71845856.000000,4.501005,0,1
58,58,58,66,66,70,78,72,
133.000000,293.000000,0.147919,125443704.000000,4.106341,0,1
59,60,60,74,72,73,78,70,
719.000000,20.000000,0.036692,7189755.000000,0.532397,0,1
98,97,92,96,90,83,88,82,
668.000000,281.000000,0.148872,177060160.000000,1.156283,0,1
47,41,40,61,62,56,66,67,
452.000000,280.000000,0.137406,2060827.375000,1.369403,0,1
59,56,58,53,56,57,53,54,
656.000000,260.000000,0.150218,90845000.000000,1.064488,0,1
32,26,35,23,31,36,26,32,
721.000000,49.000000,0.045567,170363184.000000,0.470786,0,1
67,59,78,53,70,71,61,69,
679.000000,252.000000,0.139767,317219456.000000,1.080403,0,1
78,62,59,48,47,47,45,45,
662.000000,237.000000,0.149682,1264220928.000000,1.024060,0,1
65,42,78,35,66,83,39,64,
710.000000,75.000000,0.043140,1461934208.000000,0.531535,0,1
48,60,35,64,49,32,56,45,
40.000000,231.000000,0.080336,15063256.000000,1.559135,0,1
62,74,70,68,63,60,62,60,
734.000000,83.000000,0.043780,320785472.000000,0.558818,0,1
48,51,33,53,35,25,42,27,
672.000000,224.000000,0.136013,144273760.000000,0.918155,0,1
19,21,20,42,41,23,72,83,
671.000000,223.000000,0.136311,190911744.000000,0.981969,0,1
17,19,19,21,21,20,42,72,
694.000000,218.000000,0.079848,9583871.000000,0.814888,0,1
24,24,24,18,18,18,14,15,
697.000000,214.000000,0.084038,23677486.000000,0.818402,0,1
13,11,10,15,15,15,22,24,
248.000000,294.000000,0.147807,13926412.000000,2.459459,0,1
60,56,57,53,54,55,51,51,
414.000000,268.000000,0.127079,7043729.000000,1.622867,0,1
62,63,61,61,60,57,59,56,
623.000000,267.000000,0.134074,62762372.000000,0.952676,0,1
16,17,16,26,23,22,31,31,
719.000000,51.000000,0.046779,263501088.000000,0.597709,0,1
53,48,61,45,57,69,41,50,
718.000000,21.000000,0.031849,23855012.000000,0.528200,0,1
97,96,90,96,88,81,92,87,
712.000000,30.000000,0.044345,118878976.000000,0.578252,0,1
81,76,86,74,84,89,79,81,
706.000000,48.000000,0.042872,424733216.000000,0.556799,0,1
72,59,71,51,64,74,53,63,
705.000000,53.000000,0.038001,82203224.000000,0.240354,0,1
57,59,55,69,64,63,71,73,
699.000000,58.000000,0.047443,465252448.000000,0.567363,0,1
68,63,58,69,62,62,59,56,
718.000000,61.000000,0.043802,801584640.000000,0.560643,0,1
58,46,60,42,55,67,59,72,
705.000000,62.000000,0.044512,151150784.000000,0.538821,0,1
74,72,65,75,71,76,74,80,
720.000000,74.000000,0.044679,310174752.000000,0.561883,0,1
71,65,67,60,66,46,58,56,
678.000000,88.000000,0.040945,33021496.000000,0.376181,0,1
61,71,54,73,66,49,73,71,
708.000000,90.000000,0.042819,65340472.000000,0.263036,0,1
44,43,35,38,30,21,19,15,
748.000000,90.000000,0.017171,689697024.000000,0.206924,0,1
25,35,21,42,31,18,41,28,
749.000000,97.000000,0.016977,883735808.000000,0.278647,0,1
21,35,19,46,23,16,35,21,
735.000000,143.000000,0.031310,70637920.000000,0.434904,0,1
21,20,29,17,28,33,21,24,
400.000000,149.000000,0.015975,5318758.500000,0.160494,0,1
55,44,52,34,46,41,34,29,
675.000000,170.000000,0.066937,24146288.000000,0.643395,0,1
9,13,8,16,13,10,20,22,
692.000000,172.000000,0.074884,11021849.000000,0.716286,0,1
11,11,12,17,16,17,21,21,
48.000000,181.000000,0.059847,4926788.000000,1.218073,0,1
25,27,27,27,28,29,39,55,
633.000000,226.000000,0.115858,21644064.000000,0.793184,0,1
34,32,33,27,28,28,24,24,
68.000000,237.000000,0.085567,22746400.000000,1.499669,0,1
60,69,69,66,66,64,59,58,
128.000000,257.000000,0.108113,86512600.000000,3.633833,0,1
78,82,81,67,66,65,62,60,
95.000000,259.000000,0.109253,46732280.000000,1.632805,0,1
76,72,70,66,66,64,64,63,
632.000000,264.000000,0.132473,33012368.000000,1.368472,0,1
16,18,16,21,19,17,22,24,
594.000000,266.000000,0.131272,56320540.000000,0.879714,0,1
20,26,23,36,33,29,38,37,
608.000000,267.000000,0.133761,56440584.000000,0.920607,0,1
17,20,19,25,25,24,32,36,
612.000000,267.000000,0.134318,41301348.000000,0.931038,0,1
14,17,16,24,22,20,30,34,
622.000000,267.000000,0.133721,41394120.000000,0.951382,0,1
17,17,16,28,24,22,30,31,
368.000000,268.000000,0.124711,8003010.500000,2.227340,0,1
67,64,65,61,61,62,62,61,
518.000000,268.000000,0.130357,22911038.000000,0.901032,0,1
51,57,56,50,50,48,46,46,
153.000000,288.000000,0.143190,102436344.000000,1.626900,0,1
60,59,70,60,81,91,79,90,
141.000000,292.000000,0.147146,264198576.000000,3.962807,0,1
59,57,57,64,68,68,76,74,
259.000000,292.000000,0.146352,13053459.000000,2.317841,0,1
59,61,60,58,54,59,53,52,
252.000000,294.000000,0.146523,12835727.000000,2.407757,0,1
59,57,57,55,54,53,51,50,
721.000000,27.000000,0.044426,75796712.000000,0.605861,0,1
81,76,87,80,82,91,75,83,
336.000000,276.000000,0.131462,5351028.000000,2.864496,0,1
66,64,64,61,63,62,58,59,
712.000000,36.000000,0.045961,106434928.000000,0.571167,0,1
78,80,73,81,73,72,76,81,
706.000000,38.000000,0.046522,368952704.000000,0.589978,0,1
77,67,83,62,73,73,67,73,
721.000000,38.000000,0.047618,218858272.000000,0.495485,0,1
65,60,68,57,68,78,65,69,
595.000000,265.000000,0.131873,40387328.000000,0.877991,0,1
14,20,18,26,23,22,33,36,
105.000000,256.000000,0.108745,86113344.000000,1.572587,0,1
60,63,63,72,74,77,77,70,
125.000000,255.000000,0.108679,71875928.000000,3.682230,0,1
60,62,64,72,74,77,80,68,
556.000000,84.000000,0.017629,48378188.000000,0.122564,0,1
69,57,67,54,61,59,57,63,
688.000000,218.000000,0.080226,19140252.000000,0.789856,0,1
25,25,24,18,17,17,15,16,
745.000000,98.000000,0.016735,602797184.000000,0.161802,0,1
37,26,50,15,39,45,27,35,
540.000000,99.000000,0.039596,37641664.000000,0.182778,0,1
38,36,51,35,51,61,43,57,
680.000000,101.000000,0.044173,172980848.000000,0.465509,0,1
67,57,68,43,60,69,51,47,
154.000000,294.000000,0.146796,85109104.000000,3.754941,0,1
89,80,74,72,68,64,63,60,
157.000000,291.000000,0.146549,138537728.000000,1.632528,0,1
87,93,83,96,80,60,77,67,
164.000000,286.000000,0.142802,43802208.000000,3.509259,0,1
86,86,79,86,75,61,72,60,
56.000000,227.000000,0.075963,9804737.000000,1.425667,0,1
65,72,68,66,63,61,61,58,
541.000000,85.000000,0.018995,40006236.000000,0.115344,0,1
48,42,59,40,51,62,46,50,
670.000000,215.000000,0.077034,28436114.000000,0.708024,0,1
12,13,12,21,20,21,26,25,
592.000000,265.000000,0.130795,55347888.000000,0.868244,0,1
17,23,21,29,28,25,38,39,
618.000000,104.000000,0.023719,348606624.000000,0.203233,0,1
45,55,50,66,54,43,67,58,
684.000000,34.000000,0.048647,236782032.000000,0.681406,0,1
94,94,93,93,93,88,93,92,
683.000000,60.000000,0.048214,379119616.000000,0.652705,0,1
62,67,51,71,57,45,67,66,
677.000000,69.000000,0.043932,393351200.000000,0.488856,0,1
69,70,65,70,69,63,64,56,
681.000000,73.000000,0.046835,693427584.000000,0.618200,0,1
68,53,64,51,62,72,54,52,
694.000000,73.000000,0.043921,343833152.000000,0.514274,0,1
45,60,43,64,47,51,60,61,
700.000000,73.000000,0.044524,1731031424.000000,0.620909,0,1
60,51,68,46,56,75,43,51,
661.000000,91.000000,0.045650,137999408.000000,0.456915,0,1
64,61,58,49,61,54,47,49,
669.000000,97.000000,0.043382,118449680.000000,0.446226,0,1
51,54,52,61,58,49,64,64,
615.000000,99.000000,0.024333,89499936.000000,0.229514,0,1
74,73,71,73,68,62,67,65,
723.000000,105.000000,0.021644,49100424.000000,0.332629,0,1
16,17,19,20,26,29,29,26,
668.000000,112.000000,0.042324,250007248.000000,0.361555,0,1
56,55,45,46,39,28,29,32,
700.000000,118.000000,0.042671,131429992.000000,0.493710,0,1
24,32,25,26,20,19,12,10,
601.000000,223.000000,0.102522,93993848.000000,1.303211,0,1
17,19,20,25,26,25,30,27,
546.000000,251.000000,0.113756,78594120.000000,0.744523,0,1
27,30,28,45,36,30,51,53,
552.000000,254.000000,0.116426,47145260.000000,0.800769,0,1
24,34,27,51,42,28,52,54,
568.000000,254.000000,0.117094,14444984.000000,0.863782,0,1
13,20,15,27,23,18,27,27,
430.000000,255.000000,0.115550,28789382.000000,1.328873,0,1
64,62,63,65,67,68,71,71,
560.000000,258.000000,0.121206,38845656.000000,0.886572,0,1
30,31,30,38,31,29,44,45,
559.000000,259.000000,0.121377,34787324.000000,0.888449,0,1
31,38,31,48,44,36,46,45,
574.000000,262.000000,0.126318,51974836.000000,1.011533,0,1
24,28,27,37,34,31,39,45,
186.000000,264.000000,0.118154,80953920.000000,1.685188,0,1
62,62,66,62,68,92,75,94,
582.000000,264.000000,0.127512,119114048.000000,1.069955,0,1
23,27,25,33,32,29,38,39,
174.000000,273.000000,0.127411,141682928.000000,2.036468,0,1
62,62,77,64,83,94,86,92,
181.000000,274.000000,0.128806,64261776.000000,2.034193,0,1
95,94,85,91,77,60,69,62,
688.000000,41.000000,0.046207,363890624.000000,0.544183,0,1
78,86,75,89,80,77,85,77,
697.000000,46.000000,0.042868,484141440.000000,0.602289,0,1
66,70,65,74,70,63,78,73,
562.000000,259.000000,0.122294,44433520.000000,0.908937,0,1
31,30,30,42,33,32,44,44,
528.000000,258.000000,0.120410,12809340.000000,0.783975,0,1
58,57,57,57,56,55,53,49,
694.000000,55.000000,0.043712,336633760.000000,0.604934,0,1
76,81,76,71,70,71,68,61,
544.000000,251.000000,0.112985,80078504.000000,0.730735,0,1
28,38,30,51,45,36,52,53,
695.000000,67.000000,0.043471,558297280.000000,0.597479,0,1
66,57,70,53,65,77,54,57,
700.000000,86.000000,0.042605,488398336.000000,0.583695,0,1
34,44,30,62,34,39,51,42,
733.000000,116.000000,0.020404,166973888.000000,0.312337,0,1
26,22,33,19,26,35,18,20,
512.000000,129.000000,0.006780,23697330.000000,0.023511,0,1
37,36,32,28,34,26,25,19,
143.000000,256.000000,0.107972,371557216.000000,1.644828,0,1
70,88,86,73,71,71,63,60,
507.000000,58.000000,0.018063,62416356.000000,0.189233,0,1
89,87,84,90,78,82,84,70,
159.000000,255.000000,0.107313,449458784.000000,1.546533,0,1
68,88,85,77,75,73,65,62,
139.000000,254.000000,0.107732,461545664.000000,3.445188,0,1
61,61,62,70,69,68,81,74,
175.000000,252.000000,0.106771,294642496.000000,2.894701,0,1
61,59,61,63,64,65,82,77,
691.000000,64.000000,0.044555,632456832.000000,0.521486,0,1
58,66,53,67,69,49,66,65,
189.000000,268.000000,0.123022,124692328.000000,1.804995,0,1
92,95,85,98,81,60,75,60,
675.000000,60.000000,0.040948,316222112.000000,0.728531,0,1
79,83,75,85,81,72,82,75,
675.000000,75.000000,0.044945,591716096.000000,0.800497,0,1
66,67,66,66,65,65,56,59,
567.000000,80.000000,0.017745,99097152.000000,0.141205,0,1
77,68,76,60,70,80,66,72,
665.000000,81.000000,0.047858,704723136.000000,0.831748,0,1
63,72,61,69,63,66,68,74,
679.000000,81.000000,0.044017,375100608.000000,0.572390,0,1
54,53,51,57,62,65,69,69,
567.000000,84.000000,0.021792,201139888.000000,0.155988,0,1
72,67,75,64,70,79,69,76,
664.000000,102.000000,0.039586,220502336.000000,0.465827,0,1
52,44,50,46,48,50,39,38,
663.000000,108.000000,0.042268,473450208.000000,0.499990,0,1
47,42,40,59,44,42,57,59,
657.000000,110.000000,0.039846,82587888.000000,0.460949,0,1
63,63,57,61,58,54,52,50,
458.000000,111.000000,0.017559,29100100.000000,0.219131,0,1
71,74,70,74,69,68,67,48,
672.000000,120.000000,0.043607,198547152.000000,0.740337,0,1
28,31,23,25,24,21,17,14,
588.000000,123.000000,0.018471,41745632.000000,0.140158,0,1
56,49,48,33,39,34,22,20,
140.000000,130.000000,0.002035,192257248.000000,0.070168,0,1
61,56,67,55,60,69,55,61,
517.000000,133.000000,0.007747,14701756.000000,0.039037,0,1
32,20,36,15,20,31,15,15,
696.000000,142.000000,0.033095,162632048.000000,0.577227,0,1
15,20,18,28,26,17,32,27,
156.000000,231.000000,0.084523,353082272.000000,2.827855,0,1
58,58,59,62,63,64,74,64,
528.000000,244.000000,0.105918,44135124.000000,1.014148,0,1
30,38,31,54,43,32,54,54,
558.000000,245.000000,0.108663,5580745.000000,1.236152,0,1
20,20,22,13,20,24,13,14,
531.000000,246.000000,0.107927,71656568.000000,1.069422,0,1
30,39,31,53,45,35,54,53,
201.000000,251.000000,0.105665,1106071552.000000,2.548016,0,1
60,61,62,69,71,72,79,78,
537.000000,248.000000,0.110085,86558192.000000,1.145615,0,1
27,33,28,48,40,31,52,53,
674.000000,77.000000,0.042344,181975456.000000,0.534025,0,1
60,64,56,71,66,54,70,67,
660.000000,86.000000,0.043781,286031936.000000,0.522626,0,1
53,61,56,65,64,52,66,68,
679.000000,119.000000,0.044541,60052240.000000,0.575176,0,1
34,23,33,20,24,30,14,12,
140.000000,234.000000,0.084738,610844672.000000,1.629563,0,1
68,74,72,63,62,62,57,61,
211.000000,252.000000,0.106637,199801632.000000,1.963638,0,1
91,91,80,89,73,62,68,59,
203.000000,259.000000,0.113361,284754592.000000,2.322129,0,1
86,82,63,81,62,60,61,62,
657.000000,81.000000,0.043299,712261248.000000,0.881010,0,1
65,72,70,78,71,69,77,71,
665.000000,87.000000,0.042624,374154624.000000,0.715203,0,1
63,56,65,48,60,72,53,60,
531.000000,89.000000,0.041112,326687776.000000,0.350319,0,1
49,48,48,37,44,41,31,22,
559.000000,110.000000,0.018567,247248528.000000,0.160400,0,1
56,50,58,42,46,50,35,37,
578.000000,127.000000,0.015422,38332536.000000,0.148512,0,1
42,33,31,31,35,26,31,25,
122.000000,132.000000,0.003579,173726896.000000,0.044683,0,1
79,77,77,71,71,72,62,65,
185.000000,137.000000,0.005717,193716944.000000,0.055191,0,1
46,40,61,39,52,57,37,41,
556.000000,198.000000,0.097496,880057088.000000,1.969298,0,1
20,26,14,28,20,13,26,20,
556.000000,205.000000,0.097514,845997952.000000,1.996940,0,1
20,28,15,28,21,14,28,21,
132.000000,219.000000,0.070215,600615936.000000,1.550425,0,1
61,70,72,68,71,71,61,59,
564.000000,222.000000,0.088321,163664896.000000,1.314767,0,1
17,17,18,22,22,22,30,28,
571.000000,222.000000,0.088559,250209328.000000,1.848659,0,1
18,18,19,22,22,22,28,26,
192.000000,229.000000,0.083875,648595648.000000,2.343442,0,1
60,60,61,60,61,61,73,69,
167.000000,230.000000,0.084435,609776512.000000,2.677615,0,1
60,59,59,60,59,59,68,66,
184.000000,230.000000,0.083894,617718336.000000,2.452281,0,1
60,60,61,64,67,67,69,64,
174.000000,232.000000,0.083916,1345949440.000000,2.578393,0,1
58,76,72,66,66,63,62,59,
510.000000,232.000000,0.093296,67265312.000000,1.103548,0,1
29,37,29,55,43,31,58,59,
520.000000,236.000000,0.096909,239693664.000000,1.270984,0,1
25,34,28,52,45,35,57,58,
558.000000,237.000000,0.097202,153834496.000000,1.567328,0,1
16,18,16,15,23,15,24,26,
559.000000,238.000000,0.097006,132558400.000000,1.573520,0,1
16,23,15,24,26,17,26,31,
562.000000,240.000000,0.095633,26184908.000000,1.566823,0,1
15,22,16,32,25,16,33,34,
210.000000,247.000000,0.100776,183243456.000000,2.377726,0,1
63,61,67,62,68,89,72,90,
670.000000,64.000000,0.041460,654725312.000000,0.884594,0,1
85,86,81,86,84,74,85,84,
192.000000,231.000000,0.083660,1017952064.000000,2.350736,0,1
61,73,74,70,69,68,65,62,
175.000000,230.000000,0.083925,1087895936.000000,2.549927,0,1
58,57,57,59,58,61,75,65,
658.000000,83.000000,0.043076,656186432.000000,0.873468,0,1
63,74,65,74,68,66,66,62,
553.000000,191.000000,0.098589,218820592.000000,1.956360,0,1
24,24,25,15,19,23,15,19,
518.000000,133.000000,0.007898,27360338.000000,0.046944,0,1
34,27,31,18,22,32,16,16,
539.000000,57.000000,0.017627,209361776.000000,0.160747,0,1
88,83,82,76,78,78,67,69,
604.000000,101.000000,0.021757,319212640.000000,0.248239,0,1
66,60,65,51,56,61,46,53,
463.000000,112.000000,0.020426,51002084.000000,0.227416,0,1
73,69,65,64,58,56,49,44,
630.000000,176.000000,0.061677,363053568.000000,1.253692,0,1
14,17,10,19,14,9,17,13,
163.000000,233.000000,0.084198,722030016.000000,1.927446,0,1
67,68,68,61,61,61,57,57,
620.000000,166.000000,0.057154,53753048.000000,1.063838,0,1
10,11,13,16,17,18,24,20,
80.000000,206.000000,0.051432,37355512.000000,1.138036,0,1
68,69,69,64,64,63,62,61,
650.000000,90.000000,0.040287,2161542912.000000,0.771908,0,1
65,67,56,74,63,55,72,65,
503.000000,92.000000,0.017294,219292448.000000,0.126035,0,1
48,56,43,49,51,38,48,46,
651.000000,100.000000,0.040420,610693248.000000,0.773891,0,1
61,69,57,71,61,52,70,67,
584.000000,126.000000,0.009824,316489920.000000,0.110215,0,1
42,41,28,35,28,19,26,18,
667.000000,132.000000,0.014501,496505760.000000,0.244998,0,1
31,36,25,28,27,18,25,21,
609.000000,165.000000,0.054075,153154896.000000,1.231297,0,1
11,15,11,18,16,14,26,20,
610.000000,215.000000,0.058463,513894464.000000,1.465964,0,1
12,14,9,17,13,11,22,23,
156.000000,216.000000,0.070152,1052242624.000000,1.893195,0,1
59,61,60,60,62,63,70,69,
168.000000,216.000000,0.069290,423056448.000000,1.771561,0,1
58,60,59,65,66,65,70,64,
168.000000,218.000000,0.068977,855241728.000000,1.762614,0,1
66,70,69,65,64,63,59,59,
160.000000,219.000000,0.069316,593131520.000000,1.833009,0,1
68,68,67,62,61,61,58,59,
198.000000,229.000000,0.083535,1783732096.000000,2.310536,0,1
62,61,61,61,62,63,71,66,
206.000000,229.000000,0.083238,1332667264.000000,2.220944,0,1
62,62,62,65,66,67,70,65,
200.000000,231.000000,0.083319,1792498944.000000,2.288237,0,1
63,71,69,66,65,64,61,61,
205.000000,231.000000,0.083172,1603942656.000000,2.235119,0,1
67,70,70,64,64,64,61,60,
507.000000,229.000000,0.088243,501224384.000000,1.303568,0,1
50,55,36,58,47,30,56,53,
162.000000,216.000000,0.069466,598508544.000000,1.821180,0,1
59,59,59,62,62,63,68,66,
534.000000,61.000000,0.017030,180790064.000000,0.171195,0,1
85,80,77,71,73,60,65,59,
537.000000,93.000000,0.042243,384379968.000000,0.458333,0,1
29,34,28,43,37,34,46,39,
223.000000,239.000000,0.092799,259022544.000000,2.705258,0,1
60,62,75,63,80,85,84,88,
513.000000,77.000000,0.018303,202154800.000000,0.152752,0,1
52,48,59,51,55,57,47,48,
307.000000,134.000000,0.006746,82811912.000000,0.033838,0,1
51,37,50,39,41,39,31,33,
642.000000,102.000000,0.024854,1899763456.000000,0.410161,0,1
59,65,52,59,50,49,47,47,
531.000000,54.000000,0.018228,161261952.000000,0.226673,0,1
91,88,90,90,85,90,82,77,
488.000000,86.000000,0.016362,86464832.000000,0.157381,0,1
75,76,68,73,71,61,69,63,
625.000000,90.000000,0.024067,2452420352.000000,0.462836,0,1
76,66,74,49,65,75,50,56,
554.000000,113.000000,0.015656,104634320.000000,0.190471,0,1
53,54,51,56,50,39,48,39,
447.000000,125.000000,0.010726,113826776.000000,0.165858,0,1
61,62,60,56,56,49,51,47,
691.000000,138.000000,0.014441,92138136.000000,0.394582,0,1
25,22,28,16,22,22,16,16,
594.000000,164.000000,0.050548,251302048.000000,1.323098,0,1
9,11,11,19,14,15,21,18,
587.000000,172.000000,0.052753,1232104448.000000,1.373680,0,1
14,9,19,9,13,19,9,13,
516.000000,186.000000,0.077059,2900669696.000000,1.873357,0,1
21,24,19,25,16,14,25,17,
511.000000,194.000000,0.076832,784681792.000000,1.827736,0,1
16,12,22,12,16,26,14,18,
193.000000,215.000000,0.069235,1730780672.000000,2.106371,0,1
58,59,60,64,66,67,69,63,
511.000000,215.000000,0.076735,1181582592.000000,1.958048,0,1
22,34,25,44,31,25,37,32,
193.000000,217.000000,0.068740,2089356800.000000,2.097785,0,1
66,69,69,63,63,63,60,59,
196.000000,217.000000,0.068928,1342950656.000000,2.073891,0,1
68,69,69,63,63,63,61,58,
524.000000,217.000000,0.081863,158227632.000000,1.732562,0,1
15,18,15,25,24,16,22,25,
510.000000,219.000000,0.077809,458716960.000000,1.433419,0,1
38,44,31,51,46,31,52,50,
530.000000,219.000000,0.080353,633676416.000000,1.740456,0,1
15,15,15,25,22,18,26,25,
239.000000,231.000000,0.085409,648152256.000000,2.906821,0,1
78,81,78,83,76,64,74,64,
524.000000,59.000000,0.018973,193873296.000000,0.224414,0,1
83,82,67,78,77,79,79,70,
244.000000,140.000000,0.002896,199875104.000000,0.048821,0,1
37,44,30,39,38,29,36,35,
235.000000,230.000000,0.082845,3784934656.000000,2.725861,0,1
69,71,75,66,72,80,75,85,
287.000000,142.000000,0.005922,74902368.000000,0.052507,0,1
37,40,32,52,42,30,37,28,
286.000000,143.000000,0.005585,83523608.000000,0.050192,0,1
40,52,42,43,37,28,32,28,
622.000000,89.000000,0.024032,1395571456.000000,0.456445,0,1
78,76,67,70,66,66,59,54,
531.000000,98.000000,0.020677,344938496.000000,0.280810,0,1
32,36,46,40,33,45,28,32,
546.000000,120.000000,0.005857,71435592.000000,0.074273,0,1
33,24,29,20,25,30,19,21,
174.000000,128.000000,0.005242,181344624.000000,0.094167,0,1
52,56,52,57,61,55,61,70,
658.000000,141.000000,0.025873,118328792.000000,0.830516,0,1
15,15,15,17,18,18,28,24,
85.000000,148.000000,0.005146,703156160.000000,0.113528,0,1
60,64,51,65,55,46,56,41,
164.000000,152.000000,0.004110,346320544.000000,0.100512,0,1
40,38,52,29,38,34,29,29,
371.000000,163.000000,0.017421,8290370.000000,0.224704,0,1
23,28,43,29,35,38,29,27,
531.000000,175.000000,0.061864,278026592.000000,1.718236,0,1
11,20,9,19,15,14,20,16,
144.000000,203.000000,0.052022,982145088.000000,1.845365,0,1
71,75,79,73,74,71,66,61,
188.000000,208.000000,0.058113,1644121216.000000,1.937551,0,1
64,66,67,60,60,60,58,57,
497.000000,212.000000,0.072624,224503488.000000,1.546546,0,1
37,37,33,50,44,36,50,48,
230.000000,213.000000,0.068394,4537135616.000000,2.286706,0,1
57,58,57,59,60,60,70,68,
222.000000,214.000000,0.068450,3416555776.000000,2.385387,0,1
57,59,59,64,65,66,68,62,
255.000000,216.000000,0.068589,1292542592.000000,1.561121,0,1
71,61,70,59,71,84,75,85,
574.000000,216.000000,0.051239,725784064.000000,1.645247,0,1
12,12,14,18,16,19,21,19,
117.000000,129.000000,0.001185,482189280.000000,0.025424,0,1
58,59,68,67,68,76,67,66,
318.000000,133.000000,0.007957,134918576.000000,0.195765,0,1
37,38,51,42,41,55,34,40,
140.000000,147.000000,0.003430,199513152.000000,0.078611,0,1
36,32,41,28,36,47,29,29,
177.000000,131.000000,0.005927,538052864.000000,0.100664,0,1
57,64,53,75,65,60,77,70,
530.000000,80.000000,0.018716,475094624.000000,0.258220,0,1
55,55,53,49,52,46,42,44,
506.000000,213.000000,0.073504,425844288.000000,1.699220,0,1
22,22,19,38,29,22,47,47,
175.000000,140.000000,0.005369,1210067968.000000,0.089436,0,1
55,38,57,32,46,55,34,41,
218.000000,140.000000,0.003971,871340096.000000,0.053772,0,1
60,54,53,51,43,42,40,33,
523.000000,55.000000,0.017264,1402112000.000000,0.385900,0,1
89,90,91,90,84,89,83,77,
532.000000,55.000000,0.018763,2397461504.000000,0.449628,0,1
90,85,90,82,86,90,77,79,
542.000000,55.000000,0.017851,1219721472.000000,0.445481,0,1
92,90,90,87,84,89,80,79,
498.000000,68.000000,0.018800,664404416.000000,0.351397,0,1
84,85,74,84,79,72,80,71,
540.000000,68.000000,0.019530,1009197632.000000,0.412497,0,1
74,76,69,78,66,70,64,60,
535.000000,74.000000,0.018038,3664407552.000000,0.411431,0,1
53,53,62,55,61,66,53,59,
553.000000,75.000000,0.014032,1032124032.000000,0.335479,0,1
71,76,73,66,74,73,63,62,
541.000000,76.000000,0.017901,680728064.000000,0.419960,0,1
57,58,54,61,60,56,65,53,
506.000000,77.000000,0.016224,1020921728.000000,0.297770,0,1
64,55,67,51,57,56,47,52,
543.000000,77.000000,0.017489,996400640.000000,0.411763,0,1
55,51,63,53,60,67,61,62,
538.000000,83.000000,0.018109,1095802496.000000,0.411355,0,1
63,64,48,55,56,43,54,41,
501.000000,84.000000,0.015473,1591725568.000000,0.264453,0,1
62,62,56,51,57,47,49,55,
522.000000,84.000000,0.018440,2500105216.000000,0.379184,0,1
37,34,49,35,39,48,37,40,
515.000000,90.000000,0.019202,1378678272.000000,0.373846,0,1
43,42,33,47,44,36,50,37,
561.000000,95.000000,0.018032,2004094848.000000,0.457961,0,1
61,62,59,64,63,58,65,61,
579.000000,96.000000,0.017233,1103491968.000000,0.477520,0,1
69,64,73,68,70,76,65,72,
487.000000,97.000000,0.016018,743461248.000000,0.234617,0,1
57,65,51,61,57,47,55,45,
519.000000,98.000000,0.019036,919318208.000000,0.372215,0,1
39,36,33,40,32,33,28,28,
532.000000,99.000000,0.019776,376260064.000000,0.322394,0,1
46,33,45,28,41,45,32,35,
600.000000,99.000000,0.024674,5549241344.000000,0.845079,0,1
70,66,72,68,61,68,55,59,
555.000000,101.000000,0.018922,303653440.000000,0.345753,0,1
52,49,53,47,50,63,51,56,
293.000000,104.000000,0.008569,179633568.000000,0.214516,0,1
70,70,70,65,65,66,60,52,
294.000000,104.000000,0.008450,128193744.000000,0.243280,0,1
70,70,69,66,65,69,57,47,
314.000000,104.000000,0.006245,382077280.000000,0.210064,0,1
70,68,65,67,61,56,61,51,
288.000000,105.000000,0.008726,463129920.000000,0.245554,0,1
70,68,64,72,65,59,69,63,
626.000000,105.000000,0.025332,6857629184.000000,0.986101,0,1
47,47,47,40,44,35,34,28,
312.000000,107.000000,0.004213,151933968.000000,0.220284,0,1
66,62,57,53,56,49,54,50,
328.000000,108.000000,0.007069,47411024.000000,0.187211,0,1
70,65,66,62,62,62,62,60,
475.000000,108.000000,0.016760,490541952.000000,0.211687,0,1
57,59,50,66,50,41,59,53,
286.000000,110.000000,0.008602,827775488.000000,0.240639,0,1
67,70,60,72,66,55,69,62,
302.000000,111.000000,0.009869,289038528.000000,0.238479,0,1
46,45,42,54,48,45,52,51,
319.000000,111.000000,0.007892,146807760.000000,0.216063,0,1
49,53,47,57,54,46,56,52,
533.000000,111.000000,0.018765,625006080.000000,0.291926,0,1
53,52,35,39,43,34,48,28,
456.000000,113.000000,0.024709,780855040.000000,0.274769,0,1
74,69,67,54,53,48,46,57,
453.000000,114.000000,0.024299,1811445376.000000,0.256954,0,1
67,53,54,73,61,46,70,70,
645.000000,115.000000,0.024424,3796204032.000000,0.869776,0,1
60,58,55,41,43,33,30,30,
313.000000,116.000000,0.009366,73994520.000000,0.219715,0,1
47,53,43,51,48,42,51,42,
316.000000,116.000000,0.009830,261735568.000000,0.204334,0,1
48,43,52,45,46,60,43,44,
248.000000,117.000000,0.004921,452577312.000000,0.076200,0,1
72,70,68,65,64,64,63,57,
622.000000,117.000000,0.025050,5951191552.000000,0.945955,0,1
44,53,38,46,43,26,33,26,
190.000000,118.000000,0.006807,922362880.000000,0.146467,0,1
70,66,73,61,62,67,56,51,
516.000000,118.000000,0.018532,472198848.000000,0.337271,0,1
47,42,53,35,39,51,31,36,
568.000000,118.000000,0.016972,3470592256.000000,0.430129,0,1
43,31,39,26,34,38,27,32,
576.000000,118.000000,0.017326,2410606848.000000,0.461960,0,1
45,42,52,35,44,53,40,47,
114.000000,119.000000,0.001492,3773669120.000000,0.040633,0,1
64,63,59,59,52,49,46,40,
234.000000,119.000000,0.005719,971039424.000000,0.096612,0,1
71,69,65,66,62,57,61,54,
253.000000,119.000000,0.006769,356433216.000000,0.102609,0,1
64,59,62,56,55,53,55,48,
320.000000,119.000000,0.008111,566820800.000000,0.192554,0,1
59,59,47,58,53,45,50,46,
595.000000,119.000000,0.022743,5716785664.000000,0.725425,0,1
45,42,41,37,36,41,27,26,
641.000000,119.000000,0.025626,1085397120.000000,0.908258,0,1
44,46,38,32,39,31,35,26,
325.000000,121.000000,0.007843,530409312.000000,0.190635,0,1
43,48,57,56,58,62,53,60,
200.000000,123.000000,0.005619,1291893760.000000,0.113457,0,1
59,52,55,47,51,52,45,42,
482.000000,123.000000,0.014061,891453312.000000,0.175234,0,1
28,22,36,26,29,38,27,30,
616.000000,123.000000,0.025786,2543702784.000000,0.954578,0,1
28,36,28,26,25,26,21,18,
330.000000,124.000000,0.008458,192955616.000000,0.179912,0,1
58,57,60,53,57,63,56,62,
555.000000,124.000000,0.014592,470825376.000000,0.329391,0,1
33,33,38,30,34,41,30,34,
44.000000,125.000000,0.001715,5307206144.000000,0.057242,0,1
53,52,46,52,43,38,49,49,
225.000000,125.000000,0.005302,649789760.000000,0.093430,0,1
62,55,57,51,53,58,47,47,
296.000000,125.000000,0.009037,284673120.000000,0.239068,0,1
50,53,48,58,52,42,55,53,
405.000000,125.000000,0.001863,21675986.000000,0.010769,0,1
70,69,66,68,67,56,65,60,
48.000000,126.000000,0.001637,8028821504.000000,0.054023,0,1
49,39,51,36,43,56,42,52,
49.000000,126.000000,0.001640,8661891072.000000,0.053992,0,1
54,43,55,38,52,58,46,58,
496.000000,126.000000,0.015753,823549056.000000,0.229325,0,1
33,27,34,22,27,37,20,22,
508.000000,127.000000,0.017417,577502144.000000,0.249996,0,1
33,29,31,23,31,36,21,22,
282.000000,129.000000,0.002264,478159552.000000,0.034406,0,1
52,45,56,47,47,60,43,45,
664.000000,129.000000,0.013838,5942985728.000000,0.531168,0,1
16,15,23,15,20,31,15,21,
263.000000,131.000000,0.006190,1168918272.000000,0.085658,0,1
53,49,52,42,47,57,39,38,
160.000000,132.000000,0.006336,3810112000.000000,0.153325,0,1
66,64,69,56,63,75,55,60,
222.000000,132.000000,0.005431,3852918528.000000,0.097066,0,1
52,60,47,59,51,43,54,45,
226.000000,132.000000,0.005005,951212032.000000,0.087035,0,1
48,46,55,43,51,53,43,44,
347.000000,132.000000,0.002996,132930304.000000,0.038898,0,1
60,60,54,61,53,48,58,49,
404.000000,132.000000,0.005898,11749544.000000,0.072414,0,1
58,55,56,51,49,46,45,42,
174.000000,133.000000,0.005343,1691626240.000000,0.098605,0,1
74,59,75,49,66,70,51,55,
265.000000,133.000000,0.006922,651826176.000000,0.094967,0,1
57,45,55,38,50,39,42,39,
291.000000,133.000000,0.003535,247446640.000000,0.184861,0,1
40,50,33,54,40,33,45,39,
299.000000,133.000000,0.004865,622259200.000000,0.194319,0,1
44,38,48,42,50,53,49,55,
105.000000,134.000000,0.002326,6372215808.000000,0.065563,0,1
71,74,57,72,62,49,61,53,
194.000000,134.000000,0.005417,203527200.000000,0.111797,0,1
50,47,45,42,42,41,36,32,
417.000000,134.000000,0.006068,20657284.000000,0.054840,0,1
56,53,46,47,42,42,39,32,
445.000000,135.000000,0.008283,86859400.000000,0.131153,0,1
39,36,28,32,32,29,27,23,
595.000000,135.000000,0.010569,2459824896.000000,0.283444,0,1
19,15,26,14,20,26,14,18,
35.000000,137.000000,0.004820,4635005440.000000,0.169769,0,1
75,67,75,63,67,75,60,61,
49.000000,137.000000,0.001687,5693544448.000000,0.055503,0,1
71,64,74,58,67,74,63,67,
130.000000,137.000000,0.004917,711599872.000000,0.131018,0,1
53,53,52,52,47,46,48,44,
133.000000,137.000000,0.004995,815240064.000000,0.131797,0,1
53,52,51,46,45,44,43,40,
103.000000,139.000000,0.002350,11350115328.000000,0.066646,0,1
59,66,50,69,54,47,62,54,
230.000000,139.000000,0.005839,1129352960.000000,0.099866,0,1
55,60,51,58,56,44,55,48,
510.000000,139.000000,0.015646,330627456.000000,0.254669,0,1
14,15,19,16,18,23,16,18,
272.000000,140.000000,0.002867,1695506816.000000,0.035438,0,1
47,39,46,32,40,42,33,39,
49.000000,141.000000,0.001689,6763556864.000000,0.055554,0,1
67,58,69,55,61,72,59,63,
90.000000,141.000000,0.005010,4998375424.000000,0.152109,0,1
66,60,71,59,63,68,57,57,
325.000000,142.000000,0.001923,87002176.000000,0.016757,0,1
46,54,40,49,52,41,46,40,
384.000000,142.000000,0.003792,22246486.000000,0.038644,0,1
34,32,44,32,43,55,48,55,
37.000000,143.000000,0.004906,11187924992.000000,0.172067,0,1
69,59,71,53,63,72,53,55,
191.000000,143.000000,0.003358,883898048.000000,0.068645,0,1
30,38,27,34,32,29,30,25,
313.000000,143.000000,0.009074,621718592.000000,0.183428,0,1
36,44,32,38,31,31,38,31,
230.000000,144.000000,0.004581,483647648.000000,0.070154,0,1
48,47,39,49,45,32,47,40,
321.000000,148.000000,0.005545,96599792.000000,0.124999,0,1
47,41,53,31,35,37,18,16,
92.000000,149.000000,0.005494,5003569664.000000,0.166686,0,1
58,52,54,42,46,46,35,29,
300.000000,149.000000,0.005702,278478208.000000,0.233537,0,1
40,39,33,44,39,28,43,33,
168.000000,150.000000,0.006380,1223676544.000000,0.149288,0,1
29,37,30,49,36,31,43,28,
450.000000,151.000000,0.020913,151606544.000000,0.292992,0,1
21,25,18,25,24,16,27,22,
426.000000,152.000000,0.024900,90303720.000000,0.464178,0,1
25,24,25,23,29,31,23,25,
540.000000,153.000000,0.041481,2881860096.000000,1.296670,0,1
17,25,17,26,17,17,25,15,
298.000000,154.000000,0.004950,90951520.000000,0.220519,0,1
37,33,35,27,32,30,25,23,
322.000000,154.000000,0.021193,80059544.000000,0.539991,0,1
36,39,28,31,29,23,21,23,
330.000000,154.000000,0.021464,99321128.000000,0.281973,0,1
42,39,38,24,27,24,23,23,
399.000000,154.000000,0.021476,25129038.000000,0.179851,0,1
30,29,40,25,36,39,30,34,
41.000000,155.000000,0.005032,1257177984.000000,0.175033,0,1
26,28,28,31,35,40,40,46,
445.000000,155.000000,0.018874,31503978.000000,0.265050,0,1
21,28,26,25,22,20,18,15,
537.000000,155.000000,0.041410,4049533184.000000,1.265992,0,1
19,11,24,12,17,24,12,17,
84.000000,156.000000,0.002519,2013726464.000000,0.075874,0,1
28,27,29,30,32,35,38,39,
54.000000,157.000000,0.003579,13696549888.000000,0.118537,0,1
36,47,32,56,42,32,46,36,
306.000000,157.000000,0.021181,148959024.000000,0.460613,0,1
25,22,27,22,31,36,23,31,
314.000000,157.000000,0.021806,152756480.000000,0.223449,0,1
24,22,34,19,27,39,23,27,
378.000000,160.000000,0.021285,10637920.000000,0.231666,0,1
31,34,25,40,35,23,32,27,
490.000000,160.000000,0.031108,87196984.000000,0.530623,0,1
21,21,22,17,18,19,13,12,
328.000000,162.000000,0.021840,389797376.000000,0.307432,0,1
24,19,26,16,29,27,21,21,
172.000000,163.000000,0.022585,4794241024.000000,0.634920,0,1
24,23,36,24,36,47,31,32,
275.000000,163.000000,0.022170,40261232.000000,0.506106,0,1
31,29,28,25,23,20,18,19,
313.000000,165.000000,0.022067,883526400.000000,0.408040,0,1
27,22,32,20,26,31,22,22,
402.000000,166.000000,0.021645,196425056.000000,0.181332,0,1
31,32,30,46,46,46,54,57,
348.000000,167.000000,0.021223,194894464.000000,0.349365,0,1
24,25,21,33,32,35,49,54,
362.000000,167.000000,0.022132,69803752.000000,0.290417,0,1
28,24,26,38,39,43,47,54,
518.000000,167.000000,0.037071,1644453376.000000,0.910552,0,1
14,10,19,8,14,18,8,14,
362.000000,168.000000,0.022185,56818036.000000,0.293920,0,1
25,39,40,46,48,51,53,55,
367.000000,168.000000,0.022168,102572192.000000,0.277070,0,1
27,42,41,50,48,49,55,55,
377.000000,168.000000,0.022645,92126912.000000,0.252432,0,1
36,46,46,52,51,54,55,53,
490.000000,168.000000,0.031502,262806096.000000,0.548379,0,1
14,13,13,17,14,18,23,18,
537.000000,169.000000,0.041371,3290486528.000000,1.276640,0,1
15,8,18,10,15,17,8,15,
457.000000,170.000000,0.047148,75268312.000000,0.487938,0,1
29,24,25,26,26,23,33,30,
485.000000,175.000000,0.036653,324954272.000000,0.675496,0,1
29,29,30,23,25,28,20,18,
364.000000,180.000000,0.034356,320786784.000000,0.411391,0,1
68,78,64,85,73,63,76,65,
490.000000,184.000000,0.064230,10148324352.000000,2.554104,0,1
18,23,17,25,17,14,24,18,
196.000000,188.000000,0.041259,347369952.000000,1.422327,0,1
65,62,64,65,68,75,74,63,
486.000000,193.000000,0.064095,1915621248.000000,2.526324,0,1
19,13,25,14,20,26,14,20,
490.000000,195.000000,0.064310,2371027968.000000,2.668366,0,1
18,25,15,26,19,15,26,21,
368.000000,196.000000,0.049042,80775656.000000,0.598502,0,1
64,63,64,61,62,62,62,61,
202.000000,200.000000,0.051119,1739108864.000000,2.120942,0,1
66,74,74,67,66,67,64,61,
228.000000,200.000000,0.051181,479436576.000000,1.881670,0,1
70,69,69,66,67,66,64,62,
491.000000,202.000000,0.064164,2005529472.000000,1.977595,0,1
21,21,20,26,20,18,27,33,
255.000000,205.000000,0.057216,2519236096.000000,1.409146,0,1
63,65,65,63,61,59,55,53,
243.000000,206.000000,0.057778,5436750848.000000,2.336964,0,1
64,69,67,60,58,57,56,54,
212.000000,207.000000,0.058005,2185658880.000000,2.182088,0,1
63,70,68,61,61,60,60,58,
495.000000,211.000000,0.069383,816570688.000000,1.892490,0,1
50,47,40,49,43,34,49,51,
240.000000,213.000000,0.067973,15429687296.000000,2.854031,0,1
57,57,57,61,60,60,75,64,
249.000000,215.000000,0.067986,7657151488.000000,2.066501,0,1
65,73,73,60,60,59,56,56,
513.000000,54.000000,0.018165,1029633280.000000,0.390212,0,1
89,89,83,85,79,84,82,79,
506.000000,64.000000,0.020148,1855638272.000000,0.410390,0,1
84,87,70,87,79,71,86,80,
547.000000,64.000000,0.016816,1206928512.000000,0.414595,0,1
86,83,87,75,79,85,75,74,
524.000000,66.000000,0.017788,1575870720.000000,0.388063,0,1
71,73,67,68,69,61,72,62,
528.000000,68.000000,0.018855,1603962112.000000,0.424663,0,1
67,67,55,65,64,50,55,50,
506.000000,85.000000,0.018913,729767488.000000,0.349667,0,1
58,55,49,48,49,45,44,36,
504.000000,94.000000,0.015489,968652928.000000,0.261340,0,1
41,48,35,45,41,31,43,38,
513.000000,101.000000,0.018006,1522369280.000000,0.329613,0,1
39,35,43,33,41,39,33,44,
577.000000,102.000000,0.017845,2409625856.000000,0.489633,0,1
65,60,70,59,66,71,59,63,
569.000000,105.000000,0.017467,934882304.000000,0.454380,0,1
57,55,49,47,49,46,52,44,
550.000000,106.000000,0.018191,1347976320.000000,0.426187,0,1
47,37,40,44,46,51,49,49,
112.000000,108.000000,0.001635,2302698496.000000,0.045107,0,1
65,60,64,58,64,71,67,71,
495.000000,109.000000,0.015959,781000064.000000,0.240140,0,1
43,38,45,38,36,43,35,37,
521.000000,109.000000,0.018687,1265789696.000000,0.360002,0,1
31,25,38,32,43,35,31,53,
475.000000,199.000000,0.058098,1237626368.000000,1.753569,0,1
30,36,32,44,43,38,50,51,
460.000000,198.000000,0.055522,196752080.000000,1.345869,0,1
46,48,47,52,52,49,54,55,
285.000000,112.000000,0.008556,530476480.000000,0.105508,0,1
70,72,64,73,66,61,69,64,
294.000000,189.000000,0.044373,1238819328.000000,0.899742,0,1
65,66,74,70,81,82,89,86,
182.000000,113.000000,0.006502,149615072.000000,0.145034,0,1
80,78,79,74,74,75,63,61,
442.000000,184.000000,0.042634,531163072.000000,0.562979,0,1
25,34,27,46,34,29,46,47,
120.000000,116.000000,0.001594,426852256.000000,0.042663,0,1
69,68,68,66,64,67,59,56,
298.000000,117.000000,0.009179,339988928.000000,0.243334,0,1
62,53,60,52,58,55,51,49,
546.000000,117.000000,0.016817,1318229888.000000,0.371526,0,1
37,38,40,29,40,33,34,29,
623.000000,117.000000,0.025003,6516507136.000000,0.947925,0,1
38,49,30,47,31,27,31,23,
116.000000,118.000000,0.001561,1207478784.000000,0.042283,0,1
66,63,62,61,58,54,51,42,
210.000000,118.000000,0.005862,235285968.000000,0.113292,0,1
75,73,73,67,66,70,61,54,
305.000000,118.000000,0.010019,120937576.000000,0.235675,0,1
55,48,57,43,52,49,40,43,
473.000000,118.000000,0.015063,670172224.000000,0.175103,0,1
55,46,53,35,44,47,29,28,
363.000000,182.000000,0.036635,357051168.000000,0.430139,0,1
83,76,71,67,66,64,65,64,
587.000000,118.000000,0.020367,1081502592.000000,0.446440,0,1
65,56,68,49,63,65,52,57,
560.000000,120.000000,0.017624,460781280.000000,0.372292,0,1
36,34,34,37,42,36,42,40,
486.000000,124.000000,0.013551,213534544.000000,0.174466,0,1
38,37,35,31,34,29,28,26,
448.000000,125.000000,0.013937,155174416.000000,0.177835,0,1
63,59,55,59,51,56,51,46,
443.000000,128.000000,0.016704,57446396.000000,0.258529,0,1
39,37,46,32,39,47,35,38,
498.000000,128.000000,0.015737,1022302144.000000,0.232634,0,1
37,31,31,22,27,23,22,22,
568.000000,128.000000,0.017487,402380032.000000,0.443124,0,1
27,24,26,17,22,22,18,17,
241.000000,131.000000,0.004578,608068224.000000,0.072409,0,1
52,54,52,50,48,47,44,43,
296.000000,131.000000,0.003844,352964192.000000,0.209140,0,1
52,45,54,36,39,47,29,37,
161.000000,132.000000,0.006390,2692612352.000000,0.154094,0,1
67,66,73,58,70,73,60,68,
204.000000,132.000000,0.005679,1013067456.000000,0.111984,0,1
44,49,41,46,42,40,40,33,
338.000000,132.000000,0.002344,72492584.000000,0.043696,0,1
60,60,58,62,53,60,55,44,
642.000000,132.000000,0.012833,1466564608.000000,0.443163,0,1
16,16,18,16,15,25,16,16,
161.000000,133.000000,0.006425,3616413696.000000,0.154976,0,1
69,63,75,55,68,72,60,66,
266.000000,133.000000,0.006558,337887392.000000,0.088916,0,1
55,53,42,42,50,36,44,36,
408.000000,133.000000,0.003327,52351360.000000,0.012368,0,1
56,42,59,41,44,56,37,37,
73.000000,134.000000,0.001484,13192820736.000000,0.045635,0,1
66,53,71,43,58,77,51,66,
56.000000,170.000000,0.023597,545860480.000000,0.986582,0,1
33,35,32,32,28,26,25,20,
421.000000,136.000000,0.005215,8480656.000000,0.038476,0,1
42,39,39,34,34,31,28,27,
320.000000,169.000000,0.022385,420295648.000000,0.440278,0,1
22,35,40,51,61,63,65,60,
329.000000,137.000000,0.002096,149422848.000000,0.064991,0,1
54,47,59,48,50,62,41,45,
337.000000,168.000000,0.021976,248089936.000000,0.369948,0,1
29,37,29,47,46,45,55,55,
322.000000,168.000000,0.022170,463221024.000000,0.411631,0,1
26,22,26,36,44,40,66,60,
364.000000,167.000000,0.021342,80134168.000000,0.259737,0,1
28,26,27,39,43,42,50,54,
341.000000,167.000000,0.021986,159212960.000000,0.158529,0,1
25,23,22,29,27,31,45,53,
123.000000,141.000000,0.002510,884078528.000000,0.066753,0,1
53,46,51,41,43,46,37,36,
396.000000,166.000000,0.022209,155689760.000000,0.194997,0,1
30,29,28,40,40,42,49,56,
629.000000,142.000000,0.024757,4571910144.000000,0.954042,0,1
18,18,18,20,24,26,28,30,
420.000000,165.000000,0.021315,166961008.000000,0.138131,0,1
27,26,26,34,36,37,47,53,
160.000000,163.000000,0.022664,5862062080.000000,0.669745,0,1
25,27,32,25,37,44,30,30,
321.000000,145.000000,0.006848,152659872.000000,0.111805,0,1
36,31,37,34,40,44,40,49,
506.000000,162.000000,0.024378,144734464.000000,0.436301,0,1
17,19,15,17,12,11,18,12,
348.000000,147.000000,0.004620,91851248.000000,0.070861,0,1
51,55,41,42,38,29,21,17,
351.000000,147.000000,0.003591,41532320.000000,0.068104,0,1
51,37,45,32,34,31,23,22,
287.000000,148.000000,0.009371,422847744.000000,0.196673,0,1
29,40,30,46,36,35,42,31,
263.000000,159.000000,0.022299,1107739776.000000,0.621974,0,1
29,24,33,22,28,33,28,29,
209.000000,149.000000,0.004963,2269124864.000000,0.094443,0,1
30,25,34,22,31,38,26,30,
315.000000,157.000000,0.021729,125012360.000000,0.434642,0,1
25,25,34,21,39,32,28,27,
83.000000,156.000000,0.005800,66547968.000000,0.181466,0,1
27,26,27,30,30,33,37,37,
371.000000,155.000000,0.020991,44182976.000000,0.254612,0,1
28,27,35,23,34,40,29,38,
290.000000,155.000000,0.003824,51159980.000000,0.245453,0,1
33,29,38,26,31,31,25,22,
98.000000,153.000000,0.002606,7469873152.000000,0.075306,0,1
46,45,54,37,57,63,46,50,
363.000000,154.000000,0.022691,60757192.000000,0.277584,0,1
27,26,28,25,31,34,29,37,
365.000000,154.000000,0.020062,31816110.000000,0.268545,0,1
29,28,29,31,34,30,41,35,
430.000000,152.000000,0.018480,55753912.000000,0.103804,0,1
23,25,21,31,28,22,27,24,
352.000000,156.000000,0.021450,39992668.000000,0.353241,0,1
27,27,35,25,33,33,28,30,
550.000000,158.000000,0.041611,1296863232.000000,1.399882,0,1
10,10,12,13,10,15,16,21,
230.000000,147.000000,0.004756,235247072.000000,0.083330,0,1
46,39,38,31,33,32,30,29,
73.000000,147.000000,0.002658,3247488256.000000,0.082712,0,1
60,52,66,45,52,64,42,40,
528.000000,73.000000,0.019581,951641024.000000,0.438792,0,1
50,61,53,72,61,54,65,59,
391.000000,166.000000,0.021882,110701776.000000,0.203574,0,1
33,30,30,38,40,40,50,56,
414.000000,166.000000,0.021796,280063168.000000,0.154181,0,1
27,33,34,49,49,47,61,62,
168.000000,141.000000,0.005987,1213498240.000000,0.139456,0,1
42,49,35,44,38,31,43,35,
266.000000,167.000000,0.022601,2302793216.000000,0.632946,0,1
20,29,19,32,23,22,34,28,
187.000000,140.000000,0.006608,1669807744.000000,0.142619,0,1
56,51,41,38,41,34,39,34,
494.000000,88.000000,0.016092,1411739648.000000,0.259065,0,1
59,60,47,61,50,43,63,55,
522.000000,94.000000,0.019083,685939648.000000,0.385244,0,1
35,36,38,35,35,46,34,40,
353.000000,168.000000,0.022668,337485056.000000,0.328846,0,1
30,48,42,65,51,48,74,52,
475.000000,98.000000,0.016375,306601248.000000,0.215521,0,1
63,68,61,68,67,63,67,67,
485.000000,99.000000,0.016433,392715968.000000,0.235916,0,1
61,62,55,66,53,45,57,47,
325.000000,138.000000,0.002007,84466864.000000,0.016229,0,1
55,57,50,55,52,45,50,46,
507.000000,102.000000,0.018524,1874147200.000000,0.325232,0,1
38,29,43,28,35,41,27,30,
201.000000,137.000000,0.005103,1753142784.000000,0.101363,0,1
52,55,49,49,50,35,44,37,
275.000000,205.000000,0.058748,4741294080.000000,2.024229,0,1
76,84,74,91,72,57,65,56,
541.000000,109.000000,0.017735,1438911616.000000,0.387962,0,1
59,48,50,36,45,29,36,35,
55.000000,170.000000,0.023557,883067392.000000,0.986904,0,1
32,34,34,32,31,26,26,21,
103.000000,112.000000,0.001635,7119832576.000000,0.046316,0,1
51,56,43,64,51,42,63,64,
456.000000,193.000000,0.051651,1627439104.000000,1.051323,0,1
29,26,24,42,34,32,47,48,
299.000000,186.000000,0.039698,993332864.000000,0.772366,0,1
65,67,84,67,81,86,81,68,
141.000000,116.000000,0.001229,9502489600.000000,0.030451,0,1
57,50,72,40,54,73,46,66,
330.000000,118.000000,0.007807,163188976.000000,0.182919,0,1
64,54,63,49,58,67,61,65,
467.000000,171.000000,0.049310,80817016.000000,0.646824,0,1
29,29,29,21,24,27,20,21,
435.000000,182.000000,0.039655,1009215552.000000,0.553912,0,1
25,27,26,38,34,32,48,50,
137.000000,119.000000,0.001456,4424403456.000000,0.036643,0,1
50,64,50,67,62,54,64,61,
190.000000,119.000000,0.007025,877745088.000000,0.151442,0,1
69,61,64,58,55,60,52,49,
203.000000,119.000000,0.005644,1357910656.000000,0.112635,0,1
70,68,60,67,56,58,56,47,
491.000000,119.000000,0.015411,419464352.000000,0.216035,0,1
39,31,43,29,36,38,25,25,
520.000000,120.000000,0.018250,2720049408.000000,0.340312,0,1
27,48,28,47,29,23,40,25,
362.000000,181.000000,0.036614,505281024.000000,0.423440,0,1
82,83,83,70,76,71,67,65,
550.000000,178.000000,0.040911,5067723264.000000,1.379654,0,1
10,15,9,19,13,13,21,18,
234.000000,130.000000,0.006321,233433376.000000,0.106516,0,1
44,46,42,50,50,44,52,55,
291.000000,130.000000,0.006467,283559232.000000,0.164814,0,1
52,56,42,57,46,39,50,38,
407.000000,150.000000,0.008360,15628023.000000,0.036034,0,1
42,41,36,40,33,29,34,31,
314.000000,176.000000,0.029891,761899200.000000,0.368179,0,1
60,66,63,76,78,63,80,63,
362.000000,146.000000,0.003710,44909976.000000,0.018138,0,1
48,46,57,36,49,49,27,22,
69.000000,146.000000,0.003479,813849472.000000,0.110451,0,1
68,69,64,66,60,52,57,47,
307.000000,179.000000,0.034411,523852736.000000,0.496984,0,1
64,66,70,64,69,88,70,89,
501.000000,122.000000,0.015595,423523936.000000,0.238846,0,1
33,24,40,23,29,47,22,26,
434.000000,181.000000,0.037953,1031488960.000000,0.548424,0,1
26,36,25,41,27,26,38,48,
177.000000,119.000000,0.006735,745181632.000000,0.153309,0,1
71,63,66,57,59,60,51,53,
120.000000,119.000000,0.001404,1829049472.000000,0.037461,0,1
57,54,60,53,61,66,62,62,
302.000000,140.000000,0.003666,1656233600.000000,0.034365,0,1
42,58,37,61,49,34,56,44,
308.000000,182.000000,0.035331,469303744.000000,0.520049,0,1
87,89,65,90,66,63,66,65,
254.000000,140.000000,0.001223,442753184.000000,0.020145,0,1
36,31,36,29,33,33,29,28,
515.000000,91.000000,0.019416,1129664768.000000,0.378013,0,1
42,49,33,51,40,39,41,38,
176.000000,118.000000,0.006704,710568704.000000,0.153296,0,1
73,64,71,60,63,66,57,51,
278.000000,134.000000,0.001963,793782848.000000,0.024823,0,1
47,53,41,54,49,41,56,47,
357.000000,137.000000,0.002238,146942112.000000,0.012167,0,1
56,44,59,32,49,58,34,38,
304.000000,103.000000,0.008401,161008512.000000,0.090506,0,1
70,64,68,61,58,66,54,52,
347.000000,137.000000,0.002333,290370592.000000,0.013346,0,1
47,56,41,60,43,43,53,37,
301.000000,184.000000,0.039144,688016384.000000,0.663446,0,1
68,65,73,65,76,88,84,86,
256.000000,116.000000,0.006551,519490080.000000,0.097491,0,1
73,71,69,69,65,63,65,55,
498.000000,111.000000,0.015994,2336943360.000000,0.245813,0,1
44,39,48,34,47,53,35,41,
472.000000,195.000000,0.054681,772084160.000000,1.428243,0,1
20,20,19,28,24,20,36,39,
395.000000,136.000000,0.002207,19699292.000000,0.005961,0,1
58,58,46,57,49,36,48,42,
505.000000,112.000000,0.015742,2034209920.000000,0.255341,0,1
34,43,30,52,35,29,45,29,
116.000000,154.000000,0.005401,4011412736.000000,0.151779,0,1
51,56,38,51,40,30,39,31,
203.000000,136.000000,0.005183,1554532992.000000,0.102033,0,1
38,47,32,58,38,30,43,31,
429.000000,111.000000,0.006807,36799316.000000,0.042032,0,1
71,66,73,65,70,74,64,70,
109.000000,111.000000,0.001593,10574700544.000000,0.044298,0,1
58,51,69,39,57,70,45,65,
419.000000,132.000000,0.007025,13029815.000000,0.026978,0,1
54,53,47,56,47,42,46,42,
300.000000,142.000000,0.002833,1329520256.000000,0.026873,0,1
61,54,56,42,50,44,32,30,
69.000000,133.000000,0.001518,7291086848.000000,0.047241,0,1
73,75,72,75,69,60,63,59,
433.000000,182.000000,0.038618,381674144.000000,0.556763,0,1
36,41,27,43,38,34,52,52,
277.000000,117.000000,0.007539,344698528.000000,0.096946,0,1
70,69,64,68,64,65,64,59,
425.000000,174.000000,0.033868,1430945664.000000,0.548725,0,1
40,53,29,60,40,27,54,43,
356.000000,136.000000,0.002140,131603176.000000,0.011674,0,1
50,42,56,37,44,59,32,34,
423.000000,125.000000,0.006479,78594952.000000,0.029881,0,1
52,59,44,55,47,46,53,40,
408.000000,125.000000,0.001342,46815652.000000,0.004087,0,1
71,65,69,59,62,69,47,57,
567.000000,123.000000,0.017014,2000178688.000000,0.427203,0,1
28,25,39,24,29,36,23,24,
504.000000,122.000000,0.015782,299769984.000000,0.185939,0,1
39,43,22,42,30,21,33,22,
577.000000,107.000000,0.017823,3750177024.000000,0.486102,0,1
61,54,64,51,61,67,55,62,
428.000000,118.000000,0.006838,55111116.000000,0.038141,0,1
67,64,71,62,66,72,60,69,
474.000000,94.000000,0.016898,62047032.000000,0.226497,0,1
75,74,73,76,70,67,71,65,
383.000000,139.000000,0.003749,11572608.000000,0.011446,0,1
58,50,52,39,42,40,32,32,
245.000000,131.000000,0.006360,509518240.000000,0.099996,0,1
58,52,50,47,49,43,43,41,
425.000000,175.000000,0.033866,1208006272.000000,0.549991,0,1
40,55,28,58,40,27,53,45,
452.000000,127.000000,0.006049,181990432.000000,0.093411,0,1
52,52,44,47,43,35,46,36,
501.000000,102.000000,0.016312,2741832448.000000,0.264963,0,1
38,51,34,55,48,36,56,43,
259.000000,217.000000,0.072803,2331151872.000000,3.215328,0,1
86,81,67,81,62,59,62,60,
143.000000,111.000000,0.001630,917349248.000000,0.040364,0,1
77,75,74,74,71,67,65,63,
577.000000,121.000000,0.017125,1957295872.000000,0.456889,0,1
51,47,44,36,36,55,27,38,
523.000000,82.000000,0.018335,1286858112.000000,0.284130,0,1
40,38,52,35,49,60,37,48,
164.000000,174.000000,0.022794,2741189632.000000,0.667498,0,1
25,33,28,36,30,25,48,56,
218.000000,139.000000,0.004397,1026969664.000000,0.064528,0,1
59,61,53,53,56,49,47,35,
295.000000,105.000000,0.008597,195665088.000000,0.099688,0,1
69,65,69,57,59,66,47,47,
352.000000,196.000000,0.050501,114026816.000000,0.722309,0,1
66,64,65,62,62,63,60,59,
376.000000,138.000000,0.003301,21870140.000000,0.012539,0,1
59,48,58,40,50,51,31,30,
392.000000,188.000000,0.044956,237919616.000000,0.396567,0,1
64,62,65,59,62,66,58,57,
209.000000,140.000000,0.004805,2328582656.000000,0.091293,0,1
42,38,51,27,32,53,25,27,
293.000000,189.000000,0.044166,1056440896.000000,0.899204,0,1
66,65,68,68,74,85,80,94,
315.000000,176.000000,0.029558,509517824.000000,0.358241,0,1
60,66,62,82,67,62,68,63,
394.000000,168.000000,0.022666,115543208.000000,0.074380,0,1
40,48,49,55,55,56,56,53,
398.000000,154.000000,0.020908,21101888.000000,0.044024,0,1
30,26,34,27,28,42,26,33,
412.000000,166.000000,0.021873,264562320.000000,0.095109,0,1
27,34,33,51,49,49,56,57,
351.000000,167.000000,0.022022,170003616.000000,0.132511,0,1
30,24,29,32,44,41,48,72,
490.000000,176.000000,0.034601,389401376.000000,0.647328,0,1
30,28,29,22,24,27,19,18,
449.000000,186.000000,0.044447,577077056.000000,0.675242,0,1
22,28,23,42,34,25,50,51,
297.000000,162.000000,0.020130,69080448.000000,0.246799,0,1
30,29,28,24,23,24,17,18,
