# timestamp
1608635283521166592

# fx, fy, cx, cy, width, height, npoints
501.492310,501.474976,421.770844,167.670013,800,400,590

# camToWorld: translation vector, rotation quaternion
-24.170210,34.307106,4.280332,-0.338266,0.641005,-0.597909,0.342335

# Exposure time (ms)
6.472750

# Point Cloud Data : 
# u,v,idepth_scaled,idepth_hessian,maxRelBaseline,numGoodRes,status 
# color information 
306.000000,44.000000,0.215015,322584672.000000,1.510928,0,1
66,87,85,154,141,128,251,255,
315.000000,44.000000,0.213695,302093376.000000,1.425169,0,1
60,71,70,94,90,85,162,244,
324.000000,44.000000,0.212294,215147360.000000,1.342560,0,1
57,63,61,79,76,73,104,173,
319.000000,45.000000,0.213450,187309712.000000,0.681713,0,1
67,84,81,133,119,111,231,254,
280.000000,47.000000,0.227089,101905704.000000,0.893609,0,1
255,247,254,158,167,181,130,120,
728.000000,113.000000,0.106015,1916447360.000000,0.493039,0,1
221,241,151,247,136,46,135,52,
584.000000,130.000000,0.084692,132367648.000000,0.168218,0,1
255,221,234,76,155,104,50,36,
738.000000,130.000000,0.107631,373281184.000000,0.509942,0,1
30,74,91,143,197,199,244,255,
533.000000,135.000000,0.076430,281411872.000000,0.115640,0,1
52,37,243,26,155,255,51,161,
699.000000,149.000000,0.101949,4072423936.000000,0.496603,0,1
113,54,151,29,96,180,54,92,
391.000000,158.000000,0.150998,28056624.000000,0.227563,0,1
21,42,18,54,30,15,54,35,
624.000000,159.000000,0.093052,875608896.000000,0.316232,0,1
84,48,123,45,102,165,104,131,
618.000000,164.000000,0.089083,201369008.000000,0.204274,0,1
153,96,157,59,125,131,32,22,
737.000000,224.000000,0.105482,2001445632.000000,0.520630,0,1
37,38,126,50,156,247,223,225,
738.000000,227.000000,0.104602,193144544.000000,0.519543,0,1
252,225,250,135,167,203,84,60,
739.000000,239.000000,0.111009,262702000.000000,0.643218,0,1
13,21,18,58,53,46,80,91,
301.000000,44.000000,0.216571,244051328.000000,1.561407,0,1
74,121,99,217,185,162,255,255,
313.000000,45.000000,0.214079,281283840.000000,1.440415,0,1
73,101,91,207,181,149,254,255,
292.000000,48.000000,0.221268,208830736.000000,1.653450,0,1
255,242,254,181,196,213,138,124,
702.000000,112.000000,0.100879,706179840.000000,0.443643,0,1
20,28,64,36,133,202,158,236,
684.000000,114.000000,0.098425,140663696.000000,0.155524,0,1
36,137,84,211,118,45,89,20,
715.000000,120.000000,0.104611,128692504.000000,0.319117,0,1
254,206,247,99,153,206,46,37,
691.000000,125.000000,0.100337,919527168.000000,0.477786,0,1
16,23,51,31,101,166,123,222,
722.000000,125.000000,0.105064,234113392.000000,0.482054,0,1
213,169,166,99,108,59,31,19,
710.000000,131.000000,0.100781,731613824.000000,0.304421,0,1
44,118,49,214,124,52,211,196,
687.000000,133.000000,0.099716,1160038656.000000,0.468276,0,1
39,34,133,51,143,248,202,254,
684.000000,135.000000,0.098246,1128818688.000000,0.457986,0,1
31,64,156,114,180,245,191,211,
711.000000,135.000000,0.103693,2935111936.000000,0.523093,0,1
155,207,116,232,147,61,152,58,
735.000000,138.000000,0.106734,1978860672.000000,0.503807,0,1
227,163,240,68,162,241,64,52,
704.000000,143.000000,0.102391,4269958912.000000,0.507095,0,1
120,184,80,229,137,56,210,185,
719.000000,147.000000,0.103519,1530650624.000000,0.472691,0,1
30,42,124,39,119,218,105,163,
731.000000,151.000000,0.107955,20154398.000000,0.249626,0,1
31,48,66,98,162,204,212,253,
684.000000,152.000000,0.098129,840742592.000000,0.459287,0,1
15,26,16,63,27,16,62,43,
702.000000,154.000000,0.101692,395334272.000000,0.502839,0,1
188,127,139,47,74,58,20,17,
715.000000,154.000000,0.103280,1772641920.000000,0.530086,0,1
106,65,154,31,91,163,42,51,
684.000000,156.000000,0.098111,1792028544.000000,0.460094,0,1
43,74,27,100,39,18,56,23,
729.000000,162.000000,0.105417,2868183552.000000,0.562445,0,1
134,135,70,137,74,37,89,82,
702.000000,178.000000,0.100740,1507662336.000000,0.507097,0,1
90,220,103,247,151,45,146,44,
699.000000,181.000000,0.101068,3717751296.000000,0.504840,0,1
249,254,147,254,161,50,222,108,
713.000000,188.000000,0.100880,733259328.000000,0.462889,0,1
17,46,27,150,89,34,184,154,
720.000000,196.000000,0.103610,216343216.000000,0.483910,0,1
40,114,66,245,180,151,255,255,
735.000000,196.000000,0.105742,4160118272.000000,0.586479,0,1
53,161,54,247,130,40,209,121,
712.000000,198.000000,0.102377,898822400.000000,0.470511,0,1
250,158,251,33,149,238,44,135,
684.000000,199.000000,0.098530,1631784448.000000,0.481816,0,1
23,45,26,85,33,28,43,26,
725.000000,206.000000,0.105009,60114288.000000,0.574570,0,1
255,255,255,255,255,255,235,147,
713.000000,209.000000,0.103570,175278160.000000,0.480335,0,1
255,205,251,52,125,176,26,21,
728.000000,211.000000,0.104219,511834624.000000,0.335677,0,1
252,157,251,53,190,246,41,23,
733.000000,211.000000,0.105228,2211348736.000000,0.510639,0,1
233,255,159,247,188,70,153,42,
728.000000,225.000000,0.104498,99118656.000000,0.508111,0,1
16,17,21,34,34,63,68,79,
708.000000,246.000000,0.110943,21213076.000000,0.607289,0,1
104,108,101,98,99,94,88,84,
690.000000,250.000000,0.101971,19128648.000000,0.550748,0,1
87,86,92,78,82,85,78,78,
710.000000,258.000000,0.098671,82779320.000000,0.571839,0,1
98,90,106,83,95,111,86,87,
727.000000,258.000000,0.102036,4170353.500000,0.189904,0,1
119,120,133,118,126,139,119,121,
711.000000,266.000000,0.101654,36721304.000000,0.501930,0,1
86,89,98,76,90,98,82,93,
697.000000,268.000000,0.100602,45314960.000000,0.484798,0,1
81,89,77,97,85,70,91,82,
710.000000,268.000000,0.100036,50027276.000000,0.588656,0,1
83,77,87,74,89,95,81,87,
688.000000,269.000000,0.093559,38395832.000000,0.535461,0,1
80,76,83,79,86,89,89,89,
688.000000,271.000000,0.093956,26869608.000000,0.451439,0,1
86,89,97,76,89,97,76,82,
698.000000,271.000000,0.100241,113469600.000000,0.578519,0,1
78,82,69,89,75,64,80,74,
712.000000,272.000000,0.103400,16626601.000000,0.615089,0,1
93,92,90,80,88,84,79,77,
730.000000,274.000000,0.077147,24536712.000000,0.506509,0,1
84,83,83,75,78,78,73,73,
685.000000,233.000000,0.102903,202715824.000000,0.528894,0,1
14,19,17,55,48,40,70,77,
458.000000,225.000000,0.155270,13743139.000000,0.250918,0,1
43,62,35,66,52,35,65,53,
458.000000,224.000000,0.152637,17005318.000000,0.245026,0,1
42,58,31,66,48,30,65,54,
287.000000,42.000000,0.221804,269140416.000000,1.719898,0,1
75,96,90,172,149,136,250,255,
574.000000,126.000000,0.080371,515435136.000000,0.215824,0,1
255,177,255,71,168,250,62,53,
587.000000,126.000000,0.085256,595695744.000000,0.172292,0,1
184,242,81,255,184,46,245,173,
611.000000,178.000000,0.087880,698503744.000000,0.198601,0,1
237,248,95,255,145,33,191,66,
187.000000,153.000000,0.048127,192843648.000000,0.137407,0,1
20,58,29,227,195,44,255,171,
156.000000,24.000000,0.243775,445870.812500,3.627656,0,1
6,6,5,6,6,5,5,5,
182.000000,30.000000,0.232790,2155194.000000,3.127747,0,1
6,6,5,8,7,7,12,14,
233.000000,30.000000,0.236448,14327859.000000,7.218363,0,1
25,27,29,27,24,15,18,13,
269.000000,33.000000,0.234602,88907112.000000,5.783884,0,1
38,43,44,49,54,62,61,56,
270.000000,33.000000,0.235295,95816016.000000,5.754200,0,1
39,43,44,51,59,62,65,56,
396.000000,34.000000,0.219696,2258113.000000,0.466184,0,1
20,22,15,16,11,9,9,9,
418.000000,34.000000,0.220063,506666.312500,0.426341,0,1
11,13,14,13,10,8,8,7,
391.000000,35.000000,0.219633,3389529.500000,0.898651,0,1
18,23,23,24,16,11,11,10,
230.000000,36.000000,0.224154,20027788.000000,7.237073,0,1
12,14,13,23,21,21,30,29,
387.000000,36.000000,0.214293,4670869.000000,0.914275,0,1
19,24,26,27,20,13,13,10,
382.000000,38.000000,0.210060,6162419.500000,2.839601,0,1
25,30,24,23,15,12,13,11,
404.000000,38.000000,0.210445,1028113.625000,2.456642,0,1
13,16,16,15,12,9,9,8,
223.000000,39.000000,0.221613,21452176.000000,2.461123,0,1
24,23,23,29,29,28,35,36,
377.000000,39.000000,0.209678,5272673.500000,0.955429,0,1
23,27,31,30,23,15,16,13,
240.000000,41.000000,0.225194,20248140.000000,2.261390,0,1
41,39,42,47,48,49,57,59,
288.000000,42.000000,0.221729,274140992.000000,1.710910,0,1
73,91,89,157,143,129,246,255,
260.000000,45.000000,0.228800,81702968.000000,1.013044,0,1
255,241,254,156,167,180,130,114,
332.000000,47.000000,0.209926,373842240.000000,1.258604,0,1
77,112,100,198,178,159,254,255,
208.000000,48.000000,0.218745,112948568.000000,2.622412,0,1
35,36,37,36,40,42,42,47,
233.000000,50.000000,0.214670,84609704.000000,2.278074,0,1
79,90,87,98,94,97,105,109,
224.000000,53.000000,0.215624,127308496.000000,7.376798,0,1
82,84,91,84,92,101,93,104,
242.000000,53.000000,0.217089,231980240.000000,2.167031,0,1
119,127,113,131,135,94,147,156,
251.000000,53.000000,0.217035,632765568.000000,2.060107,0,1
113,94,135,81,118,148,89,117,
263.000000,53.000000,0.214047,126288192.000000,0.935486,0,1
109,94,134,96,115,147,98,120,
330.000000,54.000000,0.199536,73210296.000000,0.226776,0,1
202,130,137,100,102,106,87,75,
341.000000,54.000000,0.199726,67665656.000000,0.300999,0,1
251,210,223,120,128,135,94,75,
231.000000,58.000000,0.217522,418692256.000000,7.045540,0,1
135,147,146,151,158,161,166,171,
234.000000,59.000000,0.218558,234003264.000000,6.921247,0,1
157,161,168,168,179,180,183,197,
264.000000,60.000000,0.213382,758585216.000000,1.880438,0,1
147,109,178,103,148,196,114,145,
273.000000,60.000000,0.215920,28478322.000000,1.813964,0,1
166,177,169,196,189,178,200,205,
285.000000,60.000000,0.209497,15795408.000000,1.631864,0,1
152,170,148,179,166,152,187,182,
298.000000,60.000000,0.202681,19299452.000000,0.717092,0,1
137,139,128,148,142,110,157,157,
216.000000,61.000000,0.216741,89178992.000000,1.204295,0,1
93,98,103,108,108,117,122,134,
215.000000,62.000000,0.217442,96615936.000000,1.213000,0,1
98,108,108,107,122,126,119,125,
252.000000,62.000000,0.216659,1129977088.000000,2.024826,0,1
168,128,203,113,171,222,133,180,
295.000000,62.000000,0.209973,19055336.000000,0.292128,0,1
149,160,157,171,171,162,180,184,
217.000000,63.000000,0.218047,100933648.000000,1.202015,0,1
112,128,128,127,134,140,137,148,
276.000000,63.000000,0.215127,29200188.000000,0.854444,0,1
189,192,196,205,209,200,208,225,
290.000000,63.000000,0.211639,27139968.000000,0.785254,0,1
170,179,174,187,191,182,203,215,
201.000000,64.000000,0.225815,1156799488.000000,8.535784,0,1
46,41,55,41,50,63,46,53,
215.000000,65.000000,0.220156,1149408128.000000,7.770523,0,1
127,115,137,106,120,148,114,126,
243.000000,66.000000,0.216867,873063936.000000,2.121934,0,1
187,217,134,223,167,115,214,173,
299.000000,67.000000,0.208634,6228357.500000,0.251000,0,1
175,200,137,216,181,128,213,193,
313.000000,70.000000,0.194178,36405152.000000,0.292638,0,1
111,134,104,147,129,104,151,151,
230.000000,71.000000,0.228979,61925868.000000,2.334058,0,1
216,210,227,212,230,240,219,219,
315.000000,71.000000,0.197032,23781096.000000,1.290502,0,1
97,114,99,139,113,109,136,133,
327.000000,71.000000,0.188747,50533632.000000,3.710856,0,1
75,83,75,91,83,75,92,94,
314.000000,73.000000,0.194718,40202228.000000,0.293452,0,1
124,151,123,172,147,127,174,165,
197.000000,75.000000,0.228089,25684364.000000,8.726204,0,1
32,28,33,21,23,27,15,11,
206.000000,75.000000,0.226458,36278100.000000,8.233227,0,1
62,50,56,37,42,47,25,15,
215.000000,77.000000,0.225760,52019492.000000,7.766716,0,1
78,56,67,27,34,41,15,14,
224.000000,77.000000,0.221233,89736776.000000,2.351401,0,1
130,105,116,65,81,94,22,17,
328.000000,77.000000,0.186776,63780072.000000,3.658082,0,1
104,119,108,134,126,116,140,147,
333.000000,78.000000,0.188230,60486100.000000,3.550404,0,1
92,106,94,121,111,96,127,122,
252.000000,79.000000,0.214586,208547312.000000,0.951496,0,1
221,207,215,96,120,126,25,22,
262.000000,79.000000,0.211642,175921632.000000,0.886901,0,1
222,225,229,167,185,185,63,28,
272.000000,80.000000,0.209521,192444768.000000,0.827132,0,1
255,239,251,132,162,176,49,26,
288.000000,80.000000,0.205885,46292940.000000,0.310281,0,1
255,254,247,227,235,245,132,33,
297.000000,80.000000,0.202861,27384596.000000,0.305725,0,1
252,254,239,253,251,237,195,75,
315.000000,80.000000,0.196653,52240076.000000,0.296369,0,1
183,200,185,220,203,189,225,178,
347.000000,80.000000,0.188166,160008784.000000,3.246039,0,1
56,61,53,67,58,51,70,67,
260.000000,81.000000,0.214190,165584688.000000,5.807802,0,1
167,48,63,25,26,28,22,20,
269.000000,81.000000,0.210838,252345920.000000,1.773772,0,1
223,108,132,34,41,49,25,23,
278.000000,81.000000,0.208192,327869632.000000,1.666437,0,1
235,178,188,66,74,85,28,25,
291.000000,81.000000,0.204129,53380564.000000,0.307634,0,1
254,245,251,145,161,171,34,26,
315.000000,82.000000,0.196837,170487600.000000,0.581924,0,1
203,225,199,182,178,175,83,25,
333.000000,84.000000,0.192393,176928576.000000,1.100756,0,1
123,125,118,54,61,67,22,19,
665.000000,115.000000,0.102848,229902832.000000,0.442738,0,1
16,16,24,15,19,156,17,21,
611.000000,116.000000,0.092490,62511168.000000,0.448768,0,1
20,20,25,20,26,34,31,120,
678.000000,116.000000,0.097933,395264608.000000,0.404108,0,1
231,243,199,217,132,57,63,22,
676.000000,117.000000,0.096962,802687488.000000,0.398186,0,1
254,244,174,234,112,41,93,29,
572.000000,122.000000,0.080892,673683136.000000,0.215882,0,1
44,54,141,54,122,254,73,126,
663.000000,125.000000,0.103599,97077936.000000,0.440654,0,1
21,21,25,24,29,35,35,43,
672.000000,128.000000,0.097854,1525800576.000000,0.437152,0,1
220,245,115,239,160,45,124,31,
449.000000,131.000000,0.063191,105667496.000000,0.122594,0,1
16,19,30,15,39,167,29,111,
431.000000,132.000000,0.065282,70936536.000000,0.167987,0,1
23,30,101,53,196,231,62,105,
537.000000,133.000000,0.077294,314685952.000000,0.261964,0,1
31,63,40,154,142,40,255,247,
388.000000,134.000000,0.054498,14326057.000000,0.087350,0,1
15,17,16,32,36,20,146,235,
638.000000,134.000000,0.095902,140844512.000000,0.297418,0,1
21,36,51,102,171,141,237,255,
421.000000,135.000000,0.059667,86713504.000000,0.090773,0,1
238,255,167,211,144,31,132,27,
428.000000,135.000000,0.061536,99814320.000000,0.099993,0,1
232,250,119,140,151,32,55,19,
437.000000,135.000000,0.063041,109541248.000000,0.110848,0,1
255,204,169,172,156,50,34,19,
449.000000,135.000000,0.063981,99982432.000000,0.123922,0,1
111,62,232,19,30,44,14,13,
599.000000,135.000000,0.087967,1664864640.000000,0.401751,0,1
62,30,132,29,124,246,80,220,
682.000000,135.000000,0.098694,1361118464.000000,0.457318,0,1
17,26,64,43,114,180,122,184,
575.000000,136.000000,0.079600,32675526.000000,0.215454,0,1
32,39,44,75,88,141,203,255,
617.000000,136.000000,0.089309,2224657920.000000,0.307919,0,1
55,176,53,254,146,41,249,165,
385.000000,138.000000,0.053686,7919862.000000,0.030351,0,1
214,161,248,35,133,169,28,19,
342.000000,139.000000,0.048715,846862208.000000,0.384784,0,1
16,23,27,31,129,59,102,205,
513.000000,139.000000,0.071420,41785368.000000,0.114578,0,1
31,95,41,207,146,98,255,255,
276.000000,140.000000,0.042378,453552128.000000,0.221585,0,1
21,71,22,216,121,20,230,67,
94.000000,141.000000,0.090236,172322656.000000,0.223414,0,1
22,52,35,200,157,74,254,249,
260.000000,141.000000,0.040066,85910208.000000,0.060382,0,1
26,111,28,217,97,21,122,26,
341.000000,141.000000,0.047684,12244601.000000,0.020694,0,1
66,36,227,39,99,172,32,71,
505.000000,141.000000,0.072598,74580624.000000,0.104517,0,1
21,24,49,29,122,158,145,250,
250.000000,142.000000,0.052375,31572188.000000,0.034093,0,1
29,37,95,36,108,193,113,211,
661.000000,142.000000,0.102210,701579200.000000,0.430832,0,1
44,30,66,21,45,81,30,45,
99.000000,143.000000,0.052835,143874528.000000,0.115486,0,1
20,23,18,51,25,18,121,75,
143.000000,143.000000,0.052606,142923904.000000,0.188358,0,1
18,33,51,69,110,136,108,200,
153.000000,143.000000,0.050201,452483232.000000,0.170511,0,1
12,39,14,156,41,12,98,19,
235.000000,143.000000,0.045252,26958634.000000,0.054065,0,1
21,37,25,126,120,30,180,137,
280.000000,143.000000,0.046290,26167102.000000,0.068421,0,1
16,26,15,43,33,15,73,43,
305.000000,143.000000,0.045825,23041348.000000,0.069887,0,1
14,19,25,22,40,76,26,38,
312.000000,143.000000,0.044985,114135872.000000,0.172691,0,1
20,46,32,81,66,32,120,70,
323.000000,143.000000,0.047645,586921280.000000,0.443404,0,1
129,78,220,61,90,202,31,26,
611.000000,143.000000,0.086961,553967296.000000,0.194602,0,1
246,245,119,255,166,48,229,168,
667.000000,143.000000,0.099830,625248256.000000,0.434683,0,1
74,88,53,90,74,32,84,79,
661.000000,144.000000,0.102301,677854848.000000,0.431325,0,1
45,30,65,21,45,78,29,42,
270.000000,145.000000,0.042807,11581698.000000,0.068951,0,1
126,118,127,45,69,115,26,24,
605.000000,145.000000,0.089000,208164736.000000,0.194012,0,1
255,185,255,51,180,255,43,42,
113.000000,147.000000,0.053428,598567040.000000,0.219274,0,1
34,54,108,75,172,222,187,214,
348.000000,147.000000,0.055647,17648814.000000,0.029160,0,1
31,108,44,161,128,35,185,68,
295.000000,148.000000,0.042907,208864992.000000,0.508554,0,1
30,31,30,67,49,31,119,134,
441.000000,148.000000,0.064269,483375200.000000,0.966984,0,1
50,37,29,15,33,13,16,14,
26.000000,149.000000,0.055952,225907456.000000,0.158800,0,1
29,33,51,74,147,193,203,235,
88.000000,149.000000,0.053712,223379904.000000,0.146144,0,1
215,184,252,67,153,201,43,26,
225.000000,149.000000,0.044584,119872968.000000,0.040924,0,1
96,184,39,193,126,27,206,218,
584.000000,150.000000,0.084548,122746304.000000,0.360139,0,1
22,27,28,58,100,44,198,240,
96.000000,151.000000,0.053845,461752928.000000,0.137607,0,1
189,211,123,138,156,52,55,23,
131.000000,151.000000,0.052241,342296128.000000,0.199005,0,1
19,39,45,63,156,113,188,255,
300.000000,151.000000,0.040432,1581959.500000,0.031582,0,1
97,74,171,46,124,178,59,36,
631.000000,151.000000,0.091215,3137915648.000000,0.475350,0,1
123,197,71,242,130,42,191,152,
361.000000,152.000000,0.048937,7767934.500000,0.033783,0,1
19,27,17,54,43,16,131,104,
639.000000,152.000000,0.097377,270544800.000000,0.375534,0,1
22,43,33,129,97,51,203,210,
675.000000,152.000000,0.098666,333351968.000000,0.402265,0,1
23,34,73,57,125,170,163,240,
375.000000,153.000000,0.054373,49934712.000000,0.304474,0,1
17,18,20,17,37,19,45,57,
586.000000,153.000000,0.082688,997684928.000000,0.238487,0,1
80,187,59,248,153,47,243,238,
613.000000,153.000000,0.088536,1898430336.000000,0.300404,0,1
154,221,81,235,121,33,138,38,
640.000000,153.000000,0.098701,686211328.000000,0.381463,0,1
33,97,51,203,135,46,210,166,
682.000000,153.000000,0.098271,1973270144.000000,0.457808,0,1
36,89,42,144,90,37,135,104,
49.000000,157.000000,0.057813,221848288.000000,0.153254,0,1
133,194,190,116,140,121,84,64,
141.000000,157.000000,0.051659,159467232.000000,0.108150,0,1
182,185,112,77,82,27,31,17,
567.000000,157.000000,0.081162,887735296.000000,0.319141,0,1
101,230,55,254,136,27,146,36,
279.000000,158.000000,0.044685,42682472.000000,0.068827,0,1
32,45,27,123,85,24,134,86,
265.000000,159.000000,0.043177,61091324.000000,0.065070,0,1
216,146,182,43,144,62,33,25,
26.000000,162.000000,0.059512,13570847.000000,0.169969,0,1
50,48,43,33,29,20,28,22,
27.000000,162.000000,0.059564,21835570.000000,0.169624,0,1
48,46,36,32,25,16,24,17,
231.000000,164.000000,0.046846,1030886144.000000,0.326610,0,1
43,33,139,31,158,250,90,100,
504.000000,164.000000,0.075724,139784496.000000,0.114661,0,1
88,172,60,98,73,56,29,23,
67.000000,165.000000,0.053997,128244784.000000,0.099402,0,1
21,32,49,48,112,131,112,155,
95.000000,165.000000,0.054603,141749488.000000,0.142116,0,1
24,40,48,67,129,91,186,236,
155.000000,165.000000,0.051559,743453440.000000,0.173959,0,1
39,160,34,244,106,19,192,60,
630.000000,165.000000,0.094792,798787264.000000,0.495493,0,1
167,163,121,62,61,51,23,19,
53.000000,167.000000,0.054759,169639936.000000,0.143178,0,1
49,32,60,24,46,74,29,34,
333.000000,168.000000,0.048226,475140608.000000,0.416589,0,1
25,40,42,137,189,141,250,255,
44.000000,169.000000,0.057233,41198176.000000,0.154638,0,1
15,24,18,39,31,19,45,42,
57.000000,169.000000,0.057825,77129864.000000,0.149849,0,1
62,69,37,54,40,20,25,16,
263.000000,169.000000,0.045370,109085096.000000,0.258753,0,1
42,69,66,184,206,199,255,255,
348.000000,169.000000,0.049384,14189214.000000,0.029518,0,1
24,70,22,192,102,23,201,52,
414.000000,169.000000,0.053333,18260830.000000,0.080375,0,1
22,25,22,50,42,24,163,200,
371.000000,170.000000,0.053319,247661696.000000,0.080355,0,1
37,199,45,255,90,21,134,32,
398.000000,170.000000,0.057330,199616768.000000,0.086728,0,1
29,102,30,227,149,26,255,213,
442.000000,170.000000,0.064602,124572456.000000,0.120003,0,1
18,19,22,22,67,45,146,255,
247.000000,171.000000,0.047124,812798592.000000,0.298760,0,1
38,76,37,238,158,25,236,206,
30.000000,172.000000,0.057692,51138500.000000,0.163006,0,1
22,20,31,23,36,47,38,35,
45.000000,172.000000,0.058484,79938224.000000,0.157944,0,1
32,42,24,50,31,17,28,16,
514.000000,172.000000,0.073227,172307584.000000,0.127813,0,1
23,58,38,162,165,40,255,255,
269.000000,174.000000,0.044085,306671168.000000,0.243201,0,1
26,44,61,49,187,122,156,229,
42.000000,175.000000,0.057557,71343192.000000,0.156960,0,1
45,43,25,49,31,17,33,20,
223.000000,175.000000,0.045983,349032896.000000,0.342605,0,1
239,234,242,95,112,136,36,25,
348.000000,175.000000,0.058497,6399788.500000,0.041886,0,1
27,33,132,53,115,239,76,168,
561.000000,175.000000,0.080947,985621440.000000,0.311217,0,1
25,25,81,27,132,249,162,255,
275.000000,176.000000,0.042383,30768532.000000,0.071561,0,1
27,32,81,55,118,189,119,217,
612.000000,176.000000,0.087883,367562080.000000,0.199829,0,1
198,254,177,255,176,43,192,63,
155.000000,177.000000,0.051011,94486608.000000,0.175375,0,1
14,17,16,35,62,22,109,61,
530.000000,177.000000,0.074769,930823872.000000,0.245449,0,1
35,25,126,19,73,248,31,69,
110.000000,178.000000,0.052231,200115808.000000,0.215967,0,1
20,28,27,67,75,51,188,202,
212.000000,178.000000,0.047395,571781888.000000,0.375646,0,1
20,55,27,100,114,27,223,216,
577.000000,178.000000,0.082604,1017790720.000000,0.342535,0,1
255,255,137,209,108,34,53,25,
667.000000,178.000000,0.099628,163606832.000000,0.445263,0,1
41,48,33,52,48,25,56,54,
311.000000,179.000000,0.045288,2650542592.000000,0.475221,0,1
85,171,37,252,107,27,231,190,
638.000000,179.000000,0.092933,356566624.000000,0.288795,0,1
56,63,83,74,150,141,186,105,
641.000000,179.000000,0.098296,194697920.000000,0.245905,0,1
31,70,30,158,96,27,234,98,
91.000000,180.000000,0.054393,428724224.000000,0.140592,0,1
21,40,26,152,97,25,152,60,
54.000000,182.000000,0.057353,69784000.000000,0.151059,0,1
18,29,32,82,88,82,111,108,
347.000000,182.000000,0.050418,1252465152.000000,0.389565,0,1
42,29,152,24,93,251,59,192,
523.000000,182.000000,0.071911,76400104.000000,0.109004,0,1
30,177,42,250,192,31,129,43,
89.000000,183.000000,0.053709,565910784.000000,0.143645,0,1
185,166,99,153,84,30,104,64,
271.000000,183.000000,0.043575,362309888.000000,0.239734,0,1
255,225,229,72,138,100,38,28,
581.000000,183.000000,0.083415,1487023360.000000,0.353201,0,1
24,30,107,32,160,255,155,209,
587.000000,183.000000,0.084088,874413696.000000,0.257549,0,1
36,169,42,255,181,32,248,158,
291.000000,184.000000,0.042834,90504680.000000,0.065161,0,1
193,97,253,61,159,150,67,55,
135.000000,185.000000,0.051226,379114272.000000,0.191054,0,1
236,214,170,94,189,112,46,23,
619.000000,185.000000,0.089499,607868992.000000,0.447277,0,1
24,89,39,229,180,38,229,81,
621.000000,186.000000,0.089695,1286280576.000000,0.452076,0,1
23,95,21,200,56,19,68,44,
665.000000,186.000000,0.101653,45166688.000000,0.453077,0,1
62,54,62,34,44,51,22,21,
666.000000,186.000000,0.100663,79733968.000000,0.451596,0,1
65,60,59,39,51,44,24,25,
683.000000,186.000000,0.100814,136838208.000000,0.287206,0,1
255,218,252,38,106,228,25,25,
63.000000,187.000000,0.047593,107104560.000000,0.120697,0,1
14,14,14,19,19,15,35,47,
226.000000,187.000000,0.046592,119294344.000000,0.112155,0,1
27,71,36,123,130,40,221,233,
377.000000,187.000000,0.054592,86499856.000000,0.111401,0,1
255,197,255,46,210,183,36,31,
423.000000,187.000000,0.060763,192247984.000000,0.099672,0,1
223,222,185,143,136,62,51,67,
558.000000,187.000000,0.080782,497686592.000000,0.308256,0,1
33,42,71,75,159,201,225,255,
191.000000,188.000000,0.047512,100755056.000000,0.135933,0,1
255,244,249,82,128,214,35,32,
261.000000,189.000000,0.042641,1095642240.000000,0.254291,0,1
130,48,191,31,121,230,50,42,
280.000000,189.000000,0.047537,15574118.000000,0.029044,0,1
133,89,109,42,59,28,22,26,
350.000000,189.000000,0.051529,641833408.000000,0.390677,0,1
177,52,250,100,95,103,34,27,
389.000000,189.000000,0.059758,70897280.000000,0.090059,0,1
186,152,97,33,52,30,26,26,
517.000000,189.000000,0.075189,1129369984.000000,0.233047,0,1
32,30,116,30,116,249,95,225,
572.000000,189.000000,0.082076,454347680.000000,0.334604,0,1
81,79,180,24,105,76,23,18,
26.000000,190.000000,0.057435,41910448.000000,0.120923,0,1
52,66,38,56,40,22,27,15,
143.000000,190.000000,0.051401,810731200.000000,0.187077,0,1
57,52,155,37,146,235,87,102,
154.000000,190.000000,0.049563,526661056.000000,0.085826,0,1
93,200,49,246,157,30,224,160,
53.000000,191.000000,0.056120,277611584.000000,0.148999,0,1
121,114,101,55,77,51,30,18,
54.000000,191.000000,0.055918,370776064.000000,0.147953,0,1
101,113,69,73,71,34,28,17,
188.000000,191.000000,0.047115,70753840.000000,0.141678,0,1
32,34,31,85,147,64,238,255,
72.000000,192.000000,0.052411,120832176.000000,0.130135,0,1
22,48,55,103,110,97,165,161,
437.000000,192.000000,0.061536,160581696.000000,0.092738,0,1
255,167,253,53,110,254,30,38,
294.000000,193.000000,0.043008,9652580.000000,0.025597,0,1
17,41,36,127,106,33,158,53,
380.000000,193.000000,0.054924,215385312.000000,0.114469,0,1
57,33,219,27,136,254,75,173,
44.000000,195.000000,0.057146,324139040.000000,0.156723,0,1
25,71,47,119,96,46,115,105,
303.000000,195.000000,0.037214,17737996.000000,0.029437,0,1
36,48,28,87,88,26,136,71,
318.000000,195.000000,0.046083,1315963904.000000,0.467822,0,1
25,33,34,32,101,89,92,158,
441.000000,195.000000,0.063908,379581760.000000,0.186542,0,1
107,223,40,235,159,20,114,24,
30.000000,196.000000,0.057748,218959840.000000,0.165341,0,1
31,33,65,37,76,110,84,111,
311.000000,196.000000,0.042852,58903504.000000,0.064581,0,1
30,59,29,167,131,21,188,77,
594.000000,196.000000,0.085736,965190464.000000,0.287903,0,1
255,253,216,203,181,82,60,28,
275.000000,197.000000,0.043632,34140460.000000,0.240455,0,1
19,33,36,54,58,62,80,89,
555.000000,197.000000,0.080279,247155616.000000,0.210916,0,1
255,255,246,242,202,231,140,42,
681.000000,197.000000,0.098141,2283196672.000000,0.475478,0,1
35,135,35,244,108,32,231,164,
131.000000,198.000000,0.052089,1055363328.000000,0.200253,0,1
60,54,176,40,129,243,73,119,
144.000000,198.000000,0.050244,224176176.000000,0.186236,0,1
43,98,39,69,60,20,31,23,
265.000000,198.000000,0.043281,30733378.000000,0.256461,0,1
19,34,37,56,63,65,77,86,
273.000000,198.000000,0.043458,48259328.000000,0.242574,0,1
30,54,56,79,78,82,86,84,
296.000000,198.000000,0.043013,27628834.000000,0.515151,0,1
45,69,67,70,66,65,75,80,
350.000000,198.000000,0.047464,26283068.000000,0.040645,0,1
26,32,37,29,75,82,148,225,
352.000000,198.000000,0.049113,12706073.000000,0.074513,0,1
26,37,38,75,82,59,249,248,
417.000000,198.000000,0.060956,386673696.000000,1.183168,0,1
19,21,15,34,25,21,45,26,
453.000000,198.000000,0.066483,104912904.000000,0.175562,0,1
58,65,32,47,40,19,39,21,
528.000000,198.000000,0.076904,1408636288.000000,0.255072,0,1
181,229,82,183,165,34,204,156,
575.000000,198.000000,0.082654,2116088448.000000,0.343723,0,1
35,29,160,25,111,255,55,127,
617.000000,198.000000,0.088474,2343586304.000000,0.337422,0,1
76,54,211,33,171,255,102,186,
662.000000,198.000000,0.102740,210149056.000000,0.460011,0,1
38,29,46,24,38,49,29,37,
565.000000,201.000000,0.080480,1051240320.000000,0.233263,0,1
117,56,248,29,181,255,40,158,
577.000000,201.000000,0.082196,296498784.000000,0.256515,0,1
255,209,245,70,148,154,36,29,
38.000000,202.000000,0.057140,657256640.000000,0.160440,0,1
126,87,129,43,94,135,50,63,
51.000000,202.000000,0.055895,123953888.000000,0.150665,0,1
16,22,21,40,75,62,105,144,
459.000000,202.000000,0.141666,7874894.500000,0.351454,0,1
14,20,12,53,16,12,25,15,
507.000000,202.000000,0.071984,314576160.000000,0.152962,0,1
38,48,97,58,187,222,178,222,
627.000000,202.000000,0.089682,429191296.000000,0.361924,0,1
255,249,241,195,140,143,64,29,
636.000000,202.000000,0.090791,2948832256.000000,0.380433,0,1
56,190,38,250,103,28,213,95,
54.000000,203.000000,0.055780,467124416.000000,0.149069,0,1
18,62,25,127,73,41,125,137,
105.000000,203.000000,0.054530,253870896.000000,0.138560,0,1
169,160,190,63,96,88,49,26,
402.000000,205.000000,0.056941,145323184.000000,0.088196,0,1
24,24,114,26,108,231,49,57,
405.000000,206.000000,0.059169,133224752.000000,0.089690,0,1
87,231,84,87,99,44,60,53,
589.000000,206.000000,0.084179,1639619584.000000,0.287660,0,1
203,255,108,255,188,41,186,52,
607.000000,206.000000,0.085329,641529280.000000,0.320137,0,1
40,131,41,245,119,36,235,165,
41.000000,207.000000,0.057391,55377728.000000,0.160459,0,1
119,89,78,33,35,21,20,32,
80.000000,207.000000,0.056258,228475728.000000,0.155792,0,1
131,103,111,32,30,28,20,18,
238.000000,207.000000,0.052718,16451163.000000,0.364715,0,1
82,57,58,66,80,75,78,67,
411.000000,207.000000,0.060865,188950480.000000,1.249052,0,1
17,30,22,49,42,38,48,45,
522.000000,207.000000,0.074231,79045600.000000,0.240494,0,1
31,34,27,93,65,53,108,50,
48.000000,208.000000,0.056753,597628736.000000,0.155411,0,1
84,52,121,40,100,146,58,30,
353.000000,208.000000,0.050134,13650394.000000,0.397641,0,1
68,70,61,75,72,60,79,65,
427.000000,208.000000,0.063967,158663472.000000,1.141567,0,1
16,19,17,34,31,28,47,49,
578.000000,208.000000,0.082285,2044931072.000000,0.349086,0,1
109,238,53,236,126,28,112,30,
676.000000,208.000000,0.097617,3477609472.000000,0.473787,0,1
143,234,73,255,151,41,254,177,
244.000000,209.000000,0.057914,16346001.000000,0.380614,0,1
71,80,86,66,72,74,59,57,
256.000000,209.000000,0.060684,30025386.000000,0.374216,0,1
92,85,91,67,69,68,58,70,
444.000000,209.000000,0.065333,263039232.000000,0.134029,0,1
23,141,48,157,134,49,86,64,
549.000000,209.000000,0.078155,182034032.000000,0.290371,0,1
31,25,16,43,26,18,77,61,
575.000000,209.000000,0.081498,672930752.000000,0.341267,0,1
254,248,236,230,153,112,112,36,
124.000000,210.000000,0.052293,382015584.000000,0.211096,0,1
122,195,132,182,140,69,71,45,
662.000000,213.000000,0.102697,223018576.000000,0.473161,0,1
37,29,48,24,38,57,29,38,
601.000000,215.000000,0.086096,259367920.000000,0.405816,0,1
255,209,246,105,165,196,63,41,
38.000000,216.000000,0.061610,156755536.000000,0.176111,0,1
15,17,17,43,63,60,108,132,
512.000000,216.000000,0.076316,111211472.000000,0.195665,0,1
20,29,21,71,49,40,82,86,
589.000000,216.000000,0.086149,69173600.000000,0.387305,0,1
76,62,60,44,41,37,32,25,
617.000000,216.000000,0.085623,32589628.000000,0.429492,0,1
23,35,26,102,82,60,79,45,
674.000000,216.000000,0.096665,844897984.000000,0.413580,0,1
255,248,204,104,131,62,28,21,
536.000000,218.000000,0.080551,344241632.000000,0.542426,0,1
17,17,16,46,39,31,73,82,
442.000000,220.000000,0.075265,14903176.000000,0.277325,0,1
65,74,64,82,72,61,69,57,
440.000000,221.000000,0.078074,22069604.000000,0.287042,0,1
75,79,80,68,70,64,60,55,
558.000000,222.000000,0.084622,166300224.000000,0.335061,0,1
56,38,63,39,55,80,62,71,
196.000000,224.000000,0.057547,274759.000000,0.187586,0,1
37,35,33,33,33,32,32,30,
306.000000,224.000000,0.075508,79860864.000000,0.775228,0,1
47,23,42,33,39,44,42,44,
401.000000,224.000000,0.061407,18364394.000000,0.338227,0,1
61,55,66,48,58,71,46,47,
554.000000,224.000000,0.090266,154077664.000000,0.354920,0,1
61,76,66,81,62,57,32,39,
402.000000,225.000000,0.077931,14029931.000000,0.386912,0,1
66,58,71,46,58,69,47,46,
518.000000,225.000000,0.086399,46578576.000000,0.286506,0,1
106,117,119,106,102,95,90,92,
560.000000,225.000000,0.092484,119270240.000000,0.374930,0,1
79,75,83,24,30,73,14,20,
379.000000,227.000000,0.076408,111387576.000000,1.834551,0,1
57,51,51,46,48,45,42,38,
390.000000,227.000000,0.070261,65632868.000000,1.644612,0,1
57,61,57,50,62,45,46,42,
441.000000,227.000000,0.069860,17671290.000000,0.284852,0,1
63,69,63,75,70,58,80,72,
544.000000,227.000000,0.086684,27022722.000000,0.325567,0,1
96,106,100,94,96,92,86,79,
314.000000,228.000000,0.077246,6428930.500000,0.754083,0,1
49,53,51,48,46,43,43,41,
437.000000,228.000000,0.064831,194863296.000000,1.107052,0,1
67,61,71,52,64,81,55,59,
639.000000,228.000000,0.095893,84422648.000000,0.429667,0,1
13,21,17,45,38,28,56,48,
268.000000,232.000000,0.086149,7947408.000000,1.103029,0,1
54,49,50,41,50,53,41,42,
356.000000,232.000000,0.072360,7647083.000000,0.550492,0,1
44,46,42,47,44,38,49,41,
415.000000,233.000000,0.084318,49550720.000000,0.388708,0,1
55,65,53,64,63,45,54,47,
529.000000,233.000000,0.076503,44135652.000000,0.266833,0,1
92,94,85,106,97,84,110,99,
657.000000,233.000000,0.104131,65145708.000000,0.491704,0,1
13,16,16,22,22,23,42,48,
256.000000,234.000000,0.080968,12870432.000000,0.484792,0,1
45,48,50,53,59,61,62,60,
355.000000,234.000000,0.082950,21177606.000000,0.605512,0,1
47,51,43,50,46,38,43,40,
413.000000,234.000000,0.061575,20493658.000000,0.355058,0,1
59,57,68,48,55,54,49,49,
566.000000,234.000000,0.088970,33123074.000000,0.513501,0,1
85,78,88,76,78,87,75,74,
584.000000,234.000000,0.087755,23210580.000000,0.394305,0,1
87,91,95,95,101,108,101,104,
651.000000,234.000000,0.102372,113135424.000000,0.477511,0,1
17,28,25,45,48,46,55,54,
269.000000,236.000000,0.083507,7611653.000000,0.462421,0,1
40,45,39,52,51,42,57,65,
520.000000,236.000000,0.101095,50901908.000000,0.352114,0,1
106,96,101,79,89,91,77,77,
528.000000,236.000000,0.081496,43826024.000000,0.286331,0,1
110,111,99,102,98,87,91,82,
468.000000,237.000000,0.148403,24343296.000000,0.223653,0,1
88,97,64,78,83,52,88,74,
480.000000,237.000000,0.151588,6356182.000000,0.468421,0,1
39,26,49,25,37,51,26,36,
587.000000,237.000000,0.089239,53164580.000000,0.407995,0,1
115,112,109,99,99,91,92,87,
638.000000,237.000000,0.106870,62743700.000000,0.475790,0,1
49,52,52,60,63,69,78,81,
665.000000,237.000000,0.102540,49866896.000000,0.503223,0,1
64,64,72,51,57,64,53,57,
235.000000,238.000000,0.086739,4358711.000000,0.584690,0,1
44,42,48,46,54,64,62,65,
271.000000,238.000000,0.089320,4891577.000000,0.170753,0,1
42,55,48,65,57,46,57,51,
466.000000,238.000000,0.146607,23169082.000000,0.220946,0,1
81,60,94,50,73,78,51,61,
505.000000,239.000000,0.078499,36960264.000000,0.255902,0,1
86,92,81,98,89,81,97,99,
498.000000,240.000000,0.139441,9265830.000000,0.386789,0,1
72,57,84,46,68,89,51,60,
618.000000,240.000000,0.108682,89517584.000000,0.577812,0,1
95,92,90,80,79,78,71,64,
336.000000,241.000000,0.097688,11054144.000000,0.827371,0,1
50,54,48,47,44,37,41,34,
449.000000,241.000000,0.098969,28407132.000000,1.310009,0,1
50,47,53,47,54,60,50,52,
310.000000,242.000000,0.092989,7088843.000000,0.909644,0,1
42,40,40,38,37,36,35,31,
329.000000,242.000000,0.094306,23874706.000000,0.809771,0,1
49,47,46,46,46,41,38,33,
438.000000,242.000000,0.086348,3062237.250000,0.196127,0,1
54,51,53,53,59,61,62,58,
556.000000,242.000000,0.099501,11477105.000000,0.638629,0,1
80,79,85,69,75,81,71,71,
233.000000,243.000000,0.057726,12322323.000000,0.423640,0,1
52,44,53,39,46,49,36,33,
235.000000,243.000000,0.064092,10069530.000000,0.458492,0,1
57,53,53,46,49,46,39,36,
459.000000,243.000000,0.141612,15136710.000000,0.458142,0,1
39,51,34,53,36,35,42,34,
620.000000,243.000000,0.110761,100073200.000000,0.596773,0,1
67,65,69,69,78,84,82,84,
621.000000,243.000000,0.110578,90730024.000000,0.597809,0,1
66,66,74,74,81,85,86,85,
273.000000,244.000000,0.097595,7587605.000000,1.312770,0,1
45,51,45,50,44,39,40,35,
441.000000,244.000000,0.081814,14385292.000000,0.192641,0,1
59,67,58,58,55,48,49,45,
480.000000,244.000000,0.161925,11683860.000000,1.321572,0,1
28,23,37,21,28,38,20,22,
267.000000,245.000000,0.094260,10000024.000000,1.198996,0,1
47,46,51,42,44,45,38,36,
431.000000,245.000000,0.096650,273748320.000000,1.486432,0,1
55,61,60,49,60,50,47,47,
257.000000,246.000000,0.097433,13532151.000000,1.339055,0,1
57,57,56,47,46,43,39,36,
417.000000,247.000000,0.097153,30323894.000000,0.460432,0,1
51,54,48,52,48,41,44,37,
413.000000,248.000000,0.091889,39762692.000000,1.653496,0,1
49,45,50,38,43,44,37,35,
589.000000,248.000000,0.111266,39328856.000000,0.536527,0,1
85,83,80,78,74,67,69,65,
304.000000,252.000000,0.093037,2940055.250000,0.964625,0,1
31,30,30,27,25,26,26,26,
498.000000,253.000000,0.148290,124663416.000000,1.163406,0,1
42,36,47,29,42,51,34,39,
632.000000,253.000000,0.092692,191749040.000000,0.512013,0,1
91,88,88,78,78,74,73,74,
675.000000,254.000000,0.101200,8532782.000000,0.375027,0,1
113,111,107,96,99,96,84,84,
172.000000,256.000000,0.052752,820361.812500,0.184757,0,1
20,19,22,18,21,22,19,19,
232.000000,256.000000,0.092103,2852924.500000,0.640753,0,1
32,31,32,26,28,29,23,23,
330.000000,256.000000,0.116752,11215375.000000,3.177638,0,1
31,31,30,26,28,27,24,23,
358.000000,256.000000,0.116802,7849292.500000,2.662763,0,1
32,34,34,28,29,31,26,24,
459.000000,256.000000,0.138730,9471943.000000,0.498831,0,1
26,33,22,34,26,21,30,24,
518.000000,256.000000,0.117211,44234304.000000,0.933465,0,1
60,57,56,51,49,49,48,47,
363.000000,257.000000,0.115421,12590225.000000,2.580353,0,1
35,34,35,27,30,33,25,24,
602.000000,258.000000,0.104572,19119386.000000,0.578157,0,1
53,50,59,53,63,72,63,73,
554.000000,259.000000,0.122666,49433588.000000,0.778320,0,1
55,51,46,45,42,38,39,36,
558.000000,261.000000,0.128400,27367278.000000,0.778770,0,1
39,35,40,37,45,48,45,41,
602.000000,261.000000,0.089522,35163392.000000,0.445527,0,1
68,68,76,60,72,79,66,71,
671.000000,261.000000,0.101007,118764624.000000,0.552213,0,1
83,72,86,64,75,81,66,67,
260.000000,262.000000,0.109853,2564441.750000,1.417526,0,1
29,31,32,32,29,26,26,22,
543.000000,262.000000,0.120971,37961220.000000,0.835122,0,1
52,48,46,41,40,39,36,37,
531.000000,264.000000,0.127485,75666456.000000,0.930282,0,1
51,52,51,47,44,44,37,36,
402.000000,267.000000,0.121567,10858830.000000,2.090466,0,1
32,30,32,24,26,30,23,23,
617.000000,268.000000,0.090602,12546881.000000,0.480565,0,1
58,56,54,55,51,46,44,50,
509.000000,270.000000,0.133865,33551754.000000,1.119087,0,1
34,33,33,29,26,25,23,24,
604.000000,270.000000,0.114326,21888482.000000,0.660847,0,1
60,57,57,51,52,51,46,46,
682.000000,270.000000,0.097680,13435544.000000,0.548157,0,1
65,63,69,58,66,72,58,65,
502.000000,272.000000,0.138088,20699482.000000,1.195077,0,1
31,29,29,26,25,23,22,21,
538.000000,276.000000,0.147497,8481762.000000,0.641351,0,1
32,31,33,28,34,38,31,35,
557.000000,277.000000,0.141114,11802212.000000,0.917031,0,1
51,44,48,39,39,40,33,36,
568.000000,278.000000,0.130608,15391330.000000,0.856840,0,1
39,41,38,50,48,42,50,44,
555.000000,279.000000,0.143443,17790486.000000,0.940044,0,1
39,33,33,39,41,36,42,41,
567.000000,290.000000,0.155930,15185751.000000,0.992777,0,1
54,48,55,38,42,42,34,34,
511.000000,293.000000,0.154646,5760480.500000,1.333189,0,1
34,32,34,24,29,32,22,22,
522.000000,297.000000,0.163830,38355140.000000,1.282197,0,1
35,34,34,24,30,32,21,23,
530.000000,264.000000,0.127861,75382784.000000,0.935981,0,1
52,51,51,48,46,44,38,36,
562.000000,257.000000,0.120049,47312784.000000,0.725558,0,1
60,55,52,47,48,50,37,37,
594.000000,247.000000,0.110997,60198520.000000,0.556721,0,1
82,79,74,74,66,61,62,60,
670.000000,246.000000,0.099941,443218432.000000,0.511645,0,1
78,78,94,70,89,105,80,94,
432.000000,245.000000,0.095770,238384688.000000,1.467746,0,1
57,65,54,55,56,50,49,46,
300.000000,244.000000,0.080962,4160468.250000,0.875397,0,1
36,36,35,32,32,32,29,25,
332.000000,243.000000,0.098804,12425076.000000,0.816716,0,1
45,41,42,36,35,35,30,27,
627.000000,234.000000,0.102742,140977456.000000,0.556608,0,1
64,58,60,66,70,75,86,95,
425.000000,231.000000,0.073870,155392560.000000,1.306640,0,1
57,56,60,48,53,52,46,42,
242.000000,229.000000,0.078447,17642228.000000,0.513527,0,1
41,43,41,52,50,47,66,60,
333.000000,225.000000,0.081223,59592464.000000,0.679144,0,1
55,51,65,47,59,64,49,53,
304.000000,225.000000,0.077533,37329636.000000,0.798318,0,1
23,36,34,41,42,43,43,45,
333.000000,224.000000,0.081666,38373008.000000,0.680134,0,1
51,49,60,47,58,66,51,53,
665.000000,221.000000,0.102727,70152920.000000,0.486185,0,1
56,48,57,31,40,52,27,24,
633.000000,217.000000,0.091432,80445216.000000,0.392843,0,1
16,17,22,49,51,59,64,48,
522.000000,217.000000,0.075001,222175392.000000,0.246529,0,1
19,25,37,64,79,110,83,84,
675.000000,216.000000,0.097167,1105045376.000000,0.416523,0,1
240,247,132,143,96,39,33,22,
340.000000,48.000000,0.206797,326128928.000000,1.179276,0,1
73,105,96,186,163,147,255,255,
352.000000,52.000000,0.204028,285901216.000000,0.512446,0,1
170,255,186,255,204,51,162,58,
68.000000,216.000000,0.062363,30281060.000000,0.117898,0,1
28,77,50,54,49,32,39,36,
350.000000,53.000000,0.203461,230629296.000000,0.516681,0,1
255,255,250,254,220,86,129,65,
350.000000,54.000000,0.204011,644089536.000000,1.074448,0,1
255,251,162,143,103,58,77,52,
351.000000,54.000000,0.204662,624291712.000000,1.068837,0,1
250,220,86,129,79,48,65,46,
107.000000,211.000000,0.052251,558913024.000000,0.223322,0,1
50,160,107,214,176,80,133,53,
564.000000,208.000000,0.081003,1491021440.000000,0.243757,0,1
61,30,193,27,121,253,99,241,
243.000000,61.000000,0.217249,862537472.000000,2.132338,0,1
150,186,109,206,171,92,202,184,
126.000000,208.000000,0.052043,569768448.000000,0.206712,0,1
20,41,19,122,59,24,132,69,
589.000000,207.000000,0.084298,1544318592.000000,0.324115,0,1
200,249,97,208,126,33,78,27,
417.000000,207.000000,0.061658,154223536.000000,1.201947,0,1
17,19,22,33,31,35,44,46,
404.000000,207.000000,0.059776,70687864.000000,0.090390,0,1
231,87,99,57,60,55,53,53,
265.000000,66.000000,0.214246,320575744.000000,0.899138,0,1
194,153,227,135,197,246,157,193,
265.000000,207.000000,0.052365,11010804.000000,0.097294,0,1
90,97,87,85,89,76,72,61,
81.000000,207.000000,0.057252,124222872.000000,0.140742,0,1
149,115,105,31,29,26,19,18,
170.000000,205.000000,0.049180,258636080.000000,0.080830,0,1
45,57,192,32,113,192,39,45,
679.000000,203.000000,0.097492,2429006080.000000,0.474210,0,1
254,255,225,219,182,98,95,35,
176.000000,76.000000,0.249123,615383.187500,10.149441,0,1
13,10,10,9,9,9,9,8,
386.000000,203.000000,0.053617,67989648.000000,0.114389,0,1
22,19,25,18,20,123,36,57,
177.000000,203.000000,0.048987,101273168.000000,0.156113,0,1
28,38,68,48,138,178,178,201,
196.000000,202.000000,0.047781,290497984.000000,0.135824,0,1
33,128,45,230,156,52,225,98,
232.000000,78.000000,0.220336,205599776.000000,1.087851,0,1
181,142,152,47,62,69,23,19,
241.000000,78.000000,0.216720,173042512.000000,1.022824,0,1
235,184,209,98,123,151,41,21,
538.000000,200.000000,0.077021,544187008.000000,0.268867,0,1
30,105,45,200,173,44,255,254,
427.000000,200.000000,0.062058,1104077312.000000,1.105502,0,1
122,112,121,46,62,59,27,24,
334.000000,199.000000,0.049414,58145008.000000,0.438080,0,1
19,24,19,43,25,47,54,62,
310.000000,198.000000,0.045797,33642120.000000,0.069018,0,1
172,163,164,73,83,64,63,60,
360.000000,85.000000,0.184817,41306908.000000,2.949392,0,1
31,35,30,31,27,24,17,15,
590.000000,197.000000,0.083750,1573721472.000000,0.277111,0,1
254,242,203,252,116,64,147,61,
548.000000,197.000000,0.077534,361336608.000000,0.283241,0,1
255,195,244,50,172,208,43,33,
668.000000,196.000000,0.099464,1705857920.000000,0.406854,0,1
120,90,223,58,153,255,87,151,
531.000000,194.000000,0.077363,1036675072.000000,0.259602,0,1
156,184,114,159,93,42,57,27,
665.000000,192.000000,0.102931,188775424.000000,0.461362,0,1
19,21,25,30,35,43,48,54,
189.000000,191.000000,0.047699,165392960.000000,0.138140,0,1
33,34,29,126,110,38,243,242,
168.000000,191.000000,0.051320,481915680.000000,0.167040,0,1
206,138,255,52,143,167,44,25,
541.000000,124.000000,0.077990,339156928.000000,0.166738,0,1
33,38,118,39,194,255,51,126,
558.000000,124.000000,0.082701,660808832.000000,0.199849,0,1
56,173,61,255,135,42,185,60,
520.000000,125.000000,0.073956,129923440.000000,0.229075,0,1
28,33,53,46,128,184,113,255,
406.000000,189.000000,0.059164,6084274688.000000,1.249731,0,1
94,217,28,200,105,20,123,28,
404.000000,189.000000,0.057716,201642928.000000,0.087260,0,1
253,140,217,32,200,105,42,39,
665.000000,126.000000,0.101336,890427264.000000,0.435881,0,1
28,31,46,38,43,90,46,51,
546.000000,129.000000,0.078426,99584328.000000,0.163679,0,1
255,229,252,70,162,185,44,38,
188.000000,188.000000,0.048486,154011680.000000,0.141077,0,1
249,176,239,49,81,96,31,34,
550.000000,130.000000,0.078729,329987840.000000,0.167477,0,1
255,194,252,81,161,249,60,90,
549.000000,183.000000,0.080538,819887680.000000,0.293809,0,1
26,174,29,247,111,21,126,42,
546.000000,182.000000,0.077852,730366400.000000,0.278716,0,1
20,24,40,23,150,174,88,102,
636.000000,180.000000,0.092681,1336830976.000000,0.495879,0,1
45,37,117,16,110,231,17,16,
567.000000,180.000000,0.081568,77397976.000000,0.218273,0,1
255,183,254,35,96,247,27,25,
338.000000,180.000000,0.049977,42132424.000000,0.042294,0,1
48,72,152,54,168,224,127,238,
662.000000,179.000000,0.102108,217537056.000000,0.444868,0,1
36,27,44,21,37,51,28,38,
201.000000,179.000000,0.046735,278469152.000000,0.125318,0,1
255,178,243,49,122,215,33,30,
116.000000,143.000000,0.053699,445794496.000000,0.214538,0,1
16,22,26,32,69,100,76,146,
117.000000,143.000000,0.053494,448576960.000000,0.212867,0,1
17,24,27,47,90,105,129,220,
450.000000,175.000000,0.063778,107305168.000000,0.074287,0,1
49,202,30,255,160,22,255,184,
296.000000,143.000000,0.043819,392894304.000000,0.507886,0,1
15,19,19,33,63,42,78,83,
440.000000,172.000000,0.064230,239686640.000000,0.117718,0,1
22,18,146,15,54,255,20,27,
414.000000,172.000000,0.060574,633286528.000000,0.218236,0,1
152,254,87,255,126,22,187,48,
602.000000,144.000000,0.088095,330472992.000000,0.407108,0,1
255,198,237,62,91,185,29,24,
408.000000,171.000000,0.061610,245793184.000000,0.237897,0,1
42,34,173,29,160,255,137,255,
334.000000,171.000000,0.048326,2536745728.000000,0.413117,0,1
246,255,83,255,153,21,238,117,
563.000000,146.000000,0.081870,130164656.000000,0.185675,0,1
254,190,250,38,138,218,30,27,
629.000000,147.000000,0.091035,537178880.000000,0.470614,0,1
20,34,36,75,107,59,206,238,
194.000000,149.000000,0.047709,295099360.000000,0.131197,0,1
20,124,25,236,104,17,145,29,
553.000000,149.000000,0.080992,101767928.000000,0.174635,0,1
25,29,63,34,156,233,221,255,
120.000000,170.000000,0.051038,78314496.000000,0.203431,0,1
255,255,255,131,182,250,60,40,
331.000000,168.000000,0.048897,410682368.000000,0.427237,0,1
24,28,40,32,137,189,133,250,
311.000000,168.000000,0.045068,689924928.000000,0.467684,0,1
23,27,52,26,117,128,118,234,
119.000000,152.000000,0.052363,186750288.000000,0.206760,0,1
255,199,249,52,126,192,36,24,
676.000000,165.000000,0.100112,234051248.000000,0.457021,0,1
160,206,180,116,112,92,34,19,
68.000000,153.000000,0.054471,187151216.000000,0.099192,0,1
140,201,88,149,127,36,48,19,
531.000000,163.000000,0.078535,690413312.000000,0.430096,0,1
29,50,20,89,35,30,57,26,
83.000000,163.000000,0.055487,201952240.000000,0.130289,0,1
248,201,213,64,86,164,38,33,
661.000000,162.000000,0.102736,205293296.000000,0.437012,0,1
33,23,43,18,32,48,23,30,
558.000000,162.000000,0.079991,1003630912.000000,0.195980,0,1
232,232,93,253,107,39,175,89,
108.000000,162.000000,0.053245,656785216.000000,0.221814,0,1
235,137,235,66,136,232,49,40,
100.000000,157.000000,0.053885,425377216.000000,0.117684,0,1
36,51,118,67,156,230,131,189,
245.000000,157.000000,0.043834,170353536.000000,0.086798,0,1
220,139,238,41,145,147,37,29,
119.000000,161.000000,0.053500,242840272.000000,0.213628,0,1
19,27,23,57,101,56,161,238,
75.000000,161.000000,0.053917,484788864.000000,0.130133,0,1
229,154,238,58,142,221,48,33,
578.000000,160.000000,0.086046,931412544.000000,0.236604,0,1
27,27,99,30,131,234,128,207,
362.000000,158.000000,0.052285,232839504.000000,0.113910,0,1
57,167,29,218,102,18,194,84,
440.000000,276.000000,0.138054,9886267.000000,1.769409,0,1
26,24,26,21,22,24,19,17,
422.000000,272.000000,0.133298,11779859.000000,1.931318,0,1
32,30,31,25,25,26,23,22,
547.000000,260.000000,0.122629,38785156.000000,0.811804,0,1
54,52,49,48,45,42,42,38,
116.000000,256.000000,0.097837,351697.281250,0.399263,0,1
25,25,25,23,24,22,21,22,
249.000000,247.000000,0.094780,7917202.000000,0.587019,0,1
54,54,52,47,45,43,36,35,
458.000000,243.000000,0.076013,20585216.000000,0.293633,0,1
51,63,39,55,45,34,48,39,
441.000000,156.000000,0.064455,358629376.000000,0.966042,0,1
14,17,17,28,43,15,59,58,
458.000000,241.000000,0.075378,17025238.000000,0.286698,0,1
45,59,39,66,51,37,63,45,
128.000000,155.000000,0.052667,451198816.000000,0.199890,0,1
58,45,153,66,172,248,207,254,
416.000000,234.000000,0.088164,58165476.000000,0.399442,0,1
53,63,45,54,49,41,47,46,
233.000000,231.000000,0.091405,11167892.000000,0.604903,0,1
38,43,41,46,51,51,51,47,
575.000000,163.000000,0.084383,424135040.000000,0.229357,0,1
27,21,84,28,44,161,50,33,
362.000000,225.000000,0.077997,3188209.750000,0.530890,0,1
50,48,55,43,51,52,42,43,
332.000000,225.000000,0.070946,7680835.000000,0.617414,0,1
49,47,58,45,51,64,46,48,
332.000000,224.000000,0.067073,11610843.000000,0.590774,0,1
47,46,55,45,51,65,47,49,
172.000000,224.000000,0.053966,2340679.500000,0.175822,0,1
34,30,32,27,30,32,27,30,
54.000000,218.000000,0.057266,8548226.000000,0.155697,0,1
12,15,16,27,30,31,34,36,
277.000000,46.000000,0.226596,138683008.000000,1.824442,0,1
255,251,255,211,230,247,150,129,
520.000000,217.000000,0.076117,220719120.000000,0.248150,0,1
18,27,25,70,64,79,84,84,
96.000000,213.000000,0.056381,465967520.000000,0.132281,0,1
110,98,178,46,103,115,39,43,
160.000000,209.000000,0.051825,9465389.000000,0.175720,0,1
16,23,22,35,37,38,44,44,
301.000000,168.000000,0.044110,82919968.000000,0.066477,0,1
27,52,93,77,176,201,159,244,
533.000000,207.000000,0.076517,1400457472.000000,0.262507,0,1
104,37,205,41,154,255,133,127,
149.000000,207.000000,0.049867,120215312.000000,0.177939,0,1
14,24,13,60,39,14,79,33,
243.000000,72.000000,0.216400,252240048.000000,1.018926,0,1
196,246,166,255,210,167,251,223,
373.000000,201.000000,0.055046,156042608.000000,0.344908,0,1
29,26,26,24,60,25,73,83,
100.000000,171.000000,0.053577,573811200.000000,0.117783,0,1
218,218,102,227,119,31,144,47,
279.000000,80.000000,0.207864,235849424.000000,1.651899,0,1
255,235,247,178,188,202,74,28,
537.000000,147.000000,0.076821,389042464.000000,0.157486,0,1
255,159,255,36,158,255,33,36,
97.000000,199.000000,0.054527,837346496.000000,0.124771,0,1
200,115,200,56,138,199,65,57,
329.000000,198.000000,0.049081,284502560.000000,0.173288,0,1
52,152,45,131,94,45,78,40,
287.000000,81.000000,0.205277,231807392.000000,1.559345,0,1
254,227,235,111,132,145,31,26,
440.000000,147.000000,0.063776,658188416.000000,0.966308,0,1
39,22,50,13,37,29,15,16,
245.000000,198.000000,0.043810,757961024.000000,0.289898,0,1
37,171,29,254,141,26,164,72,
124.000000,171.000000,0.051244,370372128.000000,0.199226,0,1
243,252,183,155,182,84,79,26,
118.000000,198.000000,0.051901,871415040.000000,0.209945,0,1
29,116,37,211,123,35,185,94,
147.000000,171.000000,0.051052,66406456.000000,0.178826,0,1
237,157,186,34,41,36,19,18,
235.000000,197.000000,0.047248,302800384.000000,0.329047,0,1
39,47,55,56,156,185,175,236,
132.000000,197.000000,0.052204,892783488.000000,0.198637,0,1
54,60,169,54,176,246,129,214,
253.000000,196.000000,0.046536,90850120.000000,0.070132,0,1
42,47,87,34,146,225,104,171,
561.000000,195.000000,0.080082,1127607936.000000,0.217146,0,1
88,216,41,255,135,29,245,192,
89.000000,172.000000,0.054839,555837952.000000,0.126293,0,1
36,39,99,33,92,200,57,52,
424.000000,191.000000,0.060692,183664096.000000,0.101512,0,1
78,125,97,30,95,33,27,21,
610.000000,119.000000,0.089099,1059672256.000000,0.427979,0,1
31,40,120,29,160,255,72,135,
588.000000,120.000000,0.083417,749338048.000000,0.362644,0,1
37,94,48,213,134,42,238,116,
95.000000,191.000000,0.057402,452542784.000000,0.131607,0,1
61,44,89,56,138,200,130,182,
71.000000,174.000000,0.054975,253909248.000000,0.135600,0,1
151,138,83,134,93,36,52,21,
563.000000,126.000000,0.081560,1386271232.000000,0.315901,0,1
78,48,215,41,154,255,91,220,
88.000000,189.000000,0.053920,272069248.000000,0.126208,0,1
119,144,84,92,73,37,33,19,
515.000000,128.000000,0.072862,483899392.000000,0.219020,0,1
32,26,105,24,131,244,47,144,
35.000000,143.000000,0.066683,2121538.250000,0.186462,0,1
14,16,15,19,19,19,32,98,
560.000000,142.000000,0.080362,1967591936.000000,0.305412,0,1
172,99,219,35,148,235,56,73,
153.000000,187.000000,0.050271,430113600.000000,0.172969,0,1
87,86,53,175,135,34,232,200,
422.000000,133.000000,0.060367,126366344.000000,0.092952,0,1
33,145,47,238,193,26,250,72,
128.000000,180.000000,0.052038,764917888.000000,0.199398,0,1
42,46,129,48,145,231,122,156,
113.000000,182.000000,0.052768,1231702016.000000,0.215706,0,1
53,136,37,218,128,29,200,114,
102.000000,181.000000,0.053320,637455104.000000,0.117131,0,1
114,110,213,53,159,225,61,43,
