# timestamp
1608635264414120960

# fx, fy, cx, cy, width, height, npoints
501.491089,501.475037,421.770996,167.668884,800,400,523

# camToWorld: translation vector, rotation quaternion
-14.188050,44.381182,4.190333,0.722476,-0.050348,0.022028,-0.689209

# Exposure time (ms)
5.383635

# Point Cloud Data : 
# u,v,idepth_scaled,idepth_hessian,maxRelBaseline,numGoodRes,status 
# color information 
50.000000,89.000000,0.356754,409770.968750,6.800838,0,1
8,10,10,17,16,15,19,19,
41.000000,98.000000,0.342244,1691125.500000,3.768053,0,1
18,15,15,8,7,8,5,5,
49.000000,98.000000,0.360324,609279.562500,3.730457,0,1
14,13,14,8,8,8,4,4,
762.000000,147.000000,0.086258,1526972928.000000,0.529307,0,1
133,114,154,90,134,148,86,78,
763.000000,147.000000,0.085933,804791360.000000,0.528928,0,1
149,137,159,114,147,149,91,79,
755.000000,247.000000,0.111864,45636992.000000,0.787312,0,1
144,143,143,125,131,134,114,106,
752.000000,260.000000,0.135066,43352912.000000,0.597263,0,1
93,90,97,92,100,110,107,105,
580.000000,44.000000,0.309609,388784.750000,0.836045,0,1
7,6,10,6,9,11,7,10,
628.000000,52.000000,0.287945,922743.000000,0.883936,0,1
10,10,11,9,11,14,10,11,
716.000000,52.000000,0.260301,2753436.750000,1.221050,0,1
16,16,14,17,15,13,17,16,
46.000000,95.000000,0.339761,1875126.000000,6.835960,0,1
21,19,19,17,13,16,11,13,
742.000000,112.000000,0.084236,607952832.000000,0.267888,0,1
117,196,93,246,151,55,130,51,
751.000000,112.000000,0.085283,1181612032.000000,0.277460,0,1
68,67,185,50,167,248,94,123,
756.000000,116.000000,0.089378,172425568.000000,0.169651,0,1
234,242,172,171,171,95,118,58,
742.000000,123.000000,0.083252,37853344.000000,0.364145,0,1
63,62,56,59,60,53,75,86,
756.000000,123.000000,0.086529,2993522432.000000,0.680642,0,1
56,69,48,75,62,41,77,71,
741.000000,124.000000,0.083895,1661907584.000000,0.580110,0,1
62,59,60,54,75,86,68,76,
754.000000,141.000000,0.086738,22783632.000000,0.163082,0,1
149,174,158,127,134,123,134,134,
733.000000,146.000000,0.083050,84210704.000000,0.146664,0,1
116,143,107,177,147,106,200,165,
738.000000,146.000000,0.081480,571636864.000000,0.475936,0,1
97,97,127,96,124,138,132,150,
739.000000,149.000000,0.084939,78789504.000000,0.266650,0,1
159,150,158,97,110,145,97,107,
742.000000,149.000000,0.084630,335460672.000000,0.496322,0,1
145,159,162,128,158,168,127,133,
755.000000,151.000000,0.086050,168571456.000000,0.390030,0,1
149,158,141,135,129,113,129,117,
756.000000,160.000000,0.086627,6865375.500000,0.396061,0,1
200,218,208,141,147,164,91,84,
746.000000,164.000000,0.078371,31089676.000000,0.349710,0,1
89,103,100,129,127,123,173,193,
751.000000,166.000000,0.084723,2030484480.000000,0.509304,0,1
117,157,129,182,132,81,134,110,
755.000000,192.000000,0.092284,8261308.000000,0.175919,0,1
255,239,248,185,202,229,210,209,
750.000000,200.000000,0.093792,9474539.000000,0.561830,0,1
177,175,173,171,170,168,164,157,
744.000000,214.000000,0.093147,79562600.000000,0.723801,0,1
126,116,117,105,106,108,94,85,
756.000000,216.000000,0.101864,21018552.000000,0.792453,0,1
126,120,123,108,111,121,97,89,
735.000000,224.000000,0.088366,29381606.000000,0.621103,0,1
160,160,154,169,163,159,175,172,
755.000000,224.000000,0.088651,86566504.000000,0.648835,0,1
93,118,106,138,134,121,140,138,
750.000000,242.000000,0.108413,58912236.000000,0.761780,0,1
151,157,151,147,144,143,136,131,
734.000000,243.000000,0.105068,182715664.000000,0.716693,0,1
165,159,158,148,148,147,138,135,
735.000000,243.000000,0.105443,195579104.000000,0.720123,0,1
164,160,158,148,147,148,137,134,
745.000000,243.000000,0.109739,135221136.000000,0.758087,0,1
158,152,148,148,141,137,138,135,
744.000000,251.000000,0.115166,111403928.000000,0.790380,0,1
125,123,122,113,118,119,104,97,
746.000000,253.000000,0.120141,7610741.000000,0.528466,0,1
119,109,115,97,102,108,90,88,
739.000000,257.000000,0.115955,6875731.500000,0.503761,0,1
92,94,91,102,99,92,119,109,
734.000000,266.000000,0.131879,785428.375000,0.266266,0,1
68,73,69,85,80,76,90,92,
735.000000,266.000000,0.133285,1102226.250000,0.273156,0,1
71,70,70,83,77,75,88,92,
726.000000,275.000000,0.157575,6908573.500000,0.633564,0,1
84,83,84,90,90,91,100,98,
714.000000,286.000000,0.137305,80852568.000000,0.876551,0,1
100,98,98,95,95,94,90,88,
730.000000,286.000000,0.141784,58463484.000000,1.018983,0,1
101,97,95,94,90,89,91,87,
725.000000,294.000000,0.147811,38516176.000000,1.050936,0,1
85,84,84,78,78,79,72,68,
733.000000,137.000000,0.082097,156261856.000000,0.254216,0,1
103,125,95,156,124,93,169,119,
644.000000,56.000000,0.277918,5051418.500000,1.001554,0,1
12,12,14,11,13,15,12,13,
112.000000,96.000000,0.365893,5214823.500000,5.214024,0,1
12,11,11,11,11,9,10,7,
623.000000,103.000000,0.224792,204609440.000000,0.690936,0,1
37,48,45,88,79,48,168,137,
708.000000,116.000000,0.077822,1314360704.000000,0.275183,0,1
207,242,114,255,147,54,171,78,
682.000000,118.000000,0.072928,170485280.000000,0.110073,0,1
213,180,250,99,167,178,87,91,
495.000000,126.000000,0.092674,9924606.000000,0.139740,0,1
35,45,77,104,126,193,232,255,
712.000000,132.000000,0.079666,86633784.000000,0.285210,0,1
111,145,122,131,133,98,98,77,
704.000000,136.000000,0.082425,293238912.000000,0.288171,0,1
191,197,205,126,198,177,141,148,
707.000000,136.000000,0.082437,201632752.000000,0.291102,0,1
125,177,147,195,155,151,116,116,
330.000000,140.000000,0.092132,497296.343750,0.150221,0,1
25,31,31,92,124,76,224,255,
717.000000,144.000000,0.079653,645621888.000000,0.441778,0,1
95,81,109,90,105,131,138,101,
713.000000,150.000000,0.078250,866792704.000000,0.430097,0,1
96,117,82,126,97,74,118,100,
715.000000,153.000000,0.078485,86746128.000000,0.323498,0,1
75,86,79,142,119,113,171,192,
717.000000,154.000000,0.079042,99185840.000000,0.328631,0,1
94,107,123,166,172,184,197,199,
703.000000,159.000000,0.082334,292212224.000000,0.287242,0,1
177,179,156,144,130,89,165,167,
727.000000,159.000000,0.086315,16818500.000000,0.488453,0,1
196,185,191,136,140,142,88,87,
378.000000,160.000000,0.037564,19109610.000000,0.056613,0,1
255,255,255,255,254,250,226,244,
710.000000,164.000000,0.077052,871795456.000000,0.421792,0,1
161,104,133,56,105,143,66,89,
82.000000,166.000000,0.023392,5055896.000000,0.156148,0,1
9,7,12,6,9,14,8,9,
707.000000,169.000000,0.078073,57117904.000000,0.423293,0,1
56,62,60,102,79,70,139,139,
717.000000,173.000000,0.082019,103384976.000000,0.138760,0,1
129,104,161,55,86,155,46,63,
84.000000,175.000000,0.024637,23329796.000000,0.161890,0,1
18,14,25,12,25,36,20,21,
717.000000,177.000000,0.084664,212752816.000000,0.311345,0,1
63,87,134,201,169,225,255,255,
721.000000,177.000000,0.085922,138199072.000000,0.147407,0,1
139,197,109,225,170,117,245,255,
547.000000,181.000000,0.090177,11293863.000000,0.136082,0,1
255,255,255,181,255,255,78,52,
616.000000,198.000000,0.121069,109967504.000000,0.182703,0,1
255,250,255,200,226,255,80,136,
630.000000,204.000000,0.115767,5388810.000000,0.175193,0,1
255,255,255,254,233,247,240,237,
726.000000,214.000000,0.087588,108007976.000000,0.596045,0,1
99,98,92,137,110,88,152,152,
706.000000,237.000000,0.101923,20963568.000000,0.551299,0,1
188,179,179,176,173,171,167,159,
717.000000,237.000000,0.097535,8434188.000000,0.546921,0,1
190,187,184,181,180,178,169,156,
693.000000,238.000000,0.102035,12387723.000000,0.377660,0,1
186,191,184,201,193,183,200,200,
706.000000,238.000000,0.099187,26844662.000000,0.539314,0,1
179,175,171,169,163,157,164,167,
703.000000,247.000000,0.113338,19545338.000000,0.430349,0,1
181,171,176,146,153,164,134,137,
686.000000,248.000000,0.114720,55591136.000000,0.414161,0,1
183,185,185,169,164,162,145,139,
685.000000,253.000000,0.116920,27734720.000000,0.679049,0,1
152,145,149,127,131,137,116,108,
691.000000,254.000000,0.116935,21457460.000000,0.437051,0,1
147,138,142,117,123,130,103,94,
704.000000,255.000000,0.114496,39028148.000000,0.618466,0,1
113,113,104,121,112,100,117,113,
707.000000,260.000000,0.113704,4530202.000000,0.465198,0,1
105,106,103,97,99,99,93,89,
495.000000,262.000000,0.137750,7160722.000000,0.571965,0,1
84,83,82,78,79,79,72,67,
646.000000,262.000000,0.123517,51976980.000000,0.421538,0,1
63,51,67,39,50,69,40,51,
643.000000,264.000000,0.133060,56442416.000000,0.588614,0,1
40,41,38,51,50,47,69,76,
684.000000,276.000000,0.177009,4774322.500000,0.630433,0,1
85,91,90,100,99,96,110,114,
496.000000,283.000000,0.148936,8905575.000000,0.703414,0,1
68,67,69,60,58,63,58,55,
532.000000,286.000000,0.147955,27219168.000000,0.263579,0,1
64,65,71,70,87,101,85,90,
539.000000,286.000000,0.152787,23804966.000000,0.277221,0,1
84,78,87,95,94,96,118,116,
531.000000,287.000000,0.148620,17849546.000000,0.264764,0,1
65,70,87,66,85,111,77,93,
554.000000,288.000000,0.156519,32332436.000000,0.540784,0,1
84,87,88,104,100,101,119,112,
551.000000,291.000000,0.144727,12334040.000000,0.385808,0,1
117,111,108,100,102,100,91,84,
575.000000,291.000000,0.159574,18338244.000000,0.697260,0,1
84,85,83,108,101,93,104,90,
492.000000,294.000000,0.152811,12608707.000000,0.776614,0,1
55,55,60,49,54,59,49,46,
538.000000,294.000000,0.147070,8456856.000000,0.373549,0,1
110,93,110,89,87,102,81,81,
580.000000,294.000000,0.156791,125385776.000000,0.706534,0,1
104,93,100,84,85,87,79,74,
587.000000,294.000000,0.157845,74980936.000000,0.610371,0,1
94,102,102,90,88,87,76,67,
588.000000,294.000000,0.157846,60502664.000000,0.612067,0,1
93,101,101,89,87,89,74,66,
608.000000,294.000000,0.156081,2505744.500000,0.769736,0,1
80,79,76,85,82,78,93,85,
609.000000,294.000000,0.158940,2195435.500000,0.502302,0,1
78,77,75,84,80,76,93,84,
620.000000,297.000000,0.152578,8876544.000000,0.875810,0,1
85,86,88,76,79,85,71,74,
713.000000,252.000000,0.112675,35692484.000000,0.616749,0,1
149,134,134,120,122,125,110,104,
657.000000,119.000000,0.066019,271802272.000000,0.099652,0,1
143,93,234,87,181,255,139,154,
545.000000,189.000000,0.075231,4342641.000000,0.117719,0,1
50,81,87,29,31,39,27,28,
704.000000,151.000000,0.082301,187372352.000000,0.287775,0,1
149,171,131,182,145,126,174,156,
633.000000,155.000000,0.067126,35946280.000000,0.101289,0,1
231,204,247,242,235,229,255,255,
729.000000,177.000000,0.080869,756526976.000000,0.307540,0,1
188,219,129,241,164,97,212,191,
728.000000,173.000000,0.079101,67040756.000000,0.298980,0,1
73,83,81,142,134,98,204,222,
678.000000,168.000000,0.074599,36446644.000000,0.113103,0,1
116,177,133,248,223,176,255,255,
209.000000,90.000000,0.307402,5297247.500000,3.176318,0,1
5,6,6,7,10,8,8,15,
452.000000,92.000000,0.141513,91380.085938,0.212515,0,1
8,9,7,10,9,8,10,10,
209.000000,93.000000,0.318197,3657198.500000,1.853500,0,1
14,9,23,8,13,11,8,7,
210.000000,94.000000,0.317868,3214555.000000,1.854265,0,1
23,13,11,8,17,9,7,7,
562.000000,97.000000,0.267893,14676098.000000,0.651382,0,1
16,17,18,21,25,22,39,49,
594.000000,97.000000,0.257987,43467488.000000,1.360083,0,1
19,20,20,26,28,25,42,45,
381.000000,98.000000,0.284100,5706315.500000,0.965201,0,1
13,10,17,11,19,19,13,11,
291.000000,99.000000,0.301597,1297197.125000,2.003549,0,1
9,9,9,10,14,9,15,9,
609.000000,106.000000,0.028324,243341616.000000,0.102839,0,1
235,192,229,176,201,246,174,140,
510.000000,112.000000,0.089992,3044404.000000,0.327282,0,1
15,15,18,19,24,31,30,30,
674.000000,112.000000,0.073889,537078784.000000,0.601481,0,1
169,100,113,49,51,56,50,53,
698.000000,117.000000,0.073828,579560576.000000,0.408031,0,1
46,47,63,47,104,148,64,58,
682.000000,119.000000,0.072737,319658976.000000,0.234732,0,1
238,137,186,80,99,94,82,78,
508.000000,121.000000,0.080054,12110966.000000,0.275716,0,1
37,40,44,50,59,64,60,61,
691.000000,124.000000,0.076810,266195680.000000,0.415479,0,1
71,57,49,97,75,57,123,113,
433.000000,125.000000,0.073061,37990520.000000,0.115411,0,1
15,15,16,17,19,20,27,41,
446.000000,125.000000,0.085614,38099984.000000,0.156321,0,1
22,25,26,40,43,39,129,234,
459.000000,125.000000,0.074696,7999848.000000,0.060092,0,1
25,29,29,47,51,44,156,243,
463.000000,125.000000,0.054582,27269982.000000,0.071752,0,1
25,30,31,44,52,54,137,248,
482.000000,125.000000,0.081622,250620560.000000,0.223910,0,1
25,33,31,66,67,41,199,247,
483.000000,125.000000,0.079536,366555200.000000,0.219128,0,1
25,32,30,69,53,37,179,212,
497.000000,125.000000,0.081175,159875520.000000,0.254953,0,1
30,42,38,50,92,44,170,247,
351.000000,127.000000,0.081838,4440146.000000,0.707317,0,1
13,15,15,17,20,17,26,26,
691.000000,129.000000,0.073972,207643040.000000,0.397937,0,1
93,95,125,103,130,146,139,162,
701.000000,129.000000,0.075562,131255336.000000,0.421965,0,1
104,87,115,104,145,152,166,193,
699.000000,130.000000,0.073381,442824192.000000,0.405450,0,1
77,87,124,91,142,183,133,148,
511.000000,133.000000,0.080846,148210192.000000,0.282581,0,1
96,103,91,110,104,76,109,105,
244.000000,136.000000,0.034722,3265555.500000,0.363460,0,1
13,14,14,14,15,15,15,17,
362.000000,139.000000,0.066946,789085.437500,0.100891,0,1
25,27,27,38,37,37,136,234,
374.000000,139.000000,0.026669,5835030.000000,0.045187,0,1
24,26,26,34,38,32,136,239,
391.000000,139.000000,0.017312,26460224.000000,0.132054,0,1
20,21,20,27,25,26,52,108,
415.000000,139.000000,0.028365,13837039.000000,0.099002,0,1
17,19,17,23,21,17,28,36,
434.000000,140.000000,0.047338,21244856.000000,0.163921,0,1
39,42,27,46,32,19,36,27,
517.000000,140.000000,0.081015,935047296.000000,0.295975,0,1
44,37,90,41,42,205,36,41,
405.000000,141.000000,0.022723,3799949.250000,0.013659,0,1
25,40,56,46,54,127,61,60,
680.000000,141.000000,0.075462,473089280.000000,0.391490,0,1
146,159,140,129,115,113,126,107,
694.000000,141.000000,0.074852,363645120.000000,0.407268,0,1
92,106,85,137,105,85,155,114,
422.000000,144.000000,0.038481,21876588.000000,0.057993,0,1
16,25,17,59,36,19,69,78,
226.000000,145.000000,0.023233,1877805056.000000,0.155197,0,1
18,27,51,24,97,94,77,132,
125.000000,146.000000,0.015779,88220400.000000,0.123681,0,1
12,14,14,28,34,41,52,87,
392.000000,147.000000,0.036378,11317533.000000,0.012167,0,1
189,170,93,250,105,28,217,77,
56.000000,148.000000,0.026944,872487360.000000,0.170143,0,1
6,7,6,41,7,9,6,5,
51.000000,149.000000,0.027234,1843135104.000000,0.174482,0,1
14,52,143,15,75,60,13,5,
328.000000,149.000000,0.031272,21515826.000000,0.024931,0,1
255,211,254,130,193,255,111,117,
695.000000,150.000000,0.076013,202016800.000000,0.416054,0,1
79,100,78,151,128,116,175,150,
256.000000,151.000000,0.020506,97183312.000000,0.036739,0,1
196,158,234,145,155,178,119,96,
517.000000,151.000000,0.081797,723189504.000000,0.299906,0,1
39,36,70,44,40,201,37,40,
427.000000,153.000000,0.044372,15867316.000000,0.067546,0,1
30,48,26,68,31,25,49,29,
244.000000,156.000000,0.017483,296642016.000000,0.106825,0,1
118,130,99,109,91,94,82,95,
680.000000,157.000000,0.074637,428098176.000000,0.386907,0,1
146,209,174,148,135,136,151,117,
407.000000,158.000000,0.035036,2136716.750000,0.027324,0,1
62,61,62,53,61,60,40,41,
119.000000,159.000000,0.018766,110438288.000000,0.067589,0,1
147,177,159,126,98,106,72,49,
390.000000,159.000000,0.038897,1244876.875000,0.010423,0,1
234,250,237,254,243,228,212,208,
323.000000,160.000000,0.018340,188994096.000000,0.025674,0,1
173,249,125,252,180,111,247,156,
365.000000,160.000000,0.017076,132970448.000000,0.025750,0,1
214,127,255,111,206,244,102,151,
419.000000,160.000000,0.029801,24956098.000000,0.136203,0,1
54,43,58,33,44,57,30,33,
500.000000,160.000000,0.080127,1147373952.000000,0.257219,0,1
106,226,49,255,109,34,171,42,
133.000000,161.000000,0.037179,16470770.000000,0.088009,0,1
59,71,35,48,26,34,15,11,
154.000000,161.000000,0.033978,91436608.000000,0.157095,0,1
48,59,40,52,31,24,20,7,
367.000000,161.000000,0.020936,15673251.000000,0.009447,0,1
251,253,145,158,181,140,172,152,
92.000000,162.000000,0.060855,35259408.000000,0.372924,0,1
11,14,7,17,11,6,16,13,
220.000000,164.000000,0.024498,425722016.000000,0.080476,0,1
117,121,42,124,98,19,110,79,
297.000000,165.000000,0.016395,53234936.000000,0.074857,0,1
88,87,89,130,121,126,153,110,
410.000000,165.000000,0.035793,13047144.000000,0.053943,0,1
38,22,27,21,39,35,32,37,
447.000000,165.000000,0.048921,5090857.500000,0.147214,0,1
12,16,16,24,26,23,28,26,
251.000000,166.000000,0.019768,62879532.000000,0.052596,0,1
79,67,65,141,141,154,143,106,
417.000000,166.000000,0.040785,22486152.000000,0.064973,0,1
24,24,20,42,33,17,48,38,
427.000000,166.000000,0.045162,15922033.000000,0.068062,0,1
25,40,23,48,32,17,31,27,
116.000000,168.000000,0.035913,30371276.000000,0.192894,0,1
38,22,22,13,10,7,7,6,
237.000000,168.000000,0.022201,447074752.000000,0.245708,0,1
114,129,144,94,103,106,77,70,
266.000000,168.000000,0.020794,37595432.000000,0.109808,0,1
151,138,137,110,102,109,90,84,
289.000000,168.000000,0.026675,9203038.000000,0.052240,0,1
185,133,133,114,117,114,111,115,
355.000000,168.000000,0.021764,4050196.500000,0.032800,0,1
100,96,89,111,99,89,114,85,
418.000000,168.000000,0.043781,35531272.000000,0.068924,0,1
21,45,18,39,24,25,31,21,
447.000000,169.000000,0.028922,6714158.000000,0.050822,0,1
26,29,29,32,40,53,26,23,
454.000000,169.000000,0.030324,6344522.000000,0.055431,0,1
35,35,32,43,35,35,59,41,
380.000000,170.000000,0.013615,20445484.000000,0.022958,0,1
108,104,99,100,85,77,76,74,
385.000000,170.000000,0.026283,29059426.000000,0.079600,0,1
95,89,80,75,64,60,50,42,
308.000000,171.000000,0.026620,61983964.000000,0.181983,0,1
117,126,124,106,106,112,90,93,
323.000000,171.000000,0.023831,6755114.000000,0.035915,0,1
116,115,103,96,93,87,88,82,
342.000000,171.000000,0.021810,5040955.000000,0.041649,0,1
118,102,103,87,90,98,81,71,
366.000000,171.000000,0.024176,13257994.000000,0.098274,0,1
99,85,90,74,77,73,62,54,
281.000000,172.000000,0.031512,71550472.000000,0.254146,0,1
100,108,95,87,84,75,67,67,
357.000000,172.000000,0.033184,18906946.000000,0.355304,0,1
81,74,72,75,68,66,61,48,
374.000000,172.000000,0.021802,151486368.000000,0.078191,0,1
104,81,95,61,77,92,57,58,
609.000000,172.000000,0.065092,75006840.000000,0.395992,0,1
255,246,251,208,233,239,205,209,
330.000000,174.000000,0.028043,21187222.000000,0.164473,0,1
91,91,93,70,75,73,60,60,
205.000000,175.000000,0.030001,563206016.000000,0.386784,0,1
68,52,56,25,37,39,25,31,
272.000000,175.000000,0.029899,10044386.000000,0.070532,0,1
66,66,68,77,84,79,89,82,
335.000000,175.000000,0.039641,9609155.000000,0.499224,0,1
83,81,73,60,61,54,50,50,
336.000000,175.000000,0.039708,10568922.000000,0.493016,0,1
79,78,68,62,57,50,52,48,
378.000000,175.000000,0.030003,9139492.000000,0.048144,0,1
81,78,64,61,68,55,58,46,
78.000000,176.000000,0.026513,7999558.500000,0.110968,0,1
9,12,8,16,14,13,18,17,
307.000000,176.000000,0.032292,53766684.000000,0.220296,0,1
101,106,111,83,80,83,56,45,
309.000000,176.000000,0.030244,21463200.000000,0.058980,0,1
112,111,121,80,83,80,58,48,
377.000000,176.000000,0.028243,9072483.000000,0.044137,0,1
78,61,68,52,58,49,49,44,
392.000000,176.000000,0.032344,26735062.000000,0.236530,0,1
39,53,46,36,33,31,23,22,
455.000000,176.000000,0.047037,16723346.000000,0.036271,0,1
45,52,54,44,88,82,86,110,
174.000000,177.000000,0.034209,92756944.000000,0.293586,0,1
7,8,13,8,22,33,20,32,
285.000000,178.000000,0.036063,14695495.000000,0.161324,0,1
83,78,77,62,61,58,48,40,
289.000000,178.000000,0.035170,11310204.000000,0.577219,0,1
79,74,77,58,60,57,44,38,
446.000000,178.000000,0.030216,20340174.000000,0.118380,0,1
52,55,66,50,65,77,53,52,
537.000000,178.000000,0.084666,18688868.000000,0.140442,0,1
255,254,255,98,196,255,59,44,
689.000000,179.000000,0.082662,144499632.000000,0.451422,0,1
252,230,239,253,225,213,249,233,
542.000000,180.000000,0.087338,25094166.000000,0.244693,0,1
255,250,255,71,169,252,49,43,
670.000000,180.000000,0.079090,34767152.000000,0.645922,0,1
254,247,251,240,240,250,237,227,
125.000000,181.000000,0.032642,16513398.000000,0.180541,0,1
5,6,7,5,9,17,9,9,
498.000000,181.000000,0.075670,9607116.000000,0.245309,0,1
24,33,31,20,25,20,17,17,
647.000000,181.000000,0.073158,27384710.000000,0.538113,0,1
250,233,241,212,222,229,206,203,
174.000000,182.000000,0.033823,77169976.000000,0.290481,0,1
29,17,26,12,16,19,11,10,
178.000000,182.000000,0.034235,44705040.000000,0.497502,0,1
30,27,29,19,20,20,13,12,
439.000000,182.000000,0.051594,8651758.000000,0.176077,0,1
24,17,31,19,23,31,18,21,
503.000000,182.000000,0.082440,244740048.000000,0.283411,0,1
24,19,50,18,23,68,19,22,
290.000000,183.000000,0.039677,28335504.000000,0.582475,0,1
35,37,39,31,31,28,21,20,
312.000000,183.000000,0.038308,9236999.000000,0.550126,0,1
39,40,40,27,29,29,21,23,
317.000000,183.000000,0.039732,12453469.000000,0.245283,0,1
43,44,44,29,29,28,23,27,
338.000000,183.000000,0.039037,60721576.000000,0.451737,0,1
48,48,41,37,37,32,35,32,
133.000000,184.000000,0.032758,14321426.000000,0.390991,0,1
27,22,23,14,17,14,11,11,
271.000000,184.000000,0.038688,25373664.000000,0.760116,0,1
49,52,52,43,43,39,29,24,
280.000000,184.000000,0.041187,8415331.000000,0.686207,0,1
41,38,40,32,31,28,23,21,
553.000000,184.000000,0.091233,52985756.000000,0.449053,0,1
255,239,253,65,155,242,49,43,
470.000000,185.000000,0.031677,7847903.000000,0.089682,0,1
22,29,23,41,33,25,41,38,
522.000000,185.000000,0.075985,5959610.000000,0.296433,0,1
23,50,31,29,45,62,23,19,
244.000000,186.000000,0.034481,32881094.000000,0.353271,0,1
33,35,34,28,28,25,29,20,
693.000000,186.000000,0.083616,124801928.000000,0.465175,0,1
224,212,232,194,217,234,195,193,
439.000000,191.000000,0.054998,4676782.000000,0.202142,0,1
17,12,19,12,14,23,11,13,
326.000000,192.000000,0.043071,17981902.000000,0.551587,0,1
31,32,31,27,27,26,20,17,
329.000000,192.000000,0.041902,19729390.000000,0.531980,0,1
33,32,31,27,26,26,20,17,
458.000000,192.000000,0.040163,6235340.500000,0.087811,0,1
52,48,60,26,48,55,24,27,
321.000000,193.000000,0.044141,10993991.000000,0.551737,0,1
32,30,28,22,21,20,18,16,
474.000000,193.000000,0.064800,39123484.000000,0.174321,0,1
33,45,27,49,34,26,42,31,
578.000000,193.000000,0.097829,67873656.000000,0.567907,0,1
255,221,252,105,161,215,43,34,
509.000000,195.000000,0.084230,33501696.000000,0.190641,0,1
69,66,60,56,51,53,40,32,
672.000000,195.000000,0.078461,72181600.000000,0.649766,0,1
184,176,171,147,155,161,141,146,
228.000000,196.000000,0.036452,25940446.000000,0.415491,0,1
20,20,22,14,18,15,13,10,
255.000000,196.000000,0.041146,47144736.000000,0.387547,0,1
31,31,28,25,23,18,21,17,
447.000000,196.000000,0.054726,14905697.000000,0.114399,0,1
51,32,51,25,33,32,26,29,
562.000000,196.000000,0.102380,131843744.000000,0.555504,0,1
29,25,42,23,37,47,28,42,
465.000000,197.000000,0.050009,5587323.000000,0.170075,0,1
33,26,29,20,29,33,20,25,
473.000000,197.000000,0.064812,35646772.000000,0.175976,0,1
38,45,34,27,37,23,24,23,
676.000000,197.000000,0.078888,232831856.000000,0.468422,0,1
167,153,157,138,127,135,133,124,
194.000000,198.000000,0.048238,8808898.000000,0.632094,0,1
22,19,18,14,14,14,11,9,
461.000000,198.000000,0.057987,5727092.500000,0.140500,0,1
23,27,21,40,36,26,44,41,
685.000000,199.000000,0.081784,190574176.000000,0.444491,0,1
153,134,132,119,118,104,105,100,
693.000000,201.000000,0.083231,185384464.000000,0.516953,0,1
163,146,157,119,134,142,120,120,
416.000000,202.000000,0.061066,6566125.000000,0.328357,0,1
34,37,36,41,40,40,41,43,
488.000000,202.000000,0.059299,5721724.000000,0.182457,0,1
52,52,53,30,40,50,27,25,
498.000000,202.000000,0.031215,1147917.000000,0.096648,0,1
17,24,17,32,25,18,34,38,
444.000000,203.000000,0.062322,47039960.000000,0.249083,0,1
29,34,34,42,42,40,47,51,
616.000000,203.000000,0.120542,901596992.000000,0.323086,0,1
130,58,242,37,143,255,59,120,
493.000000,204.000000,0.058620,5812786.000000,0.188142,0,1
49,50,51,26,35,44,26,23,
615.000000,204.000000,0.120880,4811539968.000000,0.903129,0,1
58,37,143,34,59,251,37,49,
664.000000,204.000000,0.075163,12950656.000000,0.602694,0,1
234,237,233,247,240,237,252,254,
521.000000,208.000000,0.079948,5392316.000000,0.330037,0,1
12,16,11,19,21,14,25,23,
566.000000,208.000000,0.098880,39540952.000000,0.553117,0,1
34,39,25,59,38,23,52,38,
440.000000,209.000000,0.069213,19534402.000000,0.292759,0,1
53,56,56,59,59,60,64,69,
444.000000,210.000000,0.069101,19485216.000000,0.282975,0,1
57,60,60,66,66,65,69,68,
510.000000,210.000000,0.071029,13437260.000000,0.269031,0,1
34,26,31,21,27,29,19,22,
615.000000,210.000000,0.120995,3679027712.000000,0.910284,0,1
46,34,88,31,44,177,33,40,
636.000000,212.000000,0.120861,115022424.000000,0.994325,0,1
255,242,255,232,245,255,228,230,
477.000000,214.000000,0.074937,48119052.000000,0.244954,0,1
30,36,33,43,43,39,48,51,
531.000000,215.000000,0.091262,9774379.000000,0.419461,0,1
16,15,15,29,16,15,38,22,
384.000000,216.000000,0.074338,2663807.000000,0.538174,0,1
29,29,30,26,29,30,27,28,
474.000000,216.000000,0.075992,28440812.000000,0.257901,0,1
44,52,46,68,56,50,67,67,
535.000000,216.000000,0.090506,8523978.000000,0.425761,0,1
17,15,16,25,17,16,42,26,
638.000000,216.000000,0.120912,125892512.000000,0.599590,0,1
248,227,249,211,230,253,211,211,
530.000000,217.000000,0.080926,11207826.000000,0.361799,0,1
20,30,39,17,19,28,14,14,
536.000000,217.000000,0.086556,7786843.000000,0.406204,0,1
16,17,16,42,30,19,26,19,
619.000000,217.000000,0.117710,1174870272.000000,0.538216,0,1
188,98,200,38,134,204,48,74,
465.000000,218.000000,0.080079,11332469.000000,0.236914,0,1
76,80,78,80,78,74,70,69,
630.000000,218.000000,0.086241,11735635.000000,0.275551,0,1
222,212,215,202,206,209,197,193,
543.000000,219.000000,0.087652,8769366.000000,0.430735,0,1
18,19,17,48,31,19,28,19,
601.000000,219.000000,0.105895,63758984.000000,0.725726,0,1
53,74,80,26,31,55,23,22,
427.000000,221.000000,0.080367,17348788.000000,0.401937,0,1
60,60,61,55,58,59,49,51,
438.000000,221.000000,0.080476,24089544.000000,0.365463,0,1
70,68,71,61,63,65,59,58,
496.000000,222.000000,0.083468,122622040.000000,0.311556,0,1
27,41,33,53,48,44,60,67,
549.000000,222.000000,0.085961,13128246.000000,0.437123,0,1
20,52,35,21,32,55,17,16,
641.000000,222.000000,0.119923,280000288.000000,0.604518,0,1
243,204,250,186,219,254,186,187,
504.000000,223.000000,0.086153,140910752.000000,0.341397,0,1
19,25,22,37,32,30,48,60,
511.000000,223.000000,0.087304,104964888.000000,0.361804,0,1
14,17,16,24,21,20,36,52,
623.000000,223.000000,0.118498,787532032.000000,0.466335,0,1
187,162,184,71,170,180,104,132,
495.000000,224.000000,0.084189,89042936.000000,0.315403,0,1
50,63,57,75,71,64,76,77,
502.000000,224.000000,0.085947,170062560.000000,0.337558,0,1
27,42,34,57,51,46,66,74,
552.000000,224.000000,0.090256,8348497.000000,0.473583,0,1
52,22,41,17,18,21,16,14,
556.000000,224.000000,0.093249,9134341.000000,0.503349,0,1
19,53,33,21,32,47,17,16,
622.000000,224.000000,0.118751,772825536.000000,0.555658,0,1
162,71,170,35,104,169,40,50,
504.000000,225.000000,0.086270,206529456.000000,0.344470,0,1
32,48,44,66,60,56,73,78,
679.000000,226.000000,0.086443,11038049.000000,0.482659,0,1
228,226,225,217,216,217,209,203,
512.000000,227.000000,0.087428,166650672.000000,0.369514,0,1
49,63,62,72,69,71,82,89,
635.000000,230.000000,0.115425,406374272.000000,0.569354,0,1
151,142,145,131,135,135,115,73,
630.000000,232.000000,0.116643,1191716480.000000,0.946858,0,1
145,136,126,97,88,80,48,30,
639.000000,232.000000,0.116728,819202176.000000,0.981590,0,1
126,112,104,69,62,54,31,26,
524.000000,234.000000,0.095930,89072272.000000,0.453343,0,1
45,63,48,85,68,57,88,93,
539.000000,237.000000,0.102882,132121872.000000,0.540164,0,1
27,33,33,42,38,36,54,68,
546.000000,237.000000,0.106551,40487804.000000,0.585184,0,1
18,22,20,30,26,22,33,40,
454.000000,238.000000,0.098694,2868733.500000,0.451896,0,1
70,68,71,64,70,74,63,63,
534.000000,238.000000,0.100135,163000896.000000,0.510231,0,1
43,66,51,95,81,64,101,103,
681.000000,238.000000,0.095113,10248944.000000,0.538421,0,1
208,208,208,199,199,204,196,196,
549.000000,241.000000,0.105200,221355744.000000,0.590095,0,1
32,51,37,81,65,49,96,98,
552.000000,245.000000,0.107889,77029160.000000,0.624828,0,1
89,106,103,111,113,107,115,111,
685.000000,248.000000,0.113665,69327464.000000,0.682291,0,1
186,184,185,171,167,166,146,141,
636.000000,249.000000,0.118986,2315416064.000000,1.018311,0,1
47,67,74,98,109,120,139,169,
643.000000,249.000000,0.118270,3337703168.000000,1.036555,0,1
73,98,125,129,147,195,177,218,
670.000000,249.000000,0.114115,254114400.000000,0.651631,0,1
181,167,170,149,147,143,124,116,
476.000000,250.000000,0.123059,16012196.000000,0.519497,0,1
87,84,89,81,84,89,82,81,
629.000000,250.000000,0.119811,807314432.000000,1.002616,0,1
49,45,77,20,44,108,20,25,
574.000000,251.000000,0.114602,59373124.000000,0.757428,0,1
33,42,33,52,41,33,50,46,
633.000000,252.000000,0.120460,816544000.000000,1.028310,0,1
127,134,162,33,120,172,49,101,
571.000000,253.000000,0.116717,150443392.000000,0.769559,0,1
64,98,57,113,92,54,112,109,
460.000000,254.000000,0.110978,6058473.500000,0.570294,0,1
69,71,71,64,68,70,63,63,
470.000000,254.000000,0.114300,5966500.500000,0.466676,0,1
63,66,64,78,71,65,77,78,
565.000000,255.000000,0.117408,14217469.000000,0.759316,0,1
113,114,116,108,110,116,104,104,
643.000000,255.000000,0.123572,725218752.000000,0.659488,0,1
251,233,232,171,157,161,90,58,
644.000000,255.000000,0.123657,671340928.000000,0.662429,0,1
254,230,233,163,158,163,83,57,
480.000000,256.000000,0.123208,21181572.000000,0.546945,0,1
84,74,81,67,73,80,70,75,
576.000000,256.000000,0.120744,23109116.000000,0.828430,0,1
43,60,45,98,75,51,103,102,
589.000000,258.000000,0.128998,60557780.000000,0.961281,0,1
21,25,23,34,30,26,42,50,
580.000000,259.000000,0.122435,85482152.000000,0.864115,0,1
55,90,67,100,97,82,101,99,
583.000000,259.000000,0.125109,133797120.000000,0.901070,0,1
39,56,44,90,73,57,99,99,
595.000000,262.000000,0.130692,213494352.000000,1.010876,0,1
33,42,37,67,52,45,85,90,
527.000000,263.000000,0.130485,6348746.500000,0.452047,0,1
110,105,108,99,103,108,94,96,
545.000000,264.000000,0.129541,17922200.000000,0.577789,0,1
108,107,105,101,102,105,95,94,
632.000000,264.000000,0.130171,331725024.000000,1.160888,0,1
42,40,55,38,56,62,44,45,
670.000000,264.000000,0.073115,37459664.000000,0.480164,0,1
86,89,81,95,82,73,87,79,
484.000000,265.000000,0.128531,9591847.000000,0.607243,0,1
79,84,79,79,79,75,72,67,
548.000000,265.000000,0.130495,11994328.000000,0.586355,0,1
105,105,107,97,101,99,94,95,
618.000000,265.000000,0.132244,115287496.000000,0.707061,0,1
29,30,31,39,36,35,45,50,
480.000000,266.000000,0.125438,3442162.250000,0.626810,0,1
79,75,81,70,71,74,69,67,
601.000000,266.000000,0.134500,180806608.000000,0.639029,0,1
59,80,70,91,86,79,94,91,
610.000000,267.000000,0.136634,196498272.000000,0.707116,0,1
39,51,45,69,62,55,78,84,
622.000000,267.000000,0.132178,298772160.000000,0.723596,0,1
33,40,39,52,52,49,63,75,
669.000000,267.000000,0.074006,14628760.000000,0.247970,0,1
87,94,79,97,87,73,94,90,
456.000000,268.000000,0.115109,18992938.000000,0.631894,0,1
54,52,53,48,48,52,45,45,
566.000000,268.000000,0.133698,8023711.000000,0.629193,0,1
96,98,98,106,102,101,107,106,
654.000000,269.000000,0.137045,267063216.000000,0.627891,0,1
75,73,79,80,83,86,86,79,
629.000000,273.000000,0.133416,151983392.000000,1.206336,0,1
100,105,109,95,97,102,94,96,
631.000000,273.000000,0.134825,130761024.000000,1.233141,0,1
99,109,113,97,102,110,91,93,
643.000000,273.000000,0.140179,184226224.000000,0.804866,0,1
65,80,73,105,95,87,101,98,
476.000000,274.000000,0.137932,9139048.000000,0.476714,0,1
55,55,55,60,60,61,64,64,
548.000000,279.000000,0.139946,3986761.250000,0.475556,0,1
109,108,113,97,102,109,95,93,
670.000000,280.000000,0.141055,11714142.000000,0.519399,0,1
108,105,104,95,91,89,95,93,
482.000000,282.000000,0.144554,4830240.500000,0.729042,0,1
62,62,64,57,58,58,55,52,
572.000000,282.000000,0.142558,14288126.000000,0.717382,0,1
98,102,100,96,101,94,92,91,
636.000000,282.000000,0.143377,5436049.500000,0.486482,0,1
95,93,92,90,90,88,86,80,
556.000000,283.000000,0.145341,16934734.000000,0.505841,0,1
103,99,99,92,92,93,88,84,
628.000000,284.000000,0.146121,6033272.500000,0.833954,0,1
92,87,87,90,87,82,89,83,
156.000000,288.000000,0.148564,9386275.000000,3.410818,0,1
12,12,10,12,10,7,9,7,
402.000000,292.000000,0.157130,7014748.500000,1.044688,0,1
16,18,16,23,18,17,23,24,
404.000000,294.000000,0.156275,4845070.000000,1.037679,0,1
17,19,16,24,21,17,24,23,
382.000000,88.000000,0.273196,796765.937500,0.999206,0,1
7,7,8,6,11,12,9,13,
627.000000,270.000000,0.134114,618363648.000000,1.200511,0,1
60,73,70,89,87,87,102,104,
593.000000,262.000000,0.130251,225180592.000000,0.998162,0,1
37,50,42,81,67,52,92,89,
538.000000,249.000000,0.115319,22362206.000000,0.645505,0,1
115,113,112,109,109,108,102,101,
678.000000,248.000000,0.112751,71275992.000000,0.658961,0,1
193,180,185,155,161,169,131,116,
462.000000,244.000000,0.108459,12830556.000000,0.467682,0,1
78,73,79,66,72,78,65,66,
658.000000,113.000000,0.072135,257369152.000000,0.213001,0,1
255,212,228,127,126,235,74,83,
646.000000,238.000000,0.118691,2299613184.000000,0.620038,0,1
123,61,183,31,120,207,59,106,
686.000000,117.000000,0.073549,1641011584.000000,0.389621,0,1
181,233,118,251,159,56,140,55,
629.000000,232.000000,0.116529,818870400.000000,0.564186,0,1
149,140,131,96,92,85,49,30,
644.000000,120.000000,0.064725,1926367232.000000,0.456482,0,1
232,236,164,255,150,92,175,103,
643.000000,121.000000,0.064966,1644402176.000000,0.456447,0,1
236,255,150,248,175,101,122,108,
567.000000,122.000000,0.027098,54097296.000000,0.050088,0,1
232,214,176,236,181,179,232,250,
520.000000,229.000000,0.090151,38156496.000000,0.404106,0,1
40,61,44,71,58,41,65,65,
488.000000,224.000000,0.082865,34554524.000000,0.296219,0,1
69,75,74,78,77,77,78,79,
388.000000,224.000000,0.080820,3702181.500000,0.568422,0,1
28,24,26,23,24,26,24,25,
432.000000,126.000000,0.070329,14499320.000000,0.215392,0,1
15,17,19,19,27,25,28,39,
472.000000,221.000000,0.082284,27168542.000000,0.290914,0,1
68,66,65,74,72,70,79,82,
659.000000,126.000000,0.072192,370268896.000000,0.213259,0,1
146,91,196,99,144,242,156,198,
426.000000,221.000000,0.080037,16029064.000000,0.404283,0,1
59,58,60,54,55,59,50,51,
680.000000,131.000000,0.075423,200503312.000000,0.392382,0,1
107,128,98,179,150,113,147,113,
642.000000,132.000000,0.064806,670822400.000000,0.452225,0,1
138,192,149,225,196,139,229,183,
667.000000,132.000000,0.075448,2675586304.000000,0.598007,0,1
208,225,154,254,206,135,243,200,
448.000000,210.000000,0.069791,23269612.000000,0.273172,0,1
54,58,58,65,64,64,70,70,
649.000000,133.000000,0.064928,238123792.000000,0.183041,0,1
107,95,151,134,119,177,166,102,
629.000000,137.000000,0.063227,1991447040.000000,0.415581,0,1
180,107,173,123,133,228,116,101,
658.000000,137.000000,0.070764,82090936.000000,0.208860,0,1
167,191,222,134,146,187,142,145,
637.000000,138.000000,0.067986,1249264128.000000,0.293306,0,1
131,160,90,187,134,79,188,145,
678.000000,138.000000,0.075492,252971552.000000,0.388314,0,1
126,134,123,155,134,111,168,159,
605.000000,203.000000,0.119028,1644544000.000000,0.845053,0,1
160,63,51,36,38,33,35,33,
392.000000,139.000000,0.016389,8910449.000000,0.120931,0,1
19,19,20,26,26,22,52,127,
647.000000,142.000000,0.065484,654785728.000000,0.467039,0,1
113,172,146,149,127,132,129,102,
665.000000,198.000000,0.074822,74688016.000000,0.599093,0,1
131,158,142,198,185,162,205,214,
523.000000,198.000000,0.088165,15317001.000000,0.367277,0,1
18,15,17,32,24,19,38,33,
591.000000,144.000000,0.059280,85370960.000000,0.204473,0,1
150,142,139,230,200,162,255,255,
629.000000,144.000000,0.063165,1992431616.000000,0.415075,0,1
110,108,170,149,150,232,147,125,
504.000000,196.000000,0.082574,100082448.000000,0.296647,0,1
34,22,49,20,32,49,22,31,
668.000000,145.000000,0.075806,1748111872.000000,0.603552,0,1
154,217,142,249,181,151,199,148,
107.000000,146.000000,0.041253,86213976.000000,0.229830,0,1
8,9,10,10,15,17,20,55,
167.000000,146.000000,0.037660,657274944.000000,0.326214,0,1
12,13,17,13,17,30,15,29,
403.000000,147.000000,0.032459,37306248.000000,0.026635,0,1
64,37,64,21,41,66,23,29,
667.000000,148.000000,0.075394,2627725056.000000,0.597455,0,1
199,238,148,255,209,135,246,220,
686.000000,148.000000,0.076341,47980168.000000,0.404921,0,1
107,116,113,149,145,127,177,147,
116.000000,149.000000,0.016247,695389440.000000,0.083276,0,1
43,139,82,172,155,130,171,219,
637.000000,149.000000,0.068297,957353856.000000,0.470798,0,1
156,147,121,189,129,121,154,141,
350.000000,192.000000,0.043755,29869780.000000,0.465187,0,1
37,30,33,25,25,26,20,20,
651.000000,150.000000,0.066257,757798272.000000,0.481528,0,1
127,157,164,111,154,189,105,134,
124.000000,151.000000,0.016426,664963904.000000,0.081895,0,1
123,141,229,116,189,219,121,108,
687.000000,188.000000,0.082329,464098432.000000,0.448267,0,1
198,208,173,207,189,177,187,168,
650.000000,188.000000,0.074025,122233904.000000,0.554588,0,1
202,179,197,142,164,182,133,145,
540.000000,152.000000,0.049175,51811176.000000,0.124800,0,1
214,171,181,215,183,184,253,255,
647.000000,152.000000,0.065372,539799488.000000,0.466506,0,1
114,130,92,165,133,111,183,191,
137.000000,153.000000,0.015857,477697408.000000,0.036326,0,1
239,153,255,96,229,255,109,105,
626.000000,153.000000,0.064003,42615444.000000,0.163502,0,1
187,138,160,209,172,196,255,255,
104.000000,154.000000,0.057833,81063728.000000,0.198699,0,1
14,10,21,9,13,34,10,12,
668.000000,154.000000,0.075336,2996207872.000000,0.599659,0,1
166,247,174,238,173,185,224,169,
302.000000,185.000000,0.037852,232878080.000000,0.260319,0,1
51,38,55,27,35,34,30,28,
116.000000,155.000000,0.017568,951476800.000000,0.090398,0,1
150,239,144,199,169,93,185,179,
340.000000,156.000000,0.020556,20316354.000000,0.034276,0,1
255,255,249,224,217,215,101,77,
511.000000,183.000000,0.080131,65624768.000000,0.291322,0,1
73,75,65,47,60,61,32,43,
659.000000,157.000000,0.073078,2830210560.000000,0.558715,0,1
208,170,237,119,164,255,137,193,
128.000000,183.000000,0.032911,79202584.000000,0.344915,0,1
20,20,24,11,17,20,12,9,
183.000000,182.000000,0.033700,39111624.000000,0.478836,0,1
31,33,29,21,23,23,16,16,
159.000000,182.000000,0.035721,89660920.000000,0.324644,0,1
6,19,9,22,13,7,12,8,
124.000000,182.000000,0.032368,16820172.000000,0.169058,0,1
6,5,9,5,9,17,7,8,
175.000000,181.000000,0.034140,72104760.000000,0.291505,0,1
33,29,29,17,26,27,16,12,
576.000000,162.000000,0.058115,145739616.000000,0.293126,0,1
251,226,248,152,196,231,141,159,
657.000000,162.000000,0.073574,295055232.000000,0.349417,0,1
118,127,102,225,182,173,255,255,
668.000000,163.000000,0.075296,3566033408.000000,0.600454,0,1
212,233,164,253,162,132,242,224,
404.000000,165.000000,0.035967,28170528.000000,0.212692,0,1
25,33,33,22,25,25,19,19,
680.000000,165.000000,0.074731,755254336.000000,0.388024,0,1
123,178,154,131,131,123,116,102,
322.000000,175.000000,0.035580,65057244.000000,0.207709,0,1
82,87,79,80,71,67,58,50,
229.000000,166.000000,0.020258,282936576.000000,0.062574,0,1
67,69,31,81,67,26,119,96,
455.000000,166.000000,0.051621,5900190.000000,0.125596,0,1
14,24,17,40,29,17,35,32,
581.000000,166.000000,0.058666,185298688.000000,0.304932,0,1
185,141,160,177,148,155,214,234,
211.000000,167.000000,0.021602,183999136.000000,0.159888,0,1
93,76,85,84,105,123,134,105,
256.000000,167.000000,0.023896,216212112.000000,0.061898,0,1
222,222,247,153,165,166,118,110,
588.000000,167.000000,0.060615,155841824.000000,0.328406,0,1
255,216,234,171,197,211,167,156,
83.000000,174.000000,0.024446,18357104.000000,0.094257,0,1
13,9,18,8,14,25,12,20,
698.000000,173.000000,0.081679,187079344.000000,0.281829,0,1
63,111,150,221,187,230,255,255,
412.000000,168.000000,0.033385,30211856.000000,0.061825,0,1
47,41,43,29,35,36,28,25,
204.000000,169.000000,0.029489,355333504.000000,0.075306,0,1
212,181,199,53,140,118,66,66,
598.000000,171.000000,0.063014,157179792.000000,0.361757,0,1
239,208,221,139,172,210,140,148,
183.000000,170.000000,0.033045,3929226496.000000,0.269981,0,1
67,31,103,19,68,121,26,40,
390.000000,282.000000,0.146870,16446087.000000,0.616949,0,1
16,21,16,24,22,17,23,24,
587.000000,170.000000,0.059569,149780656.000000,0.320847,0,1
167,174,156,239,206,168,248,255,
592.000000,172.000000,0.060879,195963200.000000,0.337766,0,1
151,158,139,234,198,146,241,242,
425.000000,168.000000,0.045400,8305378.500000,0.068801,0,1
48,32,31,48,41,27,53,49,
587.000000,97.000000,0.262142,47966544.000000,1.352177,0,1
18,20,20,25,28,26,42,59,
92.000000,174.000000,0.058366,78243152.000000,0.357210,0,1
17,24,12,34,26,8,32,19,
181.000000,168.000000,0.032987,1729197952.000000,0.272185,0,1
59,24,52,16,25,67,16,19,
525.000000,174.000000,0.080355,44116696.000000,0.121638,0,1
255,223,255,66,159,245,50,46,
195.000000,175.000000,0.030147,1525787392.000000,0.407884,0,1
47,56,18,43,31,10,26,26,
202.000000,175.000000,0.029640,1167108096.000000,0.387473,0,1
27,15,40,11,17,33,12,15,
203.000000,165.000000,0.030044,1864599296.000000,0.109909,0,1
112,76,205,38,206,212,75,179,
599.000000,175.000000,0.062633,132112344.000000,0.361880,0,1
147,170,135,227,196,157,242,250,
391.000000,163.000000,0.028486,21364956.000000,0.015109,0,1
203,247,243,197,184,174,121,98,
658.000000,162.000000,0.073494,2244815360.000000,0.560968,0,1
137,107,137,203,160,216,251,255,
390.000000,176.000000,0.032668,28661854.000000,0.092328,0,1
49,59,53,40,36,33,25,24,
573.000000,161.000000,0.056240,148702784.000000,0.277678,0,1
255,224,249,158,187,226,147,166,
539.000000,239.000000,0.102554,237945344.000000,0.540936,0,1
38,54,44,79,68,56,91,100,
570.000000,160.000000,0.056426,234175552.000000,0.274035,0,1
251,211,250,154,189,224,157,183,
515.000000,181.000000,0.077772,145047200.000000,0.288107,0,1
45,54,34,61,43,28,51,48,
440.000000,125.000000,0.077066,19001118.000000,0.126157,0,1
20,22,23,32,37,37,125,230,
536.000000,125.000000,0.046859,1112480768.000000,0.181114,0,1
218,233,133,254,154,125,237,178,
543.000000,125.000000,0.049018,313613952.000000,0.199256,0,1
211,162,211,138,178,239,124,145,
236.000000,160.000000,0.019486,961969408.000000,0.057108,0,1
96,92,152,83,176,241,111,131,
559.000000,159.000000,0.053412,176233344.000000,0.241760,0,1
165,185,150,248,218,170,255,255,
615.000000,182.000000,0.067563,82950648.000000,0.427810,0,1
165,220,191,245,236,214,250,255,
629.000000,127.000000,0.063191,1709974528.000000,0.415917,0,1
135,104,160,83,105,205,129,166,
548.000000,128.000000,0.048349,573363328.000000,0.202124,0,1
240,255,153,225,198,150,158,152,
440.000000,133.000000,0.047898,105859584.000000,0.072185,0,1
255,234,246,77,157,225,42,28,
228.000000,157.000000,0.020596,198139056.000000,0.063555,0,1
83,86,57,64,70,27,52,54,
499.000000,206.000000,0.066731,10398652.000000,0.229477,0,1
31,40,28,24,28,20,21,20,
325.000000,183.000000,0.037820,13436805.000000,0.215766,0,1
39,39,40,29,31,30,25,28,
630.000000,137.000000,0.063237,3319959552.000000,0.417467,0,1
203,120,217,116,185,209,139,163,
274.000000,185.000000,0.036285,6628787.000000,0.304898,0,1
48,39,37,29,28,26,23,25,
691.000000,200.000000,0.083368,745285056.000000,0.514112,0,1
152,128,159,103,134,154,108,121,
637.000000,141.000000,0.068084,1307027072.000000,0.294492,0,1
162,169,126,175,119,93,159,120,
567.000000,200.000000,0.099184,75405944.000000,0.551126,0,1
34,42,31,47,33,30,39,31,
549.000000,154.000000,0.051479,154850032.000000,0.217894,0,1
253,201,237,183,167,202,203,232,
657.000000,197.000000,0.074773,79466112.000000,0.580315,0,1
159,203,190,215,211,205,225,231,
474.000000,154.000000,0.074957,5084182.500000,0.184576,0,1
40,29,34,24,27,32,24,23,
421.000000,186.000000,0.044741,13742193.000000,0.087379,0,1
21,17,27,13,22,19,13,14,
48.000000,148.000000,0.027265,681880128.000000,0.176102,0,1
7,7,9,6,8,52,7,6,
310.000000,193.000000,0.046147,41478700.000000,0.293893,0,1
33,31,36,25,31,32,21,16,
167.000000,150.000000,0.038861,1739366144.000000,0.171217,0,1
29,19,99,15,41,198,19,35,
636.000000,189.000000,0.071138,58301424.000000,0.500136,0,1
163,204,185,224,219,205,228,236,
104.000000,151.000000,0.052926,42952288.000000,0.183252,0,1
13,10,23,9,14,55,10,13,
632.000000,186.000000,0.068794,113298560.000000,0.471804,0,1
136,152,133,207,178,153,219,223,
169.000000,153.000000,0.038372,545550720.000000,0.078348,0,1
185,89,255,34,171,255,82,110,
132.000000,153.000000,0.016635,2657978624.000000,0.080609,0,1
184,239,92,255,179,72,176,150,
503.000000,170.000000,0.082586,477096192.000000,0.277327,0,1
34,24,70,22,31,95,23,30,
504.000000,170.000000,0.082122,672982656.000000,0.277644,0,1
73,32,97,23,69,101,31,65,
503.000000,189.000000,0.082697,101129040.000000,0.289424,0,1
21,18,36,18,21,48,19,21,
440.000000,171.000000,0.049111,29488582.000000,0.079031,0,1
21,22,22,19,52,46,42,42,
300.000000,150.000000,0.023452,111853728.000000,0.038689,0,1
197,195,249,108,161,255,97,129,
499.000000,153.000000,0.079737,1413718016.000000,0.251939,0,1
146,255,64,255,161,39,255,202,
472.000000,149.000000,0.061508,126354768.000000,0.142711,0,1
255,197,255,55,119,249,47,40,
519.000000,153.000000,0.081560,2109508096.000000,0.303648,0,1
201,71,255,40,205,255,68,189,
219.000000,148.000000,0.022634,440891392.000000,0.048211,0,1
187,242,110,243,170,22,148,100,
524.000000,175.000000,0.082612,122939872.000000,0.326833,0,1
223,66,159,43,50,99,33,31,
478.000000,195.000000,0.067754,65726232.000000,0.191470,0,1
36,27,43,24,36,48,24,34,
468.000000,147.000000,0.059609,119003088.000000,0.131501,0,1
255,199,255,58,128,247,44,38,
519.000000,164.000000,0.081264,2052242944.000000,0.304934,0,1
173,54,255,40,185,255,57,186,
512.000000,164.000000,0.079571,191744032.000000,0.282121,0,1
90,98,77,102,88,62,95,86,
630.000000,146.000000,0.063292,3729454080.000000,0.417904,0,1
195,168,241,109,180,227,129,182,
465.000000,146.000000,0.058445,136090896.000000,0.124115,0,1
255,135,243,43,85,199,36,32,
518.000000,123.000000,0.081486,2020111872.000000,0.303226,0,1
137,51,246,36,141,255,67,127,
308.000000,196.000000,0.039962,3329608.250000,0.265462,0,1
20,16,16,14,15,15,15,14,
331.000000,182.000000,0.037900,13316973.000000,0.204886,0,1
48,47,48,42,37,33,30,31,
497.000000,126.000000,0.080128,503122368.000000,0.250689,0,1
42,77,70,126,193,49,245,255,
519.000000,159.000000,0.080890,2483848448.000000,0.301829,0,1
177,60,249,38,165,255,60,173,
247.000000,145.000000,0.017458,476232768.000000,0.046782,0,1
92,221,130,255,156,117,248,183,
630.000000,127.000000,0.063260,2728756992.000000,0.418253,0,1
169,119,199,84,156,181,147,194,
504.000000,132.000000,0.081623,321938016.000000,0.270404,0,1
66,55,74,30,78,83,57,85,
482.000000,154.000000,0.064824,118549736.000000,0.168922,0,1
255,181,246,53,117,217,44,37,
518.000000,134.000000,0.081375,1859677440.000000,0.300345,0,1
115,48,223,37,109,255,47,100,
458.000000,142.000000,0.054945,52730192.000000,0.082805,0,1
255,201,255,56,151,224,40,33,
504.000000,156.000000,0.081910,668067968.000000,0.272021,0,1
94,49,111,35,91,116,49,91,
328.000000,139.000000,0.027748,17226258.000000,0.154333,0,1
23,27,25,31,30,32,61,210,
504.000000,203.000000,0.084079,30902994.000000,0.309649,0,1
29,21,41,19,26,36,20,25,
454.000000,140.000000,0.053885,97102992.000000,0.098566,0,1
255,204,255,45,148,239,35,34,
