# timestamp
1608635224451026176

# fx, fy, cx, cy, width, height, npoints
501.485199,501.475433,421.786407,167.664963,800,400,602

# camToWorld: translation vector, rotation quaternion
-23.898776,85.194218,7.168311,0.578310,0.425638,-0.430565,-0.546813

# Exposure time (ms)
0.290093

# GPS Data
# GPSData: Covariance matrix
0.000013,0.000000,0.000000,0.000000,0.000028,0.000000,0.000000,0.000000,0.000050

# GPSData: GPS point
87.101599,-5.193196,6.354631

# Point Cloud Data : 
# u,v,idepth_scaled,idepth_hessian,maxRelBaseline,numGoodRes,status 
# color information 
735.000000,248.000000,0.111444,3595067.000000,0.445133,0,1
12,23,16,46,40,31,54,49,
732.000000,256.000000,0.112758,7252670.500000,2.156236,0,1
80,68,72,59,59,63,59,61,
742.000000,71.000000,0.018316,307796512.000000,1.191998,0,1
69,68,70,67,67,69,56,37,
747.000000,72.000000,0.018652,4496593920.000000,0.797404,0,1
69,68,61,65,42,21,51,36,
729.000000,75.000000,0.018015,441245536.000000,0.585362,0,1
61,50,52,37,31,49,18,17,
716.000000,77.000000,0.017433,17703992.000000,1.347654,0,1
65,57,52,41,33,29,18,18,
719.000000,94.000000,0.017647,387652544.000000,0.603751,0,1
28,20,47,24,38,54,47,55,
706.000000,96.000000,0.015462,20325004.000000,0.073758,0,1
17,19,21,33,40,47,57,63,
712.000000,96.000000,0.017040,40622124.000000,1.364211,0,1
43,54,36,60,54,56,57,61,
703.000000,97.000000,0.028156,39055668.000000,0.112287,0,1
20,29,33,37,48,57,54,62,
721.000000,99.000000,0.030611,110627088.000000,1.255379,0,1
56,61,51,62,52,45,59,61,
729.000000,102.000000,0.029989,15783299.000000,1.731176,0,1
49,47,54,53,52,59,57,59,
735.000000,107.000000,0.018155,491414368.000000,1.220807,0,1
63,59,58,61,51,39,44,28,
718.000000,109.000000,0.017772,111139096.000000,0.601061,0,1
59,53,53,39,36,42,17,17,
723.000000,109.000000,0.017062,30786148.000000,1.455074,0,1
50,50,39,41,36,24,37,31,
704.000000,128.000000,0.017344,118150784.000000,0.646397,0,1
20,26,19,42,37,39,46,47,
715.000000,128.000000,0.023800,15038296.000000,0.042157,0,1
19,28,27,55,52,40,59,56,
727.000000,131.000000,0.027525,95500352.000000,0.755334,0,1
31,35,34,39,38,42,44,50,
739.000000,132.000000,0.031413,59195732.000000,1.592637,0,1
29,30,35,30,38,41,34,40,
728.000000,135.000000,0.030623,207031520.000000,1.680897,0,1
41,39,39,36,46,51,48,51,
721.000000,146.000000,0.016583,357338880.000000,1.250088,0,1
30,21,35,13,26,29,17,20,
746.000000,148.000000,0.019674,121551112.000000,1.212090,0,1
30,31,24,29,28,19,26,21,
703.000000,159.000000,0.045750,6192915.500000,0.134158,0,1
18,20,20,22,25,25,34,50,
705.000000,159.000000,0.043515,26631152.000000,1.604434,0,1
19,20,21,25,25,19,39,44,
701.000000,161.000000,0.046072,26250264.000000,0.134381,0,1
22,18,34,17,35,50,42,38,
685.000000,164.000000,0.050050,14523790.000000,0.182893,0,1
12,19,25,24,27,34,41,28,
712.000000,168.000000,0.048292,83843320.000000,2.189990,0,1
17,25,13,33,19,14,32,30,
737.000000,168.000000,0.046607,9519750.000000,0.195612,0,1
10,10,10,10,15,16,15,17,
728.000000,169.000000,0.045657,34791188.000000,0.187961,0,1
10,15,11,19,19,13,25,21,
640.000000,179.000000,0.070588,2122599.500000,0.220111,0,1
10,11,11,12,18,13,20,30,
641.000000,192.000000,0.060365,180957.296875,0.195244,0,1
36,35,31,26,28,28,22,19,
706.000000,225.000000,0.047226,1911935.125000,0.193393,0,1
9,10,10,13,12,13,20,19,
674.000000,229.000000,0.105763,4348870.000000,3.357520,0,1
15,13,15,17,18,20,22,24,
704.000000,248.000000,0.113892,6114912.000000,0.433630,0,1
50,52,50,71,62,57,83,81,
677.000000,251.000000,0.115785,20192992.000000,0.406455,0,1
60,61,60,71,71,73,91,90,
681.000000,251.000000,0.114840,24075262.000000,0.408073,0,1
57,62,60,73,78,81,91,78,
668.000000,252.000000,0.116140,38164324.000000,0.399025,0,1
62,62,63,75,80,83,96,92,
657.000000,253.000000,0.117930,27887132.000000,0.393103,0,1
64,65,64,70,74,81,99,96,
656.000000,256.000000,0.117930,24584218.000000,0.394251,0,1
99,101,96,81,78,78,72,68,
672.000000,256.000000,0.115934,32263114.000000,3.526885,0,1
83,69,66,69,66,64,67,68,
677.000000,298.000000,0.166371,7051578.500000,3.831939,0,1
64,63,62,71,71,70,73,73,
689.000000,112.000000,0.030341,5446377.000000,0.115500,0,1
47,33,27,16,15,18,15,16,
676.000000,56.000000,0.027019,10401923.000000,2.364329,0,1
80,76,78,74,72,74,70,68,
667.000000,61.000000,0.004529,42123736.000000,0.019414,0,1
77,77,73,78,66,71,68,57,
690.000000,62.000000,0.018128,75855208.000000,1.610989,0,1
78,74,76,69,73,76,67,72,
684.000000,68.000000,0.026596,20038168.000000,2.058703,0,1
62,55,58,49,52,46,33,36,
665.000000,70.000000,0.005381,29337032.000000,0.023907,0,1
71,72,65,69,57,40,43,28,
674.000000,70.000000,0.020937,6845248.500000,0.092916,0,1
67,63,63,51,52,42,37,43,
679.000000,76.000000,0.026269,108979600.000000,2.062944,0,1
47,55,44,65,51,44,63,52,
681.000000,77.000000,0.026335,73764464.000000,2.007897,0,1
45,42,50,54,47,56,43,46,
687.000000,80.000000,0.025064,10241578.000000,0.117811,0,1
53,48,54,40,44,39,30,18,
651.000000,87.000000,0.014825,43800328.000000,0.059785,0,1
66,64,60,56,45,46,25,22,
673.000000,89.000000,0.016347,78111408.000000,1.206633,0,1
36,45,27,47,39,22,48,37,
682.000000,95.000000,0.015278,74641744.000000,1.563424,0,1
21,28,16,31,23,16,28,23,
661.000000,101.000000,0.015146,87840520.000000,1.667686,0,1
27,21,43,24,32,54,47,60,
185.000000,104.000000,0.040640,11977474.000000,0.197474,0,1
48,41,50,43,50,52,50,58,
649.000000,104.000000,0.014197,50828600.000000,1.752454,0,1
30,51,47,61,61,63,65,65,
183.000000,108.000000,0.041027,22884900.000000,0.203606,0,1
43,34,52,33,41,55,33,38,
658.000000,110.000000,0.028873,6286430.000000,2.287601,0,1
58,55,56,47,51,49,42,46,
688.000000,111.000000,0.027040,14562446.000000,0.123741,0,1
51,45,47,31,33,27,16,15,
670.000000,114.000000,0.017018,38412292.000000,1.692638,0,1
42,32,37,21,23,30,19,21,
645.000000,116.000000,0.014584,77453032.000000,1.780646,0,1
60,58,57,37,36,54,20,27,
654.000000,119.000000,0.014975,244488208.000000,1.796827,0,1
44,25,51,21,44,46,24,39,
657.000000,120.000000,0.014707,162975584.000000,1.698163,0,1
31,46,22,52,32,19,42,29,
665.000000,120.000000,0.014765,144469040.000000,1.649764,0,1
30,40,23,42,34,19,41,29,
648.000000,123.000000,0.014720,200281920.000000,1.762244,0,1
48,55,32,38,47,22,47,44,
93.000000,124.000000,0.011477,738984.500000,0.024798,0,1
59,52,59,45,52,52,36,33,
662.000000,128.000000,0.015808,123002248.000000,0.065075,0,1
26,19,35,19,29,42,19,35,
644.000000,131.000000,0.014369,42926404.000000,1.865222,0,1
17,20,23,33,32,38,50,53,
652.000000,131.000000,0.015885,16709476.000000,0.063083,0,1
17,21,22,38,32,33,41,47,
687.000000,142.000000,0.027744,200336832.000000,1.006275,0,1
46,42,41,27,30,24,18,15,
643.000000,143.000000,0.015830,63149540.000000,0.060701,0,1
57,60,53,47,41,34,26,16,
653.000000,143.000000,0.015894,34357172.000000,1.704348,0,1
54,49,51,30,33,45,16,16,
666.000000,143.000000,0.015655,60135132.000000,1.443723,0,1
53,51,45,43,30,24,34,25,
531.000000,144.000000,0.053701,12449754.000000,0.097131,0,1
36,25,50,24,33,48,24,23,
674.000000,145.000000,0.016110,82968576.000000,1.667389,0,1
27,38,19,38,30,16,44,33,
654.000000,146.000000,0.014604,143239840.000000,0.058162,0,1
28,16,48,13,24,46,13,21,
682.000000,146.000000,0.023734,5565368.000000,1.984596,0,1
20,24,19,29,28,19,32,31,
649.000000,153.000000,0.014773,68954648.000000,0.057771,0,1
32,43,22,38,35,17,44,33,
647.000000,154.000000,0.014693,66525384.000000,0.057035,0,1
37,24,43,15,38,36,20,28,
664.000000,156.000000,0.016434,5132069.500000,1.696696,0,1
33,22,32,16,27,23,17,19,
534.000000,157.000000,0.030631,2852736.750000,0.046031,0,1
13,14,12,20,23,21,32,39,
628.000000,163.000000,0.049653,22016508.000000,0.186937,0,1
20,27,25,39,41,27,58,58,
641.000000,163.000000,0.046113,53407952.000000,0.148258,0,1
22,32,24,45,40,36,50,45,
671.000000,165.000000,0.050133,9790344.000000,0.220592,0,1
12,13,15,30,31,34,38,26,
672.000000,165.000000,0.050025,18563014.000000,0.220914,0,1
15,13,19,30,32,41,38,25,
658.000000,167.000000,0.053066,50546428.000000,2.934857,0,1
24,27,38,22,33,37,22,20,
639.000000,168.000000,0.051252,41410136.000000,0.201563,0,1
47,48,47,39,37,30,25,15,
641.000000,168.000000,0.049835,94615808.000000,0.197105,0,1
47,47,33,37,30,15,21,14,
624.000000,169.000000,0.051034,16895942.000000,0.189627,0,1
56,52,55,44,46,42,26,20,
673.000000,169.000000,0.049000,4444042.500000,0.216847,0,1
25,17,19,11,17,22,8,7,
563.000000,177.000000,0.050866,3058899.500000,0.116760,0,1
20,11,10,17,18,9,29,28,
559.000000,178.000000,0.050341,3088145.000000,0.121702,0,1
12,16,14,20,23,29,29,34,
658.000000,178.000000,0.051295,27873548.000000,0.216338,0,1
14,19,9,21,15,8,20,15,
152.000000,185.000000,0.048514,1271223.625000,0.280208,0,1
19,28,18,28,26,17,26,17,
151.000000,186.000000,0.046914,1320409.125000,0.268133,0,1
28,28,26,22,26,17,20,18,
608.000000,230.000000,0.087920,6504691.500000,4.389432,0,1
48,52,51,78,69,61,68,56,
592.000000,246.000000,0.109536,31730168.000000,5.003952,0,1
52,55,54,58,58,57,60,63,
648.000000,254.000000,0.117435,93187664.000000,0.539216,0,1
61,63,65,73,76,81,95,95,
641.000000,255.000000,0.118527,97869472.000000,0.532683,0,1
63,63,68,80,84,87,100,93,
632.000000,256.000000,0.119164,96601200.000000,0.520068,0,1
63,66,68,81,87,92,102,92,
647.000000,257.000000,0.119508,53437280.000000,0.549653,0,1
95,97,95,86,81,77,74,72,
613.000000,258.000000,0.121182,98604472.000000,0.496800,0,1
65,68,70,81,85,88,102,98,
606.000000,259.000000,0.122087,111847048.000000,0.488992,0,1
68,69,72,84,92,94,105,96,
623.000000,259.000000,0.121962,72591192.000000,0.519002,0,1
83,102,102,99,94,82,77,71,
624.000000,259.000000,0.121883,69947792.000000,0.520356,0,1
86,102,103,97,88,80,75,72,
593.000000,260.000000,0.123363,64144704.000000,0.472149,0,1
66,66,66,71,70,75,90,104,
585.000000,264.000000,0.126051,99504768.000000,0.472149,0,1
92,105,103,98,87,82,69,64,
592.000000,264.000000,0.125375,53538420.000000,0.481707,0,1
100,92,86,73,72,70,69,67,
486.000000,293.000000,0.151524,5937583.500000,0.228524,0,1
75,86,77,113,95,77,113,108,
479.000000,296.000000,0.155741,13603542.000000,0.345917,0,1
103,79,106,73,75,100,73,73,
482.000000,297.000000,0.157866,14413634.000000,0.353490,0,1
106,100,114,74,87,109,74,74,
665.000000,85.000000,0.015116,106115464.000000,0.064047,0,1
66,63,56,58,44,29,45,32,
653.000000,88.000000,0.015099,182683824.000000,0.061291,0,1
60,42,59,22,34,58,25,34,
506.000000,148.000000,0.066552,23380144.000000,0.100333,0,1
16,25,27,31,61,31,52,75,
576.000000,32.000000,0.005997,1294948.500000,0.035259,0,1
96,95,94,94,94,95,93,92,
622.000000,78.000000,0.011700,72969584.000000,0.078987,0,1
67,64,64,44,54,47,27,31,
634.000000,90.000000,0.014010,198717824.000000,0.098587,0,1
66,66,56,62,42,31,39,24,
627.000000,91.000000,0.013913,164887728.000000,0.095220,0,1
67,66,60,62,43,33,33,23,
185.000000,93.000000,0.037784,23171384.000000,0.196233,0,1
60,56,66,58,61,63,53,54,
631.000000,130.000000,0.014235,473141056.000000,0.097086,0,1
38,22,55,18,38,49,26,50,
638.000000,130.000000,0.014408,390844672.000000,0.101029,0,1
30,18,45,18,29,49,27,52,
642.000000,144.000000,0.014919,196409712.000000,0.105978,0,1
60,47,41,47,26,20,39,22,
617.000000,152.000000,0.013680,387315520.000000,0.087693,0,1
28,15,50,17,29,50,17,31,
598.000000,160.000000,0.051991,89918120.000000,0.331082,0,1
35,47,26,43,37,19,42,23,
613.000000,160.000000,0.051702,92601112.000000,2.918072,0,1
37,28,36,18,26,36,20,21,
598.000000,169.000000,0.051688,76272640.000000,0.329057,0,1
16,16,22,27,33,43,49,29,
80.000000,170.000000,0.019543,4071119.500000,0.041830,0,1
30,28,36,33,37,41,41,44,
582.000000,176.000000,0.080632,28779164.000000,0.507929,0,1
20,9,20,7,14,21,9,14,
53.000000,178.000000,0.058863,3025020.000000,0.206952,0,1
50,45,49,34,40,45,28,24,
207.000000,183.000000,0.021288,9385126.000000,0.095707,0,1
19,16,27,15,17,39,16,19,
209.000000,195.000000,0.021881,7860536.000000,0.033364,0,1
20,20,29,15,29,40,19,23,
612.000000,206.000000,0.050053,4955461.000000,0.340420,0,1
26,22,21,19,17,15,14,16,
580.000000,220.000000,0.078108,6961004.500000,0.495478,0,1
11,18,14,36,29,23,44,43,
599.000000,229.000000,0.087025,33341144.000000,4.568049,0,1
51,62,58,64,70,76,66,80,
567.000000,231.000000,0.090813,26316958.000000,0.564599,0,1
51,51,50,53,53,52,59,91,
575.000000,231.000000,0.090644,65295516.000000,0.583289,0,1
52,53,54,53,53,57,76,80,
570.000000,232.000000,0.090745,101698608.000000,0.572207,0,1
51,52,52,62,66,71,91,71,
599.000000,232.000000,0.089143,57083816.000000,0.633022,0,1
69,80,80,68,65,64,60,58,
600.000000,232.000000,0.089215,56113688.000000,0.636289,0,1
72,80,79,67,64,61,60,58,
583.000000,233.000000,0.090604,100538872.000000,0.604250,0,1
69,80,81,68,66,64,56,57,
585.000000,233.000000,0.090610,76099928.000000,0.609744,0,1
73,81,79,66,64,63,54,54,
563.000000,234.000000,0.091845,97015648.000000,0.563787,0,1
58,79,85,95,88,81,66,63,
395.000000,243.000000,0.095840,37476488.000000,0.148150,0,1
55,80,63,98,87,65,91,86,
581.000000,262.000000,0.123892,279326080.000000,0.907234,0,1
65,67,68,79,82,85,104,101,
567.000000,263.000000,0.125437,170576240.000000,0.870894,0,1
65,62,64,66,66,69,86,108,
575.000000,263.000000,0.124846,343519264.000000,0.894871,0,1
67,69,72,86,92,96,109,97,
559.000000,265.000000,0.126416,257170624.000000,0.852780,0,1
66,66,67,80,87,98,107,95,
560.000000,265.000000,0.126306,263104544.000000,0.855429,0,1
67,65,67,83,92,101,106,92,
580.000000,265.000000,0.126379,339965696.000000,0.930136,0,1
104,105,101,89,81,74,67,64,
551.000000,266.000000,0.127123,245700864.000000,0.831356,0,1
67,70,72,79,86,94,106,101,
541.000000,267.000000,0.127998,217226064.000000,0.804523,0,1
67,67,70,77,83,86,99,101,
465.000000,285.000000,0.143513,12088157.000000,0.354270,0,1
116,99,117,86,104,115,81,81,
472.000000,285.000000,0.143092,7243611.000000,0.363624,0,1
74,85,73,114,92,74,115,113,
622.000000,166.000000,0.050466,107573800.000000,0.186535,0,1
31,19,49,14,28,58,19,43,
503.000000,150.000000,0.065246,57816672.000000,0.139335,0,1
17,14,48,13,19,58,13,15,
385.000000,186.000000,0.072456,5349319.000000,0.059766,0,1
49,58,32,33,50,30,56,50,
532.000000,36.000000,0.008135,1515305.625000,0.056687,0,1
92,89,90,88,88,88,87,88,
568.000000,40.000000,0.006313,1093802.125000,0.050865,0,1
89,88,88,87,88,88,86,85,
475.000000,60.000000,0.013300,11915905.000000,0.093033,0,1
70,71,63,71,66,59,69,67,
481.000000,60.000000,0.015694,70072336.000000,0.114161,0,1
62,56,69,52,61,64,52,56,
454.000000,62.000000,0.014573,3032829.750000,0.090673,0,1
72,69,72,71,71,67,66,66,
471.000000,62.000000,0.012869,11242307.000000,0.087607,0,1
71,68,67,68,62,66,62,56,
488.000000,62.000000,0.015303,37928216.000000,0.114957,0,1
68,62,70,62,64,69,58,63,
457.000000,66.000000,0.015137,52357300.000000,0.095053,0,1
66,59,67,54,63,63,51,57,
469.000000,68.000000,0.013450,38156092.000000,0.089564,0,1
65,57,64,52,56,63,49,52,
485.000000,68.000000,0.014272,38043820.000000,0.104020,0,1
52,47,52,46,52,59,51,55,
451.000000,70.000000,0.015198,40604904.000000,0.091329,0,1
50,63,50,66,54,51,62,56,
441.000000,71.000000,0.015170,20407750.000000,0.085667,0,1
61,67,58,65,62,60,64,62,
477.000000,74.000000,0.016010,60476576.000000,0.110990,0,1
42,52,44,54,47,44,52,44,
487.000000,74.000000,0.015716,10734460.000000,0.115036,0,1
51,47,48,49,54,58,58,59,
489.000000,74.000000,0.016119,17383364.000000,0.119418,0,1
58,48,54,54,58,62,61,62,
443.000000,76.000000,0.014276,24327792.000000,0.080399,0,1
53,62,55,64,62,60,62,59,
452.000000,76.000000,0.014570,33862244.000000,0.086715,0,1
49,53,44,59,53,47,57,57,
460.000000,79.000000,0.015762,63282460.000000,0.098078,0,1
53,48,49,38,49,46,39,42,
528.000000,79.000000,0.056932,69248736.000000,0.585480,0,1
63,61,59,54,45,41,32,28,
463.000000,81.000000,0.016099,64994216.000000,0.101657,0,1
40,49,37,48,45,36,47,45,
482.000000,82.000000,0.015660,39657840.000000,0.109965,0,1
54,50,52,41,48,49,48,44,
517.000000,82.000000,0.055856,82708944.000000,0.538314,0,1
63,62,58,61,50,38,44,30,
490.000000,83.000000,0.016418,22849302.000000,0.120617,0,1
54,50,55,45,53,56,54,56,
535.000000,83.000000,0.057609,158379920.000000,0.612521,0,1
18,22,23,38,38,50,59,62,
604.000000,83.000000,0.012100,177734592.000000,0.109755,0,1
36,49,60,36,41,53,25,43,
446.000000,85.000000,0.014416,22417992.000000,0.081044,0,1
44,52,45,51,49,52,50,50,
190.000000,86.000000,0.036069,12316180.000000,0.207829,0,1
70,68,72,69,67,71,63,59,
439.000000,86.000000,0.013729,12765536.000000,0.073530,0,1
56,59,53,62,57,52,61,60,
469.000000,86.000000,0.015506,59696780.000000,0.100316,0,1
46,37,45,35,42,49,37,39,
449.000000,87.000000,0.013860,29158098.000000,0.078928,0,1
50,48,50,46,50,47,40,39,
500.000000,88.000000,0.016368,28760560.000000,0.126078,0,1
53,54,59,53,56,60,52,57,
456.000000,89.000000,0.014018,32093310.000000,0.083069,0,1
42,45,37,50,42,40,44,42,
529.000000,90.000000,0.056804,930168064.000000,0.579228,0,1
39,26,52,36,37,61,32,39,
197.000000,91.000000,0.036583,17682052.000000,0.188140,0,1
60,54,60,59,57,59,53,59,
490.000000,91.000000,0.016735,25413040.000000,0.121591,0,1
40,36,42,39,45,49,45,48,
110.000000,92.000000,0.033186,27778528.000000,0.139498,0,1
71,72,69,72,71,65,72,70,
439.000000,93.000000,0.016439,8951506.000000,0.087354,0,1
60,59,60,53,57,56,50,49,
484.000000,93.000000,0.015635,32049790.000000,0.109141,0,1
52,49,50,49,59,51,59,57,
168.000000,94.000000,0.036511,18713678.000000,0.110492,0,1
68,64,61,61,58,57,56,54,
426.000000,94.000000,0.006465,3172750.750000,0.048745,0,1
62,60,60,58,59,61,54,55,
440.000000,94.000000,0.016394,10447521.000000,0.087491,0,1
60,57,56,50,52,52,49,51,
156.000000,95.000000,0.039558,24532380.000000,0.235763,0,1
70,63,68,56,62,67,53,53,
468.000000,95.000000,0.015459,49375872.000000,0.097898,0,1
38,40,38,38,46,42,41,55,
114.000000,97.000000,0.034469,72874640.000000,0.140985,0,1
57,61,50,65,56,54,61,54,
174.000000,98.000000,0.041012,29773528.000000,0.227785,0,1
52,52,53,48,48,61,52,45,
151.000000,99.000000,0.040204,23438814.000000,0.134663,0,1
67,64,66,61,60,60,56,51,
166.000000,99.000000,0.037445,14351505.000000,0.112897,0,1
58,57,52,63,56,50,63,56,
187.000000,99.000000,0.039995,14558248.000000,0.204529,0,1
61,63,54,55,55,48,48,46,
447.000000,99.000000,0.014190,19280478.000000,0.078007,0,1
48,48,48,54,47,43,51,52,
471.000000,99.000000,0.014800,94678616.000000,0.094659,0,1
47,53,43,56,48,38,55,51,
181.000000,100.000000,0.006099,76518448.000000,0.032077,0,1
42,35,49,30,35,45,26,33,
142.000000,101.000000,0.034540,19720876.000000,0.136843,0,1
59,55,61,52,52,57,50,53,
488.000000,101.000000,0.015570,47847392.000000,0.109971,0,1
37,45,51,45,56,57,52,56,
197.000000,102.000000,0.040725,32554022.000000,0.187983,0,1
59,54,63,47,55,58,47,58,
122.000000,103.000000,0.033176,11720455.000000,0.138741,0,1
62,56,57,52,55,55,51,48,
370.000000,103.000000,0.008387,2774466.000000,0.024948,0,1
61,61,61,60,58,60,55,52,
439.000000,103.000000,0.011787,10638094.000000,0.060597,0,1
51,46,48,45,41,40,38,28,
449.000000,103.000000,0.006209,19352388.000000,0.035170,0,1
50,49,44,39,37,36,32,28,
486.000000,103.000000,0.015702,134042264.000000,0.109396,0,1
45,40,52,47,45,56,37,49,
196.000000,104.000000,0.041043,28618042.000000,0.189254,0,1
51,44,49,50,56,56,55,56,
442.000000,104.000000,0.010903,29006668.000000,0.056944,0,1
53,40,44,31,33,37,26,25,
472.000000,104.000000,0.014927,45973996.000000,0.095397,0,1
47,43,32,28,37,30,27,26,
124.000000,105.000000,0.030936,27253294.000000,0.140267,0,1
55,50,59,48,52,59,47,47,
151.000000,105.000000,0.038555,58674876.000000,0.233738,0,1
51,59,42,65,54,41,63,61,
540.000000,105.000000,0.010814,174467232.000000,0.099200,0,1
65,64,63,54,40,50,28,27,
111.000000,106.000000,0.036494,52474168.000000,0.148248,0,1
59,63,53,62,58,46,60,57,
152.000000,106.000000,0.039139,65206136.000000,0.233124,0,1
42,54,41,63,47,45,61,58,
208.000000,106.000000,0.038928,24361302.000000,0.168402,0,1
50,47,55,47,51,57,55,60,
207.000000,107.000000,0.039836,22704112.000000,0.170506,0,1
47,47,51,48,55,60,53,57,
113.000000,108.000000,0.037122,28703564.000000,0.151722,0,1
46,53,42,57,48,43,53,49,
133.000000,108.000000,0.044905,17784490.000000,0.142373,0,1
60,59,59,58,56,55,56,51,
165.000000,109.000000,0.038980,11819465.000000,0.141828,0,1
57,59,54,54,53,55,49,44,
171.000000,109.000000,0.037407,19844522.000000,0.085491,0,1
48,57,45,56,51,46,46,44,
498.000000,109.000000,0.006699,65633924.000000,0.048364,0,1
57,49,55,38,44,48,34,31,
569.000000,109.000000,0.012212,984276672.000000,0.129352,0,1
28,22,51,16,26,42,22,28,
49.000000,110.000000,0.011876,244278112.000000,0.046490,0,1
68,58,69,40,54,70,43,51,
367.000000,110.000000,0.004635,24101262.000000,0.012890,0,1
51,51,40,50,38,27,34,28,
384.000000,110.000000,0.010415,16627586.000000,0.034404,0,1
59,56,54,45,46,50,39,33,
411.000000,110.000000,0.009355,7539005.000000,0.027538,0,1
56,56,48,54,49,42,47,35,
59.000000,111.000000,0.011154,45375596.000000,0.042095,0,1
65,65,61,66,62,60,56,52,
403.000000,111.000000,0.009800,27227910.000000,0.037824,0,1
50,37,52,34,41,50,31,33,
422.000000,111.000000,0.008340,27944474.000000,0.037108,0,1
48,41,48,36,39,47,33,32,
504.000000,111.000000,0.005374,46933652.000000,0.039887,0,1
57,52,51,41,41,39,36,31,
49.000000,112.000000,0.011876,395287456.000000,0.046399,0,1
54,43,64,37,51,68,43,51,
383.000000,112.000000,0.012417,12733195.000000,0.040617,0,1
47,37,36,37,35,33,31,30,
389.000000,112.000000,0.011545,9229145.000000,0.039726,0,1
49,44,44,37,40,39,33,30,
410.000000,112.000000,0.008072,5108532.000000,0.024942,0,1
53,50,42,42,39,34,39,28,
503.000000,112.000000,0.005757,58331160.000000,0.042500,0,1
52,41,41,32,36,34,27,25,
577.000000,112.000000,0.012394,211979584.000000,0.097829,0,1
31,45,26,53,47,50,61,64,
101.000000,113.000000,0.035230,81394048.000000,0.118590,0,1
59,60,53,62,52,52,57,49,
167.000000,113.000000,0.041899,40337732.000000,0.125539,0,1
45,42,51,41,51,58,49,55,
190.000000,113.000000,0.033799,25448108.000000,0.191889,0,1
38,42,44,44,55,54,49,53,
428.000000,113.000000,0.007173,38027024.000000,0.033115,0,1
53,44,48,32,39,29,28,24,
357.000000,114.000000,0.007539,7320432.500000,0.018764,0,1
59,55,53,51,45,50,40,33,
212.000000,115.000000,0.039654,14506139.000000,0.170900,0,1
55,51,53,43,51,48,47,44,
104.000000,116.000000,0.034807,47636844.000000,0.114938,0,1
52,47,51,46,51,56,46,47,
122.000000,116.000000,0.035724,54523944.000000,0.143463,0,1
39,39,47,37,48,47,41,42,
145.000000,116.000000,0.040360,29561296.000000,0.134930,0,1
55,48,57,45,49,56,41,41,
361.000000,116.000000,0.006599,13204054.000000,0.016941,0,1
56,46,53,36,43,36,32,27,
157.000000,119.000000,0.042361,27985400.000000,0.263721,0,1
54,55,49,45,48,41,42,38,
206.000000,119.000000,0.039509,22418182.000000,0.181804,0,1
56,54,50,49,47,47,45,37,
332.000000,119.000000,0.007116,10227836.000000,0.012805,0,1
59,59,58,55,53,55,28,23,
336.000000,119.000000,0.006364,14331480.000000,0.012041,0,1
59,58,48,55,46,30,30,23,
520.000000,119.000000,0.010513,257555808.000000,0.085851,0,1
26,32,46,57,46,56,61,63,
596.000000,119.000000,0.013721,72185832.000000,0.117837,0,1
64,64,64,63,62,63,48,26,
105.000000,120.000000,0.034721,28869294.000000,0.113457,0,1
53,43,52,41,44,49,37,39,
336.000000,120.000000,0.007395,10333526.000000,0.013939,0,1
57,51,33,42,29,25,24,23,
408.000000,120.000000,0.009363,2494447.500000,0.017838,0,1
31,35,25,25,28,22,26,25,
184.000000,121.000000,0.039778,29085606.000000,0.191086,0,1
38,38,46,32,52,48,46,50,
319.000000,121.000000,0.008102,3940111.250000,0.014928,0,1
58,51,55,46,44,45,37,31,
310.000000,122.000000,0.008206,5020458.500000,0.016634,0,1
56,46,52,45,42,47,31,30,
325.000000,122.000000,0.007213,5620096.500000,0.012380,0,1
54,49,52,38,41,48,32,31,
576.000000,122.000000,0.012416,173942032.000000,0.097004,0,1
63,58,55,48,36,21,41,29,
166.000000,123.000000,0.030228,18299686.000000,0.162147,0,1
58,54,57,40,50,49,35,31,
199.000000,123.000000,0.036828,12208490.000000,0.167884,0,1
51,49,46,41,41,37,31,32,
202.000000,123.000000,0.038650,14694013.000000,0.173362,0,1
45,40,50,38,43,36,31,31,
96.000000,125.000000,0.031886,41387840.000000,0.107265,0,1
60,52,51,39,40,38,33,42,
231.000000,125.000000,0.019428,7287464.000000,0.112211,0,1
56,52,54,53,50,55,37,26,
141.000000,126.000000,0.033779,6143191.500000,0.120352,0,1
31,29,29,34,35,36,36,40,
223.000000,126.000000,0.023289,10704434.000000,0.095579,0,1
58,55,57,45,45,44,27,22,
234.000000,126.000000,0.018834,7488338.500000,0.073002,0,1
57,55,53,38,39,38,26,22,
261.000000,126.000000,0.020046,8227041.000000,0.065161,0,1
57,56,55,43,43,43,28,21,
270.000000,126.000000,0.019837,8859638.000000,0.059198,0,1
58,55,56,42,42,41,26,21,
113.000000,127.000000,0.034642,7085029.000000,0.143211,0,1
27,32,29,38,39,37,42,41,
157.000000,127.000000,0.037915,11174786.000000,0.220420,0,1
29,38,38,45,48,40,53,53,
82.000000,128.000000,0.036627,3945190.250000,0.132005,0,1
35,44,42,53,50,45,55,55,
252.000000,128.000000,0.020285,4791256.000000,0.079597,0,1
44,29,29,22,22,22,20,23,
258.000000,128.000000,0.020597,4446788.000000,0.074302,0,1
43,28,28,22,22,21,21,24,
91.000000,129.000000,0.039813,18944278.000000,0.139004,0,1
41,44,40,49,47,39,51,48,
528.000000,129.000000,0.056921,261925600.000000,6.228018,0,1
32,40,25,32,33,23,39,32,
541.000000,129.000000,0.010996,608592640.000000,0.099773,0,1
22,16,50,15,21,39,15,20,
205.000000,131.000000,0.036327,10774521.000000,0.157701,0,1
39,39,43,37,46,49,42,40,
289.000000,132.000000,0.014779,18428386.000000,0.038217,0,1
48,51,40,53,39,35,46,33,
168.000000,133.000000,0.041699,49045508.000000,0.219781,0,1
52,36,51,41,46,46,38,32,
119.000000,135.000000,0.034815,85338192.000000,0.134410,0,1
31,28,40,31,35,39,28,27,
134.000000,135.000000,0.039968,5237849.500000,0.131467,0,1
45,44,42,41,40,36,33,26,
144.000000,135.000000,0.039353,35858216.000000,0.133307,0,1
50,41,49,39,44,47,35,29,
163.000000,135.000000,0.037003,20239878.000000,0.212553,0,1
39,49,40,50,47,40,38,22,
181.000000,135.000000,0.039939,27157362.000000,0.199383,0,1
44,35,48,31,42,43,29,18,
173.000000,136.000000,0.039704,12864387.000000,0.206980,0,1
48,45,34,33,31,27,19,18,
96.000000,137.000000,0.035648,18107090.000000,0.119783,0,1
38,43,36,39,36,30,26,20,
104.000000,137.000000,0.043823,7491674.500000,0.144554,0,1
37,37,34,31,32,29,25,22,
599.000000,137.000000,0.021113,149676768.000000,2.623080,0,1
55,60,52,63,54,46,57,50,
87.000000,139.000000,0.022394,114618560.000000,0.075904,0,1
40,39,29,41,28,20,36,31,
207.000000,142.000000,0.020166,52956840.000000,0.091381,0,1
36,26,37,19,40,44,28,35,
591.000000,143.000000,0.021012,107692144.000000,0.178077,0,1
58,56,54,52,52,41,43,22,
108.000000,144.000000,0.015922,4016274.500000,0.048048,0,1
19,21,18,20,22,20,25,29,
236.000000,145.000000,0.016230,16306768.000000,0.065086,0,1
21,15,28,14,20,30,14,18,
289.000000,145.000000,0.016502,19132902.000000,0.041783,0,1
33,44,25,45,34,23,44,34,
87.000000,146.000000,0.022711,113214320.000000,0.076829,0,1
32,38,25,44,32,21,39,33,
240.000000,148.000000,0.019904,8296741.000000,0.071435,0,1
26,30,22,31,27,19,30,27,
88.000000,149.000000,0.023395,71449312.000000,0.078868,0,1
25,33,22,39,27,20,35,27,
153.000000,149.000000,0.031464,49312352.000000,0.074405,0,1
30,41,23,46,33,20,42,30,
207.000000,151.000000,0.020363,74580472.000000,0.088517,0,1
28,24,36,21,36,44,23,33,
145.000000,152.000000,0.021461,99689176.000000,0.072937,0,1
26,20,32,18,25,39,21,23,
606.000000,155.000000,0.013112,139592352.000000,0.080307,0,1
39,39,29,21,36,20,25,21,
536.000000,157.000000,0.020015,20910182.000000,0.090357,0,1
11,12,14,23,21,24,42,50,
560.000000,157.000000,0.012441,23101354.000000,0.089178,0,1
13,14,19,23,24,23,39,45,
154.000000,158.000000,0.023602,65293944.000000,0.074722,0,1
26,35,19,38,26,19,28,21,
284.000000,158.000000,0.017054,14834456.000000,0.044285,0,1
31,23,39,19,31,42,22,29,
146.000000,161.000000,0.017700,47478704.000000,0.068883,0,1
31,21,37,17,31,40,20,27,
207.000000,161.000000,0.017201,36152340.000000,0.083473,0,1
25,19,36,17,29,43,20,26,
153.000000,162.000000,0.024539,23516980.000000,0.082229,0,1
24,29,21,35,28,19,35,33,
239.000000,162.000000,0.018277,7033578.500000,0.066955,0,1
30,28,31,20,27,24,19,17,
534.000000,163.000000,0.054223,91950912.000000,0.539152,0,1
31,30,38,20,29,29,16,16,
189.000000,166.000000,0.043645,8656220.000000,0.202419,0,1
19,21,22,25,29,32,33,40,
79.000000,167.000000,0.019708,70480336.000000,0.068639,0,1
23,20,29,19,24,36,22,28,
167.000000,167.000000,0.043368,30169654.000000,0.226043,0,1
19,24,25,26,31,37,33,38,
173.000000,167.000000,0.039210,46080300.000000,0.203356,0,1
20,28,24,40,36,26,48,44,
181.000000,167.000000,0.039972,20553112.000000,0.196099,0,1
23,26,30,25,34,41,30,39,
407.000000,167.000000,0.059441,6561704.500000,15.141467,0,1
23,23,23,25,25,26,35,43,
415.000000,167.000000,0.058095,7876853.000000,14.196970,0,1
22,23,23,26,28,28,39,46,
423.000000,167.000000,0.054171,12708775.000000,12.865932,0,1
20,23,21,31,32,33,42,47,
425.000000,167.000000,0.054724,17177336.000000,0.272856,0,1
18,21,22,32,33,35,43,48,
506.000000,167.000000,0.066071,129546864.000000,0.585488,0,1
16,15,27,21,21,29,28,24,
412.000000,168.000000,0.054214,9280271.000000,0.243237,0,1
23,27,26,38,39,39,45,53,
103.000000,169.000000,0.038038,19336554.000000,0.124273,0,1
20,23,21,28,26,23,37,39,
118.000000,169.000000,0.037065,16107537.000000,0.136939,0,1
20,23,21,31,31,23,34,34,
145.000000,169.000000,0.038306,14748520.000000,0.127547,0,1
23,26,28,31,30,29,39,34,
384.000000,169.000000,0.054982,7388500.500000,0.192196,0,1
23,23,25,31,33,34,44,43,
78.000000,170.000000,0.034424,9875741.000000,0.124665,0,1
22,25,28,32,33,37,41,46,
89.000000,170.000000,0.046980,29727994.000000,0.167316,0,1
23,26,24,32,28,26,35,37,
138.000000,170.000000,0.039813,6017945.000000,0.136012,0,1
25,38,27,34,34,26,29,25,
362.000000,170.000000,0.059021,6552455.000000,0.165305,0,1
17,17,19,17,22,27,19,17,
419.000000,170.000000,0.049309,9146515.000000,0.230995,0,1
38,45,45,55,55,57,65,69,
121.000000,171.000000,0.032369,65714728.000000,0.128626,0,1
27,25,33,26,30,41,26,29,
176.000000,171.000000,0.040100,64352868.000000,0.201360,0,1
25,37,24,46,30,26,40,35,
290.000000,171.000000,0.019538,7192533.500000,0.029444,0,1
27,39,18,36,26,13,25,18,
455.000000,172.000000,0.050196,80787408.000000,0.307359,0,1
73,66,74,59,70,75,62,49,
504.000000,172.000000,0.072575,22448692.000000,6.322745,0,1
44,45,42,34,32,30,21,15,
543.000000,172.000000,0.057753,94205896.000000,0.426755,0,1
27,22,37,21,22,44,21,22,
544.000000,172.000000,0.056866,45044920.000000,0.285536,0,1
31,27,40,21,39,47,21,24,
187.000000,173.000000,0.053813,11080007.000000,0.249517,0,1
34,31,33,24,28,31,16,14,
399.000000,173.000000,0.070960,2100874.500000,0.205318,0,1
57,62,64,55,55,57,47,46,
464.000000,173.000000,0.074708,37585012.000000,0.526788,0,1
75,72,70,59,55,53,42,29,
108.000000,174.000000,0.038242,48296264.000000,0.147906,0,1
29,38,27,40,32,25,32,25,
216.000000,174.000000,0.027574,11175330.000000,0.115450,0,1
20,28,17,37,20,18,27,19,
403.000000,174.000000,0.066414,50625376.000000,0.288154,0,1
65,58,67,47,57,69,49,59,
439.000000,174.000000,0.074788,29440810.000000,0.443679,0,1
71,70,70,62,60,58,48,40,
442.000000,174.000000,0.074872,29698108.000000,0.454069,0,1
70,70,69,59,58,57,44,35,
427.000000,175.000000,0.077317,20657886.000000,0.423126,0,1
71,69,68,58,58,56,46,35,
104.000000,176.000000,0.036941,10016123.000000,0.120435,0,1
37,29,34,30,26,26,26,25,
375.000000,176.000000,0.068783,21951144.000000,0.231439,0,1
33,42,46,28,37,36,25,21,
445.000000,176.000000,0.073988,25037084.000000,9.874273,0,1
57,44,43,34,32,30,19,20,
450.000000,176.000000,0.073929,28927422.000000,0.473479,0,1
54,43,42,29,27,25,19,19,
464.000000,176.000000,0.072967,26645410.000000,0.512087,0,1
41,30,27,17,17,16,18,18,
71.000000,177.000000,0.052790,8261126.500000,0.206067,0,1
47,45,43,43,42,32,34,25,
287.000000,177.000000,0.048777,1441504.125000,0.076733,0,1
19,21,18,26,25,17,35,29,
415.000000,177.000000,0.076800,33618500.000000,0.382279,0,1
64,54,54,47,46,44,31,22,
288.000000,178.000000,0.053276,1633966.750000,0.080290,0,1
18,25,17,35,22,16,29,18,
345.000000,178.000000,0.054140,19020518.000000,0.123977,0,1
13,12,19,15,24,37,19,17,
405.000000,178.000000,0.077200,30866012.000000,13.957359,0,1
60,50,50,43,41,40,26,24,
389.000000,179.000000,0.078393,29683648.000000,18.256060,0,1
48,41,51,28,40,41,26,25,
392.000000,179.000000,0.077500,32278248.000000,17.774361,0,1
49,50,49,42,39,35,24,21,
151.000000,183.000000,0.061723,1079075.625000,0.339382,0,1
20,21,18,24,23,16,29,30,
311.000000,185.000000,0.055336,1457733.500000,0.117404,0,1
18,22,22,20,19,19,12,11,
221.000000,187.000000,0.040772,8620662.000000,0.171420,0,1
13,13,11,19,18,18,23,25,
330.000000,189.000000,0.055877,9667342.000000,0.112252,0,1
17,9,23,7,15,24,9,15,
290.000000,190.000000,0.049102,3774376.500000,0.117924,0,1
17,21,20,31,31,21,34,30,
81.000000,191.000000,0.019419,6508387.000000,0.068273,0,1
23,20,29,18,26,34,21,26,
261.000000,191.000000,0.058440,8395645.000000,0.173060,0,1
19,17,27,15,21,30,14,19,
264.000000,191.000000,0.058010,10502117.000000,695.979126,0,1
21,29,18,27,25,14,31,26,
296.000000,191.000000,0.044219,6920250.000000,0.102090,0,1
18,21,14,21,17,11,18,12,
264.000000,192.000000,0.058326,12295408.000000,696.306824,0,1
25,30,17,28,25,12,31,27,
261.000000,193.000000,0.058971,11637786.000000,0.175558,0,1
21,14,28,13,19,31,15,22,
294.000000,193.000000,0.053434,5276445.000000,0.124267,0,1
21,24,18,27,20,12,22,15,
216.000000,194.000000,0.027026,7482643.500000,0.113154,0,1
20,21,18,31,24,16,33,22,
287.000000,194.000000,0.053093,4775527.000000,0.131162,0,1
28,22,30,15,15,20,14,14,
330.000000,195.000000,0.056196,8259007.000000,0.118211,0,1
14,9,21,8,13,24,8,13,
298.000000,197.000000,0.058488,2919443.500000,0.133669,0,1
14,14,21,13,23,24,18,25,
178.000000,198.000000,0.058724,63101236.000000,0.290376,0,1
19,13,24,13,18,30,17,22,
293.000000,200.000000,0.056215,2955066.000000,0.136343,0,1
23,19,21,15,15,12,12,10,
310.000000,200.000000,0.051892,1683646.250000,0.114195,0,1
10,14,9,18,14,9,19,14,
87.000000,202.000000,0.063517,104952736.000000,0.245537,0,1
28,23,31,19,26,32,19,26,
265.000000,205.000000,0.058312,12235002.000000,936.809631,0,1
23,31,16,32,24,16,31,23,
281.000000,205.000000,0.055309,2663844.750000,0.207023,0,1
13,15,14,16,15,17,24,19,
331.000000,206.000000,0.055196,11035974.000000,0.127733,0,1
17,11,24,10,18,25,16,25,
346.000000,206.000000,0.054783,28536074.000000,0.147276,0,1
12,16,13,22,20,22,32,41,
353.000000,206.000000,0.054945,33516980.000000,0.158201,0,1
14,17,17,25,27,28,36,40,
362.000000,206.000000,0.055871,20155968.000000,24.205259,0,1
16,21,21,30,31,30,36,38,
296.000000,207.000000,0.057429,7063332.500000,0.138504,0,1
24,21,22,13,17,16,12,14,
338.000000,207.000000,0.054790,39325276.000000,0.136965,0,1
13,15,16,23,25,27,38,46,
369.000000,207.000000,0.058840,7159524.000000,22.299360,0,1
24,25,25,32,31,29,36,37,
567.000000,207.000000,0.054257,11454772.000000,0.452727,0,1
10,11,12,17,16,18,21,21,
87.000000,208.000000,0.063633,121411256.000000,0.248364,0,1
25,20,29,19,24,33,20,23,
290.000000,208.000000,0.056531,4842905.500000,0.149575,0,1
23,19,14,24,17,12,24,21,
339.000000,208.000000,0.055079,41777292.000000,33.614700,0,1
16,25,27,38,40,41,46,43,
344.000000,208.000000,0.055082,29627918.000000,31.009068,0,1
22,30,32,41,41,41,47,49,
580.000000,209.000000,0.051440,13303659.000000,0.452610,0,1
23,21,19,15,14,16,10,11,
265.000000,210.000000,0.058086,9784414.000000,940.448120,0,1
23,30,17,30,25,15,29,19,
314.000000,210.000000,0.056510,50761788.000000,54.653999,0,1
17,22,22,39,39,38,51,55,
320.000000,210.000000,0.056966,39251636.000000,0.123061,0,1
21,25,25,38,38,36,51,56,
568.000000,210.000000,0.052636,6952699.500000,0.439980,0,1
21,21,21,16,14,16,12,16,
88.000000,211.000000,0.064020,125850944.000000,0.250422,0,1
29,23,33,19,29,33,22,30,
304.000000,211.000000,0.056929,99917536.000000,0.132411,0,1
21,33,33,61,53,48,78,83,
285.000000,212.000000,0.056954,66076436.000000,0.159044,0,1
16,20,21,32,34,40,53,57,
276.000000,213.000000,0.057918,59341740.000000,0.165056,0,1
17,23,23,44,45,46,54,56,
255.000000,214.000000,0.057854,53771000.000000,218.967148,0,1
17,24,21,33,35,34,51,56,
256.000000,214.000000,0.057925,61689844.000000,236.782669,0,1
15,22,20,34,34,35,52,56,
333.000000,214.000000,0.061829,23825174.000000,37.416317,0,1
32,41,37,52,48,39,58,60,
385.000000,214.000000,0.070281,60711912.000000,0.290789,0,1
46,30,39,22,36,31,22,22,
519.000000,214.000000,0.071143,35933680.000000,6.856515,0,1
17,18,17,18,19,20,29,31,
534.000000,214.000000,0.071049,18997154.000000,6.263821,0,1
14,14,14,20,23,23,26,33,
543.000000,214.000000,0.071158,61502036.000000,5.991080,0,1
19,18,18,19,22,19,35,39,
546.000000,214.000000,0.070487,51818972.000000,0.558674,0,1
15,14,15,22,20,23,41,41,
132.000000,215.000000,0.066998,10234766.000000,25.853926,0,1
16,17,16,21,19,21,26,25,
183.000000,215.000000,0.062405,32538276.000000,0.303208,0,1
25,29,20,33,28,17,32,27,
184.000000,215.000000,0.062223,38167260.000000,0.302199,0,1
23,26,19,32,19,17,28,22,
217.000000,215.000000,0.060259,16373151.000000,0.256058,0,1
15,16,16,22,21,22,29,31,
231.000000,215.000000,0.059971,29916274.000000,80.220055,0,1
17,19,20,24,25,26,34,48,
521.000000,215.000000,0.071398,27830130.000000,6.788513,0,1
17,20,19,31,32,30,32,39,
157.000000,216.000000,0.055242,4032097.250000,0.316511,0,1
23,26,24,24,19,18,22,19,
235.000000,216.000000,0.059628,59189428.000000,89.558441,0,1
19,27,27,43,46,47,53,55,
240.000000,216.000000,0.059505,52141740.000000,104.473900,0,1
20,30,34,48,49,51,54,56,
248.000000,216.000000,0.059400,35348160.000000,0.204696,0,1
28,42,45,52,53,54,56,59,
335.000000,216.000000,0.063562,14457251.000000,36.211815,0,1
39,53,42,60,55,50,59,60,
338.000000,216.000000,0.064352,16891226.000000,34.526321,0,1
35,41,37,51,48,41,55,57,
222.000000,217.000000,0.060378,83123736.000000,0.247853,0,1
23,27,28,36,41,42,59,69,
224.000000,217.000000,0.060277,83397632.000000,0.243078,0,1
23,28,29,41,42,44,60,57,
344.000000,217.000000,0.066867,18633400.000000,31.506493,0,1
35,37,37,45,44,42,51,51,
483.000000,217.000000,0.073052,50394140.000000,8.681072,0,1
20,21,22,26,27,29,37,40,
536.000000,217.000000,0.072265,32734126.000000,6.217001,0,1
28,33,33,38,39,39,55,48,
546.000000,217.000000,0.071103,12090725.000000,5.849360,0,1
43,41,42,43,39,40,59,53,
193.000000,218.000000,0.060797,47891600.000000,0.291202,0,1
19,26,27,36,38,37,49,51,
212.000000,218.000000,0.061372,33702056.000000,0.267714,0,1
31,29,29,37,39,40,49,55,
375.000000,218.000000,0.068944,20559182.000000,0.266173,0,1
27,37,26,49,42,29,54,55,
376.000000,218.000000,0.069927,44063152.000000,0.272993,0,1
24,31,23,49,32,30,49,53,
522.000000,218.000000,0.073081,101666664.000000,6.744005,0,1
31,39,38,45,46,46,59,49,
528.000000,218.000000,0.072822,43584620.000000,6.501322,0,1
34,38,39,48,49,52,56,50,
176.000000,219.000000,0.061344,68137584.000000,0.321877,0,1
16,24,25,35,36,37,49,53,
201.000000,219.000000,0.061567,17111854.000000,0.287052,0,1
32,35,38,42,44,47,51,55,
61.000000,220.000000,0.067313,9099753.000000,0.295547,0,1
19,20,18,22,22,22,29,25,
162.000000,220.000000,0.061508,50525644.000000,0.353274,0,1
17,24,25,35,37,40,53,53,
139.000000,221.000000,0.063241,49954912.000000,0.228096,0,1
19,21,22,31,32,34,43,53,
147.000000,221.000000,0.062639,59614096.000000,0.378001,0,1
18,24,26,36,39,41,50,54,
437.000000,221.000000,0.076811,47112068.000000,12.119337,0,1
20,23,23,30,33,34,36,40,
423.000000,222.000000,0.077254,40786872.000000,13.529075,0,1
21,23,23,34,35,34,38,41,
458.000000,222.000000,0.076937,62126344.000000,10.315433,0,1
35,37,38,43,44,46,53,59,
473.000000,222.000000,0.075279,75396656.000000,9.269417,0,1
39,43,45,51,53,55,55,52,
95.000000,223.000000,0.066791,44247444.000000,0.262282,0,1
20,21,20,24,22,23,29,42,
102.000000,223.000000,0.065552,37194596.000000,0.263252,0,1
20,21,21,25,26,27,36,46,
120.000000,223.000000,0.063908,52327488.000000,0.246253,0,1
21,27,29,38,39,41,53,53,
318.000000,223.000000,0.071930,37645256.000000,0.181044,0,1
64,78,65,92,86,66,99,101,
397.000000,223.000000,0.079609,41880616.000000,0.383892,0,1
22,22,23,23,23,23,31,42,
403.000000,223.000000,0.078732,51108816.000000,0.395497,0,1
22,22,23,24,23,24,36,42,
409.000000,223.000000,0.077905,68635408.000000,15.324817,0,1
22,24,22,27,29,32,38,43,
445.000000,223.000000,0.077127,52956488.000000,11.375279,0,1
34,36,38,42,44,45,52,59,
450.000000,223.000000,0.077225,67972208.000000,10.944876,0,1
37,40,41,46,47,49,55,56,
101.000000,224.000000,0.064998,50318184.000000,0.266965,0,1
21,25,26,34,36,36,47,53,
131.000000,224.000000,0.062567,69666136.000000,0.233250,0,1
37,51,56,60,66,62,71,64,
268.000000,224.000000,0.071239,8232692.500000,37231.925781,0,1
55,54,55,60,61,63,65,67,
402.000000,224.000000,0.078774,60532568.000000,16.305340,0,1
22,24,23,34,36,37,40,44,
446.000000,224.000000,0.077141,84874368.000000,11.280545,0,1
38,44,45,52,53,55,59,52,
448.000000,224.000000,0.076950,84254552.000000,11.108021,0,1
39,45,46,53,55,57,57,51,
92.000000,225.000000,0.065380,46070720.000000,0.259722,0,1
28,29,28,36,38,40,51,53,
428.000000,225.000000,0.078614,79054400.000000,12.998928,0,1
37,41,42,48,48,50,57,54,
432.000000,225.000000,0.078334,84168440.000000,12.578164,0,1
39,43,44,50,51,53,60,53,
254.000000,226.000000,0.071103,7445408.000000,204.174789,0,1
56,57,57,60,62,63,65,65,
415.000000,226.000000,0.079353,74072232.000000,14.494855,0,1
40,44,45,48,49,50,61,54,
416.000000,226.000000,0.079298,70280032.000000,14.369799,0,1
41,44,45,49,50,50,61,54,
318.000000,227.000000,0.076140,25184768.000000,0.201571,0,1
101,85,102,68,85,100,75,75,
321.000000,228.000000,0.078668,80715376.000000,0.216462,0,1
94,100,95,86,89,83,73,67,
299.000000,229.000000,0.078514,42399204.000000,84.400139,0,1
64,64,64,65,68,71,81,72,
304.000000,229.000000,0.078604,43324600.000000,0.194832,0,1
64,64,65,73,78,81,78,68,
383.000000,229.000000,0.081002,87804472.000000,19.588242,0,1
57,57,59,62,64,67,71,59,
35.000000,230.000000,0.067041,108153344.000000,0.321581,0,1
28,39,40,60,57,53,60,55,
288.000000,230.000000,0.079695,52313444.000000,133.069016,0,1
65,66,66,71,73,76,79,74,
282.000000,231.000000,0.078945,25733026.000000,191.921738,0,1
65,66,65,70,74,76,77,69,
369.000000,231.000000,0.080745,115771248.000000,0.327820,0,1
59,61,65,60,74,84,62,62,
282.000000,233.000000,0.079713,22123760.000000,0.231150,0,1
74,77,78,68,69,69,65,66,
248.000000,234.000000,0.080759,23084240.000000,144.247986,0,1
65,64,64,68,69,70,75,65,
550.000000,234.000000,0.091287,200555920.000000,0.795436,0,1
54,58,59,68,74,79,83,66,
375.000000,235.000000,0.088672,27797174.000000,0.393378,0,1
90,82,89,62,74,88,60,61,
533.000000,235.000000,0.093383,297330912.000000,0.754976,0,1
56,56,57,65,69,72,86,76,
236.000000,237.000000,0.084529,18739870.000000,91.805115,0,1
70,68,71,64,64,64,62,62,
536.000000,237.000000,0.094673,228803072.000000,0.781389,0,1
73,85,82,74,69,63,58,53,
196.000000,238.000000,0.081482,11946150.000000,43.548653,0,1
64,64,63,67,66,67,73,70,
201.000000,238.000000,0.083091,29365968.000000,46.448345,0,1
65,66,66,69,71,72,76,68,
224.000000,238.000000,0.083801,14676728.000000,68.154869,0,1
68,74,70,64,62,62,62,60,
524.000000,238.000000,0.095174,360574816.000000,0.742438,0,1
74,79,86,71,64,64,52,53,
103.000000,239.000000,0.087550,18772198.000000,0.366348,0,1
63,65,72,66,77,90,81,88,
187.000000,239.000000,0.083121,17870944.000000,39.268379,0,1
61,62,63,67,67,69,76,68,
487.000000,239.000000,0.096680,362862304.000000,0.908589,0,1
58,58,56,59,60,64,86,85,
490.000000,239.000000,0.096697,553207296.000000,0.924113,0,1
61,59,60,62,68,75,94,73,
202.000000,240.000000,0.084551,26885970.000000,47.204277,0,1
72,77,76,69,68,66,65,64,
383.000000,240.000000,0.095022,53974116.000000,0.465668,0,1
94,78,90,61,69,81,58,60,
502.000000,240.000000,0.096933,482968032.000000,0.991615,0,1
75,88,86,71,68,66,60,57,
505.000000,240.000000,0.096849,439953632.000000,1.006615,0,1
81,83,80,68,63,62,58,55,
512.000000,240.000000,0.096218,134723376.000000,0.710596,0,1
88,73,69,59,58,57,57,57,
186.000000,241.000000,0.087181,20340800.000000,38.872196,0,1
67,73,75,71,69,68,65,63,
172.000000,242.000000,0.085436,50205952.000000,0.478178,0,1
65,73,72,75,72,69,63,63,
389.000000,243.000000,0.093766,35271160.000000,0.482449,0,1
89,81,94,62,80,98,60,59,
448.000000,243.000000,0.099468,458655008.000000,0.759247,0,1
56,54,55,60,62,67,98,77,
472.000000,243.000000,0.098889,502343168.000000,0.866647,0,1
65,89,91,64,64,60,52,49,
158.000000,244.000000,0.090988,4825600.000000,30.188696,0,1
69,68,69,66,65,65,63,60,
445.000000,245.000000,0.100699,619020160.000000,0.761798,0,1
59,89,95,95,88,80,59,54,
127.000000,246.000000,0.090249,29283914.000000,0.357450,0,1
64,78,80,72,71,69,65,63,
136.000000,246.000000,0.088620,25103138.000000,26.118608,0,1
69,73,71,64,64,64,62,63,
437.000000,246.000000,0.101721,586194688.000000,0.737833,0,1
67,95,98,83,76,69,55,54,
87.000000,247.000000,0.091115,22438084.000000,20.401747,0,1
62,63,65,63,66,77,71,81,
407.000000,247.000000,0.102135,276892320.000000,0.617426,0,1
57,60,61,67,67,71,91,95,
409.000000,247.000000,0.102486,498164224.000000,0.628265,0,1
57,61,60,67,71,75,96,79,
423.000000,247.000000,0.102473,334101888.000000,0.476375,0,1
61,84,90,95,89,80,69,64,
112.000000,248.000000,0.090546,39149160.000000,0.380054,0,1
74,77,74,69,67,65,63,61,
314.000000,248.000000,0.098247,6281018.000000,56.125416,0,1
56,58,57,61,57,58,61,64,
398.000000,248.000000,0.102080,39217248.000000,0.584546,0,1
92,85,95,65,79,94,64,62,
424.000000,248.000000,0.102911,650245504.000000,0.696147,0,1
90,89,80,69,60,55,64,64,
465.000000,248.000000,0.104728,11571648.000000,10.319358,0,1
49,51,51,57,55,55,60,60,
70.000000,249.000000,0.090381,27775556.000000,19.066561,0,1
62,61,63,65,66,69,76,70,
73.000000,249.000000,0.090801,34811684.000000,19.302513,0,1
63,63,64,68,70,72,76,67,
106.000000,249.000000,0.092422,19253346.000000,0.398688,0,1
75,74,72,66,65,64,62,61,
57.000000,250.000000,0.090464,22866936.000000,18.191490,0,1
62,61,61,63,64,67,71,72,
54.000000,251.000000,0.090297,29312220.000000,18.430637,0,1
61,62,63,65,69,71,74,65,
33.000000,253.000000,0.091716,26029048.000000,17.219164,0,1
64,63,64,71,71,73,74,65,
409.000000,254.000000,0.108376,68281168.000000,0.694773,0,1
94,94,99,67,90,111,66,65,
27.000000,255.000000,0.095877,16814382.000000,16.823042,0,1
68,78,78,68,67,65,66,66,
437.000000,255.000000,0.110820,4766881.000000,12.695176,0,1
58,59,55,64,60,59,66,66,
274.000000,256.000000,0.106826,5440235.500000,450.447357,0,1
57,58,56,58,58,59,59,62,
420.000000,256.000000,0.110833,60870120.000000,0.771456,0,1
59,72,61,98,84,62,109,105,
442.000000,257.000000,0.110661,6497084.500000,12.256382,0,1
56,61,57,66,64,59,65,66,
268.000000,258.000000,0.106588,15057665.000000,19943.166016,0,1
57,61,60,64,64,63,66,65,
415.000000,258.000000,0.113340,84070272.000000,0.777691,0,1
106,87,108,65,71,97,61,62,
164.000000,260.000000,0.106552,8391379.000000,0.554357,0,1
55,56,55,57,56,54,58,61,
434.000000,263.000000,0.119086,91475464.000000,0.947771,0,1
63,64,62,85,68,61,101,102,
428.000000,265.000000,0.120630,73187456.000000,0.938476,0,1
103,89,107,69,93,107,67,64,
528.000000,269.000000,0.129573,458932512.000000,1.195328,0,1
65,69,72,88,94,95,106,95,
436.000000,270.000000,0.125933,28728418.000000,0.728353,0,1
105,95,107,68,88,102,67,66,
520.000000,270.000000,0.130641,433901312.000000,1.166424,0,1
67,68,71,80,89,97,100,94,
440.000000,271.000000,0.127252,47775744.000000,0.755293,0,1
105,103,102,87,97,102,75,68,
448.000000,271.000000,0.128246,38986680.000000,0.795655,0,1
67,69,67,93,77,68,103,108,
503.000000,271.000000,0.132072,245359776.000000,1.093806,0,1
64,65,64,66,67,69,77,106,
511.000000,271.000000,0.131171,435771424.000000,1.125821,0,1
63,66,68,74,82,91,105,106,
437.000000,272.000000,0.126986,46341952.000000,0.743470,0,1
99,71,87,65,67,75,64,65,
504.000000,272.000000,0.132066,520240320.000000,1.101102,0,1
64,67,69,77,83,92,106,107,
524.000000,272.000000,0.132025,441419136.000000,1.210495,0,1
100,104,101,91,84,79,74,68,
528.000000,272.000000,0.131749,487443936.000000,1.229664,0,1
107,96,94,79,75,73,68,67,
496.000000,273.000000,0.132806,599075200.000000,1.069699,0,1
66,68,69,77,83,88,108,114,
516.000000,273.000000,0.133106,508263296.000000,1.181317,0,1
96,103,101,95,84,78,72,66,
184.000000,274.000000,0.120598,10870770.000000,42.005508,0,1
65,64,63,61,61,61,58,56,
493.000000,274.000000,0.133503,283618400.000000,0.695004,0,1
66,74,77,92,102,108,110,101,
445.000000,275.000000,0.131767,38648696.000000,0.823104,0,1
104,92,110,68,88,109,69,69,
454.000000,275.000000,0.131730,38113440.000000,0.569520,0,1
69,81,69,108,89,70,112,112,
212.000000,276.000000,0.128384,2180224.000000,62.814388,0,1
52,55,54,56,56,54,56,57,
456.000000,276.000000,0.132529,31269370.000000,0.581324,0,1
67,80,67,110,90,70,114,114,
475.000000,276.000000,0.135707,108399848.000000,0.656014,0,1
68,69,69,79,80,77,101,107,
480.000000,276.000000,0.134689,142511360.000000,0.665043,0,1
68,75,81,84,94,103,88,78,
248.000000,280.000000,0.127285,4739377.000000,219.419418,0,1
63,61,60,60,59,59,58,56,
348.000000,280.000000,0.133386,1707560.250000,31.376987,0,1
64,64,64,65,66,65,67,68,
352.000000,280.000000,0.133083,1058495.250000,29.716883,0,1
64,65,64,65,65,66,66,66,
455.000000,280.000000,0.136924,27001578.000000,0.613334,0,1
113,102,114,83,97,113,75,72,
174.000000,274.000000,0.120754,2595634.750000,37.917282,0,1
67,67,67,67,66,64,65,61,
73.000000,227.000000,0.065886,33850660.000000,0.280641,0,1
26,35,37,49,51,54,53,53,
54.000000,227.000000,0.065743,54564180.000000,0.296818,0,1
21,25,25,33,34,35,49,54,
80.000000,226.000000,0.065450,48972884.000000,0.271636,0,1
23,31,32,41,43,44,54,53,
71.000000,226.000000,0.065828,36648600.000000,0.281666,0,1
20,25,26,33,35,36,48,53,
111.000000,223.000000,0.064607,52643732.000000,0.253919,0,1
18,19,20,30,32,34,44,51,
224.000000,187.000000,0.054134,3546255.000000,0.220503,0,1
10,12,13,18,19,19,23,25,
362.000000,177.000000,0.057582,8860567.000000,0.163087,0,1
16,14,21,19,19,25,23,24,
530.000000,100.000000,0.056935,622408448.000000,0.577737,0,1
39,32,48,29,51,65,32,51,
527.000000,167.000000,0.055908,252144192.000000,0.538350,0,1
19,17,34,16,26,32,30,46,
556.000000,102.000000,0.011246,237398080.000000,0.112128,0,1
66,65,58,61,43,29,42,25,
506.000000,152.000000,0.066504,546350592.000000,0.590755,0,1
75,39,59,19,40,23,17,15,
537.000000,146.000000,0.010106,63575996.000000,0.088970,0,1
45,40,44,20,21,33,11,14,
570.000000,145.000000,0.011702,439175808.000000,0.122222,0,1
60,45,52,22,31,41,13,22,
435.000000,112.000000,0.005631,34829872.000000,0.027254,0,1
28,35,22,29,25,21,26,22,
568.000000,113.000000,0.012563,269316448.000000,0.132224,0,1
24,20,28,30,36,56,54,64,
590.000000,134.000000,0.013085,150850928.000000,0.108554,0,1
18,22,22,32,32,44,46,54,
240.000000,126.000000,0.018030,5773463.000000,0.065015,0,1
57,55,55,38,39,48,25,22,
513.000000,124.000000,0.010393,739720064.000000,0.081383,0,1
34,19,59,19,31,62,19,31,
59.000000,227.000000,0.066176,63144780.000000,0.294665,0,1
21,26,27,37,38,41,53,53,
38.000000,222.000000,0.068644,8652182.000000,0.324519,0,1
17,18,18,24,24,25,27,22,
513.000000,119.000000,0.010223,943071296.000000,0.080301,0,1
41,23,60,21,39,63,22,36,
187.000000,135.000000,0.037810,10490006.000000,0.182401,0,1
53,48,53,40,46,46,30,16,
526.000000,87.000000,0.056800,916364992.000000,0.572162,0,1
42,55,34,61,47,28,60,51,
527.000000,95.000000,0.056762,998107136.000000,0.569540,0,1
37,56,31,61,37,36,57,38,
527.000000,104.000000,0.056747,1345279232.000000,0.564188,0,1
39,61,29,65,42,31,61,43,
515.000000,155.000000,0.015509,18218940.000000,0.061830,0,1
30,19,35,14,31,31,19,26,
514.000000,139.000000,0.011688,50059448.000000,0.046193,0,1
33,18,39,16,36,41,18,28,
79.000000,144.000000,0.019855,110620712.000000,0.069098,0,1
41,30,49,22,39,49,30,38,
386.000000,220.000000,0.075138,50131956.000000,0.325265,0,1
30,42,31,53,44,29,53,48,
383.000000,208.000000,0.070002,118127648.000000,0.278711,0,1
22,20,34,21,22,48,20,22,
384.000000,200.000000,0.069782,34145772.000000,0.124242,0,1
44,23,52,22,40,36,23,40,
572.000000,184.000000,0.064778,2056786.000000,0.563843,0,1
14,15,15,22,19,18,29,23,
40.000000,100.000000,0.013313,13747489.000000,0.055656,0,1
71,70,70,64,62,62,51,54,
187.000000,136.000000,0.028841,12328951.000000,0.138384,0,1
53,43,47,30,30,29,18,16,
