# timestamp
1608635315894243328

# fx, fy, cx, cy, width, height, npoints
501.494995,501.474915,421.767334,167.671310,800,400,577

# camToWorld: translation vector, rotation quaternion
-21.780509,21.557862,1.073813,0.351848,-0.639892,0.584700,-0.353366

# Exposure time (ms)
0.504729

# Point Cloud Data : 
# u,v,idepth_scaled,idepth_hessian,maxRelBaseline,numGoodRes,status 
# color information 
671.000000,18.000000,0.103317,708323840.000000,0.507544,0,1
107,134,87,146,105,84,132,106,
751.000000,76.000000,0.010406,85936504.000000,0.096864,0,1
58,51,60,43,50,50,44,40,
720.000000,278.000000,0.164191,7009696.500000,0.644564,0,1
22,31,20,38,28,19,36,36,
721.000000,279.000000,0.162413,5278629.500000,0.641081,0,1
20,28,19,36,26,21,36,31,
671.000000,29.000000,0.103154,443800000.000000,0.495563,0,1
108,134,95,141,107,89,132,105,
688.000000,33.000000,0.106068,12007222.000000,0.551163,0,1
60,58,68,61,71,78,69,67,
705.000000,33.000000,0.107423,14148945.000000,0.585987,0,1
82,79,71,78,73,60,65,55,
746.000000,44.000000,0.011079,119278296.000000,0.094516,0,1
125,125,117,120,117,108,115,112,
675.000000,47.000000,0.103137,128424664.000000,0.498483,0,1
57,60,50,74,67,71,73,73,
709.000000,50.000000,0.109081,11921677.000000,0.577389,0,1
73,74,61,72,65,58,59,53,
712.000000,56.000000,0.110868,10371806.000000,0.585088,0,1
60,56,59,60,62,64,69,74,
702.000000,58.000000,0.110116,5933061.000000,0.558978,0,1
55,52,51,58,54,55,65,70,
740.000000,82.000000,0.008865,178348736.000000,0.061606,0,1
120,104,113,94,104,85,84,84,
728.000000,98.000000,0.008502,676605376.000000,0.064287,0,1
44,44,52,37,43,59,40,39,
739.000000,100.000000,0.008607,165980480.000000,0.074678,0,1
48,49,45,50,47,39,43,38,
743.000000,133.000000,0.023355,7238339.500000,0.185596,0,1
26,30,29,37,37,36,43,44,
702.000000,148.000000,0.103276,46286700.000000,0.493347,0,1
53,47,56,38,52,57,43,48,
701.000000,170.000000,0.103328,69875408.000000,0.506158,0,1
38,34,43,31,39,48,33,38,
702.000000,171.000000,0.102471,63282392.000000,0.505973,0,1
43,39,48,33,45,51,38,45,
701.000000,175.000000,0.103161,67175952.000000,0.508866,0,1
39,33,45,29,38,48,32,39,
701.000000,183.000000,0.104148,80526584.000000,0.518077,0,1
37,33,40,31,39,47,34,37,
691.000000,190.000000,0.100935,88882568.000000,0.493229,0,1
38,43,35,54,43,33,46,40,
737.000000,195.000000,0.066556,2452655.000000,0.430559,0,1
55,52,51,46,45,43,42,45,
691.000000,200.000000,0.102694,31754988.000000,0.509102,0,1
40,48,36,56,43,35,52,41,
701.000000,215.000000,0.102097,53624900.000000,0.543122,0,1
39,34,50,34,39,49,35,35,
672.000000,233.000000,0.100410,7260828.000000,0.485489,0,1
66,67,69,56,59,62,47,49,
687.000000,233.000000,0.099332,27622396.000000,0.503341,0,1
50,53,52,56,66,64,84,81,
705.000000,233.000000,0.101003,123806760.000000,0.568910,0,1
47,45,51,46,51,49,61,74,
711.000000,235.000000,0.104133,22660536.000000,0.414340,0,1
44,47,42,78,61,46,89,74,
710.000000,236.000000,0.104445,27191776.000000,0.415609,0,1
47,78,61,97,89,63,78,57,
699.000000,237.000000,0.103915,15684343.000000,0.402842,0,1
48,67,63,75,67,64,57,51,
670.000000,242.000000,0.107650,12720148.000000,0.548962,0,1
46,45,42,46,52,56,56,64,
719.000000,255.000000,0.147077,12912479.000000,0.793250,0,1
47,46,51,46,44,39,38,44,
705.000000,258.000000,0.129473,11981015.000000,0.503371,0,1
45,49,50,49,45,43,37,38,
675.000000,260.000000,0.130529,7671213.000000,0.473609,0,1
53,67,63,41,49,56,28,23,
678.000000,261.000000,0.131368,27225112.000000,0.637735,0,1
55,56,57,31,36,42,23,22,
679.000000,273.000000,0.143994,14764663.000000,0.746856,0,1
31,42,33,29,31,28,27,25,
685.000000,279.000000,0.152593,7821426.000000,0.834530,0,1
29,31,30,23,25,22,21,21,
655.000000,291.000000,0.163353,8919994.000000,0.812274,0,1
16,21,15,28,24,17,39,32,
683.000000,293.000000,0.164039,9672616.000000,0.875159,0,1
17,20,18,32,29,26,47,33,
699.000000,293.000000,0.168961,7476026.000000,0.908961,0,1
25,30,30,22,24,28,20,16,
707.000000,295.000000,0.165937,12248045.000000,0.968745,0,1
29,24,34,18,24,24,18,17,
685.000000,298.000000,0.170825,18358648.000000,0.903889,0,1
20,19,17,34,26,20,38,27,
664.000000,259.000000,0.130016,60301088.000000,0.643182,0,1
55,54,54,39,38,37,29,23,
661.000000,49.000000,0.011911,21554638.000000,0.076071,0,1
136,137,124,136,128,117,125,116,
661.000000,81.000000,0.008455,272314432.000000,0.050106,0,1
96,79,90,67,72,76,57,61,
664.000000,93.000000,0.015672,66894628.000000,0.089036,0,1
59,67,58,59,58,49,50,48,
486.000000,101.000000,0.004740,14278988.000000,0.007338,0,1
125,119,116,110,102,102,90,85,
240.000000,132.000000,0.046941,10666113.000000,0.175069,0,1
41,41,44,43,58,70,67,68,
656.000000,139.000000,0.020879,35732380.000000,0.106782,0,1
40,32,40,29,31,37,24,24,
684.000000,139.000000,0.019299,105452768.000000,0.115532,0,1
41,36,43,28,39,41,28,27,
665.000000,143.000000,0.019873,25600106.000000,0.108467,0,1
25,22,26,23,32,40,36,51,
657.000000,147.000000,0.024788,46570500.000000,0.126055,0,1
47,52,42,47,48,41,49,40,
665.000000,177.000000,0.067216,2731863.000000,0.317458,0,1
46,48,49,55,54,56,60,62,
666.000000,177.000000,0.077340,1480299.500000,0.354435,0,1
47,48,51,54,55,56,60,62,
678.000000,180.000000,0.048305,9356740.000000,0.261930,0,1
59,62,60,56,56,53,51,50,
662.000000,183.000000,0.054373,57140572.000000,0.268503,0,1
56,52,52,48,48,46,42,41,
618.000000,227.000000,0.093130,15526840.000000,0.375364,0,1
66,65,65,48,50,56,45,43,
629.000000,229.000000,0.126406,242919680.000000,0.496481,0,1
63,50,61,45,48,87,49,55,
629.000000,237.000000,0.126986,198669616.000000,0.521032,0,1
48,46,49,42,39,46,28,17,
648.000000,250.000000,0.115270,16715550.000000,0.520928,0,1
59,61,61,54,55,54,46,42,
623.000000,257.000000,0.125901,32576468.000000,0.478297,0,1
83,70,90,36,58,78,35,30,
655.000000,257.000000,0.129242,32735924.000000,0.620368,0,1
46,58,57,45,48,53,31,32,
602.000000,259.000000,0.128949,68785608.000000,0.506791,0,1
40,40,46,43,50,64,59,66,
607.000000,260.000000,0.128871,160613808.000000,0.515383,0,1
63,68,68,66,55,46,42,31,
617.000000,261.000000,0.129459,271846688.000000,0.617126,0,1
41,43,32,32,28,25,27,25,
604.000000,280.000000,0.148876,6410793.000000,0.748751,0,1
30,23,24,20,19,20,17,16,
626.000000,283.000000,0.154093,7877522.500000,0.785412,0,1
17,18,17,21,19,19,30,27,
590.000000,284.000000,0.155617,8534100.000000,0.788218,0,1
20,21,18,25,26,21,25,33,
593.000000,288.000000,0.159256,16891990.000000,0.711336,0,1
27,30,33,28,23,25,19,15,
597.000000,288.000000,0.158393,34156168.000000,0.712762,0,1
26,44,28,25,30,23,18,19,
570.000000,296.000000,0.164406,42388440.000000,0.651625,0,1
20,27,20,50,35,25,55,57,
662.000000,248.000000,0.114365,47022048.000000,0.566471,0,1
53,59,50,54,48,41,43,46,
638.000000,245.000000,0.129362,121881336.000000,0.560494,0,1
13,16,13,29,29,40,47,51,
660.000000,78.000000,0.007630,186837376.000000,0.042093,0,1
106,95,113,78,96,107,72,79,
671.000000,81.000000,0.009152,454547424.000000,0.057365,0,1
55,74,48,85,61,48,81,65,
686.000000,93.000000,0.009123,51941624.000000,0.059073,0,1
53,53,46,54,39,34,36,27,
417.000000,291.000000,0.156219,14283233.000000,1.029563,0,1
45,39,43,29,38,45,37,45,
547.000000,109.000000,0.006936,140427296.000000,0.017155,0,1
92,77,91,60,72,84,50,56,
169.000000,29.000000,0.028752,51876464.000000,0.180124,0,1
215,224,214,233,223,232,235,236,
656.000000,59.000000,0.010580,49498740.000000,0.069507,0,1
131,130,124,131,123,115,125,121,
621.000000,71.000000,0.007866,96403104.000000,0.044831,0,1
119,106,119,98,109,114,95,103,
645.000000,79.000000,0.000830,97072016.000000,0.005221,0,1
58,68,52,74,55,50,66,60,
644.000000,85.000000,0.009488,114929928.000000,0.058876,0,1
58,52,68,50,57,63,49,57,
655.000000,86.000000,0.002496,102992432.000000,0.015831,0,1
62,56,61,55,54,43,49,52,
625.000000,92.000000,0.007696,66768316.000000,0.044191,0,1
59,61,52,63,59,65,66,68,
645.000000,92.000000,0.005885,41009596.000000,0.037029,0,1
64,61,60,49,60,49,52,50,
584.000000,94.000000,0.002834,31190836.000000,0.010027,0,1
111,110,100,111,104,87,104,95,
635.000000,96.000000,0.008979,55110104.000000,0.053156,0,1
51,40,55,39,47,50,40,39,
660.000000,99.000000,0.004070,31609094.000000,0.031062,0,1
52,45,55,38,49,46,39,39,
630.000000,107.000000,0.007817,48022912.000000,0.045063,0,1
40,46,38,43,40,34,44,39,
646.000000,144.000000,0.023794,62502084.000000,0.148887,0,1
33,40,27,47,37,36,48,44,
355.000000,170.000000,0.084738,5436580.000000,0.746605,0,1
58,59,55,55,49,50,44,41,
636.000000,170.000000,0.031100,5243892.500000,0.199707,0,1
46,49,50,51,50,54,54,58,
590.000000,220.000000,0.083451,18230530.000000,0.472835,0,1
40,40,41,52,48,47,60,62,
615.000000,223.000000,0.087293,27335778.000000,0.552831,0,1
37,40,41,48,46,49,63,65,
600.000000,225.000000,0.087781,18586246.000000,0.527470,0,1
64,59,62,46,51,50,41,42,
607.000000,226.000000,0.090524,21677118.000000,0.559691,0,1
59,61,63,52,49,53,47,44,
567.000000,241.000000,0.108376,26590710.000000,0.595532,0,1
41,40,43,44,38,44,28,38,
604.000000,246.000000,0.110354,53075208.000000,0.713390,0,1
49,47,42,48,45,37,41,48,
597.000000,247.000000,0.109937,64250876.000000,0.691956,0,1
44,42,44,52,45,42,57,49,
560.000000,251.000000,0.154414,241526832.000000,0.913885,0,1
50,74,48,101,70,50,92,76,
593.000000,252.000000,0.115571,27430918.000000,0.726573,0,1
47,53,55,49,48,46,42,41,
548.000000,256.000000,0.153722,56281748.000000,0.872453,0,1
41,42,53,43,50,65,45,46,
584.000000,268.000000,0.136331,351377120.000000,0.878823,0,1
61,67,66,67,58,36,41,26,
575.000000,271.000000,0.139156,318134880.000000,0.874012,0,1
67,68,64,63,53,39,38,21,
544.000000,278.000000,0.147501,160857968.000000,0.794331,0,1
33,35,37,37,46,49,52,60,
493.000000,280.000000,0.145799,16339476.000000,0.956438,0,1
34,36,29,43,38,37,43,42,
528.000000,287.000000,0.152763,10931226.000000,0.685602,0,1
56,50,54,39,46,51,40,39,
532.000000,287.000000,0.152951,34913288.000000,0.563002,0,1
57,54,43,51,41,25,52,53,
557.000000,287.000000,0.157589,156592944.000000,0.510718,0,1
98,105,106,78,76,79,47,38,
539.000000,289.000000,0.155074,21164260.000000,0.581676,0,1
23,29,24,48,40,27,57,57,
530.000000,290.000000,0.155188,24273888.000000,0.707488,0,1
51,41,50,33,38,46,27,27,
262.000000,292.000000,0.150872,8307621.000000,2.865994,0,1
53,54,50,52,45,45,46,44,
257.000000,293.000000,0.154085,6243811.000000,2.244008,0,1
57,57,57,52,50,49,45,46,
568.000000,286.000000,0.156783,344799168.000000,0.527438,0,1
111,111,101,92,83,55,48,39,
360.000000,280.000000,0.141106,8608044.000000,1.764359,0,1
57,52,54,47,49,51,47,46,
559.000000,270.000000,0.155914,186747552.000000,0.948229,0,1
11,17,20,43,43,43,49,50,
645.000000,65.000000,0.002123,14076538.000000,0.013163,0,1
128,127,120,123,116,110,113,99,
565.000000,242.000000,0.105964,34192696.000000,0.575638,0,1
39,46,40,52,38,27,58,50,
649.000000,77.000000,0.001892,505809152.000000,0.012436,0,1
71,63,82,53,62,87,49,67,
572.000000,221.000000,0.082613,9385664.000000,0.438887,0,1
58,58,59,48,49,54,42,42,
625.000000,89.000000,0.008099,119878864.000000,0.046272,0,1
72,63,83,54,69,85,68,47,
628.000000,102.000000,0.008071,112451320.000000,0.046300,0,1
41,51,36,56,43,37,51,51,
580.000000,270.000000,0.137818,374096000.000000,0.879430,0,1
67,63,56,54,41,29,26,18,
638.000000,79.000000,0.006767,78392576.000000,0.040799,0,1
98,83,90,75,86,77,73,70,
577.000000,222.000000,0.084745,19179152.000000,0.455871,0,1
59,57,57,44,47,48,42,42,
539.000000,108.000000,0.010404,98928544.000000,0.022813,0,1
68,118,58,128,81,48,83,60,
276.000000,294.000000,0.145486,1797870.625000,1.997480,0,1
52,51,51,48,49,47,48,44,
484.000000,276.000000,0.139560,62095968.000000,0.952778,0,1
34,38,46,41,37,45,45,46,
465.000000,272.000000,0.135357,86842952.000000,1.007404,0,1
34,35,32,43,41,37,49,50,
418.000000,119.000000,0.006603,19392016.000000,0.009951,0,1
109,105,127,82,97,115,63,49,
600.000000,88.000000,0.008327,149303120.000000,0.067637,0,1
108,110,95,114,99,86,104,94,
373.000000,105.000000,0.028380,607796928.000000,0.283292,0,1
98,87,65,70,72,51,66,48,
606.000000,106.000000,0.006721,72832352.000000,0.055169,0,1
69,72,75,63,64,57,58,49,
593.000000,108.000000,0.007010,35551004.000000,0.034862,0,1
86,73,76,62,72,63,62,59,
604.000000,108.000000,0.006896,175761232.000000,0.056098,0,1
63,67,58,68,62,49,60,48,
472.000000,123.000000,0.008924,5618041.500000,0.033746,0,1
59,49,46,46,51,51,45,42,
206.000000,132.000000,0.054744,13221903.000000,0.264183,0,1
43,42,44,50,50,54,77,75,
188.000000,176.000000,0.055174,9654842.000000,0.276458,0,1
55,55,51,48,47,36,41,45,
590.000000,188.000000,0.053764,10347745.000000,0.458229,0,1
57,55,57,48,50,50,46,50,
549.000000,215.000000,0.077703,15627946.000000,0.592439,0,1
39,40,43,55,51,46,57,59,
558.000000,218.000000,0.080772,43230328.000000,0.649934,0,1
49,60,58,56,50,49,41,38,
547.000000,239.000000,0.102168,57882280.000000,0.846716,0,1
42,45,44,46,49,45,58,56,
539.000000,243.000000,0.105657,84160640.000000,0.855882,0,1
49,51,57,44,47,49,43,42,
537.000000,257.000000,0.119121,130134360.000000,1.014083,0,1
43,39,37,44,44,41,50,48,
507.000000,268.000000,0.130423,165082416.000000,1.015645,0,1
36,43,42,35,42,50,46,43,
458.000000,270.000000,0.133037,86911040.000000,1.027544,0,1
36,39,34,44,41,40,47,47,
473.000000,274.000000,0.137169,71271016.000000,0.987262,0,1
35,35,32,49,43,37,50,50,
522.000000,277.000000,0.141344,65265280.000000,0.827778,0,1
43,39,41,40,37,39,31,32,
250.000000,286.000000,0.143744,6711009.000000,2.232495,0,1
51,47,47,48,50,54,52,55,
178.000000,298.000000,0.155185,29230852.000000,3.254600,0,1
56,52,56,45,49,55,43,44,
608.000000,77.000000,0.008623,174773984.000000,0.073066,0,1
110,112,104,116,109,97,115,107,
604.000000,85.000000,0.006326,88168824.000000,0.052122,0,1
122,113,108,108,104,91,99,88,
460.000000,99.000000,0.006651,23363152.000000,0.016638,0,1
129,125,111,117,108,103,106,89,
596.000000,105.000000,0.001082,56816896.000000,0.009231,0,1
79,89,67,89,74,64,75,67,
392.000000,107.000000,0.001550,14458141.000000,0.002423,0,1
114,113,112,111,108,113,90,76,
392.000000,109.000000,0.002566,38718088.000000,0.003983,0,1
108,90,105,87,76,105,61,64,
576.000000,188.000000,0.053075,31470568.000000,0.423694,0,1
59,57,54,51,51,50,45,43,
514.000000,162.000000,0.031129,18526598.000000,0.109044,0,1
72,51,47,46,59,45,45,47,
242.000000,291.000000,0.149178,23511430.000000,2.369856,0,1
52,52,55,46,50,52,44,42,
358.000000,280.000000,0.130465,10164081.000000,1.722130,0,1
57,54,52,47,47,49,46,46,
488.000000,278.000000,0.140501,88136392.000000,0.950391,0,1
40,32,32,43,39,37,44,45,
557.000000,218.000000,0.080873,41533772.000000,0.647864,0,1
51,60,60,57,53,48,42,39,
540.000000,103.000000,0.006891,172428288.000000,0.027009,0,1
88,99,65,105,76,55,85,57,
574.000000,107.000000,0.002836,194207664.000000,0.013076,0,1
115,120,124,107,112,120,93,87,
172.000000,155.000000,0.029524,49287536.000000,0.165679,0,1
67,58,65,43,56,66,48,56,
594.000000,95.000000,0.001218,488798016.000000,0.009443,0,1
89,96,72,95,83,52,90,82,
439.000000,100.000000,0.004824,148788928.000000,0.029210,0,1
118,124,105,122,106,88,103,81,
574.000000,157.000000,0.020689,8624026.000000,0.150095,0,1
29,31,29,34,35,34,42,45,
539.000000,104.000000,0.009792,85332760.000000,0.021620,0,1
99,105,76,109,85,59,90,68,
180.000000,26.000000,0.029589,246200512.000000,0.179956,0,1
211,209,212,195,206,206,131,87,
368.000000,96.000000,0.028622,23889124.000000,0.165257,0,1
131,138,127,140,135,112,132,124,
585.000000,98.000000,0.006442,710913536.000000,0.069810,0,1
88,92,69,93,75,61,86,70,
483.000000,100.000000,0.017452,357398496.000000,0.080622,0,1
123,85,126,103,113,119,78,96,
378.000000,105.000000,0.034479,141526720.000000,0.073654,0,1
113,85,117,63,102,90,95,91,
565.000000,107.000000,0.004421,167229552.000000,0.031144,0,1
93,89,105,99,96,110,86,75,
550.000000,110.000000,0.013517,82206448.000000,0.087258,0,1
86,84,68,67,58,59,53,51,
577.000000,122.000000,0.004659,123456120.000000,0.047766,0,1
46,47,39,41,35,33,37,34,
291.000000,126.000000,0.006735,37786580.000000,0.019662,0,1
56,67,49,81,56,45,55,49,
539.000000,203.000000,0.066280,53915532.000000,0.693489,0,1
55,53,52,50,48,47,43,37,
522.000000,212.000000,0.074434,27921430.000000,0.738722,0,1
39,39,37,54,46,43,53,55,
486.000000,233.000000,0.093699,56315984.000000,0.841372,0,1
60,60,58,52,54,54,41,39,
482.000000,234.000000,0.093677,76388672.000000,0.823710,0,1
60,46,49,36,39,40,37,43,
473.000000,252.000000,0.112661,83915072.000000,1.055509,0,1
41,43,48,40,46,45,40,38,
478.000000,252.000000,0.112856,172301296.000000,1.081320,0,1
47,45,49,43,49,50,45,41,
327.000000,273.000000,0.130969,23362378.000000,1.413112,0,1
56,53,60,47,55,60,52,58,
342.000000,266.000000,0.123520,43699136.000000,1.762902,0,1
47,49,48,56,53,51,60,58,
489.000000,234.000000,0.094636,33555344.000000,0.872013,0,1
56,54,56,45,47,52,38,40,
332.000000,105.000000,0.009688,21005564.000000,0.018403,0,1
110,90,113,90,98,111,85,83,
534.000000,174.000000,0.036500,84485344.000000,0.331452,0,1
19,22,22,31,31,32,47,60,
559.000000,140.000000,0.015622,36887440.000000,0.150914,0,1
40,38,44,30,34,43,27,30,
540.000000,171.000000,0.037446,111830176.000000,0.351728,0,1
36,31,41,24,30,38,24,41,
544.000000,170.000000,0.037380,24016322.000000,0.358326,0,1
53,46,47,45,46,46,36,35,
554.000000,154.000000,0.024282,24059902.000000,0.234599,0,1
51,48,48,36,37,42,30,35,
140.000000,292.000000,0.146018,68678088.000000,0.888048,0,1
51,45,50,40,45,46,40,41,
194.000000,282.000000,0.138112,23090094.000000,2.819355,0,1
44,45,46,50,51,50,56,56,
560.000000,154.000000,0.024096,18929586.000000,0.239762,0,1
52,46,45,42,38,37,35,36,
341.000000,266.000000,0.123199,38745204.000000,1.770698,0,1
48,52,48,58,54,51,60,59,
433.000000,263.000000,0.124603,153772608.000000,1.102432,0,1
40,40,40,54,45,37,52,51,
431.000000,262.000000,0.123231,127897040.000000,1.104431,0,1
40,43,39,56,45,40,55,53,
512.000000,238.000000,0.100216,91019592.000000,1.071612,0,1
59,60,61,50,53,57,42,40,
498.000000,211.000000,0.074296,43904220.000000,0.645084,0,1
53,50,51,51,45,44,41,42,
512.000000,209.000000,0.071107,48738148.000000,0.658676,0,1
51,51,50,44,41,37,43,40,
582.000000,107.000000,0.007302,563262656.000000,0.055143,0,1
95,112,84,121,92,66,100,78,
566.000000,108.000000,0.004133,259745280.000000,0.029237,0,1
105,96,110,86,91,93,75,66,
533.000000,191.000000,0.055970,26969730.000000,0.543266,0,1
59,59,58,56,54,53,47,44,
507.000000,125.000000,0.012180,26926680.000000,0.067265,0,1
71,55,66,55,61,64,54,56,
574.000000,108.000000,0.001456,335916800.000000,0.015320,0,1
122,107,120,91,104,107,81,70,
504.000000,130.000000,0.029250,204047616.000000,0.305943,0,1
54,60,55,76,68,67,80,78,
512.000000,145.000000,0.029667,299572480.000000,0.322709,0,1
44,42,57,42,44,70,43,45,
87.000000,147.000000,0.011503,32638276.000000,0.041057,0,1
29,31,38,38,47,50,51,51,
530.000000,155.000000,0.023523,47417124.000000,0.275882,0,1
49,49,50,50,45,41,38,35,
472.000000,215.000000,0.076414,135507520.000000,0.828917,0,1
53,50,48,44,47,45,38,37,
452.000000,228.000000,0.087865,49536004.000000,0.906848,0,1
53,52,55,42,47,51,36,38,
477.000000,228.000000,0.089260,148481216.000000,1.081209,0,1
42,43,43,43,45,46,52,60,
301.000000,264.000000,0.123627,31119160.000000,2.158483,0,1
58,58,56,50,51,53,50,51,
273.000000,267.000000,0.129302,121808376.000000,2.497202,0,1
50,51,44,53,48,43,51,45,
102.000000,272.000000,0.117353,2241305.500000,0.659253,0,1
55,54,55,52,53,53,50,47,
441.000000,266.000000,0.128140,149465808.000000,1.666442,0,1
36,35,41,43,41,38,45,48,
252.000000,266.000000,0.123271,29989528.000000,1.977323,0,1
41,41,42,45,45,46,51,54,
413.000000,257.000000,0.118213,130390776.000000,1.173593,0,1
33,39,36,57,45,38,57,52,
473.000000,231.000000,0.091851,168728720.000000,1.105453,0,1
57,62,61,55,51,60,39,39,
447.000000,227.000000,0.087232,36297440.000000,0.867938,0,1
53,47,53,34,42,51,33,38,
490.000000,213.000000,0.074577,111998160.000000,0.891781,0,1
45,47,46,39,37,36,38,35,
498.000000,118.000000,0.010529,48147668.000000,0.077289,0,1
44,42,45,62,54,46,64,54,
512.000000,162.000000,0.036193,33955764.000000,0.403892,0,1
48,46,51,41,46,59,40,38,
136.000000,286.000000,0.139447,10706217.000000,0.868326,0,1
53,52,51,47,49,47,44,43,
465.000000,230.000000,0.089492,95831696.000000,1.012641,0,1
59,54,57,43,47,54,38,39,
107.000000,96.000000,0.013974,42788868.000000,0.052186,0,1
84,89,78,88,80,81,71,51,
547.000000,134.000000,0.011216,19705012.000000,0.139085,0,1
27,28,35,27,42,33,27,36,
515.000000,134.000000,0.029876,400574528.000000,0.331804,0,1
40,49,53,64,42,35,58,30,
525.000000,131.000000,0.009432,51652452.000000,0.077286,0,1
25,27,30,35,43,40,56,58,
530.000000,112.000000,0.004371,929650880.000000,0.048418,0,1
98,66,93,45,59,67,36,34,
499.000000,195.000000,0.058425,32099932.000000,0.673345,0,1
57,54,54,51,49,49,44,45,
508.000000,194.000000,0.058009,24319554.000000,0.702594,0,1
57,56,56,53,53,52,47,45,
551.000000,131.000000,0.007848,195249536.000000,0.071375,0,1
42,33,50,30,43,44,31,31,
37.000000,80.000000,0.010533,148524016.000000,0.052118,0,1
158,153,152,146,145,146,129,101,
35.000000,82.000000,0.010857,675808768.000000,0.053385,0,1
146,139,129,133,123,101,122,113,
333.000000,87.000000,0.012449,238344336.000000,0.197139,0,1
118,111,115,90,101,113,78,112,
454.000000,98.000000,0.004773,117510696.000000,0.034565,0,1
128,126,116,119,111,106,112,91,
525.000000,107.000000,0.004666,379095584.000000,0.070318,0,1
118,123,104,129,123,118,129,105,
352.000000,125.000000,0.003444,333556736.000000,0.026601,0,1
137,194,86,150,124,58,110,64,
481.000000,125.000000,0.029437,101956400.000000,0.268539,0,1
57,40,49,41,58,73,64,79,
231.000000,126.000000,0.002926,130013296.000000,0.013040,0,1
57,52,81,43,92,104,56,64,
53.000000,156.000000,0.012871,24738810.000000,0.056880,0,1
67,64,60,56,50,48,43,33,
472.000000,162.000000,0.030506,894283904.000000,0.373100,0,1
56,49,75,49,54,58,62,75,
474.000000,171.000000,0.032837,99691400.000000,0.414220,0,1
42,37,30,39,34,32,46,41,
477.000000,181.000000,0.042772,38017884.000000,0.579551,0,1
50,50,53,58,59,61,62,62,
461.000000,182.000000,0.044086,31494020.000000,0.543335,0,1
46,47,47,52,54,54,60,61,
453.000000,215.000000,0.077397,338602080.000000,1.127870,0,1
47,40,43,40,46,53,51,46,
434.000000,222.000000,0.083012,369091584.000000,1.116578,0,1
37,38,43,45,45,48,52,54,
431.000000,225.000000,0.083250,140520272.000000,1.104879,0,1
47,48,52,41,40,43,38,36,
415.000000,251.000000,0.112167,211889552.000000,1.113876,0,1
41,40,40,30,35,37,33,35,
286.000000,253.000000,0.112211,159731200.000000,2.167608,0,1
63,59,63,54,58,58,50,54,
243.000000,261.000000,0.117280,33202874.000000,2.001239,0,1
57,58,57,58,55,52,52,47,
50.000000,294.000000,0.146932,71512272.000000,1.245267,0,1
51,53,51,49,49,48,46,44,
242.000000,262.000000,0.118288,46880100.000000,2.022288,0,1
58,58,55,57,52,48,49,49,
362.000000,255.000000,0.114486,91256472.000000,1.030346,0,1
65,65,62,60,59,54,59,55,
387.000000,251.000000,0.111612,261262064.000000,0.906151,0,1
39,41,41,54,55,47,65,66,
434.000000,225.000000,0.084940,99417616.000000,1.161852,0,1
54,52,55,42,46,50,38,37,
449.000000,213.000000,0.073937,87435384.000000,1.024491,0,1
54,55,54,52,52,47,44,39,
496.000000,173.000000,0.032702,56820148.000000,0.471089,0,1
23,28,28,36,37,35,40,47,
489.000000,153.000000,0.031458,2070982144.000000,0.429457,0,1
62,81,42,78,63,42,82,70,
485.000000,153.000000,0.031631,1189559168.000000,0.421727,0,1
42,39,52,44,43,78,50,53,
488.000000,168.000000,0.034112,162144528.000000,0.469916,0,1
30,29,24,37,25,21,30,23,
402.000000,254.000000,0.114785,315399200.000000,1.054707,0,1
35,31,27,44,37,33,57,58,
412.000000,250.000000,0.112065,178828448.000000,1.125980,0,1
38,39,44,40,37,40,34,29,
485.000000,140.000000,0.031700,1414772864.000000,0.423650,0,1
44,42,61,42,44,87,43,45,
500.000000,136.000000,0.030272,1071022976.000000,0.440249,0,1
55,81,80,53,68,82,39,44,
436.000000,215.000000,0.075040,122116904.000000,0.962012,0,1
55,54,53,46,44,43,41,41,
469.000000,181.000000,0.043446,44745396.000000,0.560921,0,1
48,46,47,50,52,55,59,62,
486.000000,132.000000,0.031369,676106688.000000,0.422300,0,1
86,75,96,73,81,91,71,59,
402.000000,121.000000,0.003821,66730112.000000,0.018303,0,1
111,122,121,91,90,71,54,49,
149.000000,130.000000,0.002532,1024066560.000000,0.006994,0,1
159,140,236,102,177,253,125,133,
393.000000,252.000000,0.113047,152444080.000000,0.965562,0,1
38,39,38,53,47,42,59,65,
487.000000,57.000000,0.018604,923025664.000000,0.256145,0,1
156,152,154,118,143,155,124,152,
295.000000,113.000000,0.007031,49986628.000000,0.018995,0,1
112,101,108,86,79,109,66,58,
493.000000,110.000000,0.007080,1017861952.000000,0.064572,0,1
79,68,96,68,88,121,80,92,
376.000000,97.000000,0.036297,611565440.000000,0.344019,0,1
112,85,126,65,94,118,72,90,
480.000000,57.000000,0.018102,3409349120.000000,0.325700,0,1
154,146,138,124,90,91,79,88,
109.000000,82.000000,0.017126,316562048.000000,0.071221,0,1
114,64,75,88,101,109,107,117,
481.000000,96.000000,0.017892,6692203008.000000,0.307906,0,1
107,135,96,141,111,130,130,106,
415.000000,116.000000,0.007029,244956128.000000,0.053839,0,1
111,99,117,79,103,109,87,91,
299.000000,121.000000,0.005381,14862710.000000,0.122014,0,1
62,66,57,50,64,59,45,41,
254.000000,169.000000,0.024212,5725084.000000,0.055400,0,1
21,23,23,42,38,35,48,53,
460.000000,171.000000,0.032565,67002796.000000,0.520499,0,1
52,55,50,54,55,49,43,47,
434.000000,183.000000,0.043824,20417458.000000,0.634437,0,1
54,58,58,48,49,52,48,54,
432.000000,199.000000,0.060162,357808736.000000,0.973930,0,1
62,68,64,74,65,60,59,57,
411.000000,218.000000,0.076437,124170760.000000,1.241836,0,1
55,53,53,47,46,44,41,40,
378.000000,230.000000,0.088238,330892672.000000,1.259195,0,1
41,46,45,46,44,43,38,38,
378.000000,235.000000,0.092278,165571328.000000,1.381979,0,1
40,44,41,47,42,34,39,38,
283.000000,241.000000,0.101119,17688504.000000,1.454198,0,1
58,60,61,64,66,65,67,68,
306.000000,243.000000,0.099900,177913712.000000,1.275710,0,1
55,55,59,64,65,65,68,67,
296.000000,244.000000,0.101727,238726880.000000,1.368848,0,1
63,57,57,57,61,66,64,68,
357.000000,244.000000,0.102526,468760928.000000,0.969094,0,1
39,53,46,66,65,60,69,69,
278.000000,246.000000,0.101558,162663920.000000,1.509949,0,1
64,55,61,60,56,52,48,55,
369.000000,246.000000,0.105740,391226464.000000,1.371634,0,1
36,36,37,54,47,42,62,61,
268.000000,247.000000,0.099904,23249336.000000,1.600002,0,1
62,60,61,58,58,58,51,53,
254.000000,251.000000,0.106951,169536544.000000,1.784830,0,1
51,47,48,52,53,55,56,57,
185.000000,261.000000,0.114125,126521448.000000,0.702580,0,1
46,50,47,48,50,52,55,56,
119.000000,271.000000,0.121287,117676344.000000,0.928471,0,1
54,49,52,45,46,46,42,41,
233.000000,264.000000,0.120472,105088152.000000,2.143890,0,1
61,58,54,53,50,47,46,46,
476.000000,57.000000,0.017744,1102513536.000000,0.311455,0,1
157,156,152,153,137,124,124,132,
97.000000,252.000000,0.106409,59485000.000000,0.738183,0,1
45,49,51,54,56,57,60,62,
361.000000,244.000000,0.103199,293008032.000000,1.008403,0,1
38,37,36,60,46,38,70,71,
453.000000,171.000000,0.032887,96035248.000000,0.502893,0,1
52,51,52,58,51,45,58,51,
238.000000,253.000000,0.108990,136000144.000000,1.954557,0,1
47,49,51,51,55,55,59,60,
370.000000,171.000000,0.033316,43401716.000000,0.340887,0,1
54,46,50,36,40,36,34,29,
482.000000,71.000000,0.017998,3186337792.000000,0.320945,0,1
135,105,140,131,132,140,100,129,
480.000000,75.000000,0.017934,3864537088.000000,0.314367,0,1
131,138,95,137,129,127,134,127,
482.000000,84.000000,0.018012,3240751872.000000,0.316091,0,1
111,95,128,123,108,129,94,105,
392.000000,218.000000,0.076183,87560912.000000,1.087231,0,1
54,54,53,48,49,51,43,41,
430.000000,200.000000,0.059650,632515904.000000,0.949677,0,1
67,71,69,60,60,59,55,55,
407.000000,116.000000,0.001813,295937824.000000,0.017716,0,1
109,110,91,104,94,71,84,79,
278.000000,124.000000,0.003529,49867916.000000,0.010917,0,1
68,83,59,78,87,51,84,72,
470.000000,128.000000,0.027803,445007552.000000,0.335599,0,1
43,51,41,74,61,46,81,72,
457.000000,125.000000,0.028562,665184704.000000,0.440018,0,1
38,39,51,42,55,77,64,72,
459.000000,126.000000,0.028884,1415569536.000000,0.451422,0,1
67,64,84,70,83,83,75,88,
451.000000,128.000000,0.028719,373553056.000000,0.424913,0,1
35,37,49,43,57,72,67,76,
460.000000,124.000000,0.028445,434756992.000000,0.323911,0,1
41,45,44,51,74,50,77,93,
184.000000,98.000000,0.028305,60474252.000000,0.072020,0,1
80,96,73,106,84,79,104,90,
341.000000,116.000000,0.005142,3554721792.000000,0.074662,0,1
133,117,150,113,163,180,160,211,
297.000000,115.000000,0.006247,178746992.000000,0.119492,0,1
109,76,95,58,75,80,49,50,
424.000000,119.000000,0.004361,296261088.000000,0.047304,0,1
110,102,99,84,84,74,58,47,
437.000000,134.000000,0.029394,859705728.000000,0.510713,0,1
34,34,43,36,53,67,50,69,
440.000000,146.000000,0.028788,338681056.000000,0.504990,0,1
62,59,64,52,53,56,42,41,
414.000000,176.000000,0.043101,31656344.000000,0.701084,0,1
43,41,43,46,47,48,51,51,
431.000000,176.000000,0.033607,39955644.000000,0.574988,0,1
56,61,62,52,52,52,51,50,
414.000000,181.000000,0.039625,16432104.000000,0.649370,0,1
50,62,60,50,52,55,48,49,
397.000000,202.000000,0.060333,165357136.000000,1.013964,0,1
57,57,56,55,51,49,47,46,
392.000000,204.000000,0.060702,231712304.000000,0.987672,0,1
57,56,50,57,50,47,57,56,
331.000000,237.000000,0.096120,548887872.000000,1.064417,0,1
43,42,42,53,50,41,68,71,
124.000000,258.000000,0.113526,15955472.000000,0.942887,0,1
59,57,57,57,55,53,55,51,
384.000000,218.000000,0.075692,120451792.000000,1.357754,0,1
55,53,54,50,50,51,45,43,
473.000000,92.000000,0.000360,126043864.000000,0.034402,0,1
125,124,124,129,129,127,135,140,
406.000000,93.000000,0.008387,21132190.000000,0.087321,0,1
128,128,127,132,133,131,138,132,
221.000000,195.000000,0.048910,11884228.000000,0.211035,0,1
34,35,35,29,29,29,22,17,
465.000000,116.000000,0.009380,228005568.000000,0.172826,0,1
59,52,62,46,53,52,43,41,
279.000000,125.000000,0.003750,78251880.000000,0.013531,0,1
59,87,51,84,57,50,72,53,
441.000000,146.000000,0.028696,352411168.000000,0.506519,0,1
64,63,61,50,57,53,43,47,
281.000000,245.000000,0.099662,147218032.000000,1.478217,0,1
67,64,65,61,59,58,52,51,
312.000000,242.000000,0.099759,314145408.000000,1.232096,0,1
56,55,58,60,62,65,67,67,
435.000000,135.000000,0.029212,955665984.000000,0.499347,0,1
33,35,42,33,45,55,47,71,
463.000000,98.000000,0.006036,1143997824.000000,0.109533,0,1
135,122,130,111,119,127,103,96,
444.000000,131.000000,0.028997,638756608.000000,0.528070,0,1
34,35,45,40,55,69,63,74,
436.000000,154.000000,0.028069,1847996928.000000,0.475923,0,1
59,79,55,58,58,48,77,60,
377.000000,109.000000,0.034786,1331892480.000000,0.317010,0,1
103,76,93,62,81,66,66,54,
252.000000,106.000000,0.004252,90584088.000000,0.022463,0,1
107,125,113,140,134,128,162,162,
435.000000,162.000000,0.028115,1874090624.000000,0.473699,0,1
75,53,69,52,72,71,53,60,
45.000000,99.000000,0.010848,783440896.000000,0.058327,0,1
52,54,38,70,45,36,59,53,
188.000000,183.000000,0.051844,42263064.000000,0.261893,0,1
60,57,53,60,52,37,51,42,
181.000000,60.000000,0.027488,521692992.000000,0.110124,0,1
190,220,141,221,199,138,209,195,
257.000000,133.000000,0.007225,17086972.000000,0.011136,0,1
41,53,38,59,50,36,66,50,
137.000000,28.000000,0.002434,337327072.000000,0.022590,0,1
215,217,220,228,226,229,236,241,
308.000000,55.000000,0.001032,55484784.000000,0.020378,0,1
198,194,193,191,189,191,186,183,
81.000000,57.000000,0.003163,246855936.000000,0.018657,0,1
224,221,220,214,212,211,207,204,
51.000000,63.000000,0.003222,108370080.000000,0.043877,0,1
213,208,209,202,202,205,195,193,
107.000000,68.000000,0.002238,150913856.000000,0.013994,0,1
205,203,204,193,195,194,185,183,
131.000000,70.000000,0.001752,282878784.000000,0.016519,0,1
209,203,204,193,194,194,184,177,
244.000000,70.000000,0.000094,57476592.000000,0.010746,0,1
179,177,177,176,175,173,172,166,
155.000000,71.000000,0.001399,183641472.000000,0.016637,0,1
200,198,197,193,191,192,182,174,
156.000000,72.000000,0.000906,199069184.000000,0.018375,0,1
197,191,192,182,184,184,174,168,
167.000000,72.000000,0.000168,153793808.000000,0.025172,0,1
187,185,181,179,177,176,170,164,
122.000000,76.000000,0.001566,154223712.000000,0.023893,0,1
170,167,167,159,162,161,153,147,
128.000000,77.000000,0.001529,152579536.000000,0.021992,0,1
165,160,159,154,153,154,146,141,
71.000000,82.000000,0.001663,185795968.000000,0.022044,0,1
137,133,133,126,125,126,117,109,
72.000000,82.000000,0.001568,194240240.000000,0.020172,0,1
137,133,133,125,125,125,116,109,
36.000000,83.000000,0.010920,4520899072.000000,0.069368,0,1
129,123,101,122,102,90,113,102,
95.000000,84.000000,0.001565,164197776.000000,0.025414,0,1
124,118,118,111,113,113,105,101,
146.000000,86.000000,0.000251,165264912.000000,0.020151,0,1
129,123,122,114,115,115,106,100,
157.000000,86.000000,0.000295,183493344.000000,0.012141,0,1
127,121,119,114,113,111,105,98,
36.000000,96.000000,0.010020,242651984.000000,0.059753,0,1
91,91,84,73,68,84,52,45,
117.000000,97.000000,0.006813,312694176.000000,0.027521,0,1
96,91,95,77,80,86,59,58,
443.000000,98.000000,0.006870,611552320.000000,0.137333,0,1
128,125,112,119,120,101,110,91,
44.000000,99.000000,0.010724,1103487232.000000,0.060694,0,1
58,68,45,77,56,37,72,62,
87.000000,103.000000,0.005829,189828672.000000,0.029515,0,1
48,49,40,51,46,37,54,50,
98.000000,104.000000,0.006744,177254240.000000,0.028847,0,1
47,39,53,38,45,54,41,46,
242.000000,106.000000,0.003654,147245136.000000,0.016075,0,1
122,126,128,136,133,140,153,156,
249.000000,106.000000,0.002829,253691712.000000,0.012826,0,1
119,126,126,139,140,138,162,167,
336.000000,106.000000,0.006855,553903552.000000,0.055219,0,1
127,119,128,108,109,135,97,92,
46.000000,108.000000,0.010488,782570112.000000,0.060542,0,1
55,64,50,71,56,49,65,56,
116.000000,108.000000,0.005959,1430364416.000000,0.022283,0,1
70,60,88,57,69,109,60,64,
43.000000,110.000000,0.011378,124801928.000000,0.066240,0,1
74,72,70,60,63,60,48,44,
29.000000,117.000000,0.006920,696560064.000000,0.041309,0,1
46,51,38,52,47,36,51,47,
60.000000,117.000000,0.006475,515657184.000000,0.034207,0,1
45,50,38,53,44,37,51,45,
116.000000,129.000000,0.005044,1912000512.000000,0.018468,0,1
57,56,72,58,64,126,56,62,
42.000000,131.000000,0.012159,149766432.000000,0.071241,0,1
41,42,39,38,34,33,30,26,
73.000000,133.000000,0.006403,635707904.000000,0.029728,0,1
50,40,52,34,47,51,38,46,
162.000000,133.000000,0.001972,598264192.000000,0.008200,0,1
193,149,230,85,155,203,90,92,
46.000000,137.000000,0.011924,841185280.000000,0.065729,0,1
39,33,43,30,38,42,29,32,
113.000000,138.000000,0.016497,28094640.000000,0.060270,0,1
64,58,61,53,57,56,45,46,
281.000000,140.000000,0.016505,185807936.000000,0.104732,0,1
31,37,31,63,48,35,68,64,
64.000000,143.000000,0.008354,814449216.000000,0.042703,0,1
33,37,30,47,30,25,37,28,
79.000000,143.000000,0.012010,333534912.000000,0.054789,0,1
51,45,56,39,44,48,35,42,
107.000000,143.000000,0.012877,371354176.000000,0.050570,0,1
41,51,42,66,50,41,56,45,
405.000000,146.000000,0.019067,26440598.000000,0.389707,0,1
45,39,44,45,47,50,54,60,
35.000000,148.000000,0.008823,114566384.000000,0.051462,0,1
33,34,37,36,39,47,44,50,
166.000000,148.000000,0.010833,8562692.000000,0.060528,0,1
37,44,39,51,55,56,60,61,
71.000000,150.000000,0.006584,243107760.000000,0.030730,0,1
31,33,38,40,50,54,56,52,
51.000000,152.000000,0.003988,263816816.000000,0.032891,0,1
39,39,42,43,44,48,51,61,
98.000000,155.000000,0.017408,100865800.000000,0.071305,0,1
54,52,67,48,57,57,49,49,
42.000000,161.000000,0.018667,725666816.000000,0.109277,0,1
40,51,36,49,42,30,35,33,
182.000000,162.000000,0.030721,18023508.000000,0.166390,0,1
52,58,62,50,55,56,48,48,
303.000000,164.000000,0.020309,10551487.000000,0.473174,0,1
52,52,51,45,45,45,36,34,
306.000000,164.000000,0.019730,28861236.000000,0.341248,0,1
51,51,49,44,44,42,37,36,
53.000000,165.000000,0.014815,82600000.000000,0.082073,0,1
43,45,42,53,52,46,56,56,
42.000000,166.000000,0.018066,1798198144.000000,0.105833,0,1
40,34,49,28,38,52,30,36,
164.000000,166.000000,0.030346,320293568.000000,0.179999,0,1
55,60,37,58,57,33,64,38,
289.000000,167.000000,0.026379,312545792.000000,0.231044,0,1
27,20,32,16,28,38,27,46,
116.000000,170.000000,0.022154,52486484.000000,0.083864,0,1
51,52,50,61,60,55,69,72,
155.000000,175.000000,0.028860,100803032.000000,0.081519,0,1
35,32,27,49,38,37,51,49,
171.000000,176.000000,0.031302,117929720.000000,0.178447,0,1
45,35,50,32,44,58,37,50,
102.000000,180.000000,0.032203,25665790.000000,0.147245,0,1
54,59,58,65,65,62,66,67,
134.000000,181.000000,0.034342,67556248.000000,0.121472,0,1
71,72,75,64,68,69,59,56,
410.000000,181.000000,0.035329,15175332.000000,0.679430,0,1
53,61,62,50,50,50,48,48,
287.000000,183.000000,0.040843,25915424.000000,0.709168,0,1
43,42,41,52,49,46,57,52,
352.000000,183.000000,0.039698,31050554.000000,0.646519,0,1
51,55,55,49,51,52,43,41,
292.000000,184.000000,0.041396,32236586.000000,0.695133,0,1
42,43,42,54,51,48,56,54,
299.000000,185.000000,0.042803,77301520.000000,0.685965,0,1
43,43,43,55,51,50,58,48,
161.000000,186.000000,0.040156,58730076.000000,0.236255,0,1
64,64,66,56,57,56,48,46,
384.000000,186.000000,0.043417,14034471.000000,0.748019,0,1
48,57,55,53,55,57,47,47,
252.000000,187.000000,0.047215,28147050.000000,0.581329,0,1
42,38,47,40,46,49,37,42,
252.000000,190.000000,0.047203,72116216.000000,0.164321,0,1
44,39,47,36,44,50,54,57,
375.000000,191.000000,0.051240,126281000.000000,0.870731,0,1
45,45,46,51,53,54,58,59,
176.000000,195.000000,0.050562,231044768.000000,0.274053,0,1
41,46,44,58,53,51,62,64,
47.000000,196.000000,0.046467,206330304.000000,0.333456,0,1
62,58,59,53,53,55,49,55,
108.000000,196.000000,0.048761,64998956.000000,0.255507,0,1
66,65,67,61,62,61,57,56,
284.000000,196.000000,0.052963,64889704.000000,0.892084,0,1
44,42,42,49,45,44,55,53,
273.000000,197.000000,0.051929,75960704.000000,0.952289,0,1
53,53,54,44,46,49,38,37,
48.000000,198.000000,0.046283,196042768.000000,0.332090,0,1
54,49,53,55,57,61,60,59,
307.000000,198.000000,0.055267,325338176.000000,0.807517,0,1
40,40,41,46,48,50,57,58,
199.000000,201.000000,0.056279,409486848.000000,0.272960,0,1
15,19,16,34,27,25,44,48,
216.000000,201.000000,0.057371,129528848.000000,0.281615,0,1
15,18,18,24,24,24,30,34,
283.000000,201.000000,0.057504,227042816.000000,0.958889,0,1
45,42,44,49,51,54,56,57,
160.000000,202.000000,0.056899,97292448.000000,0.332716,0,1
48,49,49,54,54,54,60,56,
212.000000,202.000000,0.057465,90136912.000000,0.283611,0,1
19,24,24,30,29,30,34,36,
270.000000,202.000000,0.058346,310737248.000000,1.045827,0,1
37,40,40,48,50,51,55,57,
342.000000,202.000000,0.059814,648166272.000000,1.135297,0,1
59,59,57,55,53,51,45,55,
240.000000,205.000000,0.060419,304968704.000000,0.784285,0,1
34,37,36,43,44,47,52,53,
354.000000,205.000000,0.064817,186792176.000000,1.077019,0,1
44,44,46,49,51,52,55,56,
362.000000,205.000000,0.064746,199967440.000000,1.151469,0,1
45,46,48,51,53,53,56,57,
112.000000,207.000000,0.058919,96956744.000000,0.350632,0,1
66,65,65,60,61,60,53,53,
168.000000,210.000000,0.062591,226777472.000000,0.348256,0,1
49,43,46,47,49,55,54,56,
61.000000,214.000000,0.067774,76769520.000000,0.566658,0,1
56,54,53,58,57,60,63,62,
157.000000,214.000000,0.067202,159627248.000000,0.397193,0,1
50,50,51,55,56,57,61,60,
53.000000,217.000000,0.064949,56312188.000000,0.552995,0,1
57,60,60,56,56,57,50,49,
56.000000,217.000000,0.065302,78726280.000000,0.551647,0,1
61,61,62,57,56,57,50,51,
251.000000,217.000000,0.072588,588132928.000000,1.372683,0,1
51,51,50,62,61,56,62,57,
252.000000,217.000000,0.072724,598161088.000000,1.372097,0,1
52,49,51,62,60,53,62,59,
342.000000,219.000000,0.075812,159114832.000000,1.322398,0,1
53,52,51,48,47,47,41,41,
294.000000,220.000000,0.076943,474628800.000000,1.216871,0,1
53,54,53,50,48,48,43,42,
72.000000,222.000000,0.072250,246027888.000000,0.621594,0,1
56,53,54,47,49,50,46,47,
279.000000,224.000000,0.081270,547544448.000000,1.267620,0,1
41,46,45,55,52,50,54,55,
295.000000,227.000000,0.085209,1017902208.000000,1.572083,0,1
44,41,41,54,47,41,60,57,
337.000000,227.000000,0.083830,326543200.000000,1.575764,0,1
51,51,49,47,45,43,40,40,
60.000000,238.000000,0.089096,529092480.000000,0.985383,0,1
52,52,52,50,49,45,42,49,
203.000000,239.000000,0.093475,342924896.000000,0.786334,0,1
60,58,57,58,54,51,50,47,
47.000000,243.000000,0.094803,2587932928.000000,1.161677,0,1
46,44,39,48,43,41,50,51,
54.000000,244.000000,0.095662,2189050624.000000,1.169642,0,1
50,44,46,53,53,53,54,51,
93.000000,245.000000,0.096290,527709504.000000,1.099178,0,1
55,51,54,48,50,52,46,44,
166.000000,248.000000,0.102178,26262036.000000,0.806877,0,1
54,56,56,54,52,52,50,46,
153.000000,24.000000,0.002068,393925504.000000,0.013333,0,1
201,203,208,211,212,214,222,227,
71.000000,27.000000,0.000382,224840992.000000,0.022384,0,1
203,207,203,213,211,208,217,221,
82.000000,28.000000,0.001868,253816944.000000,0.022516,0,1
206,203,204,213,210,210,221,225,
203.000000,53.000000,0.002057,172573600.000000,0.018223,0,1
233,232,231,224,224,223,216,212,
208.000000,54.000000,0.001765,232563840.000000,0.018776,0,1
228,222,222,216,216,214,212,210,
136.000000,253.000000,0.104751,37406016.000000,0.919406,0,1
60,57,56,52,52,51,48,46,
41.000000,62.000000,0.003387,188395136.000000,0.032652,0,1
219,215,214,209,208,207,203,198,
135.000000,71.000000,0.001010,167840320.000000,0.017541,0,1
196,193,191,186,185,187,177,171,
141.000000,72.000000,0.001265,228893952.000000,0.021916,0,1
195,191,188,182,182,184,173,167,
91.000000,236.000000,0.087996,1981580672.000000,0.881371,0,1
58,58,59,48,53,58,45,49,
305.000000,231.000000,0.088284,168548304.000000,1.165121,0,1
44,45,38,53,50,46,58,62,
59.000000,82.000000,0.001681,205651632.000000,0.022601,0,1
140,134,134,128,127,127,119,113,
282.000000,225.000000,0.082301,383543680.000000,1.276645,0,1
44,50,47,55,60,50,59,56,
269.000000,221.000000,0.077329,397094944.000000,1.301108,0,1
48,44,41,54,50,43,52,52,
298.000000,220.000000,0.076916,730212032.000000,1.263403,0,1
53,54,53,48,46,45,41,41,
222.000000,215.000000,0.069657,318871232.000000,0.490402,0,1
50,54,50,60,57,55,64,63,
147.000000,214.000000,0.067219,235660640.000000,0.413561,0,1
48,48,48,52,52,53,59,63,
91.000000,97.000000,0.006732,482005920.000000,0.032804,0,1
95,93,92,74,73,72,44,38,
233.000000,206.000000,0.061058,297471520.000000,0.806521,0,1
35,38,39,47,48,50,53,53,
279.000000,103.000000,0.005790,170195920.000000,0.060920,0,1
116,112,111,105,97,97,91,81,
315.000000,198.000000,0.054894,233083632.000000,0.761139,0,1
41,43,47,50,53,54,56,58,
305.000000,198.000000,0.055294,346568672.000000,0.809578,0,1
40,39,40,44,46,48,56,59,
435.000000,108.000000,0.005893,1112870656.000000,0.109852,0,1
91,83,75,76,70,62,75,66,
315.000000,197.000000,0.054978,184960352.000000,0.760864,0,1
41,41,42,43,46,48,50,57,
397.000000,192.000000,0.044623,110840128.000000,0.851512,0,1
51,50,49,56,54,54,60,60,
209.000000,124.000000,0.004652,121855912.000000,0.019159,0,1
76,96,89,118,115,111,148,138,
384.000000,190.000000,0.050956,132121440.000000,0.928248,0,1
47,46,47,49,52,53,56,59,
349.000000,183.000000,0.039816,58265780.000000,0.632374,0,1
53,56,57,45,48,50,42,42,
273.000000,137.000000,0.016101,246744112.000000,0.092224,0,1
34,43,33,70,52,37,73,75,
395.000000,178.000000,0.041929,47032808.000000,0.765103,0,1
41,42,41,55,54,51,58,49,
107.000000,144.000000,0.013019,376403392.000000,0.051033,0,1
46,59,41,61,48,39,51,46,
265.000000,171.000000,0.029852,31952208.000000,0.401809,0,1
26,42,42,50,48,47,54,54,
268.000000,170.000000,0.028416,53799664.000000,0.168008,0,1
18,23,23,42,41,41,47,52,
286.000000,169.000000,0.026366,187905904.000000,0.274067,0,1
15,22,22,37,40,44,52,51,
319.000000,151.000000,0.012376,669610816.000000,0.210501,0,1
61,59,50,55,46,35,46,49,
372.000000,151.000000,0.016779,1989680512.000000,0.260575,0,1
55,33,58,34,43,50,31,48,
182.000000,154.000000,0.030179,60197672.000000,0.063129,0,1
95,80,93,64,66,65,46,31,
369.000000,155.000000,0.017557,1203994112.000000,0.267686,0,1
24,28,36,36,40,49,45,51,
368.000000,156.000000,0.033255,410709344.000000,0.345166,0,1
28,36,40,47,45,52,39,44,
165.000000,157.000000,0.029928,235362880.000000,0.175933,0,1
75,69,56,65,61,49,66,42,
174.000000,162.000000,0.030315,51742812.000000,0.172226,0,1
62,57,64,44,50,53,42,41,
106.000000,25.000000,0.001963,513319456.000000,0.018233,0,1
205,207,210,216,216,219,224,228,
109.000000,25.000000,0.001728,378204992.000000,0.020146,0,1
204,209,207,218,218,216,227,226,
71.000000,157.000000,0.009924,1732286592.000000,0.047779,0,1
43,64,33,77,51,31,63,40,
324.000000,38.000000,0.003952,77746272.000000,0.126331,0,1
188,188,189,190,191,191,193,195,
170.000000,40.000000,0.001635,90889712.000000,0.023070,0,1
232,233,235,235,243,245,242,244,
124.000000,250.000000,0.107234,36161052.000000,0.965371,0,1
52,54,52,55,53,51,56,60,
73.000000,145.000000,0.009243,819724736.000000,0.043176,0,1
33,28,42,24,38,55,31,39,
374.000000,143.000000,0.006365,199493728.000000,0.075273,0,1
35,40,32,50,45,37,55,47,
363.000000,142.000000,0.014979,887784960.000000,0.213677,0,1
36,43,35,60,51,36,65,68,
146.000000,174.000000,0.028139,61468172.000000,0.088119,0,1
36,35,32,48,43,38,49,56,
296.000000,139.000000,0.018505,342299648.000000,0.175186,0,1
33,39,42,56,64,74,76,79,
274.000000,222.000000,0.079514,471272864.000000,1.282657,0,1
41,40,38,51,47,42,55,52,
313.000000,219.000000,0.076198,227976880.000000,1.422924,0,1
53,54,53,53,52,52,45,40,
140.000000,87.000000,0.000232,160815568.000000,0.009912,0,1
123,115,116,108,107,107,98,94,
432.000000,89.000000,0.002806,133720800.000000,0.063542,0,1
121,124,124,129,130,128,139,140,
148.000000,136.000000,0.001356,66332152.000000,0.004741,0,1
77,66,76,46,63,59,42,40,
242.000000,214.000000,0.069361,316807520.000000,1.416358,0,1
51,44,50,58,53,46,62,61,
65.000000,97.000000,0.006779,590663104.000000,0.037369,0,1
100,90,87,60,60,61,38,39,
89.000000,97.000000,0.006702,451170560.000000,0.033003,0,1
96,93,93,73,74,73,45,39,
212.000000,212.000000,0.067304,256542000.000000,0.411210,0,1
45,47,47,50,51,52,59,61,
116.000000,100.000000,0.006012,1679762944.000000,0.023550,0,1
59,44,58,45,67,103,54,73,
447.000000,100.000000,0.006267,3712559104.000000,0.127726,0,1
120,93,117,87,96,110,78,68,
277.000000,103.000000,0.006665,73284056.000000,0.061373,0,1
116,119,112,117,105,97,101,87,
355.000000,197.000000,0.055010,363913600.000000,1.098301,0,1
60,59,60,59,56,53,50,46,
206.000000,115.000000,0.001996,257534112.000000,0.004677,0,1
143,137,127,141,120,94,122,92,
180.000000,196.000000,0.051850,242402976.000000,0.273615,0,1
43,48,43,59,53,45,62,60,
168.000000,193.000000,0.048219,317053664.000000,0.271996,0,1
42,46,43,59,55,50,66,66,
308.000000,188.000000,0.044371,52331384.000000,0.707106,0,1
49,58,59,48,51,55,43,42,
201.000000,120.000000,0.003550,504500224.000000,0.006594,0,1
138,136,92,121,90,64,81,49,
168.000000,123.000000,0.001986,52814112.000000,0.025625,0,1
149,151,145,137,132,126,117,125,
154.000000,124.000000,0.001419,236005360.000000,0.006550,0,1
152,145,134,125,112,108,114,108,
158.000000,190.000000,0.045180,225041568.000000,0.268872,0,1
48,53,47,64,56,48,60,59,
279.000000,126.000000,0.003442,108106744.000000,0.012527,0,1
61,79,48,82,53,44,66,56,
266.000000,129.000000,0.004439,44170992.000000,0.016214,0,1
55,68,44,51,54,40,46,39,
234.000000,117.000000,0.003038,738366464.000000,0.012934,0,1
149,138,114,76,102,92,62,72,
382.000000,166.000000,0.035334,7951093248.000000,0.700985,0,1
63,94,85,48,63,58,56,49,
261.000000,114.000000,0.004583,184860768.000000,0.015822,0,1
137,111,119,78,96,103,72,63,
429.000000,107.000000,0.006759,1679155328.000000,0.151684,0,1
100,105,95,107,102,89,105,97,
197.000000,201.000000,0.055924,425678656.000000,0.272098,0,1
19,26,19,45,34,27,49,49,
177.000000,185.000000,0.039872,90782224.000000,0.222022,0,1
65,68,68,58,56,53,48,45,
170.000000,185.000000,0.039938,93639552.000000,0.224705,0,1
70,72,71,66,63,60,51,45,
225.000000,103.000000,0.000764,358230240.000000,0.003737,0,1
117,113,107,111,86,85,76,67,
251.000000,204.000000,0.059461,426070304.000000,1.182268,0,1
36,38,40,45,48,51,56,56,
161.000000,135.000000,0.001949,324008000.000000,0.005678,0,1
116,66,124,47,69,98,46,46,
112.000000,98.000000,0.006467,313745760.000000,0.028898,0,1
88,73,75,54,55,57,40,42,
150.000000,96.000000,0.001134,67908760.000000,0.004247,0,1
93,101,98,109,106,107,112,115,
46.000000,96.000000,0.007084,555043456.000000,0.042132,0,1
101,94,101,74,80,80,52,38,
75.000000,215.000000,0.065137,98038048.000000,0.507379,0,1
58,60,59,53,53,52,50,53,
117.000000,102.000000,0.006169,2318162432.000000,0.023776,0,1
85,73,114,56,95,116,71,90,
149.000000,146.000000,0.028052,495941984.000000,0.078318,0,1
52,67,40,76,55,38,59,45,
142.000000,172.000000,0.026803,103898984.000000,0.083943,0,1
52,53,40,52,39,31,45,51,
117.000000,108.000000,0.006307,1712011008.000000,0.023429,0,1
88,70,109,60,87,120,66,81,
124.000000,127.000000,0.001062,363083584.000000,0.007518,0,1
102,109,112,143,149,170,209,252,
206.000000,212.000000,0.066770,283485728.000000,0.389254,0,1
45,47,46,54,53,51,61,62,
306.000000,105.000000,0.001662,103264032.000000,0.010920,0,1
120,126,125,144,141,140,159,154,
134.000000,125.000000,0.001956,335367232.000000,0.008248,0,1
110,105,107,111,112,110,149,222,
305.000000,105.000000,0.001667,80752936.000000,0.009256,0,1
119,127,125,144,142,141,158,155,
60.000000,96.000000,0.007067,361487296.000000,0.039641,0,1
104,101,104,84,87,90,58,38,
334.000000,136.000000,0.011446,495964672.000000,0.167178,0,1
42,47,36,40,45,36,57,56,
312.000000,151.000000,0.017215,2302349824.000000,0.284874,0,1
81,92,68,91,75,54,76,44,
327.000000,135.000000,0.015661,3382616064.000000,0.234823,0,1
59,83,46,88,62,39,82,62,
294.000000,34.000000,0.000233,151001856.000000,0.006601,0,1
198,200,199,202,204,201,207,209,
318.000000,136.000000,0.015603,721367936.000000,0.149659,0,1
86,87,59,89,72,59,89,83,
299.000000,138.000000,0.016809,1026843200.000000,0.132844,0,1
55,39,76,42,63,88,74,80,
135.000000,125.000000,0.002016,191531136.000000,0.008416,0,1
112,107,108,113,111,107,157,219,
282.000000,108.000000,0.005654,446060736.000000,0.037376,0,1
97,89,104,87,89,109,76,79,
299.000000,134.000000,0.016941,2004401408.000000,0.306521,0,1
59,42,70,34,59,87,39,55,
231.000000,115.000000,0.002885,1013018304.000000,0.012229,0,1
167,127,167,52,125,162,48,54,
137.000000,181.000000,0.034514,30386308.000000,0.119357,0,1
74,76,75,69,68,65,61,58,
123.000000,171.000000,0.022575,126596112.000000,0.080227,0,1
29,48,48,66,62,59,73,72,
233.000000,117.000000,0.003135,844073088.000000,0.013229,0,1
162,105,130,54,101,93,63,62,
277.000000,114.000000,0.004887,169822720.000000,0.029583,0,1
106,101,77,97,87,71,98,76,
261.000000,139.000000,0.016420,82318072.000000,0.054462,0,1
59,66,50,72,50,50,56,63,
89.000000,165.000000,0.016014,18942964.000000,0.074437,0,1
29,32,30,39,35,33,46,49,
