# timestamp
1608635116936770816

# fx, fy, cx, cy, width, height, npoints
501.476318,501.475830,421.800781,167.658615,800,400,507

# camToWorld: translation vector, rotation quaternion
-9.467168,57.431688,1.348963,-0.662031,0.027169,0.000176,0.748984

# Exposure time (ms)
8.375458

# Point Cloud Data : 
# u,v,idepth_scaled,idepth_hessian,maxRelBaseline,numGoodRes,status 
# color information 
767.000000,71.000000,0.169468,18189428.000000,0.580343,0,1
95,99,104,102,102,90,97,55,
765.000000,73.000000,0.167278,34690680.000000,0.570331,0,1
102,107,97,99,82,55,60,36,
665.000000,142.000000,0.109211,89586712.000000,0.506326,0,1
35,48,26,54,40,22,51,43,
751.000000,195.000000,0.257297,14295271.000000,0.767590,0,1
44,51,45,66,66,57,78,77,
660.000000,245.000000,0.200812,206669616.000000,0.834521,0,1
30,47,22,58,37,20,61,40,
757.000000,249.000000,0.146144,671022080.000000,1.142844,0,1
62,84,49,93,64,49,85,64,
744.000000,17.000000,0.177666,94083016.000000,0.413147,0,1
234,234,96,192,71,43,60,40,
733.000000,23.000000,0.172265,83416432.000000,0.388535,0,1
255,244,178,236,138,59,108,44,
70.000000,26.000000,0.294237,2407804.250000,2.302302,0,1
3,6,3,10,8,3,9,8,
72.000000,27.000000,0.291884,2472717.500000,2.278837,0,1
3,5,3,10,8,3,9,8,
761.000000,45.000000,0.164563,38123824.000000,1.271815,0,1
42,44,50,44,51,57,50,58,
754.000000,49.000000,0.161314,28733794.000000,1.229898,0,1
41,41,45,43,48,54,51,58,
749.000000,53.000000,0.158839,12638022.000000,1.198516,0,1
45,47,50,50,54,55,54,59,
71.000000,56.000000,0.286299,3910937.500000,3.918832,0,1
6,10,4,14,11,6,14,14,
757.000000,63.000000,0.159467,26241860.000000,1.215104,0,1
69,71,77,75,80,87,83,91,
87.000000,64.000000,0.290289,2599023.000000,3.685317,0,1
4,6,6,14,10,8,13,13,
751.000000,68.000000,0.157443,50619496.000000,1.182627,0,1
70,75,83,81,86,95,89,95,
759.000000,76.000000,0.164589,27187344.000000,0.552612,0,1
97,97,82,92,67,43,47,33,
752.000000,80.000000,0.160475,84708760.000000,0.927995,0,1
88,77,54,62,42,34,34,33,
745.000000,82.000000,0.158616,16615966.000000,0.513062,0,1
94,95,86,84,63,41,47,32,
750.000000,102.000000,0.143749,196906336.000000,1.227759,0,1
15,16,22,18,26,32,28,36,
62.000000,110.000000,0.320455,16927344.000000,3.980130,0,1
11,12,9,13,11,6,13,12,
756.000000,119.000000,0.142774,138877760.000000,1.092761,0,1
90,89,96,91,98,108,102,110,
761.000000,126.000000,0.141572,44890232.000000,0.853484,0,1
131,132,141,134,142,150,144,152,
62.000000,128.000000,0.322725,17066526.000000,3.941972,0,1
10,12,8,14,9,6,12,9,
747.000000,135.000000,0.141765,2139254656.000000,1.184752,0,1
68,50,80,54,66,89,49,63,
750.000000,148.000000,0.141886,2477236736.000000,1.062251,0,1
100,87,117,69,101,132,84,100,
752.000000,148.000000,0.141797,880224960.000000,0.830000,0,1
133,117,145,101,132,153,117,130,
62.000000,156.000000,0.303979,3206302.750000,2.231965,0,1
7,7,6,9,8,5,12,13,
68.000000,158.000000,0.299941,1118636.625000,2.178492,0,1
6,8,6,11,10,8,13,14,
78.000000,160.000000,0.295885,5513208.500000,3.574874,0,1
7,8,6,11,9,8,13,15,
751.000000,167.000000,0.142119,179999232.000000,0.468554,0,1
82,69,91,59,78,96,61,73,
86.000000,196.000000,0.342445,18002600.000000,3.581393,0,1
12,12,12,9,10,10,6,4,
717.000000,214.000000,0.285131,159045872.000000,1.458449,0,1
42,35,50,36,55,56,56,36,
716.000000,231.000000,0.286298,136890096.000000,1.536745,0,1
32,25,41,21,33,45,25,34,
720.000000,232.000000,0.280272,110367168.000000,1.542380,0,1
34,41,30,45,33,25,39,31,
716.000000,239.000000,0.286542,107850008.000000,1.485943,0,1
34,24,41,20,34,43,22,32,
100.000000,240.000000,0.330914,31196080.000000,3.377532,0,1
10,9,11,7,10,12,9,11,
719.000000,243.000000,0.281152,13804586.000000,0.773915,0,1
39,43,36,53,48,40,76,76,
712.000000,248.000000,0.280334,179592800.000000,0.760557,0,1
41,68,28,95,44,24,66,42,
712.000000,263.000000,0.280431,172528032.000000,0.773521,0,1
44,63,29,92,43,26,65,41,
758.000000,265.000000,0.144385,287433600.000000,0.905502,0,1
49,66,44,78,59,39,72,64,
720.000000,268.000000,0.281051,48844368.000000,0.574178,0,1
71,59,85,44,69,98,56,71,
759.000000,274.000000,0.146858,784117312.000000,1.283335,0,1
62,74,51,73,61,43,75,64,
765.000000,275.000000,0.145971,344171264.000000,0.937892,0,1
85,64,95,52,82,96,59,76,
734.000000,280.000000,0.271598,7486060.500000,0.824969,0,1
92,93,84,66,82,91,74,85,
711.000000,286.000000,0.277901,106772840.000000,0.788842,0,1
59,79,40,90,60,29,77,60,
711.000000,288.000000,0.278042,98730904.000000,0.791319,0,1
60,77,39,99,60,28,83,62,
761.000000,289.000000,0.150043,59032568.000000,0.960708,0,1
55,70,49,82,64,47,79,70,
712.000000,290.000000,0.280501,47941280.000000,0.450435,0,1
40,61,29,85,41,27,62,39,
711.000000,23.000000,0.162347,120111192.000000,0.501673,0,1
35,38,69,44,81,166,91,186,
730.000000,25.000000,0.171207,126524688.000000,0.534705,0,1
255,252,172,233,140,58,108,43,
719.000000,31.000000,0.165604,120029296.000000,0.495792,0,1
253,254,196,255,174,70,135,56,
720.000000,32.000000,0.165529,127574776.000000,0.510563,0,1
196,174,70,135,59,42,56,40,
89.000000,37.000000,0.278594,2621168.750000,3.729790,0,1
3,5,3,11,7,3,10,8,
98.000000,42.000000,0.270056,2109567.750000,3.558094,0,1
3,4,3,10,5,3,9,9,
722.000000,62.000000,0.147759,29171968.000000,1.056324,0,1
31,31,34,31,35,38,34,41,
95.000000,68.000000,0.279216,5064117.000000,3.528875,0,1
5,8,5,13,10,8,13,12,
96.000000,68.000000,0.279149,3289159.750000,3.515807,0,1
5,5,7,12,7,7,13,13,
741.000000,71.000000,0.152722,28181380.000000,1.127693,0,1
68,69,77,70,77,83,80,91,
739.000000,72.000000,0.152776,65876036.000000,1.120746,0,1
66,68,73,69,75,85,78,89,
723.000000,87.000000,0.145986,12422348.000000,0.815621,0,1
91,95,84,94,87,82,89,85,
733.000000,87.000000,0.152374,77359248.000000,0.843840,0,1
87,87,73,79,58,38,46,31,
731.000000,88.000000,0.151130,61698240.000000,0.832844,0,1
88,83,71,72,57,38,43,30,
545.000000,110.000000,0.106304,14115124.000000,0.270065,0,1
36,40,39,54,52,49,60,70,
654.000000,110.000000,0.173521,2434257.500000,0.398444,0,1
39,38,41,35,42,49,41,52,
670.000000,114.000000,0.122759,85449144.000000,0.753899,0,1
70,70,66,63,55,39,41,29,
746.000000,119.000000,0.141575,1256957696.000000,1.192041,0,1
43,35,54,33,46,63,37,50,
734.000000,122.000000,0.143656,107801672.000000,1.163134,0,1
64,66,61,72,68,64,73,76,
743.000000,122.000000,0.141783,292581440.000000,1.181981,0,1
38,49,37,56,46,38,57,49,
641.000000,127.000000,0.109700,118380840.000000,0.615745,0,1
76,72,60,63,43,32,34,29,
745.000000,141.000000,0.142200,353784064.000000,1.051210,0,1
60,71,53,79,65,60,78,73,
93.000000,164.000000,0.279938,6592185.500000,1.953442,0,1
6,10,9,17,15,13,18,18,
96.000000,164.000000,0.278523,9513272.000000,3.280181,0,1
8,9,7,14,11,9,18,18,
647.000000,164.000000,0.102226,495031296.000000,0.596364,0,1
66,79,51,88,75,48,85,80,
110.000000,167.000000,0.266537,10383072.000000,3.061274,0,1
7,8,9,14,12,10,17,18,
113.000000,168.000000,0.261600,6420737.500000,1.768958,0,1
8,10,8,17,14,12,17,17,
647.000000,172.000000,0.102458,175647840.000000,0.449700,0,1
93,95,75,102,99,58,100,105,
600.000000,183.000000,0.176098,478837952.000000,0.542452,0,1
117,66,113,35,109,118,57,98,
110.000000,188.000000,0.326899,4965047.500000,3.236617,0,1
5,6,6,10,9,8,12,13,
112.000000,188.000000,0.327380,3158301.750000,3.212811,0,1
5,6,5,9,8,7,11,13,
106.000000,206.000000,0.334338,16071790.000000,3.302680,0,1
13,10,15,8,14,17,11,14,
104.000000,208.000000,0.329761,8910274.000000,3.315395,0,1
8,6,11,5,8,14,6,8,
689.000000,210.000000,0.253720,24895608.000000,0.719839,0,1
35,100,75,35,62,92,25,24,
702.000000,211.000000,0.267943,29910516.000000,0.805790,0,1
24,28,29,91,72,42,78,50,
689.000000,235.000000,0.258929,31153252.000000,0.746157,0,1
25,31,28,94,67,37,72,47,
700.000000,238.000000,0.267339,20064682.000000,0.807440,0,1
22,32,22,72,50,32,94,42,
604.000000,253.000000,0.182358,74556968.000000,0.376030,0,1
63,37,87,32,61,78,34,39,
655.000000,259.000000,0.102255,315623776.000000,0.513449,0,1
63,79,51,87,68,55,84,71,
656.000000,267.000000,0.103642,154903776.000000,0.525387,0,1
62,77,47,84,65,49,82,69,
654.000000,272.000000,0.230532,5256228.000000,0.564707,0,1
82,75,82,62,68,71,67,72,
107.000000,284.000000,0.077236,9360692.000000,0.902552,0,1
5,8,6,14,12,7,16,16,
435.000000,292.000000,0.150470,31802660.000000,0.648005,0,1
72,81,73,84,78,74,88,87,
695.000000,294.000000,0.268070,9305596.000000,0.743496,0,1
55,67,57,87,83,65,84,94,
486.000000,295.000000,0.150441,17974184.000000,0.661888,0,1
123,109,122,103,109,120,99,98,
495.000000,295.000000,0.150449,28263004.000000,0.671113,0,1
114,126,113,132,121,110,131,129,
427.000000,296.000000,0.151834,20574092.000000,0.679380,0,1
71,63,84,54,70,83,60,69,
497.000000,298.000000,0.156130,26523156.000000,0.699498,0,1
109,122,106,130,118,110,131,132,
708.000000,26.000000,0.162319,90618880.000000,0.493339,0,1
49,62,111,76,139,186,166,220,
712.000000,36.000000,0.162119,161320080.000000,0.748891,0,1
254,255,194,249,160,60,108,46,
696.000000,37.000000,0.153751,97359152.000000,0.667968,0,1
177,203,213,235,234,234,253,255,
707.000000,39.000000,0.158972,217534880.000000,0.717856,0,1
255,253,184,251,164,66,122,46,
624.000000,63.000000,0.171798,664429184.000000,0.359905,0,1
235,127,254,89,222,255,124,206,
669.000000,63.000000,0.140108,97243952.000000,0.338101,0,1
255,252,187,235,148,61,108,46,
602.000000,68.000000,0.191848,45918820.000000,0.369543,0,1
43,52,107,82,154,221,207,248,
710.000000,72.000000,0.141366,15563746.000000,0.981863,0,1
40,40,44,41,45,50,46,52,
716.000000,82.000000,0.140958,56145796.000000,1.135474,0,1
55,57,65,63,69,75,73,81,
128.000000,84.000000,0.240218,2836165.250000,2.964408,0,1
6,6,6,10,8,5,10,10,
711.000000,95.000000,0.140751,75944136.000000,0.740547,0,1
87,84,81,88,80,64,75,45,
710.000000,102.000000,0.140467,1160609664.000000,0.954145,0,1
75,98,70,121,94,71,121,99,
722.000000,102.000000,0.140366,307840896.000000,1.128270,0,1
27,34,29,42,37,30,46,48,
710.000000,108.000000,0.140474,501252896.000000,0.734045,0,1
113,136,97,141,120,86,149,136,
679.000000,109.000000,0.125697,54930080.000000,0.794074,0,1
79,74,82,66,74,66,63,38,
712.000000,111.000000,0.140827,1720786560.000000,0.956383,0,1
90,113,86,146,98,85,121,109,
705.000000,112.000000,0.137621,28038390.000000,0.565745,0,1
144,151,146,153,164,157,165,176,
632.000000,115.000000,0.174178,546376448.000000,0.806367,0,1
45,61,40,132,47,38,68,50,
712.000000,119.000000,0.140674,1047524608.000000,0.736029,0,1
129,162,108,192,132,95,167,142,
712.000000,124.000000,0.140961,901026176.000000,0.593607,0,1
146,185,126,197,154,106,179,155,
711.000000,129.000000,0.140449,354980032.000000,0.588328,0,1
194,194,169,201,202,141,209,207,
712.000000,130.000000,0.140934,962462848.000000,0.592593,0,1
169,202,141,209,177,113,207,176,
713.000000,136.000000,0.141141,1022221312.000000,0.594976,0,1
149,189,124,195,155,103,184,157,
632.000000,139.000000,0.174511,717308160.000000,0.360201,0,1
94,168,43,139,106,24,168,121,
715.000000,148.000000,0.141604,775645824.000000,0.741315,0,1
124,146,104,180,131,103,155,137,
706.000000,151.000000,0.138118,108729568.000000,0.699819,0,1
169,158,174,156,167,183,166,176,
134.000000,172.000000,0.244402,8728126.000000,2.696582,0,1
8,9,7,14,11,10,16,17,
278.000000,188.000000,0.112857,4093368.750000,0.176521,0,1
20,30,17,31,21,19,32,25,
592.000000,202.000000,0.170248,44539608.000000,0.304822,0,1
30,50,26,73,32,25,47,30,
482.000000,205.000000,0.076757,11695648.000000,0.072336,0,1
212,185,175,78,152,169,64,52,
675.000000,208.000000,0.237338,81916416.000000,1.032166,0,1
91,82,86,28,33,50,26,24,
624.000000,210.000000,0.179753,57635864.000000,0.647681,0,1
80,84,68,75,61,47,35,28,
568.000000,215.000000,0.145517,16038032.000000,0.239784,0,1
33,41,39,99,60,41,79,58,
602.000000,219.000000,0.179758,153355696.000000,0.589387,0,1
56,34,84,27,48,83,31,39,
602.000000,224.000000,0.181479,103456736.000000,0.598805,0,1
35,29,77,24,31,77,29,34,
671.000000,232.000000,0.243737,25107564.000000,1.076976,0,1
68,66,74,24,37,65,22,21,
603.000000,242.000000,0.183320,35490552.000000,0.368170,0,1
60,46,77,46,57,69,43,54,
640.000000,262.000000,0.183982,41250064.000000,0.433895,0,1
53,32,65,31,54,66,29,52,
606.000000,281.000000,0.220530,32353324.000000,0.494235,0,1
167,139,171,35,107,167,32,31,
428.000000,287.000000,0.142493,14490308.000000,0.614484,0,1
82,68,87,62,77,89,64,76,
433.000000,287.000000,0.144008,21151128.000000,0.612094,0,1
76,84,71,88,81,68,88,84,
474.000000,287.000000,0.141313,7907854.500000,0.597041,0,1
111,102,112,101,107,109,100,98,
498.000000,287.000000,0.138785,4968731.000000,0.402709,0,1
101,107,98,113,106,98,122,128,
615.000000,287.000000,0.230391,44935652.000000,0.545255,0,1
172,115,171,33,89,166,30,29,
616.000000,287.000000,0.231070,42015832.000000,0.549079,0,1
173,152,175,51,137,176,37,31,
429.000000,288.000000,0.143207,10348003.000000,0.624024,0,1
87,77,89,64,84,88,76,81,
615.000000,288.000000,0.230812,52691344.000000,0.547707,0,1
152,51,137,28,37,112,27,27,
617.000000,288.000000,0.232012,39654672.000000,0.554924,0,1
175,137,176,37,112,176,31,29,
653.000000,288.000000,0.228203,9626448.000000,1.171919,0,1
73,99,77,110,106,88,112,113,
501.000000,289.000000,0.143426,4212152.500000,0.419445,0,1
94,106,92,121,109,92,127,118,
476.000000,290.000000,0.144170,10581788.000000,0.622442,0,1
109,101,109,103,107,106,100,100,
504.000000,290.000000,0.145334,14540989.000000,0.649822,0,1
84,92,83,110,94,86,101,98,
107.000000,291.000000,0.059842,79040032.000000,0.746745,0,1
6,9,8,14,14,10,17,18,
112.000000,294.000000,0.064659,6584838.500000,0.783765,0,1
7,11,8,16,13,12,17,16,
517.000000,295.000000,0.156409,17227370.000000,0.717468,0,1
56,65,55,74,64,51,74,74,
687.000000,40.000000,0.148455,263206704.000000,0.885932,0,1
61,75,151,85,178,240,198,253,
694.000000,47.000000,0.152420,176808720.000000,0.650015,0,1
255,255,212,246,181,74,140,49,
686.000000,52.000000,0.148420,127916592.000000,0.609593,0,1
255,255,219,247,176,80,133,50,
698.000000,78.000000,0.136207,24662108.000000,1.062067,0,1
36,36,40,36,40,45,41,45,
613.000000,80.000000,0.172223,114779744.000000,0.771945,0,1
167,202,201,139,126,118,58,42,
703.000000,87.000000,0.137199,71935088.000000,1.070731,0,1
55,53,58,53,60,66,63,69,
647.000000,89.000000,0.195200,176619728.000000,1.050086,0,1
38,26,41,20,35,40,24,31,
456.000000,92.000000,0.129254,74609.664062,0.359525,0,1
11,12,12,13,13,14,14,15,
694.000000,95.000000,0.132816,24142774.000000,0.875947,0,1
67,71,75,75,81,83,86,88,
691.000000,97.000000,0.130727,39672332.000000,0.858495,0,1
72,76,83,76,86,88,88,93,
703.000000,101.000000,0.135864,26140062.000000,0.788872,0,1
86,93,100,98,106,115,108,121,
700.000000,116.000000,0.134761,64814176.000000,0.767264,0,1
147,155,151,166,163,168,172,171,
689.000000,119.000000,0.130371,3470578688.000000,0.838935,0,1
76,35,108,18,77,134,28,65,
690.000000,125.000000,0.130304,2861106688.000000,0.707669,0,1
104,53,143,19,103,168,50,88,
702.000000,125.000000,0.137051,201131872.000000,0.786781,0,1
173,172,200,168,188,204,168,179,
699.000000,130.000000,0.135168,215693664.000000,0.764071,0,1
164,159,178,178,173,184,166,176,
691.000000,133.000000,0.130619,2276189696.000000,0.710867,0,1
126,77,159,31,121,165,65,108,
482.000000,136.000000,0.073985,53364796.000000,0.067900,0,1
97,183,116,210,219,125,255,238,
691.000000,137.000000,0.130718,1888800896.000000,0.711007,0,1
108,57,136,32,98,158,55,89,
498.000000,143.000000,0.073775,140809248.000000,0.081743,0,1
201,101,249,108,190,255,96,178,
700.000000,143.000000,0.134921,24617638.000000,0.764486,0,1
148,132,133,142,146,151,156,168,
598.000000,163.000000,0.176007,951435648.000000,0.481508,0,1
100,45,126,29,92,126,39,75,
600.000000,175.000000,0.177978,359461184.000000,0.496691,0,1
117,57,85,34,118,126,75,122,
538.000000,191.000000,0.115733,7112124.000000,0.208034,0,1
53,60,56,88,76,59,91,57,
360.000000,193.000000,0.025394,34200568.000000,0.020344,0,1
60,75,79,195,199,202,255,255,
539.000000,193.000000,0.110145,5398388.000000,0.285839,0,1
70,97,85,51,72,92,53,54,
292.000000,194.000000,0.027078,67654528.000000,0.043240,0,1
26,30,29,71,73,73,253,255,
456.000000,197.000000,0.037317,57784668.000000,0.030127,0,1
201,254,156,252,176,128,178,124,
592.000000,197.000000,0.171984,134098088.000000,0.468751,0,1
29,44,26,67,30,25,43,29,
352.000000,201.000000,0.063830,58044920.000000,0.061721,0,1
209,185,249,189,138,255,96,92,
344.000000,208.000000,0.039646,727916.937500,0.042903,0,1
160,150,85,132,76,67,67,60,
516.000000,211.000000,0.030486,1692708.500000,0.065006,0,1
66,89,68,246,135,73,255,255,
468.000000,214.000000,0.067292,27497734.000000,0.073476,0,1
96,105,94,79,63,52,70,32,
473.000000,214.000000,0.060121,4193444.750000,0.121447,0,1
58,73,57,79,73,53,79,74,
560.000000,214.000000,0.136992,16728681.000000,0.306981,0,1
87,95,107,71,77,89,56,45,
531.000000,215.000000,0.114776,30380374.000000,0.210135,0,1
109,76,122,38,79,113,47,86,
379.000000,219.000000,0.063202,98711440.000000,0.096465,0,1
255,236,238,156,151,142,69,54,
514.000000,223.000000,0.107972,3430180.500000,0.182711,0,1
255,210,255,62,168,250,54,50,
648.000000,223.000000,0.219548,29030988.000000,1.269378,0,1
29,31,29,67,52,35,77,49,
647.000000,225.000000,0.219186,33599564.000000,1.264306,0,1
60,72,76,27,35,67,26,26,
653.000000,226.000000,0.224083,47136028.000000,1.339532,0,1
39,80,56,39,71,92,27,26,
550.000000,230.000000,0.128240,41060004.000000,0.280804,0,1
62,224,93,255,255,153,255,255,
556.000000,233.000000,0.132912,50803272.000000,0.305100,0,1
54,212,71,255,249,124,255,255,
538.000000,238.000000,0.159592,2777430.000000,0.351530,0,1
255,188,254,50,149,246,44,41,
543.000000,241.000000,0.152689,26984752.000000,0.345596,0,1
255,202,255,53,166,250,43,38,
584.000000,247.000000,0.161896,272349088.000000,0.459327,0,1
58,85,62,163,60,61,109,99,
668.000000,256.000000,0.198463,100257224.000000,1.227563,0,1
56,38,58,21,25,59,19,20,
631.000000,272.000000,0.191348,10142244.000000,0.719259,0,1
33,48,31,76,55,28,76,72,
663.000000,275.000000,0.202253,246594000.000000,0.865030,0,1
39,59,25,64,43,20,54,47,
492.000000,279.000000,0.148641,2106837.500000,0.317286,0,1
104,116,102,115,109,98,114,114,
603.000000,279.000000,0.215784,57083704.000000,0.773036,0,1
167,137,168,41,117,161,34,31,
96.000000,284.000000,0.061343,104714632.000000,0.794664,0,1
17,14,16,7,12,14,6,9,
507.000000,286.000000,0.141440,9297274.000000,0.629682,0,1
74,80,70,87,79,69,83,82,
518.000000,287.000000,0.144185,5142825.000000,0.665611,0,1
31,41,31,51,41,31,50,46,
664.000000,287.000000,0.202451,536066976.000000,1.131481,0,1
33,56,19,67,39,14,60,50,
416.000000,192.000000,0.024078,36817436.000000,0.012731,0,1
105,152,179,227,236,249,255,255,
680.000000,56.000000,0.145299,204227248.000000,0.825608,0,1
255,255,205,237,154,66,108,46,
607.000000,63.000000,0.193751,13580116.000000,1.282994,0,1
34,36,39,39,42,48,47,69,
672.000000,64.000000,0.137737,304956352.000000,1.004882,0,1
73,61,45,53,44,43,42,40,
597.000000,70.000000,0.170165,36273408.000000,0.719217,0,1
41,48,91,64,142,214,184,204,
608.000000,79.000000,0.172793,124458984.000000,0.759179,0,1
214,210,202,213,206,207,158,59,
687.000000,95.000000,0.129555,187040672.000000,0.982239,0,1
52,53,59,53,61,67,63,72,
684.000000,99.000000,0.127867,69611272.000000,0.957594,0,1
59,63,70,70,79,77,83,87,
666.000000,106.000000,0.120234,73835752.000000,0.864408,0,1
45,47,55,48,60,67,60,69,
626.000000,107.000000,0.173557,1125872128.000000,0.801075,0,1
120,123,187,71,79,205,30,36,
687.000000,113.000000,0.130017,1504655232.000000,0.941234,0,1
33,27,61,25,28,93,26,27,
594.000000,114.000000,0.174519,2249278720.000000,0.685502,0,1
89,35,153,37,77,159,34,66,
497.000000,132.000000,0.072521,295917824.000000,0.145139,0,1
210,153,248,158,204,255,170,182,
482.000000,135.000000,0.074154,89840816.000000,0.093933,0,1
75,106,94,138,163,115,248,232,
632.000000,135.000000,0.174768,6098345472.000000,1.132218,0,1
77,159,45,157,87,34,163,94,
687.000000,140.000000,0.118102,376113664.000000,0.822684,0,1
50,58,45,62,59,38,72,74,
630.000000,144.000000,0.175327,5820280832.000000,1.124956,0,1
121,53,165,39,110,138,48,97,
687.000000,147.000000,0.118182,628079232.000000,0.822818,0,1
84,92,77,96,96,58,104,109,
672.000000,151.000000,0.110232,1685032576.000000,0.695818,0,1
81,67,91,53,85,103,71,92,
122.000000,152.000000,0.055599,248039536.000000,0.260469,0,1
50,70,41,94,85,43,45,17,
631.000000,153.000000,0.175615,4950764032.000000,1.132407,0,1
131,66,167,41,120,117,60,102,
128.000000,155.000000,0.053807,12987905.000000,0.245541,0,1
23,26,23,14,15,16,11,9,
631.000000,178.000000,0.176544,483268832.000000,1.149738,0,1
56,60,74,34,40,77,35,41,
278.000000,179.000000,0.117648,12998861.000000,0.941719,0,1
17,26,14,26,17,14,26,16,
566.000000,186.000000,0.137276,47100464.000000,0.427405,0,1
77,111,111,61,66,86,63,60,
434.000000,190.000000,0.028251,50199760.000000,0.021561,0,1
88,100,101,137,135,128,233,255,
431.000000,191.000000,0.028850,82583440.000000,0.021760,0,1
104,132,137,227,227,233,254,255,
368.000000,193.000000,0.026593,86603856.000000,0.040273,0,1
67,93,101,206,211,216,255,255,
557.000000,211.000000,0.129903,29186772.000000,0.396460,0,1
62,67,59,107,88,58,77,72,
525.000000,216.000000,0.087214,15729740.000000,0.205125,0,1
70,97,48,253,149,54,255,255,
628.000000,219.000000,0.192355,60842112.000000,1.344922,0,1
36,66,64,32,42,61,27,27,
541.000000,224.000000,0.084841,21908556.000000,0.225440,0,1
48,80,51,247,114,57,255,255,
554.000000,231.000000,0.126430,36225232.000000,0.406289,0,1
43,88,47,253,144,54,255,255,
561.000000,235.000000,0.091851,7526095.000000,0.412768,0,1
38,106,44,255,195,64,255,255,
637.000000,243.000000,0.182107,294593920.000000,1.327453,0,1
40,68,59,33,59,84,28,29,
592.000000,271.000000,0.149331,9844274.000000,0.650498,0,1
168,174,168,96,167,168,68,52,
629.000000,271.000000,0.172077,5935180.000000,0.900220,0,1
38,53,38,75,60,38,75,75,
481.000000,273.000000,0.132317,11478614.000000,0.361055,0,1
106,123,104,139,119,105,142,140,
467.000000,274.000000,0.129300,7348864.000000,0.510823,0,1
109,102,110,100,104,106,97,97,
478.000000,275.000000,0.128717,9579886.000000,0.350020,0,1
136,116,140,104,123,139,105,107,
641.000000,276.000000,0.181405,423053472.000000,1.018356,0,1
49,26,63,45,50,66,59,75,
86.000000,288.000000,0.058771,20716564.000000,0.783074,0,1
4,7,8,11,13,13,15,16,
115.000000,152.000000,0.057099,232724128.000000,0.275133,0,1
160,91,107,15,20,58,11,11,
349.000000,219.000000,0.063334,38125060.000000,0.098359,0,1
104,95,95,65,83,51,52,35,
512.000000,146.000000,0.019220,125620208.000000,0.030976,0,1
185,178,216,169,224,255,233,255,
613.000000,63.000000,0.167835,361088000.000000,1.057067,0,1
42,48,54,60,78,97,129,179,
623.000000,64.000000,0.172012,10090670080.000000,1.530058,0,1
127,89,222,80,124,255,86,120,
191.000000,69.000000,0.175779,530682368.000000,1.490458,0,1
11,10,27,6,22,26,11,22,
202.000000,71.000000,0.180488,15197122.000000,1.485379,0,1
5,9,6,22,14,7,25,25,
591.000000,71.000000,0.172800,1376509184.000000,1.323188,0,1
30,30,36,30,40,90,38,83,
191.000000,72.000000,0.175811,509291712.000000,1.484102,0,1
22,10,28,6,21,26,11,20,
607.000000,79.000000,0.173342,293223360.000000,1.051080,0,1
215,210,208,214,210,205,170,60,
616.000000,89.000000,0.168015,1384135552.000000,1.376501,0,1
51,68,53,86,70,49,95,90,
616.000000,96.000000,0.168860,3619341056.000000,1.375684,0,1
116,151,99,166,132,83,162,143,
626.000000,97.000000,0.173278,12048742400.000000,1.499907,0,1
120,58,226,43,104,194,55,95,
425.000000,116.000000,0.132846,308164.625000,0.294714,0,1
23,24,24,27,27,27,33,26,
618.000000,119.000000,0.169590,1973512960.000000,1.368129,0,1
82,100,72,111,95,60,119,107,
591.000000,121.000000,0.172375,429655584.000000,0.911978,0,1
58,72,41,33,55,34,42,36,
629.000000,126.000000,0.174416,16080828416.000000,1.501939,0,1
159,79,188,38,151,134,69,141,
619.000000,127.000000,0.169824,3825565440.000000,1.371016,0,1
105,126,84,149,109,65,137,118,
620.000000,137.000000,0.170194,4083656448.000000,1.376600,0,1
109,135,86,161,114,65,138,115,
94.000000,142.000000,0.058905,47426748.000000,0.383673,0,1
9,14,15,18,22,22,25,30,
677.000000,143.000000,0.112835,20871150.000000,0.766229,0,1
56,59,63,63,69,73,75,86,
94.000000,145.000000,0.059912,95967032.000000,0.391343,0,1
30,24,29,13,20,29,11,9,
621.000000,149.000000,0.170630,3839055872.000000,1.385987,0,1
108,133,84,157,109,62,135,111,
622.000000,152.000000,0.170823,3942416128.000000,1.395136,0,1
86,111,65,135,89,47,113,92,
607.000000,155.000000,0.171063,510436992.000000,0.969474,0,1
205,253,201,186,188,152,152,151,
610.000000,160.000000,0.176065,863979520.000000,1.384164,0,1
131,134,125,141,133,131,147,136,
621.000000,160.000000,0.171430,2109227904.000000,1.397767,0,1
100,121,84,122,103,72,119,106,
625.000000,175.000000,0.171874,1177065856.000000,1.437780,0,1
54,70,46,87,63,44,85,52,
623.000000,179.000000,0.172361,1332118912.000000,1.434156,0,1
72,103,73,107,85,58,106,87,
623.000000,184.000000,0.172375,1454342912.000000,1.439031,0,1
85,107,78,106,87,64,108,88,
625.000000,184.000000,0.172158,1600634112.000000,1.449380,0,1
61,78,47,87,64,41,81,66,
348.000000,189.000000,0.036967,8409260.000000,0.103265,0,1
52,50,60,42,46,45,39,44,
600.000000,190.000000,0.177105,2310031360.000000,1.004453,0,1
81,42,102,35,69,109,50,62,
415.000000,191.000000,0.026666,121309184.000000,0.022575,0,1
90,96,105,139,152,179,227,255,
601.000000,192.000000,0.176792,2035634048.000000,1.009149,0,1
102,66,108,50,91,111,46,93,
286.000000,194.000000,0.025298,279250496.000000,0.064938,0,1
23,28,28,64,70,72,232,255,
610.000000,196.000000,0.182238,176106992.000000,1.109170,0,1
101,109,97,119,113,104,118,114,
623.000000,196.000000,0.172460,648520896.000000,1.454204,0,1
90,106,86,104,102,81,79,84,
626.000000,196.000000,0.172790,888788416.000000,1.478499,0,1
58,74,47,93,66,46,88,54,
349.000000,200.000000,0.067242,116097872.000000,0.113291,0,1
124,64,151,54,147,185,124,156,
623.000000,200.000000,0.172894,783559104.000000,1.465511,0,1
84,100,82,98,89,73,97,89,
626.000000,200.000000,0.173131,1333339904.000000,1.488905,0,1
54,70,46,82,59,38,75,62,
206.000000,202.000000,0.217185,80346168.000000,1.955685,0,1
6,8,7,13,12,12,15,16,
208.000000,202.000000,0.212490,27538602.000000,1.857790,0,1
6,7,7,12,12,11,15,16,
188.000000,210.000000,0.210698,3235292.500000,2.020668,0,1
9,11,10,15,14,14,17,17,
192.000000,210.000000,0.206785,3611382.000000,1.964582,0,1
10,10,10,14,13,13,16,18,
384.000000,210.000000,0.021708,106862400.000000,0.027998,0,1
174,154,182,255,227,214,255,255,
617.000000,211.000000,0.181321,387782208.000000,1.564182,0,1
92,87,84,61,50,44,33,30,
614.000000,215.000000,0.185493,251947392.000000,1.613144,0,1
35,63,54,25,35,63,21,22,
615.000000,216.000000,0.185570,202509824.000000,1.626761,0,1
54,35,63,21,23,31,22,21,
354.000000,218.000000,0.064108,307117920.000000,0.120149,0,1
195,89,252,78,185,255,53,43,
422.000000,218.000000,0.065338,288303936.000000,0.103084,0,1
255,255,255,211,212,212,110,82,
405.000000,219.000000,0.064123,451973568.000000,0.095817,0,1
255,218,231,105,123,127,71,64,
413.000000,219.000000,0.064716,454966400.000000,0.097066,0,1
255,230,229,126,127,125,83,74,
507.000000,220.000000,0.081136,11961350.000000,0.282654,0,1
236,100,207,74,80,164,61,51,
537.000000,222.000000,0.105793,34147436.000000,0.402547,0,1
50,86,56,255,125,62,255,255,
569.000000,231.000000,0.147013,35054496.000000,0.702763,0,1
52,62,53,115,85,57,82,64,
603.000000,232.000000,0.180447,299475360.000000,1.115344,0,1
58,34,62,29,57,52,35,52,
591.000000,256.000000,0.170735,65774044.000000,1.024449,0,1
96,124,95,145,129,102,149,151,
592.000000,256.000000,0.170452,77986296.000000,1.026427,0,1
90,110,83,139,115,91,143,144,
602.000000,257.000000,0.184724,88934800.000000,1.209373,0,1
30,30,30,62,47,32,66,71,
576.000000,262.000000,0.155444,27137544.000000,0.851420,0,1
213,153,210,42,121,203,35,32,
579.000000,264.000000,0.160575,34907152.000000,0.927289,0,1
205,143,198,37,111,183,33,31,
587.000000,269.000000,0.161357,31770624.000000,0.957027,0,1
175,139,176,36,109,174,32,30,
477.000000,271.000000,0.128477,23731600.000000,0.491859,0,1
128,113,131,107,125,127,109,120,
480.000000,271.000000,0.130607,6926648.000000,0.463494,0,1
105,113,105,138,113,105,137,136,
497.000000,271.000000,0.127545,14744390.000000,0.525073,0,1
53,61,52,73,64,53,74,75,
591.000000,272.000000,0.155014,93731528.000000,0.932990,0,1
174,96,167,32,68,152,31,30,
592.000000,272.000000,0.155186,88433320.000000,0.945530,0,1
171,145,169,41,113,167,36,32,
111.000000,152.000000,0.058148,137506768.000000,0.360722,0,1
105,15,27,10,12,15,10,10,
520.000000,140.000000,0.020057,153426288.000000,0.044928,0,1
185,174,204,170,217,255,230,255,
519.000000,135.000000,0.020944,85204408.000000,0.047525,0,1
255,251,235,253,234,194,227,180,
599.000000,107.000000,0.172409,609393472.000000,0.964765,0,1
169,164,164,120,114,107,66,41,
589.000000,76.000000,0.173194,2702008320.000000,1.626753,0,1
92,76,111,49,82,81,60,59,
607.000000,80.000000,0.173738,1334337408.000000,1.413613,0,1
210,213,206,177,158,145,60,44,
599.000000,81.000000,0.173480,3082189824.000000,1.696139,0,1
185,146,174,63,60,59,46,41,
589.000000,82.000000,0.174019,1090834176.000000,1.622416,0,1
58,47,53,34,40,40,24,20,
191.000000,84.000000,0.176638,389973248.000000,1.983824,0,1
19,11,23,6,19,18,11,19,
593.000000,89.000000,0.173397,24815069184.000000,1.624412,0,1
153,53,184,32,136,117,51,117,
191.000000,90.000000,0.176815,205710528.000000,1.968212,0,1
18,10,19,6,17,18,10,14,
506.000000,92.000000,0.129383,367453.000000,0.382315,0,1
24,26,27,28,28,29,30,33,
607.000000,95.000000,0.168282,21242752.000000,1.639096,0,1
129,140,149,149,156,172,162,172,
190.000000,96.000000,0.177165,242953904.000000,1.969997,0,1
11,6,16,7,11,15,8,9,
493.000000,122.000000,0.071442,251082176.000000,0.177212,0,1
116,93,170,84,136,173,112,133,
573.000000,123.000000,0.088359,464636416.000000,0.430122,0,1
255,255,202,245,170,55,113,47,
595.000000,124.000000,0.174996,17935607808.000000,1.600091,0,1
108,38,160,31,98,157,34,85,
596.000000,135.000000,0.175440,17979932672.000000,1.605388,0,1
126,40,171,29,114,173,35,101,
596.000000,136.000000,0.175470,17257717760.000000,1.605192,0,1
120,37,170,28,107,176,34,94,
554.000000,167.000000,0.066844,127347648.000000,0.268294,0,1
51,45,60,48,59,70,82,76,
599.000000,175.000000,0.176781,6185775616.000000,1.660251,0,1
85,36,82,28,73,117,36,75,
599.000000,184.000000,0.178063,5120022528.000000,1.694498,0,1
66,35,109,30,57,110,33,50,
408.000000,192.000000,0.025071,198484480.000000,0.025340,0,1
79,108,111,201,204,213,255,255,
533.000000,192.000000,0.115679,179193616.000000,0.478744,0,1
89,77,90,71,64,60,76,69,
495.000000,211.000000,0.032565,21902088.000000,0.086318,0,1
255,202,255,130,170,254,125,118,
536.000000,215.000000,0.114583,131566456.000000,0.514202,0,1
75,82,73,131,94,77,104,77,
517.000000,226.000000,0.098280,9841986.000000,0.433878,0,1
231,76,202,47,57,161,44,41,
527.000000,232.000000,0.113856,9335385.000000,0.510767,0,1
231,82,218,46,63,187,42,40,
562.000000,253.000000,0.161947,34113048.000000,1.106406,0,1
253,207,250,42,151,243,36,34,
569.000000,253.000000,0.155774,30071102.000000,1.064453,0,1
252,253,250,238,237,243,233,226,
596.000000,254.000000,0.170709,549405184.000000,1.389289,0,1
36,50,29,77,46,25,69,68,
462.000000,263.000000,0.124792,16089214.000000,0.498051,0,1
109,100,109,95,101,112,94,97,
462.000000,264.000000,0.123423,23557344.000000,0.492863,0,1
105,94,109,96,98,112,97,98,
452.000000,265.000000,0.119533,26659364.000000,0.458961,0,1
93,94,93,105,101,101,104,104,
424.000000,266.000000,0.114980,11109618.000000,0.469746,0,1
69,63,70,60,66,72,61,62,
488.000000,269.000000,0.121002,52828360.000000,0.554518,0,1
75,86,73,98,83,76,97,95,
526.000000,135.000000,0.019647,130869288.000000,0.056692,0,1
180,184,184,181,196,253,205,255,
607.000000,107.000000,0.174128,819315904.000000,1.712497,0,1
175,176,179,109,107,102,47,36,
608.000000,107.000000,0.174211,797822336.000000,1.722377,0,1
178,179,173,108,105,101,45,36,
494.000000,119.000000,0.071809,274157216.000000,0.182099,0,1
106,95,146,87,133,204,116,170,
475.000000,141.000000,0.057509,242213296.000000,0.104099,0,1
97,92,174,88,136,255,112,236,
202.000000,91.000000,0.178502,43831644.000000,2.166577,0,1
17,15,14,10,10,9,6,5,
512.000000,94.000000,0.075500,5316588.000000,0.390912,0,1
29,32,31,34,34,34,36,38,
584.000000,94.000000,0.168689,1169732224.000000,1.800996,0,1
41,45,40,68,56,38,71,69,
586.000000,97.000000,0.168864,2337261056.000000,1.813975,0,1
42,59,33,71,49,29,65,54,
577.000000,99.000000,0.172073,6197201408.000000,1.787591,0,1
60,28,85,23,59,74,28,61,
565.000000,101.000000,0.172399,2035833600.000000,2.149968,0,1
37,29,40,21,43,49,30,50,
574.000000,103.000000,0.168683,1619492480.000000,1.679057,0,1
33,48,28,61,37,28,53,39,
478.000000,110.000000,0.170961,13021684.000000,1.023729,0,1
27,25,27,25,26,27,28,36,
447.000000,112.000000,0.159195,4291737.000000,0.590078,0,1
17,16,17,18,19,19,24,25,
462.000000,112.000000,0.168597,18922948.000000,0.811547,0,1
19,19,20,23,25,26,29,29,
398.000000,114.000000,0.162671,4682614.000000,0.415103,0,1
13,14,15,18,18,19,19,20,
410.000000,114.000000,0.164763,7760451.500000,0.405517,0,1
14,17,17,21,20,21,22,22,
571.000000,118.000000,0.086693,1236983296.000000,0.666881,0,1
60,60,111,65,136,204,167,239,
380.000000,120.000000,0.081466,447448.500000,0.442822,0,1
19,18,18,15,16,16,14,12,
326.000000,127.000000,0.071584,8666850.000000,0.248128,0,1
8,11,7,16,13,7,16,12,
472.000000,127.000000,0.075482,13735746.000000,0.225803,0,1
34,32,40,32,40,42,34,46,
567.000000,127.000000,0.085028,1523337600.000000,0.627606,0,1
255,254,180,245,138,55,103,45,
565.000000,128.000000,0.083779,1933768192.000000,0.606705,0,1
245,236,215,242,174,64,133,49,
568.000000,128.000000,0.084883,1491230848.000000,0.629478,0,1
180,138,55,103,48,41,45,40,
557.000000,133.000000,0.079621,1391441664.000000,0.535158,0,1
255,254,200,250,163,65,121,48,
315.000000,135.000000,0.072166,20273396.000000,0.539153,0,1
23,18,16,12,11,10,10,12,
471.000000,135.000000,0.075219,25498468.000000,0.214513,0,1
40,44,55,50,53,62,58,61,
479.000000,135.000000,0.061498,165352992.000000,0.140718,0,1
86,78,96,76,101,183,102,209,
420.000000,136.000000,0.065420,2237012.750000,0.135651,0,1
25,23,23,26,27,28,37,38,
438.000000,136.000000,0.055508,1513470.625000,0.111176,0,1
26,24,25,33,33,34,39,43,
443.000000,136.000000,0.056859,1422013.625000,0.110779,0,1
27,26,28,35,36,37,42,44,
365.000000,137.000000,0.075331,2507692.750000,0.332802,0,1
15,14,14,15,15,17,22,25,
375.000000,137.000000,0.073999,4277426.000000,0.288098,0,1
16,15,15,18,19,21,28,26,
380.000000,137.000000,0.074495,3494359.250000,0.271285,0,1
16,17,17,24,23,22,33,26,
391.000000,137.000000,0.071404,2132893.750000,0.231883,0,1
19,19,20,27,30,29,31,27,
401.000000,137.000000,0.072473,848194.187500,0.205691,0,1
20,21,21,30,29,26,30,29,
320.000000,142.000000,0.073200,15031769.000000,0.512207,0,1
10,11,12,10,16,16,14,19,
319.000000,146.000000,0.072662,35484580.000000,0.509498,0,1
14,11,19,12,15,21,11,15,
245.000000,147.000000,0.143062,41734480.000000,1.350414,0,1
11,13,12,18,16,13,19,19,
252.000000,150.000000,0.136262,41300976.000000,1.201185,0,1
11,14,11,19,16,13,19,19,
587.000000,150.000000,0.085957,105458160.000000,0.710634,0,1
40,47,30,47,36,24,33,28,
333.000000,152.000000,0.070503,25512998.000000,0.435288,0,1
11,18,9,19,11,9,18,16,
525.000000,153.000000,0.062211,1173729408.000000,0.302800,0,1
205,211,175,225,147,67,145,65,
336.000000,157.000000,0.069331,17372664.000000,0.416918,0,1
10,17,10,20,16,10,20,20,
463.000000,157.000000,0.049793,517755264.000000,0.110300,0,1
73,67,101,61,86,211,70,86,
495.000000,160.000000,0.072482,716982656.000000,0.275846,0,1
116,136,101,150,119,89,137,121,
512.000000,161.000000,0.055578,1162770048.000000,0.235396,0,1
137,147,131,152,124,71,98,74,
532.000000,163.000000,0.116393,840902464.000000,0.774386,0,1
51,59,51,64,77,47,82,87,
312.000000,164.000000,0.072491,39758112.000000,0.530835,0,1
10,9,17,9,12,21,9,12,
286.000000,166.000000,0.104651,18956930.000000,0.829621,0,1
12,13,12,21,15,13,22,21,
455.000000,167.000000,0.047835,56107360.000000,0.095076,0,1
46,46,68,50,52,81,58,75,
376.000000,170.000000,0.030681,281132.312500,0.046236,0,1
27,28,29,29,31,31,36,39,
407.000000,170.000000,0.048781,3088435.750000,0.100121,0,1
33,35,35,41,41,41,46,48,
413.000000,170.000000,0.051372,3185894.000000,0.092512,0,1
35,39,38,44,44,44,50,51,
421.000000,170.000000,0.056626,3996476.500000,0.085769,0,1
37,39,40,45,47,47,53,55,
531.000000,170.000000,0.116578,1774010496.000000,0.775716,0,1
75,45,82,43,79,58,44,77,
584.000000,170.000000,0.165727,1181737088.000000,1.663670,0,1
38,28,48,30,41,45,42,43,
517.000000,174.000000,0.077713,39130204.000000,0.384787,0,1
58,60,60,78,65,61,83,67,
359.000000,175.000000,0.030905,149958160.000000,0.059258,0,1
43,69,36,53,81,37,227,242,
360.000000,175.000000,0.031491,415916672.000000,0.059530,0,1
34,47,35,99,45,36,193,171,
359.000000,176.000000,0.031624,525419136.000000,0.061339,0,1
47,99,45,91,193,42,201,184,
360.000000,178.000000,0.031077,486055392.000000,0.060338,0,1
88,242,51,101,153,41,68,50,
490.000000,188.000000,0.071104,367874688.000000,0.277085,0,1
111,104,123,115,123,136,125,135,
367.000000,191.000000,0.025357,241284416.000000,0.050772,0,1
57,59,60,64,66,69,91,208,
374.000000,191.000000,0.025499,318632704.000000,0.047056,0,1
65,66,69,72,74,76,112,223,
391.000000,191.000000,0.025456,368026592.000000,0.040805,0,1
67,70,71,83,85,88,158,251,
399.000000,191.000000,0.025522,366573184.000000,0.037899,0,1
70,74,75,92,96,96,183,255,
407.000000,191.000000,0.025274,374187456.000000,0.036969,0,1
73,79,79,105,108,111,201,255,
383.000000,192.000000,0.025165,367362176.000000,0.037700,0,1
67,78,79,132,137,141,237,255,
390.000000,192.000000,0.025371,389410528.000000,0.039274,0,1
70,83,85,150,158,168,248,255,
394.000000,192.000000,0.025781,401063840.000000,0.041273,0,1
72,88,91,168,174,179,255,255,
321.000000,198.000000,0.051943,1940765.125000,0.195514,0,1
27,28,28,28,29,30,33,36,
231.000000,199.000000,0.170162,892177280.000000,1.378106,0,1
24,21,32,20,24,84,20,21,
231.000000,200.000000,0.170552,528223904.000000,1.385702,0,1
24,20,35,19,23,75,19,20,
321.000000,200.000000,0.074203,14683520.000000,0.308629,0,1
29,33,33,28,36,31,30,29,
332.000000,200.000000,0.072394,1498744704.000000,0.233044,0,1
107,46,207,35,100,255,41,43,
465.000000,200.000000,0.063766,117569104.000000,0.152218,0,1
121,109,60,82,66,54,113,77,
360.000000,207.000000,0.027016,538413696.000000,0.070166,0,1
255,247,241,196,182,179,154,137,
437.000000,207.000000,0.030975,101476152.000000,0.056466,0,1
179,235,151,255,177,130,238,179,
515.000000,207.000000,0.073935,116378712.000000,0.390073,0,1
108,112,131,72,94,131,67,68,
549.000000,207.000000,0.130026,189614800.000000,1.134085,0,1
54,62,61,98,58,72,110,89,
485.000000,208.000000,0.062794,51413832.000000,0.251345,0,1
144,95,120,46,73,115,42,39,
394.000000,209.000000,0.023401,427420448.000000,0.049622,0,1
190,154,155,157,163,163,231,211,
441.000000,214.000000,0.033611,40500884.000000,0.089454,0,1
90,119,68,131,101,72,131,107,
335.000000,215.000000,0.064270,36380516.000000,0.250998,0,1
71,69,71,66,59,46,51,37,
460.000000,215.000000,0.045494,148036608.000000,0.146558,0,1
87,77,82,75,58,57,59,54,
220.000000,216.000000,0.181815,42179196.000000,2.085824,0,1
11,11,15,13,15,20,16,18,
336.000000,216.000000,0.066379,27229252.000000,0.261365,0,1
71,59,46,51,40,44,37,39,
474.000000,216.000000,0.053981,53014788.000000,0.201584,0,1
59,83,51,57,57,43,55,42,
574.000000,217.000000,0.144253,652104128.000000,1.612594,0,1
37,38,35,91,47,38,91,73,
464.000000,218.000000,0.069796,880269696.000000,0.261979,0,1
45,61,33,70,36,23,45,30,
533.000000,218.000000,0.115603,1529429760.000000,0.870685,0,1
90,115,63,95,80,43,136,128,
577.000000,218.000000,0.147330,283015296.000000,1.386662,0,1
34,38,36,83,46,39,93,78,
310.000000,220.000000,0.102999,287424832.000000,0.585738,0,1
25,37,30,32,34,19,14,15,
312.000000,220.000000,0.102760,143284848.000000,0.699253,0,1
20,30,18,34,19,16,14,18,
589.000000,223.000000,0.168235,431136768.000000,1.880527,0,1
35,39,37,52,51,38,59,46,
342.000000,224.000000,0.060392,24033244.000000,0.405178,0,1
34,32,29,30,29,25,26,23,
372.000000,224.000000,0.054490,72743912.000000,0.350102,0,1
45,42,43,38,40,41,37,35,
510.000000,224.000000,0.074699,73589136.000000,0.410061,0,1
62,50,55,36,46,51,34,31,
592.000000,224.000000,0.171820,435325696.000000,1.992383,0,1
31,38,29,55,37,28,48,36,
439.000000,225.000000,0.074664,84821040.000000,0.262067,0,1
80,78,82,80,88,92,87,89,
588.000000,225.000000,0.166362,552380928.000000,1.838096,0,1
60,45,59,35,41,50,37,40,
295.000000,227.000000,0.120186,258625152.000000,0.844220,0,1
23,30,13,30,24,11,26,20,
448.000000,227.000000,0.086748,52235528.000000,0.343632,0,1
125,122,125,111,115,118,106,107,
278.000000,229.000000,0.127620,9560924.000000,0.853734,0,1
22,26,24,33,29,30,32,36,
430.000000,230.000000,0.090035,22077444.000000,0.344464,0,1
58,57,64,57,61,68,61,65,
563.000000,230.000000,0.144264,204425792.000000,1.568043,0,1
86,102,121,49,75,129,39,33,
280.000000,231.000000,0.120532,13345059.000000,0.779682,0,1
30,35,32,36,31,25,28,25,
528.000000,231.000000,0.132790,280443904.000000,0.913169,0,1
254,231,254,82,218,255,63,52,
279.000000,232.000000,0.119609,10376467.000000,0.785964,0,1
35,36,31,28,28,26,21,18,
286.000000,232.000000,0.121230,36993584.000000,0.762741,0,1
36,36,31,31,27,19,17,12,
444.000000,232.000000,0.089006,10354875.000000,0.269906,0,1
106,104,110,95,100,106,92,94,
455.000000,232.000000,0.088846,46957488.000000,0.386960,0,1
100,105,94,114,102,88,114,110,
464.000000,233.000000,0.092502,14185164.000000,0.434441,0,1
45,55,44,70,54,43,66,63,
593.000000,237.000000,0.163215,178050208.000000,1.527151,0,1
39,37,46,54,48,42,65,74,
276.000000,240.000000,0.133475,35008212.000000,1.174193,0,1
23,19,17,8,13,12,11,12,
304.000000,242.000000,0.127412,4499275.500000,0.946535,0,1
28,27,27,26,26,20,23,19,
429.000000,243.000000,0.097627,52144168.000000,0.443207,0,1
71,66,77,65,67,76,61,68,
450.000000,245.000000,0.099503,112384624.000000,0.498626,0,1
102,102,105,103,111,111,114,112,
459.000000,245.000000,0.100533,87920160.000000,0.526356,0,1
107,103,104,113,110,110,119,116,
444.000000,247.000000,0.099053,31464876.000000,0.492620,0,1
100,99,101,88,98,105,92,97,
583.000000,248.000000,0.162289,3074565120.000000,1.475667,0,1
85,163,60,160,109,64,132,131,
443.000000,250.000000,0.109126,70017448.000000,0.583221,0,1
92,91,97,83,91,96,82,83,
454.000000,251.000000,0.106696,116639984.000000,0.591316,0,1
115,111,111,104,105,107,96,96,
414.000000,252.000000,0.098454,10985358.000000,0.478254,0,1
57,55,57,52,52,54,48,48,
470.000000,252.000000,0.108515,141484528.000000,0.654247,0,1
85,89,86,101,98,98,107,96,
473.000000,252.000000,0.108558,105011248.000000,0.663627,0,1
75,84,72,97,89,77,101,93,
484.000000,252.000000,0.109723,25712494.000000,0.710561,0,1
35,43,36,52,46,38,52,53,
239.000000,254.000000,0.029810,8607307.000000,0.205420,0,1
23,20,25,21,26,23,26,23,
241.000000,255.000000,0.035631,7258859.000000,0.220467,0,1
24,27,20,30,22,22,20,15,
443.000000,257.000000,0.101730,58993788.000000,0.556497,0,1
84,83,92,81,90,97,84,87,
239.000000,261.000000,0.028018,67241056.000000,0.232155,0,1
11,11,16,13,18,23,21,23,
240.000000,263.000000,0.025754,84421240.000000,0.178563,0,1
21,26,27,22,19,11,16,10,
448.000000,263.000000,0.120196,139978576.000000,0.540111,0,1
106,100,103,94,96,93,95,98,
481.000000,263.000000,0.117534,37640444.000000,0.595310,0,1
80,88,76,94,84,79,99,99,
239.000000,264.000000,0.027621,56652104.000000,0.494032,0,1
26,22,19,18,16,11,12,10,
240.000000,264.000000,0.025765,75883664.000000,0.258744,0,1
27,23,14,19,12,10,11,10,
469.000000,264.000000,0.110424,10494584.000000,0.522346,0,1
119,110,118,115,110,112,109,105,
223.000000,268.000000,0.173122,5481723.000000,1.696563,0,1
15,13,22,12,17,19,9,15,
223.000000,272.000000,0.179320,17866690.000000,1.826194,0,1
15,8,18,5,11,10,6,6,
528.000000,152.000000,0.063252,1067109888.000000,0.317046,0,1
219,198,99,175,74,46,67,104,
560.000000,166.000000,0.070816,530967552.000000,0.466774,0,1
46,59,46,72,52,46,68,64,
485.000000,119.000000,0.072435,84238960.000000,0.195707,0,1
59,62,80,78,114,88,115,118,
493.000000,128.000000,0.073054,154258848.000000,0.209139,0,1
132,112,159,119,143,164,157,165,
495.000000,173.000000,0.074058,569155712.000000,0.291366,0,1
124,128,101,142,120,87,140,127,
493.000000,143.000000,0.070955,846981056.000000,0.261245,0,1
170,203,156,220,192,134,229,210,
495.000000,177.000000,0.074353,732108864.000000,0.296388,0,1
127,143,107,146,129,91,147,133,
487.000000,185.000000,0.075018,442405984.000000,0.284369,0,1
115,112,122,77,111,114,102,112,
458.000000,226.000000,0.079050,226258032.000000,0.317888,0,1
96,104,86,102,92,71,93,88,
494.000000,152.000000,0.072020,2007337216.000000,0.268737,0,1
191,233,149,251,190,111,211,143,
494.000000,149.000000,0.071869,2435881472.000000,0.267926,0,1
181,232,143,255,191,109,235,190,
497.000000,199.000000,0.073732,593948480.000000,0.325997,0,1
140,159,129,204,145,114,184,182,
