# timestamp
1608635283620166656

# fx, fy, cx, cy, width, height, npoints
501.493011,501.474915,421.771301,167.670700,800,400,557

# camToWorld: translation vector, rotation quaternion
-23.792263,34.159348,4.280811,-0.355599,0.630436,-0.589442,0.358689

# Exposure time (ms)
6.696656

# Point Cloud Data : 
# u,v,idepth_scaled,idepth_hessian,maxRelBaseline,numGoodRes,status 
# color information 
303.000000,39.000000,0.242063,254615600.000000,1.948579,0,1
255,233,243,179,194,203,147,134,
311.000000,40.000000,0.239393,246412976.000000,1.844304,0,1
255,235,244,170,181,195,142,131,
362.000000,40.000000,0.226927,340071040.000000,1.299628,0,1
123,189,169,255,255,249,255,255,
718.000000,117.000000,0.107785,1482171520.000000,0.394030,0,1
114,71,234,29,151,255,62,117,
676.000000,119.000000,0.094564,2046453504.000000,0.429235,0,1
242,243,109,253,151,38,159,49,
718.000000,126.000000,0.107107,2024916224.000000,0.546666,0,1
149,101,238,57,146,245,91,127,
722.000000,128.000000,0.104711,2216843776.000000,0.544447,0,1
221,227,130,190,140,55,90,23,
623.000000,130.000000,0.085312,106821856.000000,0.239531,0,1
255,199,255,58,175,208,48,43,
738.000000,135.000000,0.107558,1334196480.000000,0.536521,0,1
93,135,220,173,228,254,216,234,
688.000000,140.000000,0.106765,1486891776.000000,0.360260,0,1
146,211,84,249,151,49,213,146,
729.000000,163.000000,0.104768,5138790400.000000,0.560149,0,1
167,175,105,179,107,47,133,103,
737.000000,179.000000,0.106338,97685368.000000,0.584828,0,1
17,18,23,21,31,36,30,57,
719.000000,214.000000,0.102348,2802017792.000000,0.562045,0,1
232,146,253,66,173,255,89,119,
737.000000,239.000000,0.112330,64801892.000000,0.650919,0,1
13,11,14,12,12,14,33,57,
543.000000,248.000000,0.092996,49973264.000000,0.337995,0,1
79,83,80,80,78,68,72,61,
736.000000,290.000000,0.112367,10133867.000000,0.708471,0,1
67,67,68,63,69,74,63,62,
317.000000,18.000000,0.254747,11496126.000000,0.503240,0,1
78,73,122,56,64,68,50,41,
315.000000,40.000000,0.237777,216770928.000000,1.792644,0,1
255,249,253,195,214,231,155,138,
718.000000,116.000000,0.109814,2458874624.000000,0.559307,0,1
100,53,198,27,168,254,69,128,
725.000000,117.000000,0.103737,2559607552.000000,0.548329,0,1
246,244,134,248,123,41,131,55,
729.000000,117.000000,0.101813,301524064.000000,0.547338,0,1
73,48,23,41,19,14,20,14,
608.000000,133.000000,0.088499,974084032.000000,0.274514,0,1
94,202,73,255,206,63,255,255,
683.000000,134.000000,0.101364,314281984.000000,0.340386,0,1
17,22,34,47,111,161,195,251,
710.000000,134.000000,0.110703,228414768.000000,0.546141,0,1
27,22,36,18,29,49,22,30,
732.000000,138.000000,0.106033,4514730496.000000,0.567253,0,1
100,72,161,45,129,201,74,105,
718.000000,141.000000,0.107577,1285000192.000000,0.549484,0,1
59,78,42,92,61,26,79,62,
710.000000,142.000000,0.109887,632808960.000000,0.543568,0,1
35,25,50,20,35,68,25,35,
720.000000,142.000000,0.107083,828122240.000000,0.551214,0,1
26,42,20,62,26,16,43,26,
719.000000,144.000000,0.106161,158452672.000000,0.330643,0,1
43,62,26,77,43,20,59,47,
710.000000,145.000000,0.109931,623779712.000000,0.544022,0,1
36,25,49,19,35,67,25,34,
729.000000,152.000000,0.108429,268973184.000000,0.531971,0,1
18,25,28,64,89,74,153,192,
732.000000,153.000000,0.106006,1438222720.000000,0.568814,0,1
25,74,41,152,102,52,163,152,
710.000000,158.000000,0.110210,290086592.000000,0.547494,0,1
30,23,40,19,29,50,22,29,
719.000000,161.000000,0.108786,2364600320.000000,0.559198,0,1
121,100,145,80,117,168,97,117,
684.000000,162.000000,0.097907,839919360.000000,0.458767,0,1
109,63,45,50,40,28,39,34,
710.000000,162.000000,0.110361,215279712.000000,0.549186,0,1
29,21,38,18,27,46,21,27,
719.000000,163.000000,0.107628,1266116224.000000,0.555516,0,1
117,97,151,74,117,179,76,64,
684.000000,178.000000,0.100149,88212416.000000,0.473351,0,1
15,27,29,35,54,53,50,58,
719.000000,179.000000,0.106509,219321584.000000,0.557507,0,1
22,30,17,40,25,15,35,28,
719.000000,188.000000,0.106802,588529280.000000,0.563213,0,1
38,52,27,61,39,19,50,34,
732.000000,188.000000,0.105621,2764474112.000000,0.530301,0,1
189,97,236,38,168,255,53,43,
732.000000,189.000000,0.105738,1646136064.000000,0.531079,0,1
181,88,228,27,107,201,26,21,
719.000000,198.000000,0.104933,1085506560.000000,0.562080,0,1
32,58,63,80,162,217,167,227,
728.000000,199.000000,0.104580,484722112.000000,0.575501,0,1
30,110,45,254,194,73,254,255,
732.000000,207.000000,0.105745,5055352320.000000,0.591543,0,1
183,230,96,254,168,52,178,52,
728.000000,209.000000,0.104551,3804980224.000000,0.582060,0,1
255,247,216,243,162,92,152,61,
719.000000,220.000000,0.101281,2047292288.000000,0.563845,0,1
132,82,224,62,116,250,58,47,
727.000000,220.000000,0.104667,5620297216.000000,0.589401,0,1
129,227,77,249,127,40,170,59,
685.000000,224.000000,0.098387,34592672.000000,0.156818,0,1
80,85,114,64,92,107,39,21,
686.000000,225.000000,0.103703,14066508.000000,0.229052,0,1
114,92,107,39,51,49,21,17,
719.000000,239.000000,0.108579,250120640.000000,0.610931,0,1
18,30,28,43,48,50,59,68,
727.000000,239.000000,0.109930,203820960.000000,0.628016,0,1
11,16,14,42,34,26,71,82,
702.000000,243.000000,0.108707,47785148.000000,0.590710,0,1
40,57,55,59,51,47,46,43,
731.000000,247.000000,0.101957,3378800.250000,0.607861,0,1
93,84,88,71,70,71,71,71,
729.000000,258.000000,0.102701,172230512.000000,0.619869,0,1
81,86,79,98,87,80,98,95,
719.000000,261.000000,0.107932,571142144.000000,0.632760,0,1
88,78,93,72,86,104,75,76,
730.000000,264.000000,0.103633,373910432.000000,0.631817,0,1
98,100,90,94,91,80,83,78,
719.000000,270.000000,0.108482,103210360.000000,0.646139,0,1
73,65,77,59,66,77,61,63,
721.000000,270.000000,0.108729,129873576.000000,0.649747,0,1
85,77,86,66,77,86,68,69,
565.000000,240.000000,0.085328,27861716.000000,0.283802,0,1
94,107,93,118,99,84,106,89,
564.000000,207.000000,0.077794,816133824.000000,0.229684,0,1
116,180,49,116,79,25,47,20,
612.000000,121.000000,0.085509,990338560.000000,0.292217,0,1
43,56,128,52,180,255,121,225,
574.000000,134.000000,0.079707,788747392.000000,0.219568,0,1
40,118,46,242,137,40,243,183,
558.000000,136.000000,0.078249,272976672.000000,0.191691,0,1
253,125,253,30,115,188,28,25,
251.000000,32.000000,0.236356,24212630.000000,2.626005,0,1
29,27,28,34,33,34,41,42,
327.000000,35.000000,0.237715,311966176.000000,1.683976,0,1
92,114,105,192,158,138,247,255,
274.000000,36.000000,0.251291,54075224.000000,2.355958,0,1
255,150,219,92,130,171,93,95,
371.000000,40.000000,0.223667,297161216.000000,1.214414,0,1
84,109,99,170,152,133,246,255,
348.000000,44.000000,0.224578,300281504.000000,1.403476,0,1
255,244,249,183,200,218,145,125,
341.000000,45.000000,0.219931,66088680.000000,0.341849,0,1
214,155,161,134,129,136,118,106,
350.000000,45.000000,0.222828,227965344.000000,0.703128,0,1
251,209,223,148,155,163,127,112,
356.000000,45.000000,0.224125,136407792.000000,1.325448,0,1
255,248,255,173,187,202,138,119,
382.000000,45.000000,0.221511,602836416.000000,1.099266,0,1
232,255,192,255,186,59,148,64,
300.000000,59.000000,0.242271,4827612.000000,0.975446,0,1
213,229,231,243,234,240,255,254,
679.000000,116.000000,0.096415,1065767616.000000,0.421056,0,1
29,102,58,205,119,37,129,35,
593.000000,122.000000,0.088269,146291968.000000,0.271441,0,1
35,69,65,163,178,129,255,255,
656.000000,123.000000,0.096038,411066880.000000,0.300264,0,1
255,191,255,35,162,240,34,32,
666.000000,125.000000,0.098604,579428032.000000,0.424390,0,1
255,255,255,160,221,238,92,67,
601.000000,126.000000,0.083663,915125120.000000,0.270939,0,1
56,41,188,37,124,255,78,207,
614.000000,126.000000,0.086058,665293952.000000,0.296352,0,1
255,201,255,67,171,239,57,50,
673.000000,128.000000,0.095077,2972488448.000000,0.425971,0,1
161,247,105,255,182,48,173,46,
657.000000,133.000000,0.092925,699321408.000000,0.388505,0,1
27,49,39,144,110,62,250,255,
641.000000,136.000000,0.093888,473191200.000000,0.279391,0,1
58,44,204,41,175,255,161,248,
585.000000,140.000000,0.083368,1320657152.000000,0.245138,0,1
39,115,30,206,63,25,122,48,
644.000000,144.000000,0.092916,128746776.000000,0.363117,0,1
255,247,255,126,164,231,45,25,
674.000000,148.000000,0.096632,418740480.000000,0.433462,0,1
20,40,40,96,127,72,236,248,
164.000000,151.000000,0.052123,269215232.000000,0.250321,0,1
18,45,27,134,181,47,245,250,
636.000000,155.000000,0.090377,721257344.000000,0.342119,0,1
27,92,44,217,140,61,243,204,
639.000000,156.000000,0.091421,931436160.000000,0.351420,0,1
22,61,26,153,73,23,132,63,
620.000000,158.000000,0.089915,2182237952.000000,0.316882,0,1
188,93,240,31,170,255,75,176,
679.000000,162.000000,0.096545,2255033600.000000,0.445914,0,1
232,197,143,173,106,61,99,48,
662.000000,166.000000,0.092515,360848928.000000,0.307624,0,1
168,151,218,76,161,161,46,23,
244.000000,167.000000,0.047244,59020880.000000,0.142730,0,1
248,225,251,97,93,85,35,28,
641.000000,177.000000,0.091815,767890624.000000,0.284178,0,1
28,32,113,30,101,251,64,232,
657.000000,178.000000,0.092487,914546176.000000,0.303131,0,1
56,161,57,200,58,24,66,28,
683.000000,178.000000,0.099893,193111136.000000,0.471554,0,1
17,25,28,26,45,57,37,46,
683.000000,184.000000,0.099692,248896480.000000,0.359443,0,1
131,169,245,21,80,157,16,15,
644.000000,187.000000,0.094151,309599584.000000,0.373175,0,1
254,181,252,36,134,251,32,50,
652.000000,187.000000,0.092430,3882525184.000000,0.396468,0,1
137,214,56,255,122,32,212,107,
652.000000,189.000000,0.092729,1951854848.000000,0.398935,0,1
122,212,51,246,107,34,76,32,
371.000000,190.000000,0.050476,1158250496.000000,0.402585,0,1
98,44,158,48,108,167,75,91,
629.000000,194.000000,0.088201,260587008.000000,0.347640,0,1
63,185,55,255,186,91,255,255,
684.000000,196.000000,0.097037,1632208256.000000,0.474656,0,1
25,41,23,73,27,19,36,23,
163.000000,199.000000,0.051639,1002457536.000000,0.255775,0,1
164,100,253,43,171,255,108,86,
559.000000,199.000000,0.080051,218826960.000000,0.222287,0,1
255,132,255,34,151,255,35,47,
661.000000,200.000000,0.094096,3082607872.000000,0.428417,0,1
45,51,129,36,122,242,107,222,
629.000000,202.000000,0.088802,2529585408.000000,0.357628,0,1
254,254,143,255,203,59,252,197,
680.000000,204.000000,0.096144,3050711040.000000,0.471001,0,1
99,220,63,255,168,45,247,235,
684.000000,206.000000,0.095887,752892800.000000,0.478256,0,1
22,32,20,66,24,19,37,24,
610.000000,207.000000,0.084776,292740928.000000,0.319029,0,1
39,124,42,255,147,56,255,255,
662.000000,207.000000,0.094260,449890752.000000,0.407216,0,1
255,142,250,34,113,196,27,24,
674.000000,208.000000,0.096319,738585664.000000,0.430423,0,1
229,106,244,42,119,252,35,29,
549.000000,211.000000,0.077917,366421600.000000,0.216901,0,1
255,218,238,95,129,151,43,46,
654.000000,218.000000,0.092327,2928254464.000000,0.428625,0,1
240,249,184,246,157,63,166,103,
641.000000,219.000000,0.090666,1432407680.000000,0.375192,0,1
184,108,248,88,178,236,88,60,
675.000000,222.000000,0.097810,53229376.000000,0.485812,0,1
15,15,15,42,35,33,71,54,
603.000000,233.000000,0.099668,119893592.000000,0.484821,0,1
81,67,85,56,78,97,70,77,
647.000000,234.000000,0.094511,25428844.000000,0.444839,0,1
78,84,84,87,83,80,102,85,
675.000000,241.000000,0.110187,57754472.000000,0.552749,0,1
65,60,66,72,78,82,94,94,
671.000000,242.000000,0.110101,56614928.000000,0.549506,0,1
60,68,69,78,87,93,96,100,
561.000000,243.000000,0.106781,12684084.000000,0.374091,0,1
109,96,96,86,84,84,80,78,
675.000000,244.000000,0.111426,115492816.000000,0.561206,0,1
94,98,90,92,82,73,73,62,
668.000000,246.000000,0.114647,79482080.000000,0.564015,0,1
98,94,88,95,85,74,83,72,
641.000000,250.000000,0.116462,18042690.000000,0.554071,0,1
67,64,69,68,73,80,78,83,
665.000000,251.000000,0.118819,60070448.000000,0.580963,0,1
70,67,70,67,78,85,81,84,
502.000000,252.000000,0.158222,6581497.000000,0.293880,0,1
47,36,55,32,41,54,34,38,
647.000000,252.000000,0.118512,83525344.000000,0.557554,0,1
87,86,83,79,76,71,68,63,
505.000000,254.000000,0.154256,9381880.000000,0.294179,0,1
43,53,34,49,41,31,47,39,
657.000000,254.000000,0.120584,43846324.000000,0.585609,0,1
62,57,62,56,65,76,73,75,
665.000000,261.000000,0.106390,67912552.000000,0.574435,0,1
87,82,76,76,74,63,66,62,
673.000000,261.000000,0.125972,54140856.000000,0.634419,0,1
63,64,81,65,75,86,75,75,
503.000000,266.000000,0.155229,2179140.500000,0.424547,0,1
37,29,40,25,33,33,26,29,
505.000000,266.000000,0.142469,223258992.000000,1.319818,0,1
35,40,28,33,33,24,34,29,
642.000000,269.000000,0.130999,9683803.000000,0.675883,0,1
53,52,55,50,61,71,56,63,
658.000000,280.000000,0.093874,12396392.000000,0.525947,0,1
58,57,56,52,52,50,46,44,
644.000000,283.000000,0.127699,15901002.000000,0.735566,0,1
54,50,53,48,48,48,42,45,
678.000000,262.000000,0.094890,240877776.000000,0.527340,0,1
81,88,80,84,81,71,78,74,
648.000000,252.000000,0.118312,86266280.000000,0.556576,0,1
87,85,80,78,74,68,66,62,
652.000000,250.000000,0.117540,61985620.000000,0.553889,0,1
87,89,88,85,82,76,73,65,
638.000000,179.000000,0.091700,1039693440.000000,0.362154,0,1
23,20,37,21,39,147,56,209,
681.000000,135.000000,0.098583,1513587328.000000,0.429618,0,1
18,27,76,29,140,224,108,177,
655.000000,155.000000,0.093574,865144064.000000,0.377879,0,1
206,201,121,170,126,50,89,32,
657.000000,153.000000,0.093794,3833482240.000000,0.393116,0,1
102,165,58,206,91,31,121,50,
141.000000,162.000000,0.052470,488787136.000000,0.280422,0,1
248,155,247,60,159,237,48,37,
265.000000,200.000000,0.045118,216722064.000000,0.123206,0,1
253,242,253,113,186,168,95,80,
639.000000,199.000000,0.090893,1833726720.000000,0.378578,0,1
65,124,54,134,41,25,36,19,
149.000000,167.000000,0.052822,666162368.000000,0.271927,0,1
104,69,211,69,177,250,200,233,
223.000000,167.000000,0.047599,107632520.000000,0.164395,0,1
255,227,255,84,162,217,54,35,
245.000000,187.000000,0.047604,259405552.000000,0.402689,0,1
254,246,216,199,114,103,38,24,
231.000000,179.000000,0.046296,234850000.000000,0.153755,0,1
255,193,254,51,124,232,34,32,
382.000000,42.000000,0.218884,289709536.000000,0.575146,0,1
47,72,49,191,139,58,240,255,
260.000000,43.000000,0.231049,83044992.000000,2.443726,0,1
87,90,96,98,103,105,112,116,
388.000000,43.000000,0.192951,15563296.000000,0.995689,0,1
31,39,32,38,28,25,31,30,
287.000000,44.000000,0.230552,18527526.000000,0.485885,0,1
108,98,123,100,106,139,92,110,
396.000000,44.000000,0.207714,1559046.750000,0.972625,0,1
18,20,17,21,19,15,21,20,
284.000000,51.000000,0.228242,360625856.000000,2.087915,0,1
124,152,98,168,126,95,157,130,
276.000000,58.000000,0.233652,278523104.000000,1.116973,0,1
203,152,247,129,211,250,160,213,
290.000000,61.000000,0.231432,252637872.000000,1.011937,0,1
228,189,255,156,229,255,186,232,
290.000000,63.000000,0.230644,572755456.000000,1.986887,0,1
229,186,253,180,232,255,211,244,
276.000000,64.000000,0.233364,903871936.000000,2.172232,0,1
198,175,237,171,197,253,202,233,
266.000000,65.000000,0.232843,615485440.000000,2.300796,0,1
188,231,164,255,212,153,243,226,
332.000000,71.000000,0.207912,24956250.000000,4.368730,0,1
165,180,167,202,182,188,199,202,
299.000000,75.000000,0.224080,72251424.000000,0.390151,0,1
255,255,255,210,216,212,65,30,
325.000000,77.000000,0.216333,116193744.000000,0.731853,0,1
250,233,232,134,149,155,39,27,
628.000000,119.000000,0.088499,357628352.000000,0.260431,0,1
36,77,56,182,163,64,254,211,
603.000000,123.000000,0.085298,489553632.000000,0.226694,0,1
49,50,92,44,152,237,126,255,
443.000000,135.000000,0.062553,56975956.000000,0.064883,0,1
172,147,254,20,173,243,22,20,
638.000000,138.000000,0.090061,1343443968.000000,0.476073,0,1
27,34,91,55,117,198,135,173,
304.000000,142.000000,0.045345,173207424.000000,0.080610,0,1
190,255,127,248,139,28,108,27,
636.000000,144.000000,0.090509,1341177600.000000,0.475331,0,1
120,59,158,24,79,130,28,21,
123.000000,149.000000,0.050578,31006580.000000,0.121352,0,1
255,240,255,121,206,228,48,27,
73.000000,151.000000,0.055734,420971616.000000,0.101205,0,1
202,235,88,251,147,29,173,80,
588.000000,152.000000,0.084305,1330449280.000000,0.253016,0,1
31,33,144,25,109,253,55,143,
621.000000,154.000000,0.089848,1590224000.000000,0.317537,0,1
56,48,181,39,171,254,161,244,
276.000000,156.000000,0.046387,220838688.000000,0.108619,0,1
162,234,85,247,180,36,198,70,
299.000000,158.000000,0.038886,97059464.000000,0.059090,0,1
40,34,182,34,147,255,60,118,
264.000000,159.000000,0.045968,1063522112.000000,0.339852,0,1
25,44,39,72,195,75,219,251,
602.000000,160.000000,0.084285,71824560.000000,0.222333,0,1
255,255,246,175,124,65,45,25,
137.000000,161.000000,0.052104,30143098.000000,0.108548,0,1
245,251,198,127,150,116,45,24,
203.000000,162.000000,0.049195,204178656.000000,0.191870,0,1
25,104,30,216,135,48,247,242,
375.000000,162.000000,0.048406,250475744.000000,0.124729,0,1
59,39,239,30,176,255,71,61,
443.000000,171.000000,0.062004,277511872.000000,0.195445,0,1
23,45,36,198,192,86,253,217,
479.000000,172.000000,0.067285,84080184.000000,0.109680,0,1
21,50,31,145,163,27,254,255,
299.000000,174.000000,0.043912,363600704.000000,0.254654,0,1
22,46,22,140,126,24,254,250,
603.000000,175.000000,0.086793,211706864.000000,0.231372,0,1
25,34,50,52,162,186,233,255,
621.000000,177.000000,0.089114,1582050432.000000,0.442293,0,1
23,43,22,118,27,20,42,24,
168.000000,180.000000,0.050168,815113344.000000,0.237787,0,1
232,249,113,255,173,25,227,159,
598.000000,180.000000,0.084019,860049856.000000,0.377758,0,1
158,90,251,21,110,237,24,23,
637.000000,181.000000,0.090737,2766303488.000000,0.480987,0,1
26,29,98,25,123,248,64,168,
161.000000,182.000000,0.051325,529762720.000000,0.254743,0,1
237,206,255,84,178,245,56,31,
204.000000,182.000000,0.048382,642968640.000000,0.189821,0,1
147,250,79,255,164,31,217,109,
320.000000,185.000000,0.042964,47837012.000000,0.065682,0,1
255,154,204,70,148,111,63,53,
622.000000,185.000000,0.088598,779687104.000000,0.324556,0,1
25,35,75,50,152,252,204,255,
620.000000,188.000000,0.088024,390427904.000000,0.252476,0,1
121,105,250,57,168,226,43,84,
359.000000,189.000000,0.050395,359297120.000000,0.171621,0,1
114,46,236,33,109,255,42,91,
583.000000,190.000000,0.081864,612606144.000000,0.241576,0,1
52,52,191,22,133,255,31,44,
253.000000,191.000000,0.046439,137038784.000000,0.070738,0,1
135,60,248,37,158,255,106,197,
616.000000,200.000000,0.087192,2452777984.000000,0.327762,0,1
37,43,137,43,178,255,156,250,
617.000000,210.000000,0.086141,540518144.000000,0.338728,0,1
35,113,41,253,155,40,251,196,
602.000000,215.000000,0.084643,445380992.000000,0.303554,0,1
173,194,255,192,232,247,125,68,
611.000000,216.000000,0.086636,2370445312.000000,0.420703,0,1
185,215,74,235,153,71,139,58,
638.000000,218.000000,0.090654,1497694976.000000,0.491282,0,1
22,19,40,34,38,108,71,68,
557.000000,220.000000,0.079010,150567280.000000,0.247668,0,1
17,16,17,29,61,74,72,86,
430.000000,224.000000,0.063966,16163047.000000,0.326398,0,1
67,57,72,51,61,71,57,63,
563.000000,225.000000,0.084603,51331464.000000,0.278591,0,1
87,82,82,108,103,95,117,118,
599.000000,234.000000,0.098090,417927296.000000,0.496746,0,1
19,29,43,59,55,64,75,83,
605.000000,234.000000,0.089867,65154348.000000,0.367055,0,1
92,87,105,77,90,100,79,85,
267.000000,239.000000,0.091682,16482690.000000,0.647530,0,1
57,51,58,54,64,79,71,66,
630.000000,240.000000,0.088479,52548468.000000,0.471992,0,1
85,89,81,104,92,81,108,101,
627.000000,243.000000,0.093996,72819528.000000,0.502072,0,1
113,113,115,103,108,102,98,94,
445.000000,246.000000,0.095503,11049180.000000,0.442722,0,1
49,51,47,59,55,47,59,53,
623.000000,258.000000,0.123592,41152404.000000,0.690072,0,1
78,76,76,69,72,71,64,67,
593.000000,267.000000,0.131548,41896172.000000,0.769102,0,1
57,57,56,51,50,47,44,40,
599.000000,270.000000,0.137773,36278896.000000,0.732485,0,1
38,34,39,35,39,46,43,44,
571.000000,273.000000,0.136029,34470220.000000,0.902253,0,1
52,51,51,47,44,45,38,36,
586.000000,274.000000,0.139543,11527199.000000,0.837495,0,1
33,34,34,41,43,43,46,41,
583.000000,270.000000,0.134092,32039406.000000,0.820942,0,1
54,51,51,47,46,44,39,35,
605.000000,266.000000,0.128439,28714000.000000,0.719020,0,1
58,53,54,44,46,50,37,38,
600.000000,265.000000,0.130340,40410496.000000,0.732269,0,1
62,62,61,54,54,52,49,43,
462.000000,250.000000,0.098716,55060184.000000,1.445276,0,1
57,65,57,55,57,49,48,45,
630.000000,243.000000,0.092283,119977776.000000,0.496429,0,1
99,110,91,107,95,81,91,82,
555.000000,240.000000,0.100454,11658115.000000,0.344920,0,1
101,98,107,86,108,118,86,83,
612.000000,216.000000,0.086724,2008550272.000000,0.422680,0,1
153,137,55,211,96,57,133,63,
267.000000,44.000000,0.233793,122799600.000000,1.211146,0,1
78,102,68,121,87,64,116,95,
555.000000,202.000000,0.076371,253724400.000000,0.211181,0,1
31,94,33,236,114,32,248,231,
259.000000,71.000000,0.234086,49292924.000000,0.533691,0,1
255,236,255,185,225,225,159,83,
168.000000,196.000000,0.050291,496964480.000000,0.241411,0,1
27,114,29,246,127,92,233,255,
290.000000,189.000000,0.042350,1411394176.000000,0.268262,0,1
154,74,236,31,187,255,67,49,
554.000000,125.000000,0.081030,73899152.000000,0.172985,0,1
29,39,67,50,103,206,132,243,
418.000000,180.000000,0.062457,34060008.000000,0.053856,0,1
255,251,192,84,79,37,88,107,
599.000000,177.000000,0.085432,908976768.000000,0.385800,0,1
25,24,55,26,88,231,158,251,
463.000000,135.000000,0.062752,40864116.000000,0.094679,0,1
254,182,236,38,125,186,27,19,
554.000000,143.000000,0.077512,1143949184.000000,0.184429,0,1
138,213,82,240,114,31,118,36,
379.000000,163.000000,0.049549,169198880.000000,0.120313,0,1
251,255,151,240,202,47,75,31,
381.000000,160.000000,0.052928,251441184.000000,0.079766,0,1
196,250,77,255,117,30,196,43,
209.000000,158.000000,0.047831,103716008.000000,0.179562,0,1
255,255,252,140,181,189,61,27,
605.000000,156.000000,0.086193,434782624.000000,0.230522,0,1
33,122,36,250,128,36,246,205,
71.000000,153.000000,0.053631,212810912.000000,0.097952,0,1
251,242,173,193,159,80,95,55,
635.000000,229.000000,0.095402,119026776.000000,0.518823,0,1
17,24,21,50,44,38,69,78,
470.000000,186.000000,0.064943,273817728.000000,0.097905,0,1
165,251,79,254,121,22,140,83,
630.000000,120.000000,0.089624,2279742464.000000,0.460661,0,1
44,116,42,223,68,30,127,54,
388.000000,144.000000,0.047816,69022336.000000,0.097866,0,1
232,62,144,32,48,55,28,26,
251.000000,51.000000,0.230968,297555776.000000,7.679142,0,1
123,135,139,138,144,155,150,167,
241.000000,52.000000,0.229914,203197648.000000,8.185600,0,1
98,97,110,98,109,120,108,123,
266.000000,52.000000,0.233774,353829792.000000,1.201160,0,1
143,175,100,182,145,87,187,165,
288.000000,52.000000,0.229084,537996288.000000,2.038403,0,1
140,107,171,96,135,188,106,135,
222.000000,53.000000,0.240734,180097744.000000,9.362350,0,1
46,39,51,34,47,57,41,52,
275.000000,53.000000,0.232280,901951232.000000,2.213364,0,1
138,114,183,105,145,199,113,147,
303.000000,53.000000,0.227466,36990748.000000,1.864674,0,1
162,177,176,178,181,188,191,203,
315.000000,53.000000,0.224291,31849092.000000,1.719049,0,1
152,149,157,154,162,165,168,181,
233.000000,57.000000,0.232530,318472736.000000,2.805954,0,1
100,96,110,92,102,120,96,103,
258.000000,57.000000,0.236583,42531276.000000,2.458130,0,1
207,208,217,203,211,227,213,224,
335.000000,57.000000,0.222908,26528164.000000,1.481596,0,1
102,97,116,99,105,131,103,112,
215.000000,59.000000,0.244943,64006396.000000,9.808207,0,1
31,28,36,27,32,43,30,34,
222.000000,60.000000,0.241584,179466144.000000,9.329508,0,1
58,53,63,48,60,68,53,60,
244.000000,62.000000,0.236212,52629180.000000,2.662190,0,1
167,176,171,186,181,180,191,196,
251.000000,72.000000,0.236204,123786192.000000,0.563817,0,1
171,137,154,96,117,141,41,21,
281.000000,74.000000,0.228206,229184976.000000,1.035605,0,1
243,217,230,137,160,167,53,26,
307.000000,76.000000,0.221177,337401792.000000,1.724283,0,1
255,226,240,105,128,141,41,27,
321.000000,77.000000,0.217624,297048064.000000,1.553636,0,1
253,210,223,99,118,134,31,25,
427.000000,135.000000,0.059330,227176464.000000,0.228702,0,1
14,18,30,16,64,147,35,62,
287.000000,140.000000,0.042924,980201.500000,0.045610,0,1
24,31,27,106,107,49,223,184,
295.000000,144.000000,0.044836,69669832.000000,0.087775,0,1
255,193,227,35,119,134,27,21,
145.000000,147.000000,0.052806,698109376.000000,0.279383,0,1
32,49,101,58,167,249,150,186,
254.000000,147.000000,0.043332,230700912.000000,0.066037,0,1
144,227,63,236,139,23,215,167,
238.000000,151.000000,0.047640,804530432.000000,0.416658,0,1
22,47,25,209,134,29,247,248,
62.000000,152.000000,0.055384,397301216.000000,0.142999,0,1
237,171,248,58,154,222,38,23,
153.000000,152.000000,0.051935,596294976.000000,0.262257,0,1
230,247,195,100,191,78,53,23,
578.000000,157.000000,0.081933,475291776.000000,0.517502,0,1
206,131,154,34,79,51,24,21,
365.000000,158.000000,0.049582,176752192.000000,0.076091,0,1
83,56,172,47,122,232,54,105,
180.000000,161.000000,0.050386,256267712.000000,0.224108,0,1
19,53,40,121,167,53,236,244,
306.000000,161.000000,0.041988,5379256.000000,0.012997,0,1
147,136,108,181,89,48,78,48,
567.000000,162.000000,0.081079,850563776.000000,0.347115,0,1
136,102,43,116,36,22,51,30,
118.000000,163.000000,0.053460,251475984.000000,0.120827,0,1
242,177,228,57,141,183,60,39,
227.000000,166.000000,0.046477,318224544.000000,0.158238,0,1
218,244,129,249,124,30,166,45,
421.000000,170.000000,0.058276,370435872.000000,0.253259,0,1
25,27,31,27,112,74,112,255,
426.000000,170.000000,0.059558,109588872.000000,0.093217,0,1
24,34,30,81,124,38,228,255,
440.000000,170.000000,0.067160,143084736.000000,0.215021,0,1
22,24,25,34,46,45,194,252,
295.000000,171.000000,0.044962,980016576.000000,0.267301,0,1
145,228,89,254,93,27,165,46,
319.000000,179.000000,0.043330,18625584.000000,0.030217,0,1
77,66,165,63,141,181,80,170,
404.000000,181.000000,0.056067,217582096.000000,0.103226,0,1
28,38,44,64,172,195,187,254,
441.000000,181.000000,0.060886,175889200.000000,0.110626,0,1
210,130,165,45,95,54,29,23,
454.000000,188.000000,0.062723,389330368.000000,0.127798,0,1
187,255,87,211,182,29,76,31,
269.000000,190.000000,0.047742,373258464.000000,0.346979,0,1
51,64,114,46,109,240,53,60,
64.000000,197.000000,0.056902,414554624.000000,0.149749,0,1
36,39,86,33,79,116,47,40,
118.000000,199.000000,0.053885,519524608.000000,0.140096,0,1
22,96,25,186,135,64,202,232,
273.000000,199.000000,0.043611,231351792.000000,0.318471,0,1
173,255,89,221,176,48,126,81,
382.000000,202.000000,0.050441,129918136.000000,0.076017,0,1
161,255,82,199,133,35,90,58,
59.000000,206.000000,0.041837,308640928.000000,0.110854,0,1
54,50,86,43,77,117,57,76,
493.000000,218.000000,0.157101,355374432.000000,1.289340,0,1
46,61,30,68,49,21,59,48,
571.000000,223.000000,0.084043,162876496.000000,0.502222,0,1
15,45,38,72,71,67,81,79,
471.000000,224.000000,0.078409,26152738.000000,0.281629,0,1
80,85,80,76,78,68,66,58,
577.000000,231.000000,0.090866,26490810.000000,0.607997,0,1
98,106,113,98,104,110,91,86,
285.000000,248.000000,0.097529,14573668.000000,0.639979,0,1
57,59,58,53,49,51,41,35,
579.000000,260.000000,0.089103,17492126.000000,0.401736,0,1
68,70,60,74,64,56,68,60,
579.000000,261.000000,0.091833,19192732.000000,0.642757,0,1
65,70,58,71,63,55,62,57,
552.000000,278.000000,0.141804,15442026.000000,1.041361,0,1
35,34,33,32,29,28,26,23,
520.000000,280.000000,0.169238,8977626.000000,1.354950,0,1
19,15,21,11,18,22,13,16,
593.000000,224.000000,0.088854,400189632.000000,0.629632,0,1
18,17,35,36,37,59,55,48,
231.000000,49.000000,0.232558,275892864.000000,2.857491,0,1
57,57,67,54,68,75,62,75,
311.000000,52.000000,0.218464,71381304.000000,1.741871,0,1
148,157,146,178,159,144,173,171,
256.000000,53.000000,0.231942,271429568.000000,7.427136,0,1
163,167,174,176,192,192,185,205,
311.000000,54.000000,0.219010,67041988.000000,1.730802,0,1
159,173,154,193,171,159,196,187,
244.000000,200.000000,0.047012,733626176.000000,0.406944,0,1
34,54,27,223,104,26,250,113,
326.000000,61.000000,0.214665,136633696.000000,0.453505,0,1
163,203,136,221,175,137,210,182,
246.000000,71.000000,0.234888,129252832.000000,1.307867,0,1
163,133,140,106,118,126,69,29,
217.000000,191.000000,0.048768,94857088.000000,0.178730,0,1
33,42,60,92,155,149,214,255,
479.000000,180.000000,0.066058,292450784.000000,0.157678,0,1
255,208,231,45,131,64,27,26,
452.000000,132.000000,0.062725,71002040.000000,0.120654,0,1
17,30,20,134,77,22,255,191,
154.000000,171.000000,0.051744,206413552.000000,0.261321,0,1
254,191,245,51,120,178,36,22,
260.000000,164.000000,0.045932,283800480.000000,0.123319,0,1
37,32,115,29,150,255,104,111,
111.000000,162.000000,0.052803,132259520.000000,0.112970,0,1
250,167,231,52,111,162,31,23,
237.000000,55.000000,0.231009,265657552.000000,2.739522,0,1
96,103,105,111,116,119,123,136,
266.000000,55.000000,0.233307,789715840.000000,2.330209,0,1
157,200,116,215,173,98,211,184,
410.000000,198.000000,0.056928,273479648.000000,0.309904,0,1
213,106,109,38,45,49,29,37,
566.000000,178.000000,0.078819,1262964480.000000,0.305562,0,1
23,28,137,20,116,255,49,127,
433.000000,191.000000,0.059778,192867360.000000,0.104555,0,1
239,99,251,29,132,107,30,30,
386.000000,142.000000,0.051837,217925984.000000,0.108918,0,1
216,82,252,39,119,232,38,32,
342.000000,68.000000,0.210311,499254496.000000,0.722088,0,1
129,155,127,183,147,137,178,164,
206.000000,69.000000,0.250437,14764124.000000,10.400006,0,1
24,21,23,17,18,21,13,10,
214.000000,70.000000,0.248384,28157710.000000,9.829281,0,1
28,24,26,16,18,20,12,11,
382.000000,70.000000,0.200865,22685400.000000,3.130486,0,1
35,41,35,46,40,36,45,45,
233.000000,71.000000,0.241590,366440800.000000,8.616796,0,1
76,59,72,35,47,59,17,15,
356.000000,71.000000,0.206468,277823968.000000,1.217536,0,1
103,119,105,131,120,111,134,143,
360.000000,71.000000,0.206993,122933344.000000,1.179378,0,1
92,98,98,111,104,94,116,121,
233.000000,72.000000,0.241860,298214560.000000,8.624485,0,1
66,41,53,17,18,23,15,15,
242.000000,72.000000,0.238919,838689856.000000,8.088399,0,1
108,79,96,36,46,62,20,17,
260.000000,73.000000,0.234349,1370657408.000000,1.200493,0,1
237,167,183,78,90,110,26,22,
267.000000,73.000000,0.232888,1054472192.000000,1.136671,0,1
209,218,204,154,162,161,58,25,
351.000000,79.000000,0.208445,1650980992.000000,1.228060,0,1
180,165,168,55,67,80,28,25,
360.000000,79.000000,0.206090,1022111936.000000,1.135087,0,1
133,153,139,95,98,103,34,24,
308.000000,151.000000,0.039198,62672928.000000,0.059074,0,1
39,113,29,132,70,18,106,66,
380.000000,151.000000,0.050428,165024128.000000,0.117643,0,1
117,73,99,31,82,71,34,31,
44.000000,153.000000,0.058096,1091991936.000000,0.193048,0,1
205,234,119,203,145,37,119,19,
222.000000,181.000000,0.047233,286267584.000000,0.071448,0,1
76,211,64,244,147,28,172,103,
487.000000,181.000000,0.068804,888088512.000000,0.266295,0,1
21,135,20,254,86,16,187,49,
360.000000,186.000000,0.050748,264482816.000000,0.169385,0,1
32,39,44,38,149,60,114,236,
419.000000,189.000000,0.060426,370830304.000000,0.145107,0,1
61,175,34,186,85,28,102,35,
347.000000,198.000000,0.047110,1310299776.000000,0.474886,0,1
136,191,207,69,191,124,75,69,
171.000000,199.000000,0.050718,428218656.000000,0.240695,0,1
160,239,84,234,99,24,111,20,
377.000000,201.000000,0.051367,795579392.000000,0.396082,0,1
56,31,196,28,99,254,49,63,
206.000000,203.000000,0.049571,171761184.000000,0.199856,0,1
30,31,58,52,107,217,98,142,
435.000000,223.000000,0.064988,62060960.000000,0.201651,0,1
80,86,74,80,76,60,71,67,
294.000000,241.000000,0.074720,7657213.000000,0.470559,0,1
53,49,60,44,56,63,45,46,
278.000000,246.000000,0.102814,7256994.000000,0.668473,0,1
40,39,40,43,48,51,53,53,
301.000000,246.000000,0.096150,11646335.000000,1.237125,0,1
45,55,49,54,47,40,45,36,
288.000000,248.000000,0.096717,21495758.000000,1.354068,0,1
57,60,55,50,51,46,41,40,
471.000000,249.000000,0.088067,24099458.000000,0.369976,0,1
58,62,57,58,55,49,51,46,
428.000000,272.000000,0.128276,10305537.000000,2.092505,0,1
33,32,32,27,29,31,24,24,
470.000000,284.000000,0.144489,4823286.000000,1.760856,0,1
27,25,26,19,22,23,18,18,
456.000000,280.000000,0.140613,138611680.000000,1.870220,0,1
33,31,29,25,26,27,23,22,
434.000000,274.000000,0.128947,24869210.000000,2.061668,0,1
33,32,33,26,29,31,24,24,
225.000000,201.000000,0.047241,296073920.000000,0.167999,0,1
31,47,38,133,145,45,245,194,
341.000000,68.000000,0.210711,436420608.000000,0.719067,0,1
141,166,139,184,166,141,191,181,
240.000000,71.000000,0.239082,658512768.000000,2.692016,0,1
126,100,104,73,75,86,34,19,
341.000000,78.000000,0.211776,399441568.000000,0.407741,0,1
236,224,221,128,138,144,31,26,
223.000000,148.000000,0.046802,112949048.000000,0.164534,0,1
24,35,22,175,119,27,236,152,
294.000000,159.000000,0.043167,47586552.000000,0.065341,0,1
235,191,175,63,186,57,45,26,
198.000000,152.000000,0.050097,51934648.000000,0.199776,0,1
20,20,19,41,67,37,190,252,
468.000000,232.000000,0.065511,53884976.000000,0.260560,0,1
76,67,80,57,75,89,62,69,
388.000000,162.000000,0.057077,120800456.000000,0.094398,0,1
198,95,146,37,58,51,43,34,
342.000000,78.000000,0.211435,398865952.000000,0.409924,0,1
225,228,211,134,142,147,33,26,
179.000000,192.000000,0.050756,96352456.000000,0.233226,0,1
254,227,178,147,101,61,46,18,
143.000000,184.000000,0.052676,516761088.000000,0.281901,0,1
236,174,226,68,147,100,37,20,
408.000000,171.000000,0.053986,648565248.000000,0.279133,0,1
32,36,135,36,172,252,163,239,
132.000000,172.000000,0.053159,421743232.000000,0.125119,0,1
218,235,109,204,128,34,73,24,
369.000000,80.000000,0.203912,1642478336.000000,1.267186,0,1
106,108,101,49,52,50,25,20,
378.000000,80.000000,0.201077,558032256.000000,3.184352,0,1
62,65,62,46,47,48,25,19,
387.000000,80.000000,0.197900,171190656.000000,2.981840,0,1
40,43,38,43,40,37,27,19,
359.000000,81.000000,0.206684,566732096.000000,3.653777,0,1
98,33,35,24,24,24,21,18,
368.000000,81.000000,0.204216,645833600.000000,3.424280,0,1
108,49,52,24,25,26,21,17,
380.000000,81.000000,0.200173,381159360.000000,3.137030,0,1
60,48,47,25,26,27,19,18,
387.000000,81.000000,0.197437,170116752.000000,2.981356,0,1
41,41,39,27,27,26,19,17,
366.000000,140.000000,0.050634,46663252.000000,0.145022,0,1
19,33,28,74,87,31,124,111,
306.000000,141.000000,0.043305,172064032.000000,0.229381,0,1
20,112,19,242,40,17,61,31,
161.000000,143.000000,0.050373,253046928.000000,0.245470,0,1
15,31,19,115,87,25,237,135,
137.000000,149.000000,0.052959,642894848.000000,0.130801,0,1
27,41,89,50,142,183,153,237,
147.000000,155.000000,0.051890,496748192.000000,0.270957,0,1
21,33,23,173,127,37,240,197,
176.000000,184.000000,0.049993,733240448.000000,0.100099,0,1
56,204,55,227,170,36,189,74,
211.000000,186.000000,0.047926,483857824.000000,0.183645,0,1
42,162,38,238,97,26,104,76,
107.000000,198.000000,0.054281,852837760.000000,0.166207,0,1
169,108,155,45,89,84,33,19,
444.000000,198.000000,0.060747,814781376.000000,0.260048,0,1
145,77,105,34,58,24,39,43,
482.000000,198.000000,0.065826,1107183872.000000,0.878129,0,1
45,32,64,17,56,65,31,53,
432.000000,206.000000,0.058777,640758656.000000,0.234662,0,1
26,34,48,31,149,140,93,88,
379.000000,210.000000,0.049439,13118997.000000,0.410880,0,1
71,65,76,64,76,91,64,68,
71.000000,216.000000,0.057869,1642768896.000000,0.209286,0,1
21,35,78,36,105,156,69,64,
72.000000,217.000000,0.058023,1664717696.000000,0.209754,0,1
78,105,156,69,131,133,64,40,
465.000000,225.000000,0.067190,20866678.000000,1.082732,0,1
69,64,76,58,71,73,58,56,
361.000000,226.000000,0.080519,23755558.000000,0.692032,0,1
52,50,62,48,58,67,52,55,
491.000000,231.000000,0.076063,30860824.000000,0.663902,0,1
82,84,71,74,71,61,67,64,
480.000000,240.000000,0.100081,104412984.000000,1.169359,0,1
49,45,49,45,53,62,57,56,
492.000000,242.000000,0.100197,209844864.000000,1.212863,0,1
64,65,58,55,52,49,51,49,
365.000000,243.000000,0.098155,17843510.000000,0.843992,0,1
49,52,47,56,51,44,48,39,
485.000000,243.000000,0.100578,139001648.000000,1.192672,0,1
54,62,66,55,58,59,53,57,
480.000000,252.000000,0.086753,75816280.000000,1.310266,0,1
53,46,51,42,43,45,41,41,
431.000000,207.000000,0.058945,828452992.000000,0.234376,0,1
34,31,149,33,93,206,53,58,
205.000000,194.000000,0.049059,466787968.000000,0.193869,0,1
226,235,132,127,141,57,53,32,
370.000000,81.000000,0.203737,509381536.000000,3.365820,0,1
101,52,50,25,26,25,20,17,
400.000000,82.000000,0.190213,14350497.000000,2.706333,0,1
22,23,22,17,17,16,15,14,
197.000000,190.000000,0.051186,787894784.000000,0.209484,0,1
66,44,200,27,105,233,37,32,
203.000000,179.000000,0.048988,220335360.000000,0.192618,0,1
29,34,31,70,104,43,212,250,
131.000000,146.000000,0.053248,1511638400.000000,0.136487,0,1
118,207,85,238,88,21,131,52,
127.000000,128.000000,0.089694,118592200.000000,0.486984,0,1
13,19,22,37,44,49,51,67,
467.000000,156.000000,0.065056,46652448.000000,0.946299,0,1
8,11,11,14,17,18,20,23,
344.000000,161.000000,0.045819,523127648.000000,0.098392,0,1
130,52,203,39,178,217,159,179,
471.000000,162.000000,0.065956,635161152.000000,0.924457,0,1
57,50,27,32,31,14,23,22,
486.000000,179.000000,0.067342,210112064.000000,0.718740,0,1
14,18,15,42,34,16,183,214,
297.000000,198.000000,0.043554,112041640.000000,0.264917,0,1
24,32,54,62,68,76,83,89,
465.000000,198.000000,0.064346,2275661824.000000,0.443858,0,1
52,213,36,162,139,24,127,30,
471.000000,198.000000,0.065453,2041921280.000000,0.469985,0,1
194,230,87,94,98,21,30,19,
137.000000,200.000000,0.052629,782972160.000000,0.154915,0,1
43,42,110,50,132,216,136,115,
128.000000,211.000000,0.054679,1268661120.000000,0.168499,0,1
43,52,130,39,118,200,55,46,
485.000000,212.000000,0.067234,3548117760.000000,0.731943,0,1
18,16,23,17,94,167,41,59,
488.000000,212.000000,0.069131,1126679808.000000,0.774978,0,1
19,24,20,157,149,47,213,81,
101.000000,213.000000,0.048887,1605034240.000000,0.167793,0,1
15,28,17,59,39,20,64,43,
467.000000,219.000000,0.075545,260158992.000000,0.770390,0,1
64,65,67,71,74,76,80,71,
480.000000,219.000000,0.076669,233869376.000000,0.847922,0,1
67,75,75,68,64,64,64,64,
271.000000,235.000000,0.085985,8638246.000000,0.581975,0,1
53,53,52,69,58,50,61,60,
286.000000,235.000000,0.088433,61222560.000000,0.553983,0,1
42,45,41,51,53,49,66,64,
306.000000,235.000000,0.076039,9199163.000000,1.018448,0,1
51,54,49,43,44,41,42,38,
467.000000,237.000000,0.088237,60992476.000000,1.292382,0,1
58,52,62,46,51,60,42,47,
440.000000,246.000000,0.112090,56168556.000000,1.606607,0,1
42,39,44,37,43,57,42,44,
436.000000,252.000000,0.109271,186935952.000000,1.834405,0,1
43,47,46,43,40,37,34,33,
431.000000,253.000000,0.109839,172882448.000000,1.823826,0,1
42,44,45,38,36,36,34,32,
462.000000,254.000000,0.092031,85907192.000000,1.443902,0,1
45,43,42,39,39,40,35,33,
398.000000,264.000000,0.116613,53603640.000000,2.484969,0,1
34,33,33,26,28,32,24,24,
387.000000,261.000000,0.116353,16822856.000000,2.659804,0,1
34,34,34,29,30,32,26,25,
445.000000,197.000000,0.061779,1791529728.000000,0.371172,0,1
53,145,29,77,105,18,58,26,
302.000000,197.000000,0.042892,89193840.000000,0.258060,0,1
18,28,26,56,47,54,74,93,
386.000000,261.000000,0.114955,11784902.000000,2.574862,0,1
34,33,35,28,29,31,26,25,
472.000000,157.000000,0.066979,1710382976.000000,0.909707,0,1
15,24,19,37,47,13,66,55,
467.000000,209.000000,0.063777,2076974592.000000,0.613635,0,1
25,19,20,16,25,26,56,102,
471.000000,145.000000,0.065471,2175112960.000000,0.912463,0,1
14,15,25,12,45,23,28,53,
377.000000,148.000000,0.052567,904119424.000000,0.167895,0,1
54,143,38,186,90,65,112,35,
121.000000,189.000000,0.052605,550299264.000000,0.157503,0,1
142,113,73,48,47,27,21,18,
293.000000,141.000000,0.045440,212505280.000000,0.091320,0,1
26,26,99,22,117,233,37,78,
251.000000,143.000000,0.123995,45388432.000000,0.186869,0,1
26,26,25,22,28,29,35,121,
319.000000,143.000000,0.069032,292149024.000000,0.760759,0,1
14,14,14,17,20,24,41,73,
321.000000,149.000000,0.041599,857430976.000000,0.206885,0,1
39,47,56,40,80,122,68,101,
297.000000,151.000000,0.044534,373591808.000000,0.251794,0,1
29,99,28,158,93,26,124,28,
451.000000,152.000000,0.062940,159437248.000000,1.068720,0,1
11,11,12,9,14,13,14,26,
45.000000,153.000000,0.058048,8100761088.000000,0.258591,0,1
118,198,48,194,87,25,93,18,
86.000000,155.000000,0.054860,2473699072.000000,0.199554,0,1
34,101,36,159,101,60,181,117,
173.000000,155.000000,0.049294,512480032.000000,0.095711,0,1
30,139,34,191,148,27,202,58,
452.000000,157.000000,0.062769,3388986112.000000,1.057214,0,1
27,26,29,15,57,33,35,65,
420.000000,160.000000,0.058226,5508572160.000000,0.685250,0,1
29,57,19,57,35,15,59,38,
47.000000,162.000000,0.058287,468591744.000000,0.258702,0,1
27,21,34,15,18,20,14,14,
166.000000,162.000000,0.051044,1096296960.000000,0.243192,0,1
192,60,192,26,79,181,31,50,
451.000000,162.000000,0.062518,2783876096.000000,1.064844,0,1
34,15,58,11,31,37,15,26,
240.000000,165.000000,0.047444,348257472.000000,0.410847,0,1
29,35,54,44,154,199,120,103,
66.000000,171.000000,0.055790,821370496.000000,0.227335,0,1
21,19,32,20,31,46,35,43,
37.000000,175.000000,0.059309,605993920.000000,0.277719,0,1
15,15,21,16,24,30,24,28,
196.000000,176.000000,0.053288,156689024.000000,0.088848,0,1
30,26,74,22,49,65,24,21,
187.000000,178.000000,0.050612,346743968.000000,0.219477,0,1
22,74,18,112,64,17,57,16,
240.000000,178.000000,0.045537,319975808.000000,0.412516,0,1
23,32,36,38,146,85,105,200,
135.000000,179.000000,0.052902,1004418560.000000,0.147086,0,1
27,57,114,58,169,223,120,144,
109.000000,182.000000,0.054132,2558161664.000000,0.179010,0,1
25,31,73,29,96,175,47,36,
35.000000,184.000000,0.061681,11871544.000000,0.296315,0,1
11,11,11,17,18,15,26,28,
145.000000,184.000000,0.052371,1109755392.000000,0.277680,0,1
177,226,101,147,100,39,41,22,
36.000000,187.000000,0.059997,131594160.000000,0.286635,0,1
24,28,21,26,20,13,16,12,
321.000000,193.000000,0.044173,427281344.000000,0.159923,0,1
20,35,29,44,105,49,107,99,
40.000000,197.000000,0.062109,467485216.000000,0.299271,0,1
15,17,25,16,26,34,27,40,
81.000000,197.000000,0.055097,3562729216.000000,0.219461,0,1
69,106,45,110,62,20,39,17,
306.000000,198.000000,0.044401,297180928.000000,0.250932,0,1
35,57,60,78,81,80,95,92,
49.000000,199.000000,0.047590,1079684864.000000,0.211980,0,1
35,42,31,48,31,18,33,19,
70.000000,199.000000,0.057052,3847391232.000000,0.241564,0,1
125,112,129,59,74,106,29,24,
241.000000,200.000000,0.045907,536069152.000000,0.412185,0,1
37,38,63,26,147,192,62,135,
253.000000,201.000000,0.044958,181353344.000000,0.374477,0,1
18,19,19,49,31,35,49,52,
38.000000,202.000000,0.060495,166541440.000000,0.276369,0,1
31,25,43,18,33,43,21,16,
97.000000,203.000000,0.053806,3612656128.000000,0.201306,0,1
22,82,33,165,101,28,92,26,
418.000000,204.000000,0.057010,5290975744.000000,0.676576,0,1
25,33,31,47,111,41,174,150,
76.000000,205.000000,0.056612,2834705664.000000,0.237061,0,1
135,96,104,50,80,44,26,17,
181.000000,206.000000,0.049372,645004480.000000,0.228806,0,1
17,14,12,42,17,12,63,36,
177.000000,207.000000,0.049335,538296896.000000,0.234157,0,1
19,38,45,50,58,90,64,39,
418.000000,207.000000,0.060372,3305091072.000000,0.732284,0,1
222,115,104,59,59,34,53,52,
157.000000,208.000000,0.051262,1394975744.000000,0.265436,0,1
24,90,38,195,120,42,183,100,
293.000000,208.000000,0.052978,172763168.000000,0.218162,0,1
101,99,97,82,87,78,69,64,
152.000000,209.000000,0.051852,1883258496.000000,0.273736,0,1
41,45,147,30,136,221,63,56,
285.000000,209.000000,0.057749,409620608.000000,0.403417,0,1
95,100,103,81,88,85,61,67,
447.000000,209.000000,0.061683,979168640.000000,1.156777,0,1
17,17,26,35,32,36,48,48,
24.000000,211.000000,0.058811,281839680.000000,0.302155,0,1
18,16,26,16,26,35,31,26,
53.000000,211.000000,0.061145,74105616.000000,0.288653,0,1
26,35,38,23,22,20,15,13,
121.000000,213.000000,0.052713,76280816.000000,0.182096,0,1
13,14,15,17,20,22,35,38,
76.000000,215.000000,0.054543,4569626624.000000,0.233633,0,1
15,31,22,94,69,29,139,93,
84.000000,216.000000,0.055169,2018593920.000000,0.230223,0,1
13,41,24,83,54,24,57,36,
152.000000,216.000000,0.066033,25409016.000000,0.345244,0,1
42,43,41,40,37,35,33,30,
420.000000,216.000000,0.062266,656666432.000000,1.530732,0,1
56,62,53,73,61,51,66,55,
110.000000,220.000000,0.063423,79906576.000000,0.248719,0,1
44,38,39,34,33,34,28,25,
331.000000,224.000000,0.076490,598091328.000000,0.819981,0,1
48,48,48,50,39,37,41,37,
334.000000,224.000000,0.076785,432754944.000000,0.795445,0,1
49,52,55,34,46,55,30,41,
344.000000,224.000000,0.072854,154977360.000000,0.709535,0,1
57,61,62,56,55,55,49,46,
364.000000,224.000000,0.080035,39698564.000000,0.654691,0,1
48,51,47,57,55,49,63,65,
399.000000,224.000000,0.054441,187228624.000000,1.847360,0,1
54,54,51,53,54,47,68,57,
436.000000,226.000000,0.063041,581535424.000000,0.679918,0,1
63,67,58,74,64,56,72,61,
288.000000,228.000000,0.079499,281452672.000000,0.496895,0,1
48,47,45,52,53,52,63,55,
406.000000,228.000000,0.058122,39863816.000000,0.662301,0,1
56,53,59,49,56,58,49,47,
431.000000,228.000000,0.057714,320003648.000000,0.590019,0,1
67,60,77,49,59,69,49,48,
270.000000,230.000000,0.081104,506207328.000000,0.570147,0,1
45,43,41,52,48,44,67,69,
260.000000,232.000000,0.081584,57280752.000000,0.710415,0,1
36,41,38,43,46,45,47,45,
299.000000,233.000000,0.086417,20695428.000000,1.194389,0,1
46,50,44,55,49,42,59,47,
298.000000,235.000000,0.084877,30368830.000000,1.197466,0,1
54,59,55,47,50,44,42,40,
440.000000,237.000000,0.063852,17818034.000000,1.457008,0,1
47,44,52,41,49,71,43,50,
335.000000,240.000000,0.095450,49611840.000000,0.946894,0,1
38,37,38,39,41,42,48,49,
268.000000,244.000000,0.082167,118248232.000000,0.646284,0,1
65,62,61,53,52,52,43,44,
357.000000,246.000000,0.096067,56202476.000000,0.839867,0,1
48,49,45,43,42,38,36,33,
240.000000,252.000000,0.055806,5843267.000000,0.624046,0,1
30,30,30,29,28,28,27,24,
290.000000,252.000000,0.086219,20233874.000000,1.354736,0,1
38,36,33,33,32,29,30,26,
272.000000,256.000000,0.082072,21496732.000000,0.687649,0,1
35,36,35,35,33,30,32,27,
415.000000,256.000000,0.112667,133357448.000000,2.096491,0,1
36,41,40,33,32,30,30,30,
405.000000,257.000000,0.114173,129218504.000000,2.254244,0,1
32,35,37,32,34,34,27,27,
212.000000,260.000000,0.073792,279854.187500,0.815757,0,1
24,22,23,21,22,22,20,20,
358.000000,260.000000,0.113250,64776228.000000,0.966863,0,1
31,32,31,28,30,29,26,24,
140.000000,260.000000,0.091371,6300631.500000,0.551160,0,1
22,22,22,22,22,23,22,20,
148.000000,256.000000,0.096966,5091303.500000,0.518848,0,1
27,26,26,26,24,24,22,23,
390.000000,228.000000,0.077856,43821540.000000,0.663907,0,1
52,48,54,41,48,50,41,42,
116.000000,214.000000,0.053685,107875944.000000,0.191762,0,1
13,14,15,26,30,33,36,37,
190.000000,208.000000,0.049744,156518880.000000,0.223969,0,1
15,18,18,30,29,29,43,48,
202.000000,207.000000,0.050029,789604864.000000,0.203610,0,1
196,68,65,42,51,49,51,54,
84.000000,207.000000,0.056510,6403216384.000000,0.229927,0,1
134,89,158,62,119,137,58,21,
431.000000,206.000000,0.058707,2878139136.000000,0.436803,0,1
24,23,47,20,82,168,43,65,
221.000000,203.000000,0.048146,488346272.000000,0.175917,0,1
47,32,173,22,111,227,44,60,
356.000000,200.000000,0.050347,3083808768.000000,0.355543,0,1
172,125,87,59,76,40,59,54,
347.000000,196.000000,0.047510,1647251712.000000,0.481331,0,1
27,38,40,78,136,70,191,191,
80.000000,187.000000,0.056174,4319396864.000000,0.220088,0,1
100,80,111,40,85,125,29,21,
117.000000,184.000000,0.054167,2629419264.000000,0.171643,0,1
201,200,195,79,144,177,59,66,
162.000000,143.000000,0.050937,574826176.000000,0.246893,0,1
15,25,17,109,46,17,191,63,
197.000000,169.000000,0.050945,761561280.000000,0.205366,0,1
118,86,225,34,119,151,34,23,
89.000000,168.000000,0.054333,718553280.000000,0.196041,0,1
63,47,77,26,55,61,25,18,
72.000000,155.000000,0.055556,2021790080.000000,0.216808,0,1
121,105,73,44,54,26,23,15,
266.000000,258.000000,0.080651,12016134.000000,0.705148,0,1
38,35,34,30,30,29,26,23,
107.000000,157.000000,0.053881,4010943232.000000,0.173045,0,1
29,40,99,37,113,218,75,110,
420.000000,230.000000,0.062157,541097600.000000,1.576071,0,1
54,67,47,61,55,42,49,41,
224.000000,224.000000,0.063785,5005051.500000,0.232361,0,1
36,36,37,34,34,33,33,32,
62.000000,162.000000,0.063784,106545424.000000,0.273971,0,1
48,42,36,33,27,18,28,22,
455.000000,210.000000,0.065656,132497232.000000,1.109328,0,1
15,16,15,38,33,29,52,53,
433.000000,208.000000,0.060128,1746771968.000000,0.611552,0,1
168,168,183,65,107,73,60,57,
63.000000,162.000000,0.063487,113930856.000000,0.269231,0,1
45,40,30,31,23,15,23,18,
180.000000,207.000000,0.049538,777529600.000000,0.229705,0,1
14,42,17,90,63,18,57,38,
155.000000,198.000000,0.051848,2624323072.000000,0.264803,0,1
136,59,194,31,97,196,32,26,
110.000000,197.000000,0.053719,2360346624.000000,0.184117,0,1
69,132,38,155,89,33,84,28,
332.000000,196.000000,0.043975,452757024.000000,0.133712,0,1
32,76,26,146,88,60,112,71,
139.000000,191.000000,0.051820,1925483520.000000,0.145666,0,1
66,187,63,198,119,29,88,53,
90.000000,190.000000,0.055121,2664278784.000000,0.205999,0,1
51,111,39,93,53,20,33,17,
91.000000,168.000000,0.055888,383892352.000000,0.200515,0,1
65,77,57,55,61,27,34,18,
90.000000,188.000000,0.055026,5265468928.000000,0.204692,0,1
44,82,25,116,51,20,111,53,
127.000000,185.000000,0.053177,455595712.000000,0.158080,0,1
25,34,80,43,129,216,120,201,
96.000000,172.000000,0.057428,1497269376.000000,0.202624,0,1
20,22,31,28,47,58,53,59,
144.000000,179.000000,0.052445,1300228608.000000,0.279890,0,1
32,136,52,218,137,29,205,194,
361.000000,200.000000,0.048291,1449551872.000000,0.432401,0,1
26,42,22,45,40,34,52,61,
134.000000,198.000000,0.052452,2335583744.000000,0.156622,0,1
104,184,56,213,118,33,146,52,
27.000000,213.000000,0.061298,218716272.000000,0.315993,0,1
34,41,37,26,23,19,12,10,
38.000000,142.000000,0.060468,6157479.000000,0.279370,0,1
13,13,14,13,14,14,15,20,
249.000000,189.000000,0.047243,400843200.000000,0.395083,0,1
217,66,59,27,29,33,24,24,
331.000000,198.000000,0.045171,598870848.000000,0.185933,0,1
162,104,74,71,77,70,68,71,
353.000000,161.000000,0.047200,6121122816.000000,0.432230,0,1
137,98,211,34,137,148,42,59,
323.000000,155.000000,0.043125,551675264.000000,0.515777,0,1
117,99,102,43,91,72,42,31,
262.000000,146.000000,0.045092,123303768.000000,0.079742,0,1
175,162,173,60,109,138,33,27,
