# timestamp
1608635194156954368

# fx, fy, cx, cy, width, height, npoints
501.482666,501.475525,421.796356,167.663284,800,400,635

# camToWorld: translation vector, rotation quaternion
-10.883072,46.869404,3.579582,-0.683539,0.248002,-0.213094,0.652580

# Exposure time (ms)
1.877645

# Point Cloud Data : 
# u,v,idepth_scaled,idepth_hessian,maxRelBaseline,numGoodRes,status 
# color information 
748.000000,186.000000,0.230892,1768777.875000,0.856685,0,1
5,10,8,26,26,26,28,19,
485.000000,198.000000,0.148273,110102408.000000,0.246522,0,1
44,8,66,6,41,67,8,38,
750.000000,269.000000,0.226951,11306562.000000,1.139216,0,1
10,18,9,21,15,8,21,18,
122.000000,279.000000,0.222273,777986560.000000,1.063235,0,1
124,109,127,95,115,129,103,110,
44.000000,55.000000,0.200234,17249530.000000,0.383704,0,1
43,45,52,46,54,63,56,62,
716.000000,100.000000,0.195469,287807.562500,1.796787,0,1
6,5,4,4,4,3,4,3,
725.000000,152.000000,0.193601,7770389.500000,0.473711,0,1
4,5,17,6,21,32,11,17,
610.000000,205.000000,0.172295,100424280.000000,0.713838,0,1
18,34,10,43,20,7,34,33,
704.000000,242.000000,0.199237,18625810.000000,1.779951,0,1
11,5,15,2,9,19,4,6,
744.000000,245.000000,0.204269,1052934.250000,0.807649,0,1
6,7,7,11,13,13,18,20,
737.000000,246.000000,0.203962,3582849.500000,0.989952,0,1
5,5,6,7,8,12,14,17,
46.000000,279.000000,0.261693,131963392.000000,0.775699,0,1
41,84,39,85,54,26,43,25,
704.000000,287.000000,0.209101,9597755.000000,0.757440,0,1
23,12,30,4,24,36,12,15,
125.000000,292.000000,0.224834,367519264.000000,1.084952,0,1
123,108,122,98,112,115,99,102,
736.000000,294.000000,0.206825,19060098.000000,2.165197,0,1
6,7,10,10,17,13,21,17,
698.000000,252.000000,0.217961,4223133.500000,1.833329,0,1
2,4,2,11,8,5,14,14,
485.000000,196.000000,0.147688,100711592.000000,0.240627,0,1
44,8,65,6,44,66,8,41,
198.000000,60.000000,0.241279,3719533.750000,0.446861,0,1
9,13,11,24,21,18,35,38,
206.000000,71.000000,0.033993,22733742.000000,0.051350,0,1
58,62,72,69,80,92,92,105,
401.000000,80.000000,0.166257,11233822.000000,0.251393,0,1
12,21,19,29,28,27,52,81,
522.000000,108.000000,0.147193,92252000.000000,0.221825,0,1
40,75,15,101,21,11,38,14,
669.000000,112.000000,0.189603,172361936.000000,0.285981,0,1
28,19,74,8,80,130,55,118,
693.000000,128.000000,0.216750,62721692.000000,1.701827,0,1
20,27,10,19,13,5,10,10,
45.000000,170.000000,0.105941,171872544.000000,0.189416,0,1
175,210,172,255,201,171,247,240,
605.000000,218.000000,0.171657,63353656.000000,0.709351,0,1
37,24,39,6,26,42,5,6,
81.000000,224.000000,0.162021,210728064.000000,0.275756,0,1
154,181,151,237,164,145,232,233,
498.000000,248.000000,0.130662,3867195.500000,0.250310,0,1
42,38,48,43,39,40,42,43,
62.000000,270.000000,0.218479,707041920.000000,0.641506,0,1
159,85,178,51,98,197,58,65,
689.000000,279.000000,0.179323,19402396.000000,1.168137,0,1
10,10,11,12,16,18,18,20,
675.000000,286.000000,0.112388,961594.750000,0.169373,0,1
19,20,19,23,21,19,30,30,
694.000000,287.000000,0.211703,47028560.000000,1.845560,0,1
12,19,7,20,12,5,13,8,
82.000000,288.000000,0.224879,674747200.000000,1.180008,0,1
110,101,103,94,96,98,91,88,
678.000000,292.000000,0.189736,8914972.000000,1.187960,0,1
17,19,19,36,29,25,39,36,
644.000000,293.000000,0.188341,50282916.000000,1.443767,0,1
48,42,45,29,34,39,23,21,
685.000000,293.000000,0.195044,53124696.000000,1.736145,0,1
22,23,17,33,23,13,38,34,
578.000000,294.000000,0.176764,86135648.000000,1.061800,0,1
9,12,11,24,23,16,37,43,
72.000000,296.000000,0.238958,1610731904.000000,1.374132,0,1
53,39,65,29,48,68,35,44,
585.000000,296.000000,0.179041,67581992.000000,1.108353,0,1
10,15,12,28,20,16,37,40,
668.000000,298.000000,0.195188,21230162.000000,1.631157,0,1
37,36,36,25,28,31,21,19,
552.000000,288.000000,0.171934,87126984.000000,0.912040,0,1
8,12,9,42,26,15,47,42,
404.000000,81.000000,0.166770,16098949.000000,0.251327,0,1
18,27,26,51,46,39,85,108,
256.000000,172.000000,0.092915,29056394.000000,0.139105,0,1
204,211,203,191,206,200,149,133,
692.000000,185.000000,0.214733,23624928.000000,0.829815,0,1
6,19,12,32,28,10,27,14,
657.000000,288.000000,0.182699,138566832.000000,1.063666,0,1
7,11,23,27,24,28,34,35,
516.000000,279.000000,0.160910,104918128.000000,0.528219,0,1
8,13,11,42,32,26,43,36,
611.000000,208.000000,0.173419,29791448.000000,0.498193,0,1
13,33,11,38,30,9,43,43,
119.000000,53.000000,0.268152,10568349.000000,1.493762,0,1
21,25,23,32,30,27,48,64,
215.000000,62.000000,0.243934,7752949.000000,0.563102,0,1
10,15,14,28,26,25,36,42,
225.000000,62.000000,0.237222,3729714.750000,0.630449,0,1
9,11,10,18,16,15,28,39,
354.000000,84.000000,0.113776,8571317.000000,0.172208,0,1
80,57,43,39,51,65,52,26,
566.000000,89.000000,0.162096,22689518.000000,0.312011,0,1
6,7,9,9,18,25,17,33,
628.000000,89.000000,0.178649,84128864.000000,0.842935,0,1
23,10,29,6,16,32,7,10,
567.000000,90.000000,0.160648,31648812.000000,0.309913,0,1
9,18,25,17,37,42,33,43,
648.000000,93.000000,0.191277,33569008.000000,1.001107,0,1
6,9,8,22,16,7,26,11,
625.000000,109.000000,0.183480,215967248.000000,0.790591,0,1
90,75,80,32,40,49,11,8,
61.000000,117.000000,0.006752,146844672.000000,0.020194,0,1
254,248,214,233,169,124,153,140,
684.000000,230.000000,0.110809,8665203.000000,1.154292,0,1
10,14,8,15,12,7,15,14,
526.000000,238.000000,0.166659,51543208.000000,0.287737,0,1
61,75,30,59,55,21,66,48,
107.000000,278.000000,0.227432,46236264.000000,0.811369,0,1
251,241,231,206,188,164,132,97,
579.000000,279.000000,0.170494,38215712.000000,1.001154,0,1
49,50,50,35,43,49,27,26,
637.000000,285.000000,0.178177,85468224.000000,1.339888,0,1
16,36,28,48,49,47,49,49,
628.000000,298.000000,0.184130,27765694.000000,1.347674,0,1
21,18,20,8,10,15,6,6,
279.000000,298.000000,0.166270,4712565.000000,0.695256,0,1
86,90,85,94,92,86,93,88,
638.000000,292.000000,0.185508,45732224.000000,1.394851,0,1
47,42,45,25,30,35,22,22,
537.000000,289.000000,0.167512,96722432.000000,0.842891,0,1
36,29,34,13,23,30,5,4,
621.000000,288.000000,0.181959,42083192.000000,1.274003,0,1
48,48,48,30,37,43,25,23,
539.000000,285.000000,0.166875,86776136.000000,0.836077,0,1
11,22,15,50,37,24,50,38,
530.000000,284.000000,0.164394,70461064.000000,0.791523,0,1
21,31,38,22,39,48,19,26,
587.000000,281.000000,0.172636,41630236.000000,1.047958,0,1
49,47,48,32,36,40,27,25,
154.000000,77.000000,0.019971,156816368.000000,0.045786,0,1
242,248,249,250,237,166,191,151,
102.000000,97.000000,0.014988,200741984.000000,0.040240,0,1
190,167,214,163,199,242,211,210,
536.000000,115.000000,0.153795,162701088.000000,0.233011,0,1
71,20,101,13,68,111,16,31,
640.000000,117.000000,0.183263,162709664.000000,0.902421,0,1
137,40,85,8,12,12,8,7,
654.000000,127.000000,0.183859,49755204.000000,1.293751,0,1
4,3,6,3,8,10,11,15,
452.000000,229.000000,0.151589,32685692.000000,0.228651,0,1
27,16,63,16,27,74,17,33,
626.000000,221.000000,0.182877,35693792.000000,1.163422,0,1
9,9,11,10,15,17,15,18,
247.000000,161.000000,0.082061,79766512.000000,0.129518,0,1
41,49,33,190,113,38,193,192,
648.000000,265.000000,0.178760,131417440.000000,0.988085,0,1
10,14,6,15,10,4,13,10,
652.000000,254.000000,0.178048,50435216.000000,0.980666,0,1
14,13,15,10,11,11,7,5,
539.000000,122.000000,0.152761,90509048.000000,0.233762,0,1
141,32,152,15,77,98,16,19,
549.000000,287.000000,0.170676,84692216.000000,0.654186,0,1
8,12,9,34,20,12,50,42,
451.000000,279.000000,0.161838,24487260.000000,0.429204,0,1
59,42,56,34,45,44,40,42,
628.000000,180.000000,0.176137,4760680.500000,0.814089,0,1
9,9,9,15,14,14,35,37,
572.000000,112.000000,0.165061,426327360.000000,0.522605,0,1
77,31,86,11,36,89,11,11,
597.000000,209.000000,0.169835,19766250.000000,0.455321,0,1
37,18,41,9,26,28,7,5,
192.000000,65.000000,0.024358,296355008.000000,0.068901,0,1
137,171,143,155,126,56,81,41,
249.000000,71.000000,0.080276,65619808.000000,0.183568,0,1
76,84,81,77,64,52,41,36,
271.000000,80.000000,0.085912,131205008.000000,0.168774,0,1
160,112,121,49,156,74,94,87,
143.000000,93.000000,0.031576,31189160.000000,0.105372,0,1
81,85,88,100,96,99,112,119,
398.000000,107.000000,0.120639,3413010.500000,0.078315,0,1
18,23,22,33,42,28,65,75,
603.000000,119.000000,0.175648,608360064.000000,1.063484,0,1
7,20,8,24,18,7,40,26,
130.000000,120.000000,0.054661,38053000.000000,0.193178,0,1
234,214,235,169,200,220,168,174,
97.000000,142.000000,0.050984,21809838.000000,0.199994,0,1
200,213,203,225,214,199,232,223,
127.000000,161.000000,0.072380,19945380.000000,0.264950,0,1
199,194,197,187,192,197,186,182,
231.000000,162.000000,0.087702,88312168.000000,0.202704,0,1
225,230,225,148,191,232,132,127,
270.000000,170.000000,0.091262,176169328.000000,0.221378,0,1
60,91,65,146,69,67,148,155,
139.000000,175.000000,0.083010,9761414.000000,0.296988,0,1
194,194,195,187,192,191,180,175,
292.000000,179.000000,0.097460,83283720.000000,0.169414,0,1
61,44,89,107,80,104,135,150,
593.000000,182.000000,0.178575,3722584.000000,1.046633,0,1
38,36,35,26,29,34,24,27,
479.000000,225.000000,0.135869,25778920.000000,0.282580,0,1
20,52,16,32,17,10,53,16,
603.000000,242.000000,0.186822,18798588.000000,1.269434,0,1
28,25,25,11,16,21,6,6,
620.000000,288.000000,0.181414,41830232.000000,1.403114,0,1
48,46,48,28,34,40,24,23,
611.000000,294.000000,0.177772,27571596.000000,1.227461,0,1
22,19,21,9,12,17,7,6,
579.000000,272.000000,0.162709,64611280.000000,0.952285,0,1
11,16,13,38,27,18,52,52,
558.000000,268.000000,0.157134,87907944.000000,0.831988,0,1
8,8,10,37,27,19,46,49,
399.000000,122.000000,0.082302,4491763.500000,0.034414,0,1
104,114,85,50,58,32,30,31,
605.000000,190.000000,0.177744,4668084.000000,1.111552,0,1
23,23,21,18,18,18,10,9,
109.000000,279.000000,0.226244,121801984.000000,1.268651,0,1
219,177,146,125,114,95,96,96,
174.000000,89.000000,0.058133,151408192.000000,0.178228,0,1
139,136,118,120,86,70,60,57,
598.000000,236.000000,0.187035,14540736.000000,1.228654,0,1
6,8,7,22,17,12,32,32,
594.000000,160.000000,0.170127,12968388.000000,0.969570,0,1
7,11,5,16,11,4,15,14,
469.000000,215.000000,0.122576,12501500.000000,0.223069,0,1
28,42,32,46,39,40,64,58,
617.000000,191.000000,0.178980,2192048.000000,1.185029,0,1
20,19,19,13,14,15,9,9,
513.000000,278.000000,0.159115,58284024.000000,0.515622,0,1
7,10,9,37,22,13,44,38,
306.000000,86.000000,0.094430,52105896.000000,0.142700,0,1
76,44,70,28,56,85,39,96,
450.000000,91.000000,0.158690,75031880.000000,0.230896,0,1
41,139,33,174,97,28,128,45,
222.000000,108.000000,0.076050,79179496.000000,0.310983,0,1
82,79,79,62,72,96,58,73,
102.000000,109.000000,0.045487,758780032.000000,0.175380,0,1
138,138,210,120,169,215,130,159,
612.000000,179.000000,0.172562,3432166.500000,1.091654,0,1
8,8,9,9,9,10,17,30,
605.000000,179.000000,0.171359,5320129.500000,1.044717,0,1
4,4,5,6,6,8,19,31,
602.000000,127.000000,0.170375,110099440.000000,1.009468,0,1
19,14,16,18,30,42,19,24,
271.000000,171.000000,0.091387,95315288.000000,0.219485,0,1
65,69,67,148,109,80,155,162,
594.000000,232.000000,0.168088,38304348.000000,1.026372,0,1
9,16,5,24,14,5,26,18,
557.000000,298.000000,0.149756,16910072.000000,0.643231,0,1
5,5,11,6,12,24,6,5,
384.000000,221.000000,0.139861,21302748.000000,0.210775,0,1
119,131,124,109,122,129,101,97,
306.000000,288.000000,0.161476,4654117.500000,0.536116,0,1
80,79,77,76,76,75,73,66,
568.000000,270.000000,0.159831,75292112.000000,0.638845,0,1
13,16,14,39,32,25,51,54,
549.000000,266.000000,0.154912,40394660.000000,0.809954,0,1
17,36,15,54,33,21,55,53,
369.000000,265.000000,0.137468,32147570.000000,0.374120,0,1
39,39,37,48,43,38,49,49,
304.000000,74.000000,0.105891,296700480.000000,0.219849,0,1
31,41,57,84,102,141,145,128,
449.000000,89.000000,0.158811,257916544.000000,0.343511,0,1
30,72,18,147,58,22,128,184,
564.000000,128.000000,0.075306,38108044.000000,0.294093,0,1
37,44,26,61,52,27,66,39,
105.000000,152.000000,0.068663,88472584.000000,0.332023,0,1
216,211,221,201,218,235,202,200,
438.000000,159.000000,0.128114,4278173.000000,0.193401,0,1
39,44,28,61,53,40,35,34,
117.000000,161.000000,0.076705,14490333.000000,0.360427,0,1
211,202,208,194,200,207,191,186,
124.000000,162.000000,0.066423,82301920.000000,0.298936,0,1
192,198,187,206,197,186,203,201,
585.000000,168.000000,0.175094,2555790.750000,1.292299,0,1
24,25,22,24,20,14,19,14,
264.000000,177.000000,0.100396,180811536.000000,0.236700,0,1
195,180,197,130,152,191,126,122,
579.000000,189.000000,0.170156,3440571.750000,1.309104,0,1
29,26,27,14,16,17,10,10,
587.000000,189.000000,0.171753,2490141.000000,1.383824,0,1
27,26,25,19,21,21,11,10,
570.000000,198.000000,0.163962,2772990.000000,1.191073,0,1
18,21,20,12,15,16,7,6,
371.000000,217.000000,0.136779,51542132.000000,0.224615,0,1
122,135,127,96,113,132,95,95,
394.000000,224.000000,0.142195,66837104.000000,0.264549,0,1
109,131,112,109,128,134,98,94,
568.000000,231.000000,0.176484,12289984.000000,1.395710,0,1
22,27,27,40,35,30,47,47,
580.000000,233.000000,0.182875,9027769.000000,1.571591,0,1
17,26,17,39,29,20,40,41,
525.000000,258.000000,0.163698,62567848.000000,0.772085,0,1
38,44,21,45,35,17,42,32,
440.000000,262.000000,0.157245,3834133.250000,0.502917,0,1
58,52,58,48,54,58,47,49,
593.000000,275.000000,0.166015,75056888.000000,1.539669,0,1
14,16,13,39,33,23,47,48,
511.000000,283.000000,0.163985,19166898.000000,1.101996,0,1
33,25,31,16,16,23,14,9,
563.000000,283.000000,0.168724,34151616.000000,1.010547,0,1
20,18,20,10,13,16,7,6,
518.000000,292.000000,0.165783,10818672.000000,0.852704,0,1
19,8,29,6,19,31,10,19,
521.000000,297.000000,0.163472,7808869.500000,0.860578,0,1
27,21,23,16,14,16,13,12,
472.000000,298.000000,0.158271,24545288.000000,0.990777,0,1
4,6,7,9,10,11,13,15,
457.000000,278.000000,0.164204,29000342.000000,0.627455,0,1
36,50,25,47,25,15,35,18,
513.000000,265.000000,0.150682,19117202.000000,0.665061,0,1
54,52,54,33,40,48,29,29,
504.000000,263.000000,0.147979,23810134.000000,0.621798,0,1
54,52,54,32,41,49,26,25,
448.000000,261.000000,0.161179,16169049.000000,0.534518,0,1
53,75,46,80,63,45,72,64,
561.000000,245.000000,0.172033,7094488.000000,1.333018,0,1
25,29,34,17,18,20,15,17,
123.000000,131.000000,0.051518,103264920.000000,0.310620,0,1
153,134,145,107,123,138,102,103,
557.000000,234.000000,0.172103,14938243.000000,1.306459,0,1
48,43,43,20,28,38,10,11,
584.000000,169.000000,0.171982,2853320.250000,1.285086,0,1
25,24,20,22,19,14,20,15,
421.000000,187.000000,0.127680,19522688.000000,0.194053,0,1
53,51,61,29,32,74,22,25,
287.000000,94.000000,0.093620,65936536.000000,0.192241,0,1
128,129,129,112,106,91,58,72,
387.000000,115.000000,0.110752,4720610.000000,0.071566,0,1
102,32,134,22,82,121,25,30,
569.000000,125.000000,0.162859,207371248.000000,1.136042,0,1
12,28,12,41,27,11,31,28,
103.000000,170.000000,0.081408,32146332.000000,0.405810,0,1
196,194,197,187,189,193,186,183,
560.000000,230.000000,0.172307,30525230.000000,1.289021,0,1
18,19,21,43,34,27,47,45,
468.000000,216.000000,0.153048,19287922.000000,0.421931,0,1
42,46,39,69,64,42,61,73,
524.000000,297.000000,0.163619,9712496.000000,0.874488,0,1
19,23,9,16,11,6,12,7,
576.000000,199.000000,0.165510,4680740.000000,1.247832,0,1
19,18,18,7,7,8,5,5,
459.000000,277.000000,0.162323,15828389.000000,0.618978,0,1
34,32,28,32,23,19,17,12,
449.000000,275.000000,0.120106,21209412.000000,0.395825,0,1
60,48,61,42,47,58,43,35,
566.000000,187.000000,0.166199,5763598.000000,1.184319,0,1
37,39,37,34,34,34,21,12,
230.000000,154.000000,0.078222,199908608.000000,0.217482,0,1
51,58,44,216,131,51,231,220,
539.000000,264.000000,0.153552,62684792.000000,0.760756,0,1
22,26,22,46,40,35,54,54,
485.000000,121.000000,0.139026,170154240.000000,0.353592,0,1
21,18,63,10,50,95,20,18,
634.000000,252.000000,0.089894,10055407.000000,0.557254,0,1
17,17,16,21,18,13,22,20,
294.000000,282.000000,0.155808,4515058.000000,0.433498,0,1
87,83,86,83,81,87,80,77,
448.000000,231.000000,0.146703,51212032.000000,0.266954,0,1
16,29,17,73,52,29,85,88,
326.000000,71.000000,0.207345,28684314.000000,0.773231,0,1
7,9,9,17,15,13,26,38,
557.000000,95.000000,0.153360,473180576.000000,1.369631,0,1
6,6,8,5,12,25,15,35,
158.000000,110.000000,0.016879,69845288.000000,0.070188,0,1
88,107,83,118,97,82,114,99,
458.000000,118.000000,0.133621,136616320.000000,0.369193,0,1
97,65,99,25,70,98,26,25,
563.000000,124.000000,0.158883,136151824.000000,1.474390,0,1
10,10,13,12,22,34,31,37,
72.000000,152.000000,0.062175,74278864.000000,0.378471,0,1
198,212,200,230,216,209,239,232,
106.000000,153.000000,0.068974,170155728.000000,0.383370,0,1
221,218,235,202,217,235,200,200,
108.000000,154.000000,0.070602,156469056.000000,0.391306,0,1
237,227,236,204,219,226,201,199,
130.000000,166.000000,0.068817,117096264.000000,0.352753,0,1
180,187,180,204,195,186,210,206,
116.000000,180.000000,0.087257,68012080.000000,0.494756,0,1
185,171,177,159,165,174,164,167,
551.000000,187.000000,0.162534,9435320.000000,1.449559,0,1
44,38,40,21,24,25,13,12,
558.000000,196.000000,0.157714,9327956.000000,1.448552,0,1
17,20,19,28,27,25,32,32,
386.000000,199.000000,0.105927,6471964.500000,0.163044,0,1
37,50,33,52,37,34,46,34,
548.000000,205.000000,0.157172,299399680.000000,1.380137,0,1
18,29,13,34,20,18,31,18,
553.000000,207.000000,0.158320,281427360.000000,1.440681,0,1
15,28,10,28,14,5,26,11,
421.000000,214.000000,0.140150,68145344.000000,0.363999,0,1
19,23,26,51,29,22,48,32,
578.000000,216.000000,0.068941,22813428.000000,0.404837,0,1
21,30,15,24,21,13,18,16,
574.000000,217.000000,0.148197,73836600.000000,1.068802,0,1
29,28,24,26,22,17,27,25,
553.000000,219.000000,0.158964,172241392.000000,1.479616,0,1
12,22,10,17,11,8,17,10,
564.000000,219.000000,0.158849,56268880.000000,1.133399,0,1
15,14,20,14,22,27,16,21,
531.000000,221.000000,0.129865,17074390.000000,0.712321,0,1
18,26,17,31,21,18,25,23,
528.000000,229.000000,0.166158,120381608.000000,1.423325,0,1
27,40,25,52,43,25,55,51,
548.000000,234.000000,0.166171,46003584.000000,1.600979,0,1
38,24,22,24,19,9,23,18,
548.000000,247.000000,0.155654,43042700.000000,1.474469,0,1
16,20,8,20,16,5,20,15,
419.000000,287.000000,0.151605,46645532.000000,0.928595,0,1
24,26,25,37,31,28,39,37,
148.000000,80.000000,0.019808,840806848.000000,0.089070,0,1
234,231,235,233,194,155,153,148,
117.000000,83.000000,0.015827,146283232.000000,0.078804,0,1
228,217,235,178,202,220,149,145,
170.000000,89.000000,0.055389,629668608.000000,0.241592,0,1
131,136,142,141,137,120,118,61,
170.000000,119.000000,0.063872,25023452.000000,0.369215,0,1
73,73,75,79,83,90,98,114,
410.000000,138.000000,0.109239,2022899.250000,0.197585,0,1
77,75,73,54,52,49,26,37,
403.000000,158.000000,0.068804,18770468.000000,0.103689,0,1
47,52,46,56,41,32,55,39,
428.000000,211.000000,0.121037,34944376.000000,0.306568,0,1
62,39,74,33,55,69,38,44,
553.000000,197.000000,0.158939,109293952.000000,1.430272,0,1
23,29,24,26,18,23,25,15,
530.000000,270.000000,0.164974,76249896.000000,1.154040,0,1
32,17,40,14,23,35,15,22,
541.000000,194.000000,0.154615,7144904.000000,1.268702,0,1
18,19,19,26,25,23,31,31,
547.000000,159.000000,0.157526,52776652.000000,1.313429,0,1
13,17,7,17,14,4,17,13,
194.000000,80.000000,0.064164,413882688.000000,0.259207,0,1
111,100,128,73,100,140,84,82,
251.000000,84.000000,0.029823,309934656.000000,0.081622,0,1
57,48,75,38,79,120,48,60,
541.000000,186.000000,0.160454,16579193.000000,1.335390,0,1
50,47,45,31,33,35,14,13,
495.000000,261.000000,0.145990,60990796.000000,0.793200,0,1
51,45,48,25,35,43,18,18,
490.000000,260.000000,0.145962,83970560.000000,0.769532,0,1
58,53,53,28,35,41,17,14,
471.000000,252.000000,0.149800,149102560.000000,0.701256,0,1
35,74,28,58,62,20,71,58,
535.000000,226.000000,0.169513,38553452.000000,1.520711,0,1
23,28,25,43,40,32,52,50,
548.000000,170.000000,0.157524,84077440.000000,1.330014,0,1
8,16,7,19,9,7,16,8,
183.000000,86.000000,0.060135,571347008.000000,0.251705,0,1
124,118,106,104,81,58,67,51,
548.000000,207.000000,0.157249,283233280.000000,1.385548,0,1
20,31,13,29,18,16,25,17,
445.000000,289.000000,0.160927,19951838.000000,1.132095,0,1
35,32,33,26,27,30,22,19,
421.000000,288.000000,0.152807,7066938.000000,0.951266,0,1
24,29,26,37,33,29,39,41,
560.000000,201.000000,0.159107,266502304.000000,1.497366,0,1
27,30,13,34,20,7,24,9,
494.000000,273.000000,0.153599,21031294.000000,0.645553,0,1
5,8,5,28,17,9,36,26,
539.000000,271.000000,0.160932,80268432.000000,1.604146,0,1
56,49,52,35,38,43,30,27,
198.000000,292.000000,0.170198,29165358.000000,1.115961,0,1
126,121,124,111,118,125,119,123,
398.000000,268.000000,0.143118,67880680.000000,0.699850,0,1
40,36,38,31,35,35,31,28,
459.000000,89.000000,0.154677,238106704.000000,0.725862,0,1
68,107,98,86,71,57,34,38,
164.000000,92.000000,0.053975,870660608.000000,0.265405,0,1
142,148,136,141,106,71,88,90,
190.000000,97.000000,0.019649,285492416.000000,0.078758,0,1
86,121,77,133,93,75,125,104,
377.000000,110.000000,0.114449,10991870.000000,0.172597,0,1
20,30,25,38,40,20,46,45,
185.000000,114.000000,0.063653,35034220.000000,0.306189,0,1
98,103,103,86,80,83,66,66,
58.000000,149.000000,0.020322,7855744.000000,0.129674,0,1
208,214,210,220,222,216,230,228,
50.000000,151.000000,0.069192,292138880.000000,0.509338,0,1
217,206,216,183,188,212,174,213,
72.000000,153.000000,0.062574,97211544.000000,0.425905,0,1
205,224,210,245,230,217,235,225,
224.000000,162.000000,0.085914,111799064.000000,0.334626,0,1
145,126,133,104,112,126,113,122,
242.000000,172.000000,0.089175,57618112.000000,0.323240,0,1
109,109,100,127,120,104,129,138,
514.000000,184.000000,0.153089,25758264.000000,1.406175,0,1
57,52,56,42,47,47,18,14,
522.000000,185.000000,0.155562,27298146.000000,1.529471,0,1
45,45,43,26,30,33,14,13,
122.000000,194.000000,0.095735,105486776.000000,0.621261,0,1
166,161,168,156,155,164,150,158,
503.000000,225.000000,0.156419,94844040.000000,1.493640,0,1
52,50,52,37,43,46,29,28,
436.000000,237.000000,0.158912,414311520.000000,0.785772,0,1
109,116,109,125,109,103,95,72,
467.000000,252.000000,0.144427,201550624.000000,0.873379,0,1
61,41,74,35,56,58,34,35,
514.000000,259.000000,0.145656,40218448.000000,1.157784,0,1
7,13,5,34,22,11,44,48,
476.000000,263.000000,0.146497,8860163.000000,0.982636,0,1
24,14,26,13,19,22,12,8,
386.000000,268.000000,0.139232,26086330.000000,0.654650,0,1
29,36,30,45,38,28,39,36,
404.000000,280.000000,0.146551,17571158.000000,1.031052,0,1
28,29,28,38,34,31,39,41,
136.000000,290.000000,0.166770,173765968.000000,1.524785,0,1
135,123,130,111,116,121,104,97,
431.000000,244.000000,0.156874,51888836.000000,0.783134,0,1
57,54,48,66,60,54,67,67,
535.000000,142.000000,0.154441,11659015.000000,1.599667,0,1
9,11,9,18,13,9,18,17,
503.000000,221.000000,0.157963,94753344.000000,1.498070,0,1
26,31,28,49,43,36,57,52,
578.000000,215.000000,0.098811,108696192.000000,1.059119,0,1
14,31,14,30,24,13,25,17,
531.000000,202.000000,0.150217,117963080.000000,1.559731,0,1
27,20,27,9,20,25,10,10,
512.000000,194.000000,0.149208,15030704.000000,1.346904,0,1
23,21,24,6,7,8,4,5,
414.000000,80.000000,0.177771,55162592.000000,0.903595,0,1
9,11,11,20,18,15,29,54,
414.000000,277.000000,0.153954,14846210.000000,1.170707,0,1
37,30,32,23,27,29,22,20,
459.000000,137.000000,0.131472,78963856.000000,0.491535,0,1
98,96,82,74,72,38,35,33,
153.000000,288.000000,0.166204,181071520.000000,1.447005,0,1
151,148,148,140,142,142,127,128,
502.000000,280.000000,0.117705,34290436.000000,0.854386,0,1
30,26,30,8,18,27,5,9,
509.000000,258.000000,0.144991,29687366.000000,1.117793,0,1
15,21,14,44,31,21,48,50,
533.000000,176.000000,0.151192,9095924.000000,1.542992,0,1
21,22,22,37,34,29,53,55,
519.000000,243.000000,0.164216,254007008.000000,1.378692,0,1
29,12,53,9,28,57,12,27,
478.000000,251.000000,0.134880,74490296.000000,0.859446,0,1
13,19,13,24,24,13,42,58,
132.000000,136.000000,0.054362,283280064.000000,0.296187,0,1
143,122,137,94,114,130,92,95,
207.000000,78.000000,0.067510,1161992832.000000,0.290136,0,1
154,150,133,132,87,54,52,39,
255.000000,119.000000,0.029778,299562944.000000,0.076925,0,1
108,70,124,59,106,122,66,98,
396.000000,277.000000,0.148964,44849432.000000,1.012854,0,1
33,33,34,42,43,31,44,43,
289.000000,97.000000,0.102765,235398112.000000,0.262175,0,1
74,93,128,55,85,132,44,88,
448.000000,260.000000,0.162126,25065466.000000,0.533480,0,1
56,64,45,75,59,44,77,64,
431.000000,236.000000,0.156770,593576512.000000,0.987992,0,1
112,129,117,104,125,131,87,79,
225.000000,72.000000,0.072955,1403601792.000000,0.325349,0,1
150,146,128,128,93,50,53,35,
244.000000,80.000000,0.023932,87914384.000000,0.080092,0,1
36,50,24,54,40,25,50,40,
362.000000,81.000000,0.112123,223411168.000000,0.285197,0,1
90,88,84,81,68,54,42,66,
440.000000,85.000000,0.166759,2262230016.000000,1.332600,0,1
20,37,32,98,83,67,148,154,
149.000000,97.000000,0.048581,119686224.000000,0.272680,0,1
119,130,125,108,98,96,77,78,
410.000000,116.000000,0.120176,6168698.000000,0.334009,0,1
23,22,45,21,36,89,24,48,
506.000000,131.000000,0.146557,582215232.000000,1.609596,0,1
19,35,15,50,36,8,45,27,
498.000000,143.000000,0.143199,140677168.000000,1.441836,0,1
16,10,23,10,16,24,9,12,
188.000000,144.000000,0.074046,98136056.000000,0.363602,0,1
177,188,183,160,172,193,155,146,
517.000000,175.000000,0.136324,129678416.000000,1.537630,0,1
6,8,8,23,20,21,47,59,
467.000000,190.000000,0.140763,58561816.000000,0.862180,0,1
27,37,41,15,15,18,12,12,
397.000000,193.000000,0.132734,77030592.000000,0.396329,0,1
17,22,21,43,24,21,51,39,
496.000000,197.000000,0.135610,39213032.000000,1.031866,0,1
29,37,17,36,23,11,34,17,
394.000000,198.000000,0.119151,79500936.000000,0.345242,0,1
35,62,19,53,38,22,62,37,
496.000000,198.000000,0.136483,50610632.000000,1.044436,0,1
28,36,13,35,20,12,27,17,
509.000000,214.000000,0.146466,603385792.000000,1.781518,0,1
12,28,10,30,13,7,23,13,
417.000000,233.000000,0.152473,312539360.000000,0.844131,0,1
122,101,121,87,89,102,86,84,
455.000000,234.000000,0.153041,410247008.000000,1.090909,0,1
45,68,29,93,63,35,68,52,
467.000000,250.000000,0.132124,28374272.000000,1.282701,0,1
26,29,30,34,61,42,41,56,
499.000000,256.000000,0.139884,111015336.000000,1.319059,0,1
26,29,25,60,46,32,55,50,
127.000000,264.000000,0.143025,62533840.000000,1.361864,0,1
155,148,156,141,148,159,143,144,
480.000000,264.000000,0.144048,58562008.000000,1.692423,0,1
25,23,19,13,17,8,7,5,
187.000000,269.000000,0.145630,90446848.000000,1.189508,0,1
141,144,140,149,147,141,151,151,
142.000000,280.000000,0.159024,392841824.000000,1.866783,0,1
150,143,149,127,139,151,130,139,
236.000000,83.000000,0.025060,523166784.000000,0.087358,0,1
91,138,69,151,96,64,139,101,
132.000000,87.000000,0.019088,480690368.000000,0.106145,0,1
222,208,219,156,159,155,124,111,
362.000000,261.000000,0.136550,25807856.000000,0.712238,0,1
31,31,39,32,35,39,39,45,
150.000000,122.000000,0.052785,373416704.000000,0.292557,0,1
89,116,83,196,154,107,210,211,
197.000000,133.000000,0.067889,200745584.000000,0.311354,0,1
95,74,90,54,78,72,54,53,
427.000000,133.000000,0.107061,13429274.000000,0.337833,0,1
28,36,37,62,65,53,79,94,
180.000000,134.000000,0.060650,211373344.000000,0.300476,0,1
81,73,77,134,96,74,150,160,
508.000000,143.000000,0.147040,186078656.000000,1.634991,0,1
7,17,6,21,8,5,18,8,
49.000000,153.000000,0.074188,548174720.000000,0.613928,0,1
182,179,180,197,207,218,208,210,
359.000000,213.000000,0.133396,312654592.000000,0.403709,0,1
129,141,142,103,114,144,98,96,
496.000000,210.000000,0.135866,40847484.000000,1.068005,0,1
22,29,21,37,25,21,36,30,
98.000000,180.000000,0.083097,117133448.000000,0.618782,0,1
179,188,174,188,176,164,179,176,
486.000000,87.000000,0.154257,11774981.000000,1.630203,0,1
6,9,9,11,13,14,27,16,
380.000000,177.000000,0.125187,32686124.000000,0.234537,0,1
63,67,61,47,53,55,36,34,
485.000000,241.000000,0.150141,37850996.000000,1.307764,0,1
7,8,30,7,7,67,7,8,
509.000000,234.000000,0.145248,241610752.000000,1.841253,0,1
19,26,14,30,18,16,29,19,
422.000000,234.000000,0.154365,383267808.000000,0.896091,0,1
120,119,126,88,99,116,84,82,
509.000000,230.000000,0.147370,163060432.000000,1.873809,0,1
20,27,15,28,19,16,26,19,
206.000000,156.000000,0.077875,192794864.000000,0.350618,0,1
125,128,113,145,128,112,144,136,
508.000000,164.000000,0.146631,235430864.000000,1.639482,0,1
11,22,7,26,12,6,23,12,
378.000000,190.000000,0.125614,41821428.000000,0.284351,0,1
62,76,62,35,62,74,46,59,
216.000000,75.000000,0.070268,1446271232.000000,0.322500,0,1
155,151,130,130,91,55,57,38,
225.000000,268.000000,0.146025,345051008.000000,1.059243,0,1
115,98,113,116,119,119,121,119,
127.000000,105.000000,0.040031,59857120.000000,0.236441,0,1
103,108,91,119,103,87,104,96,
344.000000,249.000000,0.124839,98443760.000000,0.548164,0,1
37,36,35,49,40,33,50,48,
499.000000,147.000000,0.143372,63252056.000000,1.457687,0,1
21,10,23,9,14,24,9,10,
463.000000,120.000000,0.135866,192728528.000000,0.747474,0,1
111,97,106,48,64,91,28,25,
417.000000,191.000000,0.124236,220633776.000000,0.440199,0,1
36,63,24,65,34,28,65,36,
253.000000,80.000000,0.030542,706460992.000000,0.098420,0,1
98,70,133,58,106,144,69,99,
339.000000,251.000000,0.124177,134482224.000000,0.553366,0,1
46,55,49,62,59,50,64,63,
331.000000,248.000000,0.124527,48920424.000000,0.542508,0,1
43,52,46,63,57,50,67,68,
343.000000,208.000000,0.126252,244959328.000000,0.340074,0,1
139,145,145,105,118,142,101,100,
496.000000,158.000000,0.142266,55308840.000000,1.408162,0,1
14,23,14,33,20,15,33,32,
508.000000,156.000000,0.146750,216103120.000000,1.633706,0,1
9,20,6,24,9,5,20,10,
398.000000,168.000000,0.111119,26717228.000000,0.236699,0,1
59,62,81,41,56,69,43,66,
468.000000,206.000000,0.133214,179658288.000000,0.837018,0,1
26,58,23,75,32,24,72,31,
395.000000,225.000000,0.145832,346750176.000000,0.637158,0,1
112,128,134,98,106,129,94,93,
507.000000,152.000000,0.146852,195097440.000000,1.621298,0,1
19,23,8,25,20,5,24,20,
409.000000,187.000000,0.113693,121621328.000000,0.338911,0,1
33,27,42,25,47,62,53,66,
398.000000,96.000000,0.133704,116554688.000000,0.300836,0,1
128,121,125,120,124,120,81,32,
387.000000,268.000000,0.140058,7634840.000000,0.656222,0,1
30,34,26,42,32,26,38,41,
198.000000,274.000000,0.152824,73714336.000000,1.266283,0,1
135,133,130,133,125,123,124,132,
477.000000,88.000000,0.152099,37038072.000000,1.874404,0,1
7,10,10,13,14,17,34,26,
459.000000,90.000000,0.155044,1269500544.000000,1.681570,0,1
103,79,64,38,31,27,36,40,
478.000000,90.000000,0.152363,25522738.000000,1.887166,0,1
15,35,35,28,23,19,17,11,
456.000000,101.000000,0.164694,36691544.000000,1.824431,0,1
7,8,13,10,13,17,14,13,
468.000000,104.000000,0.154231,426305632.000000,1.355292,0,1
7,10,9,28,23,16,38,41,
61.000000,126.000000,0.055585,85466432.000000,0.454338,0,1
222,188,202,180,198,222,191,184,
95.000000,144.000000,0.068117,38622080.000000,0.523482,0,1
225,227,232,211,219,223,207,208,
287.000000,162.000000,0.096151,46276608.000000,0.235924,0,1
49,50,51,83,63,57,78,67,
458.000000,187.000000,0.154171,1028483456.000000,1.610439,0,1
40,54,20,38,35,26,53,31,
477.000000,215.000000,0.137506,240147136.000000,1.602957,0,1
15,18,18,22,27,12,23,39,
434.000000,227.000000,0.144088,182071536.000000,1.081229,0,1
53,47,29,89,64,43,93,94,
473.000000,240.000000,0.150116,194687504.000000,1.606973,0,1
45,48,33,40,49,21,25,19,
358.000000,260.000000,0.135451,246451904.000000,0.854762,0,1
39,47,44,43,48,38,43,40,
254.000000,262.000000,0.136260,47205764.000000,0.982299,0,1
107,111,106,116,112,112,118,114,
134.000000,278.000000,0.155994,52540972.000000,1.822937,0,1
144,143,142,140,133,134,129,126,
138.000000,278.000000,0.157931,147189456.000000,1.848799,0,1
148,144,148,134,142,147,124,118,
333.000000,241.000000,0.123223,38191016.000000,0.597656,0,1
54,49,49,40,43,48,35,34,
402.000000,227.000000,0.147587,295241568.000000,0.904962,0,1
112,136,121,94,116,135,91,90,
475.000000,90.000000,0.150623,57941120.000000,1.800167,0,1
13,29,34,36,31,26,22,13,
493.000000,146.000000,0.141957,226216704.000000,1.722523,0,1
11,22,11,31,20,11,30,30,
405.000000,203.000000,0.112885,126037232.000000,0.480562,0,1
32,33,34,33,44,51,55,68,
478.000000,174.000000,0.149477,1633797888.000000,1.739538,0,1
16,38,16,57,42,11,72,74,
377.000000,192.000000,0.117797,76100360.000000,0.344966,0,1
49,31,55,25,44,53,26,26,
458.000000,177.000000,0.154133,1093272320.000000,1.569399,0,1
54,52,33,70,61,43,74,44,
457.000000,209.000000,0.153791,1536488192.000000,1.706836,0,1
31,53,22,78,39,25,46,26,
471.000000,181.000000,0.140162,331220416.000000,1.152854,0,1
78,78,80,68,72,76,41,24,
483.000000,218.000000,0.150426,454481408.000000,2.030215,0,1
6,12,9,39,29,26,48,45,
248.000000,248.000000,0.125754,36758124.000000,0.811531,0,1
109,115,110,119,117,112,121,120,
200.000000,92.000000,0.024433,1148143488.000000,0.108002,0,1
76,43,125,33,81,148,46,76,
477.000000,182.000000,0.146677,170399216.000000,1.679918,0,1
79,76,73,48,51,30,27,21,
461.000000,134.000000,0.133050,66018128.000000,0.365351,0,1
40,75,36,97,67,36,91,52,
467.000000,205.000000,0.133486,137131968.000000,0.829523,0,1
25,62,26,61,58,23,75,72,
340.000000,252.000000,0.127474,8706143.000000,0.392616,0,1
49,59,50,64,58,53,63,61,
322.000000,244.000000,0.121318,43742092.000000,0.601500,0,1
49,54,52,65,59,53,67,67,
224.000000,266.000000,0.146384,188426816.000000,1.056728,0,1
123,123,122,122,116,118,104,114,
202.000000,79.000000,0.066544,430761280.000000,0.261113,0,1
152,152,151,146,132,86,82,37,
468.000000,228.000000,0.130693,183470912.000000,1.150549,0,1
74,53,59,33,50,55,32,30,
233.000000,83.000000,0.027871,1348198528.000000,0.109446,0,1
111,62,147,42,113,140,59,113,
473.000000,141.000000,0.137843,429234912.000000,1.743814,0,1
18,30,14,31,19,11,31,20,
453.000000,161.000000,0.139723,180115872.000000,1.511551,0,1
38,38,43,51,54,52,50,40,
318.000000,198.000000,0.117241,279377056.000000,0.370814,0,1
145,151,143,161,148,133,145,133,
382.000000,227.000000,0.139879,476040128.000000,0.885642,0,1
83,76,70,88,82,74,87,83,
120.000000,251.000000,0.132265,130708992.000000,1.480258,0,1
161,159,167,152,158,166,153,155,
346.000000,120.000000,0.085799,21501480.000000,0.106290,0,1
83,126,29,146,72,19,83,30,
128.000000,132.000000,0.055571,380166304.000000,0.383140,0,1
169,149,159,132,142,150,120,108,
448.000000,137.000000,0.129313,1206649728.000000,0.956228,0,1
54,23,77,28,49,66,20,18,
265.000000,154.000000,0.091565,118731880.000000,0.295488,0,1
42,43,45,77,50,49,81,57,
215.000000,86.000000,0.026321,1285866112.000000,0.113431,0,1
72,38,125,35,77,137,41,75,
210.000000,252.000000,0.131277,713295552.000000,1.125062,0,1
108,131,126,138,137,136,141,134,
149.000000,179.000000,0.079027,104141392.000000,0.560324,0,1
158,168,157,180,173,163,182,183,
472.000000,133.000000,0.138077,278316384.000000,1.737576,0,1
26,28,14,29,28,10,31,28,
474.000000,172.000000,0.134586,365994688.000000,1.718939,0,1
24,42,21,53,26,41,53,66,
473.000000,152.000000,0.137735,932965696.000000,1.746597,0,1
22,35,10,37,22,7,35,24,
465.000000,181.000000,0.140572,507096064.000000,1.769012,0,1
80,79,80,53,62,64,31,23,
210.000000,146.000000,0.073524,713266688.000000,0.358532,0,1
62,75,41,237,160,45,234,232,
102.000000,117.000000,0.045354,2533856512.000000,0.331977,0,1
172,144,202,121,176,211,142,160,
296.000000,234.000000,0.112582,124645248.000000,0.649741,0,1
53,66,61,76,71,66,75,75,
426.000000,93.000000,0.143939,654341888.000000,1.724179,0,1
123,127,125,116,102,82,42,43,
421.000000,94.000000,0.141686,521433024.000000,1.217178,0,1
121,128,125,97,77,57,35,50,
252.000000,100.000000,0.080754,541846784.000000,0.328375,0,1
110,123,120,109,91,72,53,59,
268.000000,135.000000,0.095507,142861232.000000,0.318940,0,1
51,54,74,52,56,59,70,84,
256.000000,160.000000,0.088244,236750384.000000,0.328111,0,1
48,43,41,71,41,38,81,53,
447.000000,162.000000,0.130481,413292384.000000,1.589876,0,1
35,44,45,20,18,27,19,16,
260.000000,180.000000,0.097378,144424608.000000,0.400472,0,1
112,95,99,118,107,94,118,119,
360.000000,197.000000,0.120927,362041184.000000,0.499570,0,1
33,45,38,65,58,48,48,38,
204.000000,246.000000,0.117827,142796592.000000,1.030369,0,1
133,140,133,145,140,134,144,144,
166.000000,251.000000,0.133640,329779968.000000,1.466108,0,1
149,156,153,165,160,154,167,169,
138.000000,255.000000,0.140234,296038848.000000,1.742632,0,1
158,163,156,166,160,152,167,167,
118.000000,260.000000,0.132163,222701968.000000,1.658403,0,1
144,139,143,138,138,143,135,133,
247.000000,101.000000,0.079333,552308608.000000,0.332747,0,1
117,124,122,108,86,64,47,59,
311.000000,231.000000,0.116473,34091700.000000,0.652241,0,1
57,55,49,47,48,41,45,36,
70.000000,154.000000,0.057984,38928424.000000,0.512195,0,1
230,244,239,236,235,232,221,219,
399.000000,206.000000,0.114237,591393344.000000,0.715241,0,1
43,29,70,30,61,81,34,70,
288.000000,111.000000,0.100223,172500208.000000,0.280336,0,1
126,134,132,124,112,108,51,50,
316.000000,233.000000,0.116387,148945504.000000,0.662647,0,1
58,49,62,38,51,61,39,44,
437.000000,170.000000,0.127708,323231136.000000,1.393956,0,1
54,59,42,55,50,42,63,69,
437.000000,172.000000,0.127185,294131680.000000,1.386092,0,1
50,63,42,69,69,63,88,86,
449.000000,180.000000,0.136775,587809216.000000,1.871259,0,1
80,68,68,50,58,55,30,24,
340.000000,224.000000,0.125852,56680172.000000,0.701369,0,1
81,80,79,75,74,78,68,66,
268.000000,133.000000,0.096237,73877008.000000,0.310306,0,1
51,41,71,44,51,59,54,56,
441.000000,133.000000,0.126131,105262592.000000,1.088690,0,1
30,33,27,37,48,26,75,94,
300.000000,234.000000,0.113813,94577936.000000,0.656365,0,1
51,54,52,66,56,52,72,73,
395.000000,215.000000,0.131281,659863360.000000,1.210205,0,1
29,55,35,93,69,50,102,110,
316.000000,234.000000,0.115274,171245328.000000,0.657265,0,1
57,43,59,39,45,55,39,48,
346.000000,84.000000,0.111032,649698240.000000,0.707421,0,1
95,90,88,83,76,59,44,55,
125.000000,90.000000,0.018125,276498752.000000,0.120917,0,1
155,160,152,147,135,127,117,113,
351.000000,90.000000,0.122002,441551360.000000,0.859783,0,1
39,55,62,74,80,83,94,110,
363.000000,90.000000,0.128541,425579808.000000,1.131456,0,1
81,88,97,93,101,116,99,106,
376.000000,95.000000,0.139973,83910768.000000,1.209892,0,1
118,125,115,137,130,124,144,142,
405.000000,96.000000,0.136476,879341760.000000,1.574928,0,1
120,127,120,97,77,58,32,42,
386.000000,98.000000,0.131147,659741824.000000,1.128900,0,1
119,121,120,121,110,98,54,46,
261.000000,99.000000,0.083779,842268096.000000,0.324810,0,1
129,118,103,80,67,60,61,57,
414.000000,99.000000,0.128954,43150688.000000,1.499440,0,1
50,35,30,24,22,20,18,17,
286.000000,100.000000,0.101695,457813504.000000,0.335176,0,1
36,46,52,66,73,82,92,108,
297.000000,107.000000,0.101860,319935392.000000,0.290779,0,1
68,104,48,118,72,43,104,75,
253.000000,115.000000,0.086613,216520192.000000,0.342618,0,1
131,128,136,94,91,101,62,60,
189.000000,123.000000,0.069805,207562000.000000,0.415961,0,1
106,99,97,95,89,77,68,56,
64.000000,128.000000,0.055980,156872576.000000,0.513893,0,1
221,219,229,191,210,226,183,185,
349.000000,132.000000,0.120932,429219264.000000,0.566969,0,1
27,29,28,46,47,35,67,68,
370.000000,134.000000,0.119724,155400816.000000,0.606161,0,1
27,33,17,37,31,17,51,51,
46.000000,135.000000,0.048793,68775944.000000,0.455783,0,1
198,208,195,216,207,194,225,222,
79.000000,136.000000,0.067567,85509440.000000,0.653443,0,1
220,219,227,207,215,220,200,196,
139.000000,137.000000,0.059501,1001057600.000000,0.441625,0,1
172,156,170,136,155,167,132,125,
312.000000,137.000000,0.095655,4526589.500000,0.236221,0,1
45,48,44,66,58,46,67,60,
298.000000,138.000000,0.101141,120589672.000000,0.201153,0,1
55,83,43,89,58,43,83,56,
351.000000,142.000000,0.120238,304332672.000000,0.583607,0,1
36,30,48,36,46,52,38,57,
228.000000,143.000000,0.080273,121963208.000000,0.374226,0,1
79,91,94,68,69,75,47,42,
298.000000,144.000000,0.100199,92253984.000000,0.274116,0,1
61,82,45,95,66,41,96,68,
177.000000,148.000000,0.080927,142893248.000000,0.556625,0,1
166,163,165,146,150,156,139,137,
145.000000,151.000000,0.055874,730784064.000000,0.398548,0,1
122,132,127,145,142,136,152,151,
286.000000,151.000000,0.095723,91081608.000000,0.230759,0,1
37,37,42,55,41,50,78,53,
152.000000,153.000000,0.058063,435759232.000000,0.405468,0,1
95,121,105,138,127,112,133,130,
191.000000,153.000000,0.078367,109440280.000000,0.486705,0,1
158,147,160,136,146,156,131,131,
322.000000,153.000000,0.106034,45687640.000000,0.209423,0,1
42,56,72,27,32,45,27,30,
275.000000,158.000000,0.081615,48224592.000000,0.228321,0,1
66,79,58,100,74,57,85,65,
367.000000,160.000000,0.122543,430346144.000000,0.898891,0,1
36,49,45,64,54,43,56,51,
61.000000,162.000000,0.082373,215538672.000000,0.917476,0,1
234,231,232,216,221,223,217,220,
341.000000,167.000000,0.099334,81889632.000000,0.388807,0,1
42,39,43,73,58,60,79,72,
317.000000,168.000000,0.099053,18974772.000000,0.257518,0,1
47,55,35,51,46,33,56,47,
360.000000,168.000000,0.100141,185575872.000000,0.554999,0,1
45,46,46,53,54,53,76,70,
410.000000,168.000000,0.112902,141666304.000000,1.375222,0,1
44,45,45,56,51,46,60,57,
350.000000,169.000000,0.120138,147813472.000000,0.687046,0,1
60,74,60,94,72,50,78,55,
66.000000,170.000000,0.089069,454692192.000000,1.023170,0,1
204,197,206,194,212,215,211,215,
191.000000,172.000000,0.072896,550106304.000000,0.456737,0,1
66,80,65,98,83,66,101,101,
57.000000,175.000000,0.086892,358328960.000000,1.012659,0,1
191,181,190,172,182,190,172,170,
326.000000,175.000000,0.110241,345732128.000000,0.423631,0,1
27,26,24,76,41,28,61,41,
207.000000,176.000000,0.081222,545893120.000000,0.486351,0,1
101,91,96,70,84,94,64,63,
164.000000,177.000000,0.063015,167884480.000000,0.441193,0,1
165,167,162,172,170,162,172,171,
192.000000,180.000000,0.068501,121165536.000000,0.429285,0,1
110,111,106,122,113,111,121,119,
63.000000,182.000000,0.091042,687987776.000000,1.077794,0,1
178,174,184,164,179,187,169,170,
73.000000,185.000000,0.094436,174859024.000000,1.115883,0,1
198,192,194,182,187,191,180,175,
423.000000,185.000000,0.122772,312715360.000000,1.518638,0,1
31,35,33,53,47,41,61,74,
218.000000,189.000000,0.083508,323595424.000000,0.499127,0,1
67,73,67,90,80,72,94,99,
314.000000,189.000000,0.105938,1054511872.000000,0.466083,0,1
44,81,48,136,116,67,139,140,
277.000000,192.000000,0.109814,37974676.000000,0.540789,0,1
127,128,124,118,118,121,108,102,
168.000000,193.000000,0.089192,343012736.000000,0.744418,0,1
160,164,157,171,164,158,169,168,
66.000000,196.000000,0.098780,34759524.000000,1.235399,0,1
151,155,153,161,158,158,164,164,
248.000000,197.000000,0.096719,138775456.000000,0.546822,0,1
95,88,89,77,82,85,75,72,
204.000000,199.000000,0.077768,49876488.000000,0.519896,0,1
129,128,125,132,125,123,135,134,
303.000000,199.000000,0.111278,234527472.000000,0.592120,0,1
102,95,95,116,104,94,113,112,
436.000000,199.000000,0.125453,994477312.000000,1.895418,0,1
26,54,24,72,40,28,69,42,
177.000000,200.000000,0.092043,171977392.000000,0.767680,0,1
158,167,156,170,167,154,170,166,
243.000000,204.000000,0.091654,219745648.000000,0.548128,0,1
65,74,64,87,77,64,87,88,
122.000000,206.000000,0.100479,611872000.000000,1.109062,0,1
165,177,165,188,177,164,188,189,
124.000000,207.000000,0.101866,568596608.000000,1.130115,0,1
162,169,162,184,172,166,186,186,
86.000000,214.000000,0.109222,424100544.000000,1.430761,0,1
165,158,162,148,153,158,146,145,
155.000000,215.000000,0.109396,207473648.000000,1.179348,0,1
165,164,165,155,160,163,158,155,
265.000000,215.000000,0.099955,244959104.000000,0.639195,0,1
59,67,56,76,64,54,75,82,
91.000000,216.000000,0.109617,319666752.000000,1.427721,0,1
173,165,172,156,168,174,158,157,
147.000000,216.000000,0.109913,420001600.000000,1.225328,0,1
171,167,171,164,163,167,158,156,
397.000000,216.000000,0.132652,479920512.000000,1.266737,0,1
33,59,41,98,82,81,103,109,
111.000000,220.000000,0.113682,272035584.000000,1.460485,0,1
181,182,182,181,181,184,172,171,
293.000000,223.000000,0.110121,124011976.000000,0.630198,0,1
70,65,69,54,62,69,49,46,
191.000000,224.000000,0.112764,140700352.000000,1.134655,0,1
143,146,142,146,141,140,140,142,
141.000000,225.000000,0.114915,243752880.000000,1.389360,0,1
156,161,150,170,156,154,164,157,
216.000000,226.000000,0.110647,229594704.000000,0.941944,0,1
119,119,117,127,128,123,133,134,
160.000000,228.000000,0.117440,713743360.000000,1.380948,0,1
158,150,158,145,150,153,144,142,
192.000000,229.000000,0.104308,144167344.000000,1.004384,0,1
147,150,148,153,148,145,145,145,
91.000000,230.000000,0.113485,228499888.000000,1.559397,0,1
146,140,146,135,142,143,134,131,
101.000000,230.000000,0.117186,418022272.000000,1.616661,0,1
162,157,165,145,149,159,140,145,
133.000000,231.000000,0.120257,893375616.000000,1.574147,0,1
176,169,177,162,169,175,164,162,
168.000000,235.000000,0.122854,445490912.000000,1.401333,0,1
153,152,153,145,150,153,144,147,
151.000000,237.000000,0.123766,1062172224.000000,1.502119,0,1
142,152,145,164,155,150,166,171,
126.000000,243.000000,0.130604,441479040.000000,1.803812,0,1
153,155,152,164,160,157,167,165,
182.000000,245.000000,0.108739,117580048.000000,1.044494,0,1
143,142,140,148,144,141,150,151,
137.000000,251.000000,0.131722,418382912.000000,1.683276,0,1
164,161,165,159,158,160,157,157,
409.000000,99.000000,0.128291,68497616.000000,1.864346,0,1
36,46,43,31,27,25,21,18,
241.000000,102.000000,0.077854,587784960.000000,0.344850,0,1
119,126,123,113,95,68,48,68,
356.000000,102.000000,0.122170,793351744.000000,0.822216,0,1
127,124,129,117,110,97,57,40,
337.000000,105.000000,0.116140,711069568.000000,0.522237,0,1
132,134,126,99,82,70,42,27,
410.000000,119.000000,0.118786,1875592704.000000,1.493091,0,1
39,26,72,24,72,103,32,81,
157.000000,125.000000,0.054689,755960256.000000,0.362351,0,1
112,128,110,199,153,112,196,193,
385.000000,139.000000,0.100495,174611024.000000,0.748593,0,1
83,71,72,41,39,37,26,21,
334.000000,142.000000,0.115818,83963504.000000,0.331882,0,1
59,77,37,67,69,43,105,65,
208.000000,143.000000,0.072242,794907712.000000,0.380223,0,1
80,104,89,77,94,103,68,132,
421.000000,151.000000,0.119761,985959360.000000,1.722354,0,1
26,22,35,25,25,35,19,23,
208.000000,222.000000,0.108273,261439744.000000,0.918426,0,1
137,141,137,138,135,134,127,122,
347.000000,156.000000,0.108992,33936276.000000,0.464812,0,1
44,36,43,54,52,51,63,51,
392.000000,157.000000,0.115252,819559616.000000,1.121865,0,1
39,44,24,46,39,27,44,40,
357.000000,216.000000,0.131004,271203520.000000,0.903053,0,1
96,95,96,78,94,94,70,79,
169.000000,162.000000,0.065466,463872416.000000,0.439512,0,1
82,97,82,115,101,87,118,120,
273.000000,213.000000,0.102827,262644848.000000,0.641940,0,1
73,66,72,51,60,68,46,47,
423.000000,168.000000,0.120241,462213280.000000,1.377469,0,1
34,25,39,24,35,50,25,36,
333.000000,174.000000,0.113712,112140200.000000,0.491022,0,1
54,66,36,61,41,23,63,41,
374.000000,176.000000,0.124670,92853736.000000,0.616878,0,1
68,66,68,36,50,60,32,33,
106.000000,188.000000,0.088936,190476336.000000,0.929295,0,1
160,164,156,173,163,154,173,173,
325.000000,188.000000,0.110444,502890752.000000,0.428139,0,1
42,64,57,23,46,71,18,22,
372.000000,200.000000,0.110841,599009856.000000,1.020074,0,1
31,38,29,60,50,27,64,54,
236.000000,200.000000,0.089025,163398944.000000,0.527429,0,1
71,78,69,92,81,69,93,93,
295.000000,190.000000,0.110213,1664644096.000000,0.493337,0,1
183,190,186,126,156,190,119,117,
116.000000,199.000000,0.094341,197585344.000000,1.005884,0,1
161,175,163,176,171,163,178,182,
347.000000,197.000000,0.116605,433206336.000000,0.851766,0,1
51,39,66,58,55,93,74,66,
294.000000,198.000000,0.112964,142774080.000000,0.597497,0,1
119,110,119,99,103,116,96,99,
342.000000,199.000000,0.114726,739225408.000000,0.801997,0,1
31,39,51,120,88,61,125,123,
281.000000,189.000000,0.101866,311440320.000000,0.438625,0,1
104,99,95,119,107,99,124,123,
366.000000,185.000000,0.123310,587942272.000000,1.070178,0,1
23,24,23,39,25,23,57,37,
91.000000,207.000000,0.105620,712851328.000000,1.318437,0,1
181,181,186,173,179,184,168,176,
297.000000,118.000000,0.102496,362311648.000000,0.232045,0,1
84,112,47,120,86,30,112,88,
202.000000,124.000000,0.025386,519921568.000000,0.113831,0,1
81,65,105,72,101,112,84,100,
298.000000,133.000000,0.100827,88356384.000000,0.255907,0,1
58,83,44,91,61,40,95,74,
361.000000,139.000000,0.103492,100826624.000000,0.529107,0,1
66,62,58,52,50,50,34,27,
306.000000,147.000000,0.099953,28900862.000000,0.186300,0,1
47,54,45,77,73,50,59,51,
239.000000,166.000000,0.093606,2501017600.000000,0.443288,0,1
220,193,221,134,156,208,127,123,
307.000000,160.000000,0.103733,142776944.000000,0.241231,0,1
60,70,81,49,51,64,47,47,
330.000000,164.000000,0.103445,64371616.000000,0.320387,0,1
46,47,60,59,52,68,74,77,
79.000000,197.000000,0.100238,266320928.000000,1.227169,0,1
177,174,179,169,172,176,166,163,
231.000000,198.000000,0.086928,166590256.000000,0.516127,0,1
66,81,77,91,88,83,94,95,
158.000000,165.000000,0.062139,238877216.000000,0.436590,0,1
154,162,152,170,162,155,171,171,
225.000000,194.000000,0.085688,335545920.000000,0.510593,0,1
55,70,63,89,80,71,92,93,
414.000000,198.000000,0.138989,787261184.000000,1.976844,0,1
27,29,26,67,47,32,44,33,
226.000000,188.000000,0.088372,382603904.000000,0.512666,0,1
95,83,94,69,79,91,69,59,
314.000000,202.000000,0.116212,337892224.000000,0.702641,0,1
135,125,121,91,102,116,87,92,
314.000000,212.000000,0.119587,76151712.000000,0.719871,0,1
84,84,84,82,76,84,68,67,
307.000000,90.000000,0.099692,648865856.000000,0.374489,0,1
102,115,108,85,84,81,65,60,
389.000000,184.000000,0.114443,603885248.000000,1.186343,0,1
40,56,41,47,33,26,34,23,
387.000000,99.000000,0.131748,975021568.000000,1.543798,0,1
120,110,98,54,43,37,46,41,
278.000000,101.000000,0.098984,389561504.000000,0.345675,0,1
40,43,48,61,70,77,88,106,
162.000000,152.000000,0.065668,754157056.000000,0.452896,0,1
129,119,125,91,113,122,84,79,
330.000000,106.000000,0.113628,755964288.000000,0.435078,0,1
135,134,131,91,78,65,40,27,
314.000000,107.000000,0.107988,441793696.000000,0.301200,0,1
125,118,124,112,121,121,81,29,
351.000000,169.000000,0.118947,188185744.000000,0.683649,0,1
63,62,46,95,63,64,76,49,
243.000000,180.000000,0.099866,48136360.000000,0.517236,0,1
137,131,132,117,118,129,117,110,
409.000000,178.000000,0.126044,510287040.000000,1.819790,0,1
65,61,63,35,39,41,29,28,
177.000000,123.000000,0.061203,300651328.000000,0.375559,0,1
81,101,71,121,86,66,109,86,
365.000000,174.000000,0.118162,160252432.000000,0.877670,0,1
67,79,74,60,67,76,44,31,
198.000000,170.000000,0.078761,532508928.000000,0.484952,0,1
105,94,107,85,94,106,71,71,
64.000000,171.000000,0.089078,621496064.000000,1.029443,0,1
193,189,203,191,202,219,201,201,
318.000000,138.000000,0.084146,15667120.000000,0.199235,0,1
32,40,26,45,39,28,64,53,
429.000000,136.000000,0.124071,1492189312.000000,1.519540,0,1
67,95,41,96,64,36,86,40,
299.000000,156.000000,0.100545,181134224.000000,0.197971,0,1
56,80,44,99,88,48,66,55,
347.000000,188.000000,0.101756,179688912.000000,0.582504,0,1
25,28,37,33,47,62,69,59,
199.000000,172.000000,0.077761,780769856.000000,0.475497,0,1
103,84,99,60,82,92,61,60,
145.000000,143.000000,0.060062,674808960.000000,0.435609,0,1
137,118,132,93,107,127,85,81,
306.000000,186.000000,0.103501,1056701760.000000,0.406028,0,1
41,96,49,133,125,83,139,143,
360.000000,204.000000,0.119685,1204138112.000000,1.104842,0,1
35,41,37,88,66,45,113,115,
367.000000,101.000000,0.125022,978875904.000000,1.027362,0,1
118,122,122,99,79,63,39,45,
334.000000,144.000000,0.115598,49370352.000000,0.333980,0,1
69,105,63,61,65,46,49,43,
317.000000,124.000000,0.089208,64804664.000000,0.134440,0,1
57,34,25,32,35,20,23,26,
359.000000,120.000000,0.103499,249218576.000000,0.535752,0,1
19,19,33,18,24,99,20,23,
313.000000,162.000000,0.105699,107763672.000000,0.225300,0,1
67,65,78,47,50,60,49,50,
333.000000,196.000000,0.112476,945909952.000000,0.680747,0,1
30,53,29,117,79,41,128,132,
291.000000,142.000000,0.104751,93268408.000000,0.235595,0,1
69,53,86,56,66,90,74,67,
422.000000,171.000000,0.121063,358634688.000000,1.393134,0,1
25,27,36,60,57,62,73,70,
297.000000,228.000000,0.110704,281902496.000000,0.665237,0,1
51,53,44,64,55,47,63,60,
408.000000,189.000000,0.115746,1460883200.000000,1.530745,0,1
38,29,64,23,57,64,29,37,
356.000000,203.000000,0.118231,1212994816.000000,1.023983,0,1
22,37,24,98,65,44,116,119,
212.000000,154.000000,0.083573,1664653056.000000,0.458574,0,1
241,228,237,157,191,236,147,141,
300.000000,169.000000,0.102196,280288640.000000,0.253594,0,1
73,74,70,94,50,52,76,50,
317.000000,174.000000,0.108846,382895456.000000,0.361111,0,1
58,73,71,53,58,57,52,48,
292.000000,231.000000,0.110201,282198816.000000,0.688074,0,1
59,65,54,82,67,53,80,79,
296.000000,100.000000,0.101999,391545952.000000,0.307906,0,1
105,127,61,131,97,45,117,98,
291.000000,144.000000,0.104737,137774832.000000,0.235579,0,1
66,74,101,54,67,97,44,54,
338.000000,207.000000,0.126016,1213898624.000000,0.825222,0,1
149,121,149,107,107,118,105,101,
171.000000,196.000000,0.088899,162854544.000000,0.737058,0,1
155,166,156,171,171,161,174,173,
422.000000,116.000000,0.123518,606408064.000000,1.420430,0,1
52,30,94,17,41,86,16,18,
351.000000,134.000000,0.125432,172503072.000000,0.643599,0,1
35,87,50,68,76,47,44,39,
353.000000,157.000000,0.117867,111185000.000000,0.626071,0,1
39,55,31,71,46,28,69,45,
386.000000,133.000000,0.109271,38103108.000000,0.897568,0,1
30,31,29,46,43,43,65,76,
246.000000,207.000000,0.090994,154082816.000000,0.546945,0,1
68,79,76,89,86,83,94,97,
132.000000,114.000000,0.043765,1454525824.000000,0.311102,0,1
110,119,122,186,139,123,205,214,
416.000000,155.000000,0.122040,1075047040.000000,1.713450,0,1
36,42,26,62,50,27,53,43,
279.000000,112.000000,0.096575,421701440.000000,0.296967,0,1
132,136,134,119,107,93,46,37,
193.000000,169.000000,0.075882,511661792.000000,0.473707,0,1
106,94,102,72,85,96,66,61,
378.000000,209.000000,0.125760,767758528.000000,1.170491,0,1
36,32,36,61,49,38,98,104,
392.000000,151.000000,0.115028,1277836288.000000,1.102400,0,1
38,44,26,58,50,30,62,45,
273.000000,220.000000,0.103472,176528336.000000,0.639681,0,1
54,61,54,78,62,56,79,80,
422.000000,170.000000,0.120776,455776096.000000,1.384227,0,1
25,24,35,37,28,45,57,73,
206.000000,223.000000,0.110771,664316736.000000,1.032443,0,1
143,145,137,140,136,122,140,139,
127.000000,211.000000,0.104295,753775808.000000,1.175778,0,1
168,179,165,187,173,159,187,186,
179.000000,162.000000,0.071955,687229312.000000,0.472610,0,1
115,103,111,79,93,106,76,76,
207.000000,164.000000,0.092083,146671088.000000,0.567794,0,1
139,130,134,118,125,131,116,112,
375.000000,161.000000,0.108414,578208064.000000,0.785326,0,1
26,31,41,34,31,41,59,40,
393.000000,165.000000,0.116749,263022064.000000,0.893205,0,1
27,41,28,61,37,32,66,39,
134.000000,220.000000,0.110905,1168197120.000000,1.310852,0,1
174,182,166,186,181,164,185,180,
176.000000,160.000000,0.071231,703849536.000000,0.472804,0,1
114,101,112,76,96,114,72,75,
350.000000,135.000000,0.124497,67445456.000000,0.259859,0,1
87,68,76,39,44,33,37,47,
163.000000,231.000000,0.119355,920374656.000000,1.427019,0,1
153,143,153,142,144,153,141,140,
376.000000,169.000000,0.102689,335253088.000000,0.743903,0,1
29,32,40,52,47,53,67,65,
102.000000,128.000000,0.038266,694838656.000000,0.297337,0,1
181,194,178,204,191,177,195,196,
297.000000,114.000000,0.102347,371973920.000000,0.244454,0,1
78,109,45,121,81,31,110,84,
323.000000,107.000000,0.111189,722849152.000000,0.362486,0,1
135,136,128,86,70,59,37,24,
127.000000,150.000000,0.049636,259212352.000000,0.371678,0,1
183,185,181,196,189,184,199,198,
388.000000,133.000000,0.109458,22513906.000000,0.926866,0,1
29,29,29,43,43,45,64,75,
396.000000,215.000000,0.131446,491448256.000000,1.223765,0,1
30,39,33,82,59,41,98,103,
389.000000,98.000000,0.132118,695333312.000000,1.193163,0,1
117,124,124,104,89,69,40,50,
240.000000,196.000000,0.093322,123431232.000000,0.538002,0,1
85,80,82,66,70,75,61,61,
312.000000,216.000000,0.116042,90906456.000000,0.714183,0,1
79,85,69,83,77,66,79,64,
332.000000,144.000000,0.113823,69196376.000000,0.301285,0,1
67,50,105,30,61,65,34,52,
107.000000,189.000000,0.089439,156579216.000000,0.935862,0,1
156,163,154,173,163,155,173,172,
226.000000,234.000000,0.114621,112257584.000000,0.936937,0,1
124,128,123,133,130,125,134,133,
140.000000,240.000000,0.125454,1015534912.000000,1.600568,0,1
171,169,177,164,165,173,162,163,
373.000000,208.000000,0.123611,272911776.000000,1.067209,0,1
31,56,25,97,61,30,102,104,
161.000000,153.000000,0.064415,446817888.000000,0.444068,0,1
119,91,113,75,84,108,80,84,
331.000000,143.000000,0.113723,40360112.000000,0.287811,0,1
32,56,67,47,50,105,30,34,
