# timestamp
1608635274512144896

# fx, fy, cx, cy, width, height, npoints
501.492249,501.475067,421.770691,167.668182,800,400,510

# camToWorld: translation vector, rotation quaternion
-31.372539,81.245148,4.464116,0.334772,0.643442,-0.621092,-0.296910

# Exposure time (ms)
9.780510

# Point Cloud Data : 
# u,v,idepth_scaled,idepth_hessian,maxRelBaseline,numGoodRes,status 
# color information 
660.000000,35.000000,0.199820,126686256.000000,0.509562,0,1
235,251,222,215,201,173,159,113,
657.000000,47.000000,0.180322,247169920.000000,0.642320,0,1
87,99,103,125,132,139,197,246,
685.000000,108.000000,0.097338,1007131968.000000,0.429359,0,1
40,38,187,23,98,242,31,33,
711.000000,112.000000,0.099826,1084415872.000000,0.488057,0,1
168,147,63,167,87,34,108,63,
579.000000,119.000000,0.088590,916092288.000000,0.237448,0,1
252,240,139,245,158,63,186,152,
580.000000,122.000000,0.089520,1276638208.000000,0.240156,0,1
92,152,57,216,102,36,155,87,
670.000000,127.000000,0.097354,321977248.000000,0.348372,0,1
29,32,78,71,133,186,206,255,
668.000000,128.000000,0.094876,552287552.000000,0.338577,0,1
25,46,101,78,171,226,187,228,
514.000000,129.000000,0.081543,212606656.000000,0.126815,0,1
72,32,119,19,85,164,36,78,
638.000000,141.000000,0.093271,811828992.000000,0.303614,0,1
179,117,183,53,122,171,50,35,
589.000000,146.000000,0.087856,13087744.000000,0.177172,0,1
30,58,46,181,165,102,253,255,
626.000000,168.000000,0.090790,913816064.000000,0.328682,0,1
20,32,57,51,117,157,146,199,
732.000000,177.000000,0.100052,1120541440.000000,0.539738,0,1
161,87,150,34,86,148,39,55,
653.000000,179.000000,0.096366,324814752.000000,0.373044,0,1
23,45,40,87,95,65,140,182,
520.000000,220.000000,0.083182,300565312.000000,0.312047,0,1
105,129,74,91,63,32,43,62,
615.000000,222.000000,0.094896,668699840.000000,0.362319,0,1
52,74,91,61,97,123,82,84,
701.000000,225.000000,0.091169,188919712.000000,0.375939,0,1
21,45,26,87,58,31,92,93,
614.000000,23.000000,0.201477,11444742.000000,0.591939,0,1
23,32,23,37,33,24,38,40,
708.000000,28.000000,0.206995,481447520.000000,0.596655,0,1
119,175,100,216,133,65,144,86,
660.000000,29.000000,0.206161,73865384.000000,0.342240,0,1
90,110,90,131,112,90,142,155,
566.000000,30.000000,0.220315,3876664.250000,0.524646,0,1
27,22,26,15,20,25,14,14,
589.000000,30.000000,0.217041,28566004.000000,0.561814,0,1
43,23,41,15,22,38,15,15,
699.000000,30.000000,0.200466,308730528.000000,0.724465,0,1
250,227,240,171,190,198,133,102,
705.000000,30.000000,0.206187,78242432.000000,0.588981,0,1
242,235,180,187,153,109,129,87,
600.000000,32.000000,0.207129,20172190.000000,0.563283,0,1
27,41,26,53,38,25,50,46,
711.000000,58.000000,0.161502,12006558.000000,0.613525,0,1
145,153,154,161,162,163,173,182,
706.000000,63.000000,0.174675,29839834.000000,0.641004,0,1
197,209,204,225,223,223,245,254,
720.000000,63.000000,0.177833,40244468.000000,0.672536,0,1
187,206,205,225,220,222,241,253,
706.000000,75.000000,0.186310,20388712.000000,0.666601,0,1
255,249,233,169,140,110,45,28,
717.000000,102.000000,0.099489,1415284736.000000,0.501714,0,1
29,64,49,189,158,91,240,202,
692.000000,103.000000,0.099035,119469528.000000,0.380232,0,1
32,39,58,83,148,192,215,255,
552.000000,134.000000,0.096686,263451856.000000,0.200390,0,1
76,129,40,169,90,25,132,76,
720.000000,170.000000,0.098887,953572544.000000,0.511649,0,1
25,40,93,56,104,161,104,144,
719.000000,174.000000,0.099045,318394784.000000,0.511364,0,1
124,74,118,26,45,62,17,16,
683.000000,177.000000,0.095702,792602880.000000,0.433831,0,1
137,150,82,193,132,60,178,145,
700.000000,179.000000,0.097489,647836608.000000,0.474738,0,1
14,29,16,85,41,18,100,88,
699.000000,180.000000,0.097380,950426176.000000,0.473132,0,1
29,85,41,151,100,41,151,136,
720.000000,184.000000,0.099973,189418736.000000,0.524412,0,1
17,30,20,82,39,20,65,34,
710.000000,197.000000,0.097561,193142176.000000,0.507609,0,1
198,146,168,92,98,157,42,37,
712.000000,200.000000,0.099876,99109888.000000,0.306884,0,1
128,61,136,24,62,112,20,19,
329.000000,201.000000,0.068829,72624368.000000,0.165475,0,1
150,168,199,121,147,159,48,27,
729.000000,223.000000,0.083242,29628040.000000,0.502280,0,1
33,40,42,25,26,27,19,14,
697.000000,224.000000,0.099048,514422368.000000,0.522507,0,1
27,28,27,45,63,55,76,93,
700.000000,230.000000,0.094741,166418048.000000,0.390476,0,1
58,48,36,91,63,33,80,61,
686.000000,246.000000,0.114848,6954320.000000,0.593210,0,1
91,88,89,84,84,86,79,72,
709.000000,261.000000,0.136668,3427570.000000,0.733236,0,1
76,79,85,71,73,75,70,65,
710.000000,261.000000,0.134359,3594175.500000,0.726993,0,1
76,82,85,72,74,75,70,66,
658.000000,69.000000,0.174257,8976185.000000,0.557367,0,1
169,176,186,187,197,207,207,228,
80.000000,155.000000,0.047611,240163648.000000,0.135775,0,1
121,108,185,78,163,204,80,59,
602.000000,40.000000,0.195697,16147989.000000,0.647508,0,1
35,27,33,19,26,29,19,19,
376.000000,44.000000,0.203175,835118.000000,0.428989,0,1
8,9,8,11,10,10,12,12,
639.000000,49.000000,0.185056,116883032.000000,0.680447,0,1
48,47,59,47,62,84,64,139,
640.000000,51.000000,0.179702,84289848.000000,0.554599,0,1
71,79,127,102,175,229,234,255,
404.000000,52.000000,0.166644,244795.484375,0.275418,0,1
8,10,9,12,11,10,13,13,
637.000000,52.000000,0.178012,1006274880.000000,0.644302,0,1
54,55,102,52,129,234,107,131,
639.000000,69.000000,0.164579,15175180.000000,0.583946,0,1
95,97,105,99,108,116,110,122,
248.000000,70.000000,0.285469,2279858.500000,1.967150,0,1
8,12,8,14,12,12,15,15,
618.000000,72.000000,0.165222,8747268.000000,0.541486,0,1
42,41,45,40,44,49,43,48,
635.000000,79.000000,0.164476,113613560.000000,0.569925,0,1
127,115,126,112,126,136,136,104,
632.000000,81.000000,0.165616,190778416.000000,0.567923,0,1
108,109,127,93,104,108,56,26,
619.000000,83.000000,0.165915,30159976.000000,0.542148,0,1
56,48,52,32,31,29,23,19,
120.000000,96.000000,0.442971,513160.218750,4.415248,0,1
15,15,14,15,14,14,13,9,
649.000000,106.000000,0.091621,718208960.000000,0.369239,0,1
37,39,73,42,144,214,103,183,
630.000000,108.000000,0.093054,91786928.000000,0.167634,0,1
53,178,156,186,122,52,64,28,
569.000000,109.000000,0.087698,64242004.000000,0.221452,0,1
23,23,29,25,35,50,54,210,
570.000000,109.000000,0.087998,58705076.000000,0.223869,0,1
24,27,33,29,43,57,81,227,
607.000000,109.000000,0.093085,114050136.000000,0.301583,0,1
36,38,47,40,52,120,94,248,
610.000000,109.000000,0.092012,385015872.000000,0.464811,0,1
45,59,127,68,210,255,201,255,
624.000000,110.000000,0.091391,457174912.000000,0.326439,0,1
234,248,160,241,119,47,101,41,
583.000000,115.000000,0.089131,232829424.000000,0.228113,0,1
254,254,175,254,165,49,157,49,
24.000000,116.000000,0.115385,2294836.250000,0.376262,0,1
10,10,11,11,13,14,14,17,
90.000000,116.000000,0.106860,3630470.750000,0.281827,0,1
11,14,10,16,12,10,16,17,
108.000000,116.000000,0.104946,2094520.250000,0.432007,0,1
9,13,10,17,13,10,17,17,
636.000000,116.000000,0.093484,704488576.000000,0.351364,0,1
31,63,51,121,105,54,142,113,
611.000000,118.000000,0.091813,280251168.000000,0.463712,0,1
244,192,205,104,140,165,46,35,
420.000000,119.000000,0.091056,3035477.750000,0.137227,0,1
24,27,25,40,38,31,112,227,
28.000000,122.000000,0.116898,2429381.000000,0.376737,0,1
12,15,12,18,16,13,18,19,
387.000000,122.000000,0.062273,10766546.000000,0.059798,0,1
24,30,32,59,78,90,246,255,
418.000000,124.000000,0.072888,163256560.000000,0.114942,0,1
239,252,79,254,129,28,180,58,
432.000000,125.000000,0.077662,128422888.000000,0.117940,0,1
33,38,149,26,191,255,80,108,
577.000000,125.000000,0.085196,62444968.000000,0.211133,0,1
244,234,212,109,133,74,37,25,
336.000000,126.000000,0.068302,22088258.000000,0.102935,0,1
24,35,80,53,163,255,196,255,
298.000000,129.000000,0.071301,20353490.000000,0.090531,0,1
31,42,140,21,154,255,46,61,
304.000000,129.000000,0.061773,15956573.000000,0.080442,0,1
30,159,20,255,89,16,143,19,
326.000000,130.000000,0.068075,121008560.000000,0.102727,0,1
27,36,97,28,196,245,154,205,
364.000000,130.000000,0.069257,172189344.000000,0.104374,0,1
247,245,92,226,116,25,149,88,
402.000000,130.000000,0.076525,1203660800.000000,0.748748,0,1
92,122,40,150,74,26,107,62,
300.000000,131.000000,0.069486,11266348.000000,0.086453,0,1
255,190,228,61,131,107,30,18,
341.000000,131.000000,0.055195,6912485.000000,0.020467,0,1
241,254,117,232,185,27,165,126,
319.000000,133.000000,0.065008,19236772.000000,0.065363,0,1
214,252,79,254,162,24,239,139,
373.000000,134.000000,0.069012,207361632.000000,0.280579,0,1
24,46,50,67,150,81,199,251,
609.000000,134.000000,0.088095,124337088.000000,0.145347,0,1
218,210,196,179,118,54,111,43,
611.000000,134.000000,0.088190,136128880.000000,0.218820,0,1
186,196,119,118,54,31,40,25,
421.000000,138.000000,0.067159,151555360.000000,0.135740,0,1
31,34,56,49,125,144,160,230,
467.000000,138.000000,0.077363,444292128.000000,0.339650,0,1
99,197,50,230,105,19,105,24,
206.000000,139.000000,0.062514,33424124.000000,0.143403,0,1
18,32,31,38,40,33,86,148,
258.000000,139.000000,0.063206,15967676.000000,0.253586,0,1
25,33,32,32,34,26,67,42,
464.000000,140.000000,0.084121,294631808.000000,0.376139,0,1
219,171,151,142,64,33,61,27,
146.000000,141.000000,0.047430,111298192.000000,0.071480,0,1
26,46,40,115,115,47,185,155,
419.000000,142.000000,0.071712,381577376.000000,0.148257,0,1
114,60,209,27,106,238,31,33,
602.000000,143.000000,0.089741,213057344.000000,0.246773,0,1
201,143,193,59,116,111,37,22,
100.000000,144.000000,0.045392,318783488.000000,0.120475,0,1
17,62,33,183,104,36,151,98,
474.000000,145.000000,0.078129,27408020.000000,0.120137,0,1
22,26,48,29,157,201,126,241,
275.000000,146.000000,0.063559,1931263232.000000,0.619792,0,1
156,184,78,200,103,27,83,21,
156.000000,148.000000,0.052966,72070024.000000,0.180813,0,1
36,109,53,169,158,97,228,233,
547.000000,148.000000,0.086162,353681152.000000,0.322058,0,1
26,99,45,179,153,79,222,197,
144.000000,150.000000,0.051520,132178912.000000,0.191904,0,1
26,84,47,142,136,63,166,131,
387.000000,150.000000,0.069749,24376304.000000,0.038932,0,1
39,40,162,33,154,255,107,226,
574.000000,150.000000,0.084912,308879424.000000,0.206206,0,1
195,116,242,51,152,249,64,64,
634.000000,150.000000,0.090249,513956800.000000,0.336277,0,1
55,79,33,64,41,24,29,21,
550.000000,151.000000,0.083446,474094240.000000,0.174527,0,1
57,110,29,138,60,19,66,27,
367.000000,152.000000,0.077440,13129804.000000,0.095465,0,1
24,31,36,49,95,65,136,152,
502.000000,152.000000,0.080194,359990464.000000,0.133600,0,1
166,100,243,49,167,236,75,93,
180.000000,153.000000,0.242248,98378400.000000,0.366280,0,1
163,139,174,43,93,149,32,29,
239.000000,153.000000,0.058482,62961000.000000,0.126528,0,1
24,63,40,102,123,34,169,159,
59.000000,154.000000,0.044448,231252192.000000,0.118109,0,1
21,23,33,27,46,90,45,69,
379.000000,154.000000,0.071126,106595696.000000,0.268222,0,1
182,136,115,47,68,35,31,34,
450.000000,154.000000,0.078648,214866736.000000,0.160866,0,1
167,181,115,105,69,35,54,55,
623.000000,154.000000,0.092048,496530688.000000,0.279796,0,1
68,172,77,248,156,46,167,88,
670.000000,155.000000,0.093989,292597824.000000,0.403386,0,1
30,29,19,40,22,18,63,45,
60.000000,156.000000,0.042383,121673104.000000,0.082931,0,1
65,73,150,46,96,137,56,53,
583.000000,156.000000,0.091142,179744064.000000,0.176952,0,1
236,232,120,240,136,46,177,79,
221.000000,158.000000,0.056631,660815360.000000,0.292566,0,1
44,37,112,25,85,140,39,54,
45.000000,159.000000,0.049881,52352280.000000,0.139791,0,1
19,22,26,27,41,53,46,60,
322.000000,160.000000,0.058532,7934432.500000,0.030455,0,1
81,176,91,255,174,42,209,108,
409.000000,160.000000,0.072805,593120448.000000,0.679006,0,1
61,48,156,34,80,146,71,31,
419.000000,160.000000,0.073193,243376528.000000,0.613392,0,1
118,166,60,190,109,41,101,30,
420.000000,160.000000,0.074777,280732224.000000,0.615620,0,1
70,114,35,159,61,37,83,28,
540.000000,160.000000,0.080804,86411776.000000,0.289528,0,1
132,92,62,25,23,18,18,16,
61.000000,161.000000,0.043321,174762544.000000,0.114307,0,1
49,73,49,116,92,57,158,163,
280.000000,161.000000,0.058557,111569696.000000,0.088896,0,1
67,143,66,231,133,30,173,82,
38.000000,162.000000,0.043299,292457056.000000,0.123121,0,1
23,33,48,39,73,96,69,79,
57.000000,163.000000,0.044958,383605184.000000,0.120535,0,1
111,106,141,70,115,165,82,96,
259.000000,163.000000,0.061545,114252536.000000,0.246089,0,1
177,180,184,128,161,107,46,21,
260.000000,163.000000,0.061372,175848992.000000,0.243749,0,1
167,196,133,155,146,67,45,20,
274.000000,163.000000,0.062847,578418560.000000,0.621822,0,1
158,114,213,60,131,152,29,18,
29.000000,164.000000,0.047189,20479348.000000,0.138580,0,1
16,16,19,19,26,36,34,41,
159.000000,164.000000,0.053850,246442560.000000,0.180883,0,1
37,29,63,30,48,114,37,32,
162.000000,165.000000,0.054231,218386352.000000,0.181128,0,1
135,114,167,64,107,95,39,19,
176.000000,165.000000,0.054623,188627088.000000,0.367591,0,1
189,169,176,84,106,76,32,18,
123.000000,166.000000,0.052195,64574044.000000,0.206391,0,1
73,62,75,45,71,47,27,21,
89.000000,167.000000,0.046409,71313816.000000,0.130047,0,1
125,95,104,52,56,47,36,29,
515.000000,168.000000,0.082124,114056048.000000,0.148589,0,1
23,34,38,74,111,105,189,216,
430.000000,169.000000,0.074843,111089512.000000,0.136669,0,1
24,44,43,105,132,70,172,194,
464.000000,169.000000,0.077301,310421760.000000,0.377616,0,1
24,58,46,171,111,51,99,29,
597.000000,169.000000,0.091815,539122624.000000,0.283408,0,1
36,129,59,203,129,57,175,138,
250.000000,170.000000,0.058932,15714216.000000,0.124581,0,1
20,22,21,68,67,63,164,157,
453.000000,170.000000,0.076643,430712512.000000,0.434902,0,1
41,57,152,36,141,214,125,201,
120.000000,171.000000,0.047712,150070352.000000,0.188857,0,1
20,20,20,50,36,22,86,64,
53.000000,172.000000,0.044401,74217752.000000,0.120895,0,1
20,27,30,47,65,67,97,126,
73.000000,172.000000,0.048074,79772592.000000,0.122777,0,1
19,24,27,34,47,43,61,73,
310.000000,172.000000,0.064478,95711632.000000,0.097898,0,1
107,174,90,187,112,31,134,59,
669.000000,172.000000,0.094338,1011264128.000000,0.396722,0,1
34,46,93,57,114,158,132,188,
93.000000,173.000000,0.046980,144622848.000000,0.128500,0,1
33,41,58,41,72,84,61,58,
552.000000,173.000000,0.091095,1341269120.000000,0.353028,0,1
132,190,92,236,147,48,194,137,
424.000000,174.000000,0.070442,32068488.000000,0.106351,0,1
175,149,150,48,89,88,30,24,
187.000000,175.000000,0.052546,171704800.000000,0.163211,0,1
48,114,29,153,93,22,141,80,
146.000000,176.000000,0.049801,278891264.000000,0.182250,0,1
45,90,34,115,68,24,72,45,
280.000000,176.000000,0.061522,139221120.000000,0.213004,0,1
17,24,18,71,56,17,156,112,
39.000000,177.000000,0.044133,127894400.000000,0.125813,0,1
22,25,37,27,45,63,43,62,
40.000000,177.000000,0.044363,130358000.000000,0.126117,0,1
25,31,43,34,56,64,56,76,
107.000000,177.000000,0.048435,72984064.000000,0.125323,0,1
85,72,76,48,69,55,34,30,
617.000000,177.000000,0.092226,522392768.000000,0.476037,0,1
32,55,68,119,169,147,200,207,
361.000000,178.000000,0.069051,376037248.000000,0.331676,0,1
26,54,56,66,144,68,158,186,
460.000000,179.000000,0.077993,873834752.000000,0.414053,0,1
107,168,59,198,133,33,190,120,
621.000000,179.000000,0.090690,3124650240.000000,0.474701,0,1
74,164,61,190,109,32,136,88,
674.000000,179.000000,0.094524,162452832.000000,0.352298,0,1
207,161,202,51,114,173,30,24,
250.000000,180.000000,0.059052,216401056.000000,0.255766,0,1
140,105,93,41,90,54,30,27,
378.000000,180.000000,0.069393,223420800.000000,0.104920,0,1
121,176,69,151,123,36,89,37,
537.000000,180.000000,0.083435,1133144960.000000,0.297866,0,1
66,179,61,250,147,34,186,98,
676.000000,180.000000,0.095990,256848352.000000,0.355363,0,1
215,146,191,50,101,143,36,33,
441.000000,181.000000,0.075936,266685312.000000,0.148052,0,1
105,156,67,189,113,30,141,63,
459.000000,181.000000,0.077164,518030656.000000,0.419534,0,1
182,190,144,97,153,73,67,34,
599.000000,181.000000,0.092813,961620160.000000,0.446208,0,1
28,15,60,14,26,114,15,25,
438.000000,182.000000,0.077548,207008560.000000,0.148280,0,1
153,118,189,60,153,141,68,59,
479.000000,182.000000,0.077671,187506240.000000,0.198588,0,1
19,23,42,28,91,128,76,62,
39.000000,183.000000,0.044361,189902448.000000,0.126845,0,1
39,40,61,39,63,87,59,75,
164.000000,183.000000,0.052974,149410288.000000,0.106246,0,1
54,45,58,66,116,99,127,173,
192.000000,183.000000,0.054827,165825744.000000,0.339260,0,1
50,52,38,120,106,61,170,146,
406.000000,183.000000,0.074198,139806736.000000,0.731009,0,1
84,52,74,33,46,41,27,23,
188.000000,184.000000,0.054382,211916800.000000,0.164998,0,1
42,42,100,38,114,173,78,107,
212.000000,184.000000,0.057090,620449408.000000,0.315528,0,1
46,83,36,144,78,24,119,90,
390.000000,185.000000,0.076857,48325856.000000,0.081729,0,1
32,48,52,109,135,135,149,161,
423.000000,185.000000,0.072446,124227432.000000,0.170416,0,1
33,60,53,142,149,90,204,167,
550.000000,187.000000,0.085090,312164960.000000,0.325950,0,1
23,27,23,46,30,21,70,61,
86.000000,189.000000,0.044551,64859624.000000,0.129773,0,1
30,46,36,57,56,42,83,91,
146.000000,189.000000,0.051049,18992722.000000,0.097053,0,1
35,46,34,59,61,50,120,165,
528.000000,189.000000,0.085414,523822464.000000,0.165661,0,1
45,42,125,30,100,185,64,85,
569.000000,189.000000,0.089518,637250240.000000,0.377459,0,1
26,24,42,23,36,129,26,37,
103.000000,190.000000,0.047149,21433796.000000,0.125951,0,1
68,58,54,45,47,34,30,17,
512.000000,190.000000,0.081557,211597856.000000,0.147725,0,1
255,252,225,248,166,91,158,71,
569.000000,190.000000,0.089804,852836480.000000,0.379048,0,1
28,25,76,24,42,162,28,39,
63.000000,191.000000,0.049779,45717640.000000,0.133378,0,1
44,37,51,35,48,56,48,53,
52.000000,193.000000,0.046138,58353312.000000,0.127738,0,1
90,81,88,42,47,48,29,27,
90.000000,194.000000,0.046370,50802688.000000,0.132039,0,1
27,45,35,42,33,23,20,14,
329.000000,194.000000,0.063599,155633792.000000,0.150042,0,1
95,59,133,32,108,158,60,105,
578.000000,195.000000,0.084791,323030816.000000,0.370674,0,1
250,231,174,159,111,67,47,25,
248.000000,196.000000,0.059386,266186976.000000,0.265855,0,1
95,61,119,39,98,138,74,140,
458.000000,196.000000,0.073334,82155584.000000,0.130118,0,1
36,63,39,95,88,42,120,114,
238.000000,197.000000,0.058283,36503892.000000,0.136225,0,1
78,88,36,94,51,28,138,76,
540.000000,197.000000,0.085126,289917504.000000,0.195342,0,1
150,84,164,37,104,172,54,79,
200.000000,198.000000,0.055739,71142400.000000,0.333385,0,1
113,143,139,50,56,63,24,21,
215.000000,198.000000,0.058787,48046136.000000,0.152100,0,1
88,103,133,94,109,108,36,23,
278.000000,198.000000,0.062812,75218104.000000,0.622428,0,1
24,21,22,33,29,28,132,93,
385.000000,198.000000,0.070554,388788928.000000,0.281368,0,1
51,118,51,145,107,36,99,45,
43.000000,199.000000,0.043026,41851032.000000,0.122548,0,1
56,65,66,40,45,35,29,39,
285.000000,199.000000,0.064673,44647080.000000,0.102635,0,1
43,37,24,131,78,22,97,25,
239.000000,200.000000,0.064014,31299254.000000,0.284868,0,1
118,76,76,32,29,27,21,19,
470.000000,200.000000,0.075928,308044800.000000,0.400378,0,1
29,63,27,119,47,26,73,34,
25.000000,202.000000,0.041477,8026719.000000,0.124509,0,1
29,43,31,43,36,23,22,16,
354.000000,202.000000,0.070551,272867488.000000,0.381881,0,1
149,165,171,115,125,130,46,34,
541.000000,202.000000,0.084016,562987584.000000,0.311365,0,1
107,68,135,37,92,130,40,34,
53.000000,203.000000,0.044181,9283895.000000,0.122589,0,1
28,36,25,33,25,18,21,14,
375.000000,203.000000,0.071927,390821984.000000,0.321459,0,1
149,134,138,69,73,76,40,36,
443.000000,203.000000,0.076124,97360416.000000,0.158265,0,1
37,37,37,74,75,73,137,108,
433.000000,205.000000,0.076806,113529000.000000,0.086602,0,1
178,181,177,93,98,100,57,52,
187.000000,206.000000,0.056528,39213268.000000,0.373063,0,1
17,20,17,37,34,30,56,62,
240.000000,206.000000,0.057399,63452668.000000,0.274512,0,1
24,23,52,20,50,93,28,29,
490.000000,206.000000,0.080162,117576128.000000,0.227224,0,1
162,225,223,154,167,174,72,48,
662.000000,206.000000,0.094331,89537440.000000,0.191977,0,1
218,177,177,90,122,97,50,30,
199.000000,207.000000,0.057481,64297144.000000,0.349081,0,1
31,29,23,54,52,49,65,73,
525.000000,207.000000,0.082298,66619520.000000,0.282652,0,1
187,238,240,176,190,196,73,42,
554.000000,207.000000,0.089459,692215744.000000,0.357019,0,1
86,120,54,135,87,37,81,39,
580.000000,208.000000,0.087626,92112208.000000,0.391562,0,1
17,25,24,65,59,57,78,46,
572.000000,209.000000,0.088904,148965280.000000,0.384877,0,1
35,53,71,43,59,75,38,32,
176.000000,210.000000,0.057381,23120916.000000,0.393724,0,1
56,74,74,87,89,90,94,95,
184.000000,210.000000,0.058068,15235707.000000,0.384195,0,1
60,73,75,89,91,91,92,92,
201.000000,210.000000,0.057779,27344652.000000,0.351174,0,1
65,71,67,83,78,76,91,92,
254.000000,210.000000,0.061322,45050160.000000,0.269393,0,1
17,30,32,62,57,55,68,80,
277.000000,210.000000,0.061376,277310144.000000,0.622714,0,1
38,16,55,19,22,29,58,70,
321.000000,210.000000,0.065774,61431164.000000,0.486421,0,1
24,25,17,45,45,27,73,36,
586.000000,210.000000,0.087675,65098552.000000,0.402476,0,1
51,72,65,46,45,44,25,24,
594.000000,210.000000,0.089778,316119104.000000,0.427406,0,1
198,192,221,88,115,128,38,29,
229.000000,211.000000,0.061131,72313432.000000,0.313463,0,1
47,58,51,74,71,66,89,96,
669.000000,211.000000,0.094157,205771728.000000,0.356912,0,1
24,35,52,85,87,112,136,85,
152.000000,212.000000,0.065965,9465049.000000,0.240772,0,1
95,90,91,79,80,80,72,68,
245.000000,212.000000,0.062127,34487240.000000,0.293514,0,1
66,62,62,80,78,76,107,110,
297.000000,212.000000,0.066728,39156824.000000,0.582422,0,1
18,21,14,24,21,21,39,62,
442.000000,213.000000,0.075409,234441424.000000,0.160000,0,1
48,52,58,56,122,128,109,146,
314.000000,214.000000,0.067468,137928416.000000,0.521162,0,1
21,52,53,72,72,71,105,102,
420.000000,215.000000,0.072676,41985864.000000,0.132624,0,1
134,137,130,115,109,108,57,67,
407.000000,216.000000,0.074495,262297760.000000,0.782391,0,1
21,25,24,45,44,41,74,91,
486.000000,219.000000,0.081889,220469840.000000,0.403592,0,1
22,23,21,34,30,29,63,89,
575.000000,219.000000,0.091879,79728680.000000,0.408349,0,1
36,31,27,44,34,19,62,75,
389.000000,220.000000,0.077758,38312756.000000,0.126201,0,1
104,131,132,129,122,107,99,89,
438.000000,220.000000,0.077282,123691952.000000,0.613580,0,1
63,74,74,96,89,83,98,99,
449.000000,220.000000,0.078843,111899744.000000,0.561297,0,1
46,63,65,74,69,67,93,93,
477.000000,220.000000,0.080430,279420288.000000,0.436801,0,1
33,41,38,78,74,71,95,108,
487.000000,220.000000,0.081771,331850816.000000,0.402591,0,1
21,30,29,63,60,57,89,103,
516.000000,220.000000,0.081784,81574080.000000,0.165185,0,1
185,154,160,80,91,91,50,74,
281.000000,221.000000,0.074374,14885466.000000,0.272920,0,1
77,69,70,71,74,79,99,85,
490.000000,221.000000,0.081452,301783936.000000,0.393862,0,1
28,57,53,89,88,86,101,115,
539.000000,221.000000,0.083874,260637792.000000,0.314341,0,1
128,118,125,62,69,80,32,61,
551.000000,222.000000,0.084509,137093520.000000,0.335383,0,1
85,87,88,30,35,38,22,40,
277.000000,224.000000,0.075388,19162278.000000,0.285667,0,1
89,103,108,71,74,78,71,65,
220.000000,225.000000,0.077843,5935694.500000,0.412279,0,1
66,67,63,63,58,56,49,44,
250.000000,227.000000,0.081894,7340362.000000,0.364439,0,1
57,60,64,64,69,73,76,72,
209.000000,228.000000,0.081886,4694386.000000,0.458244,0,1
54,58,56,57,51,45,45,39,
210.000000,228.000000,0.080624,4096021.500000,0.449947,0,1
56,58,55,55,48,43,43,39,
560.000000,228.000000,0.093132,82294680.000000,0.392436,0,1
17,30,31,46,43,42,59,59,
360.000000,229.000000,0.087481,35620308.000000,0.468809,0,1
87,80,88,60,71,73,68,67,
467.000000,229.000000,0.090713,102742728.000000,0.240199,0,1
104,102,114,106,120,135,134,125,
598.000000,229.000000,0.094395,382522976.000000,0.467105,0,1
45,64,63,89,94,91,109,128,
238.000000,230.000000,0.085873,4114298.500000,0.409083,0,1
51,51,54,53,61,68,65,58,
246.000000,230.000000,0.084393,8867513.000000,0.384869,0,1
64,71,74,68,59,57,54,48,
250.000000,230.000000,0.082384,14470724.000000,0.368536,0,1
79,73,71,57,61,63,55,53,
355.000000,230.000000,0.088129,27701048.000000,0.491009,0,1
75,88,71,94,81,65,78,71,
418.000000,230.000000,0.092301,25449634.000000,0.851755,0,1
85,91,87,82,84,80,72,72,
471.000000,230.000000,0.093795,142333648.000000,0.255853,0,1
134,137,122,135,114,98,103,92,
649.000000,230.000000,0.098410,131965904.000000,0.450159,0,1
30,50,46,71,69,67,92,95,
218.000000,231.000000,0.087962,5462845.500000,0.474544,0,1
41,39,39,49,49,50,52,49,
468.000000,231.000000,0.094013,148315888.000000,0.252894,0,1
129,138,135,130,117,103,102,90,
595.000000,231.000000,0.097054,504562592.000000,0.477424,0,1
87,84,101,90,111,127,121,138,
226.000000,232.000000,0.092887,6517516.000000,0.488003,0,1
49,47,49,51,54,56,58,59,
341.000000,232.000000,0.088685,75415656.000000,0.221766,0,1
64,60,74,72,95,120,109,97,
600.000000,233.000000,0.099858,327848064.000000,0.504171,0,1
120,125,104,130,107,89,106,89,
158.000000,234.000000,0.082286,1221927.000000,0.278231,0,1
37,39,41,36,35,35,32,29,
193.000000,234.000000,0.089339,7863494.000000,0.539818,0,1
47,53,47,51,43,34,39,34,
527.000000,234.000000,0.102644,32214124.000000,0.412648,0,1
96,90,94,85,102,111,96,91,
531.000000,235.000000,0.107086,14614419.000000,0.409731,0,1
94,107,92,116,99,81,89,79,
589.000000,235.000000,0.101507,202298304.000000,0.492842,0,1
86,86,98,86,97,112,98,107,
328.000000,236.000000,0.093294,30943662.000000,0.638509,0,1
54,54,57,62,71,79,77,66,
317.000000,238.000000,0.096761,9852928.000000,0.708643,0,1
48,47,48,51,52,53,60,65,
619.000000,238.000000,0.106647,19512354.000000,0.588014,0,1
104,101,108,90,94,97,87,80,
179.000000,239.000000,0.090939,6687965.000000,0.592058,0,1
42,50,57,50,46,44,36,32,
171.000000,240.000000,0.094598,3295172.500000,0.633985,0,1
29,30,34,34,42,49,48,45,
199.000000,240.000000,0.093254,6594769.500000,0.546419,0,1
44,51,53,49,43,42,39,34,
320.000000,240.000000,0.093561,25655790.000000,0.678377,0,1
57,61,65,61,55,51,47,45,
347.000000,240.000000,0.095661,18992946.000000,0.572866,0,1
71,70,65,65,60,57,55,54,
309.000000,241.000000,0.097004,10174556.000000,0.750699,0,1
51,46,50,47,54,65,60,58,
317.000000,241.000000,0.095659,20148612.000000,0.705029,0,1
62,66,61,61,53,47,47,45,
510.000000,241.000000,0.099762,15623072.000000,0.202007,0,1
92,95,86,107,95,87,115,97,
78.000000,242.000000,0.087774,3635753.250000,0.255983,0,1
29,27,28,27,27,28,24,18,
238.000000,242.000000,0.091070,6986816.000000,0.439255,0,1
47,44,45,41,40,40,35,32,
360.000000,242.000000,0.099259,23688168.000000,0.539979,0,1
69,67,68,57,58,61,51,49,
476.000000,242.000000,0.113862,20969534.000000,0.642956,0,1
78,76,78,73,71,75,63,65,
434.000000,243.000000,0.105333,35991072.000000,0.852506,0,1
56,54,63,60,66,73,78,77,
182.000000,244.000000,0.096634,10885950.000000,0.621660,0,1
46,59,56,46,40,34,34,31,
164.000000,245.000000,0.097425,5761114.000000,0.707105,0,1
47,52,46,48,37,31,39,40,
532.000000,245.000000,0.112164,139331200.000000,0.463758,0,1
92,95,93,88,85,77,70,70,
97.000000,246.000000,0.092968,5241824.500000,0.410541,0,1
31,36,36,27,29,31,24,23,
299.000000,246.000000,0.097183,8084698.000000,0.810977,0,1
41,47,47,45,40,36,35,35,
482.000000,246.000000,0.110969,20684416.000000,0.624703,0,1
75,67,66,65,62,59,62,53,
637.000000,246.000000,0.115021,20222184.000000,0.528981,0,1
86,80,83,53,65,77,58,75,
575.000000,247.000000,0.112340,120840640.000000,0.531527,0,1
63,64,77,60,76,93,69,76,
114.000000,248.000000,0.096943,8147343.500000,0.397284,0,1
32,33,35,25,25,27,23,23,
582.000000,248.000000,0.115105,232447520.000000,0.563313,0,1
94,99,84,97,84,69,78,63,
123.000000,249.000000,0.098935,6952514.500000,0.406975,0,1
30,31,32,25,28,28,22,21,
279.000000,249.000000,0.106108,8681474.000000,0.984138,0,1
38,38,39,38,42,47,50,53,
281.000000,249.000000,0.106201,8530263.000000,0.978963,0,1
38,39,42,42,47,51,55,45,
417.000000,249.000000,0.111825,40382452.000000,1.030119,0,1
52,50,52,48,59,67,61,73,
545.000000,250.000000,0.117102,12795500.000000,0.491525,0,1
64,66,66,54,54,59,41,48,
581.000000,250.000000,0.116510,205218336.000000,0.570577,0,1
91,83,71,77,68,60,67,63,
156.000000,251.000000,0.101372,11132728.000000,0.729192,0,1
25,19,25,28,28,30,35,32,
280.000000,251.000000,0.107085,11497321.000000,0.999952,0,1
45,53,54,55,49,40,39,36,
421.000000,252.000000,0.112119,61975824.000000,1.010463,0,1
73,70,63,64,58,55,50,47,
569.000000,252.000000,0.117392,72437944.000000,0.549979,0,1
50,48,53,48,59,69,57,63,
275.000000,253.000000,0.109218,13905388.000000,1.039928,0,1
53,55,52,46,38,35,34,33,
162.000000,254.000000,0.100059,12963069.000000,0.705951,0,1
38,36,45,27,33,37,25,25,
575.000000,254.000000,0.123132,121381384.000000,0.598075,0,1
79,80,72,81,74,61,71,57,
411.000000,255.000000,0.115596,70880256.000000,1.120900,0,1
69,70,68,68,58,48,49,44,
179.000000,257.000000,0.105088,13644725.000000,0.678424,0,1
37,36,38,26,28,30,24,25,
183.000000,257.000000,0.105386,13790316.000000,0.667580,0,1
37,38,39,30,34,34,26,27,
259.000000,257.000000,0.110268,6717383.000000,1.185618,0,1
41,50,47,52,46,38,39,35,
260.000000,257.000000,0.111155,5080644.000000,1.156199,0,1
44,49,45,50,41,36,37,35,
399.000000,257.000000,0.118303,38146136.000000,1.248950,0,1
45,44,49,45,54,63,59,65,
619.000000,257.000000,0.127941,6468111.000000,0.558212,0,1
80,74,77,65,71,74,58,55,
526.000000,258.000000,0.127516,7670454.500000,0.572140,0,1
43,45,45,48,49,47,59,56,
656.000000,258.000000,0.125575,5162725.500000,0.616065,0,1
71,71,72,65,67,68,59,59,
201.000000,259.000000,0.109503,9805160.000000,0.634637,0,1
35,38,40,33,38,40,30,30,
215.000000,259.000000,0.113996,13771234.000000,0.613785,0,1
31,31,31,38,38,38,43,38,
243.000000,259.000000,0.114731,11814084.000000,1.297060,0,1
30,31,29,35,36,39,42,46,
662.000000,259.000000,0.123468,5154235.500000,0.621067,0,1
73,70,70,64,65,66,59,56,
202.000000,260.000000,0.109504,10510262.000000,0.632708,0,1
40,38,40,30,32,34,30,31,
401.000000,260.000000,0.120154,53358348.000000,1.252508,0,1
64,63,53,57,49,44,44,41,
570.000000,260.000000,0.130247,76559584.000000,0.632450,0,1
62,58,53,57,50,45,49,43,
246.000000,261.000000,0.114356,6197883.000000,1.282775,0,1
42,46,44,44,40,36,38,40,
652.000000,262.000000,0.122162,1648426.625000,0.611963,0,1
63,60,60,56,57,57,53,51,
229.000000,263.000000,0.113798,10321569.000000,0.575555,0,1
39,40,42,35,37,38,31,30,
238.000000,264.000000,0.114702,11298028.000000,0.555016,0,1
45,42,43,34,37,39,31,32,
554.000000,266.000000,0.138611,69135272.000000,0.645536,0,1
45,45,51,48,54,59,55,60,
258.000000,267.000000,0.121180,15022922.000000,1.261720,0,1
44,44,45,35,35,36,33,30,
261.000000,267.000000,0.118877,11681747.000000,1.246189,0,1
42,44,43,35,37,38,29,29,
453.000000,267.000000,0.129655,14241767.000000,0.927106,0,1
45,51,47,46,44,40,39,38,
670.000000,267.000000,0.133704,11699624.000000,0.685038,0,1
57,54,56,52,47,47,48,49,
289.000000,268.000000,0.123913,41358048.000000,1.068600,0,1
28,35,30,49,43,34,50,39,
290.000000,268.000000,0.123475,34184916.000000,1.059175,0,1
27,33,27,48,38,32,46,36,
480.000000,268.000000,0.133623,26609878.000000,0.796852,0,1
36,34,39,36,42,47,43,47,
561.000000,268.000000,0.130283,74651104.000000,0.617594,0,1
54,54,47,57,49,41,49,41,
369.000000,269.000000,0.131073,39013824.000000,1.686347,0,1
38,41,40,42,45,53,50,60,
279.000000,270.000000,0.123488,42329648.000000,1.136194,0,1
48,38,43,31,31,32,30,30,
285.000000,270.000000,0.124668,46214892.000000,1.102509,0,1
51,50,50,33,36,39,28,26,
290.000000,270.000000,0.124556,46160472.000000,1.070106,0,1
38,46,39,40,36,32,28,22,
549.000000,270.000000,0.142613,62785288.000000,0.659484,0,1
43,43,51,42,50,60,50,62,
560.000000,270.000000,0.133162,82175496.000000,0.633690,0,1
53,53,45,53,45,38,44,38,
328.000000,272.000000,0.132940,39326560.000000,0.900440,0,1
32,31,33,46,42,38,48,49,
330.000000,272.000000,0.133251,31649286.000000,0.891272,0,1
34,33,36,42,38,40,50,53,
261.000000,273.000000,0.126613,8764192.000000,0.546939,0,1
39,47,49,44,39,38,36,32,
316.000000,273.000000,0.128754,66246252.000000,0.948338,0,1
47,53,55,41,46,48,32,31,
369.000000,273.000000,0.131688,56716956.000000,1.710482,0,1
60,61,52,56,45,35,38,34,
507.000000,273.000000,0.139841,44809588.000000,0.733161,0,1
47,56,60,36,51,60,46,57,
258.000000,274.000000,0.126726,6167022.000000,1.305838,0,1
42,43,44,38,38,36,34,32,
347.000000,274.000000,0.134826,41538680.000000,0.817010,0,1
35,35,35,46,44,41,54,52,
357.000000,274.000000,0.136396,35437920.000000,0.776391,0,1
36,35,39,36,42,52,54,63,
497.000000,274.000000,0.143469,32449154.000000,0.787323,0,1
43,42,47,43,49,55,48,54,
554.000000,275.000000,0.138086,105415328.000000,0.652162,0,1
61,58,49,61,51,40,51,42,
374.000000,277.000000,0.139397,40775588.000000,1.715623,0,1
29,32,29,42,39,35,49,48,
510.000000,277.000000,0.141511,35405304.000000,0.746177,0,1
61,59,57,55,54,49,49,43,
386.000000,278.000000,0.141542,43395620.000000,1.598550,0,1
28,29,28,40,36,33,49,52,
390.000000,279.000000,0.142376,49009904.000000,1.566012,0,1
30,32,32,45,44,42,50,51,
400.000000,279.000000,0.141648,51043596.000000,1.475717,0,1
33,34,33,34,34,34,52,59,
539.000000,279.000000,0.151715,60431544.000000,0.712637,0,1
44,45,51,47,54,62,56,65,
358.000000,280.000000,0.134675,31636920.000000,0.787565,0,1
46,36,36,34,35,35,35,34,
369.000000,280.000000,0.137152,34356508.000000,1.775739,0,1
49,44,45,33,34,36,32,33,
376.000000,280.000000,0.139016,43554824.000000,1.703806,0,1
46,48,50,39,41,44,32,31,
398.000000,280.000000,0.142073,90527392.000000,1.488805,0,1
34,36,34,56,54,49,60,52,
550.000000,280.000000,0.142188,68880440.000000,0.676780,0,1
55,54,45,55,44,38,45,39,
258.000000,282.000000,0.120427,1606788.500000,1.310525,0,1
28,29,28,27,27,25,24,21,
389.000000,282.000000,0.141627,45970556.000000,1.585546,0,1
50,49,51,37,38,39,33,32,
417.000000,282.000000,0.145061,31079934.000000,1.350595,0,1
31,32,27,47,41,37,49,47,
420.000000,282.000000,0.147497,25830450.000000,1.319702,0,1
33,29,33,38,38,38,46,47,
403.000000,283.000000,0.144940,61169192.000000,1.470661,0,1
55,59,59,39,45,48,33,34,
502.000000,283.000000,0.146722,61606312.000000,0.821575,0,1
58,64,56,60,58,50,48,43,
519.000000,285.000000,0.150271,34320924.000000,0.790440,0,1
43,44,42,41,36,36,32,30,
336.000000,286.000000,0.139502,6653141.500000,0.942827,0,1
36,33,33,30,29,28,26,26,
432.000000,286.000000,0.147911,27573652.000000,1.241478,0,1
48,47,49,40,42,44,34,33,
454.000000,286.000000,0.152705,14163139.000000,1.104203,0,1
30,33,33,41,40,43,46,47,
469.000000,287.000000,0.157095,11494569.000000,1.030871,0,1
39,42,39,49,44,41,52,53,
445.000000,288.000000,0.148806,49320268.000000,1.165306,0,1
47,45,44,35,35,35,28,27,
479.000000,289.000000,0.157718,36766388.000000,0.988828,0,1
34,35,32,40,41,44,47,53,
529.000000,289.000000,0.159183,115160648.000000,0.806054,0,1
50,50,60,53,60,70,66,79,
542.000000,297.000000,0.166206,49243716.000000,0.844489,0,1
37,37,35,58,50,41,69,71,
484.000000,293.000000,0.154825,36623920.000000,0.976376,0,1
59,55,57,42,47,52,38,36,
495.000000,291.000000,0.159067,35832452.000000,0.928932,0,1
42,46,43,57,52,46,58,57,
472.000000,291.000000,0.153916,24030572.000000,1.024632,0,1
53,51,51,41,43,44,32,28,
249.000000,273.000000,0.121020,5175004.000000,1.356105,0,1
30,29,30,28,32,33,36,33,
370.000000,269.000000,0.130750,42042256.000000,1.673183,0,1
38,40,42,43,50,55,55,60,
310.000000,269.000000,0.132959,20093222.000000,0.998083,0,1
35,31,35,34,36,36,47,52,
309.000000,269.000000,0.133051,20979248.000000,1.004344,0,1
33,31,33,33,35,36,46,55,
279.000000,269.000000,0.123854,38361032.000000,1.133281,0,1
48,48,49,37,41,46,31,29,
388.000000,265.000000,0.124000,41869096.000000,1.418501,0,1
56,56,52,52,47,41,41,37,
394.000000,263.000000,0.122334,64592164.000000,1.341377,0,1
63,58,52,51,44,42,39,38,
529.000000,246.000000,0.113142,101801680.000000,0.474417,0,1
92,84,88,68,70,70,60,60,
540.000000,245.000000,0.112123,61991504.000000,0.451698,0,1
88,93,84,88,77,64,68,65,
200.000000,240.000000,0.091816,8521937.000000,0.536829,0,1
45,53,51,45,42,41,35,34,
180.000000,239.000000,0.090918,8961262.000000,0.589199,0,1
49,54,54,49,45,41,35,34,
677.000000,232.000000,0.102941,55954280.000000,0.513102,0,1
16,26,23,49,42,39,66,62,
639.000000,230.000000,0.096008,145834208.000000,0.424800,0,1
45,67,66,91,90,85,105,94,
600.000000,229.000000,0.093990,255893760.000000,0.468492,0,1
46,63,62,94,91,85,114,120,
249.000000,229.000000,0.082667,10728610.000000,0.370990,0,1
66,71,79,74,73,71,57,55,
580.000000,40.000000,0.201145,2597284.250000,0.617531,0,1
20,18,19,14,17,19,14,13,
587.000000,222.000000,0.086417,36280244.000000,0.307529,0,1
16,20,19,64,51,27,74,39,
390.000000,220.000000,0.076784,56910740.000000,0.319796,0,1
106,134,127,127,114,101,95,89,
490.000000,219.000000,0.082163,192869520.000000,0.390006,0,1
22,21,20,29,28,26,57,88,
469.000000,217.000000,0.078503,147700736.000000,0.200585,0,1
109,86,117,46,95,96,38,56,
472.000000,215.000000,0.075795,54737160.000000,0.195501,0,1
45,69,34,112,67,34,107,99,
451.000000,215.000000,0.076010,72794176.000000,0.524880,0,1
31,31,36,72,76,45,110,49,
232.000000,211.000000,0.061636,72628952.000000,0.311000,0,1
28,46,42,68,64,61,87,97,
282.000000,210.000000,0.064428,19371812.000000,0.097097,0,1
107,96,90,33,37,37,49,66,
268.000000,210.000000,0.063157,64756348.000000,0.252858,0,1
15,18,14,47,39,31,67,76,
190.000000,210.000000,0.057425,23433450.000000,0.371831,0,1
62,77,77,92,93,90,97,92,
532.000000,206.000000,0.081949,216498592.000000,0.290951,0,1
78,81,43,184,128,93,179,81,
169.000000,206.000000,0.053905,31419774.000000,0.107726,0,1
28,27,22,64,66,65,72,75,
429.000000,205.000000,0.077579,240559856.000000,0.201148,0,1
153,155,169,82,88,93,57,53,
172.000000,205.000000,0.052874,21578194.000000,0.104108,0,1
15,17,15,22,22,23,65,65,
625.000000,109.000000,0.091380,266062560.000000,0.327535,0,1
157,234,218,248,160,97,119,40,
399.000000,204.000000,0.074311,364740640.000000,0.815725,0,1
124,132,153,60,69,76,47,45,
486.000000,203.000000,0.079705,718995008.000000,0.351233,0,1
64,47,108,41,94,146,98,183,
670.000000,110.000000,0.090445,70545304.000000,0.329224,0,1
255,221,199,138,97,65,42,31,
507.000000,200.000000,0.080275,555644672.000000,0.271140,0,1
127,82,151,45,100,141,47,40,
284.000000,200.000000,0.064972,60681984.000000,0.097917,0,1
37,131,78,109,97,37,34,22,
603.000000,115.000000,0.089186,549632384.000000,0.248543,0,1
230,113,252,43,194,255,57,54,
250.000000,199.000000,0.061387,81102160.000000,0.271550,0,1
142,152,149,103,115,111,34,23,
170.000000,197.000000,0.054064,65324080.000000,0.106455,0,1
133,125,129,57,68,72,23,20,
481.000000,195.000000,0.079848,202458592.000000,0.123998,0,1
145,126,99,72,83,48,44,36,
312.000000,195.000000,0.060732,70850256.000000,0.168458,0,1
23,37,59,88,109,136,147,173,
569.000000,121.000000,0.084338,469325472.000000,0.208569,0,1
123,67,166,31,60,87,32,32,
394.000000,122.000000,0.072382,72762496.000000,0.109898,0,1
23,37,26,170,136,32,250,128,
161.000000,192.000000,0.053024,210309168.000000,0.108664,0,1
29,73,39,127,93,29,111,37,
189.000000,191.000000,0.053948,134668496.000000,0.095746,0,1
25,56,44,113,110,53,151,123,
528.000000,190.000000,0.085018,337249184.000000,0.164779,0,1
79,57,149,34,108,182,51,48,
125.000000,189.000000,0.052391,269674496.000000,0.126101,0,1
29,47,26,99,69,24,114,105,
328.000000,129.000000,0.068417,22042066.000000,0.103755,0,1
21,30,24,73,96,37,240,255,
68.000000,186.000000,0.048488,145167168.000000,0.127092,0,1
80,76,96,60,82,84,56,48,
419.000000,185.000000,0.075213,136410640.000000,0.650755,0,1
51,65,60,130,136,142,178,166,
389.000000,185.000000,0.073090,117581328.000000,0.267027,0,1
36,46,50,92,123,138,134,149,
150.000000,183.000000,0.050371,159134976.000000,0.108627,0,1
44,52,36,83,74,46,128,118,
481.000000,182.000000,0.079334,179601760.000000,0.205921,0,1
21,42,36,91,128,46,153,69,
640.000000,179.000000,0.090742,376518368.000000,0.354576,0,1
169,142,127,56,73,55,23,19,
534.000000,178.000000,0.084400,296317184.000000,0.296865,0,1
20,35,44,75,152,110,186,247,
275.000000,137.000000,0.060542,1056047.750000,0.596375,0,1
14,17,18,31,32,32,38,25,
82.000000,177.000000,0.046762,185164576.000000,0.133732,0,1
98,83,105,58,81,82,53,40,
287.000000,139.000000,0.050937,8412983.000000,0.475848,0,1
42,42,45,24,26,28,15,15,
454.000000,142.000000,0.071667,117578944.000000,0.389958,0,1
222,195,219,113,128,186,32,24,
354.000000,169.000000,0.072128,461638272.000000,0.361573,0,1
21,23,21,52,51,25,165,136,
308.000000,169.000000,0.066895,56640616.000000,0.508729,0,1
15,16,16,39,44,38,116,178,
589.000000,168.000000,0.089420,622206016.000000,0.408367,0,1
14,15,22,16,37,96,23,45,
70.000000,165.000000,0.044227,294474432.000000,0.113336,0,1
100,85,58,134,98,45,130,67,
209.000000,164.000000,0.059058,39609604.000000,0.070890,0,1
137,153,94,105,97,45,47,21,
477.000000,160.000000,0.083290,58067336.000000,0.125523,0,1
253,240,181,138,118,75,43,27,
486.000000,153.000000,0.078362,254320768.000000,0.206114,0,1
215,246,196,193,171,94,80,41,
499.000000,156.000000,0.081817,637155008.000000,0.234402,0,1
38,39,105,39,148,235,132,206,
79.000000,155.000000,0.044680,348144224.000000,0.110603,0,1
83,80,155,61,112,193,61,52,
114.000000,154.000000,0.042861,155488496.000000,0.068138,0,1
225,181,255,92,188,213,76,47,
347.000000,154.000000,0.062230,6410151.500000,0.031894,0,1
25,63,47,133,157,62,238,143,
540.000000,289.000000,0.150974,55352012.000000,0.759781,0,1
64,65,52,68,54,43,56,48,
216.000000,261.000000,0.112767,16509725.000000,0.606586,0,1
38,43,46,36,41,43,30,28,
404.000000,258.000000,0.118406,60489580.000000,1.206640,0,1
67,68,66,64,57,49,49,44,
428.000000,248.000000,0.108960,59008424.000000,0.926622,0,1
77,80,78,74,65,56,54,48,
108.000000,247.000000,0.095006,8547405.000000,0.249654,0,1
32,36,37,30,31,31,25,22,
441.000000,158.000000,0.075660,130861872.000000,0.486270,0,1
152,184,218,65,128,193,44,61,
440.000000,243.000000,0.104592,70822176.000000,0.805828,0,1
84,80,75,76,67,61,57,50,
592.000000,240.000000,0.106199,140185120.000000,0.528413,0,1
102,93,87,86,82,77,77,69,
550.000000,149.000000,0.085818,1145216896.000000,0.325344,0,1
22,79,22,162,57,18,110,60,
577.000000,160.000000,0.081063,27982676.000000,0.346278,0,1
144,45,47,24,24,23,21,21,
419.000000,225.000000,0.087691,26492254.000000,0.804340,0,1
108,102,106,94,96,98,87,82,
377.000000,224.000000,0.083477,68472160.000000,0.387183,0,1
106,111,107,98,91,83,79,77,
269.000000,224.000000,0.078281,19442448.000000,0.805949,0,1
63,49,60,64,71,82,72,63,
112.000000,162.000000,0.047732,142413648.000000,0.120551,0,1
84,108,80,85,77,61,72,69,
188.000000,163.000000,0.051571,100419128.000000,0.077720,0,1
88,78,160,34,83,124,38,33,
160.000000,145.000000,0.054087,198457072.000000,0.109167,0,1
106,62,117,29,70,83,31,22,
375.000000,213.000000,0.069897,153431568.000000,0.327367,0,1
27,43,27,72,45,26,47,47,
362.000000,213.000000,0.069266,156889184.000000,0.363734,0,1
58,39,93,24,59,81,31,52,
512.000000,170.000000,0.081453,429553856.000000,0.144954,0,1
47,45,147,25,105,196,53,85,
639.000000,212.000000,0.091878,173871664.000000,0.377662,0,1
218,195,206,82,91,99,39,30,
149.000000,212.000000,0.064219,13122169.000000,0.140506,0,1
93,87,90,77,79,79,70,67,
483.000000,171.000000,0.079287,563729536.000000,0.290139,0,1
30,37,106,52,148,195,141,174,
80.000000,94.000000,0.407761,469359.812500,5.121754,0,1
15,14,14,14,14,14,11,8,
203.000000,207.000000,0.057578,42599036.000000,0.340518,0,1
17,19,19,49,47,45,65,67,
459.000000,205.000000,0.080933,246735680.000000,0.481022,0,1
148,162,170,108,129,132,70,49,
417.000000,176.000000,0.072775,220945584.000000,0.638340,0,1
23,28,27,54,77,38,144,160,
528.000000,176.000000,0.083279,344101248.000000,0.162648,0,1
98,207,58,244,132,28,142,41,
152.000000,202.000000,0.053178,47849888.000000,0.114685,0,1
22,39,27,59,51,20,61,33,
400.000000,201.000000,0.070870,232929664.000000,0.106805,0,1
77,51,124,45,104,149,124,153,
146.000000,139.000000,0.059439,12351706.000000,0.110732,0,1
12,20,20,26,26,24,46,115,
511.000000,200.000000,0.080739,761267200.000000,0.261028,0,1
131,151,77,141,92,44,74,41,
469.000000,200.000000,0.076078,397920832.000000,0.402575,0,1
41,96,38,146,82,29,101,47,
411.000000,200.000000,0.071958,329351744.000000,0.707244,0,1
86,118,61,101,64,39,49,53,
381.000000,200.000000,0.070948,96060048.000000,0.296617,0,1
142,137,119,128,89,56,109,115,
632.000000,138.000000,0.093458,42014328.000000,0.290007,0,1
253,226,223,132,144,139,54,28,
441.000000,178.000000,0.074877,266885440.000000,0.503093,0,1
23,46,28,119,77,26,149,111,
377.000000,195.000000,0.069152,404352320.000000,0.296567,0,1
39,103,42,154,102,36,148,125,
358.000000,134.000000,0.066829,138928784.000000,0.321644,0,1
217,165,183,56,97,159,27,23,
393.000000,191.000000,0.070534,226331680.000000,0.250443,0,1
178,146,154,90,105,140,51,58,
362.000000,181.000000,0.069406,532617280.000000,0.331250,0,1
147,186,81,165,133,35,132,49,
155.000000,190.000000,0.052339,141057504.000000,0.110248,0,1
19,23,37,34,59,68,58,92,
104.000000,182.000000,0.047580,137491040.000000,0.124948,0,1
37,44,34,79,73,40,97,62,
440.000000,131.000000,0.072397,140610096.000000,0.136775,0,1
238,165,239,55,152,232,47,38,
71.000000,185.000000,0.040442,241993376.000000,0.103821,0,1
75,90,60,96,71,42,84,61,
93.000000,184.000000,0.045517,167538848.000000,0.125143,0,1
50,75,46,87,69,40,84,64,
