# timestamp
1608635223527023872

# fx, fy, cx, cy, width, height, npoints
501.484894,501.475464,421.788116,167.664810,800,400,694

# camToWorld: translation vector, rotation quaternion
-20.286025,83.648854,7.097445,0.671370,0.259464,-0.278433,-0.635937

# Exposure time (ms)
0.257906

# GPS Data
# GPSData: Covariance matrix
0.000015,0.000000,0.000000,0.000000,0.000039,0.000000,0.000000,0.000000,0.000061

# GPSData: GPS point
84.406370,-7.833042,6.327078

# Point Cloud Data : 
# u,v,idepth_scaled,idepth_hessian,maxRelBaseline,numGoodRes,status 
# color information 
741.000000,114.000000,0.002982,201932336.000000,0.045723,0,1
67,58,63,55,57,56,38,33,
695.000000,79.000000,0.004855,317974496.000000,0.148221,0,1
88,86,86,84,78,82,79,67,
700.000000,79.000000,0.004837,1924788608.000000,0.141115,0,1
88,86,84,78,73,80,51,41,
694.000000,82.000000,0.005629,1854316800.000000,0.166750,0,1
79,81,67,79,69,56,69,59,
704.000000,82.000000,0.005221,687873408.000000,0.142260,0,1
83,77,83,66,81,83,77,81,
693.000000,94.000000,0.008177,145135888.000000,0.063396,0,1
48,57,42,67,48,42,58,51,
728.000000,105.000000,0.001780,1415553024.000000,0.036182,0,1
92,85,89,58,80,91,55,69,
721.000000,106.000000,0.001942,6054788608.000000,0.042848,0,1
86,84,53,86,54,36,67,38,
692.000000,112.000000,0.005758,384078304.000000,0.038226,0,1
53,72,43,74,53,35,71,60,
713.000000,113.000000,0.002225,142836992.000000,0.049635,0,1
44,44,35,46,40,26,53,46,
704.000000,116.000000,0.002390,508174880.000000,0.062119,0,1
46,49,44,46,42,41,40,32,
728.000000,120.000000,0.005246,52495048.000000,0.089617,0,1
56,49,51,31,41,43,23,20,
688.000000,122.000000,0.004926,71174920.000000,0.193224,0,1
31,35,31,36,29,28,27,21,
703.000000,122.000000,0.005323,35137024.000000,0.126024,0,1
34,41,46,30,37,37,33,21,
736.000000,122.000000,0.004610,46312680.000000,0.071532,0,1
51,43,43,25,35,41,18,18,
724.000000,163.000000,0.050883,25823208.000000,0.422938,0,1
54,52,53,37,41,49,30,30,
696.000000,167.000000,0.052676,29698734.000000,0.392183,0,1
86,84,84,70,70,71,55,50,
693.000000,168.000000,0.052259,105381544.000000,0.602929,0,1
84,69,70,54,54,55,50,50,
535.000000,185.000000,0.047276,83048320.000000,1.413265,0,1
42,45,44,40,36,35,23,20,
711.000000,191.000000,0.049217,76275616.000000,0.398046,0,1
38,28,43,22,37,47,29,36,
710.000000,207.000000,0.051698,13953886.000000,0.153959,0,1
18,18,22,12,18,33,9,17,
712.000000,207.000000,0.059211,28499300.000000,0.303325,0,1
18,22,25,18,33,37,27,37,
671.000000,223.000000,0.066172,16289880.000000,0.173847,0,1
22,19,19,14,17,31,25,30,
676.000000,223.000000,0.063016,5555692.500000,0.170930,0,1
20,24,18,35,27,21,30,24,
697.000000,225.000000,0.066482,9709782.000000,0.189171,0,1
10,14,17,26,38,37,44,37,
695.000000,226.000000,0.067155,11046052.000000,0.189436,0,1
15,25,28,27,37,48,44,35,
712.000000,231.000000,0.050395,17447764.000000,0.152318,0,1
33,25,36,19,34,41,26,34,
711.000000,232.000000,0.050372,17558096.000000,0.151411,0,1
25,19,34,16,26,41,20,26,
712.000000,233.000000,0.049991,12987178.000000,0.150148,0,1
34,26,41,20,34,42,26,23,
685.000000,246.000000,0.117495,22839846.000000,0.316918,0,1
59,66,71,58,71,82,75,88,
693.000000,247.000000,0.120494,25696664.000000,0.329689,0,1
65,81,76,89,77,60,76,60,
678.000000,250.000000,0.122986,34211188.000000,0.324885,0,1
54,54,58,57,63,76,70,92,
685.000000,253.000000,0.126736,49678788.000000,0.339769,0,1
91,98,84,99,80,65,76,63,
671.000000,255.000000,0.127976,41667376.000000,0.332783,0,1
61,61,71,63,76,92,81,97,
679.000000,257.000000,0.131513,50272240.000000,0.347160,0,1
100,102,89,101,86,69,82,65,
660.000000,263.000000,0.136656,46897632.000000,0.345111,0,1
63,66,77,67,82,96,86,101,
671.000000,263.000000,0.137445,46186656.000000,0.356361,0,1
103,98,88,96,81,66,77,65,
672.000000,264.000000,0.137060,49774088.000000,0.814230,0,1
88,81,66,77,66,61,65,62,
655.000000,267.000000,0.140625,67036420.000000,0.351452,0,1
64,66,84,70,89,105,95,109,
664.000000,268.000000,0.142723,58518392.000000,0.365186,0,1
102,104,95,106,91,69,89,67,
662.000000,270.000000,0.144247,71341456.000000,0.367735,0,1
106,109,89,108,84,67,80,64,
647.000000,271.000000,0.146283,54269552.000000,0.940846,0,1
62,62,64,62,64,82,67,91,
658.000000,273.000000,0.147277,60468080.000000,0.371896,0,1
105,102,86,102,82,67,79,65,
642.000000,276.000000,0.150252,57273164.000000,0.364759,0,1
63,65,80,66,84,102,87,104,
654.000000,277.000000,0.150920,60650652.000000,0.378642,0,1
103,98,75,93,72,64,67,61,
639.000000,278.000000,0.152613,56635048.000000,0.367803,0,1
65,65,77,67,82,99,85,104,
649.000000,280.000000,0.154524,73438336.000000,0.383137,0,1
104,103,87,104,83,65,79,64,
632.000000,283.000000,0.157875,62034508.000000,0.374903,0,1
63,64,75,62,79,98,83,103,
631.000000,284.000000,0.158737,64554536.000000,0.376461,0,1
64,62,79,62,83,101,88,104,
644.000000,284.000000,0.158303,66198760.000000,0.388574,0,1
104,105,84,103,79,65,76,64,
639.000000,288.000000,0.162436,57156280.000000,0.395037,0,1
104,103,84,101,80,65,79,65,
640.000000,288.000000,0.162036,61175696.000000,0.395126,0,1
99,97,71,92,70,63,69,62,
648.000000,236.000000,0.105234,188950576.000000,1.055393,0,1
24,26,23,39,37,36,50,50,
675.000000,168.000000,0.050595,154398560.000000,0.701211,0,1
84,65,66,53,52,52,50,50,
692.000000,99.000000,0.007980,175448848.000000,0.058828,0,1
59,71,50,78,62,44,75,64,
692.000000,107.000000,0.006903,539490688.000000,0.046622,0,1
60,69,49,78,54,43,67,51,
468.000000,40.000000,0.001340,160263968.000000,0.223355,0,1
122,115,120,116,119,120,112,114,
312.000000,44.000000,0.007209,263340.875000,0.019029,0,1
85,84,85,84,85,85,83,83,
368.000000,48.000000,0.001353,457749.906250,0.020091,0,1
91,89,91,89,89,89,88,87,
206.000000,62.000000,0.014728,1834456.250000,0.046278,0,1
64,62,63,60,59,63,54,52,
158.000000,70.000000,0.012550,1796129.625000,0.050152,0,1
62,61,61,61,60,60,59,54,
204.000000,71.000000,0.012910,3878759.500000,0.040410,0,1
50,51,42,46,47,39,45,40,
174.000000,72.000000,0.014047,3003062.000000,0.050073,0,1
56,52,54,52,51,49,47,46,
187.000000,73.000000,0.016112,2047911.750000,0.038838,0,1
52,48,52,43,45,51,41,43,
195.000000,73.000000,0.007043,2442073.000000,0.037040,0,1
50,55,47,53,52,47,52,50,
210.000000,73.000000,0.016336,1830982.750000,0.041253,0,1
46,44,49,43,42,47,37,41,
431.000000,75.000000,0.012941,3092004608.000000,1.935514,0,1
75,72,73,57,61,57,48,41,
432.000000,75.000000,0.013361,10398451712.000000,1.958289,0,1
75,74,67,59,62,45,45,38,
473.000000,75.000000,0.015458,3151343616.000000,1.667766,0,1
78,76,73,66,60,53,42,46,
483.000000,75.000000,0.014680,1330664448.000000,1.526004,0,1
79,76,78,60,70,72,43,47,
470.000000,76.000000,0.015433,2660861184.000000,1.191627,0,1
75,70,66,52,48,42,39,54,
385.000000,77.000000,0.011370,5911692.500000,0.021308,0,1
69,68,68,67,59,69,55,51,
496.000000,77.000000,0.013079,669172992.000000,1.316666,0,1
81,76,78,60,66,69,39,45,
383.000000,78.000000,0.003781,3226529.000000,0.013256,0,1
69,68,61,64,65,52,62,60,
447.000000,79.000000,0.017267,13163874.000000,0.050624,0,1
50,60,65,44,46,46,31,53,
448.000000,79.000000,0.017640,7520908.500000,0.029984,0,1
46,64,62,38,48,41,32,56,
457.000000,79.000000,0.015209,1787235584.000000,1.270908,0,1
36,28,31,35,39,45,56,63,
566.000000,79.000000,0.011121,246470608.000000,0.215688,0,1
83,81,80,78,78,78,63,38,
568.000000,79.000000,0.010697,192008368.000000,0.204860,0,1
82,80,81,78,78,79,63,49,
161.000000,80.000000,0.012851,1840718.500000,0.041779,0,1
48,52,47,56,52,51,56,54,
456.000000,80.000000,0.015268,2353415936.000000,1.823933,0,1
28,35,39,51,56,60,62,63,
495.000000,80.000000,0.013403,145599840.000000,0.929937,0,1
39,53,45,64,63,59,65,65,
499.000000,80.000000,0.015662,218605616.000000,1.436758,0,1
54,41,39,59,55,50,63,65,
511.000000,80.000000,0.012986,327845920.000000,1.192643,0,1
75,63,69,43,46,51,45,56,
519.000000,80.000000,0.011467,187466688.000000,1.049696,0,1
79,76,77,65,70,74,44,40,
172.000000,81.000000,0.009280,2543477.500000,0.037674,0,1
44,46,40,51,44,41,53,51,
448.000000,81.000000,0.015059,1889669376.000000,1.900753,0,1
48,32,38,50,56,59,62,64,
521.000000,81.000000,0.011741,212754144.000000,1.051341,0,1
77,72,75,47,56,65,39,51,
201.000000,82.000000,0.012149,3748173.000000,0.040326,0,1
50,44,47,42,45,40,38,40,
214.000000,82.000000,0.019982,3661285.750000,0.041929,0,1
44,41,43,45,48,49,52,50,
436.000000,82.000000,0.014585,2570923776.000000,0.989396,0,1
20,26,25,32,39,46,60,63,
192.000000,83.000000,0.015557,3251937.500000,0.040085,0,1
44,44,47,38,47,47,39,42,
543.000000,83.000000,0.011327,4168430336.000000,0.891168,0,1
77,74,71,59,52,45,35,33,
545.000000,83.000000,0.011403,4466442240.000000,0.883539,0,1
76,71,69,52,45,38,32,31,
573.000000,83.000000,0.011572,395190848.000000,0.741615,0,1
65,39,52,41,49,53,33,37,
581.000000,83.000000,0.010451,510320384.000000,0.655735,0,1
77,69,71,42,47,60,34,37,
410.000000,84.000000,0.014101,3582537472.000000,2.288208,0,1
67,65,65,61,57,50,38,53,
589.000000,84.000000,0.009890,331232768.000000,0.596177,0,1
78,71,73,54,56,62,37,40,
179.000000,85.000000,0.013421,3047848.000000,0.042809,0,1
37,46,36,46,44,35,45,49,
597.000000,85.000000,0.009315,293933664.000000,0.539120,0,1
77,74,75,58,65,69,42,37,
186.000000,86.000000,0.009525,5869087.500000,0.040563,0,1
34,39,30,42,38,29,42,39,
382.000000,86.000000,0.008411,5483686.500000,0.014469,0,1
55,60,51,57,41,33,36,31,
600.000000,86.000000,0.010146,352749536.000000,0.559653,0,1
75,69,74,42,52,65,36,36,
608.000000,87.000000,0.009759,444464096.000000,0.512996,0,1
74,70,71,54,59,65,34,39,
624.000000,87.000000,0.008218,1069886848.000000,0.401410,0,1
76,74,74,68,68,69,39,37,
164.000000,88.000000,0.011142,2486382.750000,0.041178,0,1
43,45,38,50,47,40,50,45,
179.000000,88.000000,0.017421,1343330.750000,0.056787,0,1
48,44,46,42,45,40,38,36,
191.000000,88.000000,0.015691,7769489.500000,0.041052,0,1
39,33,46,30,41,45,34,35,
396.000000,88.000000,0.013999,1422045312.000000,2.473699,0,1
57,37,35,43,51,55,60,61,
400.000000,88.000000,0.010832,1938908.375000,0.026208,0,1
44,40,46,55,59,60,60,62,
557.000000,88.000000,0.013212,487253216.000000,0.898812,0,1
32,35,32,57,51,45,63,62,
607.000000,88.000000,0.010112,521201056.000000,0.529040,0,1
70,54,59,33,34,48,39,28,
612.000000,88.000000,0.009267,1454276480.000000,0.479148,0,1
73,66,69,51,53,57,37,34,
391.000000,89.000000,0.010905,3010227.500000,0.021767,0,1
46,31,36,46,53,55,58,56,
464.000000,89.000000,0.016351,14735210.000000,0.052089,0,1
63,61,62,53,49,59,33,33,
628.000000,89.000000,0.008780,1106799488.000000,0.407897,0,1
71,59,60,46,40,43,29,26,
632.000000,89.000000,0.008390,480404448.000000,0.382088,0,1
74,65,67,43,53,56,32,27,
368.000000,90.000000,0.019961,2111003008.000000,3.453368,0,1
63,62,62,59,58,54,39,48,
581.000000,90.000000,0.011002,233975696.000000,0.682560,0,1
32,34,28,44,33,31,35,32,
158.000000,92.000000,0.006881,1254981.000000,0.044482,0,1
47,48,46,54,52,48,55,53,
343.000000,92.000000,0.010053,11220231.000000,0.015150,0,1
61,53,61,29,38,44,31,40,
444.000000,92.000000,0.014976,19415986176.000000,1.924288,0,1
62,59,55,58,39,33,34,23,
448.000000,92.000000,0.014913,7202426368.000000,1.877784,0,1
60,50,59,33,38,58,24,33,
501.000000,92.000000,0.014510,1571959680.000000,0.932996,0,1
35,18,46,18,24,42,17,22,
516.000000,92.000000,0.013860,753177280.000000,0.571731,0,1
63,56,60,34,42,52,24,35,
524.000000,92.000000,0.014327,33622000.000000,0.063762,0,1
63,61,60,55,44,49,30,20,
333.000000,93.000000,0.011516,6992580.000000,0.020238,0,1
41,26,27,33,38,41,55,55,
363.000000,93.000000,0.013339,869161664.000000,1.997159,0,1
53,35,35,48,55,59,60,62,
439.000000,93.000000,0.015922,28060042.000000,0.042424,0,1
61,53,56,36,33,58,26,33,
533.000000,93.000000,0.013398,211801920.000000,1.063576,0,1
62,57,58,39,43,46,23,19,
640.000000,93.000000,0.007884,2744060928.000000,0.338737,0,1
69,56,68,34,50,53,32,33,
262.000000,94.000000,0.048200,11964124.000000,0.084645,0,1
57,53,56,33,44,57,30,51,
354.000000,94.000000,0.012484,4775634.500000,0.020283,0,1
51,29,33,38,45,52,60,61,
539.000000,94.000000,0.013127,1925420800.000000,0.993811,0,1
62,52,60,30,37,55,17,21,
202.000000,95.000000,0.012340,3357121.250000,0.038625,0,1
35,36,36,44,36,33,40,42,
313.000000,95.000000,0.007760,6822801.500000,0.013607,0,1
56,56,40,58,45,27,57,56,
321.000000,95.000000,0.010924,6031170.500000,0.019322,0,1
38,27,27,36,42,49,55,50,
413.000000,95.000000,0.017707,10478508.000000,0.038547,0,1
61,56,58,57,54,47,42,25,
420.000000,95.000000,0.013144,1043063424.000000,1.004656,0,1
60,56,56,55,41,34,41,27,
167.000000,96.000000,0.010645,2328299.000000,0.044661,0,1
38,41,35,46,43,35,49,47,
177.000000,96.000000,0.012501,1922406.750000,0.040133,0,1
40,41,34,45,44,36,42,38,
217.000000,96.000000,0.016265,1682838.750000,0.039069,0,1
48,43,43,37,41,40,36,32,
253.000000,96.000000,0.048813,19018326.000000,0.089775,0,1
51,53,30,51,34,26,34,20,
313.000000,96.000000,0.008158,8082599.000000,0.013437,0,1
49,57,31,59,52,43,57,48,
343.000000,96.000000,0.012541,4985791.000000,0.022459,0,1
40,38,36,47,53,58,60,61,
344.000000,96.000000,0.012832,5802610.500000,0.022133,0,1
36,35,37,50,56,59,61,61,
490.000000,96.000000,0.015403,1485817600.000000,0.714497,0,1
41,26,52,27,40,45,25,39,
551.000000,96.000000,0.012650,673262336.000000,0.629420,0,1
62,55,58,39,36,47,25,34,
557.000000,96.000000,0.012418,3904384512.000000,0.851497,0,1
62,60,56,46,40,41,43,27,
561.000000,96.000000,0.011933,1935951872.000000,0.824998,0,1
61,57,58,41,44,50,24,17,
405.000000,97.000000,0.014029,27011495936.000000,2.337120,0,1
60,56,52,56,38,32,43,28,
427.000000,97.000000,0.013640,80999424.000000,0.032737,0,1
36,57,23,57,41,24,58,43,
432.000000,97.000000,0.014643,23805239296.000000,2.036729,0,1
38,26,57,25,37,55,26,35,
326.000000,98.000000,0.013484,7911641.000000,0.021589,0,1
25,27,27,38,42,48,56,60,
328.000000,98.000000,0.011961,5551867.000000,0.021208,0,1
24,27,36,42,48,53,59,61,
240.000000,99.000000,0.048124,77677000.000000,9.415309,0,1
55,55,51,53,43,31,38,45,
640.000000,99.000000,0.008175,701218944.000000,0.121000,0,1
31,31,40,29,45,49,48,58,
238.000000,100.000000,0.044468,115665136.000000,9.413276,0,1
55,54,49,55,47,33,54,55,
256.000000,100.000000,0.047984,12944520.000000,0.088886,0,1
20,20,21,33,31,38,49,55,
388.000000,100.000000,0.016082,15214340096.000000,1.932686,0,1
44,38,42,27,35,28,29,32,
487.000000,100.000000,0.015379,27423741952.000000,1.503042,0,1
40,57,25,63,38,25,57,44,
570.000000,100.000000,0.011921,7338198528.000000,0.756862,0,1
28,33,27,51,38,30,51,43,
655.000000,100.000000,0.005944,640137024.000000,0.235338,0,1
74,71,72,59,67,68,52,61,
171.000000,101.000000,0.012202,7126907.000000,0.039444,0,1
36,39,35,48,39,42,48,43,
307.000000,101.000000,0.011393,3063506.750000,0.021000,0,1
49,36,38,47,51,53,60,61,
466.000000,101.000000,0.015426,35400769536.000000,1.707922,0,1
53,28,60,23,46,62,27,45,
365.000000,102.000000,0.012996,23839232.000000,0.019585,0,1
60,58,53,55,38,31,43,28,
194.000000,103.000000,0.018078,3647698.000000,0.040065,0,1
34,40,38,42,44,39,49,51,
205.000000,103.000000,0.016112,15155887.000000,0.037288,0,1
38,30,37,33,36,50,35,48,
281.000000,103.000000,0.011935,2526855.250000,0.019514,0,1
57,56,55,51,47,44,38,54,
295.000000,103.000000,0.012113,3216959.000000,0.023343,0,1
47,33,38,51,56,58,60,60,
358.000000,103.000000,0.011538,18624348.000000,0.017390,0,1
60,60,51,49,46,28,56,44,
377.000000,103.000000,0.017108,17823727616.000000,3.044649,0,1
36,50,26,44,40,26,51,41,
523.000000,103.000000,0.013896,2897192192.000000,0.524669,0,1
36,50,23,35,35,17,51,39,
613.000000,103.000000,0.009837,652471872.000000,0.486018,0,1
40,45,34,43,40,32,33,33,
466.000000,104.000000,0.015411,31073359872.000000,1.704793,0,1
46,26,58,23,43,61,30,57,
569.000000,104.000000,0.011809,10568434688.000000,0.754652,0,1
52,56,42,60,44,34,52,45,
252.000000,105.000000,0.046562,14131720.000000,0.088175,0,1
48,33,55,29,44,55,32,39,
279.000000,105.000000,0.011858,2742060.250000,0.022151,0,1
51,41,38,43,47,54,59,60,
337.000000,105.000000,0.012784,8044935.000000,0.020094,0,1
60,59,60,52,45,56,27,22,
346.000000,105.000000,0.011030,15472866.000000,0.016794,0,1
59,59,42,42,45,21,55,47,
495.000000,105.000000,0.014867,1136056448.000000,1.427720,0,1
18,23,21,38,32,30,53,61,
175.000000,106.000000,0.013343,2909116.250000,0.043831,0,1
40,33,41,38,41,44,37,37,
333.000000,106.000000,0.010316,17482970.000000,0.015689,0,1
60,47,56,26,41,37,22,37,
364.000000,106.000000,0.015554,19035199488.000000,3.140256,0,1
42,51,28,36,45,23,53,49,
500.000000,106.000000,0.014803,2255779328.000000,1.354272,0,1
18,27,25,49,47,54,59,61,
510.000000,106.000000,0.014125,60265608.000000,0.057409,0,1
25,35,31,55,38,44,60,62,
645.000000,106.000000,0.009239,148042016.000000,0.122779,0,1
61,50,56,33,36,47,21,24,
320.000000,107.000000,0.011738,5375826.000000,0.022224,0,1
60,58,54,40,32,28,21,17,
453.000000,107.000000,0.014728,25194462.000000,0.041946,0,1
24,30,27,53,50,53,59,60,
654.000000,107.000000,0.008337,101728200.000000,0.305434,0,1
63,58,60,44,45,50,39,38,
140.000000,108.000000,0.003565,631850.500000,0.041727,0,1
44,46,44,51,49,46,52,52,
215.000000,108.000000,0.018971,4515526.500000,0.039033,0,1
33,42,37,39,43,48,41,48,
258.000000,108.000000,0.011730,2691510.000000,0.038357,0,1
50,39,40,44,47,50,57,60,
384.000000,108.000000,0.018590,10416203776.000000,2.142070,0,1
31,43,25,42,32,26,42,34,
547.000000,108.000000,0.011979,3169022976.000000,0.893865,0,1
32,29,47,43,33,41,53,61,
623.000000,108.000000,0.011569,707878912.000000,0.500686,0,1
40,34,42,34,37,44,28,24,
164.000000,109.000000,0.009122,4182085.500000,0.024704,0,1
49,47,43,35,38,35,30,26,
625.000000,109.000000,0.011059,321609952.000000,0.310894,0,1
46,42,45,32,33,36,24,24,
639.000000,109.000000,0.008658,2345141248.000000,0.356816,0,1
48,35,56,36,48,54,34,48,
659.000000,109.000000,0.007667,2895715328.000000,0.273056,0,1
58,41,61,39,54,68,41,54,
156.000000,110.000000,0.008839,12907091.000000,0.027742,0,1
45,40,31,42,32,26,37,29,
184.000000,110.000000,0.008612,4737697.500000,0.028247,0,1
39,44,36,40,38,30,40,36,
294.000000,110.000000,0.015288,4829328.000000,0.025198,0,1
59,58,58,52,45,39,22,19,
309.000000,110.000000,0.009571,14495168.000000,0.015951,0,1
57,50,29,45,30,28,48,33,
409.000000,110.000000,0.014047,36293420.000000,0.027882,0,1
31,25,51,28,31,54,38,50,
676.000000,110.000000,0.004581,314476160.000000,0.154618,0,1
79,79,79,78,75,76,76,70,
63.000000,111.000000,0.008630,23584112.000000,0.026892,0,1
45,46,41,44,35,31,31,24,
64.000000,111.000000,0.008831,18010402.000000,0.027434,0,1
44,43,39,39,32,31,28,24,
100.000000,111.000000,0.008927,3554914.250000,0.024310,0,1
52,49,50,47,44,47,39,33,
177.000000,111.000000,0.010957,4552767.500000,0.022358,0,1
41,32,41,26,33,38,25,26,
224.000000,111.000000,0.007051,2286834.250000,0.015240,0,1
52,47,52,41,49,53,37,38,
286.000000,111.000000,0.011773,9172266.000000,0.017997,0,1
61,59,57,54,46,39,25,17,
591.000000,111.000000,0.009391,203711072.000000,0.549501,0,1
29,33,32,42,41,41,55,58,
600.000000,111.000000,0.009015,243918224.000000,0.498819,0,1
29,30,33,35,32,33,49,57,
174.000000,112.000000,0.010253,1086555.750000,0.019185,0,1
34,28,26,27,24,25,24,21,
177.000000,112.000000,0.009383,5172794.000000,0.020542,0,1
37,28,42,24,29,36,23,24,
206.000000,112.000000,0.011166,850290.750000,0.016828,0,1
38,33,34,30,30,32,27,27,
213.000000,112.000000,0.016944,7034172.000000,0.038513,0,1
38,34,46,37,43,43,33,40,
223.000000,112.000000,0.005321,2468553.500000,0.013746,0,1
47,41,49,33,37,49,31,31,
288.000000,112.000000,0.011067,5453961.500000,0.019731,0,1
56,42,34,19,22,18,21,25,
589.000000,112.000000,0.011163,47713752.000000,0.627433,0,1
34,43,41,56,56,55,58,59,
77.000000,113.000000,0.004013,3133447.000000,0.011819,0,1
45,40,43,33,37,41,31,30,
277.000000,113.000000,0.009485,6272210.500000,0.015217,0,1
59,56,53,54,36,46,41,23,
57.000000,114.000000,0.005523,53815088.000000,0.017440,0,1
47,46,35,49,36,27,42,30,
128.000000,114.000000,0.008519,2100942.000000,0.023678,0,1
48,44,43,39,38,39,32,30,
153.000000,114.000000,0.011411,12748964.000000,0.035657,0,1
39,39,33,40,30,24,29,24,
268.000000,114.000000,0.010461,6438262.500000,0.015959,0,1
59,57,55,50,43,43,45,34,
381.000000,114.000000,0.010968,5048471.000000,0.021840,0,1
27,28,32,31,35,35,41,43,
185.000000,115.000000,0.008866,3111574.000000,0.028475,0,1
30,30,26,35,29,24,30,28,
122.000000,116.000000,0.008243,7871174.500000,0.024440,0,1
43,40,35,35,33,29,29,24,
253.000000,116.000000,0.049926,9899750.000000,0.075241,0,1
52,36,55,28,35,49,28,28,
360.000000,116.000000,0.011850,9648964.000000,0.018015,0,1
23,31,27,52,43,48,57,59,
567.000000,116.000000,0.022224,195368144.000000,1.091383,0,1
42,50,36,58,51,49,57,55,
663.000000,117.000000,0.007605,109883256.000000,0.077411,0,1
68,59,67,56,58,62,49,34,
143.000000,118.000000,0.006189,2915183.250000,0.020687,0,1
48,38,45,30,35,39,27,24,
144.000000,118.000000,0.007485,7107288.000000,0.021896,0,1
50,41,43,32,38,36,28,24,
234.000000,118.000000,0.008166,2569659.500000,0.012646,0,1
53,49,47,45,41,37,36,32,
506.000000,118.000000,0.014707,49293768.000000,0.057867,0,1
60,53,55,40,33,56,21,21,
40.000000,119.000000,0.007452,6179462.000000,0.024827,0,1
48,46,42,44,39,38,34,29,
54.000000,119.000000,0.005070,42871216.000000,0.016113,0,1
36,36,25,39,34,24,36,32,
314.000000,119.000000,0.010850,7165654.500000,0.016400,0,1
18,42,16,32,20,19,43,46,
327.000000,119.000000,0.019160,2015184.625000,0.033406,0,1
22,19,20,21,25,30,52,60,
436.000000,119.000000,0.031235,8318261.500000,0.078979,0,1
57,54,58,49,52,57,46,30,
447.000000,119.000000,0.019871,22232128.000000,0.053616,0,1
59,59,58,51,48,54,30,20,
547.000000,119.000000,0.012935,35746736.000000,0.430208,0,1
59,56,56,50,40,51,25,23,
552.000000,119.000000,0.011822,384571296.000000,0.839953,0,1
59,57,58,44,49,46,24,41,
685.000000,119.000000,0.004307,599909632.000000,0.129696,0,1
64,51,42,42,36,31,41,40,
55.000000,120.000000,0.005952,30160162.000000,0.018872,0,1
25,34,24,36,27,22,32,25,
307.000000,120.000000,0.011451,7907096.500000,0.017662,0,1
35,25,52,25,33,40,28,49,
512.000000,120.000000,0.013857,166746576.000000,0.056236,0,1
44,20,54,23,33,41,20,34,
531.000000,120.000000,0.013226,1473752576.000000,0.713933,0,1
34,16,39,14,15,28,13,15,
550.000000,120.000000,0.012382,115689088.000000,0.613737,0,1
57,51,42,40,26,40,44,26,
575.000000,120.000000,0.011468,1454250496.000000,0.711107,0,1
57,46,49,19,20,30,17,14,
577.000000,120.000000,0.011267,1784449920.000000,0.684647,0,1
57,49,53,20,30,39,15,22,
585.000000,120.000000,0.012667,159723024.000000,0.702928,0,1
58,56,56,46,46,50,38,30,
600.000000,120.000000,0.010705,1579516032.000000,0.559550,0,1
60,58,57,50,42,42,35,20,
314.000000,121.000000,0.010927,4057113.500000,0.018344,0,1
20,43,22,45,46,50,57,58,
504.000000,121.000000,0.014624,165255712.000000,0.056740,0,1
33,53,22,42,35,21,53,36,
613.000000,121.000000,0.008924,1010411008.000000,0.445121,0,1
59,57,57,43,44,46,35,32,
617.000000,121.000000,0.012063,666643584.000000,0.532443,0,1
60,58,58,46,48,50,39,32,
294.000000,122.000000,0.016253,1691487.875000,0.024494,0,1
19,21,18,24,24,26,40,58,
636.000000,122.000000,0.008905,156026080.000000,0.131011,0,1
59,46,55,23,30,42,18,22,
296.000000,123.000000,0.016142,2277840.500000,0.024327,0,1
21,24,31,42,46,54,58,59,
394.000000,123.000000,0.025970,5398210.000000,0.043547,0,1
41,43,49,38,36,39,22,22,
401.000000,123.000000,0.013828,2830299392.000000,2.365980,0,1
47,44,46,31,28,31,21,24,
679.000000,123.000000,0.004859,485764096.000000,0.159480,0,1
41,41,52,32,40,55,27,24,
428.000000,124.000000,0.013552,19300968448.000000,1.984634,0,1
26,38,21,41,27,20,39,29,
433.000000,125.000000,0.017600,3619172608.000000,1.562715,0,1
32,21,42,20,31,33,21,28,
258.000000,126.000000,0.009185,2774829.750000,0.016066,0,1
34,29,43,42,42,47,51,58,
368.000000,126.000000,0.015138,4761384448.000000,2.078439,0,1
45,48,44,30,29,36,19,22,
469.000000,126.000000,0.032187,36273864.000000,0.103177,0,1
50,35,59,35,50,59,34,48,
520.000000,126.000000,0.014080,9550610432.000000,1.152223,0,1
23,34,16,49,24,20,36,20,
661.000000,126.000000,0.008147,3508244992.000000,0.275357,0,1
39,52,26,46,38,20,51,39,
350.000000,127.000000,0.013373,5904843.000000,0.020154,0,1
59,58,58,51,48,56,22,22,
369.000000,128.000000,0.010725,14710162.000000,0.016163,0,1
33,22,41,20,28,41,22,27,
630.000000,129.000000,0.009560,3053395712.000000,0.406608,0,1
33,36,23,36,33,20,36,39,
441.000000,130.000000,0.016205,50108328.000000,0.040908,0,1
34,21,44,20,34,47,21,30,
577.000000,130.000000,0.011232,3227414528.000000,0.681353,0,1
18,13,31,15,18,27,17,33,
636.000000,130.000000,0.009264,84171808.000000,0.066265,0,1
21,15,31,18,22,35,29,51,
647.000000,131.000000,0.008930,1146524288.000000,0.334791,0,1
36,38,26,43,42,34,56,59,
291.000000,132.000000,0.009526,4898446.500000,0.014762,0,1
58,57,54,49,42,39,48,30,
592.000000,132.000000,0.009080,1256503424.000000,0.526809,0,1
33,34,43,49,46,47,58,60,
279.000000,133.000000,0.008798,3110903.500000,0.016806,0,1
59,56,57,48,40,49,27,22,
436.000000,133.000000,0.012043,8562988544.000000,1.205150,0,1
28,36,22,39,33,20,41,28,
501.000000,133.000000,0.014816,186430368.000000,0.630824,0,1
22,23,31,46,41,54,55,59,
516.000000,133.000000,0.015008,1193668480.000000,1.226920,0,1
21,27,28,54,45,50,57,59,
530.000000,133.000000,0.013430,12567759.000000,0.329348,0,1
14,21,21,39,39,45,55,57,
420.000000,134.000000,0.013451,19937325056.000000,2.072657,0,1
36,41,28,31,36,23,34,29,
334.000000,135.000000,0.007826,4793774.500000,0.009569,0,1
31,18,54,17,27,45,17,25,
404.000000,135.000000,0.016376,4878478848.000000,1.769166,0,1
37,22,46,20,37,35,23,37,
271.000000,136.000000,0.009967,6380880.500000,0.016281,0,1
31,19,41,18,26,37,18,24,
439.000000,136.000000,0.021109,214801504.000000,1.216630,0,1
21,22,24,32,39,41,41,44,
442.000000,138.000000,0.024116,1951288448.000000,2.423061,0,1
47,42,52,40,48,54,43,45,
375.000000,139.000000,0.015924,1566685312.000000,2.965259,0,1
21,22,28,33,34,44,47,47,
379.000000,139.000000,0.018108,287140800.000000,1.624063,0,1
26,38,24,44,39,27,47,45,
389.000000,139.000000,0.020911,3108594.250000,0.035818,0,1
23,25,26,26,35,32,39,36,
607.000000,140.000000,0.010320,1806200704.000000,0.515240,0,1
59,58,52,42,39,21,32,34,
323.000000,141.000000,0.008812,7402124.000000,0.016680,0,1
21,18,46,23,23,42,34,47,
305.000000,142.000000,0.009466,2069119.500000,0.015147,0,1
19,32,15,23,23,18,45,50,
276.000000,143.000000,0.011204,4997828.500000,0.016884,0,1
35,22,45,27,33,32,28,49,
542.000000,143.000000,0.013093,3881414144.000000,0.955168,0,1
59,58,50,43,35,20,46,28,
562.000000,143.000000,0.012141,839984064.000000,0.796727,0,1
57,51,42,35,26,38,39,26,
292.000000,144.000000,0.010202,1872638.750000,0.016269,0,1
23,38,26,53,47,50,57,58,
307.000000,144.000000,0.011819,1549877.750000,0.018090,0,1
18,34,30,50,45,38,53,52,
381.000000,144.000000,0.022332,5755983360.000000,3.331423,0,1
37,47,32,51,44,31,47,43,
391.000000,144.000000,0.024857,12835327.000000,0.038715,0,1
26,26,37,28,30,41,28,31,
409.000000,145.000000,0.021030,30162004.000000,0.039708,0,1
38,47,32,49,42,32,49,41,
518.000000,145.000000,0.013602,528677696.000000,0.525995,0,1
52,30,47,12,15,26,10,13,
244.000000,146.000000,0.007332,10268273.000000,0.017614,0,1
32,23,38,21,33,37,24,31,
450.000000,147.000000,0.019774,346815232.000000,1.089746,0,1
43,37,38,29,33,31,21,20,
318.000000,150.000000,0.019520,2448248.250000,0.029418,0,1
45,40,37,39,49,54,46,27,
399.000000,150.000000,0.012119,28027566.000000,0.020241,0,1
41,43,24,32,29,20,40,28,
434.000000,151.000000,0.024190,962008832.000000,2.543133,0,1
26,20,35,21,26,32,21,24,
471.000000,151.000000,0.030844,31665246.000000,0.098997,0,1
57,47,58,33,47,57,25,22,
303.000000,152.000000,0.008929,1752767.000000,0.016962,0,1
54,51,54,44,43,47,21,17,
307.000000,152.000000,0.009107,3317048.000000,0.015458,0,1
48,48,45,47,37,43,30,19,
327.000000,152.000000,0.010236,11060160.000000,0.015928,0,1
57,55,51,49,23,22,40,22,
434.000000,152.000000,0.024277,1046924608.000000,2.547770,0,1
26,20,39,20,24,30,20,23,
255.000000,153.000000,0.029744,1209598.000000,0.073011,0,1
32,28,39,28,32,34,24,23,
279.000000,153.000000,0.008498,4431081.500000,0.014296,0,1
55,49,52,40,38,42,35,21,
379.000000,154.000000,0.012413,2898940672.000000,1.724234,0,1
32,40,24,26,36,21,35,28,
667.000000,155.000000,0.029820,10397276.000000,0.212479,0,1
68,71,74,83,85,87,89,90,
503.000000,156.000000,0.033789,88577784.000000,1.952863,0,1
26,23,39,26,28,37,32,64,
507.000000,157.000000,0.031362,87062240.000000,1.859697,0,1
23,31,28,43,43,51,72,84,
477.000000,160.000000,0.033358,83739512.000000,1.314092,0,1
35,29,36,38,48,56,66,81,
307.000000,161.000000,0.008387,2820151.250000,0.015506,0,1
19,33,16,34,22,20,30,20,
319.000000,161.000000,0.009824,8454558.000000,0.015866,0,1
23,15,33,17,20,37,17,19,
245.000000,162.000000,0.005503,5870525.500000,0.014967,0,1
31,21,31,19,30,30,22,27,
551.000000,162.000000,0.035186,42963352.000000,0.181217,0,1
87,84,82,58,57,49,56,70,
264.000000,165.000000,0.042630,461183936.000000,7.981431,0,1
16,17,17,29,27,19,32,21,
298.000000,165.000000,0.021979,361210720.000000,5.451377,0,1
15,20,18,32,24,18,31,21,
369.000000,165.000000,0.038241,5552381.000000,3.893908,0,1
23,18,25,17,24,38,19,35,
395.000000,165.000000,0.049113,355770784.000000,3.074826,0,1
22,27,30,23,22,35,20,21,
400.000000,166.000000,0.027753,264962912.000000,3.265515,0,1
34,39,39,29,27,25,21,22,
409.000000,166.000000,0.024634,4074268.750000,0.055817,0,1
23,30,27,24,21,20,21,16,
427.000000,166.000000,0.033823,773005824.000000,3.011421,0,1
16,18,16,22,21,19,25,24,
257.000000,167.000000,0.041405,3464744.000000,0.073064,0,1
36,34,37,24,35,30,21,19,
279.000000,167.000000,0.033989,2095960.000000,0.065963,0,1
35,36,34,20,35,21,20,23,
359.000000,167.000000,0.040618,288087232.000000,4.627388,0,1
20,27,18,29,24,23,44,31,
387.000000,167.000000,0.036621,226472000.000000,3.870346,0,1
28,30,39,22,24,25,19,19,
263.000000,168.000000,0.043319,3477451.250000,0.075546,0,1
32,32,21,31,29,20,30,24,
370.000000,168.000000,0.038270,210050384.000000,4.279036,0,1
33,35,40,34,34,30,21,21,
408.000000,168.000000,0.022632,132040840.000000,2.892421,0,1
22,28,17,27,22,17,30,23,
428.000000,168.000000,0.028120,287644160.000000,2.067415,0,1
23,27,19,27,19,17,21,14,
307.000000,169.000000,0.033757,2557236.750000,0.050873,0,1
20,22,16,27,21,12,25,16,
358.000000,169.000000,0.050540,910278592.000000,3.760623,0,1
33,32,42,23,32,28,22,25,
434.000000,169.000000,0.034236,1853692672.000000,2.184572,0,1
38,29,39,18,37,39,27,35,
301.000000,170.000000,0.033891,462016736.000000,5.773695,0,1
21,19,28,15,26,35,19,32,
320.000000,170.000000,0.039572,3561779.000000,0.060754,0,1
16,25,14,35,16,18,34,33,
343.000000,170.000000,0.041939,10676038.000000,3.021760,0,1
37,33,47,31,34,27,20,13,
239.000000,171.000000,0.053736,1333936.250000,0.112365,0,1
18,18,15,22,21,20,33,40,
254.000000,171.000000,0.046978,1792813.000000,0.085853,0,1
23,31,20,28,25,21,38,29,
287.000000,172.000000,0.041922,4500087.500000,0.063777,0,1
32,21,38,15,30,36,25,40,
361.000000,172.000000,0.049269,549792192.000000,3.676917,0,1
22,16,31,23,25,25,13,21,
395.000000,172.000000,0.041993,699364864.000000,2.921137,0,1
28,17,32,17,32,30,17,19,
267.000000,173.000000,0.035321,65299628.000000,5.423400,0,1
24,21,30,23,28,35,29,38,
314.000000,173.000000,0.048652,1016772.375000,3.770562,0,1
40,39,38,29,27,27,20,15,
180.000000,174.000000,0.047662,4642338.500000,0.130085,0,1
25,37,34,41,38,35,51,54,
274.000000,174.000000,0.068480,433742496.000000,8.190082,0,1
20,25,17,28,22,23,32,33,
331.000000,174.000000,0.045138,816678.500000,0.068673,0,1
23,16,22,9,10,19,7,8,
540.000000,175.000000,0.094892,72430136.000000,0.524976,0,1
46,47,36,48,37,28,47,37,
546.000000,175.000000,0.095249,74150984.000000,0.543855,0,1
45,32,44,26,31,46,25,29,
279.000000,176.000000,0.040783,298412512.000000,7.256868,0,1
27,37,37,30,27,25,22,18,
281.000000,176.000000,0.045236,178875696.000000,7.390235,0,1
29,37,36,27,25,24,21,17,
298.000000,176.000000,0.052261,146538528.000000,4.326199,0,1
30,20,20,18,14,14,14,12,
434.000000,176.000000,0.037959,27428438.000000,1.834157,0,1
33,22,36,17,32,37,19,25,
444.000000,179.000000,0.021612,1017546.250000,0.057228,0,1
38,34,35,19,22,24,14,12,
451.000000,179.000000,0.031217,241072880.000000,1.441666,0,1
40,34,34,19,20,21,12,13,
482.000000,180.000000,0.040088,1858603.000000,0.143001,0,1
40,35,35,21,22,23,16,18,
488.000000,180.000000,0.032357,4474850.000000,0.118082,0,1
41,37,37,33,26,27,18,9,
479.000000,182.000000,0.030204,44488596.000000,1.191750,0,1
20,12,22,10,14,16,10,10,
121.000000,183.000000,0.069108,156972320.000000,14.774367,0,1
41,41,43,31,38,45,26,23,
519.000000,184.000000,0.029924,190854832.000000,1.276090,0,1
21,16,16,26,34,43,42,46,
520.000000,184.000000,0.029455,217819776.000000,1.262951,0,1
25,14,19,30,37,41,46,44,
111.000000,185.000000,0.062562,81916952.000000,24.836294,0,1
25,22,31,22,25,42,23,25,
83.000000,186.000000,0.051033,133497896.000000,32.255260,0,1
19,18,21,20,21,24,27,22,
422.000000,186.000000,0.057848,94913336.000000,2.343018,0,1
16,18,18,24,23,23,28,26,
429.000000,186.000000,0.086955,1574042.250000,0.234892,0,1
15,16,16,22,20,21,27,27,
507.000000,186.000000,0.029214,22566558.000000,1.436922,0,1
17,14,14,25,34,40,42,39,
538.000000,186.000000,0.025088,102664200.000000,0.119874,0,1
37,35,26,32,33,18,25,18,
632.000000,186.000000,0.018250,8007267.500000,0.074766,0,1
43,34,40,18,23,32,15,18,
446.000000,187.000000,0.056909,24541922.000000,1.601124,0,1
12,15,16,27,26,25,28,24,
454.000000,187.000000,0.081827,2199618.250000,0.264992,0,1
10,13,14,23,23,23,26,26,
461.000000,187.000000,0.078508,3374423.750000,0.265202,0,1
8,12,11,20,19,18,28,26,
465.000000,187.000000,0.072651,8738022.000000,0.249227,0,1
9,11,10,18,18,16,27,26,
475.000000,187.000000,0.063948,2322078.500000,0.142028,0,1
9,11,9,16,14,13,26,28,
496.000000,187.000000,0.030619,238531376.000000,1.084105,0,1
10,16,13,17,17,18,33,32,
63.000000,188.000000,0.054275,864188160.000000,41.008755,0,1
20,26,32,22,29,29,22,22,
494.000000,188.000000,0.028727,20834184.000000,0.108809,0,1
16,18,18,19,28,37,28,24,
269.000000,189.000000,0.056309,40456728.000000,8.209848,0,1
12,18,13,23,21,14,26,23,
641.000000,192.000000,0.047841,94897888.000000,0.702921,0,1
11,17,18,27,28,27,31,26,
362.000000,195.000000,0.050309,27581812.000000,4.841994,0,1
21,21,23,20,20,18,15,13,
340.000000,196.000000,0.035879,380435.125000,0.056145,0,1
10,13,11,14,13,14,21,19,
383.000000,196.000000,0.024566,1016522.687500,0.044116,0,1
21,25,22,18,22,20,19,18,
452.000000,196.000000,0.060568,5647619.000000,1.570143,0,1
19,18,19,14,14,15,10,9,
48.000000,198.000000,0.057667,371021440.000000,50.764679,0,1
22,24,19,25,21,17,24,22,
325.000000,200.000000,0.047904,1247408.875000,6.107513,0,1
20,22,21,20,20,16,13,11,
554.000000,200.000000,0.091318,913798.125000,0.546049,0,1
17,16,16,12,12,12,7,8,
488.000000,201.000000,0.018397,628785.500000,0.067060,0,1
34,26,24,18,18,18,12,10,
541.000000,201.000000,0.095650,70554600.000000,0.542072,0,1
21,14,24,9,19,26,13,20,
312.000000,202.000000,0.046813,1276026.625000,0.070549,0,1
19,20,22,18,17,16,14,12,
44.000000,204.000000,0.053353,398080800.000000,25.051071,0,1
19,17,22,15,18,24,16,17,
604.000000,206.000000,0.036054,12449690.000000,0.241373,0,1
17,14,21,11,18,23,15,20,
267.000000,207.000000,0.059312,210538464.000000,8.432446,0,1
18,19,18,19,20,22,29,36,
266.000000,208.000000,0.059138,490961344.000000,8.476023,0,1
19,19,20,25,29,33,34,44,
260.000000,209.000000,0.060297,404202560.000000,8.803254,0,1
13,20,18,28,26,30,36,43,
279.000000,209.000000,0.058919,379875040.000000,7.872130,0,1
17,19,16,39,38,35,42,50,
287.000000,209.000000,0.055350,7534317.000000,0.089300,0,1
12,17,15,30,26,24,43,43,
241.000000,210.000000,0.061314,172258096.000000,9.867520,0,1
18,18,19,22,25,28,30,40,
233.000000,211.000000,0.062963,166644032.000000,10.393947,0,1
18,19,19,21,24,28,30,43,
248.000000,211.000000,0.059925,186103888.000000,9.439615,0,1
24,29,30,35,37,39,46,41,
298.000000,211.000000,0.062440,469511328.000000,7.159421,0,1
16,22,23,27,31,35,43,50,
311.000000,211.000000,0.062383,122234744.000000,3.671392,0,1
14,18,15,36,34,31,45,47,
322.000000,211.000000,0.060097,7724392.000000,0.073827,0,1
12,12,13,19,17,19,41,46,
329.000000,212.000000,0.065086,230475616.000000,4.738298,0,1
14,17,17,31,28,25,46,49,
211.000000,213.000000,0.065187,132556576.000000,11.965877,0,1
20,20,22,23,27,29,32,37,
229.000000,213.000000,0.062284,278106016.000000,10.641799,0,1
21,27,28,35,37,40,46,48,
342.000000,213.000000,0.066417,303287072.000000,4.465588,0,1
15,18,17,35,33,30,45,46,
502.000000,213.000000,0.054322,61367724.000000,0.233581,0,1
11,13,13,13,22,19,37,39,
504.000000,213.000000,0.053613,40100612.000000,0.232731,0,1
11,13,13,22,19,15,51,37,
541.000000,213.000000,0.094404,40179440.000000,0.539820,0,1
17,11,24,10,16,23,14,17,
90.000000,214.000000,0.060959,62289032.000000,30.668541,0,1
23,24,23,29,26,27,32,36,
221.000000,214.000000,0.062929,211340064.000000,11.196480,0,1
23,31,31,36,39,41,46,46,
361.000000,214.000000,0.069314,376315584.000000,5.229105,0,1
16,19,17,31,27,25,42,44,
426.000000,214.000000,0.081041,15078181.000000,3.106712,0,1
15,14,14,19,17,17,21,27,
444.000000,214.000000,0.048860,28577768.000000,0.146927,0,1
13,16,18,46,43,39,58,37,
63.000000,215.000000,0.057822,4387891.000000,21.654959,0,1
17,18,15,19,18,18,25,34,
190.000000,215.000000,0.069160,112693192.000000,13.808790,0,1
19,20,20,21,22,23,28,33,
195.000000,215.000000,0.067947,96927840.000000,13.335698,0,1
18,19,21,24,27,29,32,38,
203.000000,215.000000,0.065351,191714624.000000,12.605076,0,1
19,27,28,31,32,33,36,44,
371.000000,215.000000,0.070280,355879936.000000,4.982124,0,1
17,21,20,34,31,30,45,47,
382.000000,215.000000,0.071857,374070912.000000,4.727808,0,1
20,18,20,26,26,28,39,45,
384.000000,215.000000,0.071785,301885760.000000,4.679000,0,1
20,20,22,26,28,26,37,43,
454.000000,215.000000,0.043269,10296672.000000,0.137766,0,1
11,13,10,37,20,10,25,23,
547.000000,215.000000,0.095846,19225458.000000,0.567288,0,1
17,20,9,25,18,9,20,18,
555.000000,215.000000,0.069750,2702781.250000,0.252512,0,1
7,9,10,12,11,16,18,18,
565.000000,215.000000,0.062403,24210094.000000,0.374173,0,1
9,10,10,15,18,23,22,21,
569.000000,215.000000,0.061543,9448467.000000,0.375115,0,1
8,10,10,23,18,17,25,20,
586.000000,215.000000,0.061498,11086339.000000,0.404144,0,1
8,8,9,12,11,11,23,34,
198.000000,216.000000,0.065899,182088336.000000,13.037329,0,1
22,29,29,35,34,35,40,45,
207.000000,216.000000,0.064425,139048624.000000,12.270404,0,1
31,33,35,38,41,45,45,46,
208.000000,216.000000,0.064229,128392888.000000,12.188031,0,1
32,34,36,40,43,46,45,45,
288.000000,216.000000,0.064085,271068352.000000,7.612359,0,1
44,46,48,53,57,59,65,55,
427.000000,216.000000,0.087793,33173426.000000,2.172033,0,1
17,23,22,23,25,25,41,40,
276.000000,217.000000,0.065532,253651152.000000,8.168020,0,1
47,47,48,50,52,53,69,59,
359.000000,217.000000,0.069159,544726848.000000,5.290638,0,1
43,46,44,55,53,50,53,62,
364.000000,217.000000,0.069416,499066432.000000,5.159478,0,1
42,46,45,48,47,46,61,61,
388.000000,217.000000,0.073923,169414800.000000,4.614442,0,1
24,32,25,43,32,27,43,52,
393.000000,217.000000,0.075946,131265560.000000,4.520451,0,1
20,23,23,25,28,31,35,51,
407.000000,217.000000,0.078761,197019584.000000,3.387847,0,1
18,18,17,27,26,25,36,44,
575.000000,217.000000,0.062149,29805136.000000,0.390309,0,1
17,23,34,21,20,33,17,19,
271.000000,218.000000,0.066051,146314768.000000,8.413836,0,1
47,49,48,52,56,64,67,56,
373.000000,218.000000,0.070494,415917376.000000,4.943111,0,1
45,47,45,53,52,51,55,51,
411.000000,218.000000,0.077321,283219488.000000,2.753490,0,1
18,23,22,38,40,39,44,47,
417.000000,218.000000,0.074594,11963678.000000,0.198254,0,1
18,21,17,37,35,31,47,46,
520.000000,218.000000,0.058220,135577120.000000,0.279443,0,1
62,66,56,57,41,31,29,21,
179.000000,219.000000,0.068503,143282096.000000,14.880402,0,1
26,29,31,35,37,38,45,47,
184.000000,219.000000,0.067348,131857384.000000,14.357174,0,1
32,34,36,39,43,46,48,46,
487.000000,219.000000,0.058166,39142928.000000,0.234225,0,1
28,43,61,30,41,47,24,21,
154.000000,220.000000,0.073297,134662448.000000,17.902842,0,1
19,19,20,24,27,29,33,38,
348.000000,220.000000,0.071497,261106960.000000,5.641340,0,1
53,54,53,56,55,59,71,59,
510.000000,220.000000,0.058683,44687252.000000,0.268471,0,1
52,50,55,42,38,39,28,23,
39.000000,221.000000,0.062226,97201824.000000,59.383175,0,1
26,30,29,39,38,35,45,46,
40.000000,221.000000,0.062385,65455860.000000,58.424393,0,1
26,30,29,39,36,34,44,46,
103.000000,221.000000,0.065260,100541312.000000,27.186546,0,1
25,31,27,41,39,35,46,48,
112.000000,221.000000,0.069308,222971280.000000,25.107370,0,1
21,22,23,30,33,34,46,49,
166.000000,221.000000,0.069985,93943216.000000,16.343803,0,1
29,34,34,38,41,42,49,47,
168.000000,221.000000,0.069799,103974728.000000,16.108829,0,1
29,34,35,41,42,43,49,47,
256.000000,222.000000,0.069588,129499536.000000,9.245198,0,1
57,63,61,56,53,50,49,49,
335.000000,222.000000,0.072201,161567168.000000,6.051508,0,1
57,56,57,57,62,67,74,67,
591.000000,222.000000,0.065179,111300928.000000,0.443537,0,1
13,24,22,32,34,43,50,68,
57.000000,223.000000,0.065363,115971560.000000,45.553619,0,1
31,36,33,45,42,40,50,51,
120.000000,223.000000,0.069266,646560896.000000,23.415512,0,1
27,34,26,43,32,27,41,40,
135.000000,223.000000,0.074454,63231560.000000,20.786135,0,1
21,22,22,28,30,33,36,44,
142.000000,223.000000,0.072788,51484796.000000,19.628765,0,1
23,26,29,36,37,38,40,52,
230.000000,223.000000,0.071398,112762224.000000,10.807263,0,1
50,51,52,53,53,56,61,62,
245.000000,223.000000,0.071671,32879006.000000,6.435036,0,1
50,66,63,64,56,50,51,47,
435.000000,223.000000,0.078376,265070832.000000,3.695122,0,1
46,52,52,64,68,68,67,65,
625.000000,223.000000,0.066683,95738128.000000,0.290683,0,1
10,11,14,19,28,37,55,72,
651.000000,223.000000,0.066218,11104488.000000,0.315058,0,1
10,21,14,47,38,20,58,51,
62.000000,224.000000,0.066515,158726272.000000,42.707165,0,1
33,40,37,46,45,42,49,51,
136.000000,224.000000,0.073703,51754796.000000,20.614504,0,1
22,30,33,36,38,38,44,50,
238.000000,224.000000,0.071942,88016000.000000,7.694835,0,1
51,65,67,60,57,55,51,49,
241.000000,224.000000,0.072961,30341810.000000,6.606955,0,1
56,68,66,56,53,52,50,49,
323.000000,224.000000,0.074331,137455536.000000,6.479424,0,1
56,57,56,61,65,69,76,70,
337.000000,224.000000,0.070420,16549062.000000,5.977677,0,1
67,74,70,67,65,62,61,59,
455.000000,224.000000,0.081478,260768944.000000,3.368101,0,1
42,48,46,59,56,56,59,54,
461.000000,224.000000,0.082053,236771376.000000,3.271794,0,1
43,44,45,54,54,53,61,57,
465.000000,224.000000,0.082243,241854704.000000,3.207753,0,1
45,45,45,53,51,51,62,59,
503.000000,224.000000,0.087322,226221632.000000,2.673526,0,1
22,25,28,40,37,37,47,45,
508.000000,224.000000,0.088439,146297952.000000,2.612417,0,1
24,22,22,36,33,31,46,48,
654.000000,224.000000,0.068499,52804664.000000,0.330562,0,1
11,20,11,45,27,12,46,40,
123.000000,225.000000,0.071687,72059912.000000,22.905468,0,1
25,33,28,41,38,37,47,52,
130.000000,225.000000,0.071849,69131136.000000,21.600969,0,1
26,34,35,41,41,42,48,53,
428.000000,225.000000,0.079822,152657744.000000,3.846703,0,1
58,54,57,62,68,72,74,61,
436.000000,225.000000,0.086065,38999360.000000,0.273163,0,1
70,72,71,69,62,56,55,55,
473.000000,225.000000,0.082896,180453296.000000,3.088407,0,1
46,48,48,60,59,58,62,55,
481.000000,225.000000,0.084178,213893904.000000,2.974131,0,1
41,44,45,54,52,50,63,62,
518.000000,225.000000,0.089505,232851200.000000,2.489722,0,1
23,25,25,41,40,37,47,47,
522.000000,225.000000,0.090356,199039104.000000,2.442896,0,1
22,24,22,37,35,32,47,47,
25.000000,226.000000,0.061001,127565952.000000,76.974617,0,1
50,52,50,65,61,56,63,58,
491.000000,226.000000,0.085386,194322896.000000,2.837591,0,1
45,45,44,58,55,52,64,59,
220.000000,227.000000,0.076632,17529242.000000,7.497045,0,1
56,69,68,57,53,51,51,52,
306.000000,227.000000,0.082285,14965115.000000,0.127226,0,1
58,58,60,64,70,79,87,67,
417.000000,227.000000,0.081867,84953224.000000,4.089389,0,1
56,58,60,64,68,74,81,68,
213.000000,228.000000,0.076707,59153616.000000,8.884091,0,1
54,66,68,58,57,55,51,49,
412.000000,228.000000,0.087230,57059888.000000,0.239500,0,1
59,61,61,65,70,76,84,71,
532.000000,229.000000,0.093721,39343116.000000,0.522162,0,1
40,43,41,61,58,53,82,84,
103.000000,230.000000,0.071293,173007680.000000,27.443344,0,1
50,51,52,52,57,67,54,52,
197.000000,230.000000,0.080137,85511816.000000,9.755797,0,1
49,55,61,65,59,53,47,48,
202.000000,230.000000,0.082953,38783592.000000,8.432617,0,1
53,58,58,51,46,46,44,47,
548.000000,230.000000,0.096488,68843648.000000,0.584514,0,1
30,34,39,51,50,49,72,79,
38.000000,231.000000,0.072648,33941564.000000,0.282206,0,1
61,70,70,61,65,72,56,59,
45.000000,231.000000,0.071179,53224164.000000,0.270772,0,1
53,60,56,76,70,61,75,69,
48.000000,231.000000,0.068820,78436168.000000,52.084938,0,1
54,55,54,65,59,57,74,65,
106.000000,231.000000,0.076019,21577456.000000,0.294966,0,1
54,67,70,58,65,71,55,51,
117.000000,231.000000,0.074934,25050582.000000,0.281941,0,1
56,52,51,60,57,54,71,72,
175.000000,231.000000,0.080383,91631520.000000,15.604436,0,1
51,49,49,49,51,53,61,65,
180.000000,231.000000,0.080018,90734632.000000,15.075461,0,1
51,49,49,54,57,59,68,52,
279.000000,231.000000,0.081451,73313576.000000,8.331537,0,1
59,60,60,59,62,65,68,80,
283.000000,231.000000,0.080069,46244300.000000,8.123652,0,1
59,59,60,65,70,75,80,63,
396.000000,231.000000,0.086004,72341664.000000,4.591962,0,1
59,59,59,63,64,72,78,76,
552.000000,231.000000,0.096206,39132424.000000,0.594104,0,1
39,48,47,72,67,62,87,79,
42.000000,232.000000,0.074041,42589828.000000,0.285603,0,1
65,74,76,62,67,75,63,60,
48.000000,232.000000,0.071403,37898168.000000,52.080345,0,1
54,61,58,77,70,62,67,58,
108.000000,232.000000,0.076861,32262290.000000,0.296517,0,1
71,68,73,56,58,63,51,50,
169.000000,232.000000,0.081317,108068632.000000,16.290688,0,1
52,51,50,50,50,53,63,59,
188.000000,232.000000,0.081899,62761884.000000,10.284599,0,1
59,63,60,57,54,52,50,50,
289.000000,232.000000,0.076698,20875558.000000,7.846937,0,1
70,74,74,70,64,62,59,60,
392.000000,232.000000,0.087228,31920530.000000,4.698722,0,1
59,62,63,63,67,75,82,75,
403.000000,232.000000,0.091887,48455680.000000,0.244350,0,1
72,85,82,75,69,65,64,63,
562.000000,232.000000,0.097512,14606150.000000,0.632884,0,1
45,45,45,73,71,64,63,53,
572.000000,232.000000,0.096118,175297360.000000,1.923615,0,1
45,43,46,48,47,47,70,61,
127.000000,233.000000,0.078093,50005076.000000,22.359810,0,1
50,51,51,61,53,48,69,68,
545.000000,233.000000,0.100017,224789392.000000,0.604417,0,1
68,54,60,60,73,85,85,80,
585.000000,233.000000,0.097684,165551104.000000,1.804687,0,1
45,45,46,46,45,45,61,65,
117.000000,234.000000,0.078852,43201768.000000,0.294981,0,1
70,70,73,55,58,64,51,50,
132.000000,234.000000,0.079462,44144808.000000,0.283001,0,1
48,45,46,59,54,51,79,70,
271.000000,235.000000,0.089092,20587384.000000,0.163625,0,1
64,85,83,70,64,60,57,59,
598.000000,235.000000,0.099620,121972648.000000,1.697387,0,1
45,44,42,56,54,51,69,56,
142.000000,236.000000,0.082885,54064204.000000,0.280729,0,1
48,51,50,64,61,59,80,76,
386.000000,236.000000,0.096395,59128060.000000,0.236664,0,1
80,86,77,73,65,63,62,62,
609.000000,236.000000,0.101274,151745984.000000,1.609126,0,1
46,45,42,55,48,45,76,54,
243.000000,238.000000,0.090605,61568712.000000,10.335012,0,1
53,56,57,60,65,73,78,67,
366.000000,238.000000,0.093755,45981580.000000,5.427456,0,1
62,62,61,64,68,76,81,75,
528.000000,238.000000,0.105644,294221280.000000,0.600488,0,1
56,56,62,63,75,89,90,94,
537.000000,238.000000,0.105700,292444096.000000,0.627274,0,1
91,96,89,88,76,62,61,54,
144.000000,239.000000,0.085461,53991116.000000,0.287161,0,1
75,79,81,59,64,67,52,52,
156.000000,239.000000,0.086890,77205464.000000,0.274321,0,1
54,55,54,78,74,64,85,74,
160.000000,239.000000,0.086591,52138580.000000,0.269702,0,1
54,54,53,64,55,53,78,83,
239.000000,239.000000,0.090456,56496676.000000,10.597145,0,1
56,56,59,63,68,76,73,64,
359.000000,239.000000,0.095769,67271728.000000,5.641089,0,1
60,62,62,61,61,68,72,83,
372.000000,239.000000,0.099752,52142948.000000,0.230501,0,1
74,85,82,76,68,64,61,62,
525.000000,239.000000,0.106685,271858272.000000,0.599991,0,1
55,56,63,65,78,90,93,97,
143.000000,240.000000,0.085954,55496664.000000,11.944114,0,1
79,59,64,51,52,54,51,51,
150.000000,240.000000,0.087206,51676752.000000,0.285611,0,1
69,75,78,63,71,78,57,53,
161.000000,240.000000,0.087552,78766576.000000,0.271811,0,1
53,55,53,78,71,60,83,68,
232.000000,240.000000,0.092299,82265008.000000,11.066154,0,1
53,55,55,60,63,69,74,68,
243.000000,240.000000,0.089913,39754088.000000,7.845416,0,1
65,78,78,70,67,64,62,61,
357.000000,240.000000,0.098629,48396224.000000,3.425129,0,1
61,60,62,64,69,73,82,79,
365.000000,240.000000,0.100433,14424691.000000,0.151411,0,1
66,79,84,85,79,70,71,61,
368.000000,240.000000,0.100617,50672276.000000,0.229093,0,1
76,84,80,75,67,63,63,64,
531.000000,240.000000,0.107947,313340448.000000,0.627620,0,1
94,98,88,88,74,61,60,54,
623.000000,240.000000,0.100328,24678012.000000,1.509190,0,1
67,62,66,53,54,57,53,54,
627.000000,240.000000,0.100337,32165110.000000,1.475703,0,1
58,67,67,57,60,60,53,53,
156.000000,241.000000,0.088685,82971368.000000,0.280861,0,1
74,85,84,68,74,78,58,55,
226.000000,241.000000,0.093630,82036400.000000,11.486545,0,1
53,54,56,58,60,68,79,72,
223.000000,242.000000,0.094448,29531912.000000,0.224992,0,1
53,56,58,64,71,79,82,67,
521.000000,243.000000,0.110920,360543072.000000,0.621731,0,1
95,101,96,96,79,64,64,54,
168.000000,244.000000,0.092321,60555300.000000,0.278387,0,1
78,77,82,61,67,77,57,55,
490.000000,244.000000,0.110465,219001024.000000,0.530520,0,1
76,96,99,101,101,86,85,58,
208.000000,245.000000,0.095855,37579380.000000,12.869501,0,1
56,59,59,63,67,68,82,65,
507.000000,245.000000,0.112854,311533824.000000,0.595242,0,1
54,54,61,61,82,94,94,95,
515.000000,245.000000,0.113089,341350016.000000,0.620819,0,1
94,100,95,98,78,64,65,57,
52.000000,246.000000,0.095421,59927116.000000,50.165054,0,1
49,50,48,52,51,52,54,57,
181.000000,246.000000,0.094253,48892916.000000,0.271280,0,1
66,79,78,71,75,80,63,60,
189.000000,246.000000,0.094633,64362260.000000,0.263396,0,1
58,61,61,83,75,68,88,75,
195.000000,247.000000,0.096381,66487640.000000,0.263004,0,1
59,63,60,80,71,71,87,84,
327.000000,247.000000,0.105254,55437348.000000,0.212188,0,1
63,63,62,65,71,84,88,80,
471.000000,247.000000,0.114616,112093432.000000,1.940367,0,1
57,58,58,62,62,66,67,97,
190.000000,248.000000,0.097750,52484656.000000,0.268837,0,1
72,88,86,73,78,84,64,64,
324.000000,248.000000,0.106148,62223192.000000,0.214473,0,1
64,64,65,71,82,88,92,74,
335.000000,248.000000,0.106346,59112540.000000,0.222828,0,1
92,92,84,75,69,66,65,60,
336.000000,248.000000,0.106664,51342604.000000,0.224468,0,1
92,88,79,71,68,66,63,63,
499.000000,248.000000,0.115825,278863264.000000,0.594454,0,1
53,57,66,68,89,97,99,98,
506.000000,248.000000,0.116161,251270464.000000,0.617802,0,1
94,98,95,97,79,65,68,59,
194.000000,249.000000,0.098795,60054300.000000,0.267634,0,1
76,86,88,71,77,85,65,65,
205.000000,249.000000,0.098761,37472000.000000,0.255461,0,1
71,69,64,84,75,67,85,77,
476.000000,249.000000,0.115488,162629568.000000,0.527534,0,1
91,99,98,93,92,74,71,60,
211.000000,253.000000,0.104367,42590772.000000,0.261503,0,1
86,82,88,69,75,83,67,64,
483.000000,253.000000,0.120820,292817728.000000,0.584896,0,1
58,60,63,65,76,93,97,105,
228.000000,254.000000,0.104592,51466608.000000,0.246816,0,1
66,68,65,85,81,71,92,82,
232.000000,254.000000,0.105051,37169760.000000,0.243687,0,1
64,65,64,71,66,65,88,92,
298.000000,254.000000,0.112322,63255892.000000,0.232797,0,1
62,62,62,71,81,89,93,75,
289.000000,256.000000,0.114110,78657496.000000,0.241285,0,1
62,64,66,72,81,88,94,83,
298.000000,256.000000,0.113495,60369204.000000,0.240156,0,1
81,93,92,85,75,67,66,63,
524.000000,256.000000,0.124148,48465056.000000,2.680686,0,1
53,55,54,56,57,57,58,60,
233.000000,257.000000,0.109312,66636212.000000,0.255742,0,1
79,92,92,78,84,86,67,62,
243.000000,257.000000,0.109325,68572352.000000,0.248502,0,1
60,64,63,82,78,73,90,86,
284.000000,257.000000,0.114606,65089664.000000,0.245125,0,1
62,63,66,69,76,85,90,88,
481.000000,257.000000,0.124354,204683392.000000,0.606723,0,1
105,104,101,96,90,73,74,61,
470.000000,258.000000,0.125510,296185568.000000,0.582157,0,1
59,62,71,69,87,103,99,102,
277.000000,259.000000,0.116627,44875540.000000,0.256073,0,1
64,66,68,73,83,91,96,78,
254.000000,260.000000,0.113375,84944424.000000,0.258469,0,1
66,84,77,94,96,94,91,77,
461.000000,261.000000,0.128626,278243776.000000,0.578812,0,1
57,60,71,69,88,99,98,103,
437.000000,262.000000,0.128104,285228384.000000,0.510306,0,1
100,104,93,99,81,65,67,59,
423.000000,263.000000,0.129195,191183648.000000,0.481486,0,1
63,61,63,63,68,81,84,103,
453.000000,263.000000,0.131060,232288624.000000,0.572828,0,1
57,59,63,65,75,86,89,105,
263.000000,264.000000,0.116762,49070340.000000,0.271704,0,1
95,87,93,71,76,83,68,66,
280.000000,264.000000,0.119828,58166140.000000,0.275463,0,1
68,70,69,91,81,74,98,95,
432.000000,264.000000,0.129784,219090448.000000,0.509505,0,1
97,96,89,90,76,64,63,58,
464.000000,264.000000,0.130541,299416896.000000,0.604448,0,1
103,97,82,82,68,64,64,62,
271.000000,265.000000,0.118837,44702556.000000,0.276921,0,1
99,96,98,80,83,89,69,66,
459.000000,265.000000,0.131936,248793632.000000,0.599460,0,1
102,100,97,94,81,68,68,59,
425.000000,266.000000,0.131729,218394256.000000,0.505084,0,1
101,102,95,94,81,66,66,59,
279.000000,267.000000,0.121419,61511712.000000,0.287073,0,1
98,91,95,73,74,81,68,64,
295.000000,267.000000,0.123305,63617356.000000,0.292323,0,1
67,70,67,89,82,75,97,96,
450.000000,268.000000,0.135154,305590560.000000,0.597069,0,1
104,106,99,97,86,69,67,61,
304.000000,269.000000,0.125705,73163280.000000,0.306466,0,1
67,70,68,96,85,77,101,95,
317.000000,271.000000,0.129099,79179952.000000,0.328156,0,1
64,68,65,84,77,70,98,99,
320.000000,271.000000,0.129262,77827336.000000,0.330574,0,1
62,64,63,72,67,64,90,99,
410.000000,271.000000,0.136888,284160160.000000,0.503520,0,1
101,101,96,98,81,66,64,60,
303.000000,272.000000,0.128902,91534728.000000,0.323744,0,1
101,88,95,69,68,75,63,62,
440.000000,272.000000,0.138526,160808672.000000,0.595159,0,1
95,91,82,83,72,64,64,62,
307.000000,273.000000,0.129219,73056480.000000,0.328764,0,1
97,80,90,65,71,78,62,62,
433.000000,274.000000,0.141468,46780872.000000,0.326975,0,1
95,92,87,90,81,68,70,62,
172.000000,276.000000,0.127241,3716527.750000,16.833994,0,1
65,65,66,64,64,64,63,60,
346.000000,277.000000,0.136552,37095760.000000,0.233789,0,1
60,69,62,88,83,75,95,94,
382.000000,277.000000,0.140890,77812200.000000,0.268207,0,1
61,60,70,70,84,94,96,100,
425.000000,277.000000,0.144457,67913672.000000,0.328012,0,1
98,100,94,95,84,69,71,64,
358.000000,279.000000,0.139519,28984580.000000,0.250086,0,1
56,60,59,87,76,65,93,94,
360.000000,279.000000,0.139422,23489022.000000,0.251262,0,1
59,59,59,76,65,62,92,83,
375.000000,279.000000,0.143581,38933748.000000,4.111123,0,1
59,60,64,64,68,85,77,83,
342.000000,280.000000,0.140759,31988690.000000,0.245336,0,1
91,76,78,60,63,67,57,56,
345.000000,280.000000,0.140669,32371240.000000,0.246505,0,1
95,79,94,64,73,79,58,56,
370.000000,281.000000,0.143482,62215160.000000,0.270427,0,1
59,63,69,78,84,93,98,93,
360.000000,283.000000,0.145538,26581716.000000,0.271016,0,1
83,89,90,64,75,84,59,56,
40.000000,284.000000,0.144110,23865918.000000,62.375065,0,1
52,52,52,53,53,55,55,57,
332.000000,284.000000,0.132800,2666574.000000,6.955675,0,1
56,57,56,50,54,57,48,55,
564.000000,284.000000,0.152539,4938112.500000,2.429549,0,1
66,67,66,65,66,65,63,58,
180.000000,290.000000,0.141663,5878744.500000,16.189861,0,1
58,58,59,60,61,62,63,66,
432.000000,32.000000,0.003059,921087.875000,0.009437,0,1
123,122,123,119,121,121,118,117,
144.000000,222.000000,0.074182,101816592.000000,19.346895,0,1
21,23,25,27,31,33,37,42,
111.000000,221.000000,0.069595,234244384.000000,25.342478,0,1
21,22,23,27,32,34,45,49,
331.000000,197.000000,0.030965,344554.062500,0.064131,0,1
11,13,11,16,15,14,21,19,
653.000000,186.000000,0.046061,112316376.000000,0.614926,0,1
44,41,40,28,31,34,15,16,
545.000000,95.000000,0.012860,842741440.000000,0.942927,0,1
62,60,60,42,48,48,48,37,
567.000000,95.000000,0.011825,9514403840.000000,0.772211,0,1
60,61,46,61,60,35,61,60,
568.000000,95.000000,0.011878,14572124160.000000,0.769218,0,1
47,59,38,62,45,32,60,43,
242.000000,174.000000,0.055739,17783688.000000,7.054919,0,1
38,40,40,32,29,27,17,17,
663.000000,168.000000,0.049703,189453792.000000,0.772118,0,1
79,63,64,52,52,52,51,50,
669.000000,167.000000,0.051152,86043904.000000,0.739734,0,1
88,82,82,64,65,65,52,50,
621.000000,166.000000,0.044811,600228.875000,0.187574,0,1
86,84,84,72,73,74,53,51,
639.000000,103.000000,0.008702,4521171968.000000,0.361026,0,1
50,39,59,34,50,61,37,50,
359.000000,158.000000,0.011307,14636572.000000,0.017040,0,1
31,18,37,17,29,28,20,26,
487.000000,105.000000,0.015408,8184137728.000000,1.500852,0,1
43,59,33,63,55,48,62,63,
535.000000,155.000000,0.028081,18439020.000000,0.131330,0,1
16,19,20,49,56,65,82,86,
476.000000,152.000000,0.030097,35639144.000000,0.099789,0,1
56,56,40,54,33,23,47,29,
539.000000,108.000000,0.013076,2257312512.000000,0.981304,0,1
16,19,37,38,35,43,55,60,
563.000000,109.000000,0.011999,13916444672.000000,0.791448,0,1
24,18,49,27,31,58,43,58,
653.000000,149.000000,0.023220,215478944.000000,0.587847,0,1
16,19,19,41,40,37,72,71,
408.000000,112.000000,0.016761,6119429.000000,0.032918,0,1
27,35,41,47,50,52,53,53,
341.000000,113.000000,0.010329,25968300.000000,0.015567,0,1
33,52,22,45,35,20,52,37,
518.000000,143.000000,0.013571,285477472.000000,0.785029,0,1
59,59,59,52,52,58,30,15,
579.000000,141.000000,0.011530,2692871680.000000,0.683211,0,1
58,56,52,48,38,31,40,21,
531.000000,118.000000,0.013518,2675653888.000000,1.049926,0,1
58,55,57,31,34,53,16,15,
661.000000,133.000000,0.008021,6947527168.000000,0.271489,0,1
42,54,26,58,43,20,54,43,
642.000000,122.000000,0.007785,1348574592.000000,0.316464,0,1
60,57,58,44,43,46,35,34,
487.000000,120.000000,0.015328,16277268480.000000,1.488526,0,1
47,59,28,61,48,20,59,50,
451.000000,120.000000,0.015143,3550838528.000000,0.902768,0,1
54,57,27,43,34,15,54,36,
423.000000,78.000000,0.013408,10240788.000000,0.033298,0,1
73,72,67,71,72,45,70,70,
423.000000,80.000000,0.012387,22526896.000000,0.030479,0,1
72,70,58,70,70,44,69,61,
80.000000,214.000000,0.060523,5242164.500000,34.117123,0,1
16,17,18,22,23,25,31,35,
114.000000,208.000000,0.064263,6615953408.000000,24.396416,0,1
34,26,44,22,33,48,25,31,
114.000000,200.000000,0.064380,10363272192.000000,24.328135,0,1
43,32,53,24,40,51,30,38,
487.000000,119.000000,0.015361,5625476096.000000,0.718526,0,1
56,60,27,61,47,20,60,48,
451.000000,119.000000,0.014881,3017915648.000000,1.269134,0,1
59,59,49,54,40,25,55,35,
113.000000,192.000000,0.064402,10026114048.000000,24.480188,0,1
40,29,51,24,39,55,29,36,
224.000000,176.000000,0.056889,18269314.000000,6.685011,0,1
41,37,33,24,22,20,17,18,
223.000000,175.000000,0.054469,49085292.000000,10.707333,0,1
38,42,41,38,37,33,24,17,
199.000000,174.000000,0.053263,281129952.000000,12.445848,0,1
29,37,36,45,44,43,55,49,
215.000000,172.000000,0.054238,9171297.000000,6.933568,0,1
19,20,20,31,31,31,37,45,
201.000000,172.000000,0.050040,1723836.375000,0.080327,0,1
18,20,21,29,30,29,36,43,
467.000000,137.000000,0.031547,50582480.000000,0.098894,0,1
50,57,39,58,56,42,59,57,
644.000000,138.000000,0.007771,117841304.000000,0.100741,0,1
59,54,54,32,27,34,17,14,
322.000000,161.000000,0.008928,7416039.500000,0.013455,0,1
21,34,15,34,23,18,34,19,
333.000000,114.000000,0.009795,18196388.000000,0.014761,0,1
34,23,48,16,30,41,21,30,
439.000000,108.000000,0.015433,19330752.000000,0.039638,0,1
25,24,31,36,40,54,55,60,
340.000000,151.000000,0.011461,6038997.000000,0.017272,0,1
57,55,57,40,39,53,16,17,
334.000000,151.000000,0.011094,3786438.500000,0.016720,0,1
57,56,55,49,46,55,17,15,
267.000000,145.000000,0.022977,134713.468750,0.034627,0,1
18,19,19,28,29,28,42,48,
402.000000,112.000000,0.015052,13806106.000000,0.027838,0,1
29,27,46,34,41,51,52,55,
497.000000,147.000000,0.014512,109705808.000000,0.053424,0,1
49,19,46,17,27,41,16,26,
