# timestamp
1608635240786065152

# fx, fy, cx, cy, width, height, npoints
501.486908,501.475311,421.780701,167.666061,800,400,542

# camToWorld: translation vector, rotation quaternion
-16.961854,75.192816,7.133517,-0.724264,-0.041390,0.069534,0.684758

# Exposure time (ms)
0.243427

# GPS Data
# GPSData: Covariance matrix
0.000027,0.000000,0.000000,0.000000,0.000037,0.000000,0.000000,0.000000,0.000109

# GPSData: GPS point
75.536540,-7.765690,6.270506

# Point Cloud Data : 
# u,v,idepth_scaled,idepth_hessian,maxRelBaseline,numGoodRes,status 
# color information 
727.000000,273.000000,0.148234,7227358.000000,1.746300,0,1
72,61,72,52,57,71,50,49,
742.000000,39.000000,0.030552,1555700224.000000,1.237398,0,1
26,31,24,39,29,23,38,29,
742.000000,45.000000,0.030950,598978944.000000,1.193560,0,1
30,36,25,42,30,23,37,30,
728.000000,48.000000,0.029111,12505776128.000000,0.936881,0,1
34,47,27,67,34,24,46,34,
742.000000,51.000000,0.030335,213752272.000000,1.241092,0,1
26,30,21,33,25,19,32,25,
741.000000,97.000000,0.032411,1506656000.000000,1.237749,0,1
14,9,19,6,14,20,9,14,
741.000000,109.000000,0.032247,1951223680.000000,1.231437,0,1
15,10,20,9,17,23,12,18,
651.000000,116.000000,0.336369,12405557.000000,1.042465,0,1
17,13,23,10,18,24,14,19,
741.000000,117.000000,0.032202,2413124608.000000,1.229284,0,1
17,12,21,9,18,24,12,17,
741.000000,122.000000,0.032208,2493052928.000000,1.229181,0,1
17,12,21,9,18,23,13,19,
651.000000,134.000000,0.335058,17469758.000000,1.600325,0,1
19,13,24,11,19,25,13,19,
741.000000,150.000000,0.032073,2643807232.000000,1.230558,0,1
19,14,23,10,19,25,14,19,
740.000000,180.000000,0.065274,33260266.000000,1.471967,0,1
19,15,22,16,19,24,16,20,
722.000000,191.000000,0.061907,42475456.000000,1.364037,0,1
14,18,16,28,26,24,37,42,
727.000000,194.000000,0.065658,36261332.000000,1.427955,0,1
27,36,28,42,39,30,45,48,
728.000000,194.000000,0.065369,47938268.000000,1.429819,0,1
24,32,25,42,34,27,44,47,
743.000000,205.000000,0.080426,4895215.500000,1.653677,0,1
55,57,58,52,52,52,42,48,
735.000000,221.000000,0.094264,6638025.500000,1.744866,0,1
57,56,57,60,61,63,68,58,
693.000000,223.000000,0.096886,3427453.750000,1.211452,0,1
64,70,70,70,70,69,60,59,
688.000000,224.000000,0.097728,5701148.000000,1.197308,0,1
71,71,70,61,61,61,59,59,
708.000000,224.000000,0.097679,2858708.500000,1.625037,0,1
68,64,64,60,58,58,58,59,
716.000000,249.000000,0.125895,10753347.000000,0.546906,0,1
57,57,57,72,73,73,82,66,
703.000000,251.000000,0.126327,12609160.000000,0.533767,0,1
73,82,81,70,70,70,57,55,
705.000000,251.000000,0.126654,12548879.000000,0.538747,0,1
74,81,83,70,70,68,57,56,
721.000000,251.000000,0.126710,12849289.000000,0.561612,0,1
74,80,78,68,68,67,58,56,
709.000000,262.000000,0.136231,5750852.500000,1.580209,0,1
58,54,59,69,68,66,70,62,
714.000000,262.000000,0.134769,4793378.500000,1.937005,0,1
57,56,56,66,63,56,68,67,
685.000000,264.000000,0.138841,4964108.500000,2.065333,0,1
56,55,56,51,52,53,48,47,
716.000000,267.000000,0.142872,4726237.000000,0.621661,0,1
71,74,71,56,69,66,52,53,
40.000000,279.000000,0.139149,13871530.000000,0.859460,0,1
52,53,52,58,59,59,74,75,
463.000000,293.000000,0.148667,1766719.375000,1.293683,0,1
58,56,58,53,56,58,51,52,
160.000000,20.000000,0.002144,80800480.000000,0.281797,0,1
128,125,127,124,126,126,124,123,
648.000000,20.000000,0.000209,1013387456.000000,0.015294,0,1
95,94,92,92,90,90,89,85,
725.000000,45.000000,0.029069,6520988672.000000,0.622985,0,1
81,86,62,89,84,46,93,89,
685.000000,58.000000,0.021603,3067018752.000000,0.656782,0,1
93,88,85,56,54,52,28,23,
654.000000,59.000000,0.021527,70320832.000000,0.183302,0,1
81,79,76,60,60,55,35,24,
657.000000,59.000000,0.021405,99145928.000000,0.184300,0,1
81,73,75,57,55,54,29,22,
670.000000,59.000000,0.021448,3422987520.000000,0.616959,0,1
89,79,79,43,38,35,24,26,
649.000000,64.000000,0.021223,615739008.000000,0.779951,0,1
23,27,36,28,36,40,28,34,
93.000000,75.000000,0.014361,14942987264.000000,1.602015,0,1
65,59,54,57,44,39,42,33,
80.000000,77.000000,0.014097,12013108224.000000,1.654820,0,1
67,63,61,60,54,50,48,39,
79.000000,79.000000,0.014086,22857814016.000000,1.658672,0,1
56,56,42,61,47,38,55,48,
579.000000,79.000000,0.000022,2563516416.000000,0.002717,0,1
74,75,76,80,80,80,86,91,
645.000000,79.000000,0.017216,174224688.000000,0.692485,0,1
27,26,24,25,29,27,31,36,
85.000000,80.000000,0.013983,2393540608.000000,1.616326,0,1
40,44,48,41,45,51,31,27,
145.000000,81.000000,0.015479,1007191424.000000,1.391585,0,1
70,64,63,49,47,45,31,51,
675.000000,82.000000,0.030749,42276716.000000,1.028132,0,1
38,41,40,38,32,26,26,26,
119.000000,84.000000,0.015640,1097623424.000000,1.537549,0,1
40,33,31,47,49,52,60,59,
391.000000,87.000000,0.006149,783558592.000000,0.156011,0,1
86,86,80,84,81,69,83,73,
392.000000,87.000000,0.006319,1605944576.000000,0.157705,0,1
86,83,77,84,74,66,77,62,
559.000000,87.000000,0.004512,751078208.000000,0.122838,0,1
103,107,109,111,116,109,119,131,
591.000000,87.000000,0.016177,72406984.000000,0.100638,0,1
136,136,138,133,138,141,101,47,
32.000000,88.000000,0.015350,737862912.000000,1.122489,0,1
36,36,38,49,49,49,55,54,
44.000000,88.000000,0.018364,45657496.000000,0.138468,0,1
36,40,42,46,52,54,47,51,
230.000000,91.000000,0.010779,1935934592.000000,0.740697,0,1
70,67,67,51,49,48,34,36,
237.000000,91.000000,0.010918,479780064.000000,0.720976,0,1
72,66,69,46,52,61,30,32,
212.000000,92.000000,0.010905,1248561408.000000,0.470565,0,1
68,61,63,45,41,38,26,32,
217.000000,92.000000,0.010939,2613460736.000000,0.797184,0,1
67,62,61,37,35,34,27,27,
400.000000,93.000000,0.005800,276120416.000000,0.129163,0,1
78,67,80,57,76,79,65,63,
87.000000,95.000000,0.015559,726304576.000000,0.589504,0,1
58,58,56,57,54,51,46,27,
106.000000,95.000000,0.015479,6919881216.000000,1.595228,0,1
59,58,57,57,50,43,52,42,
118.000000,95.000000,0.015578,10349919232.000000,1.532506,0,1
58,54,52,50,39,36,33,24,
134.000000,95.000000,0.015534,10283977728.000000,1.440175,0,1
60,48,58,32,45,60,35,45,
159.000000,95.000000,0.015148,4564289024.000000,1.284436,0,1
62,59,59,52,42,51,37,25,
160.000000,95.000000,0.015245,487143968.000000,0.746968,0,1
61,59,59,45,46,53,28,26,
349.000000,95.000000,0.004123,2462042880.000000,0.158085,0,1
81,79,81,78,70,78,55,46,
388.000000,95.000000,0.006747,2845655040.000000,0.165403,0,1
77,70,60,77,58,43,72,57,
502.000000,95.000000,0.000739,2128828288.000000,0.015204,0,1
89,91,92,95,97,99,103,114,
515.000000,95.000000,0.000632,3367553024.000000,0.014827,0,1
94,101,102,110,113,115,123,135,
716.000000,95.000000,0.029023,941326400.000000,1.102977,0,1
23,24,17,24,15,9,23,17,
99.000000,96.000000,0.014983,53537140.000000,0.093264,0,1
58,54,53,34,30,32,24,26,
108.000000,96.000000,0.015541,11102137344.000000,1.587282,0,1
57,46,43,44,29,28,30,24,
711.000000,96.000000,0.028842,654490944.000000,1.015727,0,1
23,17,20,10,13,23,8,13,
60.000000,97.000000,0.015551,5238764032.000000,1.877746,0,1
54,50,53,40,43,51,27,26,
78.000000,97.000000,0.015536,4417063936.000000,1.765167,0,1
58,50,48,35,31,32,23,21,
86.000000,97.000000,0.017249,6057828352.000000,1.049334,0,1
55,51,43,51,35,25,47,37,
36.000000,98.000000,0.015655,2690138880.000000,2.040302,0,1
50,42,43,37,28,25,20,19,
164.000000,98.000000,0.014806,6563612160.000000,0.722338,0,1
30,43,21,44,31,20,47,33,
493.000000,98.000000,0.003727,5712471.000000,0.012040,0,1
99,103,106,113,115,118,125,129,
580.000000,98.000000,0.012568,113184464.000000,0.369934,0,1
20,21,23,28,27,26,36,33,
587.000000,98.000000,0.012373,228432176.000000,0.327307,0,1
22,21,24,27,29,24,40,36,
601.000000,98.000000,0.017469,106696152.000000,0.454083,0,1
20,22,24,26,34,30,36,39,
480.000000,99.000000,0.000380,3720527104.000000,0.008060,0,1
99,109,109,123,122,122,134,140,
599.000000,99.000000,0.014358,216340880.000000,0.304757,0,1
22,22,32,27,29,37,31,35,
686.000000,99.000000,0.025968,225981920.000000,0.890766,0,1
23,22,22,18,16,20,9,7,
283.000000,100.000000,0.007417,4173928704.000000,0.412012,0,1
69,68,64,63,55,40,48,33,
472.000000,100.000000,0.000354,1862498816.000000,0.004737,0,1
103,111,115,126,133,134,142,144,
173.000000,101.000000,0.014305,7143856128.000000,1.163738,0,1
30,20,40,20,28,40,20,25,
383.000000,101.000000,0.007365,357589088.000000,0.106065,0,1
73,76,63,76,73,54,76,77,
386.000000,102.000000,0.007165,231890144.000000,0.099514,0,1
53,54,47,74,62,52,74,64,
200.000000,103.000000,0.012760,1722826112.000000,0.955697,0,1
30,26,18,25,27,20,31,28,
406.000000,103.000000,0.005543,16301072.000000,0.008516,0,1
48,49,35,52,48,40,69,40,
423.000000,103.000000,0.010832,2605859.500000,0.016517,0,1
87,88,89,93,95,97,101,110,
429.000000,103.000000,0.008051,5247879.000000,0.013235,0,1
88,93,95,99,102,104,108,122,
433.000000,103.000000,0.006781,7427600.500000,0.011714,0,1
89,95,97,104,107,108,117,130,
34.000000,104.000000,0.015440,30575011840.000000,2.034689,0,1
30,36,22,36,30,19,33,29,
76.000000,104.000000,0.015464,30642866176.000000,1.770117,0,1
34,46,27,48,36,21,45,36,
173.000000,104.000000,0.014287,7338278400.000000,1.161635,0,1
26,20,40,21,24,41,19,23,
218.000000,104.000000,0.011399,1875382144.000000,0.837639,0,1
58,53,56,49,40,50,30,30,
432.000000,104.000000,0.007278,7190727.000000,0.012329,0,1
95,104,107,114,117,121,124,132,
449.000000,104.000000,0.000834,663013184.000000,0.006063,0,1
109,122,128,138,149,154,161,168,
229.000000,105.000000,0.011538,2217232896.000000,0.774216,0,1
58,54,56,47,41,47,30,23,
496.000000,106.000000,0.003324,13641987.000000,0.010785,0,1
128,118,113,104,97,100,83,66,
523.000000,106.000000,0.002968,329720832.000000,0.025025,0,1
102,97,81,93,77,66,87,76,
240.000000,108.000000,0.010936,8288466944.000000,0.702957,0,1
30,34,28,49,38,33,47,42,
306.000000,108.000000,0.006890,9849359360.000000,0.331217,0,1
61,49,68,41,60,68,53,62,
668.000000,108.000000,0.024249,990986624.000000,0.866152,0,1
17,11,22,8,17,21,12,18,
234.000000,109.000000,0.011181,23697590272.000000,0.736629,0,1
44,24,56,21,42,59,23,39,
543.000000,109.000000,0.003276,69395328.000000,0.030773,0,1
91,87,88,86,79,82,81,64,
712.000000,109.000000,0.028800,1343539328.000000,1.002774,0,1
24,19,28,13,24,28,18,22,
134.000000,110.000000,0.015520,14580417536.000000,1.434108,0,1
31,26,41,30,35,53,47,57,
383.000000,110.000000,0.006857,3652132864.000000,0.165547,0,1
77,79,60,84,67,51,81,78,
544.000000,110.000000,0.005387,104129224.000000,0.049861,0,1
88,79,82,81,70,75,64,49,
92.000000,111.000000,0.015435,9205012480.000000,1.670049,0,1
28,25,34,23,27,42,35,48,
109.000000,111.000000,0.015430,4242419712.000000,1.569987,0,1
28,33,29,43,30,30,47,55,
161.000000,111.000000,0.015045,2776410624.000000,1.261349,0,1
30,29,38,51,45,48,56,59,
66.000000,112.000000,0.015518,17520285696.000000,1.834377,0,1
34,42,27,43,33,25,39,42,
77.000000,112.000000,0.015475,14398568448.000000,1.763198,0,1
32,41,26,46,32,26,47,49,
101.000000,112.000000,0.015421,31632200.000000,0.097699,0,1
25,27,30,38,40,44,53,56,
104.000000,112.000000,0.015665,903310784.000000,0.561477,0,1
41,34,52,42,47,53,55,56,
124.000000,112.000000,0.016558,801612096.000000,1.557545,0,1
33,42,51,53,55,56,57,58,
173.000000,112.000000,0.014231,3158754560.000000,1.156119,0,1
22,23,34,36,35,44,52,58,
610.000000,112.000000,0.018940,47478764.000000,0.495485,0,1
22,22,21,19,17,15,11,10,
623.000000,112.000000,0.019176,387089984.000000,0.428811,0,1
17,11,21,9,11,24,10,12,
189.000000,113.000000,0.013845,72177232.000000,0.359498,0,1
41,30,49,33,37,37,51,58,
445.000000,113.000000,0.003561,58568408.000000,0.010022,0,1
108,94,94,81,77,83,62,59,
53.000000,114.000000,0.015517,1051498816.000000,0.646471,0,1
31,28,34,30,35,41,39,42,
478.000000,115.000000,0.000369,340340416.000000,0.004694,0,1
81,81,68,74,68,51,64,57,
592.000000,115.000000,0.015430,34893996.000000,0.384301,0,1
22,23,20,20,17,16,13,12,
210.000000,116.000000,0.012182,457477408.000000,0.882306,0,1
21,30,28,45,43,44,56,58,
506.000000,116.000000,0.004220,313283424.000000,0.053126,0,1
73,63,68,52,55,49,36,29,
155.000000,117.000000,0.027478,785272960.000000,1.148052,0,1
59,55,56,44,40,48,38,36,
370.000000,117.000000,0.001592,1611059200.000000,0.051167,0,1
82,76,80,57,62,76,38,38,
579.000000,117.000000,0.011995,54331876.000000,0.289486,0,1
22,24,23,22,18,20,12,11,
285.000000,119.000000,0.008276,400692416.000000,0.437094,0,1
38,34,33,32,32,30,28,27,
294.000000,119.000000,0.007875,1796503424.000000,0.396495,0,1
48,43,43,37,34,30,34,29,
359.000000,119.000000,0.002204,2963739.750000,0.003321,0,1
80,78,81,75,73,72,51,46,
381.000000,119.000000,0.002908,11627391.000000,0.005461,0,1
60,76,71,79,61,52,55,43,
512.000000,119.000000,0.004054,300928448.000000,0.055129,0,1
63,57,65,46,58,59,51,41,
454.000000,120.000000,0.005421,142353888.000000,0.031498,0,1
41,52,38,46,35,23,33,28,
529.000000,120.000000,0.002503,55774292.000000,0.049580,0,1
62,58,57,52,50,48,39,29,
536.000000,120.000000,0.008606,511671776.000000,0.158757,0,1
31,27,19,33,26,16,28,23,
438.000000,121.000000,0.005512,198174336.000000,0.048956,0,1
49,53,42,56,47,38,49,44,
492.000000,121.000000,0.003444,122906488.000000,0.029935,0,1
33,30,25,46,32,32,37,31,
519.000000,121.000000,0.002718,234618416.000000,0.043973,0,1
61,55,55,41,40,48,44,37,
636.000000,121.000000,0.020488,658713920.000000,0.599496,0,1
17,12,23,12,16,26,12,16,
711.000000,121.000000,0.028894,1269236992.000000,0.998365,0,1
16,11,21,10,15,25,11,14,
405.000000,122.000000,0.005655,192148880.000000,0.099346,0,1
32,35,25,25,29,22,24,22,
469.000000,122.000000,0.006109,179760176.000000,0.026057,0,1
59,42,61,22,49,60,31,38,
687.000000,122.000000,0.026079,933180608.000000,0.872293,0,1
13,10,21,10,13,25,10,13,
135.000000,123.000000,0.015512,5670877696.000000,1.425946,0,1
56,52,54,31,34,52,22,24,
296.000000,123.000000,0.007676,264771168.000000,0.382593,0,1
30,29,30,39,36,38,53,58,
472.000000,123.000000,0.003530,148774320.000000,0.041167,0,1
60,60,56,48,49,49,33,42,
118.000000,124.000000,0.015454,4275400704.000000,0.869316,0,1
50,49,43,45,26,22,36,24,
193.000000,124.000000,0.013518,1726248704.000000,1.021624,0,1
56,55,54,49,42,44,32,18,
351.000000,124.000000,0.003369,258351280.000000,0.036928,0,1
30,36,46,32,38,52,34,38,
386.000000,124.000000,0.001827,585353664.000000,0.025388,0,1
38,56,41,60,43,34,53,30,
103.000000,125.000000,0.015340,577331328.000000,0.551212,0,1
52,46,48,32,32,43,23,24,
375.000000,125.000000,0.002095,109909648.000000,0.061196,0,1
68,60,65,48,53,63,43,41,
42.000000,126.000000,0.020113,6958148096.000000,2.318668,0,1
36,37,34,32,30,28,24,22,
69.000000,126.000000,0.015340,65342572.000000,0.101728,0,1
47,46,46,39,31,30,30,22,
78.000000,126.000000,0.015514,11185150976.000000,1.759265,0,1
49,43,43,41,30,28,34,28,
94.000000,126.000000,0.015400,4190151424.000000,1.655408,0,1
52,38,47,22,31,45,23,29,
54.000000,127.000000,0.015041,5298319360.000000,1.872198,0,1
40,31,38,21,28,35,24,26,
248.000000,127.000000,0.010556,2137129728.000000,0.652070,0,1
56,56,56,42,51,53,30,34,
334.000000,127.000000,0.004286,254898480.000000,0.054269,0,1
69,54,69,36,57,63,42,41,
527.000000,127.000000,0.005006,257972688.000000,0.083674,0,1
40,37,43,23,36,41,19,18,
651.000000,127.000000,0.021785,762004416.000000,0.771546,0,1
19,14,24,12,19,24,14,19,
64.000000,128.000000,0.015299,12478466048.000000,1.829697,0,1
41,30,42,24,36,45,26,33,
108.000000,128.000000,0.017282,3371000320.000000,0.977417,0,1
34,43,28,45,36,23,40,33,
247.000000,128.000000,0.010401,2216106496.000000,0.648451,0,1
56,42,51,24,30,36,20,24,
527.000000,128.000000,0.005243,199541504.000000,0.086507,0,1
39,29,40,19,19,26,18,19,
528.000000,128.000000,0.003993,71581528.000000,0.062654,0,1
43,36,41,19,22,23,18,18,
711.000000,128.000000,0.028938,1198490240.000000,0.998126,0,1
15,12,21,9,14,25,9,13,
159.000000,129.000000,0.014942,11534970880.000000,1.263588,0,1
45,54,33,47,47,26,54,48,
270.000000,129.000000,0.009331,1919425664.000000,0.524354,0,1
57,46,51,29,30,41,22,20,
272.000000,129.000000,0.009202,2185254400.000000,0.512517,0,1
56,51,54,30,41,45,31,29,
472.000000,129.000000,0.005432,82151112.000000,0.053159,0,1
47,45,50,21,40,48,19,19,
483.000000,129.000000,0.004657,57743016.000000,0.025657,0,1
39,44,48,34,36,28,26,19,
204.000000,130.000000,0.012752,5601893376.000000,0.931865,0,1
26,18,32,18,25,32,17,23,
298.000000,130.000000,0.007644,898925312.000000,0.382879,0,1
58,54,56,38,41,52,21,18,
382.000000,130.000000,0.005723,1154935424.000000,0.137417,0,1
42,49,39,58,45,31,43,37,
313.000000,131.000000,0.004205,845783488.000000,0.206710,0,1
57,52,55,34,36,48,18,17,
426.000000,131.000000,0.005676,164331968.000000,0.062664,0,1
42,33,44,21,31,36,23,24,
78.000000,132.000000,0.015422,26002042880.000000,1.752596,0,1
30,37,25,43,33,22,38,33,
95.000000,132.000000,0.015444,10921988096.000000,1.651686,0,1
36,28,44,22,35,42,26,32,
335.000000,132.000000,0.004773,140651440.000000,0.059392,0,1
45,41,56,35,51,44,34,27,
385.000000,132.000000,0.005070,952301312.000000,0.118924,0,1
30,33,26,37,29,24,31,24,
160.000000,133.000000,0.014945,11011241984.000000,1.258527,0,1
36,49,26,52,37,25,49,39,
336.000000,133.000000,0.004994,159889232.000000,0.061434,0,1
56,51,44,34,42,32,27,20,
137.000000,135.000000,0.015647,5530963456.000000,1.422859,0,1
40,29,52,25,38,54,29,37,
192.000000,135.000000,0.013269,4801284608.000000,1.018237,0,1
36,42,22,32,37,17,41,39,
320.000000,135.000000,0.003456,27341120.000000,0.006153,0,1
27,47,26,51,27,21,48,28,
247.000000,138.000000,0.010505,3361498880.000000,0.653125,0,1
22,21,31,24,25,33,39,52,
119.000000,139.000000,0.015619,5456162816.000000,1.523233,0,1
22,30,21,33,26,21,33,40,
193.000000,139.000000,0.013496,2964512512.000000,1.020145,0,1
22,41,21,45,37,34,54,55,
204.000000,139.000000,0.012677,1762635904.000000,0.928350,0,1
21,21,30,36,37,47,52,55,
248.000000,139.000000,0.009536,2266885632.000000,0.604358,0,1
31,25,33,39,45,47,52,54,
272.000000,139.000000,0.009205,1657963264.000000,0.512578,0,1
31,28,37,41,46,48,55,57,
136.000000,140.000000,0.015371,145240816.000000,0.081978,0,1
27,24,36,37,42,53,50,53,
158.000000,140.000000,0.027399,119514816.000000,0.137945,0,1
50,41,53,46,50,55,42,49,
65.000000,141.000000,0.016376,5510412800.000000,1.905103,0,1
30,26,38,24,34,42,30,40,
487.000000,141.000000,0.014570,32025110.000000,0.044725,0,1
17,23,24,34,51,43,65,53,
62.000000,142.000000,0.018613,218573952.000000,0.735617,0,1
21,23,24,27,27,30,35,39,
73.000000,142.000000,0.017636,1572965504.000000,1.938740,0,1
24,25,29,32,35,41,42,40,
52.000000,143.000000,0.021871,388468512.000000,0.858985,0,1
21,23,24,27,30,31,37,44,
576.000000,143.000000,0.032130,356144448.000000,0.521613,0,1
21,25,19,31,24,19,37,27,
315.000000,144.000000,0.007109,920708864.000000,0.327760,0,1
55,54,53,51,41,41,37,24,
575.000000,144.000000,0.032381,516829632.000000,0.598900,0,1
25,31,24,40,37,20,43,42,
303.000000,145.000000,0.010025,588415872.000000,0.447890,0,1
55,54,50,44,35,26,34,28,
305.000000,145.000000,0.007635,1444599424.000000,0.358197,0,1
55,50,48,35,26,31,19,19,
604.000000,145.000000,0.016820,288812128.000000,0.435572,0,1
23,15,26,13,22,21,14,21,
711.000000,147.000000,0.028768,1314792320.000000,0.996943,0,1
16,12,22,10,16,26,12,16,
416.000000,148.000000,0.035437,2268862.000000,0.275633,0,1
29,28,29,32,34,35,43,48,
432.000000,148.000000,0.038040,1907994.625000,0.194577,0,1
30,30,31,38,38,39,45,48,
391.000000,149.000000,0.028763,6480992.000000,0.377940,0,1
28,29,28,33,34,34,45,47,
408.000000,149.000000,0.037252,3809977.250000,0.329033,0,1
23,29,27,38,38,38,46,49,
180.000000,150.000000,0.014252,1145542144.000000,0.653943,0,1
54,55,54,50,47,46,27,22,
377.000000,150.000000,0.027822,10648364.000000,0.445222,0,1
32,32,31,40,41,42,46,48,
135.000000,152.000000,0.016190,8259843.000000,0.093358,0,1
42,38,42,32,35,40,21,20,
136.000000,152.000000,0.015278,1197382528.000000,1.416978,0,1
42,39,46,32,39,41,21,20,
184.000000,152.000000,0.013810,3538333184.000000,0.635026,0,1
26,34,16,39,19,17,35,22,
575.000000,152.000000,0.032630,627968192.000000,0.524844,0,1
43,45,31,44,43,26,44,43,
576.000000,152.000000,0.032453,927160192.000000,0.609526,0,1
32,43,26,44,31,25,43,34,
340.000000,153.000000,0.017661,61157688.000000,0.311097,0,1
16,22,22,50,50,50,79,80,
76.000000,154.000000,0.017779,1491489920.000000,1.931694,0,1
45,39,45,27,32,43,24,27,
80.000000,154.000000,0.018723,1295674496.000000,1.129182,0,1
45,46,39,43,38,31,38,30,
92.000000,154.000000,0.018482,1072416768.000000,1.870006,0,1
42,41,37,33,26,25,24,21,
100.000000,154.000000,0.020371,1510117760.000000,1.128070,0,1
33,33,29,32,28,23,29,24,
49.000000,155.000000,0.017696,221612608.000000,0.729220,0,1
33,40,29,38,28,22,28,23,
146.000000,156.000000,0.024607,45408244.000000,0.130736,0,1
50,46,51,34,38,48,26,26,
157.000000,157.000000,0.027093,56656380.000000,0.137463,0,1
42,48,33,41,37,26,31,22,
520.000000,158.000000,0.040400,15919032.000000,0.317447,0,1
46,46,46,42,42,42,34,38,
727.000000,158.000000,0.022774,127888832.000000,0.919976,0,1
12,13,13,20,19,19,24,22,
348.000000,159.000000,0.033906,46737764.000000,0.671259,0,1
50,50,51,49,46,49,47,37,
367.000000,159.000000,0.054439,19503356.000000,0.678334,0,1
48,48,47,42,38,48,29,28,
495.000000,159.000000,0.035463,7626762.500000,0.121479,0,1
50,50,48,43,44,39,24,16,
173.000000,160.000000,0.014981,14676081.000000,0.069034,0,1
29,36,28,33,36,28,43,57,
348.000000,160.000000,0.029138,309969600.000000,0.634158,0,1
51,50,46,49,37,41,44,38,
519.000000,160.000000,0.052583,5796728.000000,0.353383,0,1
42,40,32,42,40,41,43,41,
492.000000,161.000000,0.032363,22735112.000000,0.107431,0,1
42,38,25,42,27,17,35,32,
497.000000,161.000000,0.032326,22905598.000000,0.124655,0,1
39,22,36,16,23,38,25,30,
574.000000,161.000000,0.045515,59406656.000000,0.617124,0,1
39,39,27,39,26,23,32,22,
594.000000,161.000000,0.055669,56578920.000000,0.513816,0,1
24,19,27,18,23,28,16,14,
294.000000,163.000000,0.034518,17665360.000000,0.458468,0,1
80,78,79,70,70,69,48,43,
303.000000,163.000000,0.034717,72162384.000000,0.971996,0,1
80,79,79,69,68,67,47,44,
310.000000,163.000000,0.033844,173633456.000000,0.911292,0,1
81,79,78,65,64,63,45,43,
323.000000,163.000000,0.033383,61363620.000000,0.831158,0,1
82,77,77,60,59,58,45,44,
331.000000,163.000000,0.030929,4574503.000000,0.056467,0,1
80,75,74,57,56,56,43,43,
336.000000,163.000000,0.033168,54817092.000000,0.501484,0,1
79,74,73,55,55,54,43,46,
245.000000,164.000000,0.052814,44715320.000000,0.180692,0,1
54,46,38,55,36,33,41,30,
263.000000,164.000000,0.032738,119368512.000000,1.203747,0,1
53,60,65,55,53,55,42,42,
271.000000,164.000000,0.033221,79723824.000000,1.158838,0,1
59,69,72,53,52,52,43,44,
509.000000,164.000000,0.051367,32914666.000000,0.308855,0,1
42,43,41,37,37,36,28,21,
524.000000,164.000000,0.050692,39170164.000000,0.389505,0,1
42,39,39,30,31,30,22,18,
411.000000,165.000000,0.029905,11698528.000000,0.052169,0,1
52,47,48,36,30,27,25,28,
479.000000,165.000000,0.052882,43244188.000000,0.188763,0,1
42,42,39,35,33,21,24,19,
484.000000,165.000000,0.055069,8862315.000000,0.202449,0,1
38,26,41,21,30,33,17,17,
126.000000,166.000000,0.030466,3450474752.000000,2.159511,0,1
26,23,31,21,29,36,25,30,
434.000000,166.000000,0.053274,21661664.000000,0.269103,0,1
44,43,44,39,38,37,29,24,
447.000000,166.000000,0.052206,27914358.000000,0.544607,0,1
45,43,41,35,35,34,27,23,
455.000000,166.000000,0.051624,27884346.000000,0.454721,0,1
46,40,40,32,32,31,25,23,
457.000000,166.000000,0.051261,27525504.000000,0.433086,0,1
43,40,40,32,31,30,24,22,
471.000000,166.000000,0.051389,19177708.000000,0.176597,0,1
43,38,37,27,27,27,21,20,
356.000000,167.000000,0.052493,26611852.000000,0.761114,0,1
44,40,45,41,32,44,24,24,
365.000000,167.000000,0.052331,41444024.000000,0.702476,0,1
33,43,26,44,32,26,27,21,
369.000000,167.000000,0.053357,126451160.000000,0.675297,0,1
42,33,44,26,37,43,23,23,
383.000000,167.000000,0.052607,32336798.000000,0.577890,0,1
44,36,44,33,33,41,28,26,
384.000000,167.000000,0.052820,34636820.000000,0.572060,0,1
44,41,44,29,40,40,29,26,
401.000000,167.000000,0.053615,22775886.000000,0.466012,0,1
46,44,43,37,38,37,30,26,
420.000000,167.000000,0.052384,24202688.000000,0.346806,0,1
45,41,40,32,33,33,27,24,
426.000000,167.000000,0.052092,22214138.000000,0.312732,0,1
44,40,39,32,31,30,26,24,
126.000000,168.000000,0.030487,3642606336.000000,2.161503,0,1
29,25,36,21,30,31,24,28,
370.000000,168.000000,0.053203,97651248.000000,0.669293,0,1
44,37,43,23,30,29,23,22,
83.000000,169.000000,0.033885,428984192.000000,2.643705,0,1
30,35,32,27,27,23,21,18,
325.000000,169.000000,0.053119,39616972.000000,0.991824,0,1
44,43,43,38,37,36,28,24,
555.000000,169.000000,0.055096,25695282.000000,0.510360,0,1
17,19,20,30,31,31,38,40,
251.000000,170.000000,0.050848,675620224.000000,1.091625,0,1
43,41,43,26,35,42,23,25,
264.000000,170.000000,0.045635,391411456.000000,1.386736,0,1
43,41,40,40,29,34,31,26,
302.000000,170.000000,0.048657,45195180.000000,0.798982,0,1
43,41,42,37,37,36,29,24,
311.000000,170.000000,0.053446,40313296.000000,1.100677,0,1
43,40,38,33,33,31,26,23,
317.000000,170.000000,0.051911,44726236.000000,1.044236,0,1
43,39,40,32,31,31,24,22,
518.000000,170.000000,0.054612,26719334.000000,0.381418,0,1
18,22,23,31,32,31,40,42,
524.000000,170.000000,0.055069,41054168.000000,0.427991,0,1
18,22,23,32,34,33,39,42,
536.000000,170.000000,0.054729,44747220.000000,0.511895,0,1
18,25,26,36,36,37,40,41,
263.000000,171.000000,0.052353,8327682.000000,0.993774,0,1
41,40,29,39,31,24,31,23,
276.000000,171.000000,0.047741,160682912.000000,1.318969,0,1
43,40,40,37,36,36,27,24,
287.000000,171.000000,0.047779,68028976.000000,1.235436,0,1
42,40,38,35,34,33,25,23,
295.000000,171.000000,0.047850,64343656.000000,1.175939,0,1
42,39,37,31,31,30,25,23,
478.000000,171.000000,0.055255,18230962.000000,0.224467,0,1
20,23,21,27,27,28,40,41,
449.000000,172.000000,0.054471,32841484.000000,0.557672,0,1
23,25,24,31,31,31,41,44,
494.000000,172.000000,0.053389,45685644.000000,0.289726,0,1
21,33,26,41,35,30,41,41,
497.000000,172.000000,0.053323,53093908.000000,0.294914,0,1
24,28,35,28,37,41,34,40,
134.000000,173.000000,0.043978,18832616.000000,0.246815,0,1
37,34,37,26,31,36,24,23,
150.000000,173.000000,0.046605,822058048.000000,2.364601,0,1
40,40,40,37,35,36,27,26,
243.000000,173.000000,0.049982,139471616.000000,1.608421,0,1
39,39,34,28,26,21,23,22,
413.000000,173.000000,0.053727,24504674.000000,0.410191,0,1
26,27,27,33,33,34,41,43,
428.000000,173.000000,0.053709,30894496.000000,0.329681,0,1
25,27,26,37,38,38,43,44,
385.000000,174.000000,0.052439,24330434.000000,0.579968,0,1
24,25,27,28,34,35,41,45,
399.000000,174.000000,0.051059,21802052.000000,0.344089,0,1
28,31,31,39,39,40,45,44,
702.000000,174.000000,0.056739,48237972.000000,1.205612,0,1
15,15,16,16,20,20,20,22,
346.000000,175.000000,0.051998,33475422.000000,0.845418,0,1
21,22,22,31,33,34,42,44,
353.000000,175.000000,0.052079,75673560.000000,0.795235,0,1
19,22,21,34,37,26,41,44,
69.000000,176.000000,0.033826,39526432.000000,2.774462,0,1
32,35,28,32,30,22,24,22,
146.000000,176.000000,0.049256,124385968.000000,2.451679,0,1
38,36,34,31,31,29,24,21,
346.000000,176.000000,0.050842,33719700.000000,0.840211,0,1
22,32,33,43,44,42,44,43,
369.000000,176.000000,0.054657,24016310.000000,0.699477,0,1
28,29,40,26,40,43,30,39,
383.000000,176.000000,0.052981,26228988.000000,0.600494,0,1
28,28,41,37,35,45,39,41,
384.000000,176.000000,0.052501,20803552.000000,0.592068,0,1
32,32,43,31,42,44,40,42,
576.000000,176.000000,0.031617,116219712.000000,0.187128,0,1
29,39,21,41,32,18,40,33,
355.000000,177.000000,0.051997,61260172.000000,0.784885,0,1
26,40,24,44,33,41,42,41,
281.000000,178.000000,0.016643,95666368.000000,0.279789,0,1
22,18,25,15,21,25,16,23,
365.000000,178.000000,0.052972,123810400.000000,0.724287,0,1
36,43,28,43,36,26,41,37,
174.000000,181.000000,0.026234,113473048.000000,1.076547,0,1
21,21,19,22,26,15,31,20,
317.000000,181.000000,0.031442,4435595.000000,0.373179,0,1
27,22,23,16,18,15,13,11,
328.000000,181.000000,0.020180,1994258.750000,0.031763,0,1
13,16,23,16,23,33,21,23,
696.000000,181.000000,0.055194,99049760.000000,1.311312,0,1
17,20,15,27,22,17,27,28,
541.000000,182.000000,0.055129,8300267.000000,0.473720,0,1
38,38,39,39,39,39,26,30,
548.000000,182.000000,0.055067,9780637.000000,0.575961,0,1
37,39,39,38,39,37,26,33,
552.000000,182.000000,0.055378,11162470.000000,0.527233,0,1
37,39,38,37,37,36,25,33,
575.000000,182.000000,0.038318,46304384.000000,0.231173,0,1
36,34,33,28,25,25,22,23,
220.000000,183.000000,0.021913,172356576.000000,0.481288,0,1
14,22,16,29,24,15,32,20,
290.000000,183.000000,0.023626,9136881.000000,0.060297,0,1
16,13,24,13,19,27,13,17,
480.000000,183.000000,0.052787,20880642.000000,0.294603,0,1
39,41,30,40,40,28,33,26,
493.000000,183.000000,0.055565,8854422.000000,0.386131,0,1
39,40,39,40,39,40,29,31,
502.000000,183.000000,0.050149,10119672.000000,0.398442,0,1
39,41,40,38,38,38,26,33,
505.000000,183.000000,0.054576,7279649.500000,0.406690,0,1
38,40,40,38,37,37,26,34,
512.000000,183.000000,0.056498,6787737.500000,0.404628,0,1
38,41,40,36,36,36,26,37,
520.000000,183.000000,0.055629,8026457.000000,0.438369,0,1
36,39,39,34,33,33,27,37,
528.000000,183.000000,0.055463,7618419.000000,0.319472,0,1
38,40,39,31,31,31,27,38,
290.000000,184.000000,0.021874,10501668.000000,0.057561,0,1
17,13,27,13,18,29,13,18,
447.000000,184.000000,0.051827,7920898.000000,0.317401,0,1
42,41,40,41,41,40,32,34,
470.000000,184.000000,0.055392,6830945.500000,0.295931,0,1
40,40,40,37,36,35,28,37,
479.000000,184.000000,0.053010,19197058.000000,0.303501,0,1
41,40,40,34,33,28,28,39,
552.000000,184.000000,0.055234,6107456.000000,0.308769,0,1
37,25,25,31,33,33,39,38,
560.000000,184.000000,0.054439,10449551.000000,0.426274,0,1
34,25,25,34,34,35,38,37,
680.000000,184.000000,0.055798,76792064.000000,1.245980,0,1
28,23,25,19,23,28,36,40,
413.000000,185.000000,0.054534,11867506.000000,0.465030,0,1
43,42,42,39,39,39,32,38,
418.000000,185.000000,0.051880,10816060.000000,0.437055,0,1
41,42,43,39,38,37,32,38,
429.000000,185.000000,0.050841,12881555.000000,0.387549,0,1
41,42,41,36,36,35,33,39,
432.000000,185.000000,0.052458,7164209.000000,0.187184,0,1
42,42,41,35,35,36,33,39,
495.000000,185.000000,0.055270,4792652.500000,0.231171,0,1
40,29,29,31,32,32,39,39,
511.000000,185.000000,0.054520,8711490.000000,0.273151,0,1
37,27,26,35,36,37,39,39,
640.000000,185.000000,0.054700,87083616.000000,0.917167,0,1
16,18,19,23,29,29,38,44,
92.000000,186.000000,0.025300,96282776.000000,1.355336,0,1
21,25,20,30,23,19,26,23,
249.000000,186.000000,0.053301,36950388.000000,0.800121,0,1
18,25,13,27,19,13,24,20,
298.000000,186.000000,0.016023,8254807.000000,0.035057,0,1
33,24,28,16,22,19,17,14,
344.000000,186.000000,0.035055,15165517.000000,0.052829,0,1
40,31,42,17,40,41,27,30,
454.000000,186.000000,0.055407,5322512.000000,0.149127,0,1
38,30,30,35,34,34,40,40,
608.000000,186.000000,0.055147,39883872.000000,0.575004,0,1
13,15,15,24,25,25,40,46,
183.000000,187.000000,0.013817,13393032.000000,0.062273,0,1
20,16,22,17,27,35,28,41,
378.000000,187.000000,0.055162,9362309.000000,0.681043,0,1
42,32,33,32,33,34,42,42,
396.000000,187.000000,0.053438,16685549.000000,0.566307,0,1
41,32,33,36,35,36,42,43,
574.000000,187.000000,0.037463,14031498.000000,0.135315,0,1
22,35,24,42,33,37,42,46,
580.000000,187.000000,0.054629,12719443.000000,0.356493,0,1
21,27,19,34,29,28,41,45,
588.000000,187.000000,0.056196,12522506.000000,0.383656,0,1
27,24,30,33,32,35,41,49,
369.000000,188.000000,0.052275,31691318.000000,0.722433,0,1
30,27,32,28,36,41,29,34,
246.000000,189.000000,0.051280,49873004.000000,1.152122,0,1
22,16,27,14,23,26,16,21,
545.000000,189.000000,0.057098,78165840.000000,0.661231,0,1
42,43,43,39,44,46,50,54,
219.000000,190.000000,0.021493,88975280.000000,0.083279,0,1
21,34,19,39,28,15,37,29,
262.000000,190.000000,0.052446,21334148.000000,0.760728,0,1
13,13,14,17,18,19,21,21,
534.000000,190.000000,0.054425,51166952.000000,0.461736,0,1
44,50,46,66,57,53,67,68,
319.000000,191.000000,0.053206,74465144.000000,0.542207,0,1
19,14,14,18,19,20,34,59,
327.000000,191.000000,0.051879,20463094.000000,0.099765,0,1
17,14,13,20,19,20,38,51,
341.000000,191.000000,0.052509,24194828.000000,0.089794,0,1
13,13,15,23,23,32,43,53,
357.000000,191.000000,0.053788,47844832.000000,0.817856,0,1
42,41,41,46,46,47,52,54,
367.000000,191.000000,0.053488,86088928.000000,0.753812,0,1
28,31,27,42,30,36,44,47,
167.000000,192.000000,0.026836,104051168.000000,0.134437,0,1
17,17,26,16,22,41,19,24,
168.000000,192.000000,0.027360,142957504.000000,0.136684,0,1
19,20,34,16,31,42,24,28,
287.000000,192.000000,0.052995,145833616.000000,0.946544,0,1
20,18,16,27,25,26,44,51,
304.000000,192.000000,0.052963,155517216.000000,0.856192,0,1
16,16,16,30,28,30,50,53,
317.000000,192.000000,0.053178,119694328.000000,0.549495,0,1
14,19,18,32,33,35,52,69,
320.000000,192.000000,0.052938,105124104.000000,0.535697,0,1
14,19,20,34,36,35,59,64,
344.000000,192.000000,0.055353,68583960.000000,0.918067,0,1
37,32,44,45,49,51,53,55,
389.000000,192.000000,0.053947,137965696.000000,0.620346,0,1
43,48,48,55,59,52,74,61,
510.000000,192.000000,0.056920,47255188.000000,0.495154,0,1
48,46,45,52,52,52,55,56,
533.000000,192.000000,0.052408,30298776.000000,0.523143,0,1
63,63,68,54,63,71,56,56,
159.000000,193.000000,0.025941,65410248.000000,0.134004,0,1
16,26,14,29,20,17,26,24,
256.000000,193.000000,0.053455,99519216.000000,1.123760,0,1
22,21,22,32,33,35,49,50,
264.000000,193.000000,0.053008,211433136.000000,1.069755,0,1
20,22,22,36,37,38,49,51,
223.000000,194.000000,0.052827,83816360.000000,1.845647,0,1
21,20,20,28,29,31,44,53,
231.000000,194.000000,0.052942,153312752.000000,1.776544,0,1
21,20,20,35,37,38,51,57,
239.000000,194.000000,0.052656,89247336.000000,0.845690,0,1
20,20,22,41,42,45,60,57,
240.000000,194.000000,0.052562,53999136.000000,0.198098,0,1
21,21,21,41,44,43,63,55,
251.000000,194.000000,0.052462,81720928.000000,0.795379,0,1
20,27,30,45,52,51,63,49,
198.000000,196.000000,0.051331,169862576.000000,2.039838,0,1
34,35,35,48,49,50,52,53,
302.000000,199.000000,0.060819,19941454.000000,0.663684,0,1
58,58,63,61,72,85,83,71,
550.000000,199.000000,0.066174,13933766.000000,0.386780,0,1
58,65,58,84,70,60,87,89,
552.000000,199.000000,0.065598,13520533.000000,0.461872,0,1
59,58,58,70,60,58,80,87,
304.000000,200.000000,0.062728,7106840.500000,0.162049,0,1
69,80,84,85,76,62,64,59,
374.000000,202.000000,0.068163,24458170.000000,0.611368,0,1
53,54,63,54,65,80,61,75,
678.000000,202.000000,0.072987,34977616.000000,1.554096,0,1
57,56,55,51,50,49,48,51,
289.000000,204.000000,0.067935,11355752.000000,0.778365,0,1
58,60,62,61,68,84,82,79,
519.000000,205.000000,0.075692,43083284.000000,0.593270,0,1
54,54,53,55,55,54,67,63,
535.000000,205.000000,0.075372,23536162.000000,0.664540,0,1
55,55,54,56,55,56,68,60,
539.000000,205.000000,0.075270,22364288.000000,0.681291,0,1
56,54,54,56,54,55,69,60,
601.000000,205.000000,0.074850,20821344.000000,0.996196,0,1
61,59,59,61,62,61,68,66,
634.000000,205.000000,0.076874,26467832.000000,1.076818,0,1
56,57,58,64,64,64,70,62,
472.000000,206.000000,0.075386,29409438.000000,0.684093,0,1
53,52,51,51,51,50,64,58,
505.000000,206.000000,0.074664,32520436.000000,0.550100,0,1
54,54,54,58,58,60,68,58,
560.000000,206.000000,0.075396,146169264.000000,0.484735,0,1
60,90,66,84,80,60,63,57,
598.000000,206.000000,0.075723,66237688.000000,0.892330,0,1
58,59,61,62,66,68,68,67,
282.000000,207.000000,0.070508,4878713.000000,0.226272,0,1
61,60,64,63,74,88,87,75,
367.000000,207.000000,0.072792,30305718.000000,0.492386,0,1
49,48,48,48,52,66,55,65,
398.000000,207.000000,0.074416,16532000.000000,0.715251,0,1
47,48,47,51,51,50,56,59,
406.000000,207.000000,0.074827,24199786.000000,0.672192,0,1
48,48,49,50,52,52,57,57,
408.000000,207.000000,0.074617,24565588.000000,0.659674,0,1
50,49,49,52,52,51,59,57,
434.000000,207.000000,0.074544,27929178.000000,1.014820,0,1
51,50,50,55,55,54,60,52,
440.000000,207.000000,0.074694,30971516.000000,0.951399,0,1
49,48,51,51,56,58,57,52,
379.000000,208.000000,0.075130,9568722.000000,0.837512,0,1
50,49,49,50,51,51,58,52,
472.000000,208.000000,0.075579,28065900.000000,0.702954,0,1
51,64,58,59,58,55,52,53,
487.000000,208.000000,0.075095,26825570.000000,0.512739,0,1
53,61,67,55,54,56,51,51,
495.000000,208.000000,0.075024,36670632.000000,0.530331,0,1
56,64,70,56,57,56,52,51,
498.000000,208.000000,0.075122,37777272.000000,0.537964,0,1
56,70,68,58,56,56,53,52,
504.000000,208.000000,0.074785,35439668.000000,0.556508,0,1
58,69,68,57,58,58,53,52,
516.000000,208.000000,0.074738,34471240.000000,0.596012,0,1
64,65,65,55,56,56,53,53,
526.000000,208.000000,0.075922,31812610.000000,0.581981,0,1
69,62,62,55,54,55,52,53,
557.000000,208.000000,0.075254,64801796.000000,0.699678,0,1
82,64,64,56,57,57,54,54,
560.000000,208.000000,0.075735,109613400.000000,0.715962,0,1
80,63,63,58,57,58,56,55,
311.000000,209.000000,0.073457,15060866.000000,0.996883,0,1
61,58,58,60,60,60,73,68,
316.000000,209.000000,0.073127,19457958.000000,1.275517,0,1
61,57,57,61,62,61,75,65,
338.000000,209.000000,0.073548,20658616.000000,1.110165,0,1
54,55,54,59,60,59,67,58,
369.000000,209.000000,0.075526,43776916.000000,0.686457,0,1
66,73,72,65,68,59,53,50,
415.000000,209.000000,0.074274,20662410.000000,0.631681,0,1
52,58,57,55,55,53,49,50,
434.000000,209.000000,0.075167,29546040.000000,1.031506,0,1
55,60,58,52,52,51,50,49,
271.000000,210.000000,0.072924,35112732.000000,1.649940,0,1
60,56,56,57,59,60,68,63,
288.000000,210.000000,0.072354,22749112.000000,1.136248,0,1
62,61,59,66,67,67,74,62,
599.000000,210.000000,0.078942,48936876.000000,0.921911,0,1
68,67,74,60,66,79,60,61,
212.000000,211.000000,0.072112,25208342.000000,2.169955,0,1
59,58,58,58,60,61,66,56,
277.000000,211.000000,0.073681,33572868.000000,0.251225,0,1
67,82,91,74,80,75,64,60,
263.000000,212.000000,0.073952,42005268.000000,0.942150,0,1
61,67,70,62,63,64,57,58,
174.000000,213.000000,0.073161,36956172.000000,1.359517,0,1
64,75,79,71,73,71,60,55,
149.000000,215.000000,0.071776,23919252.000000,2.803547,0,1
59,66,67,56,55,56,54,56,
155.000000,215.000000,0.071411,18593440.000000,2.729873,0,1
60,64,63,55,55,55,55,56,
125.000000,216.000000,0.071936,18046662.000000,3.050449,0,1
62,67,68,58,58,56,55,54,
129.000000,216.000000,0.071696,16290540.000000,3.013181,0,1
63,68,68,56,55,55,55,53,
136.000000,216.000000,0.072611,15799106.000000,2.965271,0,1
65,64,63,53,53,53,51,52,
615.000000,218.000000,0.088610,44839716.000000,0.786617,0,1
86,72,89,53,62,86,54,57,
673.000000,221.000000,0.095548,15052062.000000,1.118453,0,1
60,61,60,62,61,60,74,73,
683.000000,221.000000,0.095662,12588985.000000,1.162415,0,1
61,61,61,63,64,64,76,74,
654.000000,222.000000,0.094411,19750532.000000,1.311503,0,1
59,58,60,65,66,66,70,61,
663.000000,222.000000,0.095066,13316610.000000,0.583636,0,1
61,62,62,70,72,73,76,63,
674.000000,224.000000,0.096185,23337952.000000,1.133777,0,1
75,73,73,67,66,65,64,62,
684.000000,224.000000,0.096682,21343292.000000,1.173521,0,1
76,74,73,62,61,61,60,59,
530.000000,225.000000,0.092359,2733841.750000,0.915180,0,1
52,51,50,55,53,50,58,59,
657.000000,227.000000,0.099413,37462472.000000,1.465374,0,1
60,58,55,57,47,40,55,51,
664.000000,227.000000,0.100740,25021764.000000,1.699242,0,1
60,55,59,41,51,57,54,58,
547.000000,229.000000,0.099163,3787902.500000,0.898021,0,1
50,51,49,57,54,53,58,57,
647.000000,234.000000,0.105012,5999822.000000,1.386523,0,1
67,65,71,59,63,72,59,59,
658.000000,238.000000,0.111429,23825218.000000,1.458405,0,1
64,64,67,59,68,75,61,60,
672.000000,238.000000,0.112981,8892028.000000,1.637597,0,1
55,53,55,47,50,54,41,52,
665.000000,239.000000,0.110981,23129512.000000,0.723900,0,1
54,60,50,77,63,47,79,78,
508.000000,240.000000,0.115253,3808627.500000,0.774656,0,1
51,52,50,53,52,51,54,57,
666.000000,240.000000,0.112179,23759982.000000,0.735414,0,1
50,63,47,79,68,58,78,72,
519.000000,243.000000,0.115418,4864462.500000,0.825452,0,1
50,52,52,58,57,54,60,59,
84.000000,252.000000,0.110411,6590730.000000,3.956872,0,1
51,52,51,54,54,54,55,56,
282.000000,254.000000,0.118222,11322130.000000,1.922216,0,1
57,57,58,57,57,57,54,50,
548.000000,254.000000,0.122566,1926753.375000,1.279756,0,1
51,54,51,55,55,52,56,58,
554.000000,256.000000,0.126761,2424151.750000,1.327328,0,1
52,52,51,56,53,50,57,58,
567.000000,259.000000,0.130635,11557502.000000,1.418687,0,1
60,57,59,50,54,58,50,52,
568.000000,259.000000,0.126675,3832097.750000,1.410018,0,1
60,59,59,52,56,58,50,52,
392.000000,260.000000,0.121752,848124.500000,1.006785,0,1
52,51,51,50,50,50,49,48,
150.000000,262.000000,0.122496,32223100.000000,3.292037,0,1
58,57,58,52,54,55,50,49,
623.000000,271.000000,0.145579,36066540.000000,1.255460,0,1
54,54,54,52,50,49,43,37,
624.000000,271.000000,0.145872,33008414.000000,0.930511,0,1
54,55,53,50,50,49,41,34,
263.000000,272.000000,0.137380,8256838.000000,1.461253,0,1
50,43,49,49,51,53,54,54,
621.000000,272.000000,0.145131,27479270.000000,1.792074,0,1
54,53,50,54,48,41,54,53,
631.000000,272.000000,0.146982,25437188.000000,0.966911,0,1
54,51,53,42,46,51,32,34,
360.000000,274.000000,0.139114,5218198.500000,1.507284,0,1
50,47,50,53,53,52,55,55,
422.000000,276.000000,0.152638,1031291.625000,1.068545,0,1
49,50,49,54,53,52,57,57,
231.000000,277.000000,0.142019,109948584.000000,0.963910,0,1
52,51,53,52,53,54,62,79,
144.000000,278.000000,0.141233,255552976.000000,1.227288,0,1
52,53,53,55,59,59,75,78,
167.000000,278.000000,0.141440,294350944.000000,1.156667,0,1
51,51,51,57,54,53,69,79,
195.000000,278.000000,0.142046,451137536.000000,1.075839,0,1
48,49,53,60,62,61,77,84,
203.000000,278.000000,0.142272,331771392.000000,1.053663,0,1
54,57,57,62,64,65,79,81,
214.000000,278.000000,0.142236,464443936.000000,1.019774,0,1
52,54,54,63,61,63,81,85,
218.000000,278.000000,0.142508,463557696.000000,1.010659,0,1
54,56,55,63,64,65,81,80,
238.000000,278.000000,0.143029,92752840.000000,0.603941,0,1
52,53,53,63,64,62,80,82,
65.000000,279.000000,0.139754,231897040.000000,1.458226,0,1
49,51,50,57,57,58,72,76,
78.000000,279.000000,0.140057,237874576.000000,1.422325,0,1
49,51,52,58,59,61,76,79,
83.000000,279.000000,0.140241,323537376.000000,1.409390,0,1
50,51,50,61,62,63,74,75,
91.000000,279.000000,0.140298,315939360.000000,1.385079,0,1
52,54,54,63,64,64,80,83,
111.000000,279.000000,0.140826,459165472.000000,1.329306,0,1
52,54,53,70,72,73,84,80,
125.000000,279.000000,0.140997,512418624.000000,1.287112,0,1
54,56,56,72,76,78,85,80,
128.000000,279.000000,0.140993,587428096.000000,1.277497,0,1
55,55,57,78,77,76,86,79,
154.000000,279.000000,0.141384,391091360.000000,1.199787,0,1
55,58,55,72,73,73,77,70,
183.000000,279.000000,0.142260,154772000.000000,1.118665,0,1
54,55,55,64,68,75,70,65,
252.000000,279.000000,0.144594,38729788.000000,2.396574,0,1
53,58,53,63,57,52,57,51,
75.000000,280.000000,0.140148,247717040.000000,1.434941,0,1
50,58,58,72,75,76,77,66,
157.000000,281.000000,0.144437,316238176.000000,1.234066,0,1
72,75,76,70,70,73,58,52,
167.000000,281.000000,0.144714,392199712.000000,1.205095,0,1
71,78,79,71,69,68,56,51,
170.000000,281.000000,0.144628,298048096.000000,1.194308,0,1
70,77,72,68,67,66,56,52,
186.000000,281.000000,0.144929,614257344.000000,1.146528,0,1
76,78,83,65,69,77,54,50,
198.000000,281.000000,0.145397,506394336.000000,1.113890,0,1
79,84,84,73,73,73,60,55,
211.000000,281.000000,0.145640,118818640.000000,0.679457,0,1
81,85,85,73,71,69,58,54,
235.000000,281.000000,0.146009,140275056.000000,0.632456,0,1
78,83,83,65,67,69,56,55,
47.000000,282.000000,0.142502,72235888.000000,1.019266,0,1
69,73,74,67,66,64,54,51,
80.000000,282.000000,0.142950,321791904.000000,1.465298,0,1
75,78,76,65,66,66,55,51,
117.000000,282.000000,0.143472,624080064.000000,1.353651,0,1
86,82,85,64,63,61,54,52,
130.000000,282.000000,0.143942,526878368.000000,1.317938,0,1
87,80,82,63,63,60,53,51,
287.000000,283.000000,0.152255,1623108.625000,1.729525,0,1
58,56,56,54,54,53,49,47,
288.000000,283.000000,0.142270,1231075.875000,1.715189,0,1
57,57,56,54,54,53,49,46,
455.000000,287.000000,0.153918,3086621.500000,1.777896,0,1
58,55,60,54,56,58,53,53,
231.000000,288.000000,0.155513,14437790.000000,0.711977,0,1
55,56,70,58,67,81,64,71,
240.000000,288.000000,0.153082,12214558.000000,1.689183,0,1
74,71,63,74,61,57,59,55,
296.000000,201.000000,0.065163,13853443.000000,0.727359,0,1
57,57,60,58,67,81,77,83,
719.000000,71.000000,0.029609,5046144.000000,0.192840,0,1
45,48,45,46,39,31,25,28,
704.000000,188.000000,0.057808,17549474.000000,1.244215,0,1
21,24,21,35,30,23,40,43,
62.000000,84.000000,0.015365,1531876480.000000,1.855802,0,1
63,61,61,54,51,48,36,44,
575.000000,86.000000,0.003618,5125490.000000,0.020124,0,1
113,116,122,123,132,137,135,135,
562.000000,87.000000,0.004571,6051504640.000000,0.125569,0,1
102,109,94,116,95,71,106,90,
602.000000,87.000000,0.015736,1375520512.000000,0.103057,0,1
65,118,42,138,67,37,61,28,
601.000000,88.000000,0.015572,817729024.000000,0.101364,0,1
118,138,67,76,61,35,30,29,
207.000000,92.000000,0.009703,149731040.000000,0.764217,0,1
67,61,63,43,48,47,35,49,
726.000000,92.000000,0.011961,24539734.000000,0.614254,0,1
23,23,23,21,20,16,11,5,
576.000000,173.000000,0.031899,384733536.000000,0.452363,0,1
24,39,16,40,29,11,36,30,
238.000000,101.000000,0.010826,10256958464.000000,0.707911,0,1
38,56,42,60,44,32,57,45,
531.000000,102.000000,0.002824,109461112.000000,0.011892,0,1
128,116,90,109,88,64,100,91,
214.000000,104.000000,0.013654,113767448.000000,0.556891,0,1
57,44,53,35,33,49,30,27,
531.000000,104.000000,0.003413,338735744.000000,0.029623,0,1
88,100,66,101,91,86,102,97,
555.000000,104.000000,0.010906,618445376.000000,0.054252,0,1
77,99,48,100,74,42,96,72,
494.000000,108.000000,0.003885,122336792.000000,0.019954,0,1
104,88,83,84,68,66,56,35,
543.000000,114.000000,0.005944,437392640.000000,0.089094,0,1
70,77,50,70,61,52,53,30,
351.000000,119.000000,0.003137,6288947.000000,0.005253,0,1
74,60,77,56,63,74,47,38,
498.000000,120.000000,0.004200,409471840.000000,0.042153,0,1
57,40,59,32,44,42,30,38,
159.000000,125.000000,0.015021,14488908800.000000,1.268062,0,1
51,53,29,49,45,24,54,45,
358.000000,131.000000,0.006782,2169206.000000,0.010221,0,1
46,46,42,41,34,26,25,22,
616.000000,215.000000,0.086148,17352266.000000,0.759062,0,1
60,61,60,74,66,56,86,89,
459.000000,206.000000,0.070908,65116572.000000,0.233845,0,1
70,54,91,54,64,97,64,62,
464.000000,205.000000,0.071840,62943412.000000,0.245524,0,1
65,98,57,99,82,55,100,89,
378.000000,202.000000,0.066825,40285732.000000,0.123898,0,1
80,81,79,80,72,54,67,54,
689.000000,76.000000,0.024444,94264264.000000,0.942365,0,1
21,21,22,25,28,32,38,38,
383.000000,198.000000,0.062307,36483320.000000,0.108046,0,1
80,83,79,84,72,55,68,52,
459.000000,192.000000,0.056587,59443808.000000,0.165425,0,1
48,61,66,51,75,76,67,82,
663.000000,180.000000,0.055191,25738238.000000,1.018580,0,1
27,27,26,21,20,19,15,12,
481.000000,175.000000,0.053466,33834388.000000,0.176195,0,1
28,41,26,41,28,26,39,28,
257.000000,95.000000,0.010386,184926128.000000,0.623481,0,1
72,69,70,51,58,66,38,40,
557.000000,96.000000,0.011202,140627376.000000,0.056932,0,1
138,136,118,128,92,41,58,36,
560.000000,96.000000,0.010995,129954408.000000,0.056807,0,1
121,99,47,64,31,30,31,35,
279.000000,164.000000,0.033985,4467698.000000,0.084301,0,1
76,73,74,54,52,51,43,44,
329.000000,153.000000,0.017631,52523684.000000,0.340562,0,1
15,17,20,39,41,44,70,70,
496.000000,112.000000,0.004638,849180224.000000,0.049332,0,1
58,50,74,54,51,76,40,49,
