# timestamp
1608635197489962240

# fx, fy, cx, cy, width, height, npoints
501.482361,501.475525,421.795715,167.663864,800,400,400

# camToWorld: translation vector, rotation quaternion
-8.760765,54.784120,3.932032,-0.676244,0.015415,0.005344,0.736497

# Exposure time (ms)
0.622333

# Point Cloud Data : 
# u,v,idepth_scaled,idepth_hessian,maxRelBaseline,numGoodRes,status 
# color information 
754.000000,59.000000,0.283882,410516736.000000,1.307941,0,1
46,69,38,82,54,29,80,60,
754.000000,67.000000,0.284721,412514848.000000,1.300882,0,1
68,85,48,97,69,37,83,69,
744.000000,71.000000,0.275917,459403584.000000,1.242047,0,1
44,26,69,18,43,81,24,40,
744.000000,86.000000,0.287777,12819736.000000,1.409159,0,1
26,24,45,31,41,56,52,60,
744.000000,148.000000,0.333655,20690036.000000,1.328155,0,1
70,67,63,51,45,38,26,17,
740.000000,224.000000,0.344029,3469399.500000,1.227809,0,1
35,38,34,61,48,38,51,38,
70.000000,14.000000,0.268919,1232579328.000000,2.018698,0,1
94,142,87,195,90,83,132,93,
126.000000,14.000000,0.214531,49413712.000000,0.603903,0,1
255,212,255,152,205,254,170,174,
112.000000,18.000000,0.228889,54735864.000000,0.459685,0,1
254,185,254,85,144,235,84,83,
60.000000,19.000000,0.269799,64408636.000000,0.609795,0,1
255,212,248,110,170,242,130,168,
99.000000,20.000000,0.236389,52371680.000000,0.356245,0,1
134,171,123,242,194,119,255,255,
739.000000,20.000000,0.272607,1186291968.000000,1.471361,0,1
31,28,58,28,36,85,30,38,
740.000000,20.000000,0.272600,1450724864.000000,1.474154,0,1
62,34,85,29,56,102,38,51,
106.000000,21.000000,0.232645,71631328.000000,0.472447,0,1
68,104,66,161,146,69,146,131,
70.000000,22.000000,0.268912,733305024.000000,2.002758,0,1
90,112,88,156,88,86,101,85,
693.000000,24.000000,0.241088,11423996.000000,1.246927,0,1
50,53,47,52,42,30,36,28,
64.000000,48.000000,0.269929,149475648.000000,0.834696,0,1
234,209,171,112,156,116,115,145,
744.000000,63.000000,0.275748,369168000.000000,1.251000,0,1
58,30,73,19,54,87,29,51,
50.000000,69.000000,0.281938,43688604.000000,0.621550,0,1
240,243,218,143,197,234,89,64,
53.000000,71.000000,0.278854,26449688.000000,0.420577,0,1
255,199,253,75,136,193,62,55,
738.000000,97.000000,0.284563,6409664.000000,1.367788,0,1
53,51,52,48,46,33,27,22,
712.000000,122.000000,0.296283,10390451.000000,1.277721,0,1
30,29,35,30,34,40,34,38,
731.000000,150.000000,0.321055,23136998.000000,1.254076,0,1
68,68,63,55,47,38,25,22,
738.000000,190.000000,0.347895,2298579.750000,1.337907,0,1
33,44,43,26,30,36,14,14,
739.000000,208.000000,0.189381,4201378.000000,0.812459,0,1
41,35,38,23,23,25,15,14,
52.000000,210.000000,0.313515,6854434.500000,3.552718,0,1
26,23,29,21,25,30,23,25,
53.000000,226.000000,0.318221,20316906.000000,3.556312,0,1
24,22,30,22,29,41,42,30,
53.000000,259.000000,0.295390,11503541.000000,2.079149,0,1
18,19,22,22,27,37,38,29,
64.000000,278.000000,0.328427,7981670.000000,2.149037,0,1
21,25,18,27,21,17,25,22,
51.000000,293.000000,0.324502,16529484.000000,3.652755,0,1
17,17,23,18,24,36,34,34,
651.000000,292.000000,0.252632,18542484.000000,0.952491,0,1
21,51,20,96,67,22,99,98,
597.000000,289.000000,0.253101,12820798.000000,0.802997,0,1
100,89,100,54,75,104,53,52,
662.000000,23.000000,0.224948,24379498.000000,1.121369,0,1
71,70,59,69,55,34,47,30,
506.000000,9.000000,0.104816,196832736.000000,0.170977,0,1
214,113,254,93,214,255,107,213,
133.000000,19.000000,0.206688,45275216.000000,0.549465,0,1
255,226,255,150,225,255,142,190,
507.000000,48.000000,0.103195,178639808.000000,0.155567,0,1
218,115,252,107,215,255,113,208,
120.000000,54.000000,0.219995,51726856.000000,0.413997,0,1
246,200,254,126,162,236,174,192,
87.000000,85.000000,0.253784,90668616.000000,0.753115,0,1
238,175,234,83,147,176,72,65,
197.000000,85.000000,0.153428,67376080.000000,0.231852,0,1
51,116,53,208,134,59,203,196,
95.000000,88.000000,0.243268,79164440.000000,0.697013,0,1
249,211,212,96,163,198,77,68,
99.000000,90.000000,0.239423,100970776.000000,0.674526,0,1
226,182,204,84,129,185,69,67,
108.000000,112.000000,0.284230,42517816.000000,2.865851,0,1
57,51,55,39,43,51,38,35,
112.000000,113.000000,0.281280,39464676.000000,2.805463,0,1
62,56,60,41,49,58,39,37,
118.000000,138.000000,0.274286,13174443.000000,2.660366,0,1
41,45,49,41,43,47,40,41,
702.000000,167.000000,0.053402,15310397.000000,0.107076,0,1
47,56,40,60,52,38,62,54,
429.000000,169.000000,0.048337,31301514.000000,0.072846,0,1
248,255,249,255,255,168,255,202,
727.000000,209.000000,0.180993,9028142.000000,1.008643,0,1
35,23,29,15,18,19,12,14,
704.000000,226.000000,0.178242,6546219.500000,0.712680,0,1
34,32,36,20,20,26,10,9,
232.000000,227.000000,0.027215,57128744.000000,0.306344,0,1
39,36,42,28,30,33,23,23,
692.000000,275.000000,0.301742,11750206.000000,1.040847,0,1
43,57,59,29,42,57,26,24,
424.000000,285.000000,0.153453,2956924.000000,0.482447,0,1
68,75,68,77,71,70,79,76,
648.000000,290.000000,0.252226,24336942.000000,1.050584,0,1
26,49,28,93,60,29,95,97,
608.000000,297.000000,0.265593,17216752.000000,0.779526,0,1
104,88,103,51,77,106,51,49,
661.000000,298.000000,0.266024,17567568.000000,1.021512,0,1
30,54,30,93,70,35,94,94,
648.000000,33.000000,0.211767,28735840.000000,1.023566,0,1
72,70,53,68,47,30,41,28,
633.000000,20.000000,0.042932,134769136.000000,0.319422,0,1
64,62,66,65,66,73,67,70,
506.000000,22.000000,0.105516,715696448.000000,0.331315,0,1
177,105,255,94,168,255,105,161,
506.000000,30.000000,0.105628,624919104.000000,0.319442,0,1
155,105,245,99,157,255,105,158,
620.000000,30.000000,0.043278,29820038.000000,0.305437,0,1
58,56,62,55,65,69,65,70,
633.000000,31.000000,0.042731,69799256.000000,0.313365,0,1
71,68,74,67,64,73,64,66,
122.000000,35.000000,0.217825,90731128.000000,0.591616,0,1
152,144,134,246,192,122,253,254,
137.000000,35.000000,0.207358,61912632.000000,0.533676,0,1
248,217,249,95,179,255,91,90,
140.000000,37.000000,0.205248,61967344.000000,0.521077,0,1
253,200,252,101,186,245,90,87,
150.000000,44.000000,0.197722,84654160.000000,0.801160,0,1
253,208,255,99,183,249,95,96,
105.000000,45.000000,0.229320,58891084.000000,0.653665,0,1
255,218,255,124,204,251,130,188,
612.000000,45.000000,0.037852,122949040.000000,0.253872,0,1
75,80,69,81,69,66,72,67,
166.000000,46.000000,0.181101,34769864.000000,0.408787,0,1
173,208,162,255,235,152,253,253,
589.000000,50.000000,0.033481,1136780544.000000,0.152940,0,1
198,230,186,232,225,127,232,230,
685.000000,53.000000,0.054021,18045944.000000,0.406772,0,1
30,29,35,30,36,41,37,41,
166.000000,55.000000,0.183588,55553216.000000,0.409831,0,1
251,213,245,107,204,251,100,96,
170.000000,58.000000,0.180908,59846436.000000,0.395589,0,1
246,194,242,104,172,247,98,92,
130.000000,59.000000,0.212361,59484092.000000,0.545086,0,1
251,248,247,117,224,255,123,158,
507.000000,59.000000,0.105728,667879232.000000,0.279404,0,1
170,111,255,105,162,255,111,155,
682.000000,69.000000,0.052282,23220158.000000,0.265285,0,1
49,49,39,45,31,19,24,17,
118.000000,75.000000,0.220427,79427952.000000,0.582923,0,1
246,209,244,105,174,226,131,193,
738.000000,76.000000,0.057992,7662495.000000,0.415001,0,1
27,27,27,28,29,26,31,36,
508.000000,79.000000,0.106029,867669312.000000,0.256579,0,1
204,127,255,99,202,255,122,197,
580.000000,80.000000,0.153337,33808064.000000,0.612006,0,1
78,74,44,68,37,29,34,27,
595.000000,83.000000,0.160419,12164278.000000,0.695142,0,1
39,40,41,42,40,28,36,25,
200.000000,87.000000,0.156345,278843360.000000,0.312897,0,1
57,116,67,186,111,70,178,127,
508.000000,89.000000,0.106300,738813632.000000,0.246116,0,1
186,101,248,93,182,255,95,178,
639.000000,89.000000,0.045383,139041264.000000,0.291115,0,1
49,47,46,43,41,53,30,31,
229.000000,90.000000,0.133619,30826912.000000,0.238176,0,1
255,227,255,152,213,255,147,169,
106.000000,92.000000,0.233843,274753984.000000,1.098800,0,1
218,231,209,131,193,221,89,77,
581.000000,92.000000,0.148856,10502353.000000,0.578639,0,1
41,42,42,45,37,26,31,26,
200.000000,94.000000,0.155349,832211712.000000,0.459813,0,1
118,159,80,187,116,76,158,113,
534.000000,94.000000,0.021574,106832584.000000,0.050364,0,1
255,250,232,211,206,189,125,64,
578.000000,94.000000,0.146953,9552946.000000,0.558233,0,1
42,44,41,46,35,26,30,25,
121.000000,99.000000,0.220000,142673776.000000,0.960652,0,1
210,183,201,83,128,188,70,66,
210.000000,100.000000,0.157425,1056222464.000000,0.649768,0,1
108,89,167,77,113,192,89,120,
245.000000,102.000000,0.117107,15411654.000000,0.162449,0,1
255,233,255,158,212,255,166,171,
533.000000,102.000000,0.023172,292772352.000000,0.094274,0,1
59,81,42,84,54,42,78,67,
229.000000,105.000000,0.125236,66983080.000000,0.305519,0,1
71,117,73,174,135,77,183,184,
605.000000,106.000000,0.038018,73414832.000000,0.161946,0,1
47,44,47,37,36,49,22,30,
253.000000,108.000000,0.109737,14756858.000000,0.143089,0,1
255,218,255,159,199,255,163,168,
235.000000,109.000000,0.120606,103118368.000000,0.403970,0,1
75,113,76,177,137,77,180,183,
218.000000,110.000000,0.139081,11610791.000000,0.225482,0,1
182,169,180,126,154,179,128,142,
535.000000,110.000000,0.118564,36829000.000000,0.345075,0,1
76,73,52,71,44,26,37,24,
592.000000,111.000000,0.038021,16046206.000000,0.195306,0,1
46,46,44,47,40,29,34,21,
240.000000,112.000000,0.116396,83786920.000000,0.374833,0,1
76,98,75,167,119,75,170,175,
549.000000,112.000000,0.126478,9004010.000000,0.392530,0,1
42,43,37,44,31,25,27,24,
160.000000,115.000000,0.191044,278045664.000000,1.032746,0,1
192,146,170,78,118,160,66,63,
501.000000,115.000000,0.023358,26653706.000000,0.039735,0,1
209,205,134,200,117,81,106,48,
511.000000,115.000000,0.103987,76862672.000000,0.255005,0,1
45,49,42,59,52,52,77,88,
170.000000,119.000000,0.180812,48736800.000000,0.615827,0,1
180,159,162,79,136,169,65,61,
209.000000,119.000000,0.156713,951651968.000000,0.636621,0,1
109,82,159,72,106,169,80,90,
270.000000,119.000000,0.097626,93687464.000000,0.249973,0,1
255,253,255,186,252,255,172,162,
269.000000,120.000000,0.098364,88302472.000000,0.253488,0,1
253,186,252,118,172,248,134,166,
535.000000,120.000000,0.110026,8434541.000000,0.312385,0,1
27,32,34,35,34,23,33,31,
175.000000,121.000000,0.177342,89552184.000000,0.873903,0,1
172,159,186,74,121,162,65,61,
253.000000,121.000000,0.108679,271348928.000000,0.315968,0,1
71,120,63,165,130,66,165,168,
240.000000,123.000000,0.119480,13981920.000000,0.165763,0,1
172,167,167,124,146,171,140,147,
565.000000,124.000000,0.031990,27400902.000000,0.139830,0,1
55,54,49,53,42,26,32,20,
280.000000,127.000000,0.090258,39111268.000000,0.209560,0,1
255,246,255,162,237,255,153,147,
606.000000,127.000000,0.038189,108745584.000000,0.131859,0,1
36,25,50,33,39,57,25,37,
555.000000,129.000000,0.029526,25136120.000000,0.123542,0,1
51,49,42,45,34,24,26,19,
198.000000,130.000000,0.157278,533650208.000000,0.669125,0,1
126,150,80,98,110,73,66,52,
612.000000,130.000000,0.037755,77085296.000000,0.133970,0,1
39,51,35,58,42,44,55,55,
633.000000,130.000000,0.198113,25185834.000000,1.064644,0,1
54,53,50,49,38,29,30,33,
271.000000,132.000000,0.088722,52809272.000000,0.217859,0,1
84,103,84,148,116,85,151,150,
286.000000,132.000000,0.085285,22425500.000000,0.131882,0,1
253,216,251,144,201,247,143,142,
579.000000,132.000000,0.033585,107775232.000000,0.161931,0,1
27,21,45,19,26,57,20,26,
254.000000,133.000000,0.109166,507255968.000000,0.311699,0,1
105,125,83,155,113,78,149,118,
537.000000,133.000000,0.073609,9005659.000000,0.236717,0,1
25,32,44,35,37,50,36,48,
620.000000,134.000000,0.188505,25300242.000000,0.931911,0,1
57,55,52,50,44,32,30,35,
503.000000,135.000000,0.106590,85179672.000000,0.210916,0,1
48,28,71,26,42,60,26,43,
524.000000,137.000000,0.037546,6441992.000000,0.112017,0,1
28,29,33,29,35,41,37,45,
127.000000,139.000000,0.265943,46164860.000000,2.527872,0,1
36,36,34,50,39,33,47,41,
475.000000,139.000000,0.078362,8534606.000000,0.100786,0,1
170,162,164,117,123,132,69,56,
510.000000,139.000000,0.106293,26938234.000000,0.219187,0,1
32,47,23,48,30,22,50,39,
580.000000,139.000000,0.033548,99284832.000000,0.099301,0,1
44,24,59,22,43,63,24,44,
470.000000,140.000000,0.080834,4924421.000000,0.096910,0,1
158,115,116,90,78,63,73,50,
227.000000,141.000000,0.134073,234003616.000000,0.468581,0,1
149,121,148,86,99,145,87,82,
274.000000,142.000000,0.092316,4981639.000000,0.098756,0,1
145,137,143,111,128,142,117,124,
284.000000,142.000000,0.083648,229499344.000000,0.182740,0,1
75,138,73,135,119,74,131,113,
454.000000,145.000000,0.060540,3125191.000000,0.095959,0,1
69,63,70,67,66,70,53,55,
160.000000,146.000000,0.208217,11764230.000000,1.942879,0,1
42,40,41,33,37,40,31,30,
589.000000,147.000000,0.203806,70218000.000000,0.887202,0,1
49,48,56,31,44,50,28,23,
261.000000,148.000000,0.110223,318041504.000000,0.298735,0,1
96,75,107,71,105,115,77,107,
591.000000,148.000000,0.203702,91769424.000000,0.896324,0,1
54,50,43,30,34,23,25,24,
245.000000,149.000000,0.119637,43194564.000000,0.365811,0,1
137,138,132,115,133,133,87,71,
271.000000,150.000000,0.095259,28441676.000000,0.233930,0,1
136,132,132,99,123,127,104,115,
543.000000,150.000000,0.026790,42488868.000000,0.061363,0,1
49,28,58,24,47,44,28,44,
558.000000,150.000000,0.141706,3992642.000000,0.445487,0,1
23,25,37,28,33,47,41,49,
570.000000,150.000000,0.152548,17908604.000000,0.529845,0,1
49,49,45,47,43,39,39,33,
221.000000,151.000000,0.170002,24115212.000000,1.277275,0,1
54,52,53,40,47,51,37,35,
253.000000,153.000000,0.110098,153035680.000000,0.314359,0,1
123,122,96,78,105,68,64,58,
460.000000,154.000000,0.073726,1234899.125000,0.114346,0,1
52,59,58,45,51,58,44,44,
503.000000,154.000000,0.129326,4292507.500000,0.251663,0,1
49,52,54,43,39,48,31,30,
532.000000,156.000000,0.024771,7324780.500000,0.051954,0,1
37,50,34,51,38,35,60,42,
496.000000,157.000000,0.008431,4361419.000000,0.017844,0,1
45,45,41,44,37,31,34,30,
594.000000,159.000000,0.204234,26126396.000000,0.915420,0,1
43,43,38,43,41,33,48,40,
269.000000,160.000000,0.099273,53385440.000000,0.249443,0,1
115,98,112,60,75,105,58,59,
313.000000,160.000000,0.055062,15124739.000000,0.158048,0,1
73,65,68,81,66,65,72,64,
249.000000,161.000000,0.141746,29714142.000000,0.970010,0,1
57,53,56,41,48,54,40,39,
550.000000,161.000000,0.156150,9621492.000000,0.479520,0,1
38,43,42,27,32,38,25,29,
537.000000,162.000000,0.132174,6384689.500000,0.351206,0,1
43,43,41,42,36,31,30,26,
720.000000,166.000000,0.050664,16151293.000000,0.306156,0,1
19,28,16,31,18,14,27,18,
524.000000,167.000000,0.123283,7958066.500000,0.290732,0,1
41,38,37,34,32,27,29,31,
461.000000,168.000000,0.047225,748661.000000,0.071170,0,1
40,43,41,51,46,40,45,43,
481.000000,168.000000,0.055407,2319134.250000,0.083500,0,1
37,45,36,49,41,34,51,39,
619.000000,168.000000,0.217032,35602652.000000,1.143119,0,1
50,49,53,50,44,39,35,37,
719.000000,168.000000,0.051513,14316850.000000,0.205167,0,1
27,31,19,33,28,15,32,27,
234.000000,169.000000,0.157665,44957984.000000,1.123174,0,1
35,44,33,46,37,32,43,35,
368.000000,169.000000,0.002797,3527884.750000,0.007515,0,1
194,205,203,220,220,220,236,255,
379.000000,169.000000,0.006408,48440336.000000,0.007342,0,1
137,132,196,146,114,226,101,100,
283.000000,170.000000,0.086769,17797266.000000,0.310936,0,1
60,67,55,50,49,52,41,41,
516.000000,170.000000,0.124044,4519647.500000,0.274071,0,1
49,39,43,33,29,28,27,27,
520.000000,170.000000,0.135478,10202760.000000,0.317313,0,1
45,44,46,28,39,43,28,36,
277.000000,171.000000,0.109016,51690840.000000,0.674593,0,1
55,46,54,29,39,49,31,31,
180.000000,173.000000,0.229583,4253991.000000,1.845950,0,1
34,37,39,37,33,31,29,29,
505.000000,173.000000,0.102665,7792492.500000,0.197112,0,1
43,42,39,42,35,29,36,31,
470.000000,174.000000,0.082627,1624519.250000,0.124521,0,1
43,49,48,39,44,50,40,42,
694.000000,175.000000,0.051430,68673408.000000,0.188806,0,1
46,34,54,29,46,58,34,46,
496.000000,176.000000,0.109681,4701503.500000,0.195892,0,1
49,45,50,35,37,47,32,35,
398.000000,177.000000,0.037782,3959939.500000,0.014659,0,1
255,255,255,252,238,255,234,203,
568.000000,177.000000,0.168082,14682105.000000,0.602857,0,1
47,47,48,47,41,34,27,26,
571.000000,177.000000,0.170121,12068094.000000,0.624253,0,1
49,47,44,35,29,26,25,28,
380.000000,178.000000,0.016609,21832674.000000,0.009222,0,1
186,113,255,159,177,255,93,108,
734.000000,178.000000,0.058036,9653165.000000,0.343997,0,1
22,23,29,28,31,33,43,40,
304.000000,179.000000,0.082381,49583492.000000,0.449448,0,1
51,48,56,36,48,54,32,24,
482.000000,180.000000,0.089121,2721190.500000,0.136536,0,1
45,48,49,36,38,46,31,31,
415.000000,181.000000,0.022100,22489752.000000,0.011647,0,1
225,218,216,193,183,171,143,89,
369.000000,182.000000,0.019665,15175670.000000,0.014500,0,1
255,245,210,197,173,111,135,133,
399.000000,184.000000,0.012859,7094706.000000,0.006129,0,1
180,160,177,182,131,153,158,123,
652.000000,184.000000,0.045580,54944420.000000,0.197500,0,1
41,48,37,54,43,36,46,45,
493.000000,185.000000,0.104135,2632371.750000,0.183308,0,1
45,55,50,43,50,56,43,44,
252.000000,186.000000,0.133726,2739086.000000,0.923423,0,1
32,37,34,37,28,25,28,26,
318.000000,186.000000,0.086083,59819316.000000,0.223902,0,1
141,146,110,151,99,70,90,66,
309.000000,187.000000,0.079954,508460160.000000,0.422336,0,1
50,59,90,63,92,125,89,108,
338.000000,187.000000,0.050924,8677588.000000,0.082194,0,1
67,69,56,68,56,45,56,44,
385.000000,187.000000,0.014698,8742294.000000,0.011424,0,1
172,158,158,108,120,121,95,104,
517.000000,187.000000,0.119737,7516958.000000,0.273376,0,1
41,41,40,35,30,27,24,24,
292.000000,189.000000,0.089961,2544348.000000,0.193846,0,1
27,31,27,33,22,20,22,17,
611.000000,189.000000,0.039039,30472996.000000,0.139784,0,1
49,43,57,36,57,52,43,44,
371.000000,190.000000,0.058059,24642606.000000,0.170140,0,1
123,100,105,89,92,87,88,86,
599.000000,190.000000,0.173727,19311064.000000,0.507160,0,1
34,46,51,29,39,49,31,24,
339.000000,191.000000,0.057209,40866136.000000,0.247051,0,1
44,47,58,47,62,76,61,70,
461.000000,191.000000,0.090093,3084831.000000,0.135773,0,1
94,91,100,83,85,105,78,78,
232.000000,192.000000,0.143886,9894024.000000,1.073599,0,1
22,21,23,21,29,33,33,21,
363.000000,192.000000,0.055134,15698494.000000,0.182367,0,1
99,102,95,108,94,85,91,85,
519.000000,194.000000,0.130581,18276942.000000,0.315462,0,1
25,24,33,32,27,33,38,41,
352.000000,196.000000,0.068569,17051868.000000,0.249729,0,1
88,90,100,88,105,115,96,106,
577.000000,196.000000,0.088012,16554958.000000,0.334314,0,1
40,46,46,40,37,34,25,22,
285.000000,197.000000,0.098726,13820028.000000,0.242305,0,1
20,16,23,15,28,44,33,47,
410.000000,197.000000,0.060326,3511065.500000,0.095400,0,1
94,95,93,100,98,95,108,103,
556.000000,197.000000,0.075493,8839671.000000,0.214914,0,1
51,48,51,42,42,41,30,21,
250.000000,198.000000,0.126269,5434909.500000,0.889682,0,1
22,22,22,22,24,31,28,29,
277.000000,198.000000,0.110165,5742509.000000,0.389106,0,1
27,32,28,34,25,15,20,14,
526.000000,198.000000,0.116782,17441032.000000,0.293071,0,1
31,36,24,48,35,22,45,33,
213.000000,199.000000,0.164289,5690766.000000,1.292419,0,1
19,19,19,19,23,28,28,25,
539.000000,199.000000,0.073592,12038839.000000,0.221957,0,1
45,44,41,35,31,29,24,22,
250.000000,200.000000,0.138944,6912115.500000,0.945318,0,1
24,28,34,32,29,22,23,21,
300.000000,200.000000,0.107366,159614416.000000,0.565276,0,1
96,96,75,93,69,56,63,54,
469.000000,200.000000,0.095848,3492736.500000,0.144446,0,1
82,74,79,65,70,78,67,67,
498.000000,202.000000,0.105081,12285798.000000,0.208378,0,1
47,58,46,73,63,45,74,73,
327.000000,204.000000,0.070788,18895208.000000,0.334690,0,1
40,39,48,40,46,54,45,52,
591.000000,204.000000,0.201089,46105564.000000,0.914813,0,1
25,17,31,16,25,31,20,36,
270.000000,206.000000,0.111905,47057512.000000,0.726177,0,1
20,31,16,34,24,38,34,46,
603.000000,206.000000,0.112937,8179332.000000,0.472711,0,1
17,20,18,26,27,25,37,34,
628.000000,206.000000,0.123146,14608808.000000,0.566158,0,1
16,18,21,27,27,28,39,38,
198.000000,207.000000,0.192945,19442698.000000,1.530435,0,1
24,32,30,31,23,19,20,18,
511.000000,209.000000,0.115509,5332570.000000,0.267632,0,1
29,32,28,62,40,29,67,68,
550.000000,209.000000,0.129757,5374085.000000,0.404584,0,1
31,34,31,42,37,26,31,27,
264.000000,211.000000,0.118146,18275910.000000,0.443713,0,1
19,21,31,30,34,47,41,49,
364.000000,212.000000,0.074205,9116791.000000,0.244364,0,1
85,88,80,87,83,76,89,88,
457.000000,213.000000,0.034161,305534.031250,0.066383,0,1
57,48,56,39,49,57,39,39,
259.000000,214.000000,0.122472,72556280.000000,0.831542,0,1
16,17,30,20,34,46,39,49,
155.000000,216.000000,0.018970,32160766.000000,0.111065,0,1
20,22,22,43,44,36,67,70,
404.000000,216.000000,0.080537,10007485.000000,0.166055,0,1
91,99,89,105,100,91,102,100,
143.000000,218.000000,0.025626,15986608.000000,0.218806,0,1
31,42,40,53,47,47,58,50,
276.000000,218.000000,0.136419,57344400.000000,0.800059,0,1
73,74,69,73,62,52,59,53,
167.000000,219.000000,0.029654,52348568.000000,0.234197,0,1
32,39,31,39,28,17,25,22,
535.000000,219.000000,0.146718,10410401.000000,0.443078,0,1
33,38,39,15,25,48,13,12,
125.000000,221.000000,0.023281,10188798.000000,0.232657,0,1
50,42,46,41,39,45,34,38,
204.000000,221.000000,0.175023,33648900.000000,1.411899,0,1
24,22,31,22,31,37,33,27,
314.000000,221.000000,0.083694,8733590.000000,0.457541,0,1
34,35,40,35,39,49,38,48,
529.000000,221.000000,0.132815,19153196.000000,0.377687,0,1
20,66,28,79,74,44,76,75,
615.000000,222.000000,0.122524,9756054.000000,0.542155,0,1
35,33,33,16,20,23,18,14,
498.000000,224.000000,0.130620,700062.250000,0.303601,0,1
61,65,61,70,65,61,70,69,
668.000000,224.000000,0.148406,18441142.000000,0.860302,0,1
35,33,35,25,25,28,15,12,
672.000000,224.000000,0.154147,31397724.000000,0.917880,0,1
35,33,34,28,26,28,16,11,
407.000000,226.000000,0.090720,4084463.500000,0.198408,0,1
87,98,91,98,91,90,96,89,
590.000000,226.000000,0.200757,59806172.000000,0.942639,0,1
22,16,31,43,32,33,43,38,
545.000000,229.000000,0.148320,2452475.250000,0.492508,0,1
13,40,15,100,62,20,105,105,
164.000000,230.000000,0.019161,29489392.000000,0.138827,0,1
23,31,21,35,26,20,31,31,
547.000000,230.000000,0.154832,2169067.250000,0.528794,0,1
13,35,15,101,55,19,105,105,
407.000000,231.000000,0.096180,12042764.000000,0.218527,0,1
92,95,91,99,100,91,104,104,
465.000000,231.000000,0.100264,4071232.750000,0.195167,0,1
34,38,34,48,40,36,48,49,
101.000000,232.000000,0.018979,10526464.000000,0.094381,0,1
32,44,26,41,33,25,29,25,
550.000000,232.000000,0.159560,5655097.000000,0.563136,0,1
15,48,18,104,73,25,107,107,
353.000000,234.000000,0.102801,5285476.500000,0.381584,0,1
90,87,94,87,97,102,95,94,
181.000000,237.000000,0.024039,27529746.000000,0.196955,0,1
25,29,25,39,32,27,41,29,
608.000000,237.000000,0.218706,28888576.000000,1.189505,0,1
36,37,46,20,22,47,17,19,
410.000000,238.000000,0.101165,4460462.500000,0.240109,0,1
89,98,85,96,88,85,95,91,
532.000000,239.000000,0.170329,9718327.000000,0.569718,0,1
80,75,75,84,77,74,89,88,
562.000000,239.000000,0.170180,19845954.000000,0.668305,0,1
15,32,16,107,53,17,110,110,
175.000000,240.000000,0.030120,82373872.000000,0.232827,0,1
30,20,36,18,29,39,19,26,
247.000000,240.000000,0.171164,25329434.000000,1.120365,0,1
61,62,68,67,61,51,57,50,
480.000000,240.000000,0.116045,3003258.250000,0.256577,0,1
48,37,48,30,40,47,28,30,
430.000000,241.000000,0.111060,1924441.000000,0.238071,0,1
82,88,86,89,88,87,91,91,
251.000000,245.000000,0.161324,2434190.500000,1.079485,0,1
45,43,47,42,48,53,49,52,
572.000000,245.000000,0.178968,26387016.000000,0.765193,0,1
14,37,15,102,58,18,104,106,
473.000000,247.000000,0.113621,6260166.500000,0.269036,0,1
43,45,39,51,48,46,50,50,
517.000000,247.000000,0.160049,3270183.000000,0.497894,0,1
66,59,68,56,60,67,55,56,
539.000000,247.000000,0.183181,9616980.000000,0.674407,0,1
92,82,95,59,77,97,59,58,
151.000000,248.000000,0.237132,17365544.000000,1.578702,0,1
28,33,39,38,28,22,25,21,
237.000000,248.000000,0.181715,28015472.000000,1.235291,0,1
66,67,61,66,58,49,56,49,
216.000000,249.000000,0.172160,8367713.500000,1.341633,0,1
39,40,45,41,47,52,48,50,
590.000000,249.000000,0.200596,118858192.000000,0.988934,0,1
48,43,50,25,42,52,23,37,
579.000000,250.000000,0.186631,32431130.000000,0.849811,0,1
19,76,28,104,90,43,102,102,
527.000000,253.000000,0.169531,25114988.000000,0.582491,0,1
62,65,53,65,58,53,63,55,
229.000000,254.000000,0.192343,28262424.000000,1.339404,0,1
62,65,59,65,55,48,53,48,
562.000000,255.000000,0.165810,1307665.875000,0.675669,0,1
97,94,94,102,94,95,103,101,
249.000000,256.000000,0.162640,14822145.000000,1.099169,0,1
57,56,52,55,54,47,55,49,
606.000000,256.000000,0.203867,18078988.000000,1.101532,0,1
21,26,17,50,36,24,42,36,
127.000000,257.000000,0.255398,11465032.000000,1.487025,0,1
21,21,20,20,23,34,31,35,
554.000000,258.000000,0.200720,8304538.500000,0.559495,0,1
100,83,100,57,75,103,56,57,
185.000000,260.000000,0.199788,5972764.500000,1.103619,0,1
16,16,22,17,25,36,30,33,
280.000000,260.000000,0.126388,7363419.000000,0.800631,0,1
29,29,35,28,34,39,33,38,
488.000000,260.000000,0.122126,3566729.000000,0.348127,0,1
30,34,27,38,31,25,38,38,
533.000000,261.000000,0.178518,2227190.750000,0.520175,0,1
63,57,65,53,58,63,53,53,
599.000000,261.000000,0.204399,42646236.000000,1.086354,0,1
18,40,19,99,63,21,104,106,
244.000000,262.000000,0.171383,11352848.000000,1.173392,0,1
55,55,48,55,48,45,50,47,
560.000000,262.000000,0.206552,8758333.000000,0.604797,0,1
103,98,102,57,87,102,57,56,
621.000000,266.000000,0.231162,19402778.000000,0.915023,0,1
31,55,38,25,47,53,22,25,
274.000000,268.000000,0.134837,20835694.000000,0.873033,0,1
25,25,36,26,31,39,28,36,
570.000000,269.000000,0.220499,9439706.000000,0.630592,0,1
98,95,98,60,91,98,58,57,
612.000000,269.000000,0.216270,26467770.000000,0.812750,0,1
19,52,21,105,74,25,105,106,
509.000000,272.000000,0.152519,2963009.250000,0.453130,0,1
42,33,43,26,35,43,26,28,
227.000000,275.000000,0.191558,7146126.500000,1.385081,0,1
53,56,50,53,47,47,51,44,
629.000000,279.000000,0.234410,26843978.000000,0.830233,0,1
24,53,23,102,74,24,105,105,
650.000000,279.000000,0.257833,9105828.000000,1.048994,0,1
20,26,17,37,22,22,41,50,
629.000000,280.000000,0.236107,30312040.000000,0.835729,0,1
32,94,44,105,100,64,103,101,
206.000000,282.000000,0.217021,8658502.000000,1.214882,0,1
40,39,44,38,46,48,46,52,
190.000000,284.000000,0.239097,15852526.000000,1.860253,0,1
59,61,58,64,53,44,51,45,
219.000000,285.000000,0.199580,4900786.000000,1.491270,0,1
54,55,50,53,48,44,49,45,
204.000000,298.000000,0.211690,6937205.000000,1.702336,0,1
53,53,53,54,49,48,47,43,
212.000000,290.000000,0.208573,12597467.000000,1.588152,0,1
51,53,47,55,51,43,53,43,
631.000000,280.000000,0.235487,24818078.000000,0.840311,0,1
18,44,18,100,64,25,103,103,
410.000000,280.000000,0.147442,5153546.000000,0.457733,0,1
75,73,79,74,76,80,72,71,
630.000000,279.000000,0.234424,25321070.000000,0.834121,0,1
20,32,18,94,44,18,100,103,
379.000000,273.000000,0.142030,6562770.000000,0.491071,0,1
81,77,85,73,78,80,73,77,
314.000000,273.000000,0.140372,36551868.000000,0.424558,0,1
62,62,65,64,65,73,66,75,
614.000000,270.000000,0.219008,27564952.000000,0.834710,0,1
16,44,18,102,64,22,105,106,
541.000000,270.000000,0.189316,2070120.375000,0.584498,0,1
60,50,61,52,54,63,49,52,
490.000000,261.000000,0.137771,1572013.750000,0.382984,0,1
26,27,25,36,30,26,37,37,
496.000000,258.000000,0.141193,2420826.000000,0.399929,0,1
43,34,45,28,36,45,27,29,
173.000000,49.000000,0.173868,63252840.000000,0.379487,0,1
255,209,255,176,193,254,187,204,
591.000000,51.000000,0.033654,1897300224.000000,0.153756,0,1
122,181,95,228,163,90,225,188,
507.000000,60.000000,0.105832,658490304.000000,0.278389,0,1
166,110,255,105,159,255,111,151,
565.000000,241.000000,0.172039,22859348.000000,0.692520,0,1
16,41,15,107,67,18,110,109,
695.000000,63.000000,0.052807,293856352.000000,0.310529,0,1
46,47,36,51,36,21,44,37,
137.000000,240.000000,0.022887,60423512.000000,0.217916,0,1
36,33,41,29,36,41,26,30,
479.000000,239.000000,0.114952,2918587.500000,0.250391,0,1
47,37,48,33,37,48,30,28,
186.000000,69.000000,0.168070,52870992.000000,0.337087,0,1
248,198,239,95,186,228,93,92,
254.000000,235.000000,0.160872,38416176.000000,1.032701,0,1
68,69,63,70,60,51,56,51,
322.000000,233.000000,0.100874,47687976.000000,0.483860,0,1
66,67,64,67,52,64,47,39,
190.000000,72.000000,0.164923,59421712.000000,0.323309,0,1
236,168,245,96,147,230,92,90,
349.000000,231.000000,0.096187,7667302.000000,0.375292,0,1
98,94,93,87,89,90,83,85,
260.000000,230.000000,0.155723,33084582.000000,0.971976,0,1
66,67,64,65,62,51,59,52,
233.000000,230.000000,0.148604,47581748.000000,1.107316,0,1
26,23,34,27,37,45,39,44,
539.000000,226.000000,0.146900,16284672.000000,0.465165,0,1
14,51,18,89,73,28,91,92,
137.000000,224.000000,0.023097,36537008.000000,0.210504,0,1
43,42,53,35,40,52,35,36,
165.000000,221.000000,0.025041,98510776.000000,0.198572,0,1
39,38,25,48,29,22,42,40,
316.000000,219.000000,0.084368,16536606.000000,0.431630,0,1
34,34,43,34,42,49,40,49,
554.000000,91.000000,0.134190,109440960.000000,0.437542,0,1
243,243,192,235,166,92,140,87,
212.000000,216.000000,0.023267,33236996.000000,0.103988,0,1
41,51,32,44,37,32,30,38,
503.000000,95.000000,0.106834,234855472.000000,0.164295,0,1
194,255,114,255,181,81,241,154,
283.000000,213.000000,0.127988,53052532.000000,0.728912,0,1
75,75,66,75,60,54,58,52,
266.000000,209.000000,0.114833,48775536.000000,0.759524,0,1
34,25,37,19,34,45,31,47,
138.000000,106.000000,0.207369,347350816.000000,1.266391,0,1
210,168,180,84,127,173,68,62,
150.000000,111.000000,0.199983,81103712.000000,0.760461,0,1
182,152,191,68,111,166,62,60,
297.000000,202.000000,0.110847,175557456.000000,0.591958,0,1
91,93,80,93,74,55,69,55,
228.000000,116.000000,0.131012,15751146.000000,0.197615,0,1
178,163,176,120,151,175,139,157,
354.000000,200.000000,0.069595,16222892.000000,0.249273,0,1
113,102,106,90,96,104,91,98,
574.000000,120.000000,0.035483,13849223.000000,0.163654,0,1
52,50,48,49,41,24,28,20,
406.000000,197.000000,0.062612,4286991.500000,0.106014,0,1
94,97,96,103,103,100,110,113,
187.000000,126.000000,0.168685,136028224.000000,0.773643,0,1
177,139,166,74,113,148,60,57,
159.000000,130.000000,0.235216,26606044.000000,2.092244,0,1
56,51,55,40,43,50,39,39,
309.000000,193.000000,0.098774,204658544.000000,0.493102,0,1
107,106,92,102,83,65,75,61,
231.000000,130.000000,0.130590,51453984.000000,0.445971,0,1
169,167,166,135,161,160,110,110,
341.000000,190.000000,0.054094,103776024.000000,0.230963,0,1
53,50,69,52,68,76,69,76,
210.000000,135.000000,0.155911,414695136.000000,0.623235,0,1
146,102,157,59,128,155,73,68,
463.000000,138.000000,0.075665,12361164.000000,0.114029,0,1
182,174,174,140,140,140,89,81,
247.000000,139.000000,0.114881,27760934.000000,0.240793,0,1
150,142,154,116,121,145,124,133,
127.000000,140.000000,0.266103,62933944.000000,2.528297,0,1
34,46,33,52,41,33,47,40,
189.000000,141.000000,0.201009,26790268.000000,1.664532,0,1
50,43,49,34,36,42,33,33,
510.000000,141.000000,0.102309,6248023.000000,0.156512,0,1
30,50,25,55,39,33,51,36,
627.000000,187.000000,0.043852,9264272.000000,0.248644,0,1
25,30,25,32,29,31,42,37,
231.000000,155.000000,0.159388,45873508.000000,1.161501,0,1
55,49,54,36,41,51,36,38,
431.000000,167.000000,0.044158,21939614.000000,0.020960,0,1
140,223,95,248,147,143,249,168,
430.000000,171.000000,0.044293,34018700.000000,0.021841,0,1
242,253,141,251,131,100,121,74,
339.000000,170.000000,0.055042,27144830.000000,0.082292,0,1
205,202,207,186,172,210,114,98,
294.000000,170.000000,0.077808,26947644.000000,0.155497,0,1
92,85,91,62,76,87,59,61,
187.000000,286.000000,0.242814,15270268.000000,1.900682,0,1
58,59,59,60,56,46,54,45,
264.000000,280.000000,0.147935,10608476.000000,1.000008,0,1
25,25,34,24,32,37,29,37,
216.000000,264.000000,0.207628,30978750.000000,1.504484,0,1
62,64,58,66,55,47,53,47,
751.000000,177.000000,0.060037,3209521.500000,0.267597,0,1
24,26,27,32,34,31,38,36,
265.000000,158.000000,0.100681,30225434.000000,0.260778,0,1
119,113,100,68,93,85,62,60,
146.000000,239.000000,0.024162,54817380.000000,0.211203,0,1
36,43,28,40,35,22,36,26,
686.000000,71.000000,0.053335,463605344.000000,0.393091,0,1
32,21,44,16,31,51,18,28,
695.000000,78.000000,0.054228,131458576.000000,0.286300,0,1
48,54,39,59,50,33,56,53,
269.000000,223.000000,0.144629,44098860.000000,0.872356,0,1
70,70,70,72,66,52,62,51,
646.000000,88.000000,0.045698,138925920.000000,0.197240,0,1
39,44,23,52,34,21,47,39,
456.000000,220.000000,0.080033,3517658.000000,0.133279,0,1
42,48,38,52,44,35,50,49,
273.000000,220.000000,0.139800,54884468.000000,0.829832,0,1
72,73,74,74,67,52,63,51,
254.000000,146.000000,0.109411,420158016.000000,0.310272,0,1
102,131,75,135,106,71,130,105,
529.000000,95.000000,0.022135,220662512.000000,0.052101,0,1
251,218,214,139,123,131,66,55,
528.000000,143.000000,0.024324,69816968.000000,0.078800,0,1
49,49,54,38,38,50,26,27,
639.000000,97.000000,0.045498,688198400.000000,0.285939,0,1
27,16,41,14,25,50,14,24,
640.000000,99.000000,0.045052,963528128.000000,0.282960,0,1
40,24,50,14,39,57,24,41,
640.000000,100.000000,0.044902,1016014528.000000,0.281578,0,1
39,24,51,15,39,58,25,41,
549.000000,210.000000,0.130619,4027972.000000,0.406430,0,1
34,42,37,20,31,45,23,27,
587.000000,105.000000,0.038988,9387573.000000,0.198107,0,1
29,30,36,33,38,40,39,46,
332.000000,208.000000,0.073938,12894212.000000,0.332965,0,1
62,57,64,47,56,65,58,63,
289.000000,208.000000,0.120744,89910040.000000,0.668970,0,1
81,81,75,80,71,55,66,54,
479.000000,204.000000,0.112261,3615402.250000,0.191680,0,1
95,85,98,73,82,97,73,72,
268.000000,119.000000,0.098780,76117552.000000,0.256899,0,1
253,204,253,145,186,252,118,134,
579.000000,119.000000,0.034178,220545824.000000,0.163634,0,1
48,39,48,31,36,53,23,33,
131.000000,120.000000,0.262713,12221442.000000,2.506160,0,1
56,51,54,40,44,52,39,38,
209.000000,120.000000,0.155989,296353408.000000,0.431320,0,1
108,82,159,72,100,164,79,91,
453.000000,138.000000,0.066533,15703570.000000,0.100267,0,1
188,169,169,112,114,121,77,75,
494.000000,121.000000,0.018927,29665610.000000,0.029259,0,1
196,193,129,193,118,50,108,51,
227.000000,129.000000,0.133147,47153216.000000,0.323121,0,1
169,150,168,112,136,167,130,151,
268.000000,130.000000,0.091922,51023896.000000,0.232392,0,1
82,99,81,147,116,83,149,157,
642.000000,130.000000,0.233184,8291618.000000,0.902009,0,1
26,34,38,36,31,25,25,21,
160.000000,130.000000,0.234804,26290954.000000,2.080215,0,1
57,54,55,42,46,53,40,39,
580.000000,127.000000,0.034206,531935392.000000,0.161078,0,1
46,28,55,18,46,55,27,43,
506.000000,17.000000,0.106037,281615936.000000,0.240617,0,1
204,92,253,91,195,255,96,181,
610.000000,117.000000,0.039282,94409928.000000,0.139546,0,1
50,55,39,55,50,33,54,50,
196.000000,253.000000,0.182156,21650734.000000,1.531987,0,1
18,19,23,19,26,37,32,36,
605.000000,111.000000,0.038733,603289920.000000,0.210744,0,1
29,18,42,17,27,49,16,24,
425.000000,110.000000,0.042845,48101648.000000,0.026366,0,1
108,153,130,242,222,238,255,255,
426.000000,109.000000,0.040388,90935984.000000,0.034167,0,1
174,108,159,153,130,160,222,253,
618.000000,70.000000,0.176969,12723778.000000,0.898709,0,1
43,43,34,42,29,24,25,23,
610.000000,104.000000,0.039432,106674920.000000,0.141802,0,1
47,47,30,49,37,21,48,41,
425.000000,229.000000,0.096395,6785571.000000,0.186247,0,1
81,84,75,87,87,84,90,93,
309.000000,150.000000,0.067230,78374048.000000,0.113259,0,1
218,149,214,80,132,207,96,101,
407.000000,184.000000,0.009148,41703544.000000,0.013786,0,1
217,202,195,163,150,137,115,101,
