# timestamp
1608635227256032768

# fx, fy, cx, cy, width, height, npoints
501.486023,501.475311,421.783936,167.665909,800,400,635

# camToWorld: translation vector, rotation quaternion
-32.291253,76.357822,7.181290,0.046323,0.721608,-0.690143,-0.028959

# Exposure time (ms)
0.247333

# GPS Data
# GPSData: Covariance matrix
0.000013,0.000000,0.000000,0.000000,0.000025,0.000000,0.000000,0.000000,0.000051

# GPSData: GPS point
82.519263,5.493393,6.303211

# Point Cloud Data : 
# u,v,idepth_scaled,idepth_hessian,maxRelBaseline,numGoodRes,status 
# color information 
736.000000,244.000000,0.108160,11421008.000000,0.615389,0,1
65,78,75,72,68,67,54,56,
736.000000,245.000000,0.109247,12467363.000000,0.769768,0,1
77,70,66,56,51,50,55,58,
732.000000,254.000000,0.122226,59244760.000000,0.893940,0,1
53,55,54,45,45,45,34,28,
734.000000,18.000000,0.039993,138946704.000000,0.384395,0,1
84,78,78,74,77,69,77,69,
740.000000,18.000000,0.046666,34999872.000000,0.203119,0,1
66,58,79,60,76,87,74,85,
745.000000,27.000000,0.046824,44814380.000000,0.309112,0,1
71,73,81,70,76,85,72,83,
728.000000,30.000000,0.050584,121028768.000000,0.452570,0,1
86,83,71,84,76,70,77,66,
734.000000,39.000000,0.047505,75305720.000000,0.303092,0,1
62,55,69,55,65,77,65,72,
730.000000,48.000000,0.041510,81008456.000000,0.376883,0,1
65,61,72,57,69,75,61,70,
601.000000,62.000000,0.064948,97517728.000000,0.333935,0,1
67,65,73,59,61,73,43,34,
738.000000,76.000000,0.037917,9583805.000000,0.241453,0,1
20,21,21,28,31,31,40,39,
735.000000,77.000000,0.047035,7863010.000000,0.296900,0,1
21,22,28,27,37,40,41,45,
730.000000,82.000000,0.044043,40535260.000000,0.352753,0,1
40,32,41,34,43,47,43,46,
734.000000,108.000000,0.033819,40486224.000000,0.303192,0,1
28,24,25,26,32,38,35,37,
753.000000,121.000000,0.019413,163038240.000000,0.197202,0,1
20,13,26,13,21,34,13,19,
754.000000,137.000000,0.019025,85054448.000000,0.194165,0,1
25,18,30,14,25,26,18,19,
713.000000,195.000000,0.085505,530972832.000000,0.609648,0,1
28,24,42,23,30,53,25,33,
721.000000,195.000000,0.086874,556098816.000000,0.630300,0,1
33,47,27,58,37,26,51,42,
718.000000,207.000000,0.086294,39835176.000000,0.630878,0,1
59,57,58,39,43,55,27,25,
706.000000,224.000000,0.083000,19023292.000000,0.609614,0,1
39,44,41,51,48,45,50,50,
720.000000,224.000000,0.086986,48418592.000000,0.652358,0,1
15,29,24,38,37,34,40,43,
738.000000,226.000000,0.090569,88896216.000000,0.702742,0,1
18,19,17,34,29,24,38,42,
705.000000,244.000000,0.111249,21755896.000000,0.583933,0,1
59,57,58,62,64,67,76,70,
707.000000,244.000000,0.111129,32153668.000000,0.586399,0,1
60,58,59,64,67,71,77,65,
695.000000,245.000000,0.110697,22209830.000000,0.567463,0,1
58,61,60,66,71,75,85,70,
728.000000,245.000000,0.110464,28650346.000000,0.614877,0,1
75,79,75,56,53,52,45,54,
690.000000,248.000000,0.111620,14571057.000000,0.567644,0,1
81,78,78,61,60,62,58,57,
700.000000,255.000000,0.120130,192431680.000000,0.813008,0,1
38,45,37,51,42,34,37,30,
692.000000,256.000000,0.121806,78726240.000000,0.806573,0,1
58,55,57,46,47,49,35,31,
698.000000,260.000000,0.127080,8080113.000000,0.449300,0,1
29,27,27,38,39,41,53,41,
700.000000,260.000000,0.125563,11815263.000000,0.651544,0,1
28,27,29,39,41,42,52,42,
714.000000,260.000000,0.127504,51949664.000000,0.878962,0,1
25,26,25,33,33,33,53,50,
679.000000,262.000000,0.131435,45389860.000000,0.830320,0,1
51,52,49,39,37,39,30,28,
690.000000,262.000000,0.128930,23736962.000000,0.842340,0,1
42,53,52,40,37,37,30,31,
692.000000,267.000000,0.133944,50599780.000000,0.875624,0,1
32,34,32,43,39,35,49,51,
712.000000,271.000000,0.138305,185926496.000000,0.892077,0,1
54,56,61,65,69,75,80,91,
677.000000,272.000000,0.137611,119752888.000000,0.871169,0,1
35,37,40,48,50,53,56,57,
706.000000,272.000000,0.139410,333990528.000000,0.933629,0,1
57,58,59,58,62,71,69,86,
714.000000,275.000000,0.142927,104590296.000000,0.751988,0,1
94,94,87,87,76,67,68,60,
709.000000,276.000000,0.144164,61360788.000000,0.748817,0,1
90,89,91,85,87,81,82,64,
692.000000,279.000000,0.146252,156807856.000000,0.947777,0,1
60,57,62,55,67,79,72,82,
703.000000,280.000000,0.147441,127546848.000000,0.755233,0,1
87,89,83,88,77,62,68,56,
707.000000,280.000000,0.145923,183100816.000000,0.976852,0,1
75,68,59,62,55,54,54,50,
679.000000,285.000000,0.151536,100132864.000000,0.733227,0,1
58,59,67,63,80,84,85,90,
690.000000,286.000000,0.152757,89575360.000000,0.758528,0,1
86,87,80,84,74,63,66,60,
666.000000,290.000000,0.156358,209238736.000000,0.733140,0,1
53,55,68,61,75,89,78,89,
706.000000,293.000000,0.161635,67807976.000000,1.062663,0,1
59,59,60,61,61,62,73,87,
664.000000,294.000000,0.159323,9089242.000000,0.514887,0,1
88,87,92,65,76,88,56,56,
714.000000,294.000000,0.161455,57433728.000000,0.843303,0,1
58,63,65,80,84,83,90,90,
690.000000,295.000000,0.162783,62138684.000000,0.986310,0,1
60,62,61,70,70,70,83,91,
707.000000,297.000000,0.164176,17819780.000000,0.591595,0,1
89,92,91,87,90,87,73,61,
743.000000,50.000000,0.017644,455332416.000000,0.193672,0,1
79,77,73,65,54,50,41,31,
739.000000,51.000000,0.017043,173706944.000000,0.185239,0,1
76,71,70,60,53,45,39,39,
670.000000,19.000000,0.041338,101319040.000000,0.316734,0,1
77,66,67,64,61,60,57,53,
716.000000,19.000000,0.045425,167488304.000000,0.443616,0,1
76,67,74,63,66,66,56,65,
684.000000,25.000000,0.042665,30461484.000000,0.163234,0,1
66,62,79,62,70,83,65,80,
712.000000,26.000000,0.044135,75161944.000000,0.281290,0,1
59,67,58,65,57,55,68,56,
720.000000,29.000000,0.040706,101365472.000000,0.380270,0,1
76,81,67,80,76,61,74,72,
721.000000,29.000000,0.039669,160333312.000000,0.388091,0,1
70,77,63,78,63,67,73,65,
673.000000,37.000000,0.042847,203813824.000000,0.237240,0,1
61,44,54,46,46,69,40,48,
720.000000,40.000000,0.043777,115354112.000000,0.366178,0,1
72,79,67,81,67,61,75,51,
726.000000,41.000000,0.043492,70071752.000000,0.274661,0,1
59,67,53,73,61,50,69,52,
708.000000,44.000000,0.042565,426776192.000000,0.373731,0,1
62,55,73,54,69,73,56,68,
725.000000,44.000000,0.044049,82663712.000000,0.270283,0,1
69,75,52,76,56,52,58,51,
717.000000,46.000000,0.043303,51255648.000000,0.258862,0,1
78,74,63,72,65,58,62,61,
706.000000,51.000000,0.041874,186500928.000000,0.328633,0,1
59,45,66,46,65,64,52,59,
710.000000,54.000000,0.042507,96844600.000000,0.365014,0,1
60,56,49,61,55,58,54,49,
734.000000,54.000000,0.016180,651959936.000000,0.173090,0,1
70,71,58,72,62,45,67,68,
712.000000,64.000000,0.042093,76933072.000000,0.243741,0,1
69,73,60,69,63,46,60,51,
678.000000,75.000000,0.041309,71544704.000000,0.300256,0,1
52,44,58,35,47,63,38,41,
687.000000,75.000000,0.037201,118957904.000000,0.282630,0,1
53,62,47,62,50,37,58,40,
726.000000,93.000000,0.017838,1026083648.000000,0.169902,0,1
32,20,37,15,31,37,22,29,
730.000000,104.000000,0.016546,826537024.000000,0.160731,0,1
28,38,21,35,28,20,29,31,
673.000000,117.000000,0.037348,56550364.000000,0.270960,0,1
25,31,25,33,30,27,36,35,
719.000000,131.000000,0.017812,59745576.000000,0.164979,0,1
33,33,31,24,28,20,25,24,
721.000000,135.000000,0.017054,143724272.000000,0.160195,0,1
19,26,16,27,19,15,24,18,
711.000000,147.000000,0.031101,40758228.000000,0.263893,0,1
22,24,36,16,28,33,20,18,
693.000000,188.000000,0.080863,253199120.000000,0.547315,0,1
26,45,26,58,39,25,59,57,
681.000000,194.000000,0.077886,562066624.000000,0.515420,0,1
42,31,55,24,44,57,30,44,
694.000000,195.000000,0.080858,592030592.000000,0.553971,0,1
57,58,39,59,42,26,44,28,
693.000000,196.000000,0.080638,566627328.000000,0.551857,0,1
58,59,42,60,44,27,47,29,
666.000000,247.000000,0.111708,64650144.000000,0.637197,0,1
56,57,57,65,68,72,82,72,
677.000000,248.000000,0.112244,76449352.000000,0.666088,0,1
69,79,81,76,74,73,62,57,
684.000000,248.000000,0.112456,69737424.000000,0.683397,0,1
75,80,80,70,66,62,58,57,
651.000000,254.000000,0.117014,50214644.000000,0.704222,0,1
60,52,54,40,44,48,35,34,
658.000000,255.000000,0.118900,35929436.000000,0.727421,0,1
56,54,54,43,47,50,36,34,
669.000000,256.000000,0.119881,70414760.000000,0.755009,0,1
57,52,51,42,41,39,36,33,
643.000000,261.000000,0.123308,30798980.000000,0.675381,0,1
47,47,56,34,38,43,32,33,
39.000000,271.000000,0.122697,28243932.000000,0.748211,0,1
53,53,53,59,62,64,76,78,
31.000000,272.000000,0.123123,26209250.000000,0.765861,0,1
52,53,54,66,69,72,74,66,
632.000000,277.000000,0.141350,20983624.000000,0.814145,0,1
36,43,35,53,43,36,53,53,
642.000000,279.000000,0.145061,48213836.000000,0.850170,0,1
33,36,34,46,44,38,54,54,
644.000000,279.000000,0.145444,62756872.000000,0.858993,0,1
34,34,34,44,38,41,52,52,
546.000000,280.000000,0.143535,2473780.750000,0.729040,0,1
61,60,61,56,56,58,55,54,
646.000000,280.000000,0.145107,84875640.000000,0.862125,0,1
35,39,45,48,50,52,51,53,
663.000000,282.000000,0.147565,34264636.000000,0.937398,0,1
59,62,62,57,60,60,41,39,
657.000000,287.000000,0.154757,6724713.000000,0.933034,0,1
59,53,56,46,48,50,45,45,
662.000000,291.000000,0.157433,170773728.000000,0.731275,0,1
46,48,57,54,65,76,76,82,
642.000000,280.000000,0.144274,34836768.000000,0.848991,0,1
35,45,41,54,53,48,54,53,
663.000000,274.000000,0.140450,186178224.000000,0.867459,0,1
34,33,42,33,40,51,44,53,
38.000000,274.000000,0.124014,30997758.000000,0.761860,0,1
76,78,78,62,60,58,55,53,
671.000000,272.000000,0.138417,122446512.000000,0.871386,0,1
34,35,37,40,43,47,51,56,
644.000000,261.000000,0.123107,34058108.000000,0.676405,0,1
48,52,58,36,41,43,31,34,
714.000000,27.000000,0.044186,122735264.000000,0.423296,0,1
61,51,65,53,67,77,66,75,
713.000000,28.000000,0.043717,128358600.000000,0.270250,0,1
51,53,67,64,66,81,61,64,
658.000000,259.000000,0.124926,61052216.000000,0.721139,0,1
34,33,33,47,45,44,59,49,
681.000000,256.000000,0.120815,41772512.000000,0.782157,0,1
58,55,56,39,42,46,34,31,
644.000000,252.000000,0.115443,95423224.000000,0.679965,0,1
78,66,64,51,53,56,40,35,
654.000000,250.000000,0.113919,56352464.000000,0.628231,0,1
69,78,77,72,68,65,61,59,
712.000000,61.000000,0.042263,61660020.000000,0.253832,0,1
54,61,55,66,65,61,73,70,
644.000000,70.000000,0.044539,119213144.000000,0.301233,0,1
61,49,64,42,54,65,42,48,
701.000000,70.000000,0.041948,77618248.000000,0.242794,0,1
30,27,50,30,36,58,30,48,
677.000000,79.000000,0.042814,253299136.000000,0.321494,0,1
36,33,45,34,40,56,30,39,
686.000000,205.000000,0.079144,28630624.000000,0.543730,0,1
59,53,56,35,42,48,24,24,
344.000000,284.000000,0.125571,5009699.000000,0.420209,0,1
57,60,57,61,59,57,61,60,
588.000000,273.000000,0.135406,21440498.000000,0.632850,0,1
100,89,91,58,75,90,58,57,
698.000000,24.000000,0.042558,113251776.000000,0.375062,0,1
72,69,81,70,82,85,75,80,
657.000000,24.000000,0.041202,211521040.000000,0.323511,0,1
57,53,50,64,50,40,59,56,
639.000000,31.000000,0.045212,141005680.000000,0.335656,0,1
81,83,73,87,79,81,85,79,
660.000000,31.000000,0.041861,348037344.000000,0.227200,0,1
44,65,41,67,54,42,66,62,
685.000000,34.000000,0.041494,252864224.000000,0.353621,0,1
77,78,65,75,70,53,73,53,
688.000000,36.000000,0.041582,271136032.000000,0.364335,0,1
50,49,60,44,58,69,54,67,
648.000000,37.000000,0.040723,217298848.000000,0.481728,0,1
66,69,61,76,70,66,78,80,
657.000000,37.000000,0.040004,240808272.000000,0.307935,0,1
67,56,66,58,60,62,49,52,
661.000000,39.000000,0.039991,372933024.000000,0.493126,0,1
52,54,42,58,44,37,48,43,
660.000000,42.000000,0.039914,494649344.000000,0.488603,0,1
48,58,43,65,59,39,67,57,
670.000000,42.000000,0.041032,208143360.000000,0.344233,0,1
50,48,38,39,43,41,34,30,
679.000000,42.000000,0.041072,202028960.000000,0.341050,0,1
64,58,65,60,55,57,54,49,
656.000000,44.000000,0.042417,157389472.000000,0.223273,0,1
61,74,59,79,71,54,79,79,
686.000000,46.000000,0.040090,205761968.000000,0.347683,0,1
59,51,62,45,56,70,54,59,
687.000000,49.000000,0.040056,189551248.000000,0.337717,0,1
63,59,64,54,68,69,67,74,
669.000000,50.000000,0.041072,627254528.000000,0.325671,0,1
34,40,41,55,46,42,53,55,
651.000000,52.000000,0.039391,218468912.000000,0.460536,0,1
60,65,57,70,69,69,78,76,
629.000000,56.000000,0.045281,47461368.000000,0.310754,0,1
71,75,63,74,68,67,73,71,
650.000000,56.000000,0.038876,287457472.000000,0.285181,0,1
72,60,76,60,65,71,61,62,
690.000000,61.000000,0.038958,244101520.000000,0.326876,0,1
53,53,45,64,55,45,61,53,
615.000000,62.000000,0.064570,194740496.000000,0.713860,0,1
76,70,73,70,61,74,49,34,
663.000000,64.000000,0.039330,102591872.000000,0.300406,0,1
68,63,66,57,65,62,51,56,
695.000000,64.000000,0.040584,227090288.000000,0.346858,0,1
52,58,40,59,53,39,55,43,
676.000000,65.000000,0.040730,354964928.000000,0.325951,0,1
53,39,58,35,46,53,36,42,
647.000000,66.000000,0.040742,424912640.000000,0.464621,0,1
62,68,57,69,61,49,65,66,
597.000000,67.000000,0.064517,319053792.000000,0.400658,0,1
30,46,33,64,62,47,68,71,
490.000000,69.000000,0.016082,30072998.000000,0.094338,0,1
82,80,82,79,75,78,71,67,
588.000000,70.000000,0.029963,139340704.000000,0.255255,0,1
67,71,58,66,69,48,65,62,
662.000000,70.000000,0.036831,647682112.000000,0.436533,0,1
61,50,54,50,52,57,46,41,
461.000000,71.000000,0.016722,28994248.000000,0.126797,0,1
81,81,77,80,73,71,74,66,
581.000000,75.000000,0.031420,193078016.000000,0.258468,0,1
62,74,60,76,67,60,74,68,
652.000000,76.000000,0.039806,71662128.000000,0.277527,0,1
63,63,51,55,56,47,54,49,
479.000000,79.000000,0.016620,22648284.000000,0.095873,0,1
64,60,54,61,57,52,57,47,
604.000000,79.000000,0.030668,202867760.000000,0.278219,0,1
61,55,55,58,55,46,52,53,
636.000000,79.000000,0.043013,106507040.000000,0.293959,0,1
58,66,60,58,60,51,56,56,
454.000000,80.000000,0.015123,39099992.000000,0.117769,0,1
71,72,65,69,66,72,67,61,
456.000000,80.000000,0.014793,46364212.000000,0.112356,0,1
76,65,76,66,72,74,60,66,
595.000000,82.000000,0.031794,504376864.000000,0.277013,0,1
48,58,41,64,44,52,61,46,
644.000000,82.000000,0.040802,250193472.000000,0.453191,0,1
57,64,60,55,61,59,50,53,
671.000000,82.000000,0.040747,102636232.000000,0.216186,0,1
40,51,32,51,45,35,49,50,
472.000000,84.000000,0.018359,38058360.000000,0.122050,0,1
55,60,41,53,48,43,49,45,
653.000000,85.000000,0.042295,236272688.000000,0.306958,0,1
52,39,60,34,42,60,35,37,
697.000000,85.000000,0.041860,135987152.000000,0.356115,0,1
22,20,36,24,31,44,25,37,
587.000000,86.000000,0.031215,226748048.000000,0.260109,0,1
52,50,60,50,52,63,48,54,
667.000000,87.000000,0.036819,12573185.000000,0.201358,0,1
45,43,43,35,39,31,24,33,
505.000000,88.000000,0.015377,27927776.000000,0.076138,0,1
74,69,71,65,65,69,63,57,
572.000000,88.000000,0.030857,41364160.000000,0.151538,0,1
67,68,61,65,61,57,61,58,
636.000000,89.000000,0.040831,103889208.000000,0.274998,0,1
61,62,48,63,53,41,57,46,
458.000000,90.000000,0.014870,35249760.000000,0.102225,0,1
51,55,44,58,47,43,56,43,
641.000000,90.000000,0.039769,170848448.000000,0.272437,0,1
44,40,52,44,47,47,43,31,
649.000000,90.000000,0.044956,138793104.000000,0.322221,0,1
55,62,45,54,42,32,31,38,
494.000000,91.000000,0.016920,16164538.000000,0.077334,0,1
62,57,59,57,57,50,51,52,
646.000000,91.000000,0.035791,187512656.000000,0.390560,0,1
58,50,54,33,30,31,30,38,
695.000000,91.000000,0.041689,97474456.000000,0.351053,0,1
26,21,36,20,26,35,18,19,
685.000000,92.000000,0.036988,131669736.000000,0.296921,0,1
44,38,34,29,31,35,25,19,
477.000000,93.000000,0.019736,24378544.000000,0.106900,0,1
50,46,35,42,39,33,38,37,
487.000000,93.000000,0.018828,24616132.000000,0.094245,0,1
57,53,51,51,47,43,50,44,
607.000000,93.000000,0.031982,514243104.000000,0.291082,0,1
39,37,47,48,42,54,42,52,
631.000000,93.000000,0.040096,128784608.000000,0.417385,0,1
58,49,58,45,46,45,35,40,
512.000000,94.000000,0.013640,42974340.000000,0.069286,0,1
58,54,66,54,61,72,57,69,
657.000000,94.000000,0.040073,146133328.000000,0.291769,0,1
29,41,28,47,38,27,46,43,
609.000000,96.000000,0.035313,268071104.000000,0.327331,0,1
57,60,51,55,54,43,57,52,
467.000000,97.000000,0.017736,23636530.000000,0.099516,0,1
36,44,35,48,37,31,42,34,
564.000000,97.000000,0.028477,44448664.000000,0.206321,0,1
69,64,68,61,64,66,56,55,
478.000000,100.000000,0.016248,20178198.000000,0.075113,0,1
38,44,44,34,41,46,36,38,
573.000000,101.000000,0.028425,35192688.000000,0.137869,0,1
55,54,50,60,59,57,63,58,
500.000000,102.000000,0.014687,23538430.000000,0.067498,0,1
47,55,46,55,51,47,54,49,
551.000000,102.000000,0.020118,126335440.000000,0.130944,0,1
69,65,60,64,50,56,52,49,
579.000000,102.000000,0.029365,32371372.000000,0.139663,0,1
51,62,47,62,59,44,60,55,
512.000000,103.000000,0.016286,25725884.000000,0.081788,0,1
63,68,55,66,60,60,61,53,
72.000000,104.000000,0.001782,24331268.000000,0.014268,0,1
69,69,68,67,66,62,60,57,
612.000000,104.000000,0.031897,388671712.000000,0.294112,0,1
40,46,32,40,34,30,38,36,
589.000000,105.000000,0.008891,87561664.000000,0.049599,0,1
35,41,29,45,41,28,52,50,
568.000000,106.000000,0.025237,53964636.000000,0.116925,0,1
61,52,62,45,56,60,41,45,
71.000000,107.000000,0.001820,79952528.000000,0.014600,0,1
60,56,57,53,59,66,61,65,
278.000000,107.000000,0.008095,3895970.250000,0.043594,0,1
64,58,62,53,56,57,52,50,
510.000000,108.000000,0.016311,41620100.000000,0.079971,0,1
55,61,50,65,56,47,59,57,
60.000000,109.000000,0.001528,241908240.000000,0.012619,0,1
65,63,58,58,48,45,56,49,
285.000000,109.000000,0.008645,17634000.000000,0.035419,0,1
62,59,54,51,55,48,52,48,
435.000000,109.000000,0.015580,37216816.000000,0.132659,0,1
59,65,53,67,55,47,59,55,
453.000000,110.000000,0.024028,25578470.000000,0.171445,0,1
40,38,45,42,45,45,45,48,
482.000000,110.000000,0.017434,46751144.000000,0.068645,0,1
36,28,37,27,32,46,27,31,
104.000000,111.000000,0.001586,25655218.000000,0.011476,0,1
74,72,71,68,67,65,60,59,
289.000000,111.000000,0.009671,17505306.000000,0.126832,0,1
50,46,55,44,53,51,48,52,
433.000000,111.000000,0.012336,41667336.000000,0.109381,0,1
67,69,59,69,63,55,67,59,
441.000000,111.000000,0.017019,13064372.000000,0.050933,0,1
51,43,53,40,47,51,40,38,
473.000000,111.000000,0.017159,15630311.000000,0.079274,0,1
29,24,32,26,32,34,25,39,
608.000000,111.000000,0.032502,437333856.000000,0.293445,0,1
46,53,35,53,41,37,41,30,
259.000000,112.000000,0.008648,41727360.000000,0.043100,0,1
66,65,58,67,62,54,65,58,
507.000000,112.000000,0.014104,18661046.000000,0.066671,0,1
55,56,64,53,58,56,50,52,
63.000000,113.000000,0.001578,158205344.000000,0.012908,0,1
38,45,39,54,46,49,57,55,
106.000000,113.000000,0.001339,42455132.000000,0.009614,0,1
65,61,63,59,66,72,70,69,
466.000000,113.000000,0.015117,14590520.000000,0.076868,0,1
37,38,35,39,33,35,38,32,
445.000000,115.000000,0.016016,11864128.000000,0.114705,0,1
51,51,46,40,46,48,39,36,
482.000000,115.000000,0.017261,35767232.000000,0.067037,0,1
34,31,46,38,38,52,37,37,
501.000000,115.000000,0.013025,13108601.000000,0.058319,0,1
50,52,48,48,48,51,42,39,
686.000000,115.000000,0.040529,94462736.000000,0.243447,0,1
33,43,22,45,30,16,33,20,
681.000000,116.000000,0.040163,188198608.000000,0.316687,0,1
30,22,39,21,26,42,20,22,
211.000000,117.000000,0.004377,16847118.000000,0.036129,0,1
67,65,62,64,60,60,60,55,
269.000000,117.000000,0.009720,24182728.000000,0.045128,0,1
52,45,56,45,52,55,48,47,
484.000000,117.000000,0.016504,26350156.000000,0.064756,0,1
52,47,42,37,42,45,41,33,
671.000000,117.000000,0.043381,183148512.000000,0.332066,0,1
29,21,31,19,33,30,20,26,
74.000000,118.000000,0.001623,46648748.000000,0.012843,0,1
61,61,57,56,52,49,43,36,
414.000000,118.000000,0.020554,2897702.500000,0.056843,0,1
69,67,68,67,66,65,61,48,
428.000000,118.000000,0.012796,18936230.000000,0.118730,0,1
66,54,67,49,58,62,50,56,
472.000000,118.000000,0.015083,25792948.000000,0.052657,0,1
23,27,47,30,31,37,28,24,
606.000000,118.000000,0.032993,162891024.000000,0.294389,0,1
44,45,36,47,35,45,32,23,
609.000000,118.000000,0.026225,135597840.000000,0.231656,0,1
45,43,42,37,46,30,33,23,
270.000000,119.000000,0.009545,16949102.000000,0.044547,0,1
56,50,56,48,53,48,46,46,
417.000000,119.000000,0.023303,6604828.000000,0.049095,0,1
65,65,62,59,54,53,43,35,
449.000000,119.000000,0.013364,16604487.000000,0.089643,0,1
53,47,43,41,38,41,35,31,
462.000000,119.000000,0.015426,23054014.000000,0.081119,0,1
39,30,34,37,29,27,29,26,
77.000000,120.000000,0.001454,180443040.000000,0.011395,0,1
49,47,55,41,54,58,52,55,
387.000000,120.000000,0.002540,1336192.375000,0.033516,0,1
63,64,59,64,61,55,63,59,
504.000000,120.000000,0.013901,24606372.000000,0.063341,0,1
51,53,41,43,43,34,38,37,
206.000000,121.000000,0.004921,40472928.000000,0.036991,0,1
61,59,55,58,53,49,52,47,
686.000000,121.000000,0.015508,147842128.000000,0.130810,0,1
20,29,20,35,27,16,31,21,
167.000000,122.000000,0.005364,11130990.000000,0.050290,0,1
63,59,59,55,53,54,49,47,
492.000000,122.000000,0.006610,6258264.500000,0.016878,0,1
34,39,28,41,37,29,37,38,
282.000000,123.000000,0.008779,13375115.000000,0.036296,0,1
40,46,41,45,45,41,49,49,
138.000000,124.000000,0.005665,14443880.000000,0.036601,0,1
60,59,58,59,58,56,58,56,
479.000000,124.000000,0.015823,34626536.000000,0.058341,0,1
36,47,32,41,36,21,36,27,
395.000000,125.000000,0.007666,5564373.000000,0.038280,0,1
66,61,67,52,57,64,50,42,
460.000000,125.000000,0.014966,63391888.000000,0.080265,0,1
30,35,23,35,32,22,40,27,
522.000000,125.000000,0.014115,29993034.000000,0.072957,0,1
46,38,49,40,45,42,35,39,
405.000000,126.000000,0.006631,7495819.000000,0.009993,0,1
47,40,50,38,39,50,35,34,
415.000000,126.000000,0.009761,8424368.000000,0.032551,0,1
56,59,43,58,52,38,52,46,
193.000000,127.000000,0.005588,53046848.000000,0.040730,0,1
50,43,54,43,47,52,40,47,
298.000000,127.000000,0.008567,9682298.000000,0.099907,0,1
55,56,51,52,49,50,52,49,
301.000000,127.000000,0.009388,9289163.000000,0.107901,0,1
51,50,56,47,55,57,54,57,
502.000000,127.000000,0.013426,8432826.000000,0.038046,0,1
32,28,37,28,39,40,41,36,
643.000000,128.000000,0.015507,130593736.000000,0.152641,0,1
15,14,18,14,19,32,13,17,
35.000000,129.000000,0.022607,276487904.000000,0.211012,0,1
56,50,52,44,52,66,65,73,
261.000000,129.000000,0.002259,15119119.000000,0.011205,0,1
56,51,54,48,50,51,43,42,
682.000000,129.000000,0.039322,17120094.000000,0.309852,0,1
18,14,24,12,18,23,15,19,
97.000000,130.000000,0.003625,83217312.000000,0.026815,0,1
61,66,59,69,61,49,64,56,
109.000000,130.000000,0.006253,36421988.000000,0.044809,0,1
64,63,65,57,61,65,54,52,
157.000000,130.000000,0.006540,31119586.000000,0.056092,0,1
47,47,42,49,50,42,52,51,
209.000000,130.000000,0.006147,45252816.000000,0.040677,0,1
39,42,47,44,45,52,43,50,
226.000000,130.000000,0.006710,22766944.000000,0.040254,0,1
37,41,35,43,40,33,39,33,
236.000000,131.000000,0.003702,31584978.000000,0.023941,0,1
44,45,48,43,43,51,40,43,
489.000000,131.000000,0.018460,8311220.000000,0.074341,0,1
27,25,31,25,34,35,33,31,
48.000000,132.000000,0.001258,477420288.000000,0.010659,0,1
54,65,50,70,60,49,66,60,
147.000000,132.000000,0.005490,86418432.000000,0.049390,0,1
54,60,51,66,62,56,68,58,
258.000000,132.000000,0.001496,67066552.000000,0.007424,0,1
49,52,44,52,48,39,50,42,
291.000000,132.000000,0.008444,31947992.000000,0.110816,0,1
44,38,50,38,47,50,44,55,
97.000000,133.000000,0.004296,87950024.000000,0.031821,0,1
59,60,52,63,54,44,58,51,
322.000000,133.000000,0.001190,20852524.000000,0.014250,0,1
56,56,46,56,46,45,53,39,
464.000000,133.000000,0.012325,11701894.000000,0.061685,0,1
33,27,40,20,27,30,22,19,
490.000000,133.000000,0.013702,14284310.000000,0.054677,0,1
37,37,30,31,27,23,24,17,
475.000000,134.000000,0.017930,16895246.000000,0.064664,0,1
29,25,20,19,20,17,19,17,
518.000000,134.000000,0.016814,8138062.000000,0.084602,0,1
33,32,20,20,18,16,14,14,
160.000000,135.000000,0.004993,11073464.000000,0.044208,0,1
47,43,48,39,39,41,34,35,
216.000000,135.000000,0.005564,33657780.000000,0.040814,0,1
51,38,42,38,41,39,37,38,
560.000000,135.000000,0.011267,31226766.000000,0.072890,0,1
21,26,16,26,19,14,24,21,
62.000000,136.000000,0.002209,344441184.000000,0.018060,0,1
65,66,54,67,59,44,62,53,
122.000000,136.000000,0.006654,6473563.000000,0.045581,0,1
54,53,54,48,50,50,45,42,
168.000000,136.000000,0.002295,55470356.000000,0.019631,0,1
37,38,33,39,33,34,37,30,
182.000000,136.000000,0.006496,113841760.000000,0.049391,0,1
49,46,57,47,52,58,48,56,
190.000000,136.000000,0.005051,87306920.000000,0.037282,0,1
44,47,41,52,41,39,45,40,
88.000000,137.000000,0.005860,164566416.000000,0.044833,0,1
62,53,63,50,57,63,49,53,
240.000000,137.000000,0.004411,68562408.000000,0.024402,0,1
46,40,48,37,44,50,38,39,
294.000000,137.000000,0.001821,14425685.000000,0.009519,0,1
56,57,47,55,52,44,53,41,
688.000000,137.000000,0.016304,175362752.000000,0.191438,0,1
19,25,16,27,20,17,26,22,
116.000000,138.000000,0.005002,38846412.000000,0.034823,0,1
57,53,52,44,44,44,38,37,
130.000000,138.000000,0.005214,94479456.000000,0.034540,0,1
52,48,52,41,44,53,39,41,
134.000000,138.000000,0.005540,103604712.000000,0.036183,0,1
59,58,52,53,51,41,48,43,
321.000000,138.000000,0.001818,39158980.000000,0.018615,0,1
51,54,36,51,44,33,52,40,
715.000000,139.000000,0.017859,54996584.000000,0.165940,0,1
19,16,24,14,19,27,14,19,
112.000000,140.000000,0.005388,15669512.000000,0.038064,0,1
48,48,43,44,43,41,36,34,
109.000000,141.000000,0.004584,18043754.000000,0.032635,0,1
47,47,44,41,41,36,38,33,
189.000000,141.000000,0.005146,55942292.000000,0.039856,0,1
46,46,40,46,41,39,34,29,
83.000000,142.000000,0.005055,177771824.000000,0.039169,0,1
59,58,50,59,48,41,48,37,
209.000000,142.000000,0.003098,47005200.000000,0.020630,0,1
41,33,43,30,36,33,29,31,
283.000000,142.000000,0.004343,46075920.000000,0.017706,0,1
36,43,30,37,34,29,38,32,
196.000000,143.000000,0.006047,109542912.000000,0.045831,0,1
53,43,53,35,47,40,37,37,
254.000000,144.000000,0.003170,12404038.000000,0.016046,0,1
37,43,37,39,38,31,31,27,
372.000000,144.000000,0.002634,3254828.000000,0.016523,0,1
25,25,30,34,37,40,52,60,
560.000000,144.000000,0.009843,12731329.000000,0.063239,0,1
22,29,17,24,22,14,23,21,
351.000000,145.000000,0.002733,8045836.000000,0.022969,0,1
28,30,38,41,45,49,34,43,
50.000000,146.000000,0.003744,352022016.000000,0.031751,0,1
52,57,48,59,49,42,56,55,
69.000000,146.000000,0.002248,436297216.000000,0.018004,0,1
46,40,51,35,44,60,38,51,
656.000000,146.000000,0.019655,76244104.000000,0.206408,0,1
19,14,21,16,23,23,19,33,
69.000000,147.000000,0.002276,379135136.000000,0.018234,0,1
45,38,52,34,45,59,47,51,
150.000000,147.000000,0.006267,7477963.000000,0.055465,0,1
37,33,35,30,30,32,25,25,
180.000000,147.000000,0.005738,90664376.000000,0.044140,0,1
38,29,40,26,29,33,27,27,
202.000000,147.000000,0.005953,17243682.000000,0.042890,0,1
43,42,38,33,33,30,30,27,
204.000000,147.000000,0.006304,34912724.000000,0.045362,0,1
37,38,29,33,30,26,26,23,
81.000000,148.000000,0.004627,229664496.000000,0.036025,0,1
55,58,44,57,48,36,49,34,
290.000000,148.000000,0.006360,15443543.000000,0.093784,0,1
32,31,38,37,38,48,29,22,
372.000000,148.000000,0.009337,12351362.000000,0.054341,0,1
60,55,41,51,43,29,35,27,
298.000000,149.000000,0.003603,15759153.000000,0.049446,0,1
45,38,51,31,36,36,22,19,
660.000000,149.000000,0.037328,229602880.000000,0.424417,0,1
26,38,26,37,30,20,25,18,
260.000000,150.000000,0.006858,10984340.000000,0.032988,0,1
34,31,35,30,34,29,23,22,
634.000000,150.000000,0.023744,16753462.000000,0.230812,0,1
24,18,21,15,14,14,14,12,
656.000000,150.000000,0.019612,15789734.000000,0.142850,0,1
33,20,36,17,25,32,16,18,
293.000000,154.000000,0.017792,15676886.000000,0.227350,0,1
24,32,34,26,28,39,24,24,
306.000000,154.000000,0.018029,9017166.000000,0.194649,0,1
20,40,28,35,32,23,25,22,
314.000000,154.000000,0.014376,8426469.000000,0.158579,0,1
25,41,35,32,36,25,23,19,
315.000000,154.000000,0.013623,8665155.000000,0.164988,0,1
24,40,27,35,32,23,22,19,
50.000000,155.000000,0.004812,58219544.000000,0.040952,0,1
27,31,28,44,36,30,41,35,
59.000000,155.000000,0.004256,284847968.000000,0.035289,0,1
49,42,53,35,43,49,37,38,
134.000000,155.000000,0.006188,15429555.000000,0.040498,0,1
33,36,30,27,28,25,23,26,
77.000000,156.000000,0.005111,83113136.000000,0.040351,0,1
48,49,41,47,42,33,36,28,
285.000000,156.000000,0.012636,8368930.500000,0.049719,0,1
26,25,25,23,28,24,39,33,
324.000000,156.000000,0.021103,4354902.500000,0.155903,0,1
24,23,26,20,28,31,24,27,
358.000000,158.000000,0.023557,1194010.000000,0.195208,0,1
27,28,29,23,23,26,19,17,
352.000000,160.000000,0.018902,6101753.000000,0.126444,0,1
25,19,24,18,25,30,19,20,
165.000000,161.000000,0.019939,85261288.000000,0.158899,0,1
23,23,25,24,36,36,34,35,
156.000000,162.000000,0.020447,78658032.000000,0.171818,0,1
22,31,25,41,32,24,35,27,
468.000000,162.000000,0.027861,1990218.250000,0.116000,0,1
18,15,17,11,12,17,11,10,
520.000000,162.000000,0.042042,39481120.000000,0.234247,0,1
20,23,14,19,20,13,23,20,
248.000000,165.000000,0.020315,43045788.000000,0.102856,0,1
22,28,20,27,24,20,31,28,
330.000000,166.000000,0.018280,3864267.000000,0.176071,0,1
21,23,23,34,34,36,45,49,
344.000000,166.000000,0.015206,6906672.500000,0.149629,0,1
23,30,27,44,43,41,53,52,
58.000000,168.000000,0.021594,17485478.000000,0.189347,0,1
32,31,30,28,26,23,23,19,
304.000000,168.000000,0.018984,6564996.000000,0.219638,0,1
27,42,42,52,52,50,51,54,
589.000000,168.000000,0.056202,14647828.000000,0.500852,0,1
14,17,14,20,17,14,22,20,
599.000000,169.000000,0.056192,5084593.000000,0.526539,0,1
12,14,13,21,17,18,21,19,
310.000000,170.000000,0.022892,1202890.000000,0.215239,0,1
51,48,49,52,52,53,58,59,
333.000000,172.000000,0.027097,9611695.000000,0.225431,0,1
56,57,57,60,66,64,69,69,
440.000000,172.000000,0.019729,1627204.500000,0.168538,0,1
29,27,27,24,21,24,19,18,
671.000000,175.000000,0.070583,9394739.000000,0.579270,0,1
10,14,10,19,17,15,22,21,
393.000000,176.000000,0.030385,9075678.000000,0.119347,0,1
26,28,27,40,36,35,45,46,
454.000000,182.000000,0.056936,14874255.000000,0.298570,0,1
18,22,16,26,17,14,24,17,
590.000000,184.000000,0.062295,22538660.000000,0.576849,0,1
12,13,12,21,19,22,25,23,
280.000000,185.000000,0.037478,17775712.000000,0.442966,0,1
77,75,72,75,68,61,65,57,
580.000000,185.000000,0.060481,27765854.000000,0.528885,0,1
13,15,11,15,15,17,25,25,
565.000000,187.000000,0.057022,10866318.000000,0.454964,0,1
11,14,13,17,16,16,23,23,
481.000000,188.000000,0.071019,41883956.000000,0.338952,0,1
20,18,28,15,20,32,19,22,
490.000000,188.000000,0.067865,214790784.000000,0.344653,0,1
19,17,22,54,61,67,80,82,
482.000000,189.000000,0.070984,76100752.000000,0.342636,0,1
28,20,32,19,28,34,22,29,
274.000000,190.000000,0.042226,34809944.000000,0.521539,0,1
69,76,63,76,63,51,60,54,
666.000000,190.000000,0.076120,78926056.000000,0.626074,0,1
13,11,18,10,13,21,11,13,
268.000000,192.000000,0.047094,20700308.000000,0.571195,0,1
51,52,59,56,65,75,69,75,
247.000000,193.000000,0.045275,4990371.000000,0.227157,0,1
53,53,52,54,56,56,62,56,
608.000000,193.000000,0.065700,270866656.000000,0.677058,0,1
69,65,65,44,55,51,35,32,
265.000000,195.000000,0.049088,49844344.000000,0.615947,0,1
60,59,71,55,69,73,70,72,
434.000000,195.000000,0.050451,48673132.000000,0.375493,0,1
31,38,26,39,28,23,25,21,
267.000000,196.000000,0.048534,27721046.000000,0.608961,0,1
77,76,63,75,64,55,63,58,
384.000000,196.000000,0.048424,543910.250000,0.225818,0,1
54,56,55,57,55,54,58,56,
430.000000,196.000000,0.052406,75272424.000000,0.405747,0,1
47,49,44,50,36,28,36,30,
262.000000,197.000000,0.051813,18841946.000000,0.649871,0,1
54,55,62,57,64,76,68,76,
442.000000,198.000000,0.041578,2048446.000000,0.139639,0,1
31,29,29,23,25,25,22,19,
618.000000,198.000000,0.064999,251949424.000000,0.701603,0,1
19,24,13,27,19,10,24,19,
434.000000,201.000000,0.057234,68254496.000000,0.417225,0,1
23,33,25,50,37,27,48,43,
259.000000,203.000000,0.055151,19785114.000000,0.713489,0,1
76,78,66,77,66,59,64,57,
573.000000,205.000000,0.063545,194953840.000000,0.554214,0,1
17,18,18,30,32,33,48,52,
581.000000,205.000000,0.063206,187229344.000000,0.573193,0,1
15,20,20,36,37,39,51,52,
251.000000,206.000000,0.061076,38453660.000000,0.800307,0,1
57,58,68,58,71,84,73,84,
243.000000,207.000000,0.061597,8702730.000000,0.855493,0,1
56,56,56,57,57,57,68,61,
528.000000,208.000000,0.064536,139330160.000000,0.441842,0,1
20,26,28,42,43,45,53,55,
458.000000,209.000000,0.067386,58687012.000000,0.371054,0,1
18,21,20,32,32,31,39,43,
464.000000,209.000000,0.068396,51309896.000000,0.350789,0,1
17,17,18,28,26,25,35,40,
469.000000,209.000000,0.068733,49171980.000000,0.333183,0,1
17,19,17,25,23,23,34,37,
252.000000,210.000000,0.062334,40629444.000000,0.819702,0,1
79,78,57,78,57,56,58,56,
502.000000,210.000000,0.068495,182329472.000000,0.405301,0,1
24,38,29,27,35,45,51,58,
506.000000,210.000000,0.066935,160202208.000000,0.404293,0,1
22,32,36,45,49,51,56,59,
496.000000,211.000000,0.069429,169704496.000000,0.397063,0,1
41,27,24,44,46,49,58,61,
482.000000,213.000000,0.071357,78047344.000000,0.375277,0,1
28,32,28,45,46,48,49,51,
556.000000,214.000000,0.075912,13642218.000000,0.645862,0,1
61,61,61,60,60,61,51,52,
185.000000,221.000000,0.073876,23092718.000000,0.523408,0,1
61,62,61,67,67,68,70,65,
154.000000,222.000000,0.074726,26672384.000000,0.599734,0,1
58,59,61,63,66,67,72,69,
164.000000,222.000000,0.074111,31850436.000000,0.571938,0,1
60,62,62,65,66,67,71,63,
204.000000,222.000000,0.073855,32383760.000000,0.483126,0,1
67,69,70,67,65,64,60,60,
138.000000,223.000000,0.074473,31973636.000000,0.632357,0,1
57,56,57,63,63,63,67,60,
144.000000,223.000000,0.074336,43129680.000000,0.618058,0,1
57,58,59,64,65,66,71,61,
174.000000,223.000000,0.074250,27595802.000000,0.552610,0,1
65,70,69,70,68,66,59,56,
191.000000,223.000000,0.074621,14632590.000000,0.519060,0,1
68,70,69,64,63,62,59,58,
231.000000,223.000000,0.076586,85307272.000000,1.100194,0,1
58,55,74,55,72,86,73,85,
113.000000,224.000000,0.075765,45463508.000000,0.701358,0,1
57,57,57,63,62,63,66,61,
156.000000,224.000000,0.074918,31324346.000000,0.599126,0,1
67,73,71,69,67,65,62,59,
170.000000,224.000000,0.074933,20982468.000000,0.568823,0,1
68,71,70,64,63,61,58,56,
183.000000,224.000000,0.075409,21131492.000000,0.544814,0,1
70,66,65,60,60,58,57,56,
272.000000,224.000000,0.078578,3076467.000000,0.856212,0,1
54,56,56,57,59,59,60,62,
444.000000,224.000000,0.080238,7128424.000000,0.532099,0,1
48,50,50,52,52,52,53,56,
462.000000,224.000000,0.082137,9180668.000000,0.454586,0,1
48,49,50,52,52,52,54,56,
476.000000,224.000000,0.081290,10044660.000000,0.447504,0,1
49,51,50,54,53,53,57,58,
153.000000,225.000000,0.075521,22732368.000000,0.612767,0,1
72,69,69,63,62,62,60,59,
213.000000,236.000000,0.090407,135676432.000000,0.627724,0,1
58,58,60,68,71,83,78,85,
174.000000,237.000000,0.090985,26914136.000000,0.740909,0,1
58,59,60,60,60,61,67,72,
189.000000,237.000000,0.090599,85489504.000000,0.696011,0,1
58,58,56,62,63,63,69,66,
199.000000,237.000000,0.090359,76253488.000000,0.666554,0,1
59,59,61,69,71,73,68,62,
202.000000,238.000000,0.090845,129406264.000000,0.664965,0,1
61,73,75,69,69,70,60,60,
203.000000,238.000000,0.090795,133247216.000000,0.661773,0,1
61,74,75,70,70,69,60,59,
607.000000,238.000000,0.100157,24291502.000000,1.257123,0,1
54,60,58,56,56,59,50,51,
150.000000,239.000000,0.091934,64157912.000000,0.820261,0,1
56,55,56,60,62,63,67,64,
181.000000,239.000000,0.091080,62949980.000000,0.725871,0,1
59,70,71,69,68,65,60,60,
182.000000,239.000000,0.091145,64780956.000000,0.723861,0,1
60,70,70,69,66,66,60,59,
476.000000,240.000000,0.099507,4084197.500000,0.638916,0,1
60,58,59,55,56,60,54,53,
104.000000,241.000000,0.093607,93474880.000000,0.970717,0,1
56,54,53,55,54,56,71,69,
48.000000,244.000000,0.094855,82856248.000000,1.144466,0,1
55,55,55,58,59,59,70,72,
42.000000,245.000000,0.094948,150935408.000000,1.162966,0,1
54,57,58,65,67,68,78,61,
76.000000,245.000000,0.094871,61070192.000000,1.070332,0,1
62,75,74,65,63,64,59,56,
91.000000,245.000000,0.094302,56470304.000000,1.020912,0,1
75,66,65,60,59,59,58,55,
63.000000,246.000000,0.095481,72241512.000000,1.116360,0,1
68,74,72,62,61,62,57,56,
208.000000,246.000000,0.100417,36218916.000000,0.761964,0,1
90,91,84,87,81,61,75,58,
413.000000,246.000000,0.105522,8521724.000000,0.924015,0,1
61,59,63,54,60,63,56,56,
598.000000,246.000000,0.108397,135587136.000000,1.378644,0,1
55,53,53,44,47,49,32,29,
40.000000,247.000000,0.096072,116854232.000000,1.189278,0,1
65,74,78,64,63,61,58,56,
616.000000,248.000000,0.111192,32485454.000000,0.878552,0,1
59,56,57,42,47,51,35,35,
411.000000,250.000000,0.108168,8551529.000000,0.968475,0,1
55,59,55,60,59,56,62,61,
202.000000,251.000000,0.105139,47701200.000000,0.844089,0,1
83,86,79,86,76,61,76,60,
608.000000,251.000000,0.114932,128302520.000000,0.893393,0,1
30,30,30,31,35,37,47,48,
636.000000,251.000000,0.115261,293047904.000000,1.001148,0,1
64,80,80,69,68,66,44,36,
632.000000,252.000000,0.115179,274294336.000000,0.986454,0,1
72,69,70,43,42,43,36,34,
580.000000,253.000000,0.116690,732027392.000000,1.447658,0,1
33,41,35,61,55,49,81,78,
610.000000,253.000000,0.116683,116466320.000000,0.922302,0,1
37,47,46,48,43,40,35,30,
566.000000,254.000000,0.117006,879095168.000000,1.367913,0,1
54,53,54,63,65,70,87,79,
570.000000,254.000000,0.116946,862765184.000000,1.391891,0,1
53,52,56,70,70,74,87,71,
421.000000,256.000000,0.116049,4859938.500000,0.959364,0,1
60,58,61,55,56,60,53,52,
556.000000,258.000000,0.118301,24036192.000000,0.753995,0,1
93,87,93,63,81,90,58,57,
557.000000,259.000000,0.119479,14638228.000000,0.769625,0,1
93,81,90,58,69,88,57,56,
595.000000,259.000000,0.121421,131344976.000000,0.926001,0,1
35,50,41,57,51,41,42,45,
562.000000,261.000000,0.123239,14067305.000000,0.825120,0,1
92,88,92,59,75,89,59,60,
178.000000,262.000000,0.116943,277529344.000000,1.104203,0,1
59,59,60,65,67,69,81,85,
166.000000,263.000000,0.117500,412274016.000000,1.158296,0,1
58,59,61,68,70,70,86,75,
575.000000,263.000000,0.125242,17834460.000000,0.896585,0,1
59,64,58,88,74,62,93,93,
118.000000,265.000000,0.119504,122609664.000000,1.371575,0,1
57,57,57,57,57,58,66,79,
138.000000,265.000000,0.118796,339792384.000000,1.285800,0,1
58,57,60,69,70,73,81,69,
141.000000,265.000000,0.118733,386715072.000000,1.273736,0,1
58,60,62,71,74,75,85,66,
170.000000,265.000000,0.118639,514928384.000000,1.165792,0,1
73,89,90,72,70,69,60,58,
607.000000,265.000000,0.128234,23393296.000000,1.060618,0,1
32,37,33,48,41,33,53,55,
151.000000,266.000000,0.119030,309027680.000000,1.244076,0,1
68,80,79,74,70,66,61,56,
185.000000,266.000000,0.121160,77591272.000000,1.150438,0,1
92,94,76,95,73,58,71,57,
99.000000,267.000000,0.120467,250399536.000000,1.463287,0,1
56,56,56,57,61,63,78,77,
110.000000,267.000000,0.120282,370455840.000000,1.419203,0,1
58,58,59,72,75,79,79,67,
139.000000,267.000000,0.119740,375765024.000000,1.302322,0,1
71,82,85,70,68,66,61,59,
145.000000,267.000000,0.119524,296725120.000000,1.276556,0,1
76,81,79,64,64,64,59,59,
86.000000,268.000000,0.120809,242883104.000000,1.519710,0,1
57,57,57,59,62,64,80,75,
119.000000,268.000000,0.120330,306825984.000000,1.388832,0,1
68,79,79,78,74,71,59,57,
174.000000,268.000000,0.123747,116735640.000000,1.237060,0,1
61,60,73,61,78,100,81,98,
614.000000,269.000000,0.133767,41044864.000000,1.164362,0,1
31,35,30,46,38,33,56,58,
616.000000,270.000000,0.134371,38229384.000000,1.183227,0,1
30,34,32,54,44,38,56,55,
63.000000,272.000000,0.122813,78662176.000000,1.221618,0,1
66,77,76,64,62,62,57,55,
167.000000,272.000000,0.128759,95416656.000000,1.357778,0,1
59,58,60,59,59,75,59,80,
48.000000,273.000000,0.123494,87105824.000000,1.118336,0,1
71,78,81,67,64,61,57,53,
52.000000,273.000000,0.123243,66804136.000000,1.269861,0,1
70,76,72,61,59,59,54,53,
177.000000,273.000000,0.128483,69031512.000000,1.315910,0,1
96,98,73,95,67,57,67,58,
587.000000,273.000000,0.135540,25968264.000000,0.650003,0,1
99,79,91,55,63,86,56,57,
597.000000,273.000000,0.136661,17516680.000000,0.663221,0,1
53,63,54,88,75,59,90,94,
166.000000,275.000000,0.130642,132800216.000000,1.403183,0,1
59,60,80,61,82,95,81,85,
152.000000,286.000000,0.142213,178010448.000000,1.719380,0,1
55,56,70,58,74,91,76,83,
148.000000,289.000000,0.147595,45198152.000000,1.142816,0,1
59,59,69,60,73,92,76,91,
138.000000,297.000000,0.154099,35593672.000000,1.267671,0,1
59,58,66,58,65,80,67,78,
146.000000,291.000000,0.148207,79679200.000000,1.160029,0,1
60,60,76,60,80,91,81,80,
611.000000,279.000000,0.144181,20146348.000000,0.756585,0,1
58,60,59,81,68,59,89,93,
168.000000,273.000000,0.129023,116020024.000000,1.361196,0,1
60,59,75,59,77,99,80,95,
65.000000,273.000000,0.122942,48361816.000000,1.215729,0,1
74,62,62,56,55,55,54,52,
61.000000,270.000000,0.122131,80734400.000000,1.222844,0,1
53,55,56,64,64,66,76,64,
579.000000,269.000000,0.130421,18762470.000000,0.977982,0,1
93,83,94,61,76,90,59,58,
113.000000,269.000000,0.120835,329662528.000000,1.422280,0,1
79,82,82,66,64,61,57,57,
156.000000,266.000000,0.119104,413541952.000000,1.226843,0,1
73,86,84,68,67,65,58,57,
132.000000,265.000000,0.119138,236475200.000000,1.313597,0,1
58,57,57,62,64,67,74,76,
125.000000,265.000000,0.119302,171792144.000000,1.342223,0,1
58,57,57,58,57,58,71,84,
592.000000,258.000000,0.121173,152329344.000000,0.910287,0,1
35,44,38,74,62,50,68,51,
186.000000,258.000000,0.114050,56438520.000000,1.025531,0,1
61,61,70,61,71,90,74,92,
552.000000,257.000000,0.117149,94258296.000000,0.728789,0,1
67,69,85,57,65,83,57,56,
673.000000,33.000000,0.040751,470686368.000000,0.333540,0,1
57,49,66,43,56,63,48,61,
629.000000,251.000000,0.114339,179114960.000000,0.964198,0,1
58,61,70,61,64,69,46,36,
697.000000,43.000000,0.039037,100608392.000000,0.340687,0,1
69,74,63,74,68,54,69,62,
594.000000,244.000000,0.106716,146812864.000000,1.318610,0,1
57,59,52,56,51,51,50,44,
53.000000,244.000000,0.094579,108110304.000000,1.126600,0,1
54,55,54,59,58,60,74,65,
85.000000,243.000000,0.094343,85355136.000000,1.035580,0,1
56,57,58,70,72,75,69,60,
600.000000,54.000000,0.023237,32517596.000000,0.208860,0,1
86,86,81,85,83,77,83,79,
409.000000,242.000000,0.100811,16207254.000000,0.916639,0,1
65,60,64,55,61,64,54,55,
91.000000,242.000000,0.094119,87901816.000000,1.014785,0,1
56,57,57,60,62,64,75,66,
218.000000,238.000000,0.091188,38516196.000000,1.343802,0,1
88,88,78,86,75,59,71,61,
659.000000,58.000000,0.036977,167396080.000000,0.277767,0,1
66,74,61,70,66,57,74,60,
665.000000,61.000000,0.041135,800795392.000000,0.505064,0,1
56,68,49,66,61,49,67,63,
175.000000,224.000000,0.074838,28015910.000000,0.557004,0,1
69,68,66,59,58,58,56,56,
616.000000,62.000000,0.063625,30563340.000000,0.271065,0,1
76,70,76,62,69,75,46,39,
630.000000,64.000000,0.064337,527545952.000000,0.754014,0,1
67,58,63,40,47,50,28,26,
683.000000,64.000000,0.041693,641020224.000000,0.329349,0,1
54,43,66,38,57,72,44,60,
488.000000,68.000000,0.012931,6598167.500000,0.082047,0,1
82,82,83,82,80,81,80,72,
475.000000,70.000000,0.016090,30049084.000000,0.106649,0,1
80,76,80,74,71,79,67,64,
617.000000,70.000000,0.063334,484271232.000000,0.425743,0,1
52,39,63,34,56,66,44,62,
668.000000,70.000000,0.040046,600792576.000000,0.491157,0,1
46,56,42,63,58,36,62,53,
126.000000,214.000000,0.064449,22396424.000000,0.558175,0,1
58,64,62,59,57,55,51,54,
681.000000,71.000000,0.040957,766691584.000000,0.332097,0,1
48,60,36,61,49,38,62,50,
211.000000,211.000000,0.062842,12548365.000000,0.375488,0,1
63,64,64,57,57,55,55,56,
622.000000,78.000000,0.060253,743779392.000000,0.661709,0,1
57,57,61,61,56,59,57,65,
458.000000,210.000000,0.067073,55687844.000000,0.372114,0,1
21,32,32,39,39,38,43,45,
510.000000,209.000000,0.066397,115212576.000000,0.248392,0,1
21,23,25,38,41,43,54,58,
463.000000,82.000000,0.018212,51293004.000000,0.122332,0,1
61,69,54,71,58,51,65,56,
503.000000,209.000000,0.067852,88353552.000000,0.242945,0,1
21,24,21,38,29,32,35,56,
523.000000,208.000000,0.064664,143258016.000000,0.429537,0,1
19,21,22,39,40,41,51,57,
452.000000,208.000000,0.066140,38146736.000000,0.388930,0,1
19,22,20,34,30,25,39,42,
468.000000,85.000000,0.017220,31309360.000000,0.106460,0,1
48,44,55,45,50,53,41,47,
603.000000,85.000000,0.030241,296553888.000000,0.270838,0,1
45,48,58,43,52,65,46,56,
624.000000,205.000000,0.066267,168833152.000000,0.742395,0,1
18,23,24,30,36,38,46,48,
596.000000,89.000000,0.030749,348063808.000000,0.265973,0,1
56,63,42,61,61,37,68,64,
613.000000,90.000000,0.066575,155868992.000000,0.327496,0,1
38,44,32,50,37,32,46,35,
490.000000,200.000000,0.069611,162176960.000000,0.368365,0,1
80,64,74,27,55,57,39,44,
499.000000,199.000000,0.069202,462630688.000000,0.389689,0,1
80,80,71,70,67,42,52,46,
475.000000,93.000000,0.017262,29047754.000000,0.095211,0,1
38,31,46,37,42,39,35,38,
613.000000,193.000000,0.064682,244830576.000000,0.679183,0,1
63,61,58,50,45,40,32,28,
583.000000,95.000000,0.032400,188506672.000000,0.263080,0,1
55,49,51,45,58,53,41,56,
496.000000,189.000000,0.067421,335872896.000000,0.359278,0,1
32,73,62,82,80,44,81,82,
616.000000,188.000000,0.064796,1223020160.000000,0.687622,0,1
18,35,15,58,27,13,54,44,
658.000000,97.000000,0.039653,110109200.000000,0.458428,0,1
32,43,25,36,29,20,22,17,
272.000000,188.000000,0.043692,20993354.000000,0.521401,0,1
58,55,55,55,58,69,58,76,
485.000000,187.000000,0.069597,139543200.000000,0.340670,0,1
25,32,15,32,24,17,34,43,
275.000000,187.000000,0.040777,34820840.000000,0.491214,0,1
63,59,71,55,70,72,69,63,
603.000000,181.000000,0.064736,172596912.000000,0.643727,0,1
11,12,12,12,15,15,27,61,
553.000000,102.000000,0.019585,106097112.000000,0.128696,0,1
67,60,67,50,56,64,45,51,
411.000000,181.000000,0.037661,19887472.000000,0.376008,0,1
23,23,23,29,26,25,37,41,
450.000000,180.000000,0.057376,16110077.000000,0.305286,0,1
20,17,24,15,18,25,14,18,
359.000000,180.000000,0.033368,2716086.250000,0.214862,0,1
62,57,63,57,57,61,54,51,
603.000000,104.000000,0.029845,123477752.000000,0.167232,0,1
39,33,55,33,47,59,39,53,
335.000000,176.000000,0.029015,9435634.000000,0.208524,0,1
76,77,73,63,64,61,61,62,
465.000000,107.000000,0.033549,24387652.000000,0.167019,0,1
30,25,27,29,26,30,35,34,
489.000000,107.000000,0.017569,47982352.000000,0.073946,0,1
37,31,43,36,42,49,41,60,
514.000000,108.000000,0.016683,47028432.000000,0.084240,0,1
52,45,55,47,48,59,43,48,
538.000000,110.000000,0.018905,24549232.000000,0.112233,0,1
64,67,59,65,58,54,58,49,
549.000000,110.000000,0.021375,81946752.000000,0.136726,0,1
67,67,61,58,61,50,49,42,
323.000000,167.000000,0.020561,11355369.000000,0.172681,0,1
26,32,45,47,52,58,50,50,
562.000000,116.000000,0.024042,45453676.000000,0.097897,0,1
45,40,48,32,37,51,29,36,
77.000000,117.000000,0.001477,42527612.000000,0.011587,0,1
62,61,59,57,53,53,49,51,
339.000000,166.000000,0.020057,4227042.000000,0.161266,0,1
21,25,27,38,38,42,49,53,
364.000000,165.000000,0.019043,3194429.750000,0.114657,0,1
25,23,27,35,36,42,48,53,
228.000000,118.000000,0.005723,24004978.000000,0.034236,0,1
65,64,61,61,59,54,55,49,
248.000000,118.000000,0.005750,9472616.000000,0.031928,0,1
65,63,62,63,59,61,59,54,
421.000000,118.000000,0.015452,5921747.500000,0.033660,0,1
60,57,50,62,51,47,49,37,
350.000000,165.000000,0.015309,6388279.000000,0.125951,0,1
29,28,34,32,43,34,50,57,
544.000000,164.000000,0.045367,8148124.000000,0.300722,0,1
11,15,10,16,15,13,19,20,
530.000000,118.000000,0.020468,156445552.000000,0.114937,0,1
53,62,47,63,50,35,60,44,
547.000000,118.000000,0.021526,142722624.000000,0.134986,0,1
55,58,49,52,52,39,46,26,
142.000000,119.000000,0.005500,81103208.000000,0.050734,0,1
72,68,63,65,59,55,59,55,
227.000000,119.000000,0.005885,21919416.000000,0.035371,0,1
64,61,59,58,55,54,53,49,
295.000000,119.000000,0.008461,21500870.000000,0.105658,0,1
55,59,51,54,52,46,50,38,
371.000000,161.000000,0.017860,5978971.000000,0.098747,0,1
27,21,31,20,26,27,21,28,
410.000000,120.000000,0.018825,4054115.500000,0.056373,0,1
67,67,65,67,61,48,68,68,
572.000000,121.000000,0.028646,77156424.000000,0.134861,0,1
56,44,54,35,37,47,28,22,
380.000000,158.000000,0.017570,1392095.250000,0.077206,0,1
27,27,25,29,23,20,28,22,
262.000000,154.000000,0.004049,15141706.000000,0.019371,0,1
21,25,22,28,27,27,32,27,
256.000000,154.000000,0.005883,31030710.000000,0.029413,0,1
38,37,31,33,33,25,29,25,
244.000000,151.000000,0.004757,18048854.000000,0.029625,0,1
33,33,34,25,29,29,23,24,
396.000000,126.000000,0.003508,6350148.000000,0.014701,0,1
67,57,64,50,55,58,42,42,
407.000000,126.000000,0.007456,13118236.000000,0.011237,0,1
63,50,61,39,50,58,36,39,
474.000000,126.000000,0.017360,25006696.000000,0.067872,0,1
28,26,33,25,31,29,23,30,
644.000000,128.000000,0.026861,89957472.000000,0.276223,0,1
16,16,20,14,26,33,16,20,
283.000000,129.000000,0.009354,47069748.000000,0.037865,0,1
37,43,32,49,36,32,46,36,
677.000000,146.000000,0.037788,65961512.000000,0.290493,0,1
18,30,20,32,29,21,31,29,
656.000000,130.000000,0.015322,123663944.000000,0.158850,0,1
32,23,39,19,31,33,17,19,
658.000000,130.000000,0.014948,46035060.000000,0.107054,0,1
35,39,28,31,33,19,27,24,
176.000000,132.000000,0.005479,118968480.000000,0.043065,0,1
44,38,50,39,43,54,37,36,
147.000000,133.000000,0.005364,116553608.000000,0.048275,0,1
53,66,56,66,64,54,59,51,
217.000000,133.000000,0.006096,79503832.000000,0.040269,0,1
53,55,46,42,47,39,48,40,
500.000000,141.000000,0.011349,4731602.500000,0.048641,0,1
14,15,15,17,25,21,28,21,
211.000000,141.000000,0.002084,65346580.000000,0.013769,0,1
37,42,33,40,37,34,37,31,
347.000000,139.000000,0.002695,4743050.000000,0.023803,0,1
56,55,54,54,47,52,48,30,
161.000000,139.000000,0.004124,47799764.000000,0.034915,0,1
35,35,40,33,39,43,37,44,
154.000000,294.000000,0.150461,29628420.000000,1.168067,0,1
81,77,62,75,61,61,61,60,
161.000000,287.000000,0.142817,39953720.000000,1.047108,0,1
93,91,69,89,68,59,66,60,
540.000000,280.000000,0.126702,2200310.750000,0.490448,0,1
60,59,60,58,58,58,55,51,
93.000000,141.000000,0.005043,124766832.000000,0.037882,0,1
49,49,42,49,41,38,39,35,
184.000000,141.000000,0.003934,58889648.000000,0.032519,0,1
57,53,56,51,45,45,38,30,
63.000000,135.000000,0.002056,329767168.000000,0.016757,0,1
63,65,52,66,54,43,59,48,
485.000000,134.000000,0.013733,6664398.500000,0.052358,0,1
27,26,31,21,27,33,20,18,
608.000000,267.000000,0.129047,34428224.000000,1.077637,0,1
36,49,36,56,50,35,58,59,
151.000000,264.000000,0.118224,284875040.000000,1.226555,0,1
59,60,59,68,68,68,80,70,
645.000000,28.000000,0.039822,150242352.000000,0.297312,0,1
65,74,69,86,73,67,85,81,
317.000000,132.000000,0.001272,6203317.000000,0.003868,0,1
56,56,54,56,51,56,49,42,
504.000000,252.000000,0.113258,8780151.000000,0.952972,0,1
54,55,54,57,57,57,59,61,
500.000000,252.000000,0.112503,21494244.000000,0.923552,0,1
51,51,55,56,58,57,57,59,
268.000000,144.000000,0.005054,28300178.000000,0.023059,0,1
45,54,42,37,44,35,31,29,
271.000000,132.000000,0.004900,27655466.000000,0.021956,0,1
43,49,37,48,44,35,45,35,
588.000000,246.000000,0.107890,270040480.000000,1.310212,0,1
56,55,53,45,45,43,34,32,
146.000000,131.000000,0.005861,44531348.000000,0.052916,0,1
52,58,54,63,60,51,66,68,
98.000000,130.000000,0.003555,88958088.000000,0.026208,0,1
58,63,54,66,55,54,59,52,
696.000000,55.000000,0.041027,342637696.000000,0.354818,0,1
57,64,46,61,57,44,60,56,
133.000000,240.000000,0.092566,164405488.000000,0.876022,0,1
55,54,53,62,63,65,71,64,
444.000000,129.000000,0.014540,15171813.000000,0.101872,0,1
33,30,33,24,31,28,24,28,
465.000000,127.000000,0.016175,23812874.000000,0.076408,0,1
31,29,33,26,38,49,29,39,
468.000000,69.000000,0.016405,45340800.000000,0.117529,0,1
79,72,79,67,73,79,63,68,
288.000000,218.000000,0.072611,4755061.000000,0.294378,0,1
60,60,59,58,57,56,54,51,
460.000000,126.000000,0.015259,73714376.000000,0.080780,0,1
32,40,21,38,30,22,38,25,
486.000000,73.000000,0.015436,28845868.000000,0.088949,0,1
74,73,59,69,66,57,64,60,
511.000000,210.000000,0.066204,134206328.000000,0.412012,0,1
25,41,43,54,56,56,58,59,
470.000000,210.000000,0.068515,56204272.000000,0.330674,0,1
17,23,23,34,32,31,37,42,
132.000000,152.000000,0.004919,49608888.000000,0.032305,0,1
30,32,37,29,32,44,25,31,
474.000000,82.000000,0.017474,49253888.000000,0.105555,0,1
59,54,48,55,47,54,41,43,
493.000000,82.000000,0.016246,12331413.000000,0.081672,0,1
60,58,62,56,60,67,55,60,
578.000000,84.000000,0.031359,124196632.000000,0.250934,0,1
63,47,67,53,52,63,45,52,
552.000000,206.000000,0.064793,116463024.000000,0.310179,0,1
18,19,18,29,31,32,49,59,
579.000000,205.000000,0.063213,187132528.000000,0.567583,0,1
16,19,20,35,36,37,51,53,
75.000000,121.000000,0.001514,187106816.000000,0.011934,0,1
44,36,48,37,44,55,44,50,
617.000000,160.000000,0.062691,132499792.000000,0.654833,0,1
18,25,17,30,20,15,27,21,
498.000000,190.000000,0.067813,564815872.000000,0.368401,0,1
32,72,19,82,55,14,80,72,
426.000000,188.000000,0.044945,49985216.000000,0.365859,0,1
23,29,26,38,40,29,47,45,
153.000000,161.000000,0.019878,76520536.000000,0.167448,0,1
23,24,22,24,28,31,27,32,
445.000000,101.000000,0.014914,38076676.000000,0.114604,0,1
47,61,45,60,50,46,62,59,
405.000000,182.000000,0.036643,6573490.000000,0.061261,0,1
31,34,32,40,34,34,44,46,
363.000000,165.000000,0.018515,3298241.750000,0.030364,0,1
25,23,23,35,35,40,48,53,
296.000000,106.000000,0.011375,3516159.750000,0.043548,0,1
65,65,65,58,62,64,59,56,
672.000000,175.000000,0.069330,9600276.000000,0.574282,0,1
8,12,10,18,16,15,21,20,
391.000000,175.000000,0.027961,9029560.000000,0.042139,0,1
27,39,27,44,35,27,43,46,
336.000000,175.000000,0.027897,12290483.000000,0.066943,0,1
67,76,61,77,73,59,64,61,
554.000000,107.000000,0.019886,110570320.000000,0.130733,0,1
58,52,62,44,47,61,37,45,
336.000000,174.000000,0.027499,11719014.000000,0.065822,0,1
61,73,63,76,67,60,79,62,
491.000000,109.000000,0.017362,38269268.000000,0.073830,0,1
49,59,50,60,55,50,55,54,
67.000000,110.000000,0.001640,354283392.000000,0.013285,0,1
52,48,60,37,50,63,41,55,
105.000000,111.000000,0.001795,27533988.000000,0.012958,0,1
73,72,70,67,67,65,59,62,
156.000000,291.000000,0.146888,37312084.000000,1.113509,0,1
92,94,72,91,70,60,70,61,
160.000000,279.000000,0.134985,45243060.000000,1.518889,0,1
59,57,63,56,64,83,66,90,
517.000000,134.000000,0.016841,14120996.000000,0.084136,0,1
26,23,30,28,21,15,16,14,
294.000000,173.000000,0.025150,24478706.000000,0.090598,0,1
56,66,60,72,66,58,64,57,
160.000000,143.000000,0.003814,68655896.000000,0.032469,0,1
40,33,43,26,36,32,29,30,
576.000000,247.000000,0.108467,240277904.000000,1.253925,0,1
55,53,52,45,41,39,35,32,
454.000000,227.000000,0.084067,24003106.000000,0.508044,0,1
46,49,50,53,54,56,57,59,
419.000000,162.000000,0.023912,5245164.000000,0.039847,0,1
23,29,18,31,23,19,28,24,
468.000000,70.000000,0.016463,45884136.000000,0.116888,0,1
77,67,77,67,69,77,60,68,
602.000000,185.000000,0.064981,1042470080.000000,0.645387,0,1
54,30,67,23,39,70,22,26,
427.000000,188.000000,0.045020,47781548.000000,0.361800,0,1
22,28,23,40,35,25,47,42,
497.000000,188.000000,0.067450,180921040.000000,0.361410,0,1
18,32,21,73,62,19,80,78,
520.000000,159.000000,0.042198,50659196.000000,0.234849,0,1
22,23,13,19,20,12,23,20,
440.000000,205.000000,0.061449,70913464.000000,0.417087,0,1
23,32,26,45,40,34,49,48,
595.000000,204.000000,0.064591,136920752.000000,0.629767,0,1
18,18,17,27,28,29,47,53,
