# timestamp
1608635181385923840

# fx, fy, cx, cy, width, height, npoints
501.482422,501.475647,421.795441,167.661819,800,400,503

# camToWorld: translation vector, rotation quaternion
-30.894608,59.571792,3.818028,-0.029888,0.724584,-0.687541,0.037030

# Exposure time (ms)
12.087489

# Point Cloud Data : 
# u,v,idepth_scaled,idepth_hessian,maxRelBaseline,numGoodRes,status 
# color information 
39.000000,273.000000,0.138493,11318689.000000,2.295947,0,1
18,19,19,23,22,22,27,25,
728.000000,24.000000,0.248486,440092.500000,2.639665,0,1
8,9,9,11,11,11,11,12,
740.000000,24.000000,0.242911,1387415.000000,2.715804,0,1
8,10,10,11,11,12,12,12,
40.000000,111.000000,0.105831,20087218.000000,0.253220,0,1
51,64,50,55,46,42,19,18,
50.000000,111.000000,0.114754,2405534.000000,1.298598,0,1
27,28,26,31,28,24,19,17,
40.000000,112.000000,0.106782,9859368.000000,0.255553,0,1
56,50,42,18,19,19,18,18,
40.000000,273.000000,0.138481,12738977.000000,2.290522,0,1
18,19,19,23,22,22,28,25,
66.000000,273.000000,0.131461,37509920.000000,2.109602,0,1
17,18,18,22,22,22,28,27,
53.000000,275.000000,0.136272,30752786.000000,2.212071,0,1
23,28,29,27,27,28,22,19,
135.000000,188.000000,0.078941,6541312000.000000,1.034269,0,1
41,60,25,94,54,18,61,38,
143.000000,91.000000,0.228274,41398344.000000,1.887639,0,1
16,17,16,23,24,25,37,43,
157.000000,91.000000,0.234817,32123466.000000,1.373023,0,1
16,19,19,31,35,41,65,63,
167.000000,91.000000,0.234049,32873280.000000,0.991073,0,1
18,21,23,56,59,63,75,65,
127.000000,92.000000,0.225342,32484624.000000,1.987710,0,1
17,18,18,24,26,28,35,33,
132.000000,92.000000,0.227151,43651152.000000,1.958773,0,1
17,18,18,29,31,32,38,36,
162.000000,96.000000,0.238339,19111636.000000,1.354083,0,1
64,64,67,48,55,62,43,33,
171.000000,96.000000,0.238950,16038084.000000,0.999528,0,1
77,73,71,64,58,52,54,30,
184.000000,96.000000,0.239539,21249382.000000,0.953077,0,1
81,75,72,69,56,53,54,32,
408.000000,96.000000,0.268946,1855242.375000,0.407625,0,1
28,20,20,18,18,18,17,17,
176.000000,97.000000,0.240001,13857466.000000,0.985699,0,1
76,64,58,49,59,54,26,16,
158.000000,98.000000,0.240366,32824678.000000,1.638521,0,1
55,49,46,31,33,32,18,14,
127.000000,197.000000,0.058132,33659020.000000,1.101034,0,1
60,69,59,63,55,49,51,55,
695.000000,223.000000,0.050479,1748882944.000000,0.580421,0,1
16,16,17,21,26,21,48,117,
724.000000,223.000000,0.057039,9671648256.000000,0.703674,0,1
40,32,104,31,98,171,88,179,
39.000000,227.000000,0.062910,1753599488.000000,1.509997,0,1
37,36,38,30,31,31,27,26,
575.000000,271.000000,0.134488,214782384.000000,1.086958,0,1
96,89,92,74,81,85,65,62,
576.000000,271.000000,0.134535,207233488.000000,1.091335,0,1
97,91,93,77,83,87,67,64,
575.000000,272.000000,0.135157,91476464.000000,0.817811,0,1
91,77,83,64,67,74,61,61,
89.000000,273.000000,0.131654,18522030.000000,1.996521,0,1
17,17,17,22,21,21,27,26,
86.000000,276.000000,0.128332,6726368.000000,2.031271,0,1
27,27,27,20,21,21,18,19,
96.000000,276.000000,0.131303,7417250.000000,1.971768,0,1
28,29,29,22,21,22,19,19,
567.000000,291.000000,0.157715,5567173.000000,0.626263,0,1
68,64,66,53,58,63,54,59,
570.000000,292.000000,0.162957,4574867.500000,0.649499,0,1
67,63,67,52,59,65,55,59,
584.000000,298.000000,0.145805,26218484.000000,1.515649,0,1
72,68,75,64,69,76,64,67,
720.000000,187.000000,0.117217,8267327.500000,1.897266,0,1
16,17,16,23,19,17,32,25,
453.000000,70.000000,0.235003,1827225.250000,0.636377,0,1
6,9,6,12,11,11,16,17,
450.000000,74.000000,0.256899,2173723.750000,0.616118,0,1
14,9,17,7,14,16,10,14,
462.000000,80.000000,0.209849,776750.625000,0.602700,0,1
14,17,9,18,13,7,16,14,
400.000000,88.000000,0.250719,15997625.000000,0.378752,0,1
36,23,44,15,39,47,21,35,
274.000000,89.000000,0.220638,1941545.875000,1.010002,0,1
15,17,16,20,19,19,22,25,
192.000000,90.000000,0.240830,219964592.000000,1.742693,0,1
18,20,20,33,38,39,90,73,
547.000000,91.000000,0.277384,954575.375000,0.812577,0,1
14,17,17,19,25,27,21,20,
470.000000,92.000000,0.198338,5928668.500000,0.574280,0,1
13,17,17,18,25,19,27,20,
367.000000,93.000000,0.315665,288674.125000,0.495577,0,1
16,14,13,18,18,18,18,18,
453.000000,93.000000,0.271044,4257962.000000,0.521985,0,1
30,28,27,25,20,23,16,17,
258.000000,94.000000,0.237153,9744526.000000,1.128034,0,1
31,32,30,31,28,23,31,22,
267.000000,94.000000,0.244055,5599923.000000,1.075706,0,1
27,27,29,24,24,28,22,20,
289.000000,95.000000,0.259077,2547134.500000,0.936105,0,1
22,23,20,22,21,22,15,14,
257.000000,96.000000,0.241499,8858292.000000,1.136861,0,1
32,31,29,21,22,21,15,13,
264.000000,96.000000,0.244115,8762994.000000,1.089977,0,1
27,28,24,20,20,20,14,14,
276.000000,96.000000,0.251916,2652355.000000,1.014610,0,1
25,24,24,19,18,17,16,14,
206.000000,97.000000,0.237539,134091832.000000,1.593120,0,1
69,50,62,50,41,36,17,12,
208.000000,97.000000,0.237634,126139712.000000,1.580207,0,1
61,62,52,41,36,32,15,12,
219.000000,97.000000,0.235760,100173760.000000,1.482483,0,1
57,46,47,26,26,26,15,13,
501.000000,139.000000,0.027244,199762752.000000,0.041058,0,1
100,86,210,102,165,252,195,249,
508.000000,142.000000,0.029510,111452576.000000,0.044537,0,1
255,255,151,255,144,72,191,93,
476.000000,143.000000,0.025182,55319564.000000,0.038155,0,1
243,200,255,76,207,246,93,161,
364.000000,144.000000,0.025947,123802728.000000,0.039775,0,1
145,240,102,255,181,70,135,52,
374.000000,144.000000,0.026853,153908288.000000,0.040633,0,1
111,243,79,255,174,47,221,78,
507.000000,147.000000,0.029254,147874560.000000,0.044483,0,1
76,57,172,56,145,254,76,141,
416.000000,149.000000,0.025758,111434224.000000,0.038818,0,1
170,254,75,255,161,52,202,65,
623.000000,151.000000,0.082283,1089654528.000000,0.208258,0,1
197,99,255,46,194,255,97,191,
329.000000,152.000000,0.025567,30782040.000000,0.041162,0,1
254,255,197,251,167,50,90,33,
504.000000,155.000000,0.026007,57251528.000000,0.039812,0,1
255,197,255,80,185,241,81,82,
209.000000,168.000000,0.027024,825198208.000000,0.144698,0,1
220,218,131,101,157,40,66,53,
87.000000,175.000000,0.027971,250283936.000000,0.115167,0,1
255,229,188,126,132,76,81,74,
38.000000,179.000000,0.032300,1239908992.000000,0.235538,0,1
209,251,185,242,152,64,121,47,
578.000000,189.000000,0.055289,160436592.000000,0.109613,0,1
95,160,83,207,151,77,233,153,
107.000000,202.000000,0.025974,48259040.000000,0.206594,0,1
45,54,48,55,46,40,41,36,
271.000000,202.000000,0.043761,127475088.000000,0.487372,0,1
26,25,30,24,36,46,27,24,
78.000000,222.000000,0.075605,160480688.000000,1.509254,0,1
42,49,54,43,44,42,32,28,
563.000000,271.000000,0.134824,64727116.000000,0.771428,0,1
85,77,75,72,67,64,61,54,
398.000000,272.000000,0.138847,1915055.125000,0.360907,0,1
23,25,23,28,26,26,27,30,
113.000000,273.000000,0.134363,24348302.000000,1.887186,0,1
17,18,17,21,22,22,29,30,
127.000000,273.000000,0.136315,16943194.000000,1.825360,0,1
17,17,17,20,21,21,26,28,
510.000000,276.000000,0.135510,3645503.000000,0.641296,0,1
56,55,54,54,52,49,52,50,
514.000000,276.000000,0.137101,5005634.000000,0.441932,0,1
54,53,52,49,47,48,44,44,
590.000000,281.000000,0.134128,16642300.000000,1.431005,0,1
91,86,95,78,87,96,82,87,
663.000000,285.000000,0.144397,3661758.000000,0.560808,0,1
125,131,121,134,129,121,137,135,
648.000000,286.000000,0.148808,3465311.000000,0.555817,0,1
133,132,138,122,129,139,121,120,
665.000000,286.000000,0.142789,5222243.500000,0.559316,0,1
118,125,118,135,125,119,134,129,
206.000000,90.000000,0.247479,27170734.000000,0.914160,0,1
19,21,21,39,36,36,66,70,
729.000000,225.000000,0.057724,4049710080.000000,0.722208,0,1
157,179,91,211,127,52,173,130,
640.000000,119.000000,0.082562,1008318848.000000,0.227912,0,1
246,164,255,84,245,254,164,253,
624.000000,166.000000,0.082115,1012942848.000000,0.210169,0,1
255,171,255,83,249,255,166,245,
711.000000,96.000000,0.127025,12933670.000000,0.821911,0,1
28,37,46,91,123,162,205,252,
595.000000,138.000000,0.032755,249693216.000000,0.066894,0,1
60,176,58,166,127,73,166,73,
400.000000,76.000000,0.211692,5412139.500000,0.611544,0,1
16,13,18,10,14,18,9,17,
399.000000,78.000000,0.217257,5380778.500000,0.628672,0,1
11,8,14,8,14,16,11,17,
447.000000,82.000000,0.249445,3056291.250000,0.773315,0,1
7,7,12,7,9,18,8,10,
410.000000,85.000000,0.233528,19272774.000000,0.422371,0,1
20,21,20,32,29,27,46,47,
399.000000,86.000000,0.235512,9994330.000000,0.704333,0,1
22,10,33,11,22,37,15,21,
574.000000,87.000000,0.254099,82971344.000000,1.985701,0,1
19,18,24,16,19,21,14,15,
399.000000,89.000000,0.244671,19873488.000000,0.685435,0,1
23,15,39,17,21,43,18,20,
622.000000,89.000000,0.206226,8841075.000000,1.667558,0,1
16,15,16,20,20,20,26,22,
556.000000,90.000000,0.246117,12606722.000000,1.636763,0,1
14,11,14,18,18,17,27,18,
588.000000,90.000000,0.247524,13427253.000000,2.005642,0,1
15,17,17,22,24,22,27,21,
489.000000,91.000000,0.243502,56254360.000000,0.934604,0,1
15,15,12,17,18,17,22,28,
515.000000,91.000000,0.246152,96525456.000000,1.205834,0,1
13,17,14,28,27,20,44,23,
528.000000,91.000000,0.246223,27615356.000000,1.339416,0,1
13,15,14,19,23,20,26,19,
536.000000,91.000000,0.247784,28717158.000000,1.440309,0,1
12,15,16,22,22,19,26,19,
570.000000,91.000000,0.250305,23480042.000000,1.842542,0,1
15,16,22,14,25,29,16,21,
411.000000,94.000000,0.250540,14565670.000000,0.610997,0,1
44,40,39,28,30,29,18,18,
420.000000,94.000000,0.276309,1659602.000000,0.455606,0,1
18,23,18,25,19,16,18,17,
424.000000,94.000000,0.286080,1255709.500000,0.485412,0,1
18,18,25,16,20,19,17,17,
249.000000,95.000000,0.229639,38593480.000000,1.233506,0,1
36,33,36,26,32,35,29,21,
302.000000,95.000000,0.269042,17685058.000000,1.908284,0,1
19,22,20,19,18,19,15,13,
313.000000,95.000000,0.294708,2693082.500000,1.295536,0,1
21,21,21,17,16,16,13,15,
599.000000,95.000000,0.227653,40869364.000000,1.779970,0,1
24,27,26,30,31,31,40,47,
608.000000,95.000000,0.231120,34958304.000000,1.280931,0,1
25,28,28,32,34,35,48,53,
656.000000,126.000000,0.083893,90134552.000000,0.515328,0,1
182,185,173,186,174,157,165,160,
289.000000,141.000000,0.027816,441139968.000000,0.088504,0,1
35,148,52,239,228,28,254,183,
48.000000,143.000000,0.032420,1596381568.000000,0.304233,0,1
22,24,23,32,29,23,43,49,
452.000000,146.000000,0.029241,19618888.000000,0.018741,0,1
128,99,71,202,180,64,255,210,
356.000000,151.000000,0.025848,67693280.000000,0.041988,0,1
255,252,217,251,119,56,139,45,
246.000000,157.000000,0.027548,776123456.000000,0.196036,0,1
26,34,37,44,113,124,146,177,
188.000000,162.000000,0.027862,2602863616.000000,0.155815,0,1
234,159,255,61,172,251,78,100,
224.000000,162.000000,0.027685,742946688.000000,0.131218,0,1
255,191,242,59,104,90,41,34,
191.000000,168.000000,0.027823,246864912.000000,0.154007,0,1
43,51,45,122,121,78,240,248,
371.000000,168.000000,0.031480,40988412.000000,0.048035,0,1
255,245,255,102,125,114,55,73,
383.000000,168.000000,0.030668,50576264.000000,0.035409,0,1
255,246,233,96,132,79,62,83,
514.000000,168.000000,0.030262,117291648.000000,0.065762,0,1
82,120,75,213,199,73,240,189,
295.000000,170.000000,0.027674,164512736.000000,0.086041,0,1
255,229,211,110,125,68,50,93,
96.000000,178.000000,0.027994,1737559552.000000,0.369406,0,1
64,80,119,60,116,183,90,110,
46.000000,200.000000,0.033400,167047008.000000,0.307256,0,1
69,60,73,60,73,87,62,55,
272.000000,203.000000,0.045044,174866480.000000,0.495489,0,1
30,36,46,27,35,34,24,23,
703.000000,221.000000,0.083561,286252160.000000,0.804096,0,1
18,21,30,24,49,103,21,22,
744.000000,228.000000,0.060905,5797232640.000000,1.159968,0,1
87,83,65,92,55,43,52,34,
106.000000,240.000000,0.099947,15780318.000000,1.640249,0,1
17,18,18,23,24,23,27,20,
318.000000,260.000000,0.113901,5730245.500000,0.703022,0,1
27,26,26,23,23,24,19,18,
472.000000,268.000000,0.098435,13211783.000000,0.760801,0,1
52,49,51,50,50,53,47,46,
604.000000,269.000000,0.140953,140375264.000000,1.495842,0,1
144,136,141,130,133,137,124,121,
625.000000,270.000000,0.138547,196561856.000000,1.599020,0,1
138,133,133,127,126,128,120,113,
587.000000,271.000000,0.136510,286544896.000000,1.387366,0,1
111,104,107,93,97,103,81,78,
608.000000,271.000000,0.142070,214372800.000000,1.526838,0,1
137,134,134,124,129,128,122,116,
657.000000,271.000000,0.140391,93794064.000000,1.795237,0,1
131,130,125,135,129,129,132,129,
561.000000,272.000000,0.136134,70388416.000000,0.770879,0,1
77,75,69,70,63,58,59,55,
619.000000,272.000000,0.139440,362918848.000000,1.577040,0,1
126,126,120,124,116,111,113,104,
137.000000,273.000000,0.134091,42269372.000000,1.778485,0,1
15,16,16,19,19,19,27,28,
145.000000,273.000000,0.134726,37866104.000000,1.501182,0,1
15,15,15,18,19,19,24,26,
157.000000,273.000000,0.134202,34926172.000000,1.450834,0,1
15,15,15,19,20,20,26,29,
610.000000,273.000000,0.142581,355722720.000000,1.545960,0,1
128,126,125,116,119,122,107,102,
677.000000,274.000000,0.140968,225266576.000000,1.928982,0,1
121,120,122,114,114,115,112,111,
624.000000,128.000000,0.082583,1945517568.000000,0.334317,0,1
202,188,233,85,255,254,198,255,
271.000000,148.000000,0.027381,268552352.000000,0.078045,0,1
255,252,255,128,173,220,82,84,
104.000000,161.000000,0.027679,12537062400.000000,0.526241,0,1
31,51,32,121,56,32,121,70,
623.000000,159.000000,0.082405,2459864064.000000,0.332335,0,1
181,90,255,49,180,255,89,175,
521.000000,91.000000,0.238675,54164060.000000,1.821057,0,1
13,15,13,18,21,21,22,19,
387.000000,94.000000,0.240852,9978840.000000,1.098149,0,1
14,23,20,31,29,17,28,17,
476.000000,94.000000,0.241948,122073536.000000,1.250708,0,1
26,21,25,16,17,16,17,20,
374.000000,95.000000,0.238449,9745395.000000,1.248987,0,1
20,21,30,15,24,32,16,16,
379.000000,95.000000,0.241365,11182333.000000,1.168388,0,1
21,28,23,33,27,23,16,16,
304.000000,152.000000,0.025200,252288688.000000,0.071077,0,1
247,255,225,255,121,49,117,40,
355.000000,152.000000,0.026881,92906416.000000,0.044143,0,1
252,251,119,198,139,60,59,39,
688.000000,152.000000,0.101594,825046528.000000,0.744600,0,1
122,92,53,65,45,41,40,33,
48.000000,153.000000,0.031433,9314397184.000000,0.346601,0,1
74,117,43,162,70,32,68,40,
514.000000,154.000000,0.025401,61122240.000000,0.053558,0,1
235,220,228,71,109,193,57,75,
415.000000,155.000000,0.027900,65420292.000000,0.042078,0,1
51,47,103,47,117,247,56,102,
412.000000,163.000000,0.025254,106405136.000000,0.038538,0,1
246,139,252,78,125,203,69,60,
417.000000,164.000000,0.025815,133749992.000000,0.038959,0,1
55,56,102,77,164,176,77,191,
276.000000,168.000000,0.027270,554645184.000000,0.096438,0,1
112,127,70,254,136,129,160,54,
245.000000,178.000000,0.027706,129001680.000000,0.192536,0,1
94,90,77,85,76,63,66,65,
50.000000,198.000000,0.031177,759236224.000000,0.346208,0,1
54,69,53,86,68,46,74,76,
50.000000,201.000000,0.030444,1187371520.000000,0.337247,0,1
66,88,63,79,67,46,58,43,
140.000000,238.000000,0.101303,16164970.000000,1.489099,0,1
13,14,14,16,16,16,17,23,
678.000000,259.000000,0.123981,343151808.000000,1.801708,0,1
94,103,94,106,103,93,109,109,
559.000000,261.000000,0.123457,233603536.000000,1.157607,0,1
112,106,112,108,105,109,100,98,
612.000000,261.000000,0.142408,21985784.000000,1.511977,0,1
162,160,157,155,153,154,148,146,
395.000000,262.000000,0.119811,12064781.000000,0.587818,0,1
37,35,36,32,33,33,26,24,
506.000000,262.000000,0.119306,66642304.000000,0.915590,0,1
70,71,71,67,67,64,61,60,
560.000000,262.000000,0.124127,272572704.000000,1.168507,0,1
112,105,109,100,102,105,98,96,
430.000000,264.000000,0.115101,1935812.125000,0.596531,0,1
41,38,40,37,36,39,33,32,
432.000000,264.000000,0.115936,3428176.500000,0.445392,0,1
42,40,41,36,39,38,34,34,
644.000000,264.000000,0.131289,245881248.000000,1.660042,0,1
140,145,144,137,138,136,133,136,
543.000000,267.000000,0.122464,88506240.000000,1.104667,0,1
85,80,82,76,77,76,70,68,
163.000000,273.000000,0.134048,66396100.000000,1.628145,0,1
16,16,16,20,19,19,26,27,
551.000000,273.000000,0.130356,250343648.000000,0.738408,0,1
74,71,71,67,63,62,61,66,
170.000000,276.000000,0.134307,44981680.000000,1.606265,0,1
26,27,26,20,20,22,16,18,
183.000000,276.000000,0.134563,57036992.000000,1.544807,0,1
28,30,30,23,23,24,17,18,
184.000000,276.000000,0.134674,58767200.000000,1.541800,0,1
28,30,30,22,23,24,17,18,
368.000000,278.000000,0.137306,60376988.000000,0.735633,0,1
27,28,28,28,27,27,25,21,
267.000000,282.000000,0.137703,4193706.750000,1.193008,0,1
26,24,23,25,19,15,16,12,
571.000000,171.000000,0.054706,1258886528.000000,0.201713,0,1
170,95,126,141,234,188,161,255,
177.000000,154.000000,0.025366,1698451840.000000,0.147458,0,1
121,238,149,249,128,43,154,44,
48.000000,184.000000,0.031008,25464176.000000,0.466477,0,1
29,28,28,45,47,48,66,72,
483.000000,91.000000,0.195712,154916848.000000,1.160295,0,1
15,14,12,17,17,16,22,28,
510.000000,91.000000,0.203280,98951768.000000,1.637461,0,1
14,15,16,16,20,26,32,31,
520.000000,135.000000,0.029981,174446592.000000,0.081396,0,1
90,62,62,77,82,68,164,189,
232.000000,142.000000,0.026813,515751712.000000,0.148509,0,1
18,41,28,88,62,25,40,18,
244.000000,142.000000,0.027319,622304000.000000,0.383801,0,1
21,34,29,55,32,25,26,19,
415.000000,142.000000,0.028745,89925232.000000,0.043410,0,1
51,61,162,70,221,255,136,162,
685.000000,152.000000,0.101784,4460584448.000000,1.165757,0,1
231,230,134,100,88,51,63,33,
82.000000,158.000000,0.029847,3946196736.000000,0.299173,0,1
235,241,118,228,140,60,109,60,
384.000000,168.000000,0.029192,70512232.000000,0.045277,0,1
255,246,175,128,110,65,62,83,
62.000000,185.000000,0.032852,1216700800.000000,0.900619,0,1
80,82,91,74,80,83,65,61,
193.000000,192.000000,0.039540,31211820.000000,0.279465,0,1
58,56,49,47,44,38,35,32,
682.000000,192.000000,0.104826,99581784.000000,1.588351,0,1
23,34,27,45,36,26,32,26,
63.000000,193.000000,0.032201,1176732416.000000,0.412808,0,1
68,80,89,73,87,79,66,79,
679.000000,193.000000,0.104680,69588232.000000,1.583813,0,1
37,40,45,30,29,32,24,24,
76.000000,199.000000,0.028713,77410928.000000,0.841003,0,1
99,93,96,72,75,68,58,59,
63.000000,201.000000,0.032006,1246108928.000000,0.411374,0,1
79,67,81,48,53,53,45,52,
475.000000,202.000000,0.061001,9967738.000000,0.148641,0,1
89,93,99,86,92,101,76,72,
677.000000,206.000000,0.103538,403027264.000000,1.196437,0,1
26,18,31,14,26,32,18,25,
677.000000,208.000000,0.103577,331043136.000000,1.272959,0,1
26,18,31,16,25,31,20,26,
677.000000,216.000000,0.103593,321289824.000000,1.584760,0,1
28,23,33,19,28,31,22,28,
148.000000,238.000000,0.100178,15539502.000000,1.448354,0,1
13,15,15,17,17,17,19,22,
166.000000,238.000000,0.101471,16211999.000000,1.380633,0,1
16,17,17,18,18,18,20,25,
326.000000,261.000000,0.116806,6403038.000000,0.692290,0,1
27,27,27,22,22,22,19,19,
519.000000,267.000000,0.099457,11843662.000000,0.916772,0,1
68,63,68,54,62,66,52,54,
328.000000,272.000000,0.146903,38175968.000000,1.030680,0,1
17,17,18,19,19,19,22,25,
338.000000,272.000000,0.143995,61847780.000000,0.961585,0,1
19,18,19,20,21,22,22,26,
400.000000,272.000000,0.132382,47700976.000000,0.711957,0,1
25,23,24,26,26,26,30,32,
239.000000,273.000000,0.131992,86094384.000000,1.589168,0,1
15,17,16,21,20,20,27,29,
243.000000,273.000000,0.132980,77388184.000000,1.586346,0,1
13,16,17,20,20,20,27,30,
270.000000,273.000000,0.135157,23394980.000000,1.134799,0,1
13,14,19,16,21,27,24,27,
194.000000,274.000000,0.135322,77460304.000000,1.944802,0,1
21,23,24,31,31,33,32,26,
249.000000,274.000000,0.132128,163962048.000000,1.550992,0,1
16,20,18,25,25,23,29,25,
261.000000,274.000000,0.134297,108140536.000000,1.166279,0,1
13,14,15,22,23,24,27,25,
528.000000,274.000000,0.104889,48932628.000000,1.016007,0,1
68,63,66,59,62,65,56,57,
200.000000,276.000000,0.135331,57176180.000000,1.918147,0,1
35,37,35,28,28,28,22,21,
213.000000,276.000000,0.133559,169724176.000000,1.790697,0,1
31,33,35,24,27,26,23,21,
216.000000,276.000000,0.133595,112397120.000000,1.772698,0,1
30,34,30,26,25,25,21,20,
231.000000,276.000000,0.135540,114220176.000000,1.723523,0,1
27,29,29,25,25,25,20,19,
136.000000,210.000000,0.079099,610740288.000000,0.978139,0,1
31,43,22,41,30,15,33,28,
135.000000,200.000000,0.079578,650808320.000000,1.275565,0,1
44,48,27,47,37,19,44,34,
136.000000,198.000000,0.078775,1899199616.000000,1.270357,0,1
25,40,19,51,28,15,41,26,
136.000000,183.000000,0.079095,2511671808.000000,0.961233,0,1
22,40,17,65,24,15,46,24,
590.000000,163.000000,0.028461,586792384.000000,0.133796,0,1
81,155,60,138,101,75,159,95,
315.000000,166.000000,0.028260,1070044032.000000,0.091168,0,1
154,236,37,202,158,26,186,54,
639.000000,110.000000,0.083097,11059702784.000000,0.732766,0,1
46,75,141,88,167,251,74,175,
460.000000,135.000000,0.023647,35190704.000000,0.027727,0,1
45,67,63,61,57,49,97,200,
562.000000,138.000000,0.028100,2292684544.000000,0.128504,0,1
61,43,198,44,164,255,205,250,
312.000000,143.000000,0.026980,1002843776.000000,0.118705,0,1
69,37,85,86,72,27,221,128,
363.000000,162.000000,0.027440,691416000.000000,0.061452,0,1
112,61,204,42,132,255,96,139,
489.000000,165.000000,0.027873,570185088.000000,0.063211,0,1
174,94,255,56,220,246,77,74,
560.000000,168.000000,0.026396,902721152.000000,0.120440,0,1
90,176,76,237,185,135,223,193,
238.000000,170.000000,0.027288,2201712128.000000,0.176879,0,1
159,129,253,186,176,116,70,33,
367.000000,178.000000,0.029056,65367476.000000,0.068251,0,1
133,148,126,138,129,119,123,108,
69.000000,196.000000,0.029135,102963600.000000,0.374401,0,1
71,77,76,86,86,75,100,97,
351.000000,197.000000,0.041284,8391544.000000,0.281507,0,1
49,46,54,48,47,53,37,35,
466.000000,199.000000,0.061910,49908356.000000,0.254813,0,1
85,89,86,92,105,89,107,126,
431.000000,201.000000,0.063407,18958530.000000,0.266497,0,1
58,54,67,53,65,82,68,67,
469.000000,203.000000,0.059738,72491160.000000,0.276653,0,1
97,114,91,113,97,82,87,77,
136.000000,205.000000,0.078597,1032022720.000000,1.274387,0,1
25,31,19,37,28,16,36,29,
328.000000,207.000000,0.040205,2093820.250000,0.379324,0,1
37,41,40,30,29,29,28,27,
578.000000,236.000000,0.100257,19020952.000000,0.794222,0,1
205,199,205,187,194,201,185,185,
184.000000,238.000000,0.100210,25879878.000000,1.564760,0,1
17,17,16,18,16,17,17,24,
196.000000,238.000000,0.101483,29947968.000000,1.530494,0,1
17,17,17,17,18,19,19,25,
570.000000,241.000000,0.097989,24769024.000000,0.751831,0,1
180,173,179,165,172,177,163,162,
184.000000,242.000000,0.099230,84194312.000000,1.545712,0,1
24,27,27,18,19,20,17,17,
628.000000,248.000000,0.110272,81084872.000000,1.530850,0,1
153,158,153,170,161,153,168,162,
496.000000,256.000000,0.107522,42098576.000000,0.813381,0,1
75,69,73,63,71,73,65,67,
269.000000,261.000000,0.120051,34008800.000000,1.593423,0,1
24,22,23,18,18,18,14,13,
360.000000,261.000000,0.116156,44314672.000000,0.764174,0,1
31,30,31,29,29,28,23,22,
517.000000,261.000000,0.111581,200812320.000000,0.926498,0,1
79,75,79,69,73,76,65,67,
358.000000,262.000000,0.116794,41546228.000000,0.782645,0,1
31,29,29,25,24,23,22,21,
286.000000,266.000000,0.123486,335162272.000000,1.588676,0,1
33,33,34,30,31,24,27,17,
520.000000,268.000000,0.100649,109896256.000000,0.923789,0,1
68,62,66,52,60,63,54,57,
575.000000,190.000000,0.052514,462273184.000000,0.300721,0,1
164,184,207,105,178,233,84,77,
271.000000,170.000000,0.028125,2266242560.000000,0.151131,0,1
255,188,247,67,180,161,46,41,
314.000000,168.000000,0.027965,550015168.000000,0.109415,0,1
248,139,118,53,80,31,45,37,
278.000000,267.000000,0.126321,103142592.000000,1.717802,0,1
13,14,18,13,20,29,21,25,
529.000000,153.000000,0.028066,1855451008.000000,0.098010,0,1
183,250,109,255,159,53,242,126,
342.000000,152.000000,0.027400,771058048.000000,0.078671,0,1
255,230,132,78,197,38,76,31,
656.000000,238.000000,0.097540,27688822.000000,1.482691,0,1
32,45,37,62,52,43,67,69,
634.000000,97.000000,0.091927,3092233216.000000,1.344889,0,1
26,38,26,80,54,22,48,19,
613.000000,137.000000,0.034618,4100551168.000000,0.268828,0,1
73,61,159,158,125,243,155,194,
549.000000,141.000000,0.028078,1945526144.000000,0.139946,0,1
195,106,255,48,165,254,53,67,
343.000000,149.000000,0.026793,794514304.000000,0.093694,0,1
36,98,37,203,220,32,255,132,
488.000000,153.000000,0.027102,696653952.000000,0.068880,0,1
74,61,160,57,154,255,114,177,
563.000000,154.000000,0.027918,1918633600.000000,0.155429,0,1
254,201,252,64,166,195,68,79,
380.000000,155.000000,0.029197,404086848.000000,0.059718,0,1
60,58,151,53,176,255,149,247,
181.000000,161.000000,0.026759,6850488320.000000,0.276257,0,1
118,238,46,238,205,48,189,74,
659.000000,161.000000,0.088105,513796672.000000,1.378189,0,1
63,59,55,54,47,39,39,31,
271.000000,166.000000,0.028132,4198436864.000000,0.185336,0,1
40,49,45,69,118,79,137,255,
176.000000,171.000000,0.027439,4962326528.000000,0.290091,0,1
221,191,214,67,130,225,67,53,
647.000000,187.000000,0.090636,83358248.000000,1.394053,0,1
50,59,63,34,38,48,30,28,
434.000000,200.000000,0.063158,42928280.000000,0.176888,0,1
55,57,56,67,63,60,82,77,
447.000000,203.000000,0.057123,13098628.000000,0.171668,0,1
67,67,75,59,64,66,55,58,
159.000000,209.000000,0.076120,212534608.000000,1.369790,0,1
35,28,42,25,34,43,27,31,
673.000000,226.000000,0.047966,38908548.000000,0.549371,0,1
41,41,38,29,34,31,25,22,
559.000000,236.000000,0.094114,15107234.000000,0.859758,0,1
185,179,188,170,173,183,170,166,
218.000000,238.000000,0.100656,36113164.000000,1.792052,0,1
19,19,19,20,20,20,21,26,
224.000000,238.000000,0.099661,42996848.000000,1.707815,0,1
19,20,20,19,20,21,21,25,
568.000000,238.000000,0.104379,44195816.000000,1.055370,0,1
192,186,187,176,179,182,171,169,
208.000000,240.000000,0.100039,106301752.000000,1.841950,0,1
20,20,20,24,24,25,29,22,
605.000000,243.000000,0.107477,113738760.000000,1.323890,0,1
188,185,182,191,190,185,196,193,
564.000000,244.000000,0.106519,9616126.000000,1.151466,0,1
160,156,161,148,153,155,146,143,
605.000000,248.000000,0.113137,424472480.000000,1.460709,0,1
194,192,187,187,187,182,177,167,
608.000000,249.000000,0.112566,526117984.000000,1.469367,0,1
182,182,182,174,173,179,164,161,
478.000000,254.000000,0.101392,63462640.000000,0.731567,0,1
66,64,67,62,63,62,59,57,
301.000000,256.000000,0.110176,3769842.750000,1.202978,0,1
37,35,31,34,30,25,26,24,
252.000000,260.000000,0.118681,18889330.000000,1.668264,0,1
22,22,22,20,20,20,17,14,
372.000000,261.000000,0.111867,131304648.000000,0.933296,0,1
33,31,31,28,27,25,23,21,
381.000000,262.000000,0.110385,351315776.000000,0.894024,0,1
33,30,32,24,27,28,22,21,
387.000000,262.000000,0.110815,404162496.000000,0.878651,0,1
34,32,33,28,29,29,24,22,
158.000000,200.000000,0.076533,561411392.000000,1.375547,0,1
36,31,49,27,39,61,29,32,
158.000000,193.000000,0.076930,1671613184.000000,1.379097,0,1
49,36,65,29,47,65,34,41,
499.000000,179.000000,0.028061,410821408.000000,0.093255,0,1
142,203,133,232,160,135,178,124,
335.000000,166.000000,0.026882,1605526144.000000,0.105375,0,1
33,128,37,250,122,35,255,86,
475.000000,179.000000,0.030470,118171176.000000,0.076741,0,1
187,218,168,214,187,160,183,131,
629.000000,97.000000,0.085225,417448320.000000,1.520312,0,1
21,17,21,26,42,67,73,29,
631.000000,111.000000,0.083012,834325184.000000,1.441610,0,1
26,45,59,55,62,100,80,137,
639.000000,128.000000,0.083185,61892440064.000000,1.488443,0,1
150,82,254,65,157,236,88,161,
495.000000,139.000000,0.028827,1067075328.000000,0.095408,0,1
62,96,80,235,127,70,252,183,
497.000000,144.000000,0.027726,1573304832.000000,0.093910,0,1
56,63,131,93,195,213,150,239,
231.000000,151.000000,0.027308,2523847424.000000,0.311041,0,1
19,19,55,18,37,95,23,42,
325.000000,151.000000,0.027740,3358310912.000000,0.139912,0,1
65,45,186,54,160,250,158,108,
384.000000,154.000000,0.024162,140299088.000000,0.051383,0,1
63,83,69,175,175,78,255,204,
596.000000,158.000000,0.030820,12491235328.000000,0.254394,0,1
120,195,78,204,132,58,246,136,
639.000000,164.000000,0.082955,24021356544.000000,1.486601,0,1
138,70,198,57,104,141,56,57,
287.000000,169.000000,0.026715,3444769024.000000,0.186189,0,1
196,252,106,235,128,65,103,40,
640.000000,183.000000,0.081950,359666016.000000,1.481996,0,1
32,37,27,48,36,32,58,57,
378.000000,193.000000,0.050297,58447852.000000,0.194426,0,1
66,60,70,64,86,92,102,83,
372.000000,200.000000,0.052242,16862912.000000,0.262081,0,1
64,65,57,62,55,42,58,49,
423.000000,206.000000,0.057325,14685551.000000,0.211819,0,1
67,60,60,49,52,58,46,43,
363.000000,208.000000,0.059744,10120801.000000,0.319532,0,1
65,60,50,55,44,39,42,37,
564.000000,228.000000,0.092381,26002244.000000,1.044208,0,1
214,211,216,196,206,211,198,196,
615.000000,229.000000,0.089613,299281792.000000,1.661561,0,1
156,153,146,171,161,149,173,166,
444.000000,232.000000,0.071496,2173199.500000,0.496886,0,1
55,55,55,53,55,55,52,52,
591.000000,234.000000,0.101716,270840736.000000,1.425739,0,1
213,215,208,210,206,201,201,191,
597.000000,237.000000,0.100750,263244080.000000,1.452801,0,1
205,205,201,189,197,194,187,191,
583.000000,241.000000,0.101905,52170108.000000,1.409229,0,1
194,189,195,181,188,196,178,177,
556.000000,242.000000,0.102912,521639520.000000,1.268619,0,1
154,152,152,150,151,154,148,141,
584.000000,242.000000,0.104135,350598304.000000,1.472878,0,1
195,188,196,178,188,191,177,177,
527.000000,244.000000,0.087638,23140698.000000,0.850135,0,1
112,107,108,98,100,105,94,93,
632.000000,168.000000,0.081813,30319960064.000000,1.409000,0,1
230,246,168,250,200,113,211,160,
192.000000,158.000000,0.027594,2326027776.000000,0.327769,0,1
28,36,38,86,140,133,209,204,
485.000000,161.000000,0.018863,176437856.000000,0.053530,0,1
255,139,255,62,121,204,59,55,
629.000000,126.000000,0.083521,2548686080.000000,1.105012,0,1
114,142,138,190,183,171,231,252,
465.000000,138.000000,0.027965,517904928.000000,0.051978,0,1
78,67,212,93,170,250,81,214,
256.000000,107.000000,0.089093,15531284.000000,1.931342,0,1
27,29,28,18,19,22,13,12,
503.000000,135.000000,0.030365,970548544.000000,0.136992,0,1
62,55,55,67,85,78,178,253,
539.000000,144.000000,0.028779,1436229760.000000,0.187799,0,1
140,74,69,191,152,51,250,147,
327.000000,153.000000,0.029583,1911813248.000000,0.179858,0,1
250,252,250,108,106,57,37,28,
398.000000,156.000000,0.024447,362280512.000000,0.045621,0,1
153,229,92,252,118,60,154,94,
220.000000,163.000000,0.027769,4135104512.000000,0.346823,0,1
35,43,44,63,126,61,179,251,
310.000000,164.000000,0.027377,4590289408.000000,0.193855,0,1
78,45,176,41,137,255,76,137,
305.000000,168.000000,0.027762,6935803392.000000,0.206397,0,1
109,54,224,37,137,255,56,63,
171.000000,171.000000,0.026694,6649518592.000000,0.411182,0,1
143,255,147,235,182,71,129,43,
626.000000,181.000000,0.081823,3409427712.000000,1.389369,0,1
133,123,120,100,105,93,83,49,
468.000000,190.000000,0.048022,407705856.000000,0.200785,0,1
147,152,158,82,96,100,81,77,
413.000000,202.000000,0.066435,12942558.000000,0.311284,0,1
45,42,45,44,49,48,57,49,
308.000000,207.000000,0.063063,37726304.000000,0.644642,0,1
43,46,42,38,37,37,32,33,
558.000000,224.000000,0.086092,161417392.000000,1.166162,0,1
223,207,221,203,201,215,205,205,
548.000000,231.000000,0.090613,67564432.000000,1.244165,0,1
187,181,187,172,178,182,168,165,
548.000000,232.000000,0.093675,24052244.000000,1.328694,0,1
184,175,179,167,170,177,163,162,
484.000000,237.000000,0.091157,32519774.000000,0.936610,0,1
79,77,76,74,73,75,75,66,
274.000000,238.000000,0.100497,298896928.000000,2.604858,0,1
21,21,21,21,21,20,21,26,
313.000000,240.000000,0.101896,166934528.000000,1.617199,0,1
24,24,24,27,26,31,32,33,
302.000000,242.000000,0.100661,988101376.000000,2.304471,0,1
27,31,32,23,23,25,21,23,
506.000000,244.000000,0.080754,6278890.000000,0.877945,0,1
90,87,92,83,87,89,80,78,
486.000000,245.000000,0.080735,50955768.000000,0.809491,0,1
74,66,75,65,69,73,67,64,
618.000000,217.000000,0.080098,2780672512.000000,1.727599,0,1
44,63,39,74,45,29,62,54,
626.000000,118.000000,0.082338,5811332096.000000,1.387190,0,1
76,97,100,160,124,130,183,206,
623.000000,127.000000,0.082886,113899544576.000000,1.764456,0,1
168,79,202,42,188,233,85,198,
625.000000,184.000000,0.081825,4067013376.000000,1.771788,0,1
83,72,49,64,43,32,53,35,
623.000000,176.000000,0.082668,30616442880.000000,1.776027,0,1
131,66,176,46,117,160,63,101,
227.000000,171.000000,0.027143,7556014080.000000,0.327386,0,1
201,226,103,103,104,37,44,30,
342.000000,161.000000,0.027454,1933986432.000000,0.141524,0,1
45,97,47,62,189,41,178,218,
585.000000,144.000000,0.028418,6047284224.000000,0.306282,0,1
122,197,96,238,153,101,198,110,
175.000000,193.000000,0.027659,42952796.000000,0.507426,0,1
84,78,85,66,73,75,65,58,
307.000000,196.000000,0.048376,18702408.000000,0.594042,0,1
48,46,60,35,46,47,35,34,
313.000000,207.000000,0.063638,115222520.000000,0.785628,0,1
43,47,47,39,39,35,34,36,
591.000000,217.000000,0.078770,1087250560.000000,1.866042,0,1
212,216,198,227,210,197,226,227,
601.000000,217.000000,0.079018,726619072.000000,1.970441,0,1
153,161,150,177,161,151,178,177,
508.000000,229.000000,0.086305,18633052.000000,1.177525,0,1
116,112,116,104,111,114,101,99,
514.000000,236.000000,0.079315,49977628.000000,1.078084,0,1
108,104,109,100,105,110,98,99,
583.000000,146.000000,0.028660,4407563264.000000,0.305629,0,1
238,128,198,60,123,110,64,46,
539.000000,196.000000,0.059045,1098997504.000000,0.638188,0,1
209,208,222,189,209,233,191,215,
596.000000,218.000000,0.080599,547423680.000000,2.009694,0,1
178,187,178,207,196,186,213,215,
400.000000,147.000000,0.026858,408810944.000000,0.051846,0,1
60,69,131,70,201,202,132,253,
466.000000,135.000000,0.026057,1752186496.000000,0.099331,0,1
58,57,60,47,54,52,78,212,
401.000000,140.000000,0.026635,1076927488.000000,0.082905,0,1
219,182,177,61,136,76,87,79,
389.000000,141.000000,0.026842,554060096.000000,0.102009,0,1
252,182,167,58,108,53,49,44,
167.000000,143.000000,0.027111,11319762944.000000,0.791822,0,1
25,32,29,53,74,41,164,251,
351.000000,143.000000,0.027360,3199528960.000000,0.172614,0,1
69,104,54,238,113,36,235,63,
571.000000,147.000000,0.028324,27738859520.000000,0.419299,0,1
241,201,244,130,171,140,61,39,
380.000000,148.000000,0.026914,874042112.000000,0.106487,0,1
57,92,56,217,178,56,252,130,
615.000000,151.000000,0.034615,8997979136.000000,0.715751,0,1
45,46,50,56,72,54,165,219,
476.000000,152.000000,0.028627,2067025920.000000,0.143485,0,1
105,101,129,79,207,240,160,230,
291.000000,153.000000,0.027277,20927598592.000000,0.414587,0,1
254,255,108,187,129,39,63,36,
440.000000,153.000000,0.025851,455757056.000000,0.039082,0,1
67,65,98,61,202,240,120,163,
296.000000,156.000000,0.027438,11396447232.000000,0.403297,0,1
39,50,47,160,169,112,255,167,
211.000000,158.000000,0.027665,17642948608.000000,0.499989,0,1
29,42,50,49,148,167,113,134,
271.000000,159.000000,0.027528,24783831040.000000,0.482620,0,1
227,221,255,93,162,236,68,42,
569.000000,162.000000,0.028578,13163688960.000000,0.422359,0,1
64,112,42,162,86,37,110,67,
292.000000,163.000000,0.027172,12221229056.000000,0.306234,0,1
45,158,46,255,147,40,209,70,
405.000000,167.000000,0.028169,1837569792.000000,0.106985,0,1
194,198,245,88,166,196,66,58,
557.000000,167.000000,0.028306,8336203776.000000,0.385164,0,1
91,76,109,57,128,176,124,210,
299.000000,168.000000,0.026935,9752002560.000000,0.390001,0,1
84,214,60,243,158,30,116,43,
323.000000,168.000000,0.032913,9169637376.000000,0.364293,0,1
69,38,160,27,70,81,31,44,
522.000000,168.000000,0.027982,11486714880.000000,0.281625,0,1
83,129,87,160,234,88,233,190,
555.000000,168.000000,0.028554,8126397440.000000,0.384366,0,1
76,60,68,113,114,188,189,189,
437.000000,169.000000,0.027665,699806144.000000,0.081125,0,1
81,69,73,71,131,90,152,154,
460.000000,169.000000,0.028203,916910848.000000,0.120544,0,1
78,76,72,100,110,77,156,140,
471.000000,169.000000,0.027715,1585853696.000000,0.143406,0,1
77,61,89,83,101,254,141,148,
488.000000,169.000000,0.027928,1941957632.000000,0.188642,0,1
73,77,59,211,96,98,159,149,
540.000000,169.000000,0.028144,1761790208.000000,0.335354,0,1
52,80,84,145,155,159,162,140,
400.000000,170.000000,0.027294,527384800.000000,0.119391,0,1
59,57,58,84,89,97,127,132,
203.000000,171.000000,0.026928,21445240832.000000,0.502954,0,1
166,252,107,178,163,67,106,35,
343.000000,171.000000,0.027612,441898592.000000,0.274427,0,1
42,41,41,77,99,107,112,109,
163.000000,176.000000,0.027039,17446537216.000000,0.807916,0,1
36,103,45,174,89,64,120,99,
273.000000,176.000000,0.028662,1046352128.000000,0.510702,0,1
123,111,114,91,101,97,83,83,
286.000000,176.000000,0.031727,2841737984.000000,0.537596,0,1
143,131,132,104,106,104,83,77,
292.000000,176.000000,0.032480,690202752.000000,0.532641,0,1
141,127,113,106,99,95,92,82,
350.000000,176.000000,0.032702,354769984.000000,0.325402,0,1
108,83,91,81,82,99,85,85,
451.000000,176.000000,0.030092,174616368.000000,0.130087,0,1
138,184,137,198,166,132,184,155,
379.000000,178.000000,0.024705,94365872.000000,0.160818,0,1
113,134,107,126,112,100,106,87,
439.000000,178.000000,0.031373,110185008.000000,0.127891,0,1
171,183,139,179,163,140,174,119,
462.000000,178.000000,0.029401,374990048.000000,0.152092,0,1
164,141,194,137,169,170,130,139,
375.000000,179.000000,0.036500,224109776.000000,0.287833,0,1
138,116,131,94,112,109,90,91,
446.000000,179.000000,0.037648,188760016.000000,0.179136,0,1
149,129,164,119,141,166,109,101,
220.000000,180.000000,0.029003,391965632.000000,0.515299,0,1
76,67,83,66,72,75,57,58,
425.000000,180.000000,0.036343,186492800.000000,0.162634,0,1
128,128,115,104,106,100,84,78,
486.000000,180.000000,0.028005,249607040.000000,0.200329,0,1
203,173,183,164,169,154,136,135,
208.000000,184.000000,0.029918,1265255424.000000,0.768662,0,1
92,66,74,50,53,53,46,51,
401.000000,184.000000,0.040824,134495728.000000,0.259211,0,1
92,91,98,74,80,71,69,71,
437.000000,184.000000,0.041851,268734240.000000,0.221991,0,1
104,106,110,86,103,90,76,73,
595.000000,184.000000,0.067057,69867405312.000000,2.024256,0,1
96,59,145,57,93,157,70,99,
295.000000,185.000000,0.039809,183436592.000000,0.709666,0,1
68,69,74,58,61,57,49,50,
296.000000,185.000000,0.039194,211595520.000000,0.688600,0,1
71,72,70,59,60,56,49,52,
306.000000,185.000000,0.039987,197241984.000000,0.660408,0,1
71,68,68,57,56,57,49,53,
167.000000,186.000000,0.028832,1613394048.000000,0.869817,0,1
86,88,84,76,81,77,70,66,
287.000000,186.000000,0.037203,300711200.000000,0.679286,0,1
64,64,66,57,54,53,47,45,
273.000000,187.000000,0.028056,526496928.000000,0.504782,0,1
60,58,64,49,56,56,43,37,
254.000000,188.000000,0.048440,153350544.000000,1.252362,0,1
53,48,46,34,37,24,26,20,
239.000000,189.000000,0.043496,240265296.000000,1.140320,0,1
50,49,51,39,40,38,31,24,
556.000000,190.000000,0.051833,3363618304.000000,0.979964,0,1
145,162,156,191,188,189,228,248,
560.000000,190.000000,0.051418,2568280064.000000,0.992577,0,1
151,158,157,189,186,182,218,191,
313.000000,191.000000,0.046819,442268320.000000,0.815634,0,1
57,55,61,49,45,38,40,45,
544.000000,191.000000,0.053399,1400372096.000000,0.952184,0,1
158,175,177,189,198,195,211,227,
207.000000,192.000000,0.034581,286949216.000000,0.948237,0,1
51,49,50,40,40,39,32,28,
356.000000,192.000000,0.040425,167429600.000000,0.452113,0,1
64,68,66,62,52,62,47,44,
363.000000,192.000000,0.044374,396808064.000000,0.416849,0,1
88,69,74,61,62,66,55,55,
394.000000,192.000000,0.039422,119778240.000000,0.297570,0,1
77,74,86,68,75,74,61,54,
503.000000,192.000000,0.055459,159350608.000000,0.731928,0,1
114,117,122,119,129,132,132,139,
504.000000,192.000000,0.055588,151747616.000000,0.741818,0,1
118,121,123,123,131,133,139,141,
546.000000,192.000000,0.054888,1784013568.000000,1.018010,0,1
178,198,191,217,216,205,232,240,
178.000000,193.000000,0.028648,194887376.000000,0.726750,0,1
79,84,76,74,72,65,67,56,
314.000000,193.000000,0.027187,23837496.000000,0.373230,0,1
41,38,35,48,42,38,50,44,
330.000000,194.000000,0.039954,221857440.000000,0.563646,0,1
40,47,45,47,42,37,36,30,
303.000000,195.000000,0.047905,16659727.000000,0.638734,0,1
40,43,42,40,46,40,38,33,
401.000000,197.000000,0.052199,27609286.000000,0.320904,0,1
64,62,63,53,53,49,49,44,
462.000000,197.000000,0.062651,190954464.000000,0.671188,0,1
68,68,66,60,76,79,74,89,
519.000000,197.000000,0.061645,1151425536.000000,1.057870,0,1
160,167,164,178,179,172,188,197,
527.000000,198.000000,0.060557,1645723904.000000,0.917436,0,1
155,152,153,174,176,169,202,218,
593.000000,198.000000,0.066695,4104200704.000000,2.026024,0,1
78,80,77,53,58,67,48,43,
373.000000,199.000000,0.043781,177302432.000000,0.459288,0,1
58,64,58,65,57,48,55,44,
413.000000,199.000000,0.028950,28650982.000000,0.195852,0,1
58,57,56,44,49,48,46,44,
535.000000,199.000000,0.061101,5517306368.000000,1.183236,0,1
174,169,185,190,194,210,227,249,
358.000000,200.000000,0.029505,169799152.000000,0.300447,0,1
42,36,54,38,44,52,40,39,
401.000000,200.000000,0.063111,54022352.000000,0.458047,0,1
46,44,43,48,48,45,58,47,
463.000000,200.000000,0.063151,127807648.000000,0.608897,0,1
86,89,92,76,103,107,91,104,
488.000000,200.000000,0.056223,85619352.000000,0.593111,0,1
107,105,111,93,101,111,86,88,
534.000000,200.000000,0.061217,3860388608.000000,1.184045,0,1
169,190,194,221,227,227,243,248,
536.000000,200.000000,0.061256,3154411008.000000,1.202557,0,1
185,194,210,227,227,233,249,254,
517.000000,204.000000,0.066142,338876640.000000,0.832909,0,1
187,179,188,171,180,188,162,165,
487.000000,205.000000,0.068969,649700544.000000,1.100691,0,1
81,81,80,92,86,87,99,103,
527.000000,205.000000,0.065578,646843904.000000,1.328854,0,1
220,217,224,200,215,228,199,204,
359.000000,210.000000,0.060037,22623822.000000,0.810988,0,1
53,54,54,55,50,39,44,35,
477.000000,211.000000,0.079047,60033816.000000,1.201427,0,1
75,71,69,80,81,82,85,89,
535.000000,212.000000,0.073050,1292389376.000000,1.857875,0,1
218,219,228,204,216,229,197,198,
544.000000,214.000000,0.074774,1094486016.000000,1.685924,0,1
250,231,245,211,226,245,219,224,
543.000000,216.000000,0.076048,1102911360.000000,1.752135,0,1
210,216,215,209,218,219,201,209,
551.000000,217.000000,0.079176,5893231616.000000,2.022440,0,1
251,241,243,216,217,224,203,199,
535.000000,219.000000,0.080295,245906768.000000,1.441146,0,1
189,193,188,181,179,185,171,169,
563.000000,219.000000,0.081530,310819040.000000,1.747804,0,1
246,239,242,215,223,230,210,207,
588.000000,196.000000,0.064194,3024017408.000000,1.810305,0,1
82,91,92,51,63,93,49,45,
559.000000,193.000000,0.053315,27638026240.000000,1.058689,0,1
218,221,191,212,146,99,158,194,
600.000000,189.000000,0.066768,10273386496.000000,2.075021,0,1
87,103,120,79,64,90,71,72,
571.000000,142.000000,0.028280,40797274112.000000,0.418181,0,1
40,42,92,48,159,146,127,239,
580.000000,181.000000,0.056531,18368823296.000000,1.310149,0,1
77,100,54,149,87,56,117,67,
572.000000,181.000000,0.055393,40485879808.000000,1.200913,0,1
250,94,145,130,199,83,250,236,
596.000000,177.000000,0.067076,102212771840.000000,2.017672,0,1
102,58,101,55,162,207,93,184,
195.000000,176.000000,0.026996,15098379264.000000,0.707447,0,1
88,80,104,94,103,94,95,88,
186.000000,176.000000,0.027090,35957559296.000000,0.738420,0,1
94,156,123,110,123,93,101,90,
173.000000,176.000000,0.027161,51299651584.000000,0.781385,0,1
66,78,218,87,160,204,121,108,
600.000000,175.000000,0.067087,45562093568.000000,2.058513,0,1
97,174,94,188,178,112,89,74,
589.000000,174.000000,0.059065,8451955200.000000,1.486885,0,1
126,152,164,70,67,96,74,65,
545.000000,168.000000,0.027883,6885217280.000000,0.344646,0,1
77,53,109,84,131,179,164,177,
368.000000,167.000000,0.027420,5069066752.000000,0.197395,0,1
98,142,221,67,180,245,67,51,
186.000000,154.000000,0.026940,28776067072.000000,0.639718,0,1
80,222,31,238,148,23,185,52,
582.000000,153.000000,0.028489,31087618048.000000,0.455584,0,1
69,62,94,43,130,198,84,205,
554.000000,152.000000,0.028260,13034131456.000000,0.369569,0,1
81,229,65,247,163,53,239,136,
301.000000,148.000000,0.027630,16614288384.000000,0.389865,0,1
34,43,56,50,180,92,186,255,
268.000000,185.000000,0.047290,1724375552.000000,1.105636,0,1
34,27,43,24,33,47,27,31,
256.000000,176.000000,0.048472,11279126528.000000,1.221648,0,1
35,92,19,92,38,18,75,35,
256.000000,184.000000,0.048288,4590884352.000000,1.225379,0,1
29,46,19,55,32,18,50,31,
534.000000,143.000000,0.027813,23334656000.000000,0.303544,0,1
40,43,97,48,167,119,114,241,
325.000000,178.000000,0.032144,745565568.000000,0.407705,0,1
63,63,89,56,81,90,62,67,
268.000000,178.000000,0.047037,3952077568.000000,1.085184,0,1
54,32,74,26,51,75,31,42,
528.000000,144.000000,0.027784,14046720000.000000,0.285927,0,1
217,64,247,55,94,186,47,45,
324.000000,161.000000,0.027222,20419938304.000000,0.317574,0,1
80,69,193,37,151,216,61,124,
483.000000,208.000000,0.070951,553733696.000000,1.173241,0,1
81,76,95,70,83,101,86,90,
332.000000,168.000000,0.027679,16761837568.000000,0.305001,0,1
191,75,255,38,142,163,44,38,
423.000000,180.000000,0.036936,169958864.000000,0.167923,0,1
128,105,128,84,104,106,79,73,
591.000000,208.000000,0.069761,1620015488.000000,2.264619,0,1
125,182,134,223,197,153,227,224,
402.000000,179.000000,0.033701,263389376.000000,0.178634,0,1
145,141,121,106,121,104,96,88,
461.000000,187.000000,0.047197,447877184.000000,0.343648,0,1
86,80,92,73,89,123,76,87,
412.000000,179.000000,0.032369,111337416.000000,0.130740,0,1
140,110,151,93,125,142,87,86,
479.000000,162.000000,0.028078,6935194112.000000,0.157219,0,1
127,240,73,124,132,53,219,92,
451.000000,133.000000,0.049454,25549932.000000,0.156189,0,1
29,28,39,36,39,57,59,43,
