# timestamp
1608635101129733376

# fx, fy, cx, cy, width, height, npoints
501.475494,501.475800,421.800873,167.658463,800,400,519

# camToWorld: translation vector, rotation quaternion
-15.622543,32.525674,0.487336,-0.723763,0.015976,0.005227,0.689844

# Exposure time (ms)
22.999989

# Point Cloud Data : 
# u,v,idepth_scaled,idepth_hessian,maxRelBaseline,numGoodRes,status 
# color information 
47.000000,116.000000,0.149879,3747328.500000,2.189772,0,1
21,28,27,22,24,23,15,15,
584.000000,131.000000,0.088567,471427456.000000,0.684022,0,1
23,54,22,130,31,21,66,32,
497.000000,257.000000,0.056476,2775213.500000,0.401649,0,1
28,22,29,16,18,22,17,19,
752.000000,282.000000,0.151430,316108000.000000,2.006769,0,1
81,81,76,53,48,46,33,28,
712.000000,27.000000,0.205866,784953408.000000,1.441672,0,1
67,89,74,106,83,73,85,80,
721.000000,33.000000,0.206846,128543000.000000,1.474840,0,1
57,60,57,63,67,60,71,67,
712.000000,38.000000,0.205404,1659184640.000000,1.423289,0,1
109,135,119,175,150,123,196,202,
713.000000,41.000000,0.205724,1267647616.000000,1.093495,0,1
151,202,139,251,195,127,255,226,
672.000000,48.000000,0.143727,10586881.000000,0.381209,0,1
202,217,245,235,252,255,255,255,
655.000000,58.000000,0.168516,1036424064.000000,1.309023,0,1
177,166,226,159,221,255,205,249,
734.000000,60.000000,0.185763,24543002.000000,1.927573,0,1
42,47,37,51,41,36,47,41,
708.000000,63.000000,0.183481,119419048.000000,0.520245,0,1
92,74,115,66,84,93,64,82,
655.000000,64.000000,0.169824,897562304.000000,0.769820,0,1
217,158,219,134,168,212,140,138,
712.000000,66.000000,0.183660,611469120.000000,1.783447,0,1
51,69,45,103,50,42,66,49,
731.000000,70.000000,0.182287,71670056.000000,1.885697,0,1
51,41,56,39,54,54,43,55,
708.000000,71.000000,0.183346,168573360.000000,1.751909,0,1
87,47,121,44,91,126,45,94,
708.000000,77.000000,0.183755,183567040.000000,1.745994,0,1
91,50,145,41,83,132,52,79,
708.000000,81.000000,0.183508,397312480.000000,1.740464,0,1
79,56,154,118,183,238,229,255,
712.000000,88.000000,0.184173,1323927040.000000,1.759175,0,1
224,212,130,217,131,91,143,117,
736.000000,90.000000,0.179975,40584296.000000,1.881417,0,1
35,38,27,33,27,16,20,12,
733.000000,103.000000,0.148603,15216134.000000,1.712968,0,1
12,14,12,18,17,15,25,28,
736.000000,108.000000,0.149973,50939080.000000,1.733716,0,1
19,22,19,30,20,19,26,20,
727.000000,109.000000,0.150539,15444919.000000,1.687066,0,1
32,37,31,29,26,22,19,16,
729.000000,112.000000,0.147411,19323822.000000,1.681210,0,1
16,16,21,19,22,31,25,31,
134.000000,132.000000,0.070211,71539392.000000,1.127033,0,1
28,73,26,64,55,23,78,75,
540.000000,191.000000,0.052710,50742796.000000,0.162249,0,1
147,127,113,170,170,131,222,255,
510.000000,230.000000,0.050605,19504152.000000,0.385714,0,1
47,46,64,39,56,69,52,57,
503.000000,268.000000,0.054414,172111536.000000,0.492680,0,1
35,29,40,21,42,45,24,24,
747.000000,274.000000,0.152170,396035232.000000,1.967551,0,1
16,18,18,27,29,34,66,74,
743.000000,276.000000,0.151043,1042474304.000000,1.945672,0,1
27,48,59,47,63,74,59,62,
744.000000,282.000000,0.152309,176300400.000000,1.971992,0,1
72,72,77,48,60,62,31,29,
744.000000,289.000000,0.145182,9692367.000000,1.949051,0,1
25,22,24,17,19,20,15,15,
647.000000,59.000000,0.163821,378039840.000000,1.252663,0,1
80,74,88,68,81,100,76,84,
656.000000,63.000000,0.170222,928648704.000000,1.308309,0,1
255,217,255,158,219,254,168,165,
120.000000,73.000000,0.146346,2348277.750000,1.546712,0,1
14,12,12,14,14,14,20,21,
108.000000,74.000000,0.147156,17689706.000000,1.656652,0,1
11,12,15,14,17,19,16,18,
687.000000,86.000000,0.169007,692304256.000000,1.560866,0,1
56,48,64,48,70,108,71,116,
687.000000,92.000000,0.168142,231553616.000000,1.551684,0,1
108,98,77,91,74,29,66,30,
110.000000,94.000000,0.143975,9268278.000000,1.801951,0,1
18,14,18,12,14,18,11,12,
112.000000,94.000000,0.143629,15588010.000000,1.787574,0,1
21,18,21,14,18,21,13,13,
706.000000,98.000000,0.146768,41080036.000000,1.561909,0,1
30,36,31,45,40,35,46,45,
696.000000,100.000000,0.162724,78401656.000000,1.574931,0,1
24,24,33,24,35,42,36,38,
714.000000,100.000000,0.147287,22381802.000000,1.606103,0,1
27,30,27,37,34,29,40,39,
693.000000,103.000000,0.161032,72487120.000000,1.551425,0,1
23,22,29,22,28,34,31,40,
720.000000,113.000000,0.146733,60164272.000000,1.629247,0,1
24,29,26,40,34,29,48,49,
497.000000,114.000000,0.092272,1578484.500000,0.139790,0,1
20,28,21,34,28,22,37,36,
717.000000,119.000000,0.145730,323366912.000000,1.606800,0,1
43,30,43,14,29,43,13,14,
719.000000,121.000000,0.145492,329331776.000000,1.616038,0,1
43,30,43,14,30,44,14,15,
720.000000,122.000000,0.145324,299208128.000000,1.620374,0,1
43,30,44,14,31,43,15,18,
712.000000,141.000000,0.139736,40234240.000000,0.650430,0,1
17,25,14,27,18,13,26,19,
54.000000,148.000000,0.028220,4528661504.000000,0.754326,0,1
108,101,156,99,138,215,76,55,
706.000000,151.000000,0.134538,10637975.000000,1.492695,0,1
22,28,28,37,41,42,51,54,
97.000000,152.000000,0.135585,379820384.000000,1.816832,0,1
28,35,42,47,90,90,72,56,
198.000000,152.000000,0.017059,1799056512.000000,0.100245,0,1
54,61,81,55,149,82,98,145,
711.000000,152.000000,0.139342,148616960.000000,1.543767,0,1
27,39,20,48,33,17,40,29,
712.000000,152.000000,0.139099,136180624.000000,1.547838,0,1
19,31,17,42,20,15,31,19,
712.000000,160.000000,0.140347,100967952.000000,1.563217,0,1
18,29,15,34,20,14,28,18,
711.000000,161.000000,0.140034,104473136.000000,1.555152,0,1
29,34,20,32,28,15,27,23,
711.000000,176.000000,0.137066,64653400.000000,1.545908,0,1
21,30,18,40,27,17,44,34,
712.000000,178.000000,0.137492,84334664.000000,1.558215,0,1
19,34,17,43,22,15,28,20,
712.000000,184.000000,0.139065,47863680.000000,1.571632,0,1
20,27,16,34,20,15,26,20,
712.000000,196.000000,0.137470,140352480.000000,1.575304,0,1
22,33,17,49,23,16,34,22,
711.000000,207.000000,0.136863,192439616.000000,1.578903,0,1
33,46,20,54,34,17,48,36,
712.000000,207.000000,0.137660,213996784.000000,1.591133,0,1
21,34,17,47,20,16,35,20,
711.000000,208.000000,0.136727,188481008.000000,1.579918,0,1
34,47,20,55,35,17,48,36,
712.000000,210.000000,0.137419,224684192.000000,1.594444,0,1
20,36,17,49,20,16,36,21,
712.000000,216.000000,0.137770,265228848.000000,1.602982,0,1
22,35,18,49,22,16,33,22,
607.000000,223.000000,0.102550,82790032.000000,0.941576,0,1
33,44,21,45,32,17,43,32,
711.000000,223.000000,0.136759,227384592.000000,1.603469,0,1
32,50,22,55,33,17,50,33,
710.000000,225.000000,0.136371,126945344.000000,1.599116,0,1
50,55,34,50,48,22,45,42,
530.000000,228.000000,0.090136,72454824.000000,0.608621,0,1
37,40,40,45,49,46,61,68,
536.000000,229.000000,0.093813,49158404.000000,0.645533,0,1
36,40,37,46,43,42,53,48,
523.000000,230.000000,0.090991,33905828.000000,0.595762,0,1
48,55,51,66,63,60,71,67,
353.000000,231.000000,0.073654,21676240.000000,0.467495,0,1
23,30,25,42,38,27,42,40,
527.000000,238.000000,0.094839,11595258.000000,0.647227,0,1
57,57,57,51,52,54,44,43,
528.000000,238.000000,0.098018,10100006.000000,0.662160,0,1
55,58,55,51,53,56,44,41,
545.000000,239.000000,0.060991,2631419.750000,0.105882,0,1
43,48,44,42,40,39,36,35,
712.000000,243.000000,0.137098,101631912.000000,1.646034,0,1
18,28,14,28,17,13,14,13,
535.000000,250.000000,0.055659,3894137.500000,0.409688,0,1
44,46,38,44,44,35,47,46,
711.000000,263.000000,0.135104,149209120.000000,1.669115,0,1
22,26,28,20,33,37,40,49,
707.000000,266.000000,0.134250,190219888.000000,1.651922,0,1
19,18,34,16,27,39,18,19,
584.000000,185.000000,0.081361,320857664.000000,0.682270,0,1
25,52,19,115,25,18,41,21,
696.000000,108.000000,0.146896,25890582.000000,1.502519,0,1
46,45,48,33,33,34,17,13,
506.000000,62.000000,0.148343,15885087.000000,0.624672,0,1
18,18,18,20,19,20,20,23,
540.000000,62.000000,0.149401,16115026.000000,0.773642,0,1
18,20,20,20,20,19,20,24,
587.000000,63.000000,0.149981,43589520.000000,0.996017,0,1
24,23,23,25,24,24,35,45,
599.000000,63.000000,0.150179,26669574.000000,1.056931,0,1
24,23,24,25,26,26,34,40,
609.000000,63.000000,0.150465,21880510.000000,1.109762,0,1
28,25,26,28,28,29,37,40,
623.000000,63.000000,0.149088,31100518.000000,1.163357,0,1
33,32,33,33,34,36,43,41,
625.000000,63.000000,0.148684,31412904.000000,1.168411,0,1
34,33,34,34,36,36,45,41,
598.000000,64.000000,0.150115,69971464.000000,1.049056,0,1
23,25,26,33,34,34,41,28,
607.000000,65.000000,0.150011,41695716.000000,1.113779,0,1
28,37,37,37,39,40,27,24,
625.000000,65.000000,0.150180,45417040.000000,1.209746,0,1
36,45,45,41,41,43,32,31,
639.000000,65.000000,0.161594,33476268.000000,1.298402,0,1
53,55,61,51,54,57,46,48,
645.000000,65.000000,0.165805,113323728.000000,1.344100,0,1
69,73,79,63,68,77,59,63,
543.000000,66.000000,0.149450,72538392.000000,0.775475,0,1
24,33,36,30,30,29,19,20,
551.000000,66.000000,0.149651,80770760.000000,0.820882,0,1
24,38,39,30,32,32,18,21,
554.000000,66.000000,0.149900,75212560.000000,0.834308,0,1
25,38,34,33,31,29,19,21,
567.000000,66.000000,0.149211,89591032.000000,0.885028,0,1
28,37,41,28,28,27,20,23,
573.000000,66.000000,0.149679,119294264.000000,0.918036,0,1
30,46,46,29,31,33,20,24,
590.000000,66.000000,0.149549,103420144.000000,0.999245,0,1
33,47,47,29,27,26,21,26,
615.000000,66.000000,0.150233,58372488.000000,1.130902,0,1
39,42,42,26,27,30,26,32,
617.000000,66.000000,0.150369,53922956.000000,1.162452,0,1
41,42,42,27,30,30,28,33,
274.000000,67.000000,0.150097,54164840.000000,0.924994,0,1
15,15,15,18,19,20,29,25,
453.000000,67.000000,0.150100,168660448.000000,0.449669,0,1
22,36,39,33,36,34,16,17,
461.000000,67.000000,0.150085,113726856.000000,0.467313,0,1
22,31,36,29,30,31,16,19,
469.000000,67.000000,0.150054,152073040.000000,0.488162,0,1
26,36,37,29,32,32,16,19,
479.000000,67.000000,0.149796,178346128.000000,0.517037,0,1
28,38,39,29,28,28,17,20,
487.000000,67.000000,0.149631,175650992.000000,0.542980,0,1
29,42,53,27,28,30,18,21,
489.000000,67.000000,0.149608,166211152.000000,0.549886,0,1
32,53,47,28,30,23,18,22,
507.000000,67.000000,0.150357,167039840.000000,0.623005,0,1
33,42,38,28,28,25,18,24,
519.000000,67.000000,0.149934,123188168.000000,0.670051,0,1
34,36,39,21,23,23,19,26,
527.000000,67.000000,0.150096,140157072.000000,0.705800,0,1
36,46,47,20,22,21,19,26,
528.000000,67.000000,0.150135,139462688.000000,0.710487,0,1
37,48,44,21,21,22,19,27,
352.000000,68.000000,0.149918,58138112.000000,0.569118,0,1
17,26,28,24,25,24,14,15,
414.000000,68.000000,0.149446,47791572.000000,0.413805,0,1
21,23,24,16,16,16,12,17,
419.000000,68.000000,0.149437,72898376.000000,0.411325,0,1
24,27,26,16,17,17,13,17,
432.000000,68.000000,0.149768,111615424.000000,0.414851,0,1
30,33,32,17,18,17,14,21,
259.000000,69.000000,0.150851,43054952.000000,1.003228,0,1
17,25,26,26,28,28,14,15,
280.000000,69.000000,0.150620,64270124.000000,0.895123,0,1
21,29,31,25,26,27,15,18,
301.000000,69.000000,0.150150,62128132.000000,0.788985,0,1
24,34,34,20,21,19,14,19,
326.000000,69.000000,0.150230,66282024.000000,0.674794,0,1
25,29,29,19,18,17,14,21,
332.000000,69.000000,0.150039,66905100.000000,0.647371,0,1
25,30,29,17,16,16,15,21,
343.000000,69.000000,0.149790,55878512.000000,0.599830,0,1
27,29,29,14,14,14,14,23,
344.000000,69.000000,0.149713,57037412.000000,0.595316,0,1
27,31,27,14,14,14,14,22,
195.000000,70.000000,0.150235,24268602.000000,1.329081,0,1
15,22,23,18,19,19,13,15,
207.000000,70.000000,0.150946,20931208.000000,1.274621,0,1
17,23,24,19,18,18,13,15,
218.000000,70.000000,0.150622,24201550.000000,1.212034,0,1
18,23,23,17,17,17,13,18,
231.000000,70.000000,0.150593,28033642.000000,1.143281,0,1
19,25,26,17,16,15,14,19,
236.000000,70.000000,0.150305,36405648.000000,1.113814,0,1
22,31,31,15,16,16,13,19,
240.000000,70.000000,0.150831,47042200.000000,1.098987,0,1
25,30,30,16,17,18,13,20,
251.000000,70.000000,0.150713,41190920.000000,1.040633,0,1
25,27,28,18,18,17,15,21,
398.000000,70.000000,0.147435,18060890.000000,0.414191,0,1
11,10,10,14,13,13,18,23,
377.000000,71.000000,0.218909,7614879.000000,0.585607,0,1
12,14,12,20,18,12,23,23,
401.000000,71.000000,0.146953,29458564.000000,0.402097,0,1
10,13,13,20,21,19,24,24,
147.000000,72.000000,0.154502,52273512.000000,1.512397,0,1
20,20,14,20,17,11,26,20,
231.000000,72.000000,0.147923,28269960.000000,1.108284,0,1
16,14,13,19,19,19,27,28,
232.000000,72.000000,0.147857,24696092.000000,1.102422,0,1
15,13,13,19,19,19,27,28,
259.000000,72.000000,0.148180,40799500.000000,0.969308,0,1
14,15,15,23,23,22,30,32,
269.000000,72.000000,0.148266,43911328.000000,0.920339,0,1
16,17,17,24,24,25,29,32,
286.000000,72.000000,0.148520,50196716.000000,0.839272,0,1
14,17,18,26,27,28,31,32,
294.000000,72.000000,0.148449,46251916.000000,0.800131,0,1
13,18,18,28,29,29,32,32,
299.000000,72.000000,0.148433,43966572.000000,0.776218,0,1
14,19,19,29,29,28,33,33,
317.000000,72.000000,0.148495,42543728.000000,0.693229,0,1
15,21,21,29,29,29,32,34,
321.000000,72.000000,0.148490,35041424.000000,0.675188,0,1
15,21,20,29,28,28,31,32,
655.000000,72.000000,0.182913,38160088.000000,0.782264,0,1
99,89,93,82,84,87,78,76,
143.000000,73.000000,0.153449,51150580.000000,1.524515,0,1
13,11,15,15,15,24,19,21,
159.000000,73.000000,0.146803,15248798.000000,1.464943,0,1
13,12,13,16,16,17,21,22,
168.000000,73.000000,0.147340,16962038.000000,1.425881,0,1
13,13,13,19,18,18,24,26,
190.000000,73.000000,0.147366,15853010.000000,1.311266,0,1
13,14,14,20,20,20,24,25,
196.000000,73.000000,0.147371,22168038.000000,1.280148,0,1
13,15,15,20,21,22,24,26,
203.000000,73.000000,0.147473,23330646.000000,1.245185,0,1
13,16,16,22,23,24,27,28,
399.000000,73.000000,0.147512,14221384.000000,0.397593,0,1
20,23,24,18,21,24,17,14,
400.000000,74.000000,0.147095,8119317.500000,0.389106,0,1
24,21,24,17,17,24,14,19,
679.000000,94.000000,0.164428,209714144.000000,1.494908,0,1
37,37,44,38,40,64,40,55,
679.000000,101.000000,0.162938,142329920.000000,1.479344,0,1
54,51,38,48,39,23,36,22,
675.000000,104.000000,0.161261,65875280.000000,1.448130,0,1
45,42,42,41,41,27,39,27,
520.000000,109.000000,0.149821,53335884.000000,0.561936,0,1
43,39,40,45,54,57,54,32,
535.000000,109.000000,0.149603,158746224.000000,0.638032,0,1
38,34,40,28,36,67,36,25,
608.000000,109.000000,0.148469,519644608.000000,1.031450,0,1
42,84,53,56,46,26,24,20,
655.000000,109.000000,0.150545,64207608.000000,1.299579,0,1
53,52,50,38,35,23,28,21,
671.000000,109.000000,0.158725,67328504.000000,1.412700,0,1
39,38,34,36,34,23,32,23,
270.000000,110.000000,0.147851,6112165.500000,0.923995,0,1
35,33,33,26,26,26,23,31,
373.000000,110.000000,0.148741,28166280.000000,0.326358,0,1
29,25,23,28,28,26,45,38,
439.000000,110.000000,0.148420,18200630.000000,0.230688,0,1
29,25,26,41,46,49,42,23,
448.000000,110.000000,0.148637,28102860.000000,0.228718,0,1
32,29,28,51,56,56,53,29,
543.000000,110.000000,0.149007,96875928.000000,0.680184,0,1
48,75,86,55,57,55,27,21,
556.000000,110.000000,0.149208,159083520.000000,0.747844,0,1
62,82,85,52,54,55,25,24,
562.000000,110.000000,0.149102,51638912.000000,0.784115,0,1
72,84,84,53,52,50,25,23,
306.000000,111.000000,0.148656,67814968.000000,0.693036,0,1
20,15,17,16,20,23,29,27,
313.000000,111.000000,0.148761,41097676.000000,0.655934,0,1
26,20,20,27,29,31,48,28,
323.000000,111.000000,0.148100,29020152.000000,0.601757,0,1
26,21,21,32,33,33,43,23,
334.000000,111.000000,0.148824,27062364.000000,0.551846,0,1
28,21,22,34,34,33,40,21,
339.000000,111.000000,0.149549,32015558.000000,0.522182,0,1
28,22,22,34,37,35,40,22,
379.000000,111.000000,0.148045,28893748.000000,0.294317,0,1
21,26,20,42,34,20,34,23,
440.000000,111.000000,0.148735,26369536.000000,0.225843,0,1
26,46,49,42,48,52,23,21,
464.000000,111.000000,0.149433,41957596.000000,0.284305,0,1
31,48,51,44,44,44,23,23,
475.000000,111.000000,0.149424,36603080.000000,0.333353,0,1
35,47,48,37,36,34,20,20,
487.000000,111.000000,0.148990,51616460.000000,0.388549,0,1
41,51,52,31,31,31,19,20,
494.000000,111.000000,0.148688,64632316.000000,0.421373,0,1
47,59,62,32,32,30,20,23,
305.000000,112.000000,0.148816,65901976.000000,0.704263,0,1
15,16,20,17,29,47,19,16,
340.000000,112.000000,0.149431,32652314.000000,0.505514,0,1
22,37,35,40,39,39,22,14,
392.000000,112.000000,0.148872,34219840.000000,0.239418,0,1
30,41,42,29,30,27,17,15,
431.000000,112.000000,0.148982,17870100.000000,0.232065,0,1
39,39,42,22,22,22,19,21,
439.000000,112.000000,0.148700,22382264.000000,0.230694,0,1
46,42,48,21,23,23,20,26,
465.000000,112.000000,0.150476,32414908.000000,0.288405,0,1
51,44,44,23,22,22,23,27,
534.000000,112.000000,0.151003,54589552.000000,0.637389,0,1
36,25,25,19,24,26,15,13,
315.000000,113.000000,0.149280,39280096.000000,0.648377,0,1
31,48,48,28,27,26,14,13,
323.000000,113.000000,0.149080,33423616.000000,0.606580,0,1
33,43,44,24,23,23,14,13,
333.000000,113.000000,0.149589,26217364.000000,0.549719,0,1
35,38,40,21,21,21,14,13,
351.000000,113.000000,0.150226,27890494.000000,0.448546,0,1
41,39,44,20,21,23,14,14,
362.000000,113.000000,0.150078,26567576.000000,0.389529,0,1
39,35,37,20,20,20,14,14,
663.000000,113.000000,0.153726,124933000.000000,1.347560,0,1
34,33,32,41,49,38,85,70,
413.000000,114.000000,0.143461,32501782.000000,0.218171,0,1
26,26,38,19,43,55,31,41,
479.000000,114.000000,0.066898,8165112.500000,0.118403,0,1
19,21,26,23,28,33,25,31,
553.000000,114.000000,0.086400,28661328.000000,0.340503,0,1
23,21,29,20,31,38,24,20,
593.000000,114.000000,0.093469,1955267072.000000,0.486480,0,1
34,33,62,29,119,186,106,234,
685.000000,114.000000,0.154382,22572012.000000,1.483212,0,1
21,33,46,36,48,58,52,49,
490.000000,115.000000,0.070912,4874168.500000,0.146055,0,1
20,22,23,27,30,34,37,39,
417.000000,116.000000,0.142767,22094416.000000,0.217993,0,1
44,54,35,50,42,25,33,27,
542.000000,116.000000,0.115475,20771578.000000,0.595958,0,1
16,17,19,18,28,29,24,22,
457.000000,117.000000,0.083090,5215684.000000,0.146933,0,1
33,33,41,32,43,39,37,44,
591.000000,118.000000,0.093560,6142848000.000000,0.662887,0,1
44,33,172,26,54,244,34,43,
506.000000,119.000000,0.067918,21419882.000000,0.313691,0,1
38,29,40,23,30,40,24,24,
516.000000,119.000000,0.069804,58919640.000000,0.348806,0,1
25,39,23,41,27,23,41,29,
654.000000,119.000000,0.106069,1197685248.000000,1.086505,0,1
30,25,52,17,40,57,21,36,
103.000000,120.000000,0.068044,125381288.000000,1.272976,0,1
14,30,30,42,46,52,52,60,
591.000000,120.000000,0.093632,5111811072.000000,0.740423,0,1
54,34,165,26,43,232,29,29,
592.000000,120.000000,0.093624,6841018880.000000,0.490267,0,1
181,51,240,32,132,255,35,36,
448.000000,121.000000,0.092366,86079696.000000,0.111625,0,1
63,66,76,104,135,154,217,255,
497.000000,121.000000,0.069849,29712744.000000,0.275292,0,1
30,39,25,37,32,24,41,40,
473.000000,122.000000,0.070566,5744500.500000,0.197011,0,1
40,41,32,44,33,42,45,44,
515.000000,123.000000,0.070148,27551730.000000,0.343703,0,1
41,43,30,40,39,27,32,29,
468.000000,124.000000,0.069108,9584551.000000,0.170939,0,1
38,45,31,40,37,31,32,30,
481.000000,124.000000,0.070139,10127395.000000,0.217494,0,1
40,43,31,32,37,28,29,28,
401.000000,125.000000,0.064577,3027819.000000,0.097318,0,1
20,20,20,27,27,19,30,32,
457.000000,126.000000,0.093930,387770112.000000,0.141554,0,1
174,243,59,255,152,43,232,95,
632.000000,126.000000,0.104345,222854608.000000,0.974414,0,1
28,39,25,38,35,28,35,33,
607.000000,127.000000,0.100362,387980992.000000,0.841175,0,1
17,17,19,20,29,50,23,43,
444.000000,128.000000,0.094375,235874720.000000,0.142224,0,1
211,68,255,41,140,221,47,63,
455.000000,128.000000,0.094329,88640240.000000,0.143321,0,1
255,255,232,210,194,95,84,73,
457.000000,128.000000,0.093827,117643016.000000,0.146572,0,1
152,232,49,194,95,39,67,65,
616.000000,128.000000,0.103782,1703025920.000000,0.625462,0,1
18,39,17,82,28,16,53,28,
395.000000,129.000000,0.067371,9736802.000000,0.112390,0,1
25,23,23,37,39,40,65,58,
402.000000,129.000000,0.067640,5095279.500000,0.075001,0,1
24,34,21,48,41,38,63,49,
366.000000,130.000000,0.067889,17385826.000000,0.217339,0,1
17,20,22,44,48,52,68,58,
413.000000,130.000000,0.067079,13231202.000000,0.102908,0,1
22,40,27,65,45,25,39,19,
629.000000,130.000000,0.103569,421441344.000000,0.954686,0,1
27,21,37,18,29,45,21,27,
377.000000,131.000000,0.062127,10167711.000000,0.172403,0,1
27,58,48,70,61,52,43,28,
480.000000,131.000000,0.068232,1007649.250000,0.210651,0,1
35,40,40,21,21,20,15,13,
632.000000,131.000000,0.104345,338066240.000000,0.972513,0,1
38,45,27,41,39,28,37,24,
117.000000,132.000000,0.070586,29049338.000000,0.619280,0,1
105,93,92,56,54,51,22,21,
686.000000,132.000000,0.121610,34958116.000000,1.322537,0,1
14,22,21,24,16,12,17,14,
302.000000,134.000000,0.066744,16210310.000000,0.456181,0,1
26,18,18,11,26,12,9,8,
333.000000,134.000000,0.050056,28928166.000000,0.277398,0,1
31,22,29,20,18,30,11,12,
357.000000,134.000000,0.043753,5375114.000000,0.182096,0,1
43,49,37,28,24,22,14,14,
136.000000,135.000000,0.071445,244134272.000000,1.131685,0,1
24,42,24,56,26,23,22,29,
601.000000,135.000000,0.090889,27670572.000000,0.781586,0,1
23,27,25,37,33,27,52,63,
616.000000,136.000000,0.104228,556143488.000000,0.627593,0,1
26,45,18,47,25,15,43,22,
136.000000,137.000000,0.069604,293260320.000000,1.122111,0,1
26,22,21,20,29,22,41,43,
615.000000,137.000000,0.104091,392474464.000000,0.623172,0,1
45,47,25,48,43,17,46,40,
135.000000,138.000000,0.069777,428018624.000000,1.125658,0,1
22,20,29,21,41,57,31,41,
469.000000,139.000000,0.025784,50265480.000000,0.080218,0,1
21,26,35,41,57,93,36,27,
475.000000,139.000000,0.030797,77954264.000000,0.107143,0,1
17,46,15,95,49,15,76,22,
582.000000,139.000000,0.040424,1537392384.000000,0.167283,0,1
119,167,68,169,126,32,149,109,
353.000000,140.000000,0.018099,43592532.000000,0.091907,0,1
12,13,15,23,34,35,46,62,
410.000000,140.000000,0.016928,7208704.000000,0.020658,0,1
22,28,63,56,101,138,34,100,
347.000000,141.000000,0.018393,103868936.000000,0.111042,0,1
12,21,22,35,89,25,76,39,
458.000000,141.000000,0.016700,44504472.000000,0.042605,0,1
60,116,67,133,118,66,88,38,
217.000000,142.000000,0.022866,15451994.000000,0.166932,0,1
13,13,12,26,21,17,26,14,
238.000000,142.000000,0.044478,187952960.000000,0.538915,0,1
24,34,15,37,25,12,34,26,
341.000000,142.000000,0.017525,198851808.000000,0.115453,0,1
75,76,15,65,65,14,40,29,
360.000000,142.000000,0.015738,82601792.000000,0.089135,0,1
34,51,29,66,44,22,52,38,
455.000000,142.000000,0.013144,10103361.000000,0.030651,0,1
130,130,133,60,86,88,39,37,
662.000000,142.000000,0.111332,71668896.000000,1.153289,0,1
21,23,17,26,19,14,24,21,
197.000000,143.000000,0.015717,123044280.000000,0.311029,0,1
17,19,18,33,34,33,36,101,
271.000000,143.000000,0.017498,53565136.000000,0.211042,0,1
23,21,17,37,26,14,42,42,
325.000000,143.000000,0.022455,32735620.000000,0.137371,0,1
44,58,34,42,46,45,34,21,
596.000000,143.000000,0.089668,1161453312.000000,0.462903,0,1
43,26,73,25,45,75,26,45,
603.000000,143.000000,0.092205,715682112.000000,0.498943,0,1
77,77,50,75,62,32,74,59,
603.000000,144.000000,0.092204,948968640.000000,0.498947,0,1
69,75,36,74,60,31,73,59,
616.000000,144.000000,0.104123,333423264.000000,0.626397,0,1
21,35,15,39,21,14,34,21,
232.000000,146.000000,0.044045,121768824.000000,0.560398,0,1
25,16,32,16,24,33,15,23,
596.000000,146.000000,0.089631,1172255232.000000,0.741692,0,1
45,26,74,25,45,73,26,45,
104.000000,147.000000,0.024716,968809408.000000,0.107487,0,1
38,125,56,234,103,67,159,69,
166.000000,147.000000,0.019653,1262402816.000000,0.126215,0,1
97,236,103,156,165,88,69,45,
421.000000,147.000000,0.019935,4333967.000000,0.031358,0,1
19,17,21,29,30,25,29,32,
95.000000,148.000000,0.026917,1798258944.000000,0.646226,0,1
53,45,92,41,51,89,36,29,
345.000000,148.000000,0.019138,80375392.000000,0.111931,0,1
25,17,36,15,27,37,16,19,
335.000000,149.000000,0.021719,39517224.000000,0.139676,0,1
40,39,50,26,33,47,23,30,
393.000000,149.000000,0.014388,17289000.000000,0.045007,0,1
32,47,25,50,30,28,30,24,
472.000000,149.000000,0.021118,18583468.000000,0.078918,0,1
22,30,23,39,37,39,73,44,
242.000000,150.000000,0.017063,24934388.000000,0.251202,0,1
21,17,29,16,20,27,20,26,
469.000000,150.000000,0.021386,20651434.000000,0.075198,0,1
24,31,39,34,55,73,30,28,
263.000000,151.000000,0.022084,74380424.000000,0.290725,0,1
33,30,31,23,17,41,9,7,
382.000000,151.000000,0.017003,79673616.000000,0.055871,0,1
55,36,61,24,68,73,35,33,
409.000000,151.000000,0.015306,3537831.000000,0.036479,0,1
31,81,42,124,121,92,123,75,
658.000000,151.000000,0.106278,171827344.000000,0.783233,0,1
41,60,63,87,91,89,107,129,
673.000000,151.000000,0.115153,343545856.000000,1.224694,0,1
17,29,19,42,28,22,64,66,
689.000000,151.000000,0.121688,399624064.000000,1.339723,0,1
26,41,37,55,43,32,55,44,
316.000000,152.000000,0.015095,40153056.000000,0.176401,0,1
15,16,20,15,33,64,16,18,
434.000000,152.000000,0.018590,892093.500000,0.028015,0,1
39,26,23,22,25,21,21,19,
471.000000,152.000000,0.020028,13909454.000000,0.067268,0,1
73,37,44,28,29,29,27,25,
596.000000,152.000000,0.089559,1055370496.000000,0.743409,0,1
43,25,71,23,41,70,25,39,
661.000000,152.000000,0.109077,2397787648.000000,0.821397,0,1
41,89,33,122,90,53,131,118,
219.000000,153.000000,0.030585,269250528.000000,0.424213,0,1
13,14,13,42,27,12,31,7,
244.000000,153.000000,0.033019,29426244.000000,0.383135,0,1
26,27,18,18,20,17,12,7,
463.000000,153.000000,0.020838,9642815.000000,0.074675,0,1
46,68,41,34,48,31,27,26,
616.000000,153.000000,0.104001,156473888.000000,0.626307,0,1
19,29,15,32,19,14,28,18,
43.000000,154.000000,0.029457,3598150912.000000,0.801162,0,1
31,47,54,65,110,112,123,83,
95.000000,154.000000,0.023953,561743040.000000,0.595460,0,1
47,45,72,39,41,56,35,26,
680.000000,154.000000,0.117979,615082752.000000,0.986861,0,1
79,96,86,99,78,47,76,70,
668.000000,155.000000,0.112411,466071040.000000,0.880974,0,1
43,39,37,56,72,102,113,109,
689.000000,155.000000,0.121409,612380096.000000,1.062817,0,1
44,67,36,60,56,54,80,88,
489.000000,158.000000,0.022974,5699598.500000,0.098974,0,1
43,47,24,50,51,24,52,32,
607.000000,158.000000,0.093448,861715776.000000,0.520575,0,1
67,63,44,29,57,36,59,46,
672.000000,159.000000,0.113177,530130208.000000,0.904392,0,1
68,54,74,45,66,86,88,114,
100.000000,160.000000,0.028779,245667904.000000,0.685048,0,1
54,26,48,16,20,23,10,9,
142.000000,160.000000,0.068663,287665888.000000,1.087030,0,1
27,37,18,38,26,15,35,26,
414.000000,160.000000,0.002722,262987.218750,0.050449,0,1
15,16,16,18,19,19,24,24,
487.000000,160.000000,0.020061,15359762.000000,0.090780,0,1
50,28,52,21,25,32,25,29,
488.000000,160.000000,0.022502,13290529.000000,0.102805,0,1
64,41,50,23,29,35,25,29,
596.000000,160.000000,0.089479,872077696.000000,0.747129,0,1
38,23,66,22,38,66,22,36,
653.000000,160.000000,0.105494,3579439616.000000,0.760869,0,1
50,23,87,19,49,103,23,45,
670.000000,160.000000,0.112957,490899168.000000,0.895082,0,1
56,48,50,55,76,100,105,119,
672.000000,160.000000,0.113334,782117248.000000,0.906352,0,1
62,50,89,76,100,106,113,114,
683.000000,160.000000,0.119859,279278848.000000,1.021771,0,1
92,96,93,89,75,53,51,39,
696.000000,160.000000,0.124249,378122400.000000,0.817973,0,1
49,29,57,29,44,56,30,42,
450.000000,161.000000,0.019768,855112.875000,0.064642,0,1
18,23,23,28,29,26,30,33,
620.000000,163.000000,0.104054,155996880.000000,0.831444,0,1
15,14,20,14,22,38,15,22,
640.000000,163.000000,0.105735,20995544.000000,1.028548,0,1
15,16,15,28,20,15,32,24,
565.000000,164.000000,0.040468,51555152.000000,0.151242,0,1
199,171,187,158,153,176,145,135,
314.000000,165.000000,0.025965,29073226.000000,0.220115,0,1
22,16,28,12,23,28,15,21,
463.000000,165.000000,0.022871,1245386.750000,0.076794,0,1
31,32,28,40,35,26,40,43,
475.000000,165.000000,0.031252,4743355.500000,0.123810,0,1
27,30,18,34,32,18,31,32,
606.000000,165.000000,0.093412,13295490.000000,0.837627,0,1
23,23,27,44,34,31,68,57,
377.000000,166.000000,0.032794,1339759.500000,0.134131,0,1
26,22,25,27,29,37,31,27,
576.000000,166.000000,0.041344,489596032.000000,0.166881,0,1
19,64,22,131,75,26,137,135,
608.000000,166.000000,0.099854,304022208.000000,0.853839,0,1
31,32,30,69,36,30,46,32,
468.000000,167.000000,0.024075,2182289.000000,0.109257,0,1
18,24,24,36,32,34,40,36,
505.000000,167.000000,0.040270,76464992.000000,0.219121,0,1
18,26,13,29,19,13,25,21,
377.000000,168.000000,0.028512,1046609.125000,0.148231,0,1
29,31,35,29,27,25,24,27,
596.000000,168.000000,0.089415,723673920.000000,0.752604,0,1
36,21,60,20,35,61,21,33,
669.000000,168.000000,0.111919,532257696.000000,0.882887,0,1
99,92,94,61,76,76,74,56,
674.000000,168.000000,0.115493,215011680.000000,0.940023,0,1
91,87,79,69,67,69,71,64,
620.000000,169.000000,0.103961,155372544.000000,0.911907,0,1
22,16,29,15,21,33,16,21,
663.000000,169.000000,0.110689,614974592.000000,0.849308,0,1
73,83,81,102,105,74,114,106,
698.000000,169.000000,0.124965,284083872.000000,0.832273,0,1
55,38,60,31,48,54,35,41,
704.000000,169.000000,0.128300,28805728.000000,1.472235,0,1
50,47,48,41,42,45,33,37,
453.000000,171.000000,0.032098,1523682.125000,0.153455,0,1
40,34,35,30,29,29,24,22,
484.000000,171.000000,0.044280,4598286.000000,0.201374,0,1
32,24,30,18,24,25,14,12,
607.000000,171.000000,0.100772,596191552.000000,0.855567,0,1
36,57,32,59,44,28,49,38,
680.000000,171.000000,0.117403,489595648.000000,0.985297,0,1
53,67,49,55,54,43,63,57,
466.000000,174.000000,0.033805,4922586.500000,0.131580,0,1
23,20,20,27,27,29,45,49,
518.000000,174.000000,0.049256,323199328.000000,0.298572,0,1
56,26,66,23,47,67,26,36,
391.000000,175.000000,0.028112,9601040.000000,0.107480,0,1
30,29,24,26,30,21,39,41,
424.000000,175.000000,0.030701,20896092.000000,0.081471,0,1
20,19,18,18,19,18,52,56,
436.000000,175.000000,0.033971,13615956.000000,0.095321,0,1
20,18,18,19,21,19,36,40,
528.000000,175.000000,0.049181,1115298048.000000,0.143945,0,1
247,81,254,60,176,255,64,112,
631.000000,175.000000,0.105138,161630800.000000,0.988728,0,1
23,27,26,31,36,33,36,48,
632.000000,175.000000,0.105813,108866768.000000,0.998394,0,1
23,27,27,33,35,32,45,46,
438.000000,176.000000,0.031388,10106034.000000,0.090423,0,1
19,21,17,43,26,16,40,17,
527.000000,176.000000,0.048527,763556864.000000,0.320861,0,1
81,60,176,65,64,229,61,63,
699.000000,176.000000,0.125406,236538512.000000,0.841403,0,1
47,30,52,31,42,53,32,47,
410.000000,177.000000,0.032850,6667259.000000,0.079979,0,1
17,16,24,14,29,34,13,13,
668.000000,177.000000,0.112547,557799104.000000,0.890047,0,1
95,83,86,63,78,68,54,55,
383.000000,178.000000,0.036568,27361728.000000,0.142958,0,1
46,34,47,28,30,36,25,23,
384.000000,178.000000,0.036688,25037032.000000,0.139714,0,1
47,41,47,27,34,31,25,22,
422.000000,178.000000,0.036233,5728998.000000,0.099464,0,1
24,15,57,14,39,117,14,17,
425.000000,178.000000,0.036048,7995710.000000,0.099518,0,1
27,56,15,115,31,14,77,16,
454.000000,178.000000,0.025468,1903549.000000,0.094077,0,1
28,25,33,19,28,34,20,21,
359.000000,179.000000,0.040679,4100561.000000,0.210085,0,1
23,23,31,23,23,17,18,16,
467.000000,179.000000,0.036523,8916650.000000,0.150006,0,1
47,46,43,40,37,33,28,19,
608.000000,179.000000,0.099954,449226400.000000,0.865543,0,1
28,40,25,56,30,24,42,29,
657.000000,179.000000,0.106168,1003839488.000000,0.787806,0,1
90,64,94,30,63,94,42,56,
472.000000,180.000000,0.044672,8170297.500000,0.175538,0,1
27,28,22,22,18,15,15,14,
687.000000,180.000000,0.120025,130576624.000000,1.334933,0,1
33,27,27,36,36,45,64,73,
689.000000,180.000000,0.121011,282408352.000000,1.067383,0,1
33,27,36,36,45,60,72,62,
631.000000,182.000000,0.105802,304370560.000000,1.002363,0,1
56,38,50,31,36,33,27,23,
334.000000,184.000000,0.038840,687537.875000,0.099317,0,1
10,12,12,14,14,15,18,21,
661.000000,184.000000,0.107789,316536864.000000,0.820016,0,1
61,81,81,76,89,91,83,87,
692.000000,184.000000,0.122043,98424048.000000,0.795317,0,1
60,46,62,46,53,66,44,48,
608.000000,185.000000,0.100552,338990528.000000,0.885143,0,1
22,30,23,47,28,22,36,26,
344.000000,187.000000,0.046268,2729091.500000,0.314556,0,1
20,22,28,24,33,32,34,27,
504.000000,187.000000,0.043304,7027361.500000,0.256136,0,1
14,18,14,27,23,16,30,30,
654.000000,187.000000,0.105162,433128512.000000,1.105938,0,1
25,15,30,10,25,39,15,25,
342.000000,190.000000,0.048713,1675691.750000,0.328847,0,1
29,30,29,29,24,21,21,19,
665.000000,190.000000,0.110819,87648864.000000,0.868856,0,1
82,74,78,71,67,75,73,79,
672.000000,190.000000,0.112956,424260928.000000,0.916355,0,1
45,53,58,51,67,71,52,59,
495.000000,191.000000,0.043806,11065838.000000,0.193460,0,1
12,13,16,17,23,21,24,27,
527.000000,191.000000,0.050074,1254188288.000000,0.347676,0,1
46,43,76,40,56,209,48,94,
607.000000,191.000000,0.099807,379021888.000000,0.883859,0,1
36,48,26,44,36,21,35,31,
703.000000,191.000000,0.128420,72617520.000000,0.887093,0,1
51,56,52,58,51,41,46,42,
492.000000,192.000000,0.034977,3982312.500000,0.158498,0,1
13,15,17,17,18,24,19,20,
504.000000,192.000000,0.045099,20412502.000000,0.269218,0,1
29,29,23,28,25,17,27,24,
527.000000,192.000000,0.050350,1024683840.000000,0.349390,0,1
49,44,111,41,83,241,51,67,
528.000000,192.000000,0.050281,1249175552.000000,0.155807,0,1
76,56,209,48,174,255,94,101,
568.000000,192.000000,0.051794,139973408.000000,0.112469,0,1
255,249,239,226,171,185,140,131,
584.000000,192.000000,0.083297,722118656.000000,0.698358,0,1
22,40,18,65,21,19,27,19,
562.000000,193.000000,0.052170,152640032.000000,0.159176,0,1
255,240,244,169,184,190,122,105,
670.000000,193.000000,0.112902,895548928.000000,0.910845,0,1
57,71,48,75,59,58,72,66,
692.000000,193.000000,0.123190,45236760.000000,0.809516,0,1
55,58,51,55,47,43,49,50,
654.000000,194.000000,0.105014,491593952.000000,1.113225,0,1
25,17,31,10,25,39,18,25,
607.000000,195.000000,0.100997,260766800.000000,0.890005,0,1
31,39,23,49,39,20,50,39,
608.000000,196.000000,0.100770,161002480.000000,0.897568,0,1
23,39,20,50,26,19,39,24,
596.000000,197.000000,0.089065,988437056.000000,0.783677,0,1
38,26,63,24,38,69,26,37,
704.000000,197.000000,0.119685,5473895.500000,0.815493,0,1
51,51,50,45,45,48,39,34,
682.000000,198.000000,0.118222,206255248.000000,1.019168,0,1
57,62,55,63,52,48,66,62,
656.000000,199.000000,0.105289,258482192.000000,1.126892,0,1
39,33,46,28,41,52,35,42,
544.000000,200.000000,0.058094,700175168.000000,0.455272,0,1
124,83,57,56,47,43,42,32,
608.000000,200.000000,0.100464,247217280.000000,0.902344,0,1
24,25,21,44,24,20,40,26,
689.000000,200.000000,0.120874,288019008.000000,1.079763,0,1
63,47,63,44,51,66,49,57,
701.000000,200.000000,0.128900,12633657.000000,1.500785,0,1
42,39,38,49,41,36,55,56,
424.000000,203.000000,0.064252,1636121.500000,0.214368,0,1
20,22,16,25,21,13,25,23,
295.000000,204.000000,0.063781,3056886.500000,0.289219,0,1
7,7,8,11,14,17,20,23,
296.000000,204.000000,0.063774,2822334.000000,0.251189,0,1
7,8,9,12,15,19,21,23,
275.000000,206.000000,0.064486,8265190.000000,0.481996,0,1
5,7,7,14,15,15,20,22,
284.000000,206.000000,0.064717,8821008.000000,0.276970,0,1
7,7,8,17,17,16,21,26,
666.000000,206.000000,0.110318,77461032.000000,0.879494,0,1
82,75,82,65,74,83,62,67,
607.000000,207.000000,0.099372,377882368.000000,0.911405,0,1
39,46,25,47,40,22,46,39,
653.000000,207.000000,0.105284,693307904.000000,1.126017,0,1
26,13,35,11,26,40,14,27,
313.000000,208.000000,0.067609,1687509.000000,0.243936,0,1
36,33,33,33,29,23,26,22,
658.000000,208.000000,0.108032,243461136.000000,1.162013,0,1
35,44,50,48,53,62,52,50,
596.000000,210.000000,0.089118,774802880.000000,0.804563,0,1
30,24,68,23,32,68,24,33,
679.000000,210.000000,0.115612,329212256.000000,0.987911,0,1
75,73,70,72,55,67,63,55,
308.000000,211.000000,0.072001,2585936.000000,0.275109,0,1
30,30,30,28,27,22,23,19,
654.000000,212.000000,0.105859,401320160.000000,1.140176,0,1
40,28,41,16,42,49,29,44,
607.000000,213.000000,0.098806,288157728.000000,0.921801,0,1
38,46,25,46,37,21,45,37,
686.000000,214.000000,0.118616,157697232.000000,1.053514,0,1
61,68,51,71,60,47,72,71,
671.000000,215.000000,0.111980,521636736.000000,0.923224,0,1
76,75,70,77,61,65,66,46,
608.000000,217.000000,0.102323,105671200.000000,0.935267,0,1
25,36,20,46,25,18,35,24,
422.000000,218.000000,0.079155,1165054.000000,0.172311,0,1
16,19,15,21,18,14,21,20,
583.000000,218.000000,0.086387,87872032.000000,0.763018,0,1
15,17,14,19,26,17,37,46,
688.000000,219.000000,0.118998,265549680.000000,1.070920,0,1
70,63,66,63,54,63,42,49,
665.000000,221.000000,0.112889,50378212.000000,0.919281,0,1
50,49,51,66,63,56,67,69,
286.000000,222.000000,0.082261,4113278.000000,0.383670,0,1
14,17,19,22,25,29,27,29,
598.000000,222.000000,0.089346,90686712.000000,0.381981,0,1
65,54,51,27,53,46,31,33,
687.000000,222.000000,0.119451,309407776.000000,1.076216,0,1
42,57,49,69,57,58,68,63,
653.000000,223.000000,0.105704,222792048.000000,1.153366,0,1
30,15,37,11,26,42,12,11,
412.000000,224.000000,0.086438,1876863.000000,0.209654,0,1
17,16,16,16,16,13,13,12,
439.000000,224.000000,0.086622,8502696.000000,0.244406,0,1
16,13,24,10,13,14,10,11,
440.000000,224.000000,0.085596,14175484.000000,0.240913,0,1
17,20,16,11,15,13,11,11,
587.000000,224.000000,0.088449,205794352.000000,0.794080,0,1
56,50,37,24,50,29,26,32,
655.000000,224.000000,0.107327,53659728.000000,1.169701,0,1
38,34,47,18,34,48,13,12,
598.000000,227.000000,0.093318,25686736.000000,0.828901,0,1
37,27,38,24,28,40,30,38,
695.000000,228.000000,0.122935,147055088.000000,0.841070,0,1
63,58,54,59,45,47,52,40,
696.000000,230.000000,0.123587,128450344.000000,1.473535,0,1
41,39,39,53,39,48,54,59,
637.000000,231.000000,0.104564,108933816.000000,1.094920,0,1
16,16,16,17,17,17,25,47,
597.000000,233.000000,0.090428,16629748.000000,0.859043,0,1
27,19,25,17,27,26,20,33,
618.000000,233.000000,0.104714,282087008.000000,1.018213,0,1
17,19,18,45,48,46,75,83,
624.000000,233.000000,0.104256,195992672.000000,1.040398,0,1
17,20,20,48,46,45,58,53,
634.000000,233.000000,0.104044,321859552.000000,1.081607,0,1
17,24,25,44,46,46,58,58,
368.000000,235.000000,0.102325,4535996.500000,0.342483,0,1
28,33,26,40,30,25,35,26,
506.000000,237.000000,0.056031,11198954.000000,0.454242,0,1
45,29,56,23,40,52,24,26,
368.000000,240.000000,0.112241,1031104.250000,0.403364,0,1
23,27,23,34,27,24,28,22,
544.000000,240.000000,0.058945,2117430.500000,0.130748,0,1
48,42,40,38,36,33,37,37,
606.000000,240.000000,0.098192,7647734.000000,1.011528,0,1
27,26,24,26,26,19,25,23,
655.000000,240.000000,0.107323,24330478.000000,1.219288,0,1
38,32,41,20,26,39,18,19,
249.000000,242.000000,0.103741,100659600.000000,0.993893,0,1
19,18,18,20,20,21,39,27,
533.000000,242.000000,0.034247,23810880.000000,0.332458,0,1
55,51,52,47,48,46,44,41,
536.000000,242.000000,0.045519,24621316.000000,0.256866,0,1
48,50,45,47,43,40,42,38,
615.000000,242.000000,0.099869,3171772.500000,1.024585,0,1
29,25,31,19,23,28,19,18,
639.000000,242.000000,0.102659,42339172.000000,1.119278,0,1
25,24,24,19,19,20,14,13,
239.000000,244.000000,0.104787,131950824.000000,0.696173,0,1
21,30,32,27,26,25,14,13,
208.000000,245.000000,0.105215,67400728.000000,1.183509,0,1
20,30,29,15,15,16,12,12,
222.000000,245.000000,0.105246,53915052.000000,1.120102,0,1
26,25,24,16,15,14,12,13,
343.000000,247.000000,0.041026,26727380.000000,0.141261,0,1
32,29,35,24,30,48,22,24,
343.000000,248.000000,0.047138,12173020.000000,0.165950,0,1
31,26,34,21,25,41,22,27,
668.000000,256.000000,0.113867,374928.156250,1.425539,0,1
14,14,14,15,15,16,17,18,
229.000000,257.000000,0.121336,14849801.000000,1.222178,0,1
12,13,19,13,22,32,23,28,
529.000000,258.000000,0.076178,2644862.500000,0.709145,0,1
36,34,35,26,32,35,24,29,
522.000000,266.000000,0.049555,17024568.000000,0.527656,0,1
23,28,21,32,25,20,29,25,
503.000000,277.000000,0.057077,39101444.000000,0.538550,0,1
19,17,23,19,24,36,25,20,
169.000000,282.000000,0.143531,38426184.000000,1.518670,0,1
5,6,6,11,12,12,14,12,
559.000000,180.000000,0.047382,427981504.000000,0.244677,0,1
77,122,82,251,167,108,253,228,
569.000000,178.000000,0.046896,408594560.000000,0.186436,0,1
255,205,255,77,174,255,81,123,
563.000000,158.000000,0.038940,601170048.000000,0.142189,0,1
28,82,36,158,101,47,174,184,
552.000000,152.000000,0.035938,1379954816.000000,0.175838,0,1
68,164,87,250,177,108,251,253,
551.000000,152.000000,0.035763,1176994432.000000,0.173645,0,1
106,205,123,255,216,142,255,255,
428.000000,152.000000,0.015288,3368744.500000,0.023039,0,1
46,36,31,20,31,23,21,20,
552.000000,151.000000,0.035785,1459764736.000000,0.174822,0,1
35,106,44,205,123,57,216,230,
569.000000,145.000000,0.038676,286709440.000000,0.146319,0,1
184,154,172,41,102,155,34,28,
567.000000,144.000000,0.038124,333086656.000000,0.142049,0,1
203,169,196,43,107,173,34,30,
141.000000,144.000000,0.068761,1071129728.000000,1.085914,0,1
44,54,19,59,43,14,55,44,
538.000000,142.000000,0.032382,994251072.000000,0.244798,0,1
35,98,45,225,137,59,244,251,
558.000000,139.000000,0.035991,648634240.000000,0.125114,0,1
244,241,252,66,185,255,46,36,
432.000000,139.000000,0.016963,1084616.750000,0.011958,0,1
25,28,28,69,62,65,104,90,
528.000000,137.000000,0.030199,871461184.000000,0.210572,0,1
56,146,75,238,181,102,252,255,
561.000000,136.000000,0.034121,566778624.000000,0.120757,0,1
114,95,147,135,138,156,177,218,
551.000000,136.000000,0.034560,1013306752.000000,0.167422,0,1
255,172,253,51,114,236,40,35,
126.000000,136.000000,0.068095,628956096.000000,0.575421,0,1
41,24,54,23,38,34,23,32,
528.000000,135.000000,0.029853,717056192.000000,0.209443,0,1
29,44,30,113,56,33,146,181,
523.000000,134.000000,0.028806,917263488.000000,0.193120,0,1
47,112,60,209,142,81,242,253,
127.000000,128.000000,0.068700,5492709376.000000,0.580088,0,1
78,126,43,121,75,27,115,73,
501.000000,247.000000,0.029512,3727802.250000,0.228933,0,1
32,21,41,15,24,40,17,20,
519.000000,184.000000,0.049506,317388800.000000,0.313274,0,1
54,30,77,25,53,80,28,24,
656.000000,109.000000,0.150908,84292128.000000,1.301912,0,1
53,52,46,41,26,22,24,21,
566.000000,176.000000,0.045262,304405440.000000,0.175140,0,1
255,176,255,79,150,255,73,73,
565.000000,175.000000,0.045208,479138688.000000,0.173484,0,1
255,198,255,85,176,255,79,73,
550.000000,173.000000,0.043912,959890368.000000,0.211178,0,1
97,182,94,255,161,90,255,253,
557.000000,169.000000,0.042704,742787328.000000,0.215142,0,1
255,182,254,90,160,252,86,84,
543.000000,168.000000,0.041648,706954624.000000,0.189526,0,1
112,234,112,255,233,119,255,255,
543.000000,167.000000,0.041774,737532032.000000,0.319381,0,1
100,165,97,255,166,97,255,255,
552.000000,165.000000,0.041364,463495168.000000,0.200692,0,1
255,215,255,112,187,252,106,98,
549.000000,163.000000,0.040672,447609664.000000,0.192837,0,1
255,213,254,127,188,253,117,107,
568.000000,159.000000,0.039096,307509536.000000,0.362013,0,1
17,21,16,59,24,17,73,89,
543.000000,159.000000,0.039178,286498208.000000,0.177167,0,1
255,225,255,148,191,251,139,129,
242.000000,110.000000,0.148208,3887310.000000,1.053091,0,1
29,28,29,24,24,24,19,25,
512.000000,154.000000,0.041557,154313472.000000,0.097425,0,1
255,179,255,40,153,245,38,38,
534.000000,153.000000,0.035749,319771552.000000,0.150597,0,1
255,217,255,178,204,255,176,170,
279.000000,111.000000,0.149287,7875118.000000,0.848815,0,1
29,24,24,23,22,22,32,34,
532.000000,151.000000,0.035073,264521360.000000,0.145243,0,1
255,242,255,190,231,255,184,178,
519.000000,145.000000,0.032926,130033768.000000,0.209453,0,1
209,216,204,252,224,198,255,254,
278.000000,145.000000,0.034403,224218256.000000,0.128987,0,1
22,31,14,41,32,13,42,25,
287.000000,113.000000,0.150279,24233406.000000,0.802328,0,1
21,35,38,33,32,35,14,13,
293.000000,113.000000,0.150244,22235558.000000,0.769099,0,1
20,41,40,35,36,33,15,13,
207.000000,114.000000,0.149839,9801031.000000,1.266941,0,1
21,30,29,26,26,26,16,12,
215.000000,114.000000,0.150355,14647340.000000,1.219952,0,1
21,28,29,25,24,25,13,11,
231.000000,114.000000,0.149980,28533932.000000,1.117745,0,1
19,31,34,19,22,22,13,12,
253.000000,114.000000,0.150354,17350678.000000,0.999415,0,1
30,34,33,21,20,20,13,12,
261.000000,114.000000,0.151337,20877092.000000,0.954826,0,1
31,32,34,19,20,20,12,10,
271.000000,114.000000,0.151831,17953874.000000,0.899160,0,1
32,34,35,19,19,19,12,9,
133.000000,115.000000,0.151694,5704711.000000,1.706583,0,1
22,28,27,24,23,23,13,11,
136.000000,115.000000,0.152176,10779036.000000,1.687388,0,1
21,28,28,23,24,22,13,11,
168.000000,115.000000,0.151477,10035048.000000,1.498844,0,1
24,28,28,20,19,19,11,12,
189.000000,115.000000,0.150512,10921049.000000,1.371564,0,1
29,31,29,15,15,15,13,12,
561.000000,133.000000,0.033695,869398144.000000,0.119276,0,1
108,79,142,84,111,157,87,120,
146.000000,69.000000,0.152317,14046925.000000,1.150800,0,1
11,13,12,16,16,16,22,20,
192.000000,115.000000,0.150507,11149113.000000,1.358299,0,1
28,29,27,15,15,15,13,12,
683.000000,120.000000,0.124048,26750494.000000,1.073588,0,1
59,46,41,32,28,22,24,21,
617.000000,109.000000,0.149861,103461824.000000,1.073077,0,1
56,75,73,57,53,50,26,20,
497.000000,179.000000,0.041810,74103008.000000,0.130148,0,1
26,19,38,22,31,51,22,22,
526.000000,168.000000,0.048658,790868608.000000,0.137328,0,1
234,67,255,61,137,255,60,71,
526.000000,167.000000,0.047861,728835520.000000,0.134498,0,1
255,127,255,60,179,255,63,93,
327.000000,162.000000,0.023941,25383680.000000,0.058888,0,1
39,27,41,27,34,44,33,29,
519.000000,160.000000,0.041883,86533808.000000,0.063118,0,1
254,191,255,39,184,255,38,41,
681.000000,151.000000,0.117680,182195904.000000,0.986723,0,1
19,30,24,50,46,54,79,86,
516.000000,143.000000,0.031636,130273088.000000,0.074969,0,1
223,242,208,242,232,204,241,239,
340.000000,148.000000,0.017615,56991908.000000,0.036233,0,1
38,47,35,58,53,19,61,32,
