# timestamp
1608635233064046592

# fx, fy, cx, cy, width, height, npoints
501.485779,501.475342,421.782745,167.665970,800,400,692

# camToWorld: translation vector, rotation quaternion
-27.259916,36.448876,7.140921,-0.238415,0.685888,-0.639412,0.252722

# Exposure time (ms)
0.272958

# GPS Data
# GPSData: Covariance matrix
0.000013,0.000000,0.000000,0.000000,0.000019,0.000000,0.000000,0.000000,0.000054

# GPSData: GPS point
44.871990,16.419265,6.311657

# Point Cloud Data : 
# u,v,idepth_scaled,idepth_hessian,maxRelBaseline,numGoodRes,status 
# color information 
742.000000,58.000000,0.013225,166074048.000000,0.170427,0,1
72,68,73,63,68,73,63,68,
742.000000,79.000000,0.014424,97626832.000000,0.132650,0,1
50,50,48,47,44,49,36,44,
745.000000,91.000000,0.013610,52703000.000000,0.124138,0,1
65,66,60,65,58,56,56,53,
746.000000,118.000000,0.003855,177722768.000000,0.037210,0,1
44,39,51,39,49,60,46,51,
725.000000,201.000000,0.088977,55627628.000000,0.507839,0,1
23,16,29,13,23,31,16,24,
458.000000,298.000000,0.169454,3020764.000000,2.437534,0,1
61,57,60,49,54,59,42,52,
736.000000,54.000000,0.012849,157009248.000000,0.180281,0,1
74,71,75,70,70,77,63,65,
729.000000,59.000000,0.013056,266706592.000000,0.175556,0,1
75,70,71,68,66,66,59,59,
716.000000,61.000000,0.013557,213177760.000000,0.189247,0,1
67,66,68,60,61,67,54,51,
706.000000,62.000000,0.012964,212855968.000000,0.194540,0,1
66,62,65,56,57,60,57,55,
708.000000,62.000000,0.012907,264453584.000000,0.191044,0,1
71,65,69,57,60,62,52,55,
737.000000,62.000000,0.013221,77235912.000000,0.163598,0,1
67,63,64,58,64,59,61,58,
710.000000,63.000000,0.013689,263889424.000000,0.193732,0,1
67,65,60,54,56,55,56,46,
725.000000,63.000000,0.013545,232567072.000000,0.173974,0,1
61,58,52,53,51,52,49,46,
734.000000,73.000000,0.013469,79833472.000000,0.141326,0,1
47,47,53,49,48,62,46,50,
735.000000,73.000000,0.013659,104863608.000000,0.141154,0,1
48,44,59,46,58,61,48,58,
707.000000,74.000000,0.014102,38152584.000000,0.175857,0,1
56,50,55,44,50,49,45,45,
726.000000,74.000000,0.015488,91807616.000000,0.159758,0,1
47,46,50,50,50,55,51,56,
698.000000,76.000000,0.013704,99946184.000000,0.183657,0,1
55,56,51,59,57,45,57,50,
728.000000,78.000000,0.014940,149630304.000000,0.143241,0,1
53,51,57,42,54,58,47,54,
718.000000,79.000000,0.014119,73083936.000000,0.147373,0,1
58,56,52,50,53,39,51,43,
714.000000,86.000000,0.013506,204214528.000000,0.132676,0,1
43,51,40,56,54,45,61,60,
725.000000,86.000000,0.013347,75254392.000000,0.116555,0,1
50,44,52,43,47,58,42,48,
696.000000,90.000000,0.013710,74903944.000000,0.159315,0,1
55,46,56,43,47,57,42,40,
706.000000,95.000000,0.013153,64778292.000000,0.125814,0,1
44,44,44,48,50,40,57,61,
728.000000,95.000000,0.013250,84520576.000000,0.108641,0,1
53,47,48,53,41,51,45,37,
707.000000,96.000000,0.013009,103341552.000000,0.122314,0,1
44,50,40,57,56,48,61,59,
714.000000,96.000000,0.014065,145949408.000000,0.115031,0,1
45,49,39,56,47,34,55,47,
739.000000,96.000000,0.012998,31009982.000000,0.114047,0,1
63,61,63,57,58,56,53,48,
722.000000,98.000000,0.013680,220421408.000000,0.106433,0,1
39,33,52,28,44,55,34,39,
708.000000,99.000000,0.014246,131000864.000000,0.121261,0,1
51,59,44,57,46,39,49,41,
714.000000,99.000000,0.014671,78872768.000000,0.111680,0,1
50,52,40,42,37,35,34,34,
739.000000,99.000000,0.013920,58880280.000000,0.120409,0,1
49,50,52,50,52,64,54,62,
729.000000,104.000000,0.013991,152401392.000000,0.112341,0,1
44,41,55,39,53,58,51,57,
721.000000,109.000000,0.016405,47408120.000000,0.084678,0,1
32,25,42,30,36,46,34,42,
723.000000,112.000000,0.013531,131427640.000000,0.103048,0,1
44,50,35,41,35,38,39,33,
741.000000,113.000000,0.001908,133981648.000000,0.018375,0,1
62,62,53,60,56,47,52,45,
713.000000,114.000000,0.007009,50145236.000000,0.052492,0,1
38,31,48,27,42,52,31,41,
699.000000,116.000000,0.004362,215124832.000000,0.046577,0,1
48,42,58,39,50,63,42,42,
731.000000,120.000000,0.004394,217118432.000000,0.038790,0,1
48,40,51,38,47,57,36,36,
698.000000,123.000000,0.006791,104932912.000000,0.066773,0,1
36,45,46,35,41,38,27,22,
713.000000,124.000000,0.012646,102567432.000000,0.088559,0,1
35,31,45,20,38,39,23,30,
712.000000,128.000000,0.013320,156165520.000000,0.091639,0,1
24,23,35,25,32,42,24,32,
715.000000,129.000000,0.013896,113222672.000000,0.097684,0,1
41,42,33,37,36,26,34,34,
740.000000,129.000000,0.004991,137105200.000000,0.046317,0,1
53,49,44,36,33,27,22,15,
702.000000,132.000000,0.008872,41356884.000000,0.075648,0,1
28,29,23,37,27,19,32,27,
727.000000,134.000000,0.004576,282497696.000000,0.038707,0,1
21,32,16,36,24,18,32,30,
721.000000,146.000000,0.003941,85759856.000000,0.037070,0,1
30,20,30,16,21,32,18,22,
738.000000,147.000000,0.018574,31695888.000000,0.152481,0,1
40,41,42,37,37,36,28,27,
706.000000,165.000000,0.088624,4868153.000000,0.377057,0,1
19,19,18,21,24,25,47,30,
672.000000,166.000000,0.081050,8515838.000000,0.259787,0,1
19,21,21,43,39,24,45,26,
692.000000,167.000000,0.083603,19279024.000000,0.326664,0,1
18,26,45,18,32,41,19,18,
711.000000,174.000000,0.097496,1885641.875000,0.432759,0,1
12,16,15,22,21,21,27,26,
716.000000,174.000000,0.094104,2578871.750000,0.437242,0,1
15,16,17,22,23,22,28,26,
684.000000,178.000000,0.089284,10823738.000000,0.486601,0,1
17,20,23,22,28,34,22,29,
689.000000,180.000000,0.086973,21982682.000000,0.471001,0,1
22,32,21,37,24,18,33,25,
689.000000,186.000000,0.086143,47123308.000000,0.371243,0,1
24,34,17,38,23,11,33,23,
216.000000,190.000000,0.118127,4585257.500000,8.150417,0,1
19,18,32,16,28,37,20,26,
418.000000,192.000000,0.054231,132616376.000000,2.699924,0,1
23,22,38,20,27,30,21,25,
684.000000,192.000000,0.087305,33539890.000000,0.554117,0,1
29,20,34,19,28,38,21,29,
696.000000,193.000000,0.090116,5444709.000000,0.515014,0,1
11,12,13,15,19,19,21,23,
700.000000,194.000000,0.083244,2565394.500000,0.412817,0,1
12,17,13,23,17,13,22,17,
689.000000,197.000000,0.087683,32107724.000000,0.560920,0,1
28,36,21,40,29,21,37,31,
684.000000,202.000000,0.088046,38730908.000000,0.412699,0,1
26,13,34,10,20,39,14,20,
670.000000,206.000000,0.088587,3357308.000000,0.691332,0,1
25,23,24,18,18,18,14,14,
714.000000,207.000000,0.085146,7451269.000000,0.540149,0,1
27,33,32,20,20,22,11,11,
693.000000,214.000000,0.086882,141150416.000000,0.467995,0,1
26,27,34,43,45,47,63,59,
662.000000,221.000000,0.089636,33859116.000000,0.813369,0,1
58,57,59,52,54,54,49,52,
665.000000,221.000000,0.089461,33870444.000000,0.799398,0,1
58,58,59,54,54,54,49,50,
718.000000,221.000000,0.097306,100834160.000000,0.320523,0,1
59,58,84,53,78,96,70,94,
668.000000,224.000000,0.096111,55379536.000000,0.816850,0,1
49,49,51,53,54,55,57,60,
672.000000,224.000000,0.095639,50769812.000000,0.798540,0,1
50,51,52,55,54,55,58,61,
713.000000,229.000000,0.105371,97836032.000000,0.342486,0,1
55,53,78,55,75,95,71,94,
706.000000,237.000000,0.114785,142967008.000000,0.651164,0,1
60,59,64,56,62,91,59,72,
708.000000,237.000000,0.113698,130848184.000000,0.364711,0,1
66,64,92,62,91,108,83,103,
707.000000,238.000000,0.114688,123438528.000000,0.366792,0,1
64,62,91,59,83,109,72,98,
706.000000,239.000000,0.115903,117688168.000000,0.369838,0,1
62,59,83,56,72,103,70,99,
715.000000,239.000000,0.117044,121450688.000000,0.380940,0,1
107,110,81,113,89,65,100,73,
700.000000,248.000000,0.125061,96164952.000000,0.393474,0,1
66,65,86,63,77,104,71,93,
710.000000,248.000000,0.126330,112083048.000000,0.405871,0,1
104,110,81,108,87,66,97,72,
660.000000,250.000000,0.123759,4110477.750000,1.064800,0,1
64,64,65,61,63,63,58,56,
706.000000,255.000000,0.133892,114176984.000000,0.425893,0,1
98,105,78,109,88,65,97,71,
694.000000,258.000000,0.135505,94142184.000000,0.419726,0,1
65,61,89,64,83,104,77,92,
693.000000,260.000000,0.137980,94249184.000000,0.426220,0,1
68,65,89,63,83,97,81,100,
644.000000,263.000000,0.137279,3016083.750000,0.376503,0,1
80,85,88,74,77,82,64,62,
701.000000,263.000000,0.142382,109197680.000000,0.447156,0,1
103,110,84,110,96,67,102,76,
668.000000,264.000000,0.138566,6815636.000000,0.400328,0,1
60,70,66,86,91,91,84,68,
663.000000,265.000000,0.140134,4909891.000000,0.397732,0,1
78,86,88,73,81,83,61,56,
685.000000,265.000000,0.141609,3891726.250000,0.430440,0,1
58,62,59,71,71,67,85,84,
665.000000,266.000000,0.140885,4207717.500000,0.403982,0,1
88,81,83,62,62,66,58,58,
672.000000,266.000000,0.142666,6188976.000000,0.417293,0,1
85,97,93,73,79,80,63,60,
691.000000,266.000000,0.142396,32937050.000000,0.438905,0,1
88,81,95,72,92,99,80,72,
685.000000,267.000000,0.142975,5941394.500000,0.432349,0,1
71,85,88,82,84,89,64,60,
707.000000,267.000000,0.144174,3399784.000000,0.462019,0,1
57,58,57,68,66,63,87,84,
699.000000,269.000000,0.146404,65388108.000000,0.855386,0,1
95,94,90,71,73,74,59,59,
632.000000,272.000000,0.148145,21475668.000000,1.392797,0,1
64,62,62,61,60,60,57,54,
166.000000,48.000000,0.002942,1849334.375000,0.016870,0,1
93,94,94,96,96,95,99,102,
170.000000,48.000000,0.001554,2389153.500000,0.023008,0,1
93,95,95,95,96,96,100,103,
105.000000,53.000000,0.002909,4016674.000000,0.010102,0,1
100,103,103,108,108,107,114,115,
148.000000,54.000000,0.002537,1793735.625000,0.014272,0,1
98,100,101,105,104,103,108,109,
683.000000,62.000000,0.012644,230286064.000000,0.230406,0,1
75,75,70,74,68,65,66,59,
688.000000,62.000000,0.013173,299005408.000000,0.227339,0,1
76,72,74,69,69,68,63,55,
682.000000,63.000000,0.012440,272206624.000000,0.227878,0,1
75,74,68,73,66,61,67,63,
688.000000,63.000000,0.013551,433317216.000000,0.229625,0,1
73,70,68,64,61,60,57,53,
230.000000,68.000000,0.001487,1347351.625000,0.004433,0,1
102,103,102,101,101,100,96,93,
678.000000,68.000000,0.013082,331778560.000000,0.234010,0,1
72,73,65,72,66,61,65,59,
138.000000,70.000000,0.008375,1315897.750000,0.028649,0,1
113,112,113,110,110,109,108,105,
677.000000,71.000000,0.013235,352618432.000000,0.232315,0,1
65,69,59,72,64,56,70,66,
81.000000,75.000000,0.013271,2090197.250000,0.049007,0,1
107,104,105,100,102,101,96,94,
668.000000,80.000000,0.011399,17503766.000000,0.214075,0,1
74,74,74,74,74,74,74,76,
690.000000,81.000000,0.013122,82640136.000000,0.183568,0,1
45,45,51,51,49,56,55,57,
679.000000,83.000000,0.012970,108229840.000000,0.202188,0,1
56,59,53,63,56,51,69,69,
683.000000,85.000000,0.013632,85020960.000000,0.196375,0,1
60,55,60,55,64,67,60,65,
140.000000,88.000000,0.006445,1220811.500000,0.020676,0,1
89,88,87,85,85,85,80,79,
162.000000,88.000000,0.001246,1285476.250000,0.024298,0,1
88,84,83,81,80,80,78,76,
685.000000,91.000000,0.012074,97723952.000000,0.167460,0,1
64,70,58,73,64,56,70,68,
79.000000,92.000000,0.038705,85520144.000000,14.063355,0,1
51,49,48,39,40,40,30,34,
520.000000,92.000000,0.000435,490346208.000000,0.025455,0,1
76,73,75,69,70,77,69,76,
641.000000,94.000000,0.006761,392148192.000000,0.175887,0,1
64,59,58,58,58,57,56,51,
546.000000,96.000000,0.007442,3497979392.000000,0.427394,0,1
79,78,70,76,71,59,65,62,
579.000000,96.000000,0.007425,112668832.000000,0.230772,0,1
84,78,83,73,75,80,70,67,
514.000000,97.000000,0.001556,12270817280.000000,0.137879,0,1
62,57,65,53,67,74,63,68,
544.000000,97.000000,0.007504,1368220416.000000,0.437365,0,1
79,75,74,68,69,59,57,59,
560.000000,97.000000,0.008177,358298400.000000,0.415923,0,1
83,77,83,66,79,80,67,68,
571.000000,97.000000,0.006296,209424256.000000,0.312025,0,1
88,86,81,83,82,73,81,73,
608.000000,97.000000,0.005862,244091904.000000,0.213941,0,1
76,81,71,78,75,64,76,69,
628.000000,97.000000,0.007418,251253312.000000,0.214067,0,1
59,65,58,64,56,51,57,51,
65.000000,98.000000,0.053067,5834336.500000,0.216354,0,1
34,28,26,25,21,18,21,18,
621.000000,98.000000,0.008474,251572144.000000,0.262441,0,1
61,58,70,61,62,66,55,56,
637.000000,98.000000,0.008438,58521004.000000,0.244355,0,1
51,45,55,48,49,48,45,41,
144.000000,100.000000,0.005156,798897.000000,0.019721,0,1
69,66,66,63,63,63,61,57,
538.000000,100.000000,0.003104,14768791.000000,0.015443,0,1
76,76,66,74,62,50,55,40,
539.000000,100.000000,0.001309,8240143360.000000,0.098402,0,1
72,73,59,69,56,50,47,34,
666.000000,100.000000,0.010534,84893496.000000,0.183512,0,1
53,48,55,44,48,50,42,42,
122.000000,101.000000,0.033540,550727808.000000,10.584259,0,1
29,28,33,38,44,49,51,53,
116.000000,102.000000,0.032929,27947950.000000,0.151222,0,1
26,26,29,33,39,45,46,51,
584.000000,102.000000,0.008321,166859568.000000,0.344374,0,1
74,65,70,57,63,68,55,55,
603.000000,102.000000,0.005549,406114816.000000,0.211677,0,1
73,66,68,63,60,62,53,52,
635.000000,102.000000,0.009009,101179240.000000,0.229807,0,1
47,43,43,39,43,35,36,33,
110.000000,103.000000,0.033919,11507401728.000000,11.371963,0,1
22,23,26,29,36,42,46,49,
571.000000,105.000000,0.007605,334716832.000000,0.356666,0,1
61,47,53,45,48,49,40,40,
579.000000,105.000000,0.005341,568682432.000000,0.259564,0,1
58,57,53,54,52,45,52,44,
608.000000,105.000000,0.008107,323016896.000000,0.273005,0,1
57,52,52,49,49,49,42,40,
626.000000,105.000000,0.008768,517710976.000000,0.244689,0,1
45,48,37,48,42,36,41,36,
52.000000,106.000000,0.050905,37960772.000000,0.213901,0,1
24,22,29,21,26,31,23,27,
264.000000,106.000000,0.009152,926693.687500,0.021207,0,1
69,68,68,69,71,72,75,81,
286.000000,106.000000,0.002082,1394337.125000,0.014943,0,1
71,73,74,80,79,81,88,88,
548.000000,106.000000,0.007232,1361329664.000000,0.407837,0,1
63,63,56,53,56,49,52,49,
614.000000,106.000000,0.010305,520014080.000000,0.314627,0,1
44,40,50,39,45,53,41,43,
667.000000,109.000000,0.008883,76497584.000000,0.089125,0,1
38,39,46,39,52,59,44,57,
678.000000,109.000000,0.002353,309525184.000000,0.040876,0,1
58,58,50,57,53,39,49,46,
194.000000,110.000000,0.015376,806267.875000,0.031838,0,1
61,63,63,64,65,65,70,74,
502.000000,110.000000,0.007084,2051649408.000000,0.552789,0,1
64,62,62,60,58,58,57,53,
588.000000,110.000000,0.006129,359880416.000000,0.258913,0,1
49,43,53,43,52,51,48,52,
657.000000,110.000000,0.020096,78485992.000000,0.298889,0,1
39,44,34,50,43,37,47,48,
685.000000,110.000000,0.008725,36800492.000000,0.061981,0,1
39,41,51,38,45,50,41,43,
688.000000,110.000000,0.005656,370742976.000000,0.075575,0,1
47,51,46,52,45,37,44,38,
583.000000,111.000000,0.007723,36201092.000000,0.047853,0,1
40,37,46,36,41,45,36,37,
599.000000,111.000000,0.006835,1221406336.000000,0.170848,0,1
42,48,38,53,46,37,51,47,
649.000000,111.000000,0.010162,425595744.000000,0.208868,0,1
45,51,43,50,46,43,45,34,
52.000000,112.000000,0.050505,26717958.000000,0.211376,0,1
27,25,32,26,28,34,26,27,
648.000000,112.000000,0.010059,338887200.000000,0.208497,0,1
51,50,46,43,45,37,41,35,
679.000000,112.000000,0.002641,261929968.000000,0.046326,0,1
46,46,39,48,37,34,40,34,
651.000000,113.000000,0.009611,651913600.000000,0.194437,0,1
43,37,51,34,46,53,36,46,
341.000000,115.000000,0.014284,1356987904.000000,2.294630,0,1
76,73,71,66,66,65,61,58,
495.000000,115.000000,0.005305,1209577472.000000,0.183069,0,1
61,63,61,67,68,63,78,77,
56.000000,116.000000,0.039326,2267046656.000000,16.336697,0,1
31,36,30,33,32,31,36,34,
497.000000,116.000000,0.004408,9394790400.000000,0.388970,0,1
61,67,61,79,71,61,76,72,
618.000000,116.000000,0.008151,2516276736.000000,0.245195,0,1
41,50,37,50,44,34,46,44,
518.000000,117.000000,0.002514,32151740.000000,0.011047,0,1
45,56,44,63,44,52,59,44,
530.000000,117.000000,0.006696,4796815872.000000,0.435281,0,1
54,52,60,48,59,65,49,64,
594.000000,117.000000,0.000586,293564704.000000,0.030800,0,1
62,56,58,49,49,57,44,44,
115.000000,118.000000,0.031627,11058702.000000,0.148078,0,1
75,76,77,72,81,81,88,95,
455.000000,118.000000,0.004352,290735328.000000,0.239758,0,1
59,62,62,66,66,67,72,82,
554.000000,118.000000,0.007424,1482508672.000000,0.271749,0,1
41,42,51,39,56,48,46,64,
573.000000,118.000000,0.005218,44028428.000000,0.030595,0,1
51,56,45,56,45,36,40,31,
605.000000,118.000000,0.005030,439069440.000000,0.187711,0,1
41,38,44,38,40,47,36,35,
549.000000,119.000000,0.006296,51161816.000000,0.054517,0,1
59,46,54,40,39,47,33,32,
569.000000,119.000000,0.007030,1626071936.000000,0.335678,0,1
41,39,53,38,41,46,33,36,
645.000000,119.000000,0.008755,118596880.000000,0.194781,0,1
44,37,48,31,36,37,27,23,
450.000000,120.000000,0.004343,11639402.000000,0.169612,0,1
65,71,71,81,82,83,90,89,
457.000000,120.000000,0.004585,1584198.500000,0.013556,0,1
67,72,72,82,82,81,90,89,
606.000000,120.000000,0.005238,1779172608.000000,0.192137,0,1
47,37,51,36,43,55,33,33,
609.000000,120.000000,0.008014,1045406080.000000,0.263149,0,1
51,52,40,50,49,36,56,50,
622.000000,120.000000,0.008406,205999760.000000,0.240214,0,1
39,35,39,35,36,35,29,31,
583.000000,121.000000,0.006370,3629842176.000000,0.276831,0,1
40,38,49,35,41,52,31,31,
434.000000,123.000000,0.005192,4701369856.000000,0.466044,0,1
82,86,82,81,72,79,68,50,
675.000000,123.000000,0.004649,116382376.000000,0.022411,0,1
58,65,46,70,56,39,58,30,
238.000000,124.000000,0.021262,5168090624.000000,4.838249,0,1
65,65,65,68,68,68,69,73,
404.000000,124.000000,0.008808,6862754816.000000,1.185404,0,1
79,81,78,78,71,65,74,71,
664.000000,124.000000,0.008272,37918616.000000,0.041739,0,1
27,27,31,34,35,49,34,35,
670.000000,124.000000,0.005381,45692508.000000,0.027215,0,1
57,56,67,50,58,64,42,36,
689.000000,124.000000,0.004690,31001838.000000,0.060726,0,1
33,29,36,25,28,33,20,20,
265.000000,125.000000,0.009785,901800.125000,0.021235,0,1
63,64,64,67,68,65,77,90,
314.000000,125.000000,0.004898,1272166.375000,0.026684,0,1
63,64,63,68,68,69,77,96,
315.000000,125.000000,0.002147,1101111.000000,0.038349,0,1
64,65,65,68,67,68,78,94,
365.000000,125.000000,0.014620,3441002752.000000,2.035568,0,1
73,75,74,72,72,73,65,63,
529.000000,125.000000,0.005683,1402108544.000000,0.384360,0,1
48,42,56,30,49,52,31,39,
592.000000,125.000000,0.001610,1477617536.000000,0.077848,0,1
33,36,30,40,34,32,43,46,
531.000000,126.000000,0.004334,62749792.000000,0.052656,0,1
53,53,50,38,44,33,43,31,
595.000000,126.000000,0.003345,1076254464.000000,0.095205,0,1
40,32,54,38,42,54,36,44,
619.000000,126.000000,0.004734,506088192.000000,0.155863,0,1
36,43,32,41,37,26,37,36,
515.000000,127.000000,0.006117,1556917248.000000,0.447760,0,1
43,46,39,41,37,34,36,28,
614.000000,127.000000,0.008806,199938640.000000,0.269478,0,1
39,34,40,28,38,41,26,26,
299.000000,130.000000,0.001665,8772581.000000,0.007883,0,1
82,86,91,93,101,112,125,136,
497.000000,130.000000,0.004928,3890068480.000000,0.167580,0,1
38,46,32,58,41,32,53,40,
569.000000,130.000000,0.006507,226731584.000000,0.314575,0,1
38,27,36,22,23,26,19,19,
665.000000,130.000000,0.005536,348768480.000000,0.101452,0,1
30,29,35,22,35,42,26,30,
520.000000,131.000000,0.006786,1149005312.000000,0.473222,0,1
25,23,31,20,29,27,20,23,
664.000000,131.000000,0.005409,354006880.000000,0.101038,0,1
29,22,35,20,26,43,21,22,
54.000000,132.000000,0.049525,35790360.000000,17.273180,0,1
31,30,35,29,31,37,29,29,
490.000000,132.000000,0.004320,4021602560.000000,0.274656,0,1
71,73,66,65,68,64,64,45,
540.000000,132.000000,0.002230,314768192.000000,0.156016,0,1
26,41,27,38,32,24,39,30,
673.000000,132.000000,0.009160,43288092.000000,0.076212,0,1
47,45,43,35,35,30,24,15,
271.000000,133.000000,0.002043,31581964.000000,0.001698,0,1
74,52,101,63,106,131,98,153,
481.000000,133.000000,0.002182,556544192.000000,0.089542,0,1
64,41,49,32,35,36,27,26,
538.000000,133.000000,0.004487,1317154560.000000,0.295537,0,1
43,32,42,23,30,32,33,34,
382.000000,134.000000,0.003155,2899231.500000,0.008160,0,1
81,76,82,67,69,72,54,53,
491.000000,134.000000,0.002429,3434204928.000000,0.161999,0,1
66,59,67,49,56,54,31,25,
450.000000,135.000000,0.002081,1092086400.000000,0.107897,0,1
63,48,55,45,43,48,32,28,
462.000000,135.000000,0.001795,645418816.000000,0.085411,0,1
78,71,76,60,59,68,43,31,
470.000000,135.000000,0.002825,1204630912.000000,0.317262,0,1
70,53,59,47,43,30,34,22,
558.000000,135.000000,0.006917,180856128.000000,0.127238,0,1
31,31,47,32,41,28,21,18,
560.000000,135.000000,0.007169,281621600.000000,0.128579,0,1
34,47,29,41,28,17,26,16,
283.000000,137.000000,0.001489,71443968.000000,0.004309,0,1
143,93,142,64,137,106,62,70,
438.000000,137.000000,0.012655,978615616.000000,0.962864,0,1
55,48,51,34,39,39,25,24,
140.000000,139.000000,0.003014,294695232.000000,0.016693,0,1
239,211,245,129,196,197,127,93,
290.000000,139.000000,0.001521,18624944.000000,0.003798,0,1
97,74,116,60,79,102,54,50,
336.000000,139.000000,0.011053,2102079.000000,0.016657,0,1
132,111,109,79,77,71,50,46,
594.000000,139.000000,0.006813,86174976.000000,0.264421,0,1
24,21,28,23,32,31,26,24,
685.000000,139.000000,0.006430,29074224.000000,0.086263,0,1
30,29,34,24,27,28,19,17,
282.000000,140.000000,0.002846,12926096.000000,0.006224,0,1
62,44,70,38,48,62,37,40,
290.000000,140.000000,0.001160,17601372.000000,0.003306,0,1
90,63,112,49,64,80,43,41,
469.000000,141.000000,0.000596,56751316.000000,0.014174,0,1
24,25,28,29,34,35,40,35,
486.000000,141.000000,0.002238,2276828160.000000,0.230711,0,1
23,27,25,37,36,25,37,29,
577.000000,141.000000,0.004071,144704320.000000,0.201577,0,1
18,18,26,16,23,26,16,17,
623.000000,141.000000,0.008103,108180936.000000,0.235294,0,1
24,29,18,22,23,17,21,14,
399.000000,142.000000,0.011672,1256540672.000000,1.086994,0,1
26,26,27,30,39,44,48,47,
622.000000,142.000000,0.008271,125497248.000000,0.246655,0,1
29,22,23,15,21,15,14,12,
397.000000,143.000000,0.009562,3243694080.000000,0.951576,0,1
25,29,35,35,38,54,31,38,
615.000000,143.000000,0.009017,48716904.000000,0.182121,0,1
27,23,22,19,19,15,13,15,
538.000000,144.000000,0.008275,159012256.000000,0.481703,0,1
26,22,29,20,21,22,18,18,
229.000000,146.000000,0.002709,27325450.000000,0.011815,0,1
131,132,98,79,70,60,38,30,
210.000000,147.000000,0.002946,21883132.000000,0.009050,0,1
116,93,108,55,69,82,37,29,
266.000000,147.000000,0.001844,14771645.000000,0.005529,0,1
41,51,33,67,42,41,63,62,
402.000000,147.000000,0.004804,1502259712.000000,0.761413,0,1
45,36,35,25,27,30,24,25,
469.000000,147.000000,0.007133,444168768.000000,0.685364,0,1
35,32,28,23,21,22,17,22,
258.000000,148.000000,0.002893,5971084.000000,0.007888,0,1
63,51,65,39,50,57,36,38,
459.000000,148.000000,0.004836,387031232.000000,0.537223,0,1
45,35,44,25,35,32,24,20,
462.000000,148.000000,0.003631,2493104896.000000,0.415405,0,1
50,37,33,37,25,20,28,29,
507.000000,148.000000,0.005925,664137088.000000,0.462376,0,1
17,23,16,25,20,16,25,20,
127.000000,149.000000,0.005710,11259713.000000,0.035697,0,1
48,44,40,40,35,27,25,23,
262.000000,149.000000,0.003505,3367372.500000,0.005324,0,1
68,60,66,43,46,64,38,33,
282.000000,150.000000,0.007601,588029.250000,0.011454,0,1
32,29,34,26,28,24,22,22,
448.000000,150.000000,0.007656,461351584.000000,0.826612,0,1
35,30,32,20,24,22,20,23,
483.000000,150.000000,0.004405,507328800.000000,0.428041,0,1
32,35,30,22,27,21,22,23,
321.000000,151.000000,0.002534,1005113.562500,0.004015,0,1
44,37,43,30,36,36,27,26,
461.000000,155.000000,0.006016,1475028352.000000,0.635972,0,1
33,28,29,18,25,24,20,22,
451.000000,158.000000,0.003985,1433835776.000000,0.483541,0,1
21,23,31,23,28,23,16,17,
431.000000,161.000000,0.010086,1311146112.000000,1.114819,0,1
27,26,33,20,24,27,23,23,
502.000000,166.000000,0.072884,10715329.000000,1.819045,0,1
19,19,19,19,19,19,20,28,
626.000000,166.000000,0.079593,8648547.000000,0.603117,0,1
13,14,15,19,21,20,22,17,
642.000000,166.000000,0.089306,3451359.750000,0.684783,0,1
16,16,17,18,24,21,24,20,
442.000000,167.000000,0.069508,30107268.000000,2.537945,0,1
21,19,27,16,28,29,19,22,
510.000000,167.000000,0.070904,194414848.000000,1.726775,0,1
22,18,31,19,21,34,18,20,
523.000000,167.000000,0.074096,20526968.000000,1.612329,0,1
15,15,16,19,20,22,27,29,
569.000000,167.000000,0.073896,52413416.000000,1.192993,0,1
20,21,20,36,31,20,31,19,
598.000000,167.000000,0.075569,86582704.000000,0.580607,0,1
17,20,15,45,32,15,26,16,
615.000000,167.000000,0.077557,22648290.000000,0.352807,0,1
18,20,21,19,23,47,18,21,
657.000000,167.000000,0.081083,37802932.000000,0.436705,0,1
16,21,35,19,32,47,16,13,
450.000000,168.000000,0.062474,43893340.000000,2.337311,0,1
22,23,23,28,32,30,42,34,
510.000000,168.000000,0.070845,209387920.000000,1.725873,0,1
22,18,32,19,21,34,18,20,
558.000000,168.000000,0.070375,53803748.000000,1.269817,0,1
17,23,32,18,27,33,17,17,
598.000000,168.000000,0.075623,81977608.000000,0.974276,0,1
18,43,20,27,22,15,17,17,
642.000000,168.000000,0.079469,11444047.000000,0.676620,0,1
24,24,27,19,20,19,19,18,
658.000000,168.000000,0.080676,36581956.000000,0.436092,0,1
35,32,47,16,27,33,13,17,
464.000000,169.000000,0.065892,19539274.000000,2.218251,0,1
22,21,29,20,31,43,21,22,
524.000000,169.000000,0.071357,37610624.000000,1.593556,0,1
21,31,31,27,27,29,19,15,
525.000000,169.000000,0.072652,46384188.000000,1.591119,0,1
22,31,29,29,27,26,16,15,
314.000000,170.000000,0.051336,166494800.000000,2.995622,0,1
18,21,20,23,37,28,44,56,
347.000000,170.000000,0.051892,160619184.000000,3.150385,0,1
16,19,20,20,32,28,17,19,
471.000000,170.000000,0.066271,51520844.000000,2.138823,0,1
23,31,43,25,20,23,20,20,
364.000000,171.000000,0.066135,64016556.000000,3.669232,0,1
27,33,29,22,22,17,17,18,
442.000000,171.000000,0.074619,48214724.000000,2.551074,0,1
22,18,32,15,25,30,19,24,
511.000000,172.000000,0.071120,189018736.000000,1.720935,0,1
31,19,33,18,27,30,21,19,
477.000000,173.000000,0.066638,3952199.750000,0.259163,0,1
14,13,17,17,18,20,26,28,
493.000000,173.000000,0.067283,3079365.000000,1.647871,0,1
12,15,14,21,19,22,27,27,
533.000000,173.000000,0.071333,5424034.500000,1.552918,0,1
12,13,13,25,23,26,27,25,
552.000000,173.000000,0.071298,3988943.250000,0.751974,0,1
15,18,13,24,22,22,29,30,
575.000000,173.000000,0.079031,5400813.000000,0.613536,0,1
13,17,12,23,19,19,30,30,
198.000000,174.000000,0.039510,327561952.000000,7.341457,0,1
20,24,19,34,27,22,38,36,
284.000000,174.000000,0.045664,1378883.500000,3.582516,0,1
15,19,14,19,16,17,23,28,
410.000000,174.000000,0.091198,10092830.000000,3.130290,0,1
19,19,20,23,22,25,28,30,
424.000000,174.000000,0.010220,174205792.000000,0.323629,0,1
20,24,19,32,23,23,29,30,
457.000000,174.000000,0.072205,74592064.000000,2.352466,0,1
13,17,17,26,23,25,28,28,
353.000000,175.000000,0.050857,631218.000000,0.076976,0,1
14,18,14,20,18,18,27,28,
366.000000,175.000000,0.030010,390599008.000000,2.872636,0,1
16,19,17,24,22,23,29,29,
192.000000,176.000000,0.041917,63895472.000000,7.690835,0,1
37,35,39,30,34,34,26,22,
59.000000,177.000000,0.051282,882748992.000000,13.633385,0,1
34,29,37,27,33,35,27,31,
140.000000,178.000000,0.024902,3962516.000000,0.110488,0,1
16,19,18,24,22,22,27,28,
538.000000,179.000000,0.067067,22014854.000000,1.449539,0,1
30,30,30,24,24,25,14,14,
390.000000,180.000000,0.059555,80811160.000000,3.159584,0,1
27,23,26,22,22,31,21,24,
511.000000,181.000000,0.070580,223063904.000000,1.735478,0,1
28,18,33,16,26,34,16,29,
303.000000,182.000000,0.057410,1792459.500000,3.302418,0,1
24,17,28,13,20,25,14,20,
65.000000,183.000000,0.049708,247085216.000000,16.221222,0,1
24,28,20,31,24,20,29,25,
294.000000,183.000000,0.032632,3484080.500000,3.360332,0,1
21,26,17,34,29,13,31,19,
291.000000,184.000000,0.048128,178791824.000000,4.867310,0,1
18,16,34,14,23,31,15,16,
369.000000,184.000000,0.060410,142888560.000000,3.523614,0,1
18,14,22,13,22,27,17,21,
383.000000,184.000000,0.057113,750511872.000000,3.244702,0,1
24,16,29,14,25,26,16,23,
486.000000,184.000000,0.065341,20162628.000000,1.966783,0,1
22,23,21,24,20,13,21,14,
547.000000,184.000000,0.068172,13045900.000000,1.393116,0,1
24,22,20,22,16,13,14,12,
232.000000,185.000000,0.040668,54076344.000000,6.368556,0,1
33,20,31,15,26,22,15,17,
281.000000,185.000000,0.043173,4609259.000000,0.084612,0,1
26,32,17,41,30,15,37,26,
507.000000,185.000000,0.069198,18732786.000000,1.776685,0,1
16,10,22,11,17,27,16,23,
540.000000,185.000000,0.066910,34636376.000000,1.443475,0,1
19,13,21,12,16,24,15,24,
391.000000,186.000000,0.037370,36391724.000000,1.670983,0,1
30,28,31,21,23,32,18,19,
452.000000,186.000000,0.063378,5528976.000000,2.348644,0,1
26,25,30,22,25,27,18,16,
314.000000,187.000000,0.048471,45019480.000000,4.364111,0,1
13,14,14,15,20,14,25,35,
324.000000,187.000000,0.037471,357903904.000000,3.859721,0,1
26,33,17,33,29,15,35,32,
630.000000,187.000000,0.076108,19229216.000000,0.799853,0,1
12,11,13,11,19,21,18,24,
127.000000,188.000000,0.038307,578504832.000000,8.702671,0,1
24,20,24,19,25,33,22,22,
198.000000,188.000000,0.041960,85166552.000000,7.522999,0,1
15,21,14,29,19,14,27,26,
329.000000,188.000000,0.042520,1035349.625000,0.068301,0,1
10,15,9,17,17,11,23,20,
392.000000,188.000000,0.066735,35582764.000000,3.249345,0,1
29,20,32,17,27,29,19,26,
401.000000,188.000000,0.060763,25063024.000000,3.045852,0,1
18,19,20,19,23,25,23,30,
572.000000,188.000000,0.072653,4788464.500000,1.207569,0,1
21,18,23,15,19,25,15,15,
608.000000,188.000000,0.075835,8469596.000000,0.950969,0,1
15,20,14,25,19,14,24,20,
629.000000,188.000000,0.076957,19840822.000000,0.811890,0,1
11,11,19,12,18,24,17,19,
181.000000,189.000000,0.041227,104187000.000000,8.132366,0,1
15,15,16,16,20,23,27,27,
217.000000,189.000000,0.043105,152205568.000000,6.837671,0,1
18,19,24,18,32,25,28,34,
325.000000,189.000000,0.049437,874676096.000000,4.161302,0,1
18,32,16,30,23,18,25,17,
597.000000,189.000000,0.075441,12627443.000000,1.029842,0,1
26,21,26,15,18,19,14,14,
383.000000,190.000000,0.057040,564294528.000000,3.254435,0,1
23,16,30,15,22,29,16,22,
420.000000,190.000000,0.051060,73272232.000000,2.624432,0,1
19,19,19,23,25,19,38,30,
161.000000,192.000000,0.043205,217722384.000000,9.147377,0,1
17,20,19,26,25,22,29,29,
265.000000,192.000000,0.047726,129763744.000000,5.524783,0,1
18,28,16,32,25,14,29,25,
266.000000,192.000000,0.045824,5654293.000000,0.094001,0,1
14,23,13,30,17,17,25,24,
332.000000,192.000000,0.053540,9106240.000000,0.082546,0,1
15,15,25,14,30,40,21,33,
392.000000,192.000000,0.064914,61720944.000000,3.218274,0,1
26,19,31,18,25,30,19,25,
440.000000,192.000000,0.062997,26499944.000000,2.514060,0,1
18,25,13,21,21,14,25,22,
537.000000,192.000000,0.070967,19819430.000000,1.510644,0,1
22,17,22,10,17,23,11,13,
286.000000,193.000000,0.052239,70225704.000000,5.100325,0,1
15,15,25,19,17,36,28,25,
297.000000,193.000000,0.051639,1749123.000000,0.088977,0,1
12,13,13,17,13,18,25,22,
148.000000,194.000000,0.042377,212258416.000000,9.772726,0,1
17,19,16,25,29,17,35,29,
238.000000,194.000000,0.048216,905946048.000000,6.328986,0,1
30,31,24,26,26,22,20,20,
342.000000,194.000000,0.055505,1485999.500000,0.085689,0,1
12,14,13,18,13,16,26,24,
346.000000,194.000000,0.057624,66292716.000000,3.949635,0,1
25,19,29,16,25,31,27,29,
360.000000,194.000000,0.052424,87885176.000000,3.571624,0,1
20,19,27,20,25,30,25,31,
444.000000,194.000000,0.070639,10269144.000000,2.538819,0,1
16,14,17,19,20,23,20,27,
124.000000,195.000000,0.044663,40556636.000000,11.261075,0,1
20,21,22,21,24,29,27,31,
276.000000,195.000000,0.047734,406161408.000000,5.246883,0,1
18,29,27,31,23,21,36,20,
369.000000,195.000000,0.053808,59732724.000000,3.461708,0,1
16,18,20,24,23,24,29,23,
409.000000,195.000000,0.063778,50748088.000000,2.954257,0,1
16,22,15,28,21,17,30,28,
500.000000,195.000000,0.068553,28330126.000000,1.873271,0,1
15,16,18,17,22,24,25,30,
519.000000,195.000000,0.072515,152692656.000000,1.707162,0,1
16,15,25,15,20,27,16,25,
553.000000,195.000000,0.072383,76120744.000000,1.386920,0,1
13,20,11,23,20,11,26,24,
40.000000,196.000000,0.058293,92472568.000000,19.547369,0,1
22,24,23,27,24,19,24,21,
204.000000,196.000000,0.042125,246019296.000000,7.347857,0,1
21,23,18,28,27,23,38,47,
495.000000,196.000000,0.068924,11129955.000000,1.941175,0,1
10,15,12,22,20,21,25,30,
497.000000,196.000000,0.069358,23165882.000000,1.918093,0,1
13,12,17,20,21,25,23,31,
562.000000,196.000000,0.072592,23718668.000000,1.316649,0,1
15,15,17,17,21,22,25,27,
199.000000,197.000000,0.043167,261226768.000000,7.508587,0,1
18,25,24,38,38,37,47,51,
214.000000,197.000000,0.043867,14410798.000000,5.778812,0,1
17,23,20,37,35,34,47,53,
217.000000,197.000000,0.045568,581985088.000000,6.941777,0,1
19,21,23,34,34,35,46,54,
224.000000,197.000000,0.044926,189610736.000000,6.679241,0,1
18,20,22,34,33,34,46,52,
231.000000,197.000000,0.046086,378973504.000000,6.490075,0,1
18,19,20,33,31,30,45,53,
254.000000,197.000000,0.048956,125960224.000000,5.879258,0,1
21,21,27,24,25,29,39,50,
318.000000,197.000000,0.052578,110865608.000000,4.387061,0,1
25,31,16,28,18,12,32,35,
504.000000,197.000000,0.071365,12117223.000000,1.852698,0,1
16,20,16,28,23,22,31,25,
524.000000,197.000000,0.070386,77366904.000000,1.643425,0,1
16,21,18,29,24,27,31,31,
525.000000,197.000000,0.070635,54692136.000000,1.634958,0,1
15,18,20,26,25,28,31,31,
63.000000,198.000000,0.051240,538950592.000000,16.548891,0,1
28,24,32,21,27,33,23,26,
244.000000,198.000000,0.047744,236204048.000000,6.139649,0,1
21,25,24,38,38,40,52,57,
250.000000,198.000000,0.047027,356492480.000000,5.960362,0,1
17,23,24,40,40,39,50,55,
259.000000,198.000000,0.048254,318485664.000000,5.717708,0,1
21,23,26,40,40,42,50,60,
277.000000,198.000000,0.048233,13938253.000000,0.096121,0,1
14,20,18,37,33,35,54,62,
535.000000,198.000000,0.075753,13276899.000000,1.581339,0,1
9,11,12,19,18,20,28,23,
591.000000,198.000000,0.073972,39540340.000000,1.096778,0,1
22,28,19,30,26,19,30,30,
623.000000,198.000000,0.078243,17894316.000000,0.891162,0,1
16,17,15,18,19,14,26,28,
272.000000,199.000000,0.048788,643001408.000000,5.384120,0,1
22,30,32,49,52,55,59,60,
300.000000,199.000000,0.051589,464481152.000000,4.766993,0,1
22,25,27,39,42,45,57,65,
367.000000,199.000000,0.057573,87390448.000000,3.545603,0,1
24,24,16,27,22,18,36,48,
487.000000,199.000000,0.068997,16151410.000000,2.017553,0,1
24,30,30,23,23,23,17,16,
584.000000,199.000000,0.074448,48484276.000000,1.154741,0,1
26,19,29,16,25,29,21,29,
620.000000,199.000000,0.076517,16701983.000000,0.909224,0,1
17,19,18,25,22,26,29,32,
362.000000,200.000000,0.057274,477206080.000000,3.630854,0,1
20,23,23,34,32,33,47,57,
580.000000,200.000000,0.081448,15556981.000000,1.226517,0,1
13,12,15,19,19,21,28,26,
379.000000,201.000000,0.058039,231998400.000000,3.356567,0,1
21,29,28,44,42,42,57,54,
387.000000,201.000000,0.058645,405512736.000000,3.235774,0,1
19,28,25,39,38,37,54,59,
602.000000,201.000000,0.079111,12373720.000000,1.051133,0,1
12,14,13,25,20,19,29,25,
609.000000,201.000000,0.081080,16953010.000000,1.011286,0,1
17,17,18,21,20,23,29,29,
397.000000,202.000000,0.060873,820566144.000000,3.112664,0,1
23,27,33,44,42,43,64,53,
405.000000,202.000000,0.060105,611933056.000000,2.982586,0,1
25,34,30,45,46,45,62,56,
407.000000,202.000000,0.060362,439107168.000000,2.956191,0,1
19,30,28,46,45,45,61,58,
419.000000,202.000000,0.061605,295921920.000000,1.820697,0,1
20,24,24,44,43,40,59,71,
434.000000,202.000000,0.063704,180937136.000000,2.617954,0,1
18,21,20,32,31,30,47,57,
441.000000,202.000000,0.064486,231255920.000000,2.535910,0,1
18,22,19,29,27,27,43,55,
463.000000,202.000000,0.065972,107736432.000000,1.435145,0,1
19,16,23,24,25,25,40,53,
478.000000,202.000000,0.067479,35944160.000000,0.860672,0,1
13,11,14,13,13,16,28,41,
571.000000,202.000000,0.076662,14044491.000000,1.276225,0,1
25,30,29,22,22,22,15,14,
357.000000,203.000000,0.053534,80528400.000000,3.663478,0,1
47,62,57,60,55,50,48,47,
418.000000,203.000000,0.061052,441663584.000000,2.808930,0,1
24,44,43,57,59,56,74,63,
421.000000,203.000000,0.061318,547229632.000000,2.770370,0,1
25,41,42,58,55,52,67,58,
433.000000,203.000000,0.062505,280194656.000000,2.620645,0,1
21,32,31,48,47,44,58,58,
439.000000,203.000000,0.063429,297116448.000000,2.552312,0,1
21,29,29,44,43,42,54,59,
443.000000,203.000000,0.063641,231776768.000000,2.503509,0,1
17,28,29,42,42,42,56,61,
451.000000,203.000000,0.063905,153475808.000000,2.403984,0,1
18,32,25,44,40,39,56,61,
352.000000,204.000000,0.052469,38869184.000000,3.736208,0,1
60,59,61,62,56,51,51,49,
475.000000,204.000000,0.066137,251224112.000000,1.795951,0,1
15,32,28,47,44,42,62,56,
532.000000,204.000000,0.072525,119448312.000000,0.940910,0,1
20,19,12,23,18,15,33,44,
69.000000,205.000000,0.052040,196974624.000000,16.010555,0,1
18,21,19,27,20,22,28,24,
70.000000,205.000000,0.048942,188776560.000000,15.776295,0,1
19,19,21,22,20,25,28,24,
491.000000,205.000000,0.067899,155848288.000000,0.784013,0,1
27,39,41,58,56,55,74,78,
505.000000,205.000000,0.070986,48268896.000000,0.345960,0,1
16,25,26,38,36,37,66,81,
517.000000,205.000000,0.072213,91458808.000000,0.656231,0,1
17,24,25,34,29,34,56,62,
317.000000,206.000000,0.062148,9024194.000000,0.094181,0,1
46,48,48,38,33,30,24,21,
322.000000,206.000000,0.062705,6360431.000000,2.282073,0,1
49,48,50,31,39,48,27,39,
340.000000,206.000000,0.052134,49054896.000000,3.970961,0,1
52,59,64,63,57,51,47,47,
343.000000,206.000000,0.058733,30173062.000000,4.016048,0,1
55,64,61,53,50,48,47,50,
404.000000,206.000000,0.061823,134272720.000000,3.028248,0,1
59,56,53,58,63,65,73,63,
503.000000,206.000000,0.072468,84004536.000000,0.350917,0,1
27,40,37,62,63,70,76,75,
540.000000,206.000000,0.072753,93377264.000000,0.544412,0,1
15,30,29,42,41,41,62,66,
307.000000,207.000000,0.062364,7400440.000000,0.094515,0,1
48,48,45,37,34,32,27,25,
335.000000,207.000000,0.062494,30427924.000000,2.944492,0,1
52,61,65,62,53,48,49,48,
550.000000,207.000000,0.073571,92340528.000000,0.507071,0,1
23,36,36,53,50,49,66,65,
298.000000,208.000000,0.062506,4490250.000000,0.103651,0,1
47,45,41,43,29,31,31,25,
584.000000,208.000000,0.075211,246748752.000000,1.190779,0,1
28,38,37,47,46,46,60,67,
625.000000,208.000000,0.079924,189250848.000000,0.926030,0,1
25,28,16,32,25,15,39,42,
83.000000,209.000000,0.050632,197289680.000000,14.667908,0,1
21,22,21,25,24,25,35,44,
84.000000,209.000000,0.050404,352856928.000000,14.569777,0,1
21,21,22,24,25,26,33,41,
247.000000,209.000000,0.056048,30829458.000000,6.295292,0,1
65,61,61,62,63,63,71,66,
276.000000,209.000000,0.063653,41481136.000000,3.068053,0,1
58,57,57,54,45,39,39,38,
282.000000,209.000000,0.060993,10661385.000000,0.118026,0,1
59,57,56,37,40,36,34,37,
293.000000,209.000000,0.057185,11999605.000000,0.098764,0,1
50,39,44,23,34,44,25,32,
398.000000,209.000000,0.062764,31613886.000000,3.138369,0,1
61,70,75,72,65,60,60,57,
600.000000,209.000000,0.078460,155099328.000000,0.624713,0,1
22,35,36,46,45,44,62,84,
308.000000,210.000000,0.064671,13676793.000000,0.101828,0,1
23,25,25,31,32,40,54,56,
316.000000,210.000000,0.062985,8020942.000000,0.095867,0,1
22,28,33,45,39,31,42,52,
497.000000,210.000000,0.076790,110764728.000000,0.365254,0,1
71,87,79,82,66,59,53,51,
512.000000,210.000000,0.068134,21756254.000000,1.781447,0,1
59,57,58,50,51,54,50,50,
602.000000,210.000000,0.079280,55691792.000000,0.638485,0,1
36,44,43,63,60,59,85,81,
83.000000,211.000000,0.051132,73769456.000000,14.699925,0,1
24,35,30,47,44,39,54,59,
234.000000,211.000000,0.058811,23945482.000000,6.813926,0,1
58,61,61,63,64,65,75,70,
249.000000,211.000000,0.057494,19244418.000000,6.273312,0,1
63,72,70,66,62,61,60,60,
322.000000,211.000000,0.068020,61502164.000000,4.598104,0,1
45,32,36,46,47,50,51,51,
390.000000,211.000000,0.070489,52050148.000000,1.640501,0,1
65,77,77,69,63,60,55,53,
578.000000,211.000000,0.062922,9803846.000000,1.202685,0,1
64,69,67,60,61,60,58,56,
244.000000,212.000000,0.059857,13147157.000000,6.481088,0,1
67,73,70,66,63,61,61,60,
272.000000,212.000000,0.063644,241282240.000000,5.740720,0,1
48,48,43,59,56,53,64,63,
277.000000,212.000000,0.065157,235821856.000000,5.633003,0,1
35,38,38,52,49,42,59,61,
303.000000,212.000000,0.066345,27084778.000000,0.109557,0,1
29,43,49,69,69,64,66,53,
384.000000,212.000000,0.065678,28542908.000000,3.400990,0,1
65,73,78,74,65,59,59,58,
412.000000,212.000000,0.071713,142053264.000000,3.029951,0,1
58,56,56,53,51,54,48,48,
491.000000,212.000000,0.078227,154723312.000000,0.361812,0,1
84,91,78,70,58,53,50,43,
549.000000,212.000000,0.073788,23962926.000000,1.479475,0,1
62,59,58,51,52,53,49,50,
555.000000,212.000000,0.075218,41161740.000000,1.435284,0,1
61,58,58,53,52,51,48,48,
157.000000,214.000000,0.054549,37748456.000000,9.843573,0,1
59,61,60,62,63,64,71,63,
217.000000,214.000000,0.060968,37472288.000000,7.423482,0,1
63,59,61,62,63,64,72,65,
376.000000,214.000000,0.074278,26804068.000000,1.828089,0,1
67,80,77,71,62,58,58,59,
468.000000,214.000000,0.079212,170588192.000000,0.320546,0,1
83,91,72,62,52,50,50,62,
482.000000,214.000000,0.079402,195038976.000000,0.350458,0,1
65,88,93,86,75,60,59,57,
118.000000,216.000000,0.057062,44088192.000000,12.289512,0,1
61,61,62,71,69,65,75,66,
119.000000,216.000000,0.056141,35252512.000000,12.199808,0,1
61,62,62,71,67,60,73,64,
141.000000,216.000000,0.063437,12286356.000000,0.266871,0,1
59,60,62,63,66,70,75,79,
202.000000,216.000000,0.063976,37493900.000000,8.064023,0,1
60,61,60,61,62,64,70,70,
366.000000,216.000000,0.066938,13083388.000000,2.591636,0,1
64,79,83,75,66,63,63,62,
453.000000,216.000000,0.081014,165981552.000000,0.300392,0,1
51,50,57,55,75,90,85,55,
523.000000,216.000000,0.078867,24407716.000000,1.757422,0,1
54,58,58,54,55,57,47,48,
587.000000,216.000000,0.087301,382228448.000000,0.675201,0,1
58,57,64,60,71,88,78,93,
104.000000,217.000000,0.060240,33391820.000000,13.336473,0,1
64,71,70,60,63,68,59,64,
139.000000,217.000000,0.067925,15397285.000000,0.251228,0,1
59,62,65,65,70,78,71,64,
317.000000,217.000000,0.069176,24672978.000000,4.753220,0,1
55,56,57,58,62,63,66,67,
351.000000,217.000000,0.074435,32604504.000000,4.096336,0,1
61,62,61,64,66,70,78,77,
455.000000,217.000000,0.081633,182139712.000000,0.308028,0,1
64,85,88,82,68,57,54,56,
465.000000,217.000000,0.083523,189389728.000000,0.337556,0,1
51,53,52,57,65,77,87,73,
472.000000,217.000000,0.082896,173614544.000000,0.349454,0,1
70,88,86,83,68,57,57,50,
595.000000,217.000000,0.087267,406132608.000000,0.699579,0,1
89,80,64,67,57,56,53,55,
119.000000,218.000000,0.058038,37283572.000000,12.205108,0,1
67,73,65,67,64,60,59,58,
445.000000,218.000000,0.082577,179495392.000000,0.293161,0,1
45,44,47,54,68,84,87,67,
496.000000,218.000000,0.085864,75646144.000000,2.079759,0,1
39,38,39,44,45,46,49,52,
147.000000,219.000000,0.064330,24246416.000000,0.252586,0,1
75,77,78,70,71,72,63,59,
178.000000,219.000000,0.065916,14996932.000000,0.227059,0,1
61,59,61,67,65,65,78,75,
273.000000,219.000000,0.072497,24011204.000000,0.152551,0,1
66,78,72,63,61,61,40,40,
159.000000,220.000000,0.066077,19899246.000000,0.246811,0,1
71,83,84,65,65,68,58,58,
186.000000,220.000000,0.067244,20479256.000000,0.225436,0,1
63,67,69,87,83,77,84,69,
340.000000,220.000000,0.078489,17374724.000000,2.326010,0,1
67,66,68,67,76,84,82,74,
168.000000,221.000000,0.067141,26349816.000000,0.237468,0,1
75,80,82,62,68,71,64,64,
252.000000,221.000000,0.070392,17363202.000000,4.816792,0,1
62,64,61,68,69,71,77,64,
196.000000,222.000000,0.070066,24904988.000000,0.219611,0,1
66,74,73,78,79,76,61,59,
209.000000,222.000000,0.071603,50120904.000000,0.211434,0,1
59,56,56,74,70,66,75,66,
214.000000,222.000000,0.071117,20345834.000000,7.765678,0,1
57,58,58,64,61,60,80,70,
330.000000,222.000000,0.080058,26106356.000000,2.517105,0,1
63,62,62,67,71,77,84,79,
581.000000,222.000000,0.093461,561445824.000000,0.718969,0,1
93,102,96,101,85,68,72,55,
217.000000,223.000000,0.072597,27426996.000000,0.206652,0,1
59,60,60,79,75,72,74,64,
224.000000,223.000000,0.072210,15845572.000000,0.199720,0,1
61,63,63,70,69,68,81,73,
231.000000,223.000000,0.071755,13369430.000000,0.195131,0,1
62,62,62,66,64,62,77,80,
240.000000,223.000000,0.073683,14639722.000000,0.185385,0,1
61,62,62,66,73,78,82,88,
572.000000,223.000000,0.094637,511893664.000000,0.701900,0,1
57,57,63,57,75,93,88,99,
204.000000,224.000000,0.073649,22034298.000000,0.216823,0,1
76,73,74,63,63,64,62,63,
211.000000,224.000000,0.073621,45497496.000000,0.214705,0,1
66,77,80,66,67,69,62,63,
236.000000,224.000000,0.075914,34363076.000000,0.197353,0,1
62,63,65,74,80,83,82,71,
322.000000,224.000000,0.082032,28637262.000000,0.139254,0,1
64,66,67,71,77,83,87,77,
351.000000,224.000000,0.080597,27432534.000000,4.187617,0,1
67,68,67,67,61,54,66,66,
581.000000,224.000000,0.093816,526066432.000000,0.723774,0,1
85,72,59,61,55,52,54,53,
76.000000,225.000000,0.068492,31760248.000000,15.998800,0,1
62,64,64,58,57,56,55,52,
230.000000,226.000000,0.077934,20767940.000000,0.202315,0,1
77,78,80,66,68,70,63,61,
258.000000,226.000000,0.078719,24639706.000000,0.177631,0,1
60,62,60,75,72,73,80,68,
265.000000,226.000000,0.080126,22629486.000000,0.170356,0,1
61,62,64,71,70,68,84,77,
268.000000,226.000000,0.080800,18766198.000000,0.170935,0,1
61,64,64,70,67,66,87,79,
245.000000,227.000000,0.079258,34435280.000000,0.192013,0,1
74,82,85,63,62,65,61,61,
276.000000,227.000000,0.081767,41151800.000000,0.166778,0,1
64,67,66,78,74,72,95,73,
311.000000,227.000000,0.084046,12661462.000000,0.146731,0,1
73,72,78,77,85,93,83,73,
437.000000,227.000000,0.092914,53071784.000000,0.182370,0,1
72,83,81,79,68,54,53,50,
295.000000,228.000000,0.085082,22178164.000000,0.159633,0,1
69,68,68,76,72,70,91,81,
590.000000,228.000000,0.099648,40371080.000000,1.313244,0,1
48,50,50,53,53,53,57,58,
567.000000,229.000000,0.100183,457436992.000000,0.741700,0,1
98,103,86,95,73,62,65,61,
316.000000,230.000000,0.088117,28091074.000000,0.161580,0,1
69,71,70,81,79,78,89,73,
559.000000,230.000000,0.100852,385112096.000000,0.721775,0,1
59,63,81,77,93,97,97,92,
300.000000,231.000000,0.086298,21521060.000000,0.159244,0,1
89,84,88,71,72,73,67,65,
306.000000,231.000000,0.087092,26506694.000000,0.160456,0,1
83,97,95,73,76,81,68,67,
327.000000,231.000000,0.089518,35811264.000000,0.170027,0,1
66,67,67,82,83,82,81,71,
335.000000,231.000000,0.090534,42339536.000000,0.176571,0,1
67,65,65,76,73,70,92,74,
338.000000,231.000000,0.090142,28141318.000000,0.177585,0,1
66,65,65,71,69,67,92,78,
424.000000,231.000000,0.096832,154033872.000000,0.325078,0,1
73,88,83,83,71,60,60,56,
23.000000,232.000000,0.070252,43763228.000000,0.343737,0,1
69,75,75,55,55,54,51,50,
138.000000,232.000000,0.077501,16057090.000000,11.583195,0,1
65,63,65,59,60,61,56,56,
140.000000,232.000000,0.076967,12899521.000000,11.459203,0,1
65,65,64,60,61,59,57,56,
315.000000,232.000000,0.088074,26398552.000000,0.165127,0,1
80,88,89,70,72,74,68,68,
350.000000,232.000000,0.092143,31741112.000000,0.194144,0,1
66,67,67,73,73,73,87,78,
401.000000,232.000000,0.096643,98476072.000000,0.280177,0,1
73,88,87,86,74,63,63,61,
560.000000,232.000000,0.103324,367330144.000000,0.749580,0,1
94,99,93,94,81,66,69,61,
365.000000,233.000000,0.095001,40835056.000000,0.220261,0,1
65,67,66,78,73,69,88,77,
558.000000,233.000000,0.104310,330012128.000000,0.752670,0,1
97,95,92,92,77,66,68,62,
347.000000,234.000000,0.094055,41633488.000000,0.200210,0,1
74,88,88,70,73,76,66,65,
362.000000,235.000000,0.096562,16747296.000000,0.145523,0,1
78,86,87,73,75,76,66,64,
374.000000,236.000000,0.099660,59566932.000000,0.252187,0,1
79,87,88,67,67,67,62,62,
381.000000,236.000000,0.098997,69483728.000000,0.260784,0,1
62,89,88,73,79,83,64,61,
407.000000,236.000000,0.103261,46463116.000000,0.323350,0,1
80,87,77,93,79,68,87,79,
544.000000,236.000000,0.107164,421283456.000000,0.732532,0,1
60,62,66,66,79,92,93,104,
100.000000,238.000000,0.085057,5991734.000000,14.350273,0,1
59,58,57,55,54,55,54,51,
391.000000,238.000000,0.100353,44683964.000000,3.665680,0,1
77,72,75,62,63,62,62,60,
398.000000,238.000000,0.102503,67906480.000000,1.917151,0,1
79,81,83,64,66,68,61,58,
401.000000,238.000000,0.102972,65872248.000000,0.313802,0,1
90,85,86,67,70,71,60,57,
406.000000,238.000000,0.103919,53347580.000000,0.327442,0,1
86,87,87,72,77,78,60,57,
414.000000,239.000000,0.103640,68875816.000000,0.344760,0,1
72,83,83,67,68,70,56,54,
538.000000,239.000000,0.109959,536203648.000000,0.739171,0,1
61,60,72,60,77,97,87,105,
539.000000,239.000000,0.109671,462888512.000000,0.740215,0,1
62,65,83,67,89,102,94,103,
546.000000,239.000000,0.110284,575750592.000000,0.770737,0,1
101,103,94,100,83,64,71,61,
424.000000,240.000000,0.105264,61868608.000000,0.375582,0,1
75,79,81,63,64,65,57,56,
427.000000,240.000000,0.106004,50409388.000000,0.385883,0,1
67,78,72,65,63,66,58,56,
450.000000,240.000000,0.107535,70869720.000000,0.450822,0,1
57,57,57,78,70,64,100,83,
439.000000,241.000000,0.107485,73370576.000000,0.423807,0,1
68,92,88,69,71,71,57,55,
444.000000,241.000000,0.107249,59372012.000000,0.435307,0,1
61,87,86,75,82,93,58,56,
468.000000,242.000000,0.110353,68119216.000000,0.519804,0,1
60,59,60,76,73,69,96,79,
531.000000,242.000000,0.112996,542482944.000000,0.743974,0,1
55,57,66,64,80,96,92,104,
459.000000,243.000000,0.109952,62365120.000000,0.493365,0,1
74,102,93,75,80,82,60,58,
477.000000,243.000000,0.112213,73806368.000000,0.559724,0,1
61,61,61,89,81,73,98,72,
506.000000,243.000000,0.112867,34016636.000000,2.181595,0,1
61,62,62,61,58,56,52,58,
346.000000,244.000000,0.106572,41131440.000000,4.556328,0,1
63,64,63,59,60,60,48,46,
490.000000,244.000000,0.113420,61701344.000000,0.610089,0,1
60,60,58,75,71,64,100,88,
498.000000,244.000000,0.113868,22152608.000000,1.099625,0,1
60,60,60,60,60,60,77,78,
524.000000,244.000000,0.116028,327139136.000000,0.746960,0,1
57,62,62,64,65,79,71,101,
468.000000,245.000000,0.111224,41979300.000000,0.529765,0,1
96,75,81,60,61,64,58,58,
475.000000,245.000000,0.112597,85931880.000000,0.559190,0,1
89,96,98,69,70,72,60,58,
498.000000,245.000000,0.115634,29844906.000000,0.653831,0,1
60,59,60,80,71,59,79,77,
533.000000,245.000000,0.116484,518002912.000000,0.785596,0,1
102,105,94,103,86,69,74,63,
160.000000,246.000000,0.103826,13250031.000000,10.715954,0,1
55,56,55,56,56,56,60,63,
220.000000,246.000000,0.098791,16013167.000000,7.995442,0,1
62,63,62,63,62,59,61,56,
522.000000,246.000000,0.117436,473928288.000000,0.754275,0,1
64,64,71,65,83,101,91,105,
531.000000,246.000000,0.117441,527241248.000000,0.787882,0,1
104,107,95,102,83,68,73,69,
342.000000,247.000000,0.108608,20482930.000000,4.665869,0,1
55,57,49,60,58,57,62,62,
345.000000,247.000000,0.107738,41106008.000000,4.595609,0,1
48,46,46,57,56,57,61,62,
496.000000,247.000000,0.115915,71543848.000000,0.652183,0,1
80,86,79,58,66,77,59,62,
515.000000,247.000000,0.117594,68002568.000000,0.731470,0,1
61,64,62,92,84,76,103,80,
152.000000,248.000000,0.101428,5112619.500000,11.137821,0,1
55,56,55,56,57,59,59,63,
541.000000,250.000000,0.121047,66715996.000000,0.865526,0,1
64,69,68,85,82,82,86,76,
547.000000,250.000000,0.121881,33517042.000000,0.897995,0,1
64,64,64,77,74,69,96,90,
403.000000,251.000000,0.115851,17137004.000000,3.601672,0,1
58,58,57,56,55,54,49,50,
560.000000,251.000000,0.123452,34360172.000000,0.970322,0,1
65,65,65,70,67,66,92,96,
531.000000,252.000000,0.121698,68078392.000000,1.352206,0,1
92,73,76,63,64,63,61,60,
538.000000,252.000000,0.122358,48683996.000000,0.868825,0,1
89,84,85,67,70,73,62,62,
553.000000,253.000000,0.122914,55396960.000000,0.937712,0,1
79,94,97,78,86,89,63,60,
574.000000,253.000000,0.126077,15555177.000000,0.561866,0,1
64,64,63,84,78,72,98,88,
402.000000,254.000000,0.116433,8470357.000000,3.628874,0,1
49,55,50,57,54,53,60,60,
561.000000,254.000000,0.125166,67537888.000000,0.997293,0,1
85,96,96,71,75,80,61,61,
567.000000,254.000000,0.125086,56238004.000000,1.023080,0,1
69,98,94,85,92,97,66,62,
112.000000,256.000000,0.106669,3006622.250000,13.831210,0,1
52,50,54,51,55,57,56,57,
609.000000,256.000000,0.129860,9532241.000000,0.671089,0,1
62,63,63,66,64,63,87,95,
263.000000,257.000000,0.113705,18137540.000000,6.723982,0,1
55,51,52,57,55,54,59,61,
585.000000,257.000000,0.128745,20542252.000000,0.605764,0,1
94,91,93,70,73,77,63,62,
589.000000,257.000000,0.128356,22759728.000000,0.613081,0,1
84,92,96,77,82,89,64,62,
622.000000,258.000000,0.130639,11817895.000000,0.715360,0,1
62,63,62,74,69,65,97,102,
626.000000,258.000000,0.132006,11532293.000000,0.734101,0,1
62,61,61,65,64,63,88,97,
608.000000,259.000000,0.132559,23912224.000000,0.687296,0,1
87,98,95,75,81,83,63,61,
609.000000,259.000000,0.132415,19918060.000000,0.688944,0,1
84,98,94,79,81,87,65,61,
96.000000,260.000000,0.109884,4934283.500000,15.151249,0,1
50,52,50,53,54,54,56,58,
98.000000,260.000000,0.109384,5487932.500000,14.974933,0,1
49,50,51,54,54,57,57,58,
420.000000,260.000000,0.127060,4653115.500000,3.429572,0,1
61,60,61,61,59,60,64,63,
616.000000,260.000000,0.132364,18879942.000000,0.707526,0,1
87,99,100,80,85,91,63,61,
634.000000,260.000000,0.134106,19796992.000000,0.767240,0,1
63,70,66,93,86,81,99,84,
624.000000,261.000000,0.135212,24222460.000000,0.748477,0,1
91,102,99,74,80,85,64,62,
238.000000,262.000000,0.124971,14333709.000000,7.640821,0,1
63,63,62,61,62,62,58,55,
208.000000,264.000000,0.121434,9877984.000000,8.740528,0,1
62,62,59,61,56,54,57,60,
304.000000,264.000000,0.126763,13861153.000000,5.729508,0,1
58,58,58,53,56,56,48,51,
300.000000,265.000000,0.125721,12987402.000000,5.175661,0,1
55,50,52,56,53,49,58,60,
55.000000,266.000000,0.110192,13755867.000000,19.291298,0,1
50,53,54,57,58,60,61,64,
208.000000,266.000000,0.121957,11284850.000000,7.691730,0,1
56,57,55,61,60,62,61,63,
276.000000,266.000000,0.124527,4758274.000000,6.473626,0,1
63,64,63,61,60,63,58,55,
313.000000,269.000000,0.130786,13709709.000000,5.537454,0,1
53,52,52,58,56,54,61,60,
451.000000,269.000000,0.136191,4364903.500000,3.060623,0,1
66,64,64,58,60,60,55,53,
194.000000,270.000000,0.121737,8047685.500000,9.365250,0,1
65,66,65,64,64,64,57,59,
462.000000,270.000000,0.123164,5914538.500000,2.873303,0,1
67,65,64,60,63,63,59,56,
112.000000,274.000000,0.132049,10114428.000000,14.177520,0,1
59,58,56,55,53,52,50,49,
626.000000,274.000000,0.150194,19903066.000000,1.444515,0,1
61,61,61,62,60,60,60,55,
109.000000,275.000000,0.144391,13325839.000000,12.459606,0,1
57,57,55,54,52,50,50,48,
94.000000,276.000000,0.131125,12484220.000000,15.643674,0,1
60,59,59,60,59,59,59,54,
100.000000,277.000000,0.128732,10913669.000000,15.164007,0,1
59,59,57,58,55,51,51,51,
112.000000,280.000000,0.133494,7895005.000000,14.243971,0,1
53,56,56,57,58,59,59,60,
92.000000,282.000000,0.132298,17217520.000000,15.885852,0,1
52,54,55,56,59,59,60,61,
364.000000,282.000000,0.138546,3805240.750000,4.547695,0,1
56,57,56,60,60,58,63,64,
606.000000,282.000000,0.157288,14109653.000000,1.455649,0,1
61,61,60,61,60,59,57,53,
248.000000,284.000000,0.144984,1783997.125000,7.529902,0,1
61,61,62,60,60,60,57,55,
181.000000,285.000000,0.141875,22255258.000000,10.193404,0,1
59,59,55,60,57,48,59,60,
196.000000,285.000000,0.144891,21050190.000000,9.523596,0,1
50,48,51,51,55,58,58,58,
355.000000,285.000000,0.140857,3135042.000000,4.752867,0,1
64,64,63,59,59,61,57,56,
190.000000,286.000000,0.145460,20043696.000000,9.797744,0,1
46,46,48,51,57,57,58,61,
361.000000,286.000000,0.143995,12382988.000000,4.639746,0,1
62,65,63,60,60,60,56,55,
182.000000,287.000000,0.142263,49538228.000000,10.160626,0,1
51,58,50,61,56,54,59,62,
596.000000,292.000000,0.166461,5725854.000000,1.785713,0,1
59,56,55,56,52,52,50,48,
200.000000,24.000000,0.005508,380748.625000,0.015188,0,1
100,99,99,98,98,99,98,97,
57.000000,265.000000,0.113014,11998235.000000,19.078741,0,1
50,51,51,53,55,56,59,62,
55.000000,265.000000,0.113855,10356566.000000,19.325535,0,1
50,50,51,52,53,55,58,63,
99.000000,82.000000,0.011296,1515096.250000,0.038786,0,1
103,99,99,95,94,95,90,89,
129.000000,95.000000,0.034021,5812922368.000000,10.200604,0,1
62,47,58,32,47,71,37,48,
508.000000,98.000000,0.001376,18387548160.000000,0.128130,0,1
76,74,67,74,60,48,69,57,
512.000000,201.000000,0.070792,234953536.000000,1.772590,0,1
29,19,35,15,26,37,17,26,
170.000000,199.000000,0.045390,151922416.000000,8.853758,0,1
19,24,22,32,34,37,49,55,
513.000000,100.000000,0.001465,37405892608.000000,0.131024,0,1
63,36,68,37,56,70,60,69,
660.000000,184.000000,0.078085,15178968.000000,0.615937,0,1
25,24,24,19,20,20,12,11,
517.000000,108.000000,0.001350,17678327808.000000,0.117342,0,1
58,57,36,63,43,39,59,51,
544.000000,113.000000,0.005738,7469975552.000000,0.347895,0,1
45,57,36,60,46,36,64,44,
304.000000,154.000000,0.005366,463213.437500,0.008087,0,1
50,41,42,26,26,26,20,19,
119.000000,150.000000,0.004646,61041508.000000,0.013905,0,1
62,67,75,52,58,46,31,26,
118.000000,150.000000,0.004832,67148064.000000,0.014532,0,1
56,57,74,42,57,60,30,25,
337.000000,148.000000,0.002663,2930176.250000,0.004013,0,1
58,60,46,54,47,40,41,32,
296.000000,147.000000,0.003539,1537837.250000,0.005616,0,1
28,25,29,31,39,34,49,41,
335.000000,145.000000,0.024670,1904380.375000,0.037845,0,1
27,25,25,38,42,43,63,60,
485.000000,120.000000,0.001363,12903724032.000000,0.098259,0,1
72,77,62,75,60,70,51,45,
202.000000,144.000000,0.005293,72151824.000000,0.009678,0,1
246,206,244,145,188,218,109,99,
469.000000,121.000000,0.001384,13498158080.000000,0.111497,0,1
61,56,78,67,71,84,63,70,
374.000000,122.000000,0.017034,1111802.375000,0.029570,0,1
63,67,67,71,74,74,81,79,
327.000000,140.000000,0.007251,1070297.750000,0.010927,0,1
89,75,76,59,56,58,40,37,
381.000000,124.000000,0.006414,371064.187500,0.008709,0,1
66,68,69,78,76,79,82,81,
149.000000,140.000000,0.002740,156706608.000000,0.007071,0,1
252,214,255,156,213,246,160,135,
139.000000,140.000000,0.003070,349180000.000000,0.008345,0,1
211,129,196,78,127,147,76,62,
121.000000,140.000000,0.003703,276173216.000000,0.010968,0,1
182,153,120,137,108,63,95,64,
117.000000,140.000000,0.002135,53215556.000000,0.006417,0,1
198,140,163,109,128,137,111,87,
299.000000,139.000000,0.001183,25759130.000000,0.001783,0,1
142,154,122,158,113,100,117,69,
439.000000,126.000000,0.000162,622646976.000000,0.016892,0,1
79,69,72,73,78,79,86,88,
148.000000,139.000000,0.002352,108557920.000000,0.006099,0,1
254,240,252,172,214,255,156,160,
209.000000,129.000000,0.004323,22287884.000000,0.007525,0,1
85,101,104,128,140,150,149,147,
356.000000,131.000000,0.009222,5778219.000000,0.013898,0,1
60,64,64,64,73,75,74,82,
455.000000,131.000000,0.000890,15151808.000000,0.002540,0,1
85,82,83,73,77,82,64,67,
451.000000,132.000000,0.000042,644575296.000000,0.001846,0,1
75,72,66,64,63,63,63,55,
224.000000,132.000000,0.000355,43965720.000000,0.001563,0,1
127,123,103,104,82,71,80,74,
287.000000,132.000000,0.003221,3484946.750000,0.004855,0,1
103,99,103,112,121,116,138,123,
446.000000,132.000000,0.001954,6953090048.000000,0.178399,0,1
76,82,66,83,73,56,75,68,
365.000000,131.000000,0.020609,24760998.000000,1.888713,0,1
62,65,66,72,74,73,80,74,
68.000000,212.000000,0.051405,74432440.000000,13.064789,0,1
25,33,32,43,46,49,60,60,
90.000000,211.000000,0.052153,18176288.000000,0.199642,0,1
26,25,26,37,37,40,54,59,
119.000000,90.000000,0.033221,6640748.500000,0.108869,0,1
87,84,84,71,74,75,58,52,
91.000000,92.000000,0.036848,175112432.000000,12.947056,0,1
51,47,47,40,40,41,32,31,
111.000000,134.000000,0.032994,620709376.000000,0.107601,0,1
42,36,66,33,46,112,37,46,
104.000000,207.000000,0.049300,74410608.000000,12.893851,0,1
18,22,19,32,33,38,47,54,
178.000000,198.000000,0.044693,223492480.000000,8.435143,0,1
17,18,21,28,32,37,46,55,
467.000000,127.000000,0.001290,7749125120.000000,0.104611,0,1
71,81,61,82,67,59,81,73,
158.000000,108.000000,0.000453,631517.062500,0.001139,0,1
58,59,60,62,62,62,66,68,
111.000000,111.000000,0.032759,147428048.000000,0.108178,0,1
41,32,53,28,41,60,33,43,
112.000000,111.000000,0.032577,135934896.000000,0.107108,0,1
52,41,59,32,54,62,43,60,
111.000000,114.000000,0.032869,207228768.000000,0.108302,0,1
43,33,60,29,43,70,34,41,
466.000000,114.000000,0.001413,22580267008.000000,0.171769,0,1
48,56,42,57,40,35,55,54,
111.000000,126.000000,0.034091,23677716480.000000,11.323043,0,1
43,36,64,32,43,86,34,41,
469.000000,115.000000,0.001378,29213372416.000000,0.164506,0,1
52,35,55,34,47,59,39,56,
111.000000,140.000000,0.035170,294535712.000000,0.115014,0,1
40,34,45,31,35,61,32,34,
326.000000,125.000000,0.005243,240727.453125,0.007901,0,1
63,65,66,69,70,71,75,77,
179.000000,140.000000,0.005298,108721456.000000,0.011489,0,1
125,93,125,76,93,119,61,63,
595.000000,118.000000,0.000104,228342528.000000,0.005001,0,1
58,49,57,44,49,57,44,41,
198.000000,147.000000,0.005163,13000821.000000,0.009747,0,1
137,105,97,59,54,54,30,26,
184.000000,147.000000,0.004573,28110744.000000,0.009566,0,1
72,58,45,39,33,28,27,24,
466.000000,120.000000,0.001464,18111594496.000000,0.177329,0,1
61,65,54,75,69,56,81,82,
446.000000,144.000000,0.004904,8027880960.000000,0.410555,0,1
63,55,50,32,44,51,30,21,
498.000000,122.000000,0.004830,3819161600.000000,0.162704,0,1
56,62,45,68,49,36,53,41,
