# timestamp
1608635081560686848

# fx, fy, cx, cy, width, height, npoints
501.476044,501.475861,421.795502,167.657913,800,400,524

# camToWorld: translation vector, rotation quaternion
0.449257,-14.015566,0.123961,0.000006,-0.718451,0.695520,-0.008974

# Exposure time (ms)
0.501760

# GPS Data
# GPSData: Covariance matrix
0.000019,0.000000,0.000000,0.000000,0.000033,0.000000,0.000000,0.000000,0.000075

# GPSData: GPS point
-12.752223,4.005181,0.071071

# Point Cloud Data : 
# u,v,idepth_scaled,idepth_hessian,maxRelBaseline,numGoodRes,status 
# color information 
696.000000,8.000000,0.029271,2817311488.000000,0.915770,0,1
131,116,143,119,140,152,131,147,
773.000000,9.000000,0.029542,443053792.000000,0.358331,0,1
111,98,86,97,90,61,76,60,
630.000000,89.000000,0.034850,915806912.000000,0.723501,0,1
105,103,91,96,90,82,80,83,
52.000000,121.000000,0.026729,2165242368.000000,1.001998,0,1
110,107,102,101,96,93,92,86,
63.000000,182.000000,0.037681,164424768.000000,1.235028,0,1
53,53,54,56,59,61,69,72,
71.000000,211.000000,0.061385,112213872.000000,1.623269,0,1
43,48,46,55,55,54,60,59,
741.000000,259.000000,0.123391,19499790.000000,2.144403,0,1
38,35,36,44,47,47,49,50,
111.000000,265.000000,0.121041,72949984.000000,1.809492,0,1
45,52,51,48,48,48,29,29,
234.000000,267.000000,0.113649,2418439.500000,1.337791,0,1
43,42,42,42,43,43,45,49,
84.000000,274.000000,0.134799,34522436.000000,2.315528,0,1
32,33,30,36,32,27,35,31,
123.000000,284.000000,0.139730,18495438.000000,2.131385,0,1
28,25,27,25,30,31,35,33,
111.000000,287.000000,0.143783,151827632.000000,2.231814,0,1
31,31,30,30,35,43,32,33,
108.000000,290.000000,0.146709,134512736.000000,2.272904,0,1
30,32,30,35,34,32,41,34,
702.000000,9.000000,0.029171,1981827328.000000,0.927976,0,1
144,135,161,145,158,167,142,147,
70.000000,194.000000,0.046022,148061616.000000,1.369864,0,1
32,34,33,43,42,40,53,52,
517.000000,31.000000,0.013430,38487664.000000,0.068610,0,1
179,169,153,167,153,156,153,141,
744.000000,41.000000,0.029876,207930592.000000,0.218175,0,1
42,41,49,44,64,65,57,75,
123.000000,62.000000,0.054696,762557248.000000,0.869140,0,1
125,136,134,135,121,121,119,121,
107.000000,70.000000,0.057087,749017152.000000,0.936133,0,1
134,126,120,142,124,114,140,137,
307.000000,71.000000,0.012953,459995904.000000,0.209584,0,1
115,109,106,91,102,96,81,91,
89.000000,89.000000,0.057997,231546448.000000,0.493067,0,1
145,142,143,140,131,138,130,122,
652.000000,89.000000,0.035797,266482208.000000,0.810375,0,1
102,101,100,98,88,91,74,70,
129.000000,93.000000,0.057615,171199632.000000,0.338549,0,1
62,91,60,94,92,62,84,73,
627.000000,95.000000,0.015747,723319552.000000,0.293220,0,1
85,81,88,82,100,96,89,82,
94.000000,96.000000,0.057488,570699456.000000,0.479199,0,1
89,101,81,135,115,94,137,134,
120.000000,96.000000,0.056783,396164288.000000,0.435065,0,1
89,101,97,65,96,98,57,61,
657.000000,96.000000,0.032785,73137408.000000,0.468412,0,1
87,75,94,85,84,94,89,87,
70.000000,98.000000,0.007765,10555919360.000000,0.346582,0,1
141,126,142,116,135,143,114,122,
70.000000,99.000000,0.007730,13687245824.000000,0.345226,0,1
140,121,140,109,127,139,111,120,
62.000000,104.000000,0.008023,15323844608.000000,0.364381,0,1
123,128,107,133,119,100,129,119,
176.000000,108.000000,0.058600,53755084.000000,1.110449,0,1
46,47,52,48,62,56,64,62,
74.000000,114.000000,0.008596,275216352.000000,0.066115,0,1
132,109,133,94,117,127,93,95,
61.000000,120.000000,0.007792,9399586816.000000,0.353718,0,1
97,99,79,102,82,69,90,73,
518.000000,125.000000,0.007703,20839748.000000,0.017860,0,1
74,91,76,90,76,78,73,46,
120.000000,129.000000,0.056520,109845792.000000,0.495456,0,1
42,51,43,62,57,43,73,69,
48.000000,141.000000,0.007930,4954747904.000000,0.370953,0,1
56,52,66,45,56,62,43,39,
60.000000,145.000000,0.008588,1108984704.000000,0.385057,0,1
47,49,47,39,39,39,37,36,
51.000000,161.000000,0.006234,1631945600.000000,0.295220,0,1
51,48,45,42,40,39,35,33,
722.000000,259.000000,0.119117,16135391.000000,1.801152,0,1
42,41,37,48,44,42,49,46,
708.000000,260.000000,0.120217,11024625.000000,1.970601,0,1
40,45,45,49,48,49,51,52,
134.000000,265.000000,0.118980,228238256.000000,1.907919,0,1
48,58,60,45,42,41,28,31,
152.000000,265.000000,0.119606,379641600.000000,1.807449,0,1
52,56,59,37,37,38,24,25,
157.000000,265.000000,0.119779,335796256.000000,1.780325,0,1
50,59,59,39,43,47,27,26,
183.000000,267.000000,0.122405,255975904.000000,0.962406,0,1
37,46,39,63,55,43,68,71,
161.000000,275.000000,0.128836,66237552.000000,1.830520,0,1
38,34,34,31,31,29,28,26,
700.000000,275.000000,0.132345,16412892.000000,1.547446,0,1
50,47,50,45,44,52,42,44,
379.000000,277.000000,0.137366,2737710.000000,0.865479,0,1
39,40,39,40,44,42,45,44,
642.000000,277.000000,0.138659,5958982.000000,1.703910,0,1
40,39,39,51,43,40,51,52,
147.000000,278.000000,0.136359,164122304.000000,1.958842,0,1
42,42,39,33,36,28,28,30,
170.000000,278.000000,0.140513,15825972.000000,1.234877,0,1
29,29,42,31,55,74,63,72,
395.000000,278.000000,0.141534,7661004.000000,0.798292,0,1
39,42,40,46,43,41,48,45,
159.000000,283.000000,0.137166,76497128.000000,1.909039,0,1
42,33,35,35,40,45,42,49,
648.000000,284.000000,0.148687,3010828.750000,1.789121,0,1
50,48,50,41,47,49,37,37,
205.000000,286.000000,0.141435,37240384.000000,1.674241,0,1
39,40,39,45,43,38,47,41,
267.000000,289.000000,0.146502,189394416.000000,1.383129,0,1
45,46,45,47,58,47,60,56,
656.000000,290.000000,0.156817,9404209.000000,1.885164,0,1
51,48,53,37,47,54,38,38,
281.000000,291.000000,0.150763,23402112.000000,1.336131,0,1
44,44,47,45,55,54,59,62,
582.000000,25.000000,0.052288,14795432.000000,0.228719,0,1
196,194,189,192,190,183,193,187,
189.000000,271.000000,0.126350,263885328.000000,1.261689,0,1
32,38,30,56,31,32,38,29,
172.000000,267.000000,0.121789,364017440.000000,0.992199,0,1
65,59,66,34,44,58,26,25,
170.000000,263.000000,0.119164,76236616.000000,0.966193,0,1
41,37,40,39,41,41,58,65,
80.000000,194.000000,0.046583,24128106.000000,1.342322,0,1
33,35,35,41,43,43,55,62,
89.000000,101.000000,0.056551,225216224.000000,0.476700,0,1
138,135,122,136,132,111,136,133,
596.000000,110.000000,0.029251,76613584.000000,0.528642,0,1
49,45,60,46,58,71,56,62,
483.000000,32.000000,0.014740,1446894080.000000,0.228776,0,1
179,167,184,143,164,199,151,171,
482.000000,261.000000,0.117792,232957664.000000,0.804858,0,1
67,67,63,50,53,48,49,46,
483.000000,260.000000,0.117916,230306432.000000,0.802894,0,1
54,67,51,67,63,48,53,48,
413.000000,260.000000,0.117015,60197900.000000,0.696045,0,1
49,48,51,50,54,71,49,43,
503.000000,259.000000,0.116432,66908540.000000,0.861694,0,1
52,58,47,66,49,44,50,49,
125.000000,71.000000,0.056207,814081792.000000,0.430007,0,1
128,129,100,122,102,83,98,76,
731.000000,18.000000,0.028360,8430356480.000000,0.975377,0,1
141,153,137,157,140,113,142,130,
743.000000,20.000000,0.029263,4615147008.000000,1.027876,0,1
121,114,78,89,94,54,77,53,
677.000000,22.000000,0.029817,220958656.000000,0.867480,0,1
175,173,166,179,178,177,180,178,
711.000000,24.000000,0.029085,492435552.000000,0.719347,0,1
153,161,152,160,148,145,144,135,
750.000000,28.000000,0.028351,13793093632.000000,1.014856,0,1
80,66,92,54,81,103,60,66,
585.000000,29.000000,0.054920,1809375232.000000,0.356976,0,1
161,150,127,173,131,143,181,171,
696.000000,31.000000,0.029219,234725904.000000,0.686667,0,1
160,165,169,177,175,176,177,174,
726.000000,32.000000,0.033062,300105088.000000,0.394063,0,1
154,151,143,142,139,125,133,126,
741.000000,32.000000,0.029022,3948782848.000000,0.775495,0,1
85,103,63,102,78,51,91,64,
711.000000,33.000000,0.028866,10185548800.000000,0.706742,0,1
106,133,100,171,129,90,171,164,
733.000000,33.000000,0.034116,2880116736.000000,0.668957,0,1
105,112,95,118,99,89,99,94,
503.000000,34.000000,0.011083,27794124.000000,0.031838,0,1
147,157,131,160,146,133,152,135,
575.000000,34.000000,0.053877,2012510976.000000,0.423649,0,1
157,159,128,180,147,102,178,175,
487.000000,35.000000,0.013701,310075936.000000,0.215459,0,1
201,196,198,183,192,197,182,172,
724.000000,37.000000,0.028979,1111334912.000000,0.335471,0,1
132,126,140,127,144,146,133,143,
460.000000,39.000000,0.010476,599675904.000000,0.150168,0,1
158,135,138,148,139,130,140,133,
476.000000,39.000000,0.016193,87113376.000000,0.165715,0,1
127,129,145,135,129,164,116,141,
575.000000,39.000000,0.054375,1544759424.000000,0.419981,0,1
160,165,135,146,148,115,126,123,
294.000000,41.000000,0.011774,1425500928.000000,0.234308,0,1
166,153,155,145,135,139,135,118,
402.000000,42.000000,0.014305,531653472.000000,0.183497,0,1
146,155,120,160,134,121,153,139,
403.000000,45.000000,0.013539,330147264.000000,0.169203,0,1
119,139,108,140,123,112,133,134,
431.000000,45.000000,0.013193,387610976.000000,0.162418,0,1
163,149,137,147,140,122,139,124,
433.000000,47.000000,0.013862,206431024.000000,0.166462,0,1
122,117,138,124,129,142,107,123,
253.000000,50.000000,0.015778,28283382.000000,0.362260,0,1
154,151,159,155,159,159,146,156,
466.000000,50.000000,0.012610,71883312.000000,0.166256,0,1
106,113,97,101,98,107,106,104,
504.000000,51.000000,0.012664,221842800.000000,0.062702,0,1
114,109,142,105,121,145,113,115,
554.000000,51.000000,0.014033,396672768.000000,0.276115,0,1
144,137,158,144,143,146,117,138,
212.000000,52.000000,0.018148,114397832.000000,0.514534,0,1
160,152,159,156,155,148,153,146,
500.000000,52.000000,0.017310,686406400.000000,0.249596,0,1
111,122,96,120,119,101,116,118,
600.000000,52.000000,0.054907,297099936.000000,0.323300,0,1
125,123,126,142,130,142,149,151,
318.000000,53.000000,0.011966,1346658688.000000,0.201304,0,1
165,164,154,160,140,140,142,112,
380.000000,53.000000,0.012872,293380096.000000,0.156787,0,1
174,174,154,174,160,148,171,159,
487.000000,53.000000,0.012214,321021472.000000,0.172096,0,1
153,154,138,153,146,138,155,149,
455.000000,54.000000,0.014998,1021584768.000000,0.176535,0,1
132,97,122,95,93,116,85,90,
546.000000,54.000000,0.013439,159918000.000000,0.070289,0,1
154,145,149,145,137,138,136,126,
726.000000,56.000000,0.026362,5075951616.000000,0.516141,0,1
114,109,106,144,128,106,143,138,
219.000000,57.000000,0.027773,155833408.000000,0.355074,0,1
154,145,153,150,152,158,153,155,
252.000000,57.000000,0.014851,68888504.000000,0.341452,0,1
150,140,156,149,150,156,141,148,
397.000000,57.000000,0.013092,384465632.000000,0.146154,0,1
118,127,114,121,107,110,116,97,
151.000000,58.000000,0.055156,623140736.000000,0.673224,0,1
124,94,118,70,96,94,76,70,
367.000000,59.000000,0.013050,320714048.000000,0.159003,0,1
134,128,131,126,120,121,125,103,
215.000000,62.000000,0.027896,702491840.000000,0.360554,0,1
143,131,150,133,149,151,134,144,
250.000000,62.000000,0.014234,507646720.000000,0.342424,0,1
143,135,142,142,136,145,128,127,
537.000000,62.000000,0.014538,340012128.000000,0.136963,0,1
149,132,142,136,137,129,119,112,
513.000000,63.000000,0.016647,901090560.000000,0.241798,0,1
125,105,118,83,113,144,93,113,
735.000000,63.000000,0.028479,13932950528.000000,0.732266,0,1
88,119,64,131,102,51,122,95,
136.000000,64.000000,0.055512,519450656.000000,1.053373,0,1
68,68,74,63,72,60,62,56,
297.000000,64.000000,0.011986,2637812992.000000,0.215565,0,1
98,91,124,79,115,116,73,108,
386.000000,64.000000,0.012365,227891760.000000,0.133794,0,1
133,133,114,133,121,112,137,126,
144.000000,65.000000,0.055910,243052096.000000,1.028246,0,1
77,74,69,64,66,60,58,57,
441.000000,65.000000,0.013767,240010128.000000,0.140369,0,1
104,98,85,75,94,83,78,78,
522.000000,65.000000,0.006078,30790068.000000,0.041890,0,1
149,151,158,141,153,163,152,160,
168.000000,67.000000,0.053995,341262560.000000,0.355806,0,1
143,140,140,138,128,115,116,90,
252.000000,68.000000,0.021253,24348546.000000,0.091657,0,1
132,115,138,102,119,123,101,117,
584.000000,68.000000,0.054324,932211264.000000,0.309790,0,1
92,116,66,106,104,122,124,106,
354.000000,69.000000,0.013380,110179096.000000,0.074327,0,1
129,111,117,116,113,106,94,92,
195.000000,71.000000,0.011582,832937344.000000,0.337919,0,1
135,132,127,124,127,122,118,110,
219.000000,71.000000,0.011424,556863424.000000,0.296383,0,1
143,142,140,137,134,139,132,119,
166.000000,72.000000,0.054299,851529344.000000,0.358847,0,1
134,134,115,134,99,79,115,69,
254.000000,72.000000,0.015813,89959512.000000,0.159098,0,1
120,109,133,116,123,132,103,123,
263.000000,73.000000,0.012675,284293728.000000,0.143436,0,1
100,109,97,119,97,100,112,93,
596.000000,73.000000,0.055572,245520960.000000,0.333893,0,1
108,86,104,96,120,113,127,140,
639.000000,73.000000,0.035285,1687609600.000000,0.781350,0,1
146,137,141,116,120,139,97,131,
726.000000,73.000000,0.028981,1582195200.000000,0.929552,0,1
130,137,125,144,132,123,141,134,
386.000000,74.000000,0.014557,141638416.000000,0.140240,0,1
109,122,99,123,108,95,124,121,
505.000000,74.000000,0.014916,190451696.000000,0.060167,0,1
104,111,118,113,128,124,140,144,
233.000000,75.000000,0.016028,436033536.000000,0.387652,0,1
117,110,109,94,97,108,88,85,
391.000000,75.000000,0.011262,84853040.000000,0.116144,0,1
83,99,82,99,92,87,116,103,
203.000000,76.000000,0.011049,467575648.000000,0.307855,0,1
115,105,107,101,105,99,91,93,
129.000000,77.000000,0.056153,938114176.000000,0.730480,0,1
63,74,68,89,83,77,112,121,
529.000000,77.000000,0.016829,142146880.000000,0.143964,0,1
146,153,142,154,140,130,146,146,
277.000000,79.000000,0.022935,427899040.000000,0.208856,0,1
101,96,96,99,84,96,95,85,
655.000000,79.000000,0.022345,950029376.000000,0.591496,0,1
136,129,133,124,123,130,117,117,
750.000000,79.000000,0.028766,5819162624.000000,0.343161,0,1
83,54,106,39,85,102,65,90,
251.000000,80.000000,0.011904,1647025920.000000,0.258878,0,1
98,85,110,82,99,112,83,103,
471.000000,80.000000,0.015265,247444720.000000,0.151936,0,1
98,86,86,65,84,74,73,71,
203.000000,82.000000,0.010987,390236896.000000,0.135096,0,1
89,89,102,81,95,87,79,82,
597.000000,82.000000,0.053964,458412512.000000,0.400768,0,1
127,125,136,116,114,128,106,101,
692.000000,83.000000,0.016635,2125170176.000000,0.403088,0,1
128,143,122,143,126,125,141,125,
588.000000,85.000000,0.054045,558679552.000000,0.379035,0,1
62,64,86,60,94,113,91,120,
167.000000,86.000000,0.053323,783309696.000000,0.594618,0,1
64,63,54,81,86,54,107,115,
262.000000,86.000000,0.011445,526098208.000000,0.170784,0,1
95,100,83,97,90,79,83,70,
177.000000,87.000000,0.055000,415731136.000000,0.344342,0,1
55,64,61,73,93,88,105,128,
728.000000,87.000000,0.028970,3135778560.000000,0.916694,0,1
111,121,105,135,118,104,130,121,
428.000000,88.000000,0.014163,245137328.000000,0.102214,0,1
63,57,94,78,102,112,65,92,
160.000000,90.000000,0.053901,972699520.000000,0.616746,0,1
118,89,82,60,74,56,51,48,
375.000000,90.000000,0.013576,291959744.000000,0.120048,0,1
129,92,133,93,121,127,88,112,
483.000000,90.000000,0.014420,69198376.000000,0.154530,0,1
56,65,60,51,63,71,51,67,
640.000000,90.000000,0.035658,510379456.000000,0.767297,0,1
90,89,88,84,77,104,84,80,
166.000000,91.000000,0.053586,1235417728.000000,0.598526,0,1
70,53,77,58,90,115,71,85,
242.000000,91.000000,0.012077,888583040.000000,0.144018,0,1
84,96,73,95,89,65,94,66,
271.000000,91.000000,0.013608,397519424.000000,0.256711,0,1
75,68,86,68,74,69,81,86,
422.000000,91.000000,0.013812,83613984.000000,0.091798,0,1
71,58,85,76,78,90,64,69,
504.000000,92.000000,0.016992,376259904.000000,0.143727,0,1
115,88,98,69,99,108,80,73,
694.000000,92.000000,0.016488,1958685568.000000,0.396751,0,1
121,103,130,121,119,133,99,120,
189.000000,93.000000,0.011751,790223872.000000,0.342136,0,1
91,83,79,80,70,74,70,59,
255.000000,93.000000,0.010469,1371432704.000000,0.220749,0,1
108,81,88,80,88,75,87,80,
618.000000,93.000000,0.060064,119195280.000000,0.394042,0,1
94,80,103,81,91,116,77,95,
354.000000,94.000000,0.024834,91333400.000000,0.219370,0,1
87,87,76,76,76,73,80,71,
225.000000,98.000000,0.010825,595849024.000000,0.263283,0,1
84,71,74,54,72,67,56,66,
687.000000,98.000000,0.022693,388831968.000000,0.662365,0,1
128,120,129,112,121,127,113,108,
266.000000,99.000000,0.012028,262201232.000000,0.107422,0,1
72,62,70,57,59,60,59,56,
290.000000,100.000000,0.011527,525766880.000000,0.198730,0,1
99,73,110,68,87,83,61,76,
340.000000,100.000000,0.011455,105328432.000000,0.126721,0,1
64,64,53,47,56,63,52,46,
532.000000,100.000000,0.016739,210002784.000000,0.062404,0,1
84,107,63,104,75,72,95,66,
748.000000,100.000000,0.029279,5457261056.000000,0.343823,0,1
72,86,47,92,68,35,85,50,
397.000000,101.000000,0.013810,127551640.000000,0.084318,0,1
71,70,80,71,68,69,56,62,
644.000000,101.000000,0.028750,1169989376.000000,0.664657,0,1
91,95,82,84,87,68,88,78,
707.000000,101.000000,0.010154,1664948736.000000,0.367963,0,1
124,127,101,127,121,107,127,118,
200.000000,102.000000,0.011346,815694528.000000,0.309691,0,1
64,58,71,54,62,74,56,55,
212.000000,102.000000,0.011246,1086328064.000000,0.288050,0,1
76,62,82,57,69,67,58,55,
411.000000,102.000000,0.014343,166092208.000000,0.077457,0,1
84,73,93,59,78,70,53,55,
558.000000,102.000000,0.018744,17858672.000000,0.295613,0,1
71,60,76,54,67,77,55,59,
651.000000,102.000000,0.022828,304707808.000000,0.436143,0,1
79,73,89,74,86,82,72,78,
467.000000,103.000000,0.014886,39575680.000000,0.114020,0,1
64,63,51,59,69,44,59,51,
524.000000,105.000000,0.013605,247530816.000000,0.062714,0,1
107,112,77,122,99,95,111,101,
225.000000,106.000000,0.010612,855360960.000000,0.256172,0,1
80,79,71,66,72,61,59,52,
455.000000,107.000000,0.014867,109144552.000000,0.094231,0,1
48,73,61,60,49,45,73,48,
625.000000,107.000000,0.024426,125416224.000000,0.144100,0,1
91,82,100,74,88,92,70,63,
162.000000,108.000000,0.054548,100998680.000000,1.133841,0,1
51,58,47,40,43,43,38,38,
180.000000,108.000000,0.059918,153338464.000000,1.106154,0,1
58,54,53,56,72,60,63,74,
293.000000,108.000000,0.011899,470370336.000000,0.189612,0,1
84,70,71,58,67,55,56,64,
495.000000,108.000000,0.015387,411591680.000000,0.153367,0,1
85,98,68,88,84,65,75,71,
756.000000,108.000000,0.029580,3473249024.000000,1.000406,0,1
109,106,100,109,98,93,103,92,
422.000000,109.000000,0.014276,21273746.000000,0.066537,0,1
63,51,70,48,56,72,48,48,
547.000000,109.000000,0.022971,97002112.000000,0.096947,0,1
77,64,79,53,72,82,53,59,
622.000000,109.000000,0.022154,117945168.000000,0.154921,0,1
85,89,74,80,77,61,74,68,
467.000000,110.000000,0.015285,37581672.000000,0.112284,0,1
72,69,54,72,65,45,65,59,
576.000000,110.000000,0.056154,115030952.000000,0.716292,0,1
40,48,40,58,50,39,55,54,
678.000000,112.000000,0.024397,987262592.000000,0.670240,0,1
80,88,69,91,76,62,80,62,
553.000000,113.000000,0.022444,237790784.000000,0.338442,0,1
59,64,47,63,52,45,59,46,
161.000000,117.000000,0.053804,481726848.000000,1.124907,0,1
40,35,46,33,47,56,37,44,
494.000000,117.000000,0.015245,90279856.000000,0.143867,0,1
63,65,52,57,48,52,48,39,
669.000000,117.000000,0.003876,236346768.000000,0.031085,0,1
71,58,70,46,56,61,47,48,
717.000000,117.000000,0.004069,6938580480.000000,0.117304,0,1
101,109,71,109,86,45,90,60,
615.000000,118.000000,0.025232,180049616.000000,0.523381,0,1
63,62,54,55,53,46,57,49,
549.000000,120.000000,0.023672,25795826.000000,0.111828,0,1
53,62,48,68,53,43,54,44,
575.000000,120.000000,0.017202,85281008.000000,0.317693,0,1
52,57,47,53,48,44,43,46,
732.000000,122.000000,0.027000,654456064.000000,0.287529,0,1
59,71,38,90,59,30,82,49,
739.000000,123.000000,0.028334,3169894400.000000,0.320089,0,1
47,27,56,23,50,51,24,30,
728.000000,124.000000,0.009407,970726592.000000,0.263736,0,1
78,75,88,60,72,76,48,41,
675.000000,126.000000,0.018803,163473360.000000,0.552476,0,1
60,49,47,37,43,38,36,35,
614.000000,127.000000,0.001035,187211392.000000,0.054764,0,1
57,49,44,42,48,40,38,38,
655.000000,127.000000,0.016889,55768504.000000,0.521271,0,1
55,48,45,40,39,37,30,31,
151.000000,131.000000,0.052060,267150784.000000,1.128824,0,1
41,43,34,50,39,35,42,36,
99.000000,133.000000,0.011287,125024832.000000,0.317380,0,1
70,76,66,59,55,55,44,41,
574.000000,133.000000,0.054736,123635600.000000,0.679817,0,1
34,31,40,23,29,30,22,24,
728.000000,133.000000,0.009382,2192548096.000000,0.263450,0,1
59,49,53,45,57,68,57,60,
251.000000,134.000000,0.004788,370042560.000000,0.107298,0,1
51,50,58,51,62,59,53,66,
726.000000,136.000000,0.008980,130152864.000000,0.089877,0,1
49,50,59,47,59,68,53,62,
148.000000,138.000000,0.053327,250461312.000000,1.157010,0,1
41,42,37,42,35,29,34,29,
707.000000,143.000000,0.006228,879233536.000000,0.231687,0,1
24,29,25,37,37,32,40,38,
756.000000,148.000000,0.019016,356894528.000000,0.541792,0,1
36,43,36,50,40,32,40,33,
77.000000,149.000000,0.005195,327182944.000000,0.235557,0,1
34,36,43,36,41,54,36,38,
677.000000,149.000000,0.035002,73807256.000000,0.851234,0,1
23,22,28,22,31,33,28,32,
588.000000,165.000000,0.029641,55433380.000000,0.508739,0,1
29,25,29,35,37,36,49,53,
604.000000,165.000000,0.029193,68549000.000000,0.544832,0,1
21,19,26,30,34,37,48,53,
728.000000,165.000000,0.040926,124068816.000000,1.192042,0,1
25,28,26,38,37,37,48,52,
532.000000,166.000000,0.035161,30487864.000000,0.385223,0,1
24,28,22,31,31,29,43,49,
510.000000,167.000000,0.033444,29515230.000000,0.303163,0,1
28,34,33,42,41,40,49,49,
543.000000,167.000000,0.033303,67038156.000000,0.426886,0,1
19,26,26,42,40,42,51,52,
368.000000,168.000000,0.035049,17241108.000000,0.178419,0,1
28,30,26,36,29,29,35,45,
402.000000,168.000000,0.034157,20723098.000000,0.092268,0,1
33,36,35,41,41,39,51,55,
430.000000,168.000000,0.033182,17172398.000000,0.076302,0,1
32,37,35,43,45,44,52,54,
387.000000,169.000000,0.035600,24595978.000000,0.126371,0,1
33,36,34,46,42,45,51,52,
191.000000,170.000000,0.030588,53088084.000000,0.715351,0,1
28,29,29,32,33,31,41,48,
279.000000,170.000000,0.032835,36907952.000000,0.442646,0,1
29,29,36,37,38,43,48,57,
351.000000,170.000000,0.033138,36433832.000000,0.234285,0,1
23,26,31,39,38,41,46,46,
250.000000,171.000000,0.031262,65512492.000000,0.521123,0,1
30,33,31,43,41,41,54,55,
332.000000,171.000000,0.031726,84909136.000000,0.279548,0,1
24,33,32,45,44,44,49,48,
371.000000,171.000000,0.034488,41059468.000000,0.173028,0,1
32,42,36,51,46,44,51,54,
651.000000,171.000000,0.038078,46190552.000000,0.812363,0,1
50,56,58,56,54,55,48,49,
545.000000,175.000000,0.049795,21702692.000000,0.536818,0,1
48,43,47,44,46,51,48,55,
137.000000,177.000000,0.053943,402132256.000000,1.212733,0,1
39,47,35,53,41,34,44,37,
450.000000,177.000000,0.042212,5306489.000000,0.161641,0,1
48,46,49,48,50,53,54,58,
641.000000,177.000000,0.042138,138935584.000000,0.831907,0,1
47,47,50,47,50,57,50,53,
509.000000,178.000000,0.044233,22783178.000000,0.367975,0,1
46,50,50,50,54,57,57,64,
524.000000,178.000000,0.042366,7954953.500000,0.409098,0,1
45,49,47,52,51,50,53,56,
556.000000,179.000000,0.051997,40436788.000000,0.608926,0,1
43,37,41,32,35,43,29,30,
596.000000,179.000000,0.053194,139913408.000000,0.768977,0,1
51,53,53,41,48,49,43,42,
617.000000,179.000000,0.043787,179274240.000000,0.763015,0,1
53,53,54,57,62,55,61,61,
736.000000,179.000000,0.046539,142166832.000000,1.266006,0,1
51,55,54,55,55,51,46,33,
749.000000,179.000000,0.046141,217521632.000000,1.303838,0,1
48,53,50,50,48,44,41,29,
700.000000,180.000000,0.046241,174818144.000000,1.112247,0,1
53,54,53,53,47,45,39,23,
153.000000,181.000000,0.053884,231777792.000000,1.147645,0,1
34,31,42,29,37,45,31,36,
640.000000,181.000000,0.046338,60861500.000000,0.880292,0,1
53,51,54,43,45,49,33,25,
493.000000,182.000000,0.046309,78694376.000000,0.323565,0,1
58,55,51,47,47,42,31,24,
513.000000,182.000000,0.046582,92679944.000000,0.398219,0,1
58,57,58,49,51,49,29,23,
625.000000,182.000000,0.047452,346007808.000000,0.834606,0,1
50,52,50,47,41,39,43,41,
634.000000,184.000000,0.046036,124695720.000000,0.858737,0,1
33,25,26,30,33,32,43,48,
705.000000,184.000000,0.046743,133196424.000000,1.153792,0,1
22,21,24,32,34,36,46,46,
351.000000,185.000000,0.045298,60623016.000000,0.298078,0,1
53,52,49,40,40,39,29,29,
282.000000,186.000000,0.046203,84510512.000000,0.555444,0,1
53,53,51,42,41,39,28,22,
559.000000,186.000000,0.056201,39111552.000000,0.641082,0,1
42,44,38,34,39,33,30,31,
212.000000,188.000000,0.047472,182345760.000000,0.838119,0,1
55,47,55,42,48,52,41,34,
328.000000,188.000000,0.046396,80796608.000000,0.396954,0,1
26,24,21,32,29,26,42,43,
580.000000,188.000000,0.056359,29415478.000000,0.733485,0,1
29,29,28,32,30,26,38,37,
217.000000,189.000000,0.045901,62112624.000000,0.799782,0,1
55,48,47,42,37,32,30,31,
305.000000,189.000000,0.046156,66850680.000000,0.478608,0,1
22,24,23,35,36,32,45,43,
306.000000,189.000000,0.045919,63066228.000000,0.476740,0,1
23,23,23,36,33,32,44,43,
322.000000,189.000000,0.045784,30954348.000000,0.427095,0,1
22,24,25,32,33,36,40,41,
356.000000,189.000000,0.047222,61803504.000000,0.299288,0,1
31,45,38,48,48,47,46,43,
620.000000,189.000000,0.058056,27904336.000000,0.924986,0,1
50,45,49,38,42,47,36,33,
233.000000,191.000000,0.046361,75412056.000000,0.750714,0,1
25,28,33,36,38,40,43,43,
458.000000,191.000000,0.050402,11692328.000000,0.244185,0,1
51,47,54,42,45,54,41,43,
535.000000,192.000000,0.051764,15813264.000000,0.523667,0,1
28,35,30,36,39,37,38,40,
582.000000,193.000000,0.057924,82381736.000000,0.758795,0,1
37,31,40,26,32,40,27,23,
186.000000,196.000000,0.053685,75466784.000000,1.012323,0,1
40,36,40,32,34,33,26,24,
590.000000,197.000000,0.061072,52016260.000000,0.833470,0,1
38,35,35,32,31,30,23,22,
606.000000,197.000000,0.062463,29874874.000000,0.906710,0,1
27,33,30,30,30,29,21,20,
557.000000,198.000000,0.061136,125882112.000000,0.679159,0,1
44,40,51,27,35,42,30,32,
158.000000,199.000000,0.057254,65356488.000000,0.983255,0,1
23,24,24,33,32,25,36,32,
476.000000,199.000000,0.054601,6377008.000000,0.335034,0,1
40,45,39,49,45,38,48,49,
664.000000,200.000000,0.062636,18674186.000000,1.171110,0,1
42,42,42,44,44,43,45,49,
178.000000,201.000000,0.056493,46845440.000000,0.962849,0,1
25,24,24,25,30,32,30,35,
514.000000,202.000000,0.064460,12848937.000000,0.525836,0,1
40,39,38,43,43,42,46,47,
575.000000,202.000000,0.062763,122322808.000000,0.780601,0,1
20,26,22,35,33,34,44,46,
738.000000,202.000000,0.065410,30607532.000000,1.546976,0,1
41,44,44,48,48,48,49,51,
336.000000,204.000000,0.061596,44514928.000000,0.466719,0,1
39,43,40,49,48,43,53,48,
405.000000,236.000000,0.092902,38471280.000000,0.636922,0,1
51,52,53,50,50,48,46,47,
526.000000,246.000000,0.101111,77325712.000000,0.822276,0,1
56,55,53,52,51,50,49,48,
578.000000,257.000000,0.144529,2554607.000000,0.771656,0,1
49,56,52,46,53,45,36,38,
458.000000,260.000000,0.108366,6298054.500000,0.715841,0,1
49,47,50,44,48,51,45,48,
472.000000,260.000000,0.117795,60462692.000000,0.772544,0,1
54,47,65,45,48,54,46,49,
415.000000,261.000000,0.118260,99414008.000000,0.704851,0,1
51,66,62,50,67,50,46,50,
467.000000,261.000000,0.111226,7071516.500000,0.748599,0,1
47,44,40,46,45,48,49,50,
411.000000,262.000000,0.109504,13551257.000000,0.694037,0,1
50,50,49,55,47,43,51,49,
617.000000,262.000000,0.114828,112038696.000000,1.417664,0,1
38,44,42,52,48,40,51,52,
623.000000,263.000000,0.120860,11659159.000000,1.466969,0,1
51,49,48,39,45,44,44,45,
290.000000,273.000000,0.127500,334500896.000000,1.141976,0,1
52,53,68,49,64,57,50,48,
284.000000,274.000000,0.098006,4437838.000000,1.075311,0,1
47,47,46,47,48,47,49,51,
270.000000,282.000000,0.138287,21933382.000000,1.024674,0,1
44,44,45,43,48,50,48,47,
780.000000,21.000000,0.029694,3376165120.000000,0.402798,0,1
103,107,130,94,116,144,105,122,
726.000000,23.000000,0.033170,133779000.000000,0.224685,0,1
161,155,153,142,149,131,141,139,
458.000000,26.000000,0.014872,239793328.000000,0.144681,0,1
208,206,203,203,194,175,198,171,
522.000000,26.000000,0.015069,131243216.000000,0.281883,0,1
201,189,203,185,186,203,177,197,
708.000000,27.000000,0.028765,9162179584.000000,0.912477,0,1
159,127,131,102,106,130,97,102,
233.000000,268.000000,0.108301,3400202.000000,1.356425,0,1
42,42,43,43,45,45,44,44,
332.000000,264.000000,0.117923,161019248.000000,0.942362,0,1
50,48,60,48,50,49,46,45,
296.000000,263.000000,0.116862,216916128.000000,1.089151,0,1
46,48,69,47,52,58,49,49,
343.000000,262.000000,0.110555,11719607.000000,0.828902,0,1
48,47,46,49,45,45,51,45,
753.000000,39.000000,0.028758,5039134720.000000,0.607488,0,1
66,49,80,50,66,104,46,53,
765.000000,39.000000,0.030546,4511696384.000000,0.394615,0,1
104,122,71,117,73,57,83,50,
302.000000,40.000000,0.012061,491852384.000000,0.230885,0,1
171,154,172,158,155,173,140,150,
734.000000,40.000000,0.034392,8024298496.000000,0.665503,0,1
64,93,67,127,96,74,125,131,
432.000000,42.000000,0.012158,174381120.000000,0.156158,0,1
135,162,134,160,140,138,163,137,
149.000000,44.000000,0.055999,467353952.000000,0.406374,0,1
142,112,146,114,116,149,121,125,
525.000000,44.000000,0.014555,262400192.000000,0.254242,0,1
185,182,179,175,171,171,163,150,
553.000000,44.000000,0.013156,123213040.000000,0.074873,0,1
157,164,145,166,158,141,162,133,
604.000000,44.000000,0.053338,1589870592.000000,0.454445,0,1
155,138,171,143,147,178,143,145,
394.000000,261.000000,0.118690,67609768.000000,0.721218,0,1
48,49,49,53,57,57,56,51,
424.000000,260.000000,0.118313,146050560.000000,0.699510,0,1
52,54,52,66,68,60,69,52,
396.000000,260.000000,0.118456,34652260.000000,0.712269,0,1
46,47,47,49,48,48,61,56,
546.000000,258.000000,0.118681,29616746.000000,0.929112,0,1
51,50,58,49,57,61,49,49,
738.000000,53.000000,0.028722,1977422848.000000,0.338883,0,1
78,103,53,89,57,46,56,40,
743.000000,54.000000,0.027641,5851464192.000000,0.328742,0,1
74,65,93,53,82,97,61,68,
329.000000,55.000000,0.012359,2360665344.000000,0.194751,0,1
113,139,100,144,116,99,124,115,
383.000000,236.000000,0.092420,101352544.000000,0.712895,0,1
49,51,51,46,48,49,41,45,
432.000000,63.000000,0.013996,561118720.000000,0.142899,0,1
122,108,92,85,90,75,95,87,
452.000000,63.000000,0.012349,108777088.000000,0.134971,0,1
79,88,73,81,76,73,74,74,
764.000000,63.000000,0.030347,4308313088.000000,0.829664,0,1
121,129,121,108,120,102,90,96,
336.000000,64.000000,0.009597,184142848.000000,0.060393,0,1
96,77,107,79,88,110,79,75,
127.000000,65.000000,0.055369,2753178368.000000,0.729365,0,1
133,127,107,122,111,82,109,88,
536.000000,65.000000,0.015718,159832960.000000,0.073813,0,1
119,124,112,134,132,118,149,139,
318.000000,66.000000,0.011626,798065856.000000,0.183881,0,1
88,77,98,77,84,91,74,83,
467.000000,71.000000,0.015014,171681008.000000,0.160631,0,1
89,95,71,97,75,64,79,76,
502.000000,71.000000,0.017297,720172992.000000,0.222577,0,1
86,84,107,88,87,111,80,89,
442.000000,72.000000,0.012598,73257304.000000,0.122834,0,1
75,79,62,83,67,66,77,73,
622.000000,73.000000,0.051475,35943256.000000,0.235312,0,1
155,155,149,154,131,146,138,134,
310.000000,77.000000,0.016948,45836544.000000,0.050709,0,1
98,100,82,99,95,75,97,83,
467.000000,77.000000,0.014878,139135296.000000,0.079471,0,1
81,87,61,82,77,76,88,74,
586.000000,78.000000,0.052989,750182016.000000,0.295712,0,1
137,123,122,79,102,103,72,70,
569.000000,196.000000,0.060723,70931224.000000,0.725454,0,1
20,25,22,30,34,26,44,46,
561.000000,196.000000,0.060421,65585604.000000,0.688848,0,1
20,22,19,39,35,29,51,45,
759.000000,80.000000,0.029628,15831695360.000000,1.026032,0,1
95,77,95,53,98,123,89,105,
254.000000,81.000000,0.012064,1126670848.000000,0.258137,0,1
124,112,133,104,119,124,112,115,
597.000000,195.000000,0.059392,89559504.000000,0.837773,0,1
26,25,28,27,28,29,33,33,
388.000000,86.000000,0.011841,136919200.000000,0.100382,0,1
108,114,101,122,117,99,129,121,
243.000000,190.000000,0.045485,45610844.000000,0.700600,0,1
27,23,24,29,29,29,40,43,
366.000000,90.000000,0.014075,469313664.000000,0.131084,0,1
75,71,103,92,85,102,85,85,
334.000000,189.000000,0.047137,69724104.000000,0.375871,0,1
22,28,28,40,42,42,51,53,
604.000000,187.000000,0.058631,34228664.000000,0.857599,0,1
47,43,43,39,38,39,35,31,
231.000000,187.000000,0.045601,115216272.000000,0.746102,0,1
53,46,51,44,45,47,30,24,
678.000000,95.000000,0.022920,764411648.000000,0.647363,0,1
124,122,116,115,119,111,111,108,
293.000000,97.000000,0.011511,957343680.000000,0.190242,0,1
66,100,65,79,86,54,89,87,
303.000000,97.000000,0.011832,1210109696.000000,0.184360,0,1
67,61,90,54,77,94,58,72,
409.000000,98.000000,0.014248,139895648.000000,0.084056,0,1
68,69,70,69,77,75,80,84,
464.000000,183.000000,0.046265,82278728.000000,0.227971,0,1
56,52,51,39,38,33,26,23,
220.000000,100.000000,0.011942,1852247552.000000,0.295535,0,1
81,99,65,89,78,56,80,77,
136.000000,183.000000,0.054472,660849472.000000,1.228812,0,1
41,48,38,54,47,39,53,51,
394.000000,100.000000,0.011981,93664592.000000,0.076517,0,1
77,88,70,86,86,70,94,81,
181.000000,182.000000,0.052169,62883360.000000,1.007386,0,1
50,52,48,54,45,44,44,40,
135.000000,101.000000,0.055039,924872512.000000,1.256551,0,1
42,51,37,55,50,35,59,45,
237.000000,101.000000,0.011360,810233024.000000,0.144275,0,1
71,61,74,54,69,78,56,62,
675.000000,181.000000,0.046119,235804384.000000,1.013433,0,1
52,54,50,47,45,44,27,22,
148.000000,181.000000,0.053757,295871904.000000,1.167905,0,1
43,46,38,44,40,31,39,36,
480.000000,104.000000,0.014780,99047768.000000,0.136215,0,1
49,64,52,68,55,60,63,54,
598.000000,104.000000,0.034657,289362080.000000,0.606759,0,1
69,77,63,74,66,52,60,60,
539.000000,177.000000,0.042950,52476452.000000,0.470997,0,1
44,47,45,48,49,53,52,52,
633.000000,174.000000,0.040053,65273476.000000,0.775884,0,1
46,50,45,53,53,45,54,51,
237.000000,109.000000,0.011284,310346624.000000,0.184363,0,1
66,59,76,61,70,79,61,63,
279.000000,109.000000,0.011700,843290432.000000,0.204903,0,1
57,73,61,80,72,67,80,70,
720.000000,112.000000,0.005190,296324544.000000,0.041991,0,1
117,111,110,108,90,106,74,58,
345.000000,171.000000,0.032746,19203638.000000,0.247172,0,1
28,40,42,46,48,47,49,51,
162.000000,117.000000,0.053889,768652672.000000,1.123759,0,1
43,41,45,36,56,49,49,52,
278.000000,118.000000,0.022934,63057520.000000,0.256947,0,1
58,64,54,67,59,51,65,60,
297.000000,118.000000,0.011425,588388288.000000,0.172152,0,1
50,69,43,66,51,42,53,43,
425.000000,120.000000,0.013700,18114786.000000,0.045391,0,1
47,57,41,50,51,41,54,41,
293.000000,170.000000,0.031253,77550448.000000,0.391479,0,1
27,29,29,39,37,34,51,53,
450.000000,121.000000,0.013916,29159170.000000,0.067299,0,1
37,48,36,48,43,36,50,46,
384.000000,169.000000,0.032664,19349126.000000,0.127003,0,1
31,31,38,44,44,46,49,52,
410.000000,168.000000,0.034721,18528466.000000,0.081878,0,1
33,34,38,39,44,45,51,55,
282.000000,130.000000,0.005802,59519692.000000,0.103110,0,1
47,47,40,50,43,38,48,42,
495.000000,130.000000,0.012664,40949320.000000,0.120137,0,1
55,44,52,37,41,40,36,32,
565.000000,166.000000,0.051074,43361492.000000,0.277721,0,1
22,30,36,39,50,55,49,52,
751.000000,165.000000,0.033429,71033400.000000,1.061160,0,1
23,26,24,34,32,31,43,44,
251.000000,136.000000,0.006943,411773504.000000,0.081305,0,1
62,53,70,46,66,61,47,45,
160.000000,144.000000,0.053769,308504352.000000,1.115499,0,1
40,32,45,26,36,39,31,36,
551.000000,164.000000,0.049029,56657028.000000,0.551565,0,1
24,27,26,33,33,29,47,44,
572.000000,161.000000,0.055007,146500432.000000,0.674138,0,1
28,23,31,20,26,30,20,30,
577.000000,160.000000,0.052291,93845000.000000,0.678758,0,1
25,28,25,30,30,29,28,34,
104.000000,156.000000,0.010536,1282205696.000000,0.402544,0,1
57,61,50,58,55,45,47,40,
603.000000,159.000000,0.047633,107588752.000000,0.740208,0,1
24,25,36,22,32,45,23,22,
589.000000,161.000000,0.047589,182713696.000000,0.685784,0,1
25,21,24,23,32,28,39,35,
673.000000,144.000000,0.011154,3309151744.000000,0.191785,0,1
57,54,42,28,36,33,25,22,
461.000000,23.000000,0.015490,311021600.000000,0.128166,0,1
210,211,196,209,178,171,191,170,
89.000000,139.000000,0.004669,98059248.000000,0.204625,0,1
42,42,51,39,45,62,40,44,
465.000000,27.000000,0.010713,208058720.000000,0.052486,0,1
155,176,136,182,158,143,178,156,
594.000000,134.000000,0.055788,93491664.000000,0.774320,0,1
33,26,33,21,30,45,31,36,
273.000000,266.000000,0.122456,195940912.000000,1.311121,0,1
44,45,47,46,53,46,53,53,
418.000000,34.000000,0.012548,760196288.000000,0.173108,0,1
174,160,152,143,149,160,149,134,
757.000000,133.000000,0.012248,471254048.000000,0.278508,0,1
78,85,85,51,50,48,29,29,
763.000000,34.000000,0.028912,4619996160.000000,0.370979,0,1
50,51,93,43,86,112,71,104,
336.000000,263.000000,0.117577,332604256.000000,0.917530,0,1
47,54,46,57,49,46,48,45,
474.000000,167.000000,0.032458,31533932.000000,0.185836,0,1
27,28,31,33,39,42,46,55,
481.000000,167.000000,0.031216,14176919.000000,0.201194,0,1
27,28,30,35,31,35,44,51,
257.000000,132.000000,0.011244,183119312.000000,0.225424,0,1
50,57,48,64,57,47,63,59,
507.000000,42.000000,0.016257,693737920.000000,0.259903,0,1
130,115,145,116,128,146,112,120,
758.000000,42.000000,0.029291,4533272576.000000,0.368922,0,1
51,46,89,42,64,113,46,71,
141.000000,44.000000,0.056496,322939104.000000,0.421406,0,1
147,124,144,101,114,129,82,96,
474.000000,45.000000,0.015587,767004416.000000,0.212809,0,1
107,99,132,92,116,155,89,103,
726.000000,46.000000,0.028543,4469488640.000000,0.328051,0,1
79,109,75,148,122,76,150,151,
135.000000,47.000000,0.057278,1886635392.000000,0.752245,0,1
142,137,123,126,107,89,97,94,
392.000000,48.000000,0.011802,464821536.000000,0.147079,0,1
165,173,154,171,164,149,166,154,
587.000000,48.000000,0.053623,1086911488.000000,0.328765,0,1
120,94,146,97,138,161,98,152,
333.000000,49.000000,0.011942,2580199168.000000,0.190468,0,1
142,148,118,143,142,101,130,122,
416.000000,49.000000,0.012895,261319728.000000,0.152437,0,1
134,141,116,143,125,108,147,150,
452.000000,49.000000,0.015568,239319408.000000,0.134928,0,1
142,112,150,105,136,158,122,134,
676.000000,259.000000,0.119858,170874016.000000,1.747144,0,1
49,37,39,44,46,47,51,50,
604.000000,53.000000,0.054662,250376336.000000,0.242156,0,1
128,142,129,168,149,124,169,172,
517.000000,127.000000,0.006675,129166976.000000,0.017611,0,1
88,95,53,101,69,66,80,57,
599.000000,55.000000,0.055898,1759284224.000000,0.456506,0,1
149,145,151,132,116,161,100,125,
513.000000,57.000000,0.016105,94249456.000000,0.044875,0,1
110,103,148,93,147,138,104,133,
492.000000,58.000000,0.012561,379978464.000000,0.174820,0,1
149,119,145,108,135,137,116,124,
141.000000,59.000000,0.055997,888252544.000000,0.709147,0,1
114,112,111,77,101,90,66,66,
317.000000,59.000000,0.013509,858291136.000000,0.217499,0,1
111,119,89,115,102,97,111,86,
288.000000,61.000000,0.012087,2475942400.000000,0.227854,0,1
119,132,102,143,126,98,141,126,
269.000000,64.000000,0.014989,741903936.000000,0.307721,0,1
115,111,127,118,122,124,113,113,
139.000000,206.000000,0.061615,398316576.000000,1.313129,0,1
37,32,44,28,38,45,33,39,
482.000000,65.000000,0.016003,189872992.000000,0.104696,0,1
138,125,141,113,129,133,109,124,
601.000000,124.000000,0.023864,216180608.000000,0.354092,0,1
51,56,48,64,56,43,65,53,
162.000000,204.000000,0.059435,135825856.000000,1.196905,0,1
36,37,26,39,31,22,36,30,
491.000000,70.000000,0.014947,122438016.000000,0.051890,0,1
94,128,92,130,116,85,127,117,
576.000000,202.000000,0.063100,143878240.000000,0.780103,0,1
19,23,23,33,33,34,44,46,
414.000000,71.000000,0.013952,233857456.000000,0.125890,0,1
97,101,109,116,101,124,128,123,
539.000000,123.000000,0.019943,95977944.000000,0.157167,0,1
68,61,49,55,59,59,47,45,
641.000000,200.000000,0.062050,342681792.000000,1.059998,0,1
53,52,45,46,45,35,37,46,
634.000000,199.000000,0.062581,836283968.000000,1.032183,0,1
46,25,40,21,33,46,26,32,
513.000000,74.000000,0.015634,482904192.000000,0.216719,0,1
139,124,123,125,119,128,107,105,
481.000000,75.000000,0.014541,219232880.000000,0.164679,0,1
127,121,101,105,105,99,96,76,
158.000000,76.000000,0.056365,884111040.000000,0.663191,0,1
127,102,133,69,93,124,60,66,
234.000000,76.000000,0.009807,490875040.000000,0.162655,0,1
109,97,108,88,98,99,85,84,
695.000000,77.000000,0.016492,1688611840.000000,0.401997,0,1
120,87,95,95,101,130,129,139,
135.000000,78.000000,0.056267,986275712.000000,0.716840,0,1
85,98,89,85,71,68,77,53,
463.000000,197.000000,0.058250,2764992.500000,0.299968,0,1
52,48,54,44,48,51,42,40,
658.000000,119.000000,0.004965,43442772.000000,0.038123,0,1
58,54,69,48,59,65,50,52,
298.000000,80.000000,0.011896,3062724864.000000,0.199466,0,1
90,89,98,86,94,122,87,125,
431.000000,80.000000,0.014354,117538312.000000,0.116570,0,1
95,71,104,68,98,93,87,83,
127.000000,82.000000,0.056222,510589312.000000,0.734816,0,1
129,95,118,61,93,84,58,65,
250.000000,82.000000,0.011706,1681862528.000000,0.255395,0,1
81,82,97,74,89,112,88,89,
380.000000,82.000000,0.013205,536446112.000000,0.118674,0,1
141,135,130,138,126,110,120,99,
150.000000,83.000000,0.054677,1857677184.000000,0.654063,0,1
62,62,93,43,71,73,46,51,
514.000000,83.000000,0.016508,201038720.000000,0.217904,0,1
102,97,107,98,111,126,119,131,
322.000000,84.000000,0.012006,122013344.000000,0.123546,0,1
60,59,78,52,69,77,59,59,
442.000000,84.000000,0.015746,29439008.000000,0.122790,0,1
65,63,92,60,69,83,60,62,
752.000000,84.000000,0.029687,8406699008.000000,0.356314,0,1
65,84,43,110,68,36,96,68,
296.000000,118.000000,0.011385,475935264.000000,0.174708,0,1
63,72,50,54,64,41,57,45,
506.000000,87.000000,0.017112,719126528.000000,0.207076,0,1
86,115,66,121,86,71,112,93,
144.000000,90.000000,0.054532,106002152.000000,1.221231,0,1
39,43,46,46,56,53,53,56,
323.000000,90.000000,0.010967,103545896.000000,0.093362,0,1
60,53,65,57,64,67,57,55,
343.000000,90.000000,0.011590,108739504.000000,0.063365,0,1
74,99,56,70,64,56,78,58,
201.000000,91.000000,0.011764,791966272.000000,0.318582,0,1
62,73,64,87,78,68,83,72,
403.000000,187.000000,0.047624,52200788.000000,0.170129,0,1
32,30,33,35,37,41,48,52,
707.000000,92.000000,0.010177,1570081792.000000,0.368919,0,1
138,142,126,134,123,107,132,132,
256.000000,187.000000,0.045856,140526080.000000,0.651488,0,1
59,50,52,36,38,38,26,25,
533.000000,94.000000,0.016489,232826112.000000,0.064034,0,1
99,113,76,114,95,60,100,80,
432.000000,95.000000,0.014096,90162080.000000,0.091253,0,1
91,100,75,102,83,60,90,86,
360.000000,185.000000,0.045435,72503600.000000,0.269071,0,1
57,51,51,38,40,40,28,28,
333.000000,185.000000,0.045554,77912256.000000,0.361492,0,1
55,51,48,37,39,38,25,22,
266.000000,98.000000,0.003039,261637616.000000,0.067397,0,1
72,62,75,58,69,66,60,54,
393.000000,184.000000,0.045401,63866876.000000,0.174624,0,1
56,59,54,49,48,44,32,29,
371.000000,184.000000,0.045030,60878724.000000,0.231878,0,1
55,57,52,49,49,51,35,29,
478.000000,183.000000,0.046243,82571392.000000,0.273157,0,1
55,50,49,32,34,32,24,23,
427.000000,99.000000,0.013630,110044552.000000,0.078885,0,1
68,59,88,69,69,93,47,62,
509.000000,99.000000,0.015152,577196224.000000,0.181081,0,1
98,78,109,69,95,98,63,78,
676.000000,99.000000,0.022945,515182496.000000,0.641415,0,1
109,107,109,90,98,100,88,87,
743.000000,99.000000,0.028470,5251078144.000000,0.728231,0,1
45,35,76,34,63,88,42,63,
272.000000,100.000000,0.009417,241785056.000000,0.054230,0,1
89,70,87,61,87,97,79,101,
393.000000,171.000000,0.035705,13441591.000000,0.115351,0,1
44,46,48,52,50,52,55,55,
549.000000,181.000000,0.050573,297368000.000000,0.558765,0,1
49,54,39,57,49,32,50,40,
146.000000,103.000000,0.054220,704473408.000000,1.191103,0,1
52,69,49,59,53,39,45,37,
547.000000,103.000000,0.022166,165158464.000000,0.095295,0,1
57,52,84,54,72,98,52,68,
308.000000,104.000000,0.011895,510917248.000000,0.172247,0,1
55,55,64,57,69,64,70,81,
621.000000,179.000000,0.043605,357014560.000000,0.775979,0,1
45,46,42,55,41,41,54,57,
414.000000,176.000000,0.039775,10184679.000000,0.105005,0,1
57,59,55,56,52,50,53,55,
150.000000,176.000000,0.053349,450634656.000000,1.149820,0,1
33,42,28,48,36,28,41,32,
258.000000,108.000000,0.011011,345948288.000000,0.162764,0,1
70,70,55,64,60,58,60,56,
392.000000,108.000000,0.015321,24914016.000000,0.087784,0,1
76,64,70,62,61,65,54,54,
527.000000,108.000000,0.026618,160198080.000000,0.315121,0,1
95,93,81,71,86,64,81,74,
750.000000,108.000000,0.029252,24935725056.000000,0.975110,0,1
41,34,80,30,59,96,49,77,
744.000000,109.000000,0.028996,4815295488.000000,0.572370,0,1
64,80,48,74,63,37,70,42,
593.000000,173.000000,0.054738,322901280.000000,0.765050,0,1
37,34,45,36,44,50,34,42,
694.000000,110.000000,0.019333,1492943232.000000,0.457521,0,1
95,85,102,77,91,109,84,88,
482.000000,111.000000,0.015048,67246648.000000,0.129221,0,1
50,44,59,50,47,57,44,49,
100.000000,173.000000,0.030528,389668480.000000,0.952243,0,1
34,35,34,40,40,40,49,54,
361.000000,111.000000,0.029633,71034072.000000,0.204703,0,1
60,45,68,41,50,64,40,42,
472.000000,17.000000,0.014146,450110784.000000,0.127019,0,1
216,205,217,197,199,216,180,184,
765.000000,24.000000,0.028823,16692395008.000000,1.072427,0,1
97,113,77,114,85,53,97,58,
253.000000,135.000000,0.006780,415381408.000000,0.077803,0,1
54,69,55,63,62,52,71,50,
492.000000,108.000000,0.016245,179553760.000000,0.155385,0,1
72,67,90,58,77,89,65,78,
419.000000,105.000000,0.013847,20442110.000000,0.068799,0,1
66,56,71,46,60,68,50,53,
732.000000,112.000000,0.028028,4870333952.000000,0.310622,0,1
81,99,59,106,87,45,103,84,
653.000000,181.000000,0.046188,104551576.000000,0.928949,0,1
55,54,58,43,47,51,30,24,
671.000000,181.000000,0.046187,82311144.000000,0.998814,0,1
60,56,58,44,45,47,29,24,
288.000000,50.000000,0.012123,376117408.000000,0.105868,0,1
106,134,104,138,125,133,141,130,
513.000000,99.000000,0.014196,336620032.000000,0.097342,0,1
107,101,120,98,106,129,101,112,
279.000000,53.000000,0.012158,1876250368.000000,0.246710,0,1
116,122,104,125,117,101,117,108,
549.000000,258.000000,0.117120,27812350.000000,1.056880,0,1
48,54,49,65,52,50,54,50,
737.000000,54.000000,0.028669,975300480.000000,0.336926,0,1
103,89,57,60,56,41,51,43,
219.000000,97.000000,0.011178,858605440.000000,0.278956,0,1
69,87,63,83,86,67,95,99,
297.000000,58.000000,0.011903,594771520.000000,0.216824,0,1
121,117,120,109,101,125,104,86,
338.000000,59.000000,0.012378,1530944512.000000,0.177647,0,1
104,97,117,89,120,125,95,133,
506.000000,185.000000,0.046392,66368276.000000,0.375187,0,1
29,23,23,29,31,33,39,44,
468.000000,95.000000,0.015452,173538064.000000,0.128968,0,1
64,72,49,78,58,51,75,57,
277.000000,67.000000,0.012213,538419840.000000,0.238882,0,1
120,124,115,129,118,104,128,115,
369.000000,69.000000,0.014567,524167456.000000,0.157760,0,1
150,119,141,111,137,150,111,144,
229.000000,70.000000,0.011486,1170928384.000000,0.284991,0,1
126,108,117,109,107,113,104,95,
536.000000,202.000000,0.063588,22415390.000000,0.609280,0,1
38,37,39,40,41,44,44,47,
586.000000,201.000000,0.062780,276314880.000000,0.820766,0,1
19,23,25,29,37,33,37,47,
558.000000,198.000000,0.061092,114979552.000000,0.682930,0,1
42,47,52,30,39,45,34,36,
216.000000,77.000000,0.011537,666276480.000000,0.135094,0,1
116,97,126,87,112,121,92,104,
382.000000,90.000000,0.017182,121622336.000000,0.071042,0,1
113,111,89,119,97,93,106,88,
446.000000,117.000000,0.013964,85655456.000000,0.067272,0,1
55,52,40,70,45,44,63,45,
661.000000,86.000000,0.028008,272398016.000000,0.246586,0,1
132,126,129,123,120,131,121,113,
