# timestamp
1608635261708114432

# fx, fy, cx, cy, width, height, npoints
501.489227,501.475067,421.771851,167.668686,800,400,639

# camToWorld: translation vector, rotation quaternion
-19.999506,33.936074,4.286888,0.614819,-0.388489,0.349572,-0.590655

# Exposure time (ms)
12.870406

# Point Cloud Data : 
# u,v,idepth_scaled,idepth_hessian,maxRelBaseline,numGoodRes,status 
# color information 
724.000000,46.000000,0.224827,390012.843750,1.102385,0,1
16,15,14,14,13,10,12,9,
742.000000,107.000000,0.086280,7364317.000000,0.688620,0,1
41,46,42,39,34,30,22,19,
749.000000,124.000000,0.069727,943713024.000000,0.499449,0,1
255,242,255,124,189,213,53,35,
696.000000,135.000000,0.066967,2646092288.000000,0.412940,0,1
40,53,92,89,181,251,222,249,
749.000000,136.000000,0.067542,5845446144.000000,0.593702,0,1
255,239,209,191,145,87,84,51,
717.000000,142.000000,0.067274,7268537344.000000,0.537497,0,1
49,68,120,84,192,253,181,229,
749.000000,161.000000,0.066335,654353408.000000,0.592332,0,1
26,26,27,41,39,34,62,56,
748.000000,170.000000,0.068400,6505264128.000000,0.607529,0,1
31,37,43,69,161,186,186,246,
696.000000,181.000000,0.065798,2999882240.000000,0.416093,0,1
255,249,221,254,156,77,177,99,
750.000000,190.000000,0.067779,8053487104.000000,0.617918,0,1
56,145,74,214,153,58,173,63,
664.000000,52.000000,0.193850,466026.187500,0.835938,0,1
12,12,12,11,11,11,11,11,
712.000000,60.000000,0.153781,253712.171875,0.832626,0,1
8,9,8,10,9,9,13,13,
728.000000,90.000000,0.104021,398994048.000000,0.353541,0,1
38,76,55,188,150,87,255,203,
728.000000,92.000000,0.103929,504480480.000000,0.352698,0,1
150,255,214,253,203,73,122,68,
727.000000,93.000000,0.102485,246099296.000000,0.347214,0,1
255,253,203,181,122,68,97,68,
735.000000,107.000000,0.093830,26359888.000000,0.711905,0,1
56,63,57,61,54,47,26,21,
694.000000,114.000000,0.133851,914541056.000000,0.524154,0,1
163,244,121,255,184,65,251,178,
716.000000,120.000000,0.067356,2442508544.000000,0.442337,0,1
88,88,217,48,186,255,114,231,
735.000000,120.000000,0.068213,5582559232.000000,0.573410,0,1
210,252,181,233,164,65,79,32,
713.000000,122.000000,0.068673,1183511808.000000,0.445247,0,1
37,41,72,68,130,191,227,255,
728.000000,122.000000,0.068092,1928470784.000000,0.462336,0,1
255,255,224,250,166,81,158,74,
744.000000,130.000000,0.069354,2579884544.000000,0.595815,0,1
41,68,45,150,129,85,224,255,
716.000000,133.000000,0.067288,3611482368.000000,0.534356,0,1
41,76,55,203,154,72,246,253,
731.000000,133.000000,0.068624,1373170560.000000,0.469326,0,1
48,49,159,64,151,248,229,255,
727.000000,138.000000,0.067684,8184517120.000000,0.557182,0,1
210,137,251,52,168,249,59,56,
713.000000,139.000000,0.067245,2747278848.000000,0.437899,0,1
255,255,200,255,221,91,255,170,
705.000000,143.000000,0.066918,1911357056.000000,0.513410,0,1
245,99,236,45,131,251,39,39,
707.000000,144.000000,0.067730,3090720768.000000,0.521804,0,1
255,204,253,59,146,192,44,37,
740.000000,144.000000,0.067703,1867217024.000000,0.337820,0,1
212,90,233,52,180,255,89,148,
745.000000,146.000000,0.071052,1199632128.000000,0.357995,0,1
223,255,152,255,203,84,168,62,
703.000000,147.000000,0.066486,3887336960.000000,0.508088,0,1
39,105,56,225,171,65,250,201,
741.000000,147.000000,0.067830,812391424.000000,0.340274,0,1
233,148,248,48,136,181,43,33,
731.000000,151.000000,0.067420,9775294464.000000,0.565598,0,1
250,252,174,255,170,67,143,62,
720.000000,154.000000,0.067917,883232448.000000,0.534846,0,1
255,158,236,68,114,213,62,46,
741.000000,162.000000,0.060989,30282076.000000,0.329961,0,1
35,83,78,183,179,171,255,255,
727.000000,168.000000,0.067155,4094334976.000000,0.460688,0,1
98,84,229,37,134,242,47,41,
730.000000,170.000000,0.068746,3506735360.000000,0.579558,0,1
255,210,255,57,133,223,40,33,
724.000000,176.000000,0.070871,23853320.000000,0.335203,0,1
42,63,55,142,132,122,238,255,
710.000000,181.000000,0.066683,4221609216.000000,0.538713,0,1
171,141,255,60,184,242,53,42,
705.000000,182.000000,0.065177,327913248.000000,0.217504,0,1
41,69,51,202,156,68,255,248,
707.000000,183.000000,0.066613,3186507264.000000,0.534471,0,1
44,107,52,239,114,50,224,162,
721.000000,185.000000,0.067275,2397485056.000000,0.458575,0,1
255,199,255,72,218,255,110,175,
192.000000,188.000000,0.045415,200291024.000000,0.236048,0,1
255,217,253,129,213,219,78,72,
650.000000,191.000000,0.062521,2262066176.000000,0.412639,0,1
255,251,232,168,92,63,52,83,
742.000000,194.000000,0.068195,5037797888.000000,0.610657,0,1
253,246,191,202,166,91,65,34,
328.000000,200.000000,0.104850,524474.625000,0.866073,0,1
43,35,34,43,38,41,44,37,
715.000000,202.000000,0.066795,4135022848.000000,0.564624,0,1
35,25,49,21,93,222,44,117,
713.000000,205.000000,0.067911,728242752.000000,0.570649,0,1
20,20,53,41,42,70,86,97,
717.000000,205.000000,0.066969,1971222272.000000,0.548502,0,1
252,193,255,70,127,152,92,97,
738.000000,206.000000,0.068170,27251044.000000,0.613600,0,1
20,32,26,65,56,49,91,87,
718.000000,214.000000,0.074184,60423780.000000,0.624741,0,1
84,84,85,83,79,78,73,66,
698.000000,248.000000,0.113458,2895079.250000,0.847374,0,1
43,42,42,42,43,44,46,51,
740.000000,280.000000,0.076946,5191824.500000,0.762190,0,1
46,44,43,45,44,42,45,43,
58.000000,298.000000,0.146298,6318051.500000,2.196599,0,1
31,33,32,38,39,33,40,39,
604.000000,124.000000,0.062118,1961960320.000000,0.290374,0,1
153,239,180,255,177,52,208,67,
664.000000,124.000000,0.064968,1727843584.000000,0.358448,0,1
255,252,176,255,174,60,191,85,
582.000000,127.000000,0.062031,753272960.000000,0.224988,0,1
38,40,107,38,146,255,139,254,
591.000000,128.000000,0.062045,1622149248.000000,0.262052,0,1
250,124,254,60,167,254,46,39,
76.000000,192.000000,0.057600,1388403456.000000,0.279237,0,1
248,159,245,99,180,253,107,111,
549.000000,181.000000,0.060756,227029728.000000,0.202388,0,1
68,77,63,85,55,31,52,26,
635.000000,178.000000,0.063069,424254432.000000,0.164492,0,1
64,185,77,255,196,77,254,227,
175.000000,175.000000,0.045642,2852858880.000000,0.549493,0,1
138,167,115,231,169,126,254,251,
152.000000,147.000000,0.044629,2287679744.000000,0.590970,0,1
115,182,112,255,190,110,255,237,
161.000000,167.000000,0.045082,1572789248.000000,0.576584,0,1
219,195,221,168,229,253,211,247,
176.000000,161.000000,0.045915,423782528.000000,0.546137,0,1
125,164,153,237,202,228,254,248,
134.000000,159.000000,0.044049,2010875776.000000,0.632544,0,1
225,189,244,200,206,255,197,235,
664.000000,93.000000,0.099655,132527136.000000,0.579327,0,1
31,33,40,41,50,66,58,74,
667.000000,96.000000,0.099745,693106112.000000,0.456753,0,1
189,161,255,97,166,219,113,134,
666.000000,98.000000,0.098430,194579632.000000,0.447802,0,1
127,100,130,104,122,147,123,140,
664.000000,101.000000,0.091507,126642592.000000,0.408667,0,1
115,116,132,114,130,146,128,142,
677.000000,103.000000,0.095544,10151396.000000,0.450542,0,1
206,201,218,203,221,234,222,246,
650.000000,111.000000,0.094747,56756856.000000,0.519728,0,1
73,65,73,49,51,53,32,28,
657.000000,111.000000,0.093082,53938560.000000,0.518050,0,1
118,94,104,54,55,55,33,30,
650.000000,112.000000,0.096457,24879014.000000,0.508944,0,1
69,50,52,32,32,32,27,28,
427.000000,118.000000,0.076599,21220276.000000,0.495806,0,1
170,185,178,196,189,176,203,152,
435.000000,118.000000,0.076286,62947348.000000,0.445847,0,1
143,162,144,172,149,127,148,85,
667.000000,120.000000,0.065121,2802008064.000000,0.427536,0,1
43,62,52,179,157,68,244,128,
202.000000,125.000000,0.071190,5832694272.000000,1.465760,0,1
95,83,242,87,178,247,109,144,
620.000000,125.000000,0.066589,1003229824.000000,0.341730,0,1
40,41,79,54,120,199,212,255,
618.000000,126.000000,0.063649,599025920.000000,0.287335,0,1
34,37,87,42,140,249,173,238,
614.000000,127.000000,0.063385,974273344.000000,0.317072,0,1
31,52,44,176,154,73,255,224,
688.000000,128.000000,0.066997,1308523648.000000,0.479829,0,1
248,149,242,47,116,219,41,41,
699.000000,128.000000,0.066534,2569809152.000000,0.416406,0,1
63,51,189,48,171,255,92,202,
531.000000,130.000000,0.059495,153838208.000000,0.138486,0,1
26,57,43,169,180,62,255,230,
662.000000,130.000000,0.065524,3438202880.000000,0.419797,0,1
213,255,125,238,170,53,131,37,
643.000000,132.000000,0.064273,2096922880.000000,0.378261,0,1
63,189,75,254,175,58,254,242,
608.000000,133.000000,0.062832,3133285376.000000,0.302459,0,1
205,89,232,32,154,249,67,127,
545.000000,134.000000,0.059549,441460448.000000,0.161147,0,1
255,255,179,230,217,49,167,53,
668.000000,141.000000,0.065361,227711104.000000,0.260506,0,1
254,175,247,44,141,212,34,33,
677.000000,143.000000,0.065836,3476788480.000000,0.453327,0,1
252,176,250,53,163,255,64,62,
692.000000,144.000000,0.065943,1771416448.000000,0.484689,0,1
35,48,46,117,116,61,221,249,
684.000000,152.000000,0.066514,5170698752.000000,0.473985,0,1
49,41,128,47,140,243,202,255,
551.000000,153.000000,0.057587,28732886.000000,0.169397,0,1
31,37,22,39,27,17,27,17,
664.000000,154.000000,0.066636,901481664.000000,0.369754,0,1
255,253,155,255,167,60,198,82,
665.000000,154.000000,0.066492,2174786048.000000,0.434562,0,1
237,215,98,236,101,42,128,62,
682.000000,154.000000,0.065823,4259764992.000000,0.467253,0,1
47,54,202,34,179,255,86,71,
165.000000,160.000000,0.044961,1006969600.000000,0.565153,0,1
141,184,175,242,191,219,242,248,
686.000000,163.000000,0.066582,3164061184.000000,0.483415,0,1
29,50,30,193,68,29,142,63,
683.000000,166.000000,0.065796,6465844736.000000,0.475116,0,1
252,255,194,251,180,70,159,65,
664.000000,167.000000,0.064389,1083232512.000000,0.430076,0,1
33,22,92,21,32,107,21,21,
689.000000,169.000000,0.067061,1251123712.000000,0.495267,0,1
34,35,59,69,165,189,215,255,
663.000000,174.000000,0.062934,200064144.000000,0.433370,0,1
22,26,44,31,60,85,72,160,
667.000000,174.000000,0.064463,347856384.000000,0.441651,0,1
23,45,28,85,53,30,78,73,
239.000000,177.000000,0.068027,258910416.000000,0.552411,0,1
56,90,36,66,46,16,51,36,
686.000000,178.000000,0.067838,5340811776.000000,0.499509,0,1
50,64,158,50,189,255,113,200,
234.000000,180.000000,0.048031,3255845888.000000,0.951283,0,1
120,158,92,159,125,43,137,97,
633.000000,182.000000,0.064126,1571076224.000000,0.323113,0,1
255,252,211,250,138,57,166,70,
587.000000,186.000000,0.062600,31704840.000000,0.289533,0,1
23,38,24,64,46,35,72,88,
683.000000,190.000000,0.066950,2242103808.000000,0.499215,0,1
123,226,103,253,171,68,150,67,
336.000000,193.000000,0.121437,2353297.000000,1.573104,0,1
29,30,33,40,38,41,44,40,
352.000000,193.000000,0.071574,903154.125000,0.357588,0,1
35,32,34,45,42,41,49,46,
357.000000,193.000000,0.070745,706980.125000,0.117239,0,1
40,36,41,40,43,47,52,57,
368.000000,193.000000,0.068528,1589353.250000,0.104664,0,1
42,41,39,50,41,48,56,60,
372.000000,193.000000,0.067193,1634159.500000,0.103602,0,1
44,43,48,48,50,58,59,64,
587.000000,193.000000,0.061378,18889128.000000,0.133663,0,1
98,100,97,88,94,84,29,23,
161.000000,195.000000,0.046755,546534656.000000,0.606211,0,1
179,166,162,224,200,183,255,255,
351.000000,197.000000,0.069544,1733462.250000,0.104899,0,1
49,51,38,58,45,53,59,54,
237.000000,199.000000,0.050719,102328064.000000,0.985449,0,1
50,47,43,81,89,96,123,126,
474.000000,200.000000,0.082858,241378.593750,0.153469,0,1
57,56,54,55,54,49,53,52,
649.000000,201.000000,0.065677,741521280.000000,0.439269,0,1
30,22,29,19,29,99,20,50,
609.000000,203.000000,0.059861,40519840.000000,0.202290,0,1
82,79,62,52,48,35,41,46,
687.000000,204.000000,0.067686,466417856.000000,0.297727,0,1
239,169,254,86,199,224,60,84,
448.000000,210.000000,0.107488,3266992.250000,0.364656,0,1
39,44,35,47,36,34,41,33,
664.000000,211.000000,0.072080,42827024.000000,0.512530,0,1
103,92,103,79,89,97,77,73,
667.000000,213.000000,0.074545,51336968.000000,0.533083,0,1
96,86,87,74,79,82,66,58,
678.000000,214.000000,0.077332,42119092.000000,0.571772,0,1
85,83,80,77,75,73,68,61,
674.000000,226.000000,0.089007,13574098.000000,0.635016,0,1
50,47,51,42,47,51,42,43,
63.000000,286.000000,0.139550,76067760.000000,2.075990,0,1
30,29,28,30,30,28,55,79,
63.000000,287.000000,0.139654,119718504.000000,2.079242,0,1
29,29,29,59,47,34,89,79,
671.000000,90.000000,0.108035,14514429.000000,0.515216,0,1
37,39,44,41,48,54,55,102,
685.000000,202.000000,0.067338,2162198016.000000,0.516980,0,1
46,54,127,39,107,239,55,86,
632.000000,126.000000,0.063312,2413327104.000000,0.352961,0,1
254,244,138,250,120,48,181,67,
669.000000,127.000000,0.064637,5484591616.000000,0.428774,0,1
73,48,195,37,142,255,72,170,
570.000000,133.000000,0.061753,527420736.000000,0.216068,0,1
252,137,254,43,161,233,37,29,
180.000000,191.000000,0.048428,1799266944.000000,0.571571,0,1
250,253,193,244,171,98,201,134,
664.000000,138.000000,0.064209,1273364736.000000,0.273158,0,1
74,37,160,28,57,209,29,31,
160.000000,168.000000,0.044983,1957402368.000000,0.579325,0,1
195,168,229,148,211,255,210,196,
160.000000,167.000000,0.045057,1174682368.000000,0.579768,0,1
216,188,210,160,192,250,165,240,
602.000000,149.000000,0.058372,71362976.000000,0.252672,0,1
33,58,28,78,49,42,75,78,
185.000000,160.000000,0.047806,2976162048.000000,0.542481,0,1
134,141,104,208,170,99,242,255,
80.000000,64.000000,0.189787,80469392.000000,4.311966,0,1
12,16,9,17,12,6,12,7,
196.000000,84.000000,0.202746,2034683.000000,2.619602,0,1
10,9,9,10,10,10,12,14,
180.000000,86.000000,0.202026,12765684.000000,4.885619,0,1
10,11,11,13,13,14,16,18,
161.000000,88.000000,0.200249,118892536.000000,5.410937,0,1
12,13,13,18,19,21,26,27,
70.000000,90.000000,0.186749,687765568.000000,4.456393,0,1
26,13,38,11,23,33,13,16,
140.000000,90.000000,0.196239,619504640.000000,3.354232,0,1
13,16,19,36,38,37,49,53,
70.000000,91.000000,0.186522,445851648.000000,4.441343,0,1
24,13,39,12,20,30,13,15,
132.000000,91.000000,0.193502,751256384.000000,1.497646,0,1
15,23,25,52,56,56,66,66,
133.000000,91.000000,0.193850,744303168.000000,1.497063,0,1
16,24,27,55,57,55,64,65,
140.000000,91.000000,0.199409,26711090.000000,0.973599,0,1
18,37,38,51,49,47,54,55,
116.000000,92.000000,0.191367,1088929792.000000,3.677926,0,1
16,20,23,42,44,46,62,66,
125.000000,92.000000,0.192721,841837696.000000,1.522384,0,1
20,34,39,56,61,66,63,64,
105.000000,93.000000,0.189826,329134720.000000,3.851733,0,1
18,23,23,48,55,60,73,76,
83.000000,95.000000,0.184659,2960726528.000000,4.181359,0,1
24,33,40,55,75,80,89,100,
78.000000,98.000000,0.185485,4585344512.000000,4.265535,0,1
24,24,52,24,55,83,56,86,
84.000000,102.000000,0.186049,138012880.000000,4.144290,0,1
97,92,95,87,92,95,87,87,
73.000000,103.000000,0.187424,2944211200.000000,4.368481,0,1
23,30,37,37,62,71,80,88,
69.000000,104.000000,0.188025,2528244480.000000,4.447793,0,1
22,23,27,21,26,52,27,52,
389.000000,104.000000,0.102524,8922246.000000,0.243938,0,1
32,34,37,36,40,44,45,67,
398.000000,104.000000,0.105098,13654835.000000,0.280769,0,1
39,44,45,49,50,52,60,94,
405.000000,104.000000,0.104742,25452894.000000,0.302682,0,1
43,48,49,53,55,56,68,121,
412.000000,104.000000,0.101897,11053817.000000,0.168355,0,1
44,50,49,59,60,60,84,160,
419.000000,104.000000,0.095348,26681484.000000,0.168214,0,1
41,47,47,61,59,58,90,182,
427.000000,104.000000,0.092694,36870584.000000,0.623647,0,1
27,30,25,40,31,25,44,47,
427.000000,107.000000,0.088865,143516032.000000,0.166006,0,1
36,67,42,213,64,54,93,89,
385.000000,108.000000,0.085898,69035368.000000,0.129579,0,1
41,45,84,54,154,202,202,187,
368.000000,109.000000,0.108626,11494940.000000,1.140205,0,1
15,17,18,26,30,30,42,53,
371.000000,109.000000,0.113130,15269624.000000,1.105564,0,1
16,19,19,31,29,27,43,47,
441.000000,109.000000,0.083410,58081784.000000,0.463980,0,1
33,41,38,54,50,46,63,68,
348.000000,110.000000,0.104203,10474798.000000,1.275143,0,1
10,11,12,15,16,18,21,24,
356.000000,110.000000,0.101208,12044447.000000,1.177815,0,1
12,15,16,20,22,24,25,29,
384.000000,110.000000,0.083637,67597840.000000,0.126290,0,1
112,74,247,35,148,205,46,59,
60.000000,112.000000,0.190241,1874112512.000000,4.638437,0,1
30,29,46,26,45,74,29,30,
371.000000,112.000000,0.085049,27418414.000000,0.137165,0,1
40,52,43,62,56,47,68,69,
389.000000,112.000000,0.076744,93390512.000000,0.156635,0,1
211,121,123,74,77,82,62,59,
392.000000,112.000000,0.073727,75911560.000000,0.155273,0,1
206,123,126,79,84,92,70,69,
450.000000,112.000000,0.080607,38566844.000000,0.376081,0,1
37,43,39,51,45,39,53,54,
69.000000,115.000000,0.193096,1529002880.000000,2.264607,0,1
93,88,121,60,88,92,43,31,
418.000000,116.000000,0.143958,7641062.000000,0.217052,0,1
145,152,154,164,168,172,184,200,
420.000000,116.000000,0.113430,10836573.000000,0.196843,0,1
146,154,157,168,172,174,190,198,
150.000000,118.000000,0.161963,244637968.000000,2.964022,0,1
64,71,86,59,66,65,44,31,
363.000000,118.000000,0.086967,105166880.000000,1.019452,0,1
59,56,69,55,63,79,62,71,
364.000000,118.000000,0.087037,87904736.000000,1.011151,0,1
65,62,76,58,72,85,67,78,
455.000000,118.000000,0.077839,15502466.000000,0.335329,0,1
42,46,39,45,38,32,30,18,
571.000000,118.000000,0.066650,28688368.000000,0.565032,0,1
23,28,22,35,31,25,37,31,
151.000000,119.000000,0.161567,136422720.000000,2.922509,0,1
86,66,65,44,46,46,31,22,
364.000000,119.000000,0.087172,73890256.000000,1.011385,0,1
69,63,79,62,74,87,71,78,
384.000000,119.000000,0.061580,43609240.000000,0.687839,0,1
74,69,89,66,84,87,76,93,
168.000000,120.000000,0.156400,107065472.000000,2.654332,0,1
53,66,57,52,48,41,26,21,
422.000000,120.000000,0.075885,45968956.000000,0.523213,0,1
201,201,204,181,181,180,82,23,
427.000000,120.000000,0.077097,54109464.000000,0.496479,0,1
189,203,188,176,152,127,56,19,
434.000000,120.000000,0.080258,86055176.000000,0.460300,0,1
162,159,136,106,94,75,27,16,
412.000000,121.000000,0.073762,37402172.000000,0.589349,0,1
177,164,169,117,115,123,27,21,
416.000000,121.000000,0.077681,68474768.000000,0.571086,0,1
200,186,197,123,117,98,27,21,
398.000000,122.000000,0.076621,70709368.000000,0.710881,0,1
107,106,115,45,41,38,22,19,
401.000000,122.000000,0.075830,61514400.000000,0.690566,0,1
124,121,122,39,36,34,21,19,
454.000000,122.000000,0.076949,594154560.000000,0.340438,0,1
18,14,54,12,75,171,25,41,
623.000000,122.000000,0.063770,1441547392.000000,0.337931,0,1
39,51,104,57,183,222,160,253,
455.000000,123.000000,0.076879,625280064.000000,0.334435,0,1
54,75,171,25,151,161,41,14,
578.000000,123.000000,0.061286,647174016.000000,0.233091,0,1
33,55,47,155,129,54,255,192,
639.000000,123.000000,0.064557,1655616896.000000,0.432513,0,1
174,248,180,255,195,55,105,36,
268.000000,124.000000,0.118487,847653.000000,2.406427,0,1
13,13,12,16,15,14,13,9,
553.000000,124.000000,0.059780,315789056.000000,0.175254,0,1
30,61,47,160,161,68,255,208,
356.000000,125.000000,0.089275,59024160.000000,1.093638,0,1
41,40,47,40,46,53,49,55,
614.000000,125.000000,0.063983,189043072.000000,0.385336,0,1
28,26,29,28,31,32,52,154,
82.000000,126.000000,0.076910,22030418.000000,0.520435,0,1
29,30,30,31,34,34,34,39,
134.000000,126.000000,0.068751,44847636.000000,0.905638,0,1
23,29,24,34,29,24,35,36,
205.000000,126.000000,0.071139,2919159296.000000,1.444356,0,1
204,247,109,190,133,44,108,78,
648.000000,126.000000,0.065485,1509705216.000000,0.339010,0,1
249,120,242,33,106,236,31,29,
319.000000,128.000000,0.096282,660283.937500,1.623299,0,1
12,15,15,9,9,9,6,5,
282.000000,129.000000,0.109234,25665890.000000,2.091593,0,1
10,8,18,7,13,21,7,7,
356.000000,129.000000,0.090086,55576276.000000,1.098297,0,1
55,46,58,33,40,54,15,11,
287.000000,130.000000,0.107957,26686976.000000,2.029724,0,1
21,23,14,20,16,7,13,7,
363.000000,130.000000,0.087863,37505424.000000,1.029805,0,1
87,75,83,31,42,54,14,17,
366.000000,130.000000,0.087224,31543202.000000,0.995305,0,1
83,86,86,47,59,67,16,18,
371.000000,130.000000,0.084094,20507988.000000,0.927866,0,1
68,77,72,67,66,62,22,19,
395.000000,131.000000,0.074779,11363459.000000,0.697109,0,1
15,19,15,27,22,14,26,20,
175.000000,132.000000,0.089841,207186448.000000,0.917666,0,1
24,28,25,52,40,30,167,254,
480.000000,132.000000,0.077590,52997548.000000,0.385327,0,1
11,21,9,26,16,7,25,19,
629.000000,132.000000,0.063630,1399402496.000000,0.347343,0,1
248,250,163,188,173,63,103,32,
182.000000,133.000000,0.069100,29833282.000000,0.267687,0,1
84,39,44,22,21,19,20,20,
536.000000,133.000000,0.061016,395588992.000000,0.246482,0,1
255,161,249,36,124,192,33,30,
574.000000,133.000000,0.061607,774179584.000000,0.223958,0,1
243,250,94,233,119,34,58,26,
629.000000,133.000000,0.063867,1213451776.000000,0.409014,0,1
226,202,117,95,88,39,33,25,
651.000000,133.000000,0.063978,1852151168.000000,0.386211,0,1
30,46,34,193,96,34,207,144,
164.000000,134.000000,0.090936,4455264256.000000,0.974059,0,1
41,40,167,28,142,255,38,98,
524.000000,134.000000,0.060064,332663904.000000,0.380444,0,1
83,74,81,65,71,78,63,59,
396.000000,135.000000,0.076013,11412641.000000,0.692888,0,1
17,17,17,20,28,24,32,39,
405.000000,135.000000,0.073919,6491835.500000,0.630560,0,1
14,16,14,23,22,14,28,28,
177.000000,136.000000,0.089599,6995275264.000000,1.918952,0,1
143,213,61,252,130,23,163,52,
406.000000,136.000000,0.074308,18847112.000000,0.623546,0,1
14,22,14,28,22,13,28,25,
621.000000,136.000000,0.063500,1120430080.000000,0.392633,0,1
30,52,37,123,81,37,106,92,
391.000000,138.000000,0.076787,33803276.000000,0.728249,0,1
21,18,26,15,22,32,16,18,
434.000000,138.000000,0.073464,2253483.750000,0.456085,0,1
10,11,11,16,16,13,23,24,
447.000000,138.000000,0.073661,59287232.000000,0.356418,0,1
31,33,39,27,43,44,45,54,
393.000000,140.000000,0.075940,52457592.000000,0.712585,0,1
32,27,39,18,32,39,22,23,
595.000000,140.000000,0.061421,274235424.000000,0.571399,0,1
112,77,70,47,40,29,33,21,
620.000000,140.000000,0.064207,594164160.000000,0.395675,0,1
110,69,47,59,40,24,41,27,
98.000000,142.000000,0.046686,152608224.000000,0.191390,0,1
45,54,60,74,143,187,196,206,
436.000000,142.000000,0.075707,33613472.000000,0.440609,0,1
16,23,11,25,17,11,24,18,
312.000000,144.000000,0.070338,4358975.000000,1.340911,0,1
6,5,10,5,6,13,5,6,
625.000000,144.000000,0.061771,622123008.000000,0.386683,0,1
22,29,37,34,61,54,56,77,
120.000000,145.000000,0.043558,160969728.000000,0.305614,0,1
60,98,77,185,168,118,227,233,
213.000000,145.000000,0.046896,392806368.000000,0.463171,0,1
34,39,49,46,86,76,86,75,
462.000000,145.000000,0.074472,9182839.000000,0.313952,0,1
59,65,64,69,75,71,80,83,
541.000000,145.000000,0.060312,237872992.000000,0.421650,0,1
15,15,17,16,32,27,35,48,
164.000000,146.000000,0.044984,1028846848.000000,0.564652,0,1
78,129,97,216,144,168,247,241,
197.000000,146.000000,0.045549,1152987520.000000,0.229430,0,1
56,116,43,253,120,42,244,90,
453.000000,146.000000,0.072888,6036655.500000,0.323885,0,1
56,60,61,66,70,69,74,79,
175.000000,147.000000,0.045036,527737984.000000,0.538255,0,1
104,142,182,186,193,255,238,108,
197.000000,147.000000,0.045609,925816576.000000,0.230313,0,1
61,223,45,255,191,45,157,69,
113.000000,148.000000,0.045256,170708448.000000,0.323150,0,1
203,217,182,241,209,193,248,234,
238.000000,148.000000,0.068748,146247344.000000,1.189505,0,1
27,40,16,47,23,12,32,20,
446.000000,149.000000,0.073177,91443232.000000,0.365043,0,1
51,39,63,39,53,65,38,51,
559.000000,149.000000,0.061657,228791536.000000,0.282334,0,1
41,27,55,18,43,62,25,23,
562.000000,150.000000,0.061643,643196288.000000,0.485784,0,1
51,62,35,54,42,19,26,17,
278.000000,152.000000,0.070862,8085608.000000,0.939306,0,1
15,11,16,10,11,18,10,11,
284.000000,152.000000,0.071257,15361112.000000,0.927917,0,1
9,13,7,17,9,7,13,9,
376.000000,152.000000,0.071692,9921678.000000,0.827309,0,1
19,22,17,25,20,15,24,22,
517.000000,152.000000,0.074032,15017924.000000,0.468001,0,1
41,39,37,31,29,26,24,20,
539.000000,152.000000,0.064988,68411664.000000,0.270429,0,1
19,17,31,19,35,36,51,48,
463.000000,153.000000,0.076163,46309884.000000,0.325778,0,1
80,78,78,82,77,73,65,57,
470.000000,153.000000,0.074160,31123794.000000,0.334291,0,1
69,72,67,71,66,65,49,36,
634.000000,153.000000,0.066318,1996849920.000000,0.435235,0,1
119,124,80,126,78,34,85,49,
69.000000,154.000000,0.041367,229055264.000000,0.237881,0,1
172,158,153,212,178,170,237,203,
94.000000,154.000000,0.042237,196109312.000000,0.325181,0,1
175,185,185,235,206,222,244,228,
270.000000,154.000000,0.070155,5343481.000000,0.955497,0,1
11,11,11,12,17,17,17,18,
362.000000,154.000000,0.072322,1617276.875000,0.946328,0,1
11,11,13,11,11,14,13,19,
376.000000,154.000000,0.071996,13317936.000000,0.827914,0,1
20,24,18,26,22,15,25,23,
510.000000,154.000000,0.080015,54434632.000000,0.493213,0,1
15,10,20,9,14,20,10,14,
550.000000,154.000000,0.060618,54050628.000000,0.174885,0,1
37,39,27,41,27,17,30,20,
581.000000,154.000000,0.060007,172706144.000000,0.518624,0,1
85,50,40,28,24,22,23,26,
628.000000,155.000000,0.061501,256751168.000000,0.226469,0,1
128,108,135,45,105,152,53,43,
238.000000,156.000000,0.063764,156141376.000000,1.151438,0,1
22,30,17,41,24,13,33,26,
459.000000,156.000000,0.073986,9719940.000000,0.304794,0,1
80,71,78,62,67,72,56,54,
530.000000,156.000000,0.063953,16005051.000000,0.424196,0,1
14,17,13,21,16,14,24,23,
632.000000,156.000000,0.065585,1668313600.000000,0.426301,0,1
117,148,84,118,95,47,47,21,
284.000000,158.000000,0.071002,14056804.000000,0.935134,0,1
9,14,8,18,11,8,15,11,
470.000000,158.000000,0.075602,65624516.000000,0.343066,0,1
47,63,45,64,51,48,45,42,
445.000000,159.000000,0.073848,80481184.000000,0.392325,0,1
43,43,49,37,50,50,50,57,
464.000000,159.000000,0.074641,29715544.000000,0.321353,0,1
69,69,62,59,52,49,48,56,
221.000000,160.000000,0.046545,390032256.000000,0.450221,0,1
50,67,34,79,63,40,131,138,
209.000000,161.000000,0.045728,658372672.000000,0.469164,0,1
75,106,64,174,151,133,201,158,
272.000000,161.000000,0.069017,6437488.500000,1.004498,0,1
19,21,17,18,12,10,15,11,
469.000000,161.000000,0.075037,14438093.000000,0.337735,0,1
45,44,42,54,53,52,52,50,
531.000000,164.000000,0.062306,43897172.000000,0.244724,0,1
14,18,16,26,33,28,49,65,
580.000000,165.000000,0.063297,150243104.000000,0.329552,0,1
12,13,21,15,25,36,29,38,
634.000000,166.000000,0.062989,2451339264.000000,0.411121,0,1
20,26,72,30,117,219,117,200,
580.000000,168.000000,0.059746,325835104.000000,0.514619,0,1
34,32,41,17,23,30,15,14,
361.000000,170.000000,0.069391,3264051.250000,0.950936,0,1
16,15,19,16,17,24,23,22,
531.000000,171.000000,0.061429,139518400.000000,0.408847,0,1
48,31,48,22,30,38,18,13,
532.000000,171.000000,0.060757,162827312.000000,0.405892,0,1
51,41,50,23,36,32,18,13,
540.000000,171.000000,0.058720,321850784.000000,0.408211,0,1
12,13,15,17,33,23,38,53,
622.000000,171.000000,0.062907,1363538176.000000,0.391008,0,1
21,29,53,34,123,175,133,201,
153.000000,172.000000,0.043885,1987728512.000000,0.590359,0,1
127,156,126,213,192,136,250,222,
353.000000,172.000000,0.068481,2328849.750000,1.010885,0,1
16,12,14,12,17,22,22,18,
199.000000,173.000000,0.045853,311661952.000000,0.137750,0,1
58,143,49,207,116,67,211,182,
349.000000,173.000000,0.064978,1939748.500000,1.067383,0,1
12,12,11,17,18,22,20,18,
565.000000,173.000000,0.061416,189289024.000000,0.292162,0,1
33,29,57,18,50,60,30,27,
602.000000,173.000000,0.062050,250888560.000000,0.353055,0,1
37,50,24,58,35,18,49,33,
223.000000,174.000000,0.046519,423877216.000000,0.447951,0,1
42,45,38,73,44,51,131,99,
588.000000,174.000000,0.062555,99360600.000000,0.277885,0,1
43,28,54,19,41,49,23,17,
644.000000,174.000000,0.064094,522402080.000000,0.253644,0,1
229,228,168,105,117,57,39,26,
277.000000,175.000000,0.068631,10537674.000000,0.965340,0,1
20,21,16,23,15,13,20,14,
481.000000,175.000000,0.076534,58411560.000000,0.385500,0,1
19,27,13,32,19,11,26,18,
557.000000,175.000000,0.059226,187629904.000000,0.453758,0,1
49,29,44,20,24,23,17,15,
643.000000,175.000000,0.063832,142797472.000000,0.388857,0,1
228,105,117,34,39,38,26,24,
209.000000,176.000000,0.046211,157435056.000000,0.216199,0,1
130,185,181,152,149,129,104,94,
433.000000,176.000000,0.075380,10544237.000000,0.497687,0,1
16,17,16,23,22,15,27,25,
376.000000,178.000000,0.071456,11771260.000000,0.845369,0,1
26,28,24,31,29,22,33,30,
441.000000,179.000000,0.076356,21520764.000000,0.447458,0,1
15,14,17,13,23,19,24,26,
230.000000,180.000000,0.046930,747453568.000000,0.954455,0,1
152,150,158,100,115,159,84,80,
535.000000,180.000000,0.059680,754726848.000000,0.406714,0,1
30,24,75,17,53,94,23,22,
314.000000,181.000000,0.070274,14006304.000000,1.357189,0,1
11,6,15,5,10,16,6,10,
529.000000,181.000000,0.063329,26009028.000000,0.422004,0,1
22,26,19,26,30,23,30,39,
477.000000,182.000000,0.075481,24712824.000000,0.371359,0,1
26,29,21,30,24,13,27,25,
531.000000,182.000000,0.058524,19614476.000000,0.169380,0,1
16,28,19,41,38,21,46,45,
210.000000,183.000000,0.046283,490256608.000000,0.131512,0,1
77,137,58,160,123,59,186,155,
442.000000,183.000000,0.075649,21344702.000000,0.457121,0,1
23,25,19,22,23,19,28,24,
574.000000,183.000000,0.059470,193498624.000000,0.499910,0,1
89,89,60,50,38,56,24,23,
314.000000,186.000000,0.070035,17138958.000000,1.361000,0,1
10,6,16,4,10,17,6,11,
432.000000,187.000000,0.074575,10722964.000000,0.507167,0,1
27,25,26,17,21,18,17,18,
468.000000,188.000000,0.100608,1180522.750000,0.466207,0,1
31,33,34,37,38,40,43,50,
470.000000,188.000000,0.093281,957674.750000,0.438918,0,1
32,34,36,38,40,43,46,52,
188.000000,189.000000,0.045791,446988928.000000,0.522587,0,1
114,163,137,158,139,73,104,72,
204.000000,189.000000,0.047613,224167488.000000,0.235740,0,1
124,127,194,121,162,177,116,148,
567.000000,189.000000,0.059920,937243072.000000,0.488819,0,1
23,55,21,77,39,18,39,26,
629.000000,190.000000,0.063614,572273344.000000,0.410910,0,1
241,145,234,43,98,92,32,42,
460.000000,191.000000,0.090412,432767.687500,0.250291,0,1
37,40,42,43,46,45,48,52,
41.000000,193.000000,0.056884,246120688.000000,0.372950,0,1
84,75,87,63,71,75,59,62,
42.000000,193.000000,0.056926,186983056.000000,0.372302,0,1
84,84,87,66,74,74,61,64,
50.000000,193.000000,0.058609,170224992.000000,0.376910,0,1
68,85,82,75,77,80,64,58,
226.000000,193.000000,0.048833,212116720.000000,1.018985,0,1
104,136,133,97,96,94,46,24,
276.000000,193.000000,0.056636,6323232.000000,0.904000,0,1
18,17,21,19,19,26,25,27,
532.000000,193.000000,0.060958,144474032.000000,0.246695,0,1
103,98,110,38,45,49,27,24,
552.000000,193.000000,0.059404,668895360.000000,0.449034,0,1
78,82,107,55,56,59,25,22,
174.000000,194.000000,0.049020,226978528.000000,0.286055,0,1
230,207,219,182,193,198,155,140,
588.000000,194.000000,0.059989,222093184.000000,0.544389,0,1
97,94,84,29,32,43,23,23,
602.000000,194.000000,0.062374,275164992.000000,0.608819,0,1
54,108,104,42,42,42,28,26,
231.000000,195.000000,0.048261,796041216.000000,0.202539,0,1
104,52,123,28,91,146,53,65,
335.000000,195.000000,0.060366,2503384.000000,0.135428,0,1
38,43,44,46,39,44,41,42,
168.000000,196.000000,0.047156,660991040.000000,0.587997,0,1
173,155,152,208,184,162,233,202,
284.000000,196.000000,0.060457,43855160.000000,0.928740,0,1
11,21,15,27,25,11,28,25,
335.000000,197.000000,0.046780,2051624.000000,0.084258,0,1
39,41,34,49,42,48,49,44,
177.000000,198.000000,0.047498,678164544.000000,0.569432,0,1
119,135,134,174,168,160,203,217,
211.000000,198.000000,0.047231,450179360.000000,0.487928,0,1
43,72,63,108,103,98,137,95,
195.000000,199.000000,0.048340,72358480.000000,0.260498,0,1
90,106,104,136,129,136,184,156,
445.000000,199.000000,0.073814,9662126.000000,0.111410,0,1
62,50,69,44,62,60,50,61,
230.000000,200.000000,0.049515,168775440.000000,1.045179,0,1
52,63,69,103,110,119,129,122,
590.000000,200.000000,0.068185,430708928.000000,0.644501,0,1
32,25,40,18,31,44,19,25,
601.000000,200.000000,0.064085,174939952.000000,0.370453,0,1
33,38,35,80,74,67,104,88,
602.000000,200.000000,0.064537,182697472.000000,0.375067,0,1
34,36,34,78,70,68,103,88,
623.000000,201.000000,0.062742,975297792.000000,0.231532,0,1
30,32,94,24,131,248,85,104,
630.000000,201.000000,0.062332,855110656.000000,0.405743,0,1
33,105,38,250,116,35,214,152,
257.000000,202.000000,0.079809,33719660.000000,1.102082,0,1
18,12,21,9,18,23,12,18,
314.000000,202.000000,0.075070,13667804.000000,1.413677,0,1
15,9,28,8,14,35,8,11,
531.000000,202.000000,0.063656,281713440.000000,0.439244,0,1
17,23,15,36,40,37,65,82,
535.000000,202.000000,0.061456,251420400.000000,0.430568,0,1
15,15,15,37,37,36,61,65,
553.000000,202.000000,0.060898,565339968.000000,0.469047,0,1
22,59,27,56,40,18,33,48,
568.000000,202.000000,0.062181,1103782912.000000,0.519032,0,1
91,110,86,64,72,53,35,29,
587.000000,202.000000,0.063924,87905144.000000,0.588267,0,1
17,15,15,16,17,19,32,47,
188.000000,203.000000,0.051349,104279712.000000,0.584956,0,1
140,113,104,135,127,128,146,137,
208.000000,203.000000,0.054457,21962642.000000,0.250146,0,1
125,136,131,128,123,119,108,96,
225.000000,203.000000,0.058119,98827976.000000,1.140337,0,1
127,123,122,105,104,104,88,76,
231.000000,203.000000,0.058151,96281408.000000,1.111635,0,1
131,122,120,105,104,102,89,75,
285.000000,203.000000,0.058423,26143520.000000,0.926588,0,1
21,27,13,29,21,9,28,22,
314.000000,203.000000,0.075243,17346742.000000,1.445788,0,1
15,9,27,8,13,32,8,9,
448.000000,203.000000,0.073197,8893156.000000,0.117441,0,1
49,58,45,65,48,45,55,45,
560.000000,203.000000,0.062525,197641888.000000,0.502377,0,1
14,14,13,26,20,27,43,44,
587.000000,203.000000,0.063307,111650896.000000,0.581867,0,1
15,16,17,29,34,31,42,33,
601.000000,203.000000,0.062147,112260976.000000,0.358642,0,1
103,89,88,59,56,53,57,56,
623.000000,203.000000,0.062596,816763200.000000,0.231313,0,1
131,85,223,31,104,172,65,75,
202.000000,204.000000,0.058883,67108300.000000,0.295129,0,1
136,137,131,118,116,111,101,93,
214.000000,204.000000,0.059065,54329096.000000,1.227001,0,1
130,116,116,103,101,100,91,80,
321.000000,204.000000,0.080602,96653256.000000,0.400855,0,1
35,35,37,26,29,31,12,9,
328.000000,204.000000,0.081142,12756979.000000,0.387655,0,1
37,39,40,33,34,38,13,10,
532.000000,204.000000,0.064054,233378928.000000,0.446195,0,1
38,65,60,91,70,65,85,66,
552.000000,204.000000,0.061579,158340624.000000,0.473875,0,1
51,35,30,53,50,46,65,65,
555.000000,204.000000,0.062672,96436056.000000,0.491572,0,1
18,26,25,48,45,47,62,61,
594.000000,204.000000,0.064210,464621888.000000,0.611996,0,1
26,29,36,29,46,59,36,45,
334.000000,205.000000,0.079160,81192064.000000,1.293619,0,1
39,39,41,18,21,24,11,11,
343.000000,205.000000,0.079657,69993368.000000,1.219595,0,1
46,49,49,31,33,33,13,13,
363.000000,206.000000,0.078914,80254280.000000,1.052139,0,1
58,52,55,28,29,30,17,16,
171.000000,207.000000,0.062480,67381336.000000,0.368087,0,1
202,194,193,177,175,171,155,135,
49.000000,209.000000,0.059086,838082880.000000,0.385545,0,1
50,50,50,56,55,53,88,152,
170.000000,210.000000,0.064733,67760816.000000,0.798599,0,1
155,140,135,119,121,118,116,110,
312.000000,210.000000,0.059006,18226638.000000,1.377963,0,1
8,8,8,11,15,15,23,25,
320.000000,210.000000,0.059601,16391710.000000,1.291725,0,1
9,9,9,13,11,10,27,20,
323.000000,210.000000,0.060362,16389015.000000,1.263521,0,1
9,9,9,10,11,11,27,21,
526.000000,210.000000,0.068564,344292224.000000,0.472652,0,1
85,76,59,69,50,39,47,33,
545.000000,210.000000,0.068938,39761856.000000,0.527540,0,1
60,56,57,51,52,53,44,39,
600.000000,210.000000,0.067375,18510546.000000,0.670132,0,1
51,38,48,31,37,42,30,31,
47.000000,211.000000,0.058643,1111984896.000000,0.384783,0,1
56,95,88,162,162,152,208,212,
92.000000,211.000000,0.056514,476512448.000000,0.433733,0,1
201,165,226,157,197,248,223,211,
355.000000,211.000000,0.065946,37249492.000000,1.016525,0,1
14,14,14,22,22,20,35,35,
365.000000,211.000000,0.067741,35213740.000000,0.952592,0,1
15,15,15,18,17,16,40,35,
546.000000,211.000000,0.069335,44623948.000000,0.534753,0,1
57,52,53,44,45,46,39,36,
619.000000,211.000000,0.071874,44786520.000000,0.460075,0,1
73,68,70,56,57,58,47,43,
55.000000,212.000000,0.059728,1364255360.000000,0.385194,0,1
59,85,76,162,151,142,197,204,
63.000000,212.000000,0.059620,601487040.000000,0.376211,0,1
55,69,71,127,124,123,192,199,
237.000000,212.000000,0.066619,7447431.000000,1.199560,0,1
54,52,50,48,44,41,38,39,
247.000000,212.000000,0.065729,96103936.000000,1.158425,0,1
12,14,14,30,28,24,39,36,
287.000000,212.000000,0.064936,27914592.000000,0.942467,0,1
10,15,9,23,12,10,21,27,
374.000000,212.000000,0.069548,76765576.000000,0.899573,0,1
15,16,16,37,35,32,38,33,
524.000000,212.000000,0.070215,269979936.000000,0.482723,0,1
69,61,47,52,39,33,30,21,
535.000000,212.000000,0.070152,42285556.000000,0.512329,0,1
47,43,42,36,36,36,30,25,
565.000000,212.000000,0.071179,86507760.000000,0.609113,0,1
30,30,39,32,42,50,40,42,
252.000000,213.000000,0.066392,100688688.000000,1.138994,0,1
10,20,9,32,17,11,26,13,
265.000000,213.000000,0.075971,36202044.000000,1.093262,0,1
24,22,24,14,15,16,12,10,
278.000000,213.000000,0.076053,51548448.000000,1.029648,0,1
29,29,30,24,26,25,12,11,
280.000000,213.000000,0.076172,53172536.000000,1.016008,0,1
29,30,29,26,25,25,12,12,
385.000000,213.000000,0.072053,81282712.000000,0.843017,0,1
17,17,16,26,24,23,47,50,
417.000000,213.000000,0.073870,72937336.000000,0.654018,0,1
18,18,18,24,22,21,49,49,
426.000000,214.000000,0.075217,92932944.000000,0.613953,0,1
18,19,19,43,40,36,48,40,
433.000000,214.000000,0.075672,112533656.000000,0.579341,0,1
19,19,19,32,27,24,56,53,
435.000000,214.000000,0.075517,82794224.000000,0.568470,0,1
19,19,19,27,24,20,56,50,
568.000000,214.000000,0.071779,105518480.000000,0.625990,0,1
51,47,46,41,37,35,29,22,
334.000000,215.000000,0.075637,27729596.000000,1.317961,0,1
25,26,27,14,16,18,12,13,
339.000000,215.000000,0.075733,35541432.000000,1.288587,0,1
28,27,28,18,19,20,13,13,
344.000000,215.000000,0.075727,42782748.000000,1.268152,0,1
28,29,32,21,22,23,14,14,
399.000000,215.000000,0.074616,77467064.000000,0.434997,0,1
18,36,36,45,47,50,43,49,
381.000000,216.000000,0.073532,33042160.000000,0.548188,0,1
28,36,41,25,37,48,22,21,
483.000000,216.000000,0.080029,69192904.000000,0.447897,0,1
16,17,16,21,21,21,40,47,
490.000000,216.000000,0.080629,40614396.000000,0.472634,0,1
16,16,15,19,18,17,37,47,
513.000000,216.000000,0.078714,272104704.000000,0.526381,0,1
21,22,35,21,38,46,39,50,
574.000000,216.000000,0.066402,82717768.000000,0.586810,0,1
36,29,34,23,26,26,23,22,
286.000000,217.000000,0.075888,37010584.000000,0.982466,0,1
28,18,26,11,15,17,13,13,
294.000000,217.000000,0.077710,37484904.000000,0.958772,0,1
22,24,27,19,21,20,12,10,
383.000000,217.000000,0.076680,82325072.000000,0.539419,0,1
49,47,46,32,39,36,24,17,
394.000000,217.000000,0.075608,55989004.000000,0.218119,0,1
46,44,47,44,46,47,31,19,
412.000000,217.000000,0.074831,49500128.000000,0.247990,0,1
43,41,51,39,40,48,25,21,
413.000000,217.000000,0.074585,48915140.000000,0.248929,0,1
47,46,53,38,45,49,25,21,
442.000000,217.000000,0.076073,13982093.000000,0.550109,0,1
36,31,28,21,31,21,23,22,
487.000000,217.000000,0.078361,44266536.000000,0.388374,0,1
16,20,19,42,40,37,48,46,
496.000000,217.000000,0.080394,73010952.000000,0.489781,0,1
15,16,15,29,28,26,46,44,
500.000000,217.000000,0.080321,69752328.000000,0.501210,0,1
15,15,15,26,24,23,49,48,
504.000000,217.000000,0.080859,60182308.000000,0.517694,0,1
15,15,15,23,22,21,48,49,
127.000000,218.000000,0.081631,14264719.000000,1.104254,0,1
139,137,141,134,134,128,123,121,
391.000000,218.000000,0.076184,90319120.000000,0.864141,0,1
43,43,44,29,29,31,19,16,
403.000000,218.000000,0.076289,130101576.000000,0.781750,0,1
55,53,55,32,35,38,20,16,
423.000000,218.000000,0.075368,64113576.000000,0.671227,0,1
43,53,54,28,31,35,23,21,
432.000000,218.000000,0.074402,59578072.000000,0.362806,0,1
55,55,60,44,47,51,25,23,
434.000000,218.000000,0.073738,68838152.000000,0.358265,0,1
51,60,55,47,51,49,26,23,
71.000000,219.000000,0.071939,131178512.000000,0.545220,0,1
170,162,162,149,149,149,135,124,
80.000000,219.000000,0.069119,130284392.000000,0.524919,0,1
177,166,168,148,154,158,136,134,
229.000000,219.000000,0.041686,26222364.000000,0.188484,0,1
50,56,44,58,47,38,47,39,
481.000000,219.000000,0.080310,65309040.000000,0.447688,0,1
31,24,41,21,33,47,24,24,
92.000000,220.000000,0.076602,108106000.000000,0.519513,0,1
165,156,157,147,146,143,131,126,
160.000000,222.000000,0.069679,79345896.000000,0.864900,0,1
77,74,71,80,80,76,94,92,
163.000000,222.000000,0.071718,79287512.000000,0.429112,0,1
74,71,71,77,76,78,102,94,
511.000000,222.000000,0.077601,75572528.000000,0.517111,0,1
49,44,40,28,30,21,24,22,
183.000000,224.000000,0.076212,26099874.000000,0.829265,0,1
66,72,70,70,64,64,56,51,
208.000000,224.000000,0.076476,8032094.500000,1.579760,0,1
53,48,52,44,47,48,44,41,
242.000000,224.000000,0.067083,88135064.000000,1.216954,0,1
19,26,15,29,20,12,25,19,
510.000000,224.000000,0.073596,18536248.000000,0.483221,0,1
30,22,23,22,22,22,20,20,
146.000000,225.000000,0.080269,68774296.000000,1.011610,0,1
94,96,97,85,80,84,73,66,
152.000000,225.000000,0.079484,74358976.000000,0.464092,0,1
101,99,93,84,81,77,68,66,
160.000000,225.000000,0.078451,125041296.000000,0.443076,0,1
97,91,94,74,72,72,64,60,
163.000000,225.000000,0.077876,153065264.000000,0.432840,0,1
101,94,91,72,75,74,61,57,
174.000000,225.000000,0.075164,46284640.000000,0.345325,0,1
82,86,88,73,74,72,61,54,
69.000000,226.000000,0.076484,99437168.000000,0.592958,0,1
127,135,138,117,115,115,102,94,
71.000000,226.000000,0.075804,133588496.000000,0.581209,0,1
125,138,142,115,115,115,101,92,
216.000000,226.000000,0.072474,6686514.000000,0.337520,0,1
51,51,58,47,55,68,46,46,
222.000000,226.000000,0.061128,3009827.500000,0.118316,0,1
56,65,54,71,59,49,57,50,
306.000000,226.000000,0.082861,2669666.750000,0.999793,0,1
6,6,6,7,8,9,10,14,
310.000000,226.000000,0.077100,2794871.750000,1.660085,0,1
6,7,7,9,10,12,12,14,
554.000000,226.000000,0.087348,21773476.000000,0.761421,0,1
23,22,26,23,26,31,25,30,
54.000000,227.000000,0.077324,310155104.000000,0.530674,0,1
123,124,127,96,95,94,90,89,
35.000000,228.000000,0.088710,8585899.000000,0.491626,0,1
105,102,109,112,119,126,133,133,
256.000000,228.000000,0.080322,2617540.750000,0.328209,0,1
8,8,9,9,10,10,12,15,
107.000000,229.000000,0.076181,240625488.000000,0.550393,0,1
98,96,89,102,95,88,103,131,
48.000000,230.000000,0.077283,956108480.000000,0.539870,0,1
100,119,103,132,118,93,112,81,
125.000000,230.000000,0.083053,103810176.000000,1.125735,0,1
82,93,103,78,89,107,81,68,
126.000000,230.000000,0.082663,88012336.000000,1.118709,0,1
82,96,107,82,101,107,84,66,
127.000000,231.000000,0.082503,72512200.000000,1.116452,0,1
107,101,107,84,83,78,66,72,
97.000000,233.000000,0.086956,85688128.000000,1.288648,0,1
80,81,83,77,76,77,69,66,
133.000000,234.000000,0.079167,62620856.000000,1.079876,0,1
65,82,73,79,63,56,62,57,
70.000000,235.000000,0.084923,754759168.000000,0.685563,0,1
80,76,74,108,100,90,129,100,
51.000000,236.000000,0.086573,388500224.000000,0.717885,0,1
106,121,124,89,95,102,73,68,
55.000000,238.000000,0.087120,512663296.000000,0.715504,0,1
111,79,81,69,69,70,63,60,
62.000000,238.000000,0.087189,752267712.000000,0.698540,0,1
120,94,103,73,72,73,66,61,
67.000000,238.000000,0.087116,634335424.000000,0.693487,0,1
134,114,112,75,77,74,62,60,
96.000000,241.000000,0.092642,410600128.000000,1.368789,0,1
60,61,63,75,89,91,95,83,
166.000000,244.000000,0.095316,22613026.000000,1.070102,0,1
37,40,38,43,42,41,47,51,
83.000000,246.000000,0.096509,448063776.000000,1.452463,0,1
67,68,73,88,101,113,134,146,
87.000000,246.000000,0.097130,699707136.000000,0.661227,0,1
63,75,71,113,118,121,152,158,
105.000000,247.000000,0.097082,417008576.000000,1.369278,0,1
67,81,61,91,67,49,58,54,
100.000000,248.000000,0.096968,406553728.000000,0.681863,0,1
108,126,113,118,98,73,61,54,
636.000000,248.000000,0.067874,1042444.687500,0.476828,0,1
34,33,36,32,34,38,33,33,
56.000000,249.000000,0.099929,1282500224.000000,0.817220,0,1
57,69,71,99,93,88,119,122,
97.000000,249.000000,0.096975,119253552.000000,0.705905,0,1
133,131,118,112,84,61,70,57,
64.000000,250.000000,0.100982,861862656.000000,0.800520,0,1
51,73,62,97,78,58,89,117,
172.000000,250.000000,0.101825,30947456.000000,2.307729,0,1
46,44,46,39,40,42,36,35,
83.000000,252.000000,0.102347,1454441856.000000,0.767984,0,1
144,136,142,94,100,110,64,52,
90.000000,252.000000,0.102526,595762624.000000,0.709645,0,1
127,128,116,115,115,90,64,49,
98.000000,252.000000,0.102871,159539648.000000,1.474002,0,1
53,57,59,52,54,48,44,43,
91.000000,253.000000,0.103055,462087200.000000,1.508235,0,1
116,115,90,64,58,50,49,47,
51.000000,254.000000,0.102182,59340316.000000,0.843947,0,1
116,112,117,103,107,107,83,58,
62.000000,254.000000,0.102683,410123456.000000,0.830408,0,1
107,122,126,92,95,101,58,50,
64.000000,254.000000,0.102704,414892288.000000,0.827824,0,1
117,126,137,95,101,104,60,50,
48.000000,259.000000,0.105139,38532840.000000,0.877946,0,1
63,61,66,52,54,56,48,47,
49.000000,259.000000,0.106520,22164612.000000,0.873627,0,1
61,63,66,53,56,57,49,48,
61.000000,259.000000,0.109732,50427724.000000,1.750404,0,1
47,54,53,58,61,63,63,63,
70.000000,260.000000,0.111022,36444920.000000,1.727857,0,1
51,59,54,72,67,61,80,71,
192.000000,260.000000,0.104237,6728810.500000,1.103152,0,1
34,33,32,33,31,30,31,29,
572.000000,260.000000,0.108380,835643.812500,0.721863,0,1
27,25,26,23,24,25,21,21,
660.000000,264.000000,0.064112,3936701.750000,0.551576,0,1
46,43,46,40,43,44,39,39,
78.000000,265.000000,0.114247,60670976.000000,1.721002,0,1
61,60,59,51,54,54,45,41,
78.000000,266.000000,0.114348,80764856.000000,1.723332,0,1
60,53,54,44,46,48,41,39,
112.000000,268.000000,0.122294,83530088.000000,1.591119,0,1
38,43,39,50,44,41,46,42,
92.000000,269.000000,0.120234,60045024.000000,1.696833,0,1
59,56,54,49,50,49,42,36,
89.000000,270.000000,0.119728,70377184.000000,1.711565,0,1
53,48,49,40,41,42,36,35,
102.000000,272.000000,0.122239,121584152.000000,1.678454,0,1
51,46,49,42,43,46,37,34,
72.000000,288.000000,0.141808,67919032.000000,2.041617,0,1
27,27,26,40,39,38,53,56,
323.000000,288.000000,0.148203,20962756.000000,2.242582,0,1
12,11,12,13,14,15,19,20,
79.000000,289.000000,0.142524,82380168.000000,2.003436,0,1
26,28,28,42,37,32,47,49,
91.000000,291.000000,0.144722,118706656.000000,1.950502,0,1
23,30,28,41,40,38,46,42,
98.000000,291.000000,0.146627,160006864.000000,1.916711,0,1
23,25,24,33,31,30,41,42,
107.000000,292.000000,0.147869,180846512.000000,3.715459,0,1
24,23,23,34,31,28,38,37,
116.000000,293.000000,0.149581,167745008.000000,3.601394,0,1
23,25,24,32,31,29,39,42,
119.000000,293.000000,0.150245,211372976.000000,3.568167,0,1
24,24,24,30,28,25,36,41,
83.000000,294.000000,0.144562,133175776.000000,2.010841,0,1
45,33,36,25,26,27,23,22,
90.000000,294.000000,0.145683,108133056.000000,1.977708,0,1
46,42,42,29,32,35,25,24,
93.000000,294.000000,0.145176,51558180.000000,1.954160,0,1
42,42,41,33,34,34,27,24,
102.000000,295.000000,0.145061,70371760.000000,3.791109,0,1
41,38,39,28,31,33,25,24,
111.000000,296.000000,0.148398,172796144.000000,3.684851,0,1
39,38,41,29,31,34,24,22,
202.000000,296.000000,0.139208,6856032.500000,2.444628,0,1
25,24,22,23,25,26,28,30,
119.000000,297.000000,0.150250,334680800.000000,3.576392,0,1
41,39,40,28,33,33,24,23,
153.000000,297.000000,0.154059,79202264.000000,3.152630,0,1
22,25,23,32,30,32,37,37,
160.000000,297.000000,0.154623,155371824.000000,3.067475,0,1
20,22,21,30,28,25,37,41,
132.000000,298.000000,0.152382,147900000.000000,3.413007,0,1
42,40,43,33,36,36,25,22,
133.000000,298.000000,0.152521,145566864.000000,3.400770,0,1
43,42,43,35,36,37,25,23,
167.000000,298.000000,0.155282,214486608.000000,2.982182,0,1
18,22,20,35,30,27,43,44,
168.000000,298.000000,0.155439,203751936.000000,2.970937,0,1
18,21,20,33,28,26,43,44,
91.000000,94.000000,0.186528,1661785088.000000,4.055994,0,1
21,27,31,55,57,60,91,97,
38.000000,209.000000,0.057857,474353408.000000,0.387021,0,1
45,47,45,59,57,55,107,181,
524.000000,207.000000,0.068719,418746848.000000,0.275979,0,1
29,30,56,32,56,90,59,75,
377.000000,206.000000,0.081318,27136700.000000,0.122550,0,1
60,65,58,38,41,29,19,16,
83.000000,206.000000,0.058893,1183619840.000000,0.348386,0,1
64,64,73,62,82,130,77,95,
91.000000,204.000000,0.056663,1431947392.000000,0.263908,0,1
175,108,221,87,163,255,150,240,
539.000000,203.000000,0.059833,462342784.000000,0.426803,0,1
28,37,48,61,61,59,65,68,
91.000000,202.000000,0.056681,2054396928.000000,0.263692,0,1
187,116,232,87,175,255,108,163,
527.000000,125.000000,0.066791,711223936.000000,0.442409,0,1
37,50,36,64,60,31,84,92,
566.000000,200.000000,0.060609,2080485376.000000,0.497434,0,1
31,35,56,24,86,91,57,64,
524.000000,127.000000,0.061566,15174412.000000,0.134962,0,1
63,73,77,79,92,106,84,92,
546.000000,200.000000,0.060963,892814720.000000,0.451668,0,1
36,69,28,110,58,29,84,53,
545.000000,199.000000,0.061044,646399872.000000,0.449481,0,1
38,44,36,86,69,28,110,84,
335.000000,129.000000,0.073022,753475.187500,1.158071,0,1
16,16,17,9,9,11,6,6,
340.000000,129.000000,0.090428,1156457.375000,1.252998,0,1
19,19,20,11,12,14,7,7,
349.000000,130.000000,0.090346,4557131.000000,1.164778,0,1
30,21,24,9,11,12,8,11,
76.000000,196.000000,0.057961,4368440320.000000,0.346414,0,1
111,81,125,69,81,136,69,69,
602.000000,131.000000,0.062513,915519360.000000,0.286763,0,1
249,255,180,208,166,45,81,31,
77.000000,194.000000,0.057359,1909151232.000000,0.277809,0,1
229,138,238,91,162,251,94,99,
638.000000,133.000000,0.063821,4049430016.000000,0.366520,0,1
89,63,209,36,176,255,113,173,
531.000000,192.000000,0.062390,101912104.000000,0.196030,0,1
105,71,103,50,98,110,38,27,
539.000000,190.000000,0.060422,150237856.000000,0.201657,0,1
65,84,37,106,46,29,63,88,
557.000000,134.000000,0.060491,655317376.000000,0.182490,0,1
37,137,53,232,159,41,252,194,
552.000000,187.000000,0.059052,445165856.000000,0.213946,0,1
22,21,58,23,48,120,33,66,
586.000000,137.000000,0.061670,438165888.000000,0.550099,0,1
238,208,194,146,151,135,112,89,
599.000000,185.000000,0.062300,168743040.000000,0.351950,0,1
66,56,71,32,56,72,36,42,
379.000000,185.000000,0.073502,42872272.000000,0.839361,0,1
16,23,10,28,16,10,24,17,
551.000000,138.000000,0.060110,2411662848.000000,0.444840,0,1
23,21,69,24,53,105,82,67,
603.000000,184.000000,0.061237,436004352.000000,0.351193,0,1
47,62,34,73,52,29,69,55,
552.000000,140.000000,0.060330,654571904.000000,0.449029,0,1
79,101,113,63,67,64,44,47,
565.000000,140.000000,0.060814,875852672.000000,0.486092,0,1
80,113,62,58,44,23,29,18,
566.000000,183.000000,0.061966,180807392.000000,0.242362,0,1
72,44,88,22,48,78,22,21,
182.000000,182.000000,0.047188,808230656.000000,0.176613,0,1
201,203,161,238,156,112,219,214,
379.000000,180.000000,0.072968,44148148.000000,0.831954,0,1
14,22,10,26,15,9,22,15,
223.000000,144.000000,0.046733,585233984.000000,0.440949,0,1
24,62,28,98,66,35,100,78,
232.000000,144.000000,0.047915,446576416.000000,0.948840,0,1
44,95,41,41,44,19,33,29,
472.000000,144.000000,0.070952,10279471.000000,0.321743,0,1
47,48,48,55,53,53,62,65,
566.000000,175.000000,0.060857,145471232.000000,0.291083,0,1
63,47,62,23,32,33,21,29,
558.000000,145.000000,0.062424,97701752.000000,0.284786,0,1
56,39,58,19,41,59,20,27,
133.000000,146.000000,0.043641,848421440.000000,0.628543,0,1
95,101,119,147,138,162,195,241,
146.000000,146.000000,0.044355,1595823360.000000,0.604151,0,1
146,145,173,133,197,201,220,255,
152.000000,146.000000,0.044348,2891297792.000000,0.589659,0,1
104,143,105,197,140,109,249,229,
189.000000,174.000000,0.046324,1604048768.000000,0.522070,0,1
101,74,123,130,133,189,188,115,
178.000000,172.000000,0.045235,1707630208.000000,0.538640,0,1
236,192,233,145,190,187,113,145,
559.000000,170.000000,0.061160,862711360.000000,0.475474,0,1
38,49,22,62,36,15,51,36,
132.000000,147.000000,0.043432,262125872.000000,0.630644,0,1
101,147,138,209,195,213,213,209,
379.000000,170.000000,0.072473,22322638.000000,0.821206,0,1
13,20,10,21,14,10,20,14,
213.000000,147.000000,0.046955,305538336.000000,0.464898,0,1
86,86,94,70,75,64,53,56,
224.000000,147.000000,0.047602,339552512.000000,1.016356,0,1
84,78,69,63,61,59,51,39,
549.000000,169.000000,0.060139,560070976.000000,0.441271,0,1
25,20,44,12,33,53,15,15,
532.000000,147.000000,0.059348,33001108.000000,0.233344,0,1
63,45,60,29,41,49,20,14,
599.000000,147.000000,0.064689,66158536.000000,0.290944,0,1
19,22,26,31,56,46,66,83,
633.000000,168.000000,0.062958,2933734912.000000,0.409397,0,1
61,56,192,30,128,240,47,44,
173.000000,168.000000,0.045178,2309288448.000000,0.549825,0,1
209,158,237,109,178,239,130,164,
172.000000,150.000000,0.045274,360314592.000000,0.152524,0,1
231,194,134,215,175,111,247,227,
623.000000,150.000000,0.061829,1256109696.000000,0.383769,0,1
45,33,80,30,66,105,73,106,
637.000000,150.000000,0.065574,1036942720.000000,0.364340,0,1
41,79,34,107,55,24,73,35,
126.000000,167.000000,0.045687,1608750848.000000,0.676793,0,1
247,242,229,237,225,171,238,215,
155.000000,151.000000,0.044581,1579348352.000000,0.586001,0,1
179,181,234,163,182,234,156,190,
533.000000,166.000000,0.059467,48635208.000000,0.151364,0,1
28,56,28,65,50,17,59,50,
553.000000,165.000000,0.060800,450525280.000000,0.456305,0,1
15,20,34,20,52,69,52,59,
552.000000,165.000000,0.060768,472587968.000000,0.453534,0,1
14,14,28,13,34,63,38,56,
560.000000,164.000000,0.059012,130450704.000000,0.457110,0,1
14,20,19,44,44,35,71,54,
378.000000,164.000000,0.072105,21480828.000000,0.819986,0,1
18,23,13,23,19,10,22,21,
594.000000,153.000000,0.063503,230655696.000000,0.347707,0,1
21,20,31,19,28,64,38,74,
187.000000,163.000000,0.046921,2431849216.000000,0.530119,0,1
162,249,135,244,208,99,172,117,
536.000000,154.000000,0.062454,180662432.000000,0.427057,0,1
16,16,39,15,31,52,16,17,
622.000000,154.000000,0.061240,426562496.000000,0.378095,0,1
97,81,101,33,47,59,25,33,
650.000000,156.000000,0.062901,2382235904.000000,0.437054,0,1
70,34,115,35,51,89,31,22,
189.000000,158.000000,0.046972,3071769344.000000,0.520881,0,1
124,89,172,88,119,191,83,118,
566.000000,158.000000,0.060268,44607256.000000,0.483172,0,1
40,33,39,21,23,23,15,15,
480.000000,154.000000,0.076952,219289216.000000,0.379172,0,1
43,56,24,59,41,15,54,39,
480.000000,161.000000,0.077097,133161624.000000,0.381218,0,1
35,45,22,45,35,14,44,35,
238.000000,162.000000,0.064673,334184160.000000,0.164914,0,1
32,73,31,78,55,18,56,40,
90.000000,94.000000,0.186259,1622777088.000000,4.059245,0,1
20,26,29,54,56,58,88,98,
480.000000,151.000000,0.077153,292166304.000000,0.380195,0,1
45,63,26,66,44,14,59,41,
481.000000,168.000000,0.077050,125641360.000000,0.385874,0,1
23,34,14,40,23,11,31,21,
177.000000,210.000000,0.066238,36261032.000000,0.760449,0,1
141,128,123,114,109,106,101,102,
510.000000,147.000000,0.079706,181713968.000000,0.490638,0,1
17,12,27,9,17,36,11,16,
188.000000,147.000000,0.046542,2098041856.000000,0.518107,0,1
98,84,218,86,171,255,88,74,
185.000000,173.000000,0.045479,1701804288.000000,0.164581,0,1
123,198,115,250,182,96,234,222,
378.000000,206.000000,0.079592,70280512.000000,0.119949,0,1
58,64,40,40,38,19,20,16,
228.000000,174.000000,0.047503,341289472.000000,0.960316,0,1
69,67,101,63,86,126,123,124,
188.000000,146.000000,0.046560,2743289344.000000,0.518386,0,1
74,69,150,80,137,255,101,134,
480.000000,144.000000,0.077743,303530272.000000,0.383969,0,1
34,53,22,62,41,14,61,44,
182.000000,123.000000,0.067454,51243436.000000,0.209418,0,1
29,27,26,52,52,28,39,54,
480.000000,203.000000,0.068231,19527792.000000,0.349142,0,1
34,45,26,49,34,23,43,32,
511.000000,143.000000,0.079280,386552896.000000,0.490808,0,1
31,18,43,12,30,52,18,29,
178.000000,124.000000,0.069207,588524224.000000,0.745079,0,1
27,22,56,21,45,58,24,45,
510.000000,125.000000,0.079453,389332448.000000,0.493315,0,1
18,12,30,9,20,45,13,25,
511.000000,125.000000,0.079192,520472896.000000,0.494465,0,1
27,19,38,13,34,52,23,41,
510.000000,141.000000,0.079160,311337792.000000,0.486880,0,1
19,13,30,10,18,42,13,18,
480.000000,136.000000,0.077409,135354800.000000,0.383144,0,1
19,33,12,42,25,8,40,29,
512.000000,134.000000,0.078257,980585024.000000,0.487492,0,1
55,37,61,20,50,61,33,45,
480.000000,196.000000,0.066818,17676668.000000,0.335252,0,1
34,47,27,53,35,25,47,35,
216.000000,195.000000,0.048236,1135954176.000000,0.152183,0,1
116,59,121,33,85,127,53,76,
510.000000,133.000000,0.078532,740310976.000000,0.483542,0,1
24,12,39,9,21,53,12,19,
443.000000,161.000000,0.073503,200395056.000000,0.395167,0,1
37,27,50,20,38,57,26,37,
440.000000,195.000000,0.076783,86831944.000000,0.492920,0,1
34,22,50,20,36,51,23,37,
440.000000,188.000000,0.076910,54590912.000000,0.475325,0,1
24,15,30,13,25,29,17,30,
440.000000,198.000000,0.077292,79108344.000000,0.503141,0,1
37,23,54,22,37,54,23,37,
441.000000,210.000000,0.076803,22069800.000000,0.531807,0,1
44,28,45,19,40,37,26,36,
241.000000,210.000000,0.067931,262791984.000000,0.566318,0,1
30,44,17,51,33,13,43,33,
42.000000,209.000000,0.058062,460516032.000000,0.384712,0,1
49,44,47,55,54,55,105,169,
440.000000,203.000000,0.078254,57053736.000000,0.521352,0,1
36,23,52,22,35,53,23,33,
