# timestamp
1608635246891079424

# fx, fy, cx, cy, width, height, npoints
501.487549,501.475311,421.776184,167.666306,800,400,592

# camToWorld: translation vector, rotation quaternion
-37.128141,70.910967,7.344593,-0.074805,-0.720197,0.687201,0.058952

# Exposure time (ms)
0.334468

# GPS Data
# GPSData: Covariance matrix
0.000021,0.000000,0.000000,0.000000,0.000030,0.000000,0.000000,0.000000,0.000084

# GPSData: GPS point
79.728659,11.697681,6.260592

# Point Cloud Data : 
# u,v,idepth_scaled,idepth_hessian,maxRelBaseline,numGoodRes,status 
# color information 
755.000000,21.000000,0.065586,350562272.000000,0.786985,0,1
84,69,76,54,65,56,58,59,
723.000000,24.000000,0.084099,848409408.000000,0.683433,0,1
94,75,96,46,69,89,35,46,
753.000000,33.000000,0.063516,90129280.000000,0.422162,0,1
68,57,63,50,75,80,68,78,
744.000000,107.000000,0.104792,40625220.000000,0.964722,0,1
39,34,37,32,43,44,39,45,
743.000000,108.000000,0.105454,78309624.000000,0.965371,0,1
34,32,43,32,39,53,35,29,
710.000000,232.000000,0.195721,3196422.250000,1.280016,0,1
15,18,16,28,24,20,32,33,
704.000000,284.000000,0.220246,431994656.000000,1.447157,0,1
52,34,66,34,52,74,36,51,
442.000000,290.000000,0.128946,5003856.500000,1.832533,0,1
79,78,79,74,75,76,70,69,
414.000000,291.000000,0.147047,5488540.000000,2.309699,0,1
69,66,72,60,65,70,59,64,
659.000000,293.000000,0.197025,405267008.000000,1.273427,0,1
35,35,58,37,52,72,57,72,
450.000000,294.000000,0.160321,4144497.500000,0.952608,0,1
71,72,74,73,76,78,77,81,
539.000000,295.000000,0.162885,55681776.000000,1.228069,0,1
61,61,57,62,64,63,70,72,
680.000000,295.000000,0.207868,322277472.000000,1.371978,0,1
68,74,48,77,65,38,77,63,
704.000000,295.000000,0.220430,358058016.000000,1.479420,0,1
53,34,66,34,52,74,35,51,
698.000000,297.000000,0.216056,370120960.000000,1.455142,0,1
44,66,38,74,45,35,66,47,
401.000000,298.000000,0.158542,20558642.000000,0.441091,0,1
73,68,73,50,58,76,41,54,
720.000000,16.000000,0.059240,482669984.000000,0.517487,0,1
77,101,68,112,70,68,94,67,
740.000000,19.000000,0.056406,35591048.000000,0.276925,0,1
92,90,80,84,84,75,86,73,
432.000000,22.000000,0.100140,114371304.000000,0.227666,0,1
123,120,89,117,75,38,64,31,
485.000000,25.000000,0.097988,349116000.000000,0.346648,0,1
119,91,113,52,68,90,34,34,
537.000000,46.000000,0.044287,61715104.000000,0.291325,0,1
111,93,106,85,94,84,83,75,
727.000000,52.000000,0.072064,91064696.000000,0.323766,0,1
86,92,77,82,73,50,71,70,
526.000000,60.000000,0.044057,47795436.000000,0.254086,0,1
62,83,63,79,84,65,74,73,
732.000000,63.000000,0.055302,160567648.000000,0.631970,0,1
51,60,44,64,52,34,55,45,
509.000000,64.000000,0.042715,28751450.000000,0.158127,0,1
69,85,58,90,69,65,77,73,
742.000000,80.000000,0.021736,685010368.000000,0.318274,0,1
52,52,53,38,53,46,41,37,
713.000000,179.000000,0.102632,9459719.000000,0.878124,0,1
22,26,25,27,20,16,16,14,
699.000000,183.000000,0.114547,10588014.000000,0.897396,0,1
17,18,25,23,28,32,32,21,
263.000000,218.000000,0.111201,455692576.000000,0.604481,0,1
13,26,15,68,51,19,98,76,
674.000000,257.000000,0.204542,257231632.000000,1.231554,0,1
32,35,34,33,50,49,55,69,
676.000000,257.000000,0.205113,110721856.000000,1.239857,0,1
32,34,33,50,49,45,71,75,
40.000000,260.000000,0.112951,1273521.250000,1.505538,0,1
73,73,73,73,72,70,70,65,
673.000000,261.000000,0.204574,448000896.000000,1.239085,0,1
56,35,69,33,55,76,36,54,
664.000000,269.000000,0.199915,64744952.000000,1.220025,0,1
34,48,34,76,50,34,76,74,
680.000000,269.000000,0.208152,373743104.000000,1.294072,0,1
68,77,48,77,66,37,77,65,
666.000000,273.000000,0.200668,212913504.000000,1.240329,0,1
41,68,36,78,58,35,75,70,
683.000000,275.000000,0.209045,116769456.000000,1.166658,0,1
34,37,39,50,50,58,61,75,
693.000000,278.000000,0.214589,63753364.000000,1.379192,0,1
34,60,36,76,61,35,77,76,
683.000000,283.000000,0.208201,234655712.000000,1.344716,0,1
78,76,77,75,63,53,51,36,
687.000000,284.000000,0.211498,50527480.000000,1.203651,0,1
77,61,76,39,54,75,35,36,
697.000000,286.000000,0.216063,236056912.000000,1.418989,0,1
45,69,37,78,55,34,74,61,
697.000000,288.000000,0.216987,251491712.000000,1.427214,0,1
55,74,43,77,61,36,76,62,
689.000000,289.000000,0.212674,266246240.000000,1.393545,0,1
61,38,71,33,53,76,37,50,
530.000000,88.000000,0.043969,27378902.000000,0.267932,0,1
76,70,62,50,61,50,58,52,
606.000000,20.000000,0.049669,181876384.000000,0.495259,0,1
88,81,104,91,80,88,65,68,
634.000000,20.000000,0.057093,90092464.000000,0.523372,0,1
110,116,87,117,98,81,105,80,
629.000000,25.000000,0.049723,80567192.000000,0.470865,0,1
110,102,108,100,98,82,88,73,
431.000000,26.000000,0.098350,335541824.000000,0.240882,0,1
36,55,40,114,83,58,124,125,
647.000000,26.000000,0.049712,96605728.000000,0.515198,0,1
90,80,100,92,93,97,80,84,
674.000000,26.000000,0.051568,117278360.000000,0.401154,0,1
99,93,108,81,101,112,94,111,
431.000000,27.000000,0.098365,391217632.000000,0.239115,0,1
45,99,69,125,123,107,126,124,
438.000000,28.000000,0.097797,409510752.000000,0.240365,0,1
33,53,39,113,83,56,124,124,
631.000000,28.000000,0.051088,149556608.000000,0.500128,0,1
70,68,85,69,83,81,80,89,
442.000000,29.000000,0.097462,407939968.000000,0.240604,0,1
27,47,32,104,74,51,122,124,
565.000000,30.000000,0.049685,290789376.000000,0.376115,0,1
81,62,100,56,86,107,62,73,
671.000000,30.000000,0.053583,40132784.000000,0.278882,0,1
78,81,100,85,95,110,90,107,
486.000000,31.000000,0.095674,348723712.000000,0.276180,0,1
31,40,39,71,68,67,118,121,
624.000000,32.000000,0.056788,57386172.000000,0.271737,0,1
102,102,85,96,87,63,82,59,
521.000000,33.000000,0.048492,33026196.000000,0.548652,0,1
116,105,113,113,103,110,100,91,
548.000000,35.000000,0.049373,21873574.000000,0.088950,0,1
99,112,87,117,109,88,116,103,
551.000000,35.000000,0.051648,48604248.000000,0.253344,0,1
109,92,116,89,103,114,91,102,
612.000000,35.000000,0.049781,262517056.000000,0.449595,0,1
92,71,62,66,67,55,68,56,
578.000000,36.000000,0.049658,544547264.000000,0.297187,0,1
58,95,44,99,77,48,102,84,
701.000000,36.000000,0.061030,240899808.000000,0.377433,0,1
106,104,88,108,98,79,107,104,
658.000000,37.000000,0.049238,73372064.000000,0.501915,0,1
93,97,85,100,94,75,95,80,
636.000000,38.000000,0.050523,213928016.000000,0.477854,0,1
91,92,84,90,84,86,84,66,
534.000000,39.000000,0.054462,37630348.000000,0.091393,0,1
79,73,100,77,95,105,83,98,
667.000000,39.000000,0.054460,111741584.000000,0.402972,0,1
82,79,94,73,89,102,81,97,
461.000000,40.000000,0.096783,178609024.000000,0.286834,0,1
65,110,43,117,65,43,102,66,
520.000000,41.000000,0.044504,69590184.000000,0.490519,0,1
105,101,111,93,102,107,89,90,
610.000000,42.000000,0.050122,181195712.000000,0.310939,0,1
93,106,66,101,82,54,83,67,
685.000000,42.000000,0.047865,97734040.000000,0.517861,0,1
105,101,95,103,98,99,94,89,
503.000000,43.000000,0.033968,58160456.000000,0.462868,0,1
109,111,100,112,107,92,114,111,
555.000000,43.000000,0.046219,52808344.000000,0.227180,0,1
96,113,90,115,107,97,114,108,
642.000000,44.000000,0.050574,72291520.000000,0.471731,0,1
58,54,72,59,67,79,66,92,
652.000000,44.000000,0.051416,200637664.000000,0.406484,0,1
88,99,75,104,85,86,94,77,
504.000000,46.000000,0.036049,59122596.000000,0.226299,0,1
99,111,87,113,98,90,110,89,
557.000000,46.000000,0.050614,38984492.000000,0.244740,0,1
93,105,90,103,105,83,110,112,
673.000000,47.000000,0.018151,398620000.000000,0.151963,0,1
92,73,81,49,71,83,47,44,
713.000000,47.000000,0.059490,198449984.000000,0.376477,0,1
96,101,78,100,87,71,91,81,
663.000000,49.000000,0.018032,802034112.000000,0.226190,0,1
80,88,70,87,69,48,76,60,
582.000000,51.000000,0.047506,307338752.000000,0.363554,0,1
59,45,70,54,59,82,45,56,
638.000000,51.000000,0.052735,191297744.000000,0.349006,0,1
53,50,75,57,65,82,51,68,
650.000000,52.000000,0.051045,193961728.000000,0.396044,0,1
94,103,63,100,70,60,90,62,
481.000000,53.000000,0.037345,45932180.000000,0.567677,0,1
109,93,111,90,102,113,93,100,
493.000000,53.000000,0.035829,87586808.000000,0.208572,0,1
88,78,103,78,93,106,71,85,
493.000000,54.000000,0.035419,78104080.000000,0.204436,0,1
90,72,104,76,84,106,74,79,
461.000000,55.000000,0.097126,328295136.000000,0.341900,0,1
72,102,51,110,71,52,100,72,
648.000000,55.000000,0.050497,109595048.000000,0.470074,0,1
99,97,73,94,79,63,78,66,
557.000000,57.000000,0.053940,29794416.000000,0.329449,0,1
93,96,78,97,80,72,88,69,
620.000000,57.000000,0.048418,104379680.000000,0.405431,0,1
96,77,95,71,80,80,67,55,
495.000000,58.000000,0.033583,101444040.000000,0.187552,0,1
100,86,85,72,87,83,66,75,
393.000000,62.000000,0.015115,86868232.000000,0.165932,0,1
106,104,103,95,94,105,99,78,
581.000000,62.000000,0.049132,300246400.000000,0.183546,0,1
53,91,44,96,68,50,95,77,
624.000000,62.000000,0.048709,289988640.000000,0.407506,0,1
79,70,88,67,83,88,70,72,
632.000000,62.000000,0.050720,272638752.000000,0.324299,0,1
48,47,72,62,66,84,55,80,
687.000000,62.000000,0.015161,63229848.000000,0.043105,0,1
99,88,92,59,76,98,64,87,
632.000000,63.000000,0.050789,223570560.000000,0.324416,0,1
49,50,85,56,79,84,59,78,
650.000000,63.000000,0.049294,29608274.000000,0.338384,0,1
81,67,74,53,55,48,40,49,
395.000000,64.000000,0.018196,52939804.000000,0.188832,0,1
105,95,90,78,95,92,96,79,
556.000000,65.000000,0.050340,72929608.000000,0.297580,0,1
88,75,67,68,71,52,64,56,
681.000000,65.000000,0.018353,474488960.000000,0.223881,0,1
50,48,68,44,58,67,49,51,
715.000000,66.000000,0.055594,183743584.000000,0.459561,0,1
43,34,63,33,53,68,38,46,
574.000000,67.000000,0.048616,220841792.000000,0.305338,0,1
79,63,73,60,73,54,53,64,
687.000000,67.000000,0.018763,168169536.000000,0.149919,0,1
87,76,91,65,71,64,48,45,
409.000000,70.000000,0.017912,22688012.000000,0.052719,0,1
98,93,101,86,89,94,81,87,
414.000000,70.000000,0.016381,34686756.000000,0.140562,0,1
107,103,106,94,100,100,98,91,
595.000000,70.000000,0.048977,56400176.000000,0.100454,0,1
64,94,51,89,76,54,73,48,
368.000000,71.000000,0.016847,58137676.000000,0.213666,0,1
99,99,91,100,93,95,97,92,
588.000000,71.000000,0.048658,197442992.000000,0.333651,0,1
77,58,54,55,55,55,51,36,
623.000000,71.000000,0.045189,122169320.000000,0.198210,0,1
81,68,90,59,74,73,55,37,
461.000000,72.000000,0.096619,277327616.000000,0.300948,0,1
73,97,50,105,73,49,97,72,
493.000000,72.000000,0.039518,15597596.000000,0.120698,0,1
84,87,72,83,89,91,96,83,
501.000000,72.000000,0.034372,106675072.000000,0.382826,0,1
54,55,68,54,59,68,56,63,
579.000000,75.000000,0.046641,178467664.000000,0.233100,0,1
38,67,35,71,60,34,71,72,
407.000000,77.000000,0.016287,58256160.000000,0.143657,0,1
73,67,78,65,69,76,71,79,
480.000000,77.000000,0.037415,16313342.000000,0.159904,0,1
75,80,81,88,76,85,89,92,
651.000000,77.000000,0.050756,24022198.000000,0.341375,0,1
34,39,49,49,57,44,60,59,
392.000000,79.000000,0.017475,116780832.000000,0.172695,0,1
64,59,80,49,69,76,60,60,
593.000000,79.000000,0.046604,54823616.000000,0.249259,0,1
84,77,67,72,61,51,56,53,
657.000000,79.000000,0.049101,244461248.000000,0.377419,0,1
57,55,63,44,56,68,53,66,
697.000000,79.000000,0.020520,638447104.000000,0.259423,0,1
48,52,37,63,40,28,57,42,
370.000000,80.000000,0.017186,23303370.000000,0.207482,0,1
76,83,67,70,75,79,73,67,
425.000000,80.000000,0.023758,8527275.000000,0.161010,0,1
93,87,98,86,90,92,76,81,
691.000000,80.000000,0.019497,653404992.000000,0.241573,0,1
54,36,48,28,32,56,23,26,
498.000000,81.000000,0.044775,8789898.000000,0.172627,0,1
75,91,68,84,71,63,73,64,
574.000000,81.000000,0.045483,226385808.000000,0.284932,0,1
60,40,78,51,67,67,41,64,
461.000000,82.000000,0.097027,258236144.000000,0.281548,0,1
71,93,49,92,70,48,88,66,
535.000000,83.000000,0.049202,90580080.000000,0.223185,0,1
62,59,72,65,69,78,60,73,
745.000000,84.000000,0.022440,1506097280.000000,0.327808,0,1
39,52,33,55,49,26,66,48,
514.000000,85.000000,0.039998,56990680.000000,0.161518,0,1
89,81,79,77,72,79,67,58,
592.000000,85.000000,0.045961,58084444.000000,0.172791,0,1
71,60,57,47,52,37,36,40,
458.000000,86.000000,0.033630,10533821.000000,0.144178,0,1
93,93,83,93,89,75,89,86,
542.000000,87.000000,0.048818,182184080.000000,0.230945,0,1
54,67,52,71,67,50,78,64,
616.000000,87.000000,0.045665,72009264.000000,0.277483,0,1
54,62,40,59,50,30,54,32,
633.000000,87.000000,0.035490,230457456.000000,0.280241,0,1
47,43,47,35,36,35,30,22,
406.000000,88.000000,0.018420,11880528.000000,0.040533,0,1
77,72,75,67,68,63,64,62,
433.000000,88.000000,0.019016,31060590.000000,0.113865,0,1
88,82,93,81,84,94,78,81,
357.000000,89.000000,0.016818,113204448.000000,0.221664,0,1
91,91,84,92,87,71,89,82,
374.000000,90.000000,0.009809,96937504.000000,0.116477,0,1
75,55,70,70,63,64,62,58,
508.000000,91.000000,0.036812,74603104.000000,0.313387,0,1
66,54,64,46,54,66,47,46,
394.000000,92.000000,0.018080,18625176.000000,0.163477,0,1
46,44,54,53,52,55,52,54,
697.000000,92.000000,0.019493,932154112.000000,0.158460,0,1
49,63,33,67,53,26,64,47,
456.000000,95.000000,0.035491,19278884.000000,0.142578,0,1
85,86,84,83,80,76,77,73,
692.000000,96.000000,0.019851,1541053056.000000,0.244888,0,1
49,31,65,21,49,62,27,40,
551.000000,97.000000,0.044832,59085796.000000,0.190525,0,1
47,63,51,68,70,48,81,79,
402.000000,98.000000,0.018501,24697460.000000,0.149083,0,1
56,43,51,49,51,57,47,53,
500.000000,98.000000,0.038324,154242160.000000,0.343059,0,1
52,81,44,88,65,41,85,65,
522.000000,98.000000,0.041123,29442312.000000,0.100435,0,1
64,81,50,75,57,39,69,46,
341.000000,99.000000,0.039791,47101004.000000,0.141091,0,1
49,56,44,86,77,66,89,89,
420.000000,99.000000,0.018077,22788618.000000,0.116127,0,1
62,67,55,69,61,61,65,66,
426.000000,99.000000,0.018830,15532035.000000,0.111622,0,1
72,64,74,64,67,77,66,73,
500.000000,99.000000,0.037317,131214040.000000,0.335234,0,1
59,85,44,85,67,41,78,66,
407.000000,100.000000,0.016804,33015162.000000,0.127317,0,1
55,56,62,55,57,55,48,40,
554.000000,100.000000,0.046066,52383708.000000,0.222817,0,1
45,61,59,67,66,66,74,81,
510.000000,101.000000,0.043932,10525572.000000,0.133785,0,1
41,40,39,42,59,45,66,68,
180.000000,102.000000,0.010255,17530964.000000,0.118564,0,1
87,84,85,73,75,83,71,64,
461.000000,103.000000,0.094169,46104304.000000,0.147170,0,1
60,72,43,82,63,41,74,49,
585.000000,105.000000,0.014836,356513856.000000,0.108977,0,1
27,42,26,48,27,25,43,26,
194.000000,106.000000,0.009379,55670564.000000,0.096682,0,1
69,71,62,69,62,61,64,58,
448.000000,107.000000,0.031272,16947608.000000,0.112146,0,1
81,88,72,87,80,77,90,87,
706.000000,107.000000,0.053968,151131152.000000,0.424068,0,1
35,49,28,59,39,29,51,33,
416.000000,108.000000,0.016838,39578280.000000,0.109148,0,1
59,56,65,53,57,60,51,54,
701.000000,108.000000,0.049819,55236852.000000,0.516470,0,1
47,39,56,49,49,60,42,38,
172.000000,109.000000,0.008798,186682352.000000,0.099863,0,1
86,91,80,90,83,72,85,79,
373.000000,109.000000,0.012721,91157064.000000,0.140560,0,1
62,55,62,48,55,60,44,43,
705.000000,109.000000,0.053773,368359456.000000,0.553083,0,1
54,59,37,58,43,30,45,31,
452.000000,110.000000,0.024993,27736726.000000,0.084672,0,1
77,69,83,73,66,61,58,57,
51.000000,111.000000,0.007123,108742496.000000,0.053371,0,1
95,95,87,93,88,77,88,78,
435.000000,111.000000,0.016248,28580648.000000,0.076883,0,1
60,67,54,71,51,55,55,50,
498.000000,111.000000,0.037788,91577960.000000,0.111066,0,1
74,66,48,38,65,52,37,28,
449.000000,112.000000,0.023158,50068836.000000,0.080218,0,1
81,85,75,82,84,58,78,66,
44.000000,113.000000,0.006371,73373864.000000,0.048521,0,1
93,90,85,87,83,78,79,72,
127.000000,113.000000,0.006106,30954468.000000,0.083887,0,1
91,87,85,81,80,80,76,73,
190.000000,113.000000,0.010729,40207760.000000,0.113045,0,1
57,60,59,58,54,61,53,51,
204.000000,113.000000,0.008752,80774880.000000,0.085470,0,1
64,57,66,57,61,69,52,64,
514.000000,113.000000,0.036924,79550592.000000,0.236751,0,1
53,49,74,45,60,64,51,52,
596.000000,113.000000,0.050770,81324056.000000,0.318769,0,1
37,27,33,25,38,40,37,49,
65.000000,115.000000,0.008810,31434652.000000,0.077903,0,1
85,77,83,72,72,74,67,63,
586.000000,115.000000,0.046535,167370784.000000,0.277154,0,1
34,32,27,38,39,24,43,46,
116.000000,116.000000,0.006065,69155992.000000,0.086794,0,1
89,86,84,82,81,76,77,71,
84.000000,117.000000,0.007450,7007716.000000,0.060778,0,1
78,69,73,64,66,67,60,58,
90.000000,117.000000,0.008423,9772772.000000,0.059963,0,1
84,76,74,70,69,71,66,62,
220.000000,117.000000,0.008823,73583360.000000,0.079282,0,1
76,68,80,63,70,78,66,70,
320.000000,117.000000,0.016753,5842247.000000,0.086316,0,1
73,49,50,68,74,75,73,72,
437.000000,117.000000,0.016967,24685368.000000,0.072928,0,1
54,44,57,45,51,60,42,50,
481.000000,117.000000,0.025616,54662436.000000,0.315748,0,1
41,39,53,31,49,50,36,46,
525.000000,118.000000,0.037143,60566504.000000,0.133364,0,1
72,67,45,58,53,38,45,30,
634.000000,118.000000,0.039865,159781728.000000,0.337739,0,1
34,34,43,26,30,27,19,17,
361.000000,119.000000,0.017906,35574212.000000,0.209839,0,1
38,55,32,41,43,30,36,33,
452.000000,119.000000,0.019177,36044216.000000,0.057685,0,1
54,51,42,49,42,39,44,37,
496.000000,121.000000,0.035447,21838648.000000,0.054074,0,1
49,71,34,83,55,28,69,40,
647.000000,121.000000,0.018041,332282816.000000,0.183315,0,1
32,39,25,39,30,20,38,29,
494.000000,122.000000,0.032404,21980968.000000,0.058451,0,1
69,78,74,66,73,57,44,54,
67.000000,124.000000,0.007785,72124040.000000,0.065875,0,1
55,54,59,55,58,64,57,61,
132.000000,124.000000,0.007378,190132096.000000,0.100256,0,1
64,65,59,68,62,54,66,60,
49.000000,125.000000,0.006809,59600016.000000,0.051070,0,1
61,59,67,60,66,74,64,66,
106.000000,125.000000,0.006057,318211968.000000,0.089733,0,1
65,68,55,70,60,53,65,60,
326.000000,125.000000,0.008678,171243520.000000,0.149275,0,1
83,63,71,52,55,57,48,44,
730.000000,125.000000,0.024145,486723936.000000,0.328373,0,1
32,30,39,22,31,38,24,27,
328.000000,126.000000,0.011435,47684548.000000,0.196218,0,1
72,55,52,42,44,44,42,34,
369.000000,126.000000,0.022728,51553692.000000,0.234298,0,1
35,38,37,34,36,35,29,31,
116.000000,127.000000,0.008030,31689842.000000,0.114726,0,1
58,57,55,62,58,57,65,64,
342.000000,128.000000,0.006800,23379702.000000,0.103342,0,1
37,46,35,39,33,29,40,29,
434.000000,128.000000,0.015107,36434024.000000,0.065978,0,1
35,47,28,51,39,32,48,28,
643.000000,128.000000,0.018231,328196800.000000,0.178871,0,1
34,30,37,18,34,27,22,26,
91.000000,129.000000,0.006393,81550088.000000,0.043069,0,1
63,59,63,52,57,65,50,49,
214.000000,129.000000,0.008455,87278760.000000,0.078519,0,1
64,64,67,66,71,78,71,80,
730.000000,129.000000,0.024259,493707328.000000,0.325545,0,1
27,25,32,22,30,37,31,37,
261.000000,130.000000,0.002251,96636568.000000,0.016612,0,1
72,71,66,72,63,64,66,55,
452.000000,130.000000,0.010253,14164921.000000,0.028219,0,1
37,40,32,37,35,27,31,30,
56.000000,131.000000,0.007153,186801008.000000,0.064779,0,1
69,76,62,82,70,60,77,66,
586.000000,131.000000,0.046638,8237725.000000,0.271400,0,1
27,25,35,18,30,27,19,19,
71.000000,132.000000,0.005667,24833226.000000,0.044469,0,1
60,58,51,54,52,47,47,41,
223.000000,132.000000,0.002351,55205064.000000,0.021208,0,1
77,74,76,67,70,77,66,63,
80.000000,133.000000,0.002877,19164366.000000,0.037644,0,1
60,53,57,48,57,63,55,59,
158.000000,133.000000,0.007976,33380898.000000,0.070469,0,1
54,52,47,60,59,48,68,67,
174.000000,133.000000,0.007279,143580560.000000,0.048864,0,1
85,71,83,62,74,75,64,65,
198.000000,134.000000,0.006081,46661820.000000,0.041823,0,1
62,49,71,47,61,69,41,50,
305.000000,134.000000,0.002647,380013536.000000,0.056573,0,1
73,73,65,72,65,49,68,52,
308.000000,134.000000,0.004252,124439360.000000,0.087498,0,1
67,60,57,54,50,47,41,35,
466.000000,134.000000,0.097603,20390128.000000,0.829492,0,1
30,36,23,33,29,19,34,29,
605.000000,134.000000,0.026314,22681482.000000,0.200548,0,1
18,25,15,27,21,17,26,21,
155.000000,135.000000,0.007379,188230304.000000,0.095993,0,1
55,49,63,46,54,66,48,50,
611.000000,135.000000,0.015759,211814224.000000,0.132705,0,1
30,20,42,18,30,46,21,30,
587.000000,136.000000,0.022105,50937596.000000,0.151841,0,1
19,23,19,28,27,21,36,36,
192.000000,137.000000,0.006108,66688244.000000,0.063346,0,1
37,53,38,57,54,35,58,45,
198.000000,137.000000,0.006170,68544376.000000,0.062559,0,1
53,39,64,40,50,68,39,52,
68.000000,138.000000,0.007012,39754360.000000,0.054944,0,1
61,54,56,47,51,49,48,42,
127.000000,138.000000,0.006761,373455648.000000,0.092190,0,1
52,57,48,63,56,44,58,48,
169.000000,138.000000,0.002566,289900832.000000,0.038819,0,1
57,48,61,45,54,65,47,51,
246.000000,140.000000,0.002356,128365184.000000,0.021373,0,1
57,48,69,45,54,66,42,54,
184.000000,142.000000,0.004145,32175356.000000,0.045161,0,1
37,40,36,43,39,36,35,32,
291.000000,142.000000,0.002821,240207328.000000,0.066709,0,1
38,42,44,38,48,62,46,63,
306.000000,142.000000,0.008911,153403360.000000,0.181078,0,1
29,39,34,48,45,38,54,57,
212.000000,143.000000,0.005077,131317520.000000,0.059254,0,1
69,57,74,42,58,60,44,55,
703.000000,143.000000,0.056141,32829822.000000,0.563028,0,1
19,23,19,27,22,22,31,34,
72.000000,144.000000,0.005488,20836162.000000,0.042476,0,1
42,41,36,41,37,32,38,34,
104.000000,144.000000,0.003921,252190672.000000,0.058937,0,1
44,52,38,54,41,34,43,36,
304.000000,144.000000,0.006967,71517000.000000,0.038900,0,1
48,34,54,47,42,57,33,37,
53.000000,145.000000,0.006810,77774168.000000,0.050398,0,1
55,50,54,41,48,51,36,36,
97.000000,146.000000,0.006577,105750560.000000,0.050505,0,1
53,57,45,57,47,38,49,41,
466.000000,146.000000,0.097816,13414238.000000,0.825352,0,1
26,33,19,31,27,16,30,26,
197.000000,147.000000,0.009782,91994136.000000,0.097596,0,1
29,30,40,35,33,52,30,32,
487.000000,148.000000,0.031609,6443963.500000,0.326385,0,1
32,29,33,24,34,29,19,17,
169.000000,149.000000,0.004347,117036552.000000,0.053362,0,1
51,49,52,34,44,48,32,28,
203.000000,149.000000,0.156823,19111208.000000,0.963236,0,1
47,37,49,31,36,49,28,31,
587.000000,150.000000,0.022399,21890188.000000,0.156431,0,1
34,40,28,35,32,22,39,31,
36.000000,151.000000,0.003652,90221568.000000,0.028077,0,1
48,52,46,46,43,39,38,34,
204.000000,153.000000,0.005347,141171024.000000,0.056301,0,1
47,34,57,31,44,52,32,31,
215.000000,153.000000,0.004528,139928864.000000,0.042202,0,1
56,54,44,36,47,36,33,30,
216.000000,153.000000,0.004513,205987504.000000,0.041851,0,1
44,54,35,43,41,37,34,31,
235.000000,153.000000,0.018722,29672560.000000,0.173523,0,1
42,44,54,33,46,52,32,33,
578.000000,153.000000,0.046416,15545316.000000,0.261166,0,1
24,18,26,18,21,25,18,17,
322.000000,155.000000,0.027100,11009265.000000,0.423927,0,1
18,18,17,21,25,19,27,30,
278.000000,156.000000,0.014092,27539676.000000,0.351834,0,1
28,28,29,28,30,42,35,27,
467.000000,156.000000,0.095589,21394536.000000,0.222545,0,1
20,29,16,31,19,15,28,21,
680.000000,156.000000,0.020350,150552800.000000,0.230305,0,1
23,18,26,14,23,31,18,23,
327.000000,157.000000,0.027716,6822902.000000,0.418132,0,1
17,19,17,31,25,22,31,29,
616.000000,157.000000,0.046798,57365112.000000,0.349526,0,1
24,26,19,26,23,20,27,22,
261.000000,158.000000,0.020253,47417232.000000,0.552326,0,1
41,42,44,35,35,33,33,24,
304.000000,159.000000,0.009747,52311528.000000,0.196791,0,1
28,31,25,30,28,19,29,25,
341.000000,159.000000,0.031547,23830282.000000,0.400148,0,1
15,20,15,30,20,17,32,29,
726.000000,160.000000,0.022517,64977400.000000,0.304283,0,1
21,17,27,16,20,25,15,20,
231.000000,161.000000,0.021386,37514536.000000,0.171917,0,1
36,35,30,44,29,24,33,29,
455.000000,161.000000,0.097995,9055672.000000,0.972728,0,1
28,22,31,21,28,25,22,27,
219.000000,162.000000,0.021498,59144824.000000,0.184715,0,1
33,34,31,49,29,38,38,27,
351.000000,162.000000,0.039877,38445064.000000,0.434091,0,1
18,30,18,31,19,19,30,25,
682.000000,162.000000,0.066251,27157538.000000,0.594634,0,1
26,21,29,19,20,28,20,23,
295.000000,165.000000,0.032275,57062232.000000,0.584857,0,1
27,31,37,27,31,39,38,49,
337.000000,165.000000,0.033899,24301254.000000,0.437757,0,1
20,24,15,21,17,12,24,16,
299.000000,166.000000,0.026209,27801198.000000,0.480808,0,1
35,33,38,43,46,44,52,58,
307.000000,166.000000,0.026355,64041172.000000,0.455905,0,1
24,26,25,39,39,38,48,51,
330.000000,166.000000,0.027467,37173864.000000,0.425102,0,1
21,15,26,20,21,26,15,20,
231.000000,167.000000,0.026520,60048804.000000,0.211176,0,1
32,30,40,29,35,43,48,59,
238.000000,168.000000,0.024863,32052798.000000,0.190497,0,1
29,31,33,50,56,64,70,78,
588.000000,168.000000,0.017631,12025312.000000,0.186485,0,1
15,24,14,25,20,17,22,22,
596.000000,168.000000,0.048250,17716852.000000,0.308714,0,1
15,20,14,23,16,13,21,18,
350.000000,171.000000,0.039676,38907516.000000,0.440070,0,1
23,26,12,16,23,13,24,22,
367.000000,172.000000,0.047776,20796830.000000,0.431809,0,1
22,14,24,14,19,27,15,19,
376.000000,172.000000,0.052574,7109956.000000,0.426619,0,1
25,28,28,21,24,27,17,15,
402.000000,172.000000,0.058647,2362286.250000,0.333032,0,1
20,23,25,30,29,29,31,31,
518.000000,174.000000,0.105156,8669058.000000,0.433549,0,1
20,20,18,20,17,15,15,13,
36.000000,175.000000,0.034024,5650353.500000,0.394705,0,1
36,39,41,52,53,55,65,69,
417.000000,175.000000,0.067253,2195514.000000,0.301549,0,1
25,26,26,34,33,31,35,30,
423.000000,176.000000,0.069034,1757599.250000,0.286202,0,1
25,26,27,34,32,29,36,32,
259.000000,177.000000,0.033598,50647544.000000,0.131639,0,1
48,38,49,36,55,61,43,53,
333.000000,177.000000,0.033540,25040572.000000,0.452692,0,1
27,33,29,35,30,22,19,13,
381.000000,177.000000,0.054538,13485045.000000,0.430449,0,1
22,17,26,15,21,28,18,21,
281.000000,178.000000,0.032889,8534650.000000,0.189924,0,1
58,55,56,45,44,44,36,24,
306.000000,178.000000,0.032511,27002254.000000,0.157441,0,1
55,51,51,39,44,43,22,16,
190.000000,179.000000,0.033330,38700584.000000,0.317794,0,1
77,78,80,79,83,92,82,93,
357.000000,179.000000,0.047372,33452408.000000,0.475553,0,1
21,15,25,14,20,24,19,24,
440.000000,179.000000,0.074094,4929478.500000,1.059308,0,1
22,23,22,31,27,24,35,35,
705.000000,179.000000,0.091809,9895805.000000,0.802129,0,1
25,23,26,18,24,24,25,31,
291.000000,180.000000,0.031878,11628358.000000,0.172426,0,1
42,32,32,21,20,19,18,14,
330.000000,181.000000,0.028984,5492517.500000,0.429553,0,1
13,15,18,13,15,23,10,10,
449.000000,181.000000,0.080351,3355284.750000,0.981827,0,1
20,24,21,33,28,25,35,32,
187.000000,183.000000,0.036005,45744952.000000,0.348186,0,1
85,93,96,83,83,78,76,76,
460.000000,183.000000,0.090206,8394081.000000,0.913370,0,1
16,21,18,33,30,25,37,39,
229.000000,184.000000,0.092641,68945736.000000,0.438208,0,1
73,74,69,73,69,47,71,49,
258.000000,184.000000,0.039429,246179920.000000,0.871532,0,1
36,29,29,41,39,35,50,53,
457.000000,184.000000,0.094322,8999846.000000,0.967150,0,1
26,27,33,31,30,37,25,25,
354.000000,186.000000,0.039445,5236753.000000,0.461352,0,1
17,20,18,25,22,18,24,22,
111.000000,187.000000,0.040091,28932140.000000,0.520345,0,1
77,74,77,78,82,87,85,82,
341.000000,187.000000,0.034473,48017144.000000,0.440079,0,1
22,17,24,7,14,24,8,8,
484.000000,188.000000,0.098201,18966662.000000,0.724600,0,1
11,10,17,14,16,24,26,31,
226.000000,189.000000,0.103290,50146792.000000,0.516153,0,1
71,71,47,71,46,32,46,32,
344.000000,189.000000,0.035693,38416112.000000,0.441623,0,1
25,16,22,8,12,18,9,9,
478.000000,189.000000,0.098833,4813796.500000,0.294940,0,1
13,13,15,13,19,24,11,15,
224.000000,190.000000,0.107076,51189120.000000,0.547843,0,1
75,75,61,73,60,35,58,35,
498.000000,190.000000,0.104697,4598427.000000,0.622676,0,1
16,18,14,22,18,15,29,34,
273.000000,191.000000,0.022047,21088616.000000,0.086182,0,1
12,18,14,26,25,17,31,28,
290.000000,192.000000,0.020062,25377702.000000,0.118029,0,1
13,9,22,7,16,20,9,9,
300.000000,192.000000,0.021280,24607168.000000,0.118707,0,1
19,19,22,9,11,16,12,7,
470.000000,193.000000,0.084372,7604069.500000,0.227941,0,1
18,14,14,24,18,14,22,20,
494.000000,193.000000,0.101413,4371621.000000,0.651827,0,1
28,31,34,24,29,32,23,25,
639.000000,195.000000,0.157025,13040338.000000,0.892915,0,1
12,15,16,14,9,13,9,8,
215.000000,196.000000,0.120518,17556662.000000,0.679188,0,1
72,72,70,70,65,58,62,60,
256.000000,196.000000,0.052995,62479500.000000,0.370728,0,1
37,49,32,52,43,32,47,38,
527.000000,196.000000,0.115835,5479695.000000,0.551527,0,1
13,16,15,27,22,20,32,34,
461.000000,197.000000,0.095019,6428574.000000,0.281851,0,1
20,18,23,12,12,22,11,13,
536.000000,197.000000,0.118556,9339122.000000,0.605605,0,1
9,10,12,18,13,12,24,29,
220.000000,198.000000,0.117600,87442384.000000,0.642372,0,1
42,55,34,56,46,32,58,46,
299.000000,198.000000,0.031072,22013688.000000,0.166037,0,1
7,7,13,7,10,20,10,10,
520.000000,198.000000,0.112387,2220160.750000,0.508355,0,1
31,32,33,27,29,31,23,23,
503.000000,204.000000,0.104289,8859259.000000,0.638996,0,1
26,24,24,16,19,21,10,7,
506.000000,205.000000,0.105739,6698327.000000,0.625582,0,1
25,21,24,12,17,21,8,8,
246.000000,206.000000,0.069333,103317736.000000,0.290873,0,1
37,36,50,34,46,62,33,39,
451.000000,206.000000,0.099490,357469696.000000,0.344760,0,1
20,27,30,59,63,66,87,94,
579.000000,206.000000,0.135432,19614612.000000,0.951557,0,1
11,13,14,26,23,20,33,35,
246.000000,207.000000,0.069522,108630000.000000,0.292527,0,1
42,36,58,31,42,57,32,36,
261.000000,207.000000,0.056814,9324969.000000,0.211740,0,1
20,26,13,34,19,11,25,20,
441.000000,207.000000,0.099744,303453472.000000,0.380618,0,1
17,26,47,30,68,85,34,60,
512.000000,207.000000,0.110535,4245812.500000,0.606658,0,1
25,20,22,12,15,19,11,11,
584.000000,207.000000,0.137802,8842908.000000,1.002777,0,1
12,15,14,29,23,20,35,36,
94.000000,208.000000,0.061940,19232410.000000,0.800020,0,1
74,73,74,70,71,72,68,66,
636.000000,208.000000,0.157647,33886296.000000,0.896636,0,1
15,18,11,18,14,9,18,14,
409.000000,209.000000,0.084074,12469261.000000,0.479845,0,1
22,23,20,24,22,25,29,29,
459.000000,209.000000,0.099314,116942520.000000,0.282221,0,1
37,82,23,90,65,17,88,85,
572.000000,209.000000,0.136229,2854925.750000,0.930184,0,1
35,35,37,26,29,32,22,21,
668.000000,210.000000,0.048597,27028972.000000,0.485860,0,1
21,22,18,23,18,17,20,16,
548.000000,211.000000,0.159252,2272870.500000,1.041335,0,1
20,21,19,28,25,22,30,30,
381.000000,212.000000,0.063066,6560884.000000,0.522351,0,1
18,16,18,23,24,25,26,24,
610.000000,212.000000,0.150710,18027648.000000,1.308285,0,1
13,17,13,24,19,17,33,33,
369.000000,213.000000,0.057343,4433721.500000,0.551852,0,1
18,16,15,22,22,24,25,22,
596.000000,214.000000,0.148253,4304210.000000,1.199192,0,1
36,37,37,27,31,34,23,22,
218.000000,215.000000,0.122199,359748416.000000,0.705056,0,1
49,61,38,67,49,43,62,51,
520.000000,215.000000,0.126437,84630400.000000,0.627964,0,1
20,12,28,9,20,29,11,21,
218.000000,216.000000,0.122049,346772416.000000,0.705252,0,1
49,61,37,67,50,43,62,51,
443.000000,216.000000,0.101143,94377624.000000,0.415197,0,1
87,37,98,32,65,102,34,42,
566.000000,216.000000,0.154833,3113105.750000,1.110085,0,1
16,23,19,29,27,25,30,30,
574.000000,217.000000,0.155855,2265936.000000,1.170907,0,1
19,17,16,25,21,18,28,30,
581.000000,219.000000,0.164483,2811945.750000,1.327132,0,1
18,18,16,27,24,20,30,30,
520.000000,221.000000,0.126366,95034664.000000,0.639892,0,1
21,10,29,10,21,30,10,21,
548.000000,222.000000,0.140819,894901760.000000,0.882979,0,1
31,31,60,31,51,69,42,74,
458.000000,223.000000,0.102575,409160256.000000,0.414380,0,1
95,91,87,74,69,63,47,41,
459.000000,223.000000,0.102430,397944544.000000,0.412278,0,1
93,89,85,71,66,59,45,40,
450.000000,225.000000,0.102602,361657792.000000,1.232998,0,1
89,69,61,52,48,46,46,45,
552.000000,225.000000,0.142503,268778560.000000,0.925171,0,1
38,68,33,80,56,33,80,75,
206.000000,228.000000,0.084261,225401840.000000,1.941072,0,1
68,68,57,70,59,47,64,52,
270.000000,230.000000,0.041382,7521614.000000,0.152299,0,1
19,23,14,26,19,13,24,21,
337.000000,230.000000,0.047537,42940812.000000,0.217027,0,1
20,17,17,22,20,18,27,32,
477.000000,230.000000,0.105097,7247009.000000,0.429731,0,1
11,12,9,20,17,9,20,20,
520.000000,231.000000,0.126595,108734496.000000,0.664024,0,1
22,12,29,10,22,30,12,22,
296.000000,232.000000,0.039006,3418365.750000,0.148985,0,1
16,19,20,22,23,23,26,28,
320.000000,232.000000,0.041062,2806039.250000,0.128196,0,1
24,27,28,29,30,31,32,35,
347.000000,232.000000,0.055182,58132536.000000,0.227619,0,1
19,22,21,31,30,28,37,41,
357.000000,233.000000,0.053645,16804032.000000,0.133468,0,1
21,24,24,33,33,32,39,42,
363.000000,233.000000,0.063354,58068376.000000,0.233901,0,1
24,23,23,30,29,28,35,39,
486.000000,233.000000,0.109763,13959009.000000,0.947062,0,1
11,13,12,21,14,16,26,26,
584.000000,233.000000,0.158674,382388800.000000,1.302511,0,1
32,32,32,33,39,33,59,74,
585.000000,233.000000,0.158603,147111712.000000,1.307582,0,1
31,32,32,41,35,33,60,74,
355.000000,234.000000,0.055133,12469638.000000,0.138713,0,1
25,34,33,41,40,39,44,44,
541.000000,234.000000,0.137012,308563232.000000,0.843155,0,1
41,65,69,79,74,79,79,80,
584.000000,234.000000,0.158619,673631232.000000,1.304278,0,1
32,41,35,35,60,50,67,76,
643.000000,234.000000,0.186279,31058362.000000,1.196482,0,1
45,42,41,31,30,29,30,28,
376.000000,235.000000,0.073982,48190264.000000,0.251061,0,1
23,24,21,31,29,27,36,40,
520.000000,235.000000,0.126668,115442792.000000,0.674116,0,1
22,12,29,11,22,31,12,22,
558.000000,235.000000,0.144564,462756288.000000,0.999057,0,1
33,39,33,72,34,32,40,34,
385.000000,236.000000,0.078118,50510096.000000,0.252657,0,1
22,22,22,31,30,29,40,47,
388.000000,237.000000,0.080639,58524032.000000,0.255837,0,1
23,29,28,40,39,38,48,50,
396.000000,237.000000,0.084235,71987128.000000,0.254155,0,1
22,27,27,38,38,38,45,52,
413.000000,237.000000,0.094610,139648544.000000,1.713245,0,1
23,25,23,34,33,32,44,51,
421.000000,238.000000,0.095297,233742704.000000,1.613383,0,1
20,28,26,42,40,38,50,55,
255.000000,239.000000,0.116341,257537360.000000,1.786909,0,1
107,106,104,95,90,86,67,60,
261.000000,239.000000,0.115534,199585760.000000,0.657278,0,1
108,102,96,83,77,66,64,60,
246.000000,240.000000,0.116663,350898336.000000,1.874564,0,1
105,102,100,78,78,74,62,59,
504.000000,241.000000,0.118528,17852650.000000,0.892037,0,1
9,12,10,28,19,11,28,28,
227.000000,242.000000,0.123023,94229168.000000,2.124097,0,1
37,43,33,46,36,31,43,35,
471.000000,242.000000,0.104469,321444768.000000,1.110389,0,1
27,29,37,26,37,51,52,61,
450.000000,243.000000,0.103087,423262464.000000,1.324080,0,1
26,53,56,64,66,67,68,70,
467.000000,243.000000,0.104986,336898784.000000,1.156254,0,1
27,25,24,51,49,50,60,64,
483.000000,243.000000,0.105064,148622912.000000,1.013008,0,1
29,35,35,46,42,39,50,49,
591.000000,243.000000,0.162421,1173086336.000000,1.422605,0,1
48,74,35,78,57,34,77,64,
332.000000,244.000000,0.089803,77890432.000000,0.385203,0,1
46,49,49,54,54,55,60,65,
349.000000,244.000000,0.096673,108442232.000000,0.944132,0,1
50,53,53,59,60,60,65,65,
551.000000,244.000000,0.141800,1159522688.000000,0.959864,0,1
77,79,50,77,58,34,66,38,
341.000000,245.000000,0.095724,139147984.000000,0.991483,0,1
51,56,56,65,62,61,66,65,
221.000000,246.000000,0.121843,136442608.000000,2.187734,0,1
41,36,46,39,42,47,35,42,
366.000000,246.000000,0.102520,129342024.000000,0.879264,0,1
63,59,60,63,63,63,68,74,
379.000000,246.000000,0.104776,182921888.000000,0.817588,0,1
59,59,52,63,57,52,68,69,
387.000000,246.000000,0.102577,81936864.000000,0.767920,0,1
63,60,68,58,65,70,69,67,
193.000000,247.000000,0.101579,112479672.000000,2.312691,0,1
66,67,59,66,60,50,58,49,
369.000000,247.000000,0.104192,108289672.000000,0.873333,0,1
61,63,63,69,69,70,74,74,
637.000000,247.000000,0.186143,486924096.000000,1.189219,0,1
33,33,38,34,56,69,57,74,
307.000000,248.000000,0.100936,102786984.000000,1.263292,0,1
47,51,52,54,56,58,61,64,
295.000000,249.000000,0.101997,113989760.000000,1.364860,0,1
42,46,48,51,55,58,56,59,
297.000000,249.000000,0.101509,117583840.000000,1.345623,0,1
45,48,50,55,58,61,60,61,
228.000000,250.000000,0.121894,120176632.000000,2.125935,0,1
32,40,30,44,30,26,41,33,
285.000000,250.000000,0.103763,131308360.000000,1.460890,0,1
35,37,41,42,44,47,47,54,
241.000000,251.000000,0.116035,352660608.000000,1.947724,0,1
43,33,51,32,42,55,32,39,
264.000000,251.000000,0.114917,508074912.000000,1.719904,0,1
47,55,29,58,46,24,55,47,
584.000000,251.000000,0.158967,749056256.000000,1.354860,0,1
75,77,57,75,74,37,78,72,
299.000000,252.000000,0.105686,81802520.000000,1.365878,0,1
64,62,63,67,69,71,72,73,
494.000000,252.000000,0.112760,76112968.000000,1.011610,0,1
49,54,50,61,57,52,62,64,
548.000000,252.000000,0.140409,246239936.000000,0.953820,0,1
54,76,43,77,73,37,75,75,
279.000000,253.000000,0.109750,161852224.000000,1.558088,0,1
39,41,44,43,50,53,57,63,
498.000000,253.000000,0.114045,84909872.000000,0.994120,0,1
48,50,49,58,53,49,60,61,
270.000000,254.000000,0.113300,112242440.000000,1.665928,0,1
27,25,29,26,38,43,43,58,
598.000000,254.000000,0.166162,1342453120.000000,1.553760,0,1
64,38,75,34,65,77,36,63,
213.000000,255.000000,0.114313,67090364.000000,2.235691,0,1
42,42,42,45,45,46,49,50,
628.000000,257.000000,0.181524,41296040.000000,1.126664,0,1
33,43,34,76,49,34,75,76,
632.000000,258.000000,0.184812,402359040.000000,1.175002,0,1
33,34,37,39,51,56,46,68,
252.000000,259.000000,0.117696,378751328.000000,1.875960,0,1
35,29,29,53,58,60,70,75,
511.000000,259.000000,0.121033,80612072.000000,0.974752,0,1
46,48,47,55,51,48,61,62,
242.000000,260.000000,0.118741,278591840.000000,1.987693,0,1
34,37,31,48,45,54,64,72,
354.000000,260.000000,0.121665,8730961.000000,1.087872,0,1
72,76,74,81,79,75,78,78,
238.000000,261.000000,0.119553,107712952.000000,2.035389,0,1
44,46,50,50,58,63,60,74,
622.000000,262.000000,0.177802,452502240.000000,1.079119,0,1
75,75,63,76,59,40,71,56,
579.000000,263.000000,0.156023,476068128.000000,0.897473,0,1
53,34,71,32,61,75,38,64,
613.000000,263.000000,0.173472,425385216.000000,1.009823,0,1
64,75,41,76,65,36,75,64,
524.000000,264.000000,0.128746,71339760.000000,0.965508,0,1
19,30,18,43,31,22,43,44,
633.000000,265.000000,0.184663,72407976.000000,1.191362,0,1
75,63,76,37,57,76,35,37,
532.000000,267.000000,0.131045,49148508.000000,0.959472,0,1
19,26,18,40,32,19,42,42,
547.000000,267.000000,0.134918,18363266.000000,0.921646,0,1
30,26,29,16,22,27,14,14,
54.000000,268.000000,0.121447,8045396.000000,1.525754,0,1
71,70,72,68,68,69,65,64,
484.000000,268.000000,0.131761,45095308.000000,1.263439,0,1
72,74,70,76,73,69,76,78,
552.000000,269.000000,0.138080,15135881.000000,0.932090,0,1
30,27,30,17,24,28,15,15,
555.000000,270.000000,0.139392,14333035.000000,0.935517,0,1
30,28,29,19,26,28,15,14,
558.000000,272.000000,0.140197,11096841.000000,0.948268,0,1
29,25,28,14,19,26,13,12,
620.000000,272.000000,0.177198,43309560.000000,1.032483,0,1
73,46,75,33,53,75,34,34,
333.000000,273.000000,0.132436,28882272.000000,1.330928,0,1
75,68,72,49,68,70,67,72,
591.000000,274.000000,0.162219,61502108.000000,0.920381,0,1
64,42,73,32,55,74,33,32,
605.000000,274.000000,0.169543,95245104.000000,0.978385,0,1
35,57,40,76,62,67,76,75,
411.000000,276.000000,0.142443,6995116.500000,0.932088,0,1
83,84,83,78,80,77,74,67,
492.000000,276.000000,0.139368,8079941.500000,1.281512,0,1
75,71,72,69,69,69,70,64,
624.000000,277.000000,0.180260,89464504.000000,1.069647,0,1
74,47,75,34,56,76,35,40,
630.000000,277.000000,0.182249,106871080.000000,1.092648,0,1
44,68,37,76,57,35,73,66,
155.000000,279.000000,0.138710,31615696.000000,3.245734,0,1
61,60,60,65,65,64,68,69,
530.000000,279.000000,0.144952,31271100.000000,1.094137,0,1
40,42,37,50,47,43,53,54,
601.000000,279.000000,0.167313,27708062.000000,0.979512,0,1
72,46,73,32,48,73,33,32,
88.000000,280.000000,0.131855,7261831.500000,4.220790,0,1
65,64,64,62,61,62,61,59,
90.000000,280.000000,0.132014,7851940.500000,4.188166,0,1
66,64,64,61,62,62,60,57,
535.000000,280.000000,0.145374,53337132.000000,1.082696,0,1
37,37,33,49,44,39,53,52,
648.000000,280.000000,0.191503,371133024.000000,1.181212,0,1
33,35,41,34,53,68,56,72,
384.000000,282.000000,0.144434,7059150.500000,2.752737,0,1
70,70,68,70,70,69,73,78,
544.000000,282.000000,0.146922,111249312.000000,1.070791,0,1
25,32,29,47,41,39,49,50,
552.000000,282.000000,0.147631,138038848.000000,1.050353,0,1
21,24,24,35,36,37,45,50,
613.000000,282.000000,0.173583,145648688.000000,1.083292,0,1
66,74,42,71,65,35,59,43,
558.000000,283.000000,0.148535,112194984.000000,1.046694,0,1
20,26,21,42,34,28,47,48,
630.000000,285.000000,0.181852,250603952.000000,1.119941,0,1
65,75,44,76,56,36,67,44,
290.000000,288.000000,0.151365,3684289.000000,1.828083,0,1
82,83,81,78,77,72,73,72,
622.000000,288.000000,0.177685,57454592.000000,1.098681,0,1
75,63,73,33,51,70,33,32,
634.000000,288.000000,0.184353,153159440.000000,0.968596,0,1
47,37,68,34,48,74,35,48,
510.000000,292.000000,0.155191,7686505.000000,1.328703,0,1
61,63,61,66,65,64,68,70,
275.000000,293.000000,0.153501,6274541.000000,1.998589,0,1
76,81,72,80,74,70,77,71,
310.000000,284.000000,0.129769,43380768.000000,1.544435,0,1
74,76,73,77,73,70,71,65,
589.000000,267.000000,0.161333,27415618.000000,0.840247,0,1
77,69,75,36,54,76,34,34,
306.000000,263.000000,0.123264,107576040.000000,1.452736,0,1
78,79,77,75,72,76,54,71,
264.000000,258.000000,0.116885,302553440.000000,1.755786,0,1
36,34,38,49,55,64,69,75,
405.000000,256.000000,0.118215,50363104.000000,2.081791,0,1
72,70,73,57,68,75,68,72,
645.000000,251.000000,0.190312,713434752.000000,1.271674,0,1
54,72,40,67,53,34,73,50,
612.000000,251.000000,0.171947,35325440.000000,0.973581,0,1
32,33,33,57,41,33,68,74,
548.000000,251.000000,0.140224,446566144.000000,0.949170,0,1
53,75,38,77,64,35,76,75,
171.000000,250.000000,0.106159,22620802.000000,2.625197,0,1
75,73,74,68,70,68,63,61,
170.000000,250.000000,0.105636,23837142.000000,2.633672,0,1
73,72,75,68,69,69,64,61,
519.000000,19.000000,0.048106,14360081.000000,0.620338,0,1
126,119,123,114,112,113,118,103,
233.000000,233.000000,0.098134,46755024.000000,1.832381,0,1
34,33,42,31,39,32,35,41,
538.000000,228.000000,0.135082,290783200.000000,0.798685,0,1
32,39,33,31,48,33,45,67,
241.000000,228.000000,0.114616,1218291456.000000,0.703669,0,1
65,40,98,26,62,101,34,64,
579.000000,25.000000,0.049215,246954048.000000,0.468687,0,1
58,44,83,44,65,98,41,64,
599.000000,25.000000,0.054975,31801204.000000,0.241574,0,1
121,118,114,113,103,94,111,84,
588.000000,26.000000,0.050645,250956448.000000,0.211268,0,1
75,99,57,111,73,63,115,87,
618.000000,26.000000,0.052522,268796448.000000,0.245985,0,1
53,49,89,60,72,111,46,89,
545.000000,227.000000,0.139169,1093735552.000000,0.864568,0,1
33,32,63,32,52,79,45,74,
588.000000,27.000000,0.050707,294618112.000000,0.211064,0,1
70,106,54,114,84,83,114,87,
446.000000,225.000000,0.102944,332044480.000000,1.281057,0,1
91,49,74,31,50,52,38,45,
645.000000,29.000000,0.043873,60002600.000000,0.464288,0,1
91,99,78,100,92,73,94,78,
242.000000,219.000000,0.113274,296155200.000000,1.845059,0,1
31,34,30,35,42,50,56,97,
476.000000,31.000000,0.095899,402864896.000000,0.265208,0,1
29,39,38,96,92,87,118,120,
611.000000,217.000000,0.152372,3726107.500000,1.345262,0,1
36,37,38,27,32,37,23,22,
630.000000,216.000000,0.157233,7246581.000000,0.880725,0,1
18,17,17,30,24,20,40,38,
530.000000,33.000000,0.046936,44208896.000000,0.507536,0,1
77,72,83,81,85,94,83,95,
458.000000,207.000000,0.099116,100228672.000000,0.275085,0,1
31,68,28,87,76,18,88,86,
689.000000,35.000000,0.056643,25544204.000000,0.597674,0,1
103,110,93,109,97,86,108,92,
422.000000,207.000000,0.088835,12998801.000000,1.453746,0,1
19,18,16,23,20,21,27,33,
543.000000,40.000000,0.050215,60379248.000000,0.233914,0,1
90,102,93,109,112,104,113,113,
593.000000,40.000000,0.051226,109111944.000000,0.324846,0,1
85,99,68,93,75,71,79,70,
530.000000,43.000000,0.055455,147322048.000000,0.173179,0,1
73,95,67,107,87,65,102,107,
468.000000,186.000000,0.096639,16544734.000000,0.862570,0,1
17,26,18,26,17,13,22,17,
641.000000,45.000000,0.048836,176707504.000000,0.456344,0,1
54,59,67,69,66,80,61,95,
346.000000,182.000000,0.034223,20902112.000000,0.441657,0,1
12,14,11,27,17,15,27,25,
441.000000,179.000000,0.080179,3549855.750000,1.069567,0,1
21,23,21,30,26,23,35,35,
678.000000,49.000000,0.019190,429330336.000000,0.239567,0,1
78,66,69,38,43,46,30,35,
240.000000,176.000000,0.073469,66785452.000000,0.305481,0,1
71,72,51,72,51,32,49,31,
243.000000,173.000000,0.065114,81099096.000000,0.258832,0,1
60,61,47,66,51,32,52,32,
540.000000,54.000000,0.049977,51784892.000000,0.081898,0,1
92,65,101,59,67,82,49,59,
73.000000,173.000000,0.028882,12730953.000000,0.443914,0,1
36,36,36,45,46,48,66,70,
560.000000,56.000000,0.052820,36422264.000000,0.332258,0,1
96,79,98,78,87,88,72,71,
467.000000,170.000000,0.095567,27640656.000000,0.231275,0,1
24,32,15,38,21,15,37,30,
396.000000,62.000000,0.017682,47804492.000000,0.184759,0,1
107,106,99,97,100,100,102,85,
270.000000,167.000000,0.023054,150295232.000000,0.530105,0,1
32,30,31,46,54,49,66,74,
374.000000,166.000000,0.044272,3457517.000000,0.374300,0,1
22,20,22,34,30,27,33,27,
525.000000,64.000000,0.055210,29563384.000000,0.433486,0,1
80,87,76,77,76,62,70,57,
381.000000,65.000000,0.016248,38077084.000000,0.192745,0,1
90,80,94,91,85,88,82,80,
402.000000,67.000000,0.016844,113391936.000000,0.163224,0,1
101,90,89,85,91,76,84,71,
461.000000,67.000000,0.096942,278325888.000000,0.313309,0,1
72,99,50,107,73,50,98,73,
534.000000,67.000000,0.046977,38466892.000000,0.136293,0,1
88,77,89,76,68,73,58,57,
609.000000,67.000000,0.048281,303157088.000000,0.373792,0,1
38,34,63,33,59,90,37,70,
348.000000,160.000000,0.038509,35937040.000000,0.433377,0,1
21,17,32,19,22,29,28,29,
543.000000,69.000000,0.050173,45904528.000000,0.152900,0,1
89,92,61,82,81,69,73,61,
182.000000,153.000000,0.005354,44106944.000000,0.058368,0,1
45,40,46,34,40,42,33,31,
370.000000,71.000000,0.017447,24951646.000000,0.219047,0,1
101,91,101,93,95,101,85,85,
523.000000,75.000000,0.048677,33353052.000000,0.221536,0,1
87,84,64,69,65,66,61,54,
531.000000,75.000000,0.042896,20833008.000000,0.083909,0,1
78,87,65,92,70,61,80,68,
173.000000,149.000000,0.008728,119090688.000000,0.097697,0,1
52,57,49,48,46,38,31,30,
394.000000,81.000000,0.016208,69093168.000000,0.156981,0,1
76,72,72,60,62,72,55,59,
562.000000,81.000000,0.048446,185418816.000000,0.271488,0,1
55,38,78,41,54,85,33,41,
697.000000,81.000000,0.020321,1187957504.000000,0.259991,0,1
40,57,31,65,42,25,57,43,
614.000000,90.000000,0.046693,154687360.000000,0.295571,0,1
56,57,40,50,43,30,36,24,
123.000000,140.000000,0.007320,126538616.000000,0.101116,0,1
63,64,60,53,57,52,47,43,
152.000000,139.000000,0.006330,62684492.000000,0.078256,0,1
53,54,46,41,45,41,40,34,
540.000000,94.000000,0.045813,27154776.000000,0.220562,0,1
78,60,82,41,61,78,47,53,
519.000000,95.000000,0.040872,40858840.000000,0.098399,0,1
56,43,60,42,68,77,58,76,
62.000000,138.000000,0.006665,159183056.000000,0.048113,0,1
57,59,49,53,51,45,48,42,
242.000000,134.000000,0.002185,146088640.000000,0.017728,0,1
73,75,63,74,68,57,72,66,
343.000000,99.000000,0.039824,61850156.000000,0.138512,0,1
54,44,51,77,66,76,88,89,
361.000000,99.000000,0.041175,52674188.000000,0.425624,0,1
58,46,49,49,52,53,62,60,
441.000000,132.000000,0.008153,7441357.000000,0.030934,0,1
40,41,35,30,31,25,27,24,
206.000000,102.000000,0.007861,62122940.000000,0.078691,0,1
86,84,81,81,78,72,72,59,
515.000000,105.000000,0.038482,56861280.000000,0.252760,0,1
39,40,48,58,47,69,53,64,
386.000000,127.000000,0.012069,63129572.000000,0.112000,0,1
46,42,49,37,47,42,39,39,
402.000000,107.000000,0.017226,46323088.000000,0.133519,0,1
51,48,60,40,47,64,44,52,
317.000000,126.000000,0.009219,22322632.000000,0.042929,0,1
68,49,62,60,49,44,43,41,
409.000000,125.000000,0.017946,17171900.000000,0.117292,0,1
40,36,46,44,51,46,40,47,
109.000000,124.000000,0.005626,138428640.000000,0.084376,0,1
67,61,68,55,60,67,53,56,
397.000000,123.000000,0.020351,6007923.000000,0.037309,0,1
56,64,50,52,49,34,53,40,
680.000000,118.000000,0.020220,801757248.000000,0.229689,0,1
27,19,41,15,31,43,19,29,
426.000000,117.000000,0.013914,10880562.000000,0.093694,0,1
71,61,53,46,50,39,45,46,
546.000000,116.000000,0.049909,28783134.000000,0.140420,0,1
76,49,75,49,53,69,34,36,
351.000000,114.000000,0.017388,29930752.000000,0.226689,0,1
58,59,57,49,53,49,46,48,
427.000000,115.000000,0.015529,30399388.000000,0.082445,0,1
64,71,53,67,58,47,65,50,
212.000000,116.000000,0.008237,55369424.000000,0.077344,0,1
73,70,64,63,66,58,61,51,
728.000000,115.000000,0.022706,568149632.000000,0.307589,0,1
36,29,38,22,42,47,33,43,
92.000000,116.000000,0.008818,12442945.000000,0.058829,0,1
89,83,84,77,76,82,69,68,
220.000000,296.000000,0.157562,13604070.000000,2.613315,0,1
85,84,83,81,81,77,77,74,
324.000000,288.000000,0.148465,6380583.500000,1.533473,0,1
64,64,64,66,67,68,71,77,
300.000000,286.000000,0.144892,7412544.000000,1.701153,0,1
78,76,77,74,73,74,70,68,
582.000000,270.000000,0.157403,272980800.000000,0.948876,0,1
69,73,49,55,60,34,40,33,
120.000000,114.000000,0.006162,80860320.000000,0.086891,0,1
94,89,87,87,81,79,80,69,
220.000000,259.000000,0.121010,94665848.000000,2.227311,0,1
38,43,38,48,43,44,50,49,
491.000000,246.000000,0.108081,137621088.000000,0.979203,0,1
33,39,31,45,43,35,47,49,
509.000000,243.000000,0.120991,15870864.000000,0.877256,0,1
12,15,13,28,23,14,28,26,
448.000000,243.000000,0.103020,390048416.000000,1.346158,0,1
23,56,53,67,64,66,68,71,
449.000000,242.000000,0.103392,498997664.000000,1.331583,0,1
17,23,26,56,53,56,64,68,
381.000000,111.000000,0.010300,45061248.000000,0.106096,0,1
42,39,47,46,53,53,37,44,
502.000000,240.000000,0.117561,18833266.000000,0.893206,0,1
10,12,9,28,18,10,29,28,
475.000000,119.000000,0.030625,16155674.000000,0.390686,0,1
37,28,46,27,33,38,28,33,
556.000000,234.000000,0.144512,572093312.000000,0.986183,0,1
41,73,35,80,65,33,79,64,
464.000000,228.000000,0.101221,58941848.000000,1.090268,0,1
25,35,14,38,24,11,36,26,
123.000000,125.000000,0.006790,167326320.000000,0.094162,0,1
62,57,66,56,66,68,66,74,
486.000000,107.000000,0.031970,22800912.000000,0.076116,0,1
68,83,63,86,66,47,73,66,
490.000000,128.000000,0.026502,26732270.000000,0.067446,0,1
49,40,56,27,45,50,27,32,
437.000000,105.000000,0.016639,15579534.000000,0.080767,0,1
72,63,77,59,70,77,58,68,
440.000000,206.000000,0.100211,136418800.000000,0.379275,0,1
20,17,17,22,26,47,30,34,
548.000000,200.000000,0.124168,4317358.500000,0.700225,0,1
18,18,17,28,24,21,33,34,
105.000000,130.000000,0.005931,903326016.000000,0.088166,0,1
70,77,57,85,65,52,75,65,
263.000000,178.000000,0.033947,11558871.000000,0.109721,0,1
52,61,62,56,50,53,30,26,
245.000000,133.000000,0.002090,98120904.000000,0.016678,0,1
66,61,71,63,61,72,57,58,
537.000000,55.000000,0.052953,111773792.000000,0.163748,0,1
67,80,59,106,81,49,107,94,
81.000000,135.000000,0.003753,23198962.000000,0.025478,0,1
62,61,63,55,61,57,53,49,
392.000000,135.000000,0.017162,11255972.000000,0.139930,0,1
49,34,41,29,34,31,30,29,
305.000000,136.000000,0.002820,747958016.000000,0.060127,0,1
65,68,47,69,52,36,56,38,
384.000000,161.000000,0.055769,14528979.000000,0.390003,0,1
26,30,24,32,29,22,34,29,
335.000000,96.000000,0.039743,62287984.000000,0.150834,0,1
88,88,81,89,76,57,88,87,
360.000000,160.000000,0.039797,3918165.500000,0.396515,0,1
19,19,18,19,17,18,21,27,
478.000000,93.000000,0.036819,41946060.000000,0.468280,0,1
64,77,52,79,75,57,83,80,
606.000000,92.000000,0.048854,217470976.000000,0.345426,0,1
51,34,58,31,46,40,30,27,
176.000000,142.000000,0.006729,199989024.000000,0.032554,0,1
73,77,56,75,65,43,47,36,
594.000000,78.000000,0.045767,100408784.000000,0.175430,0,1
81,84,59,77,67,45,61,57,
474.000000,87.000000,0.032251,49247224.000000,0.463313,0,1
80,87,68,88,79,61,81,80,
