# timestamp
1608635236991055872

# fx, fy, cx, cy, width, height, npoints
501.486603,501.475342,421.781586,167.665878,800,400,478

# camToWorld: translation vector, rotation quaternion
-14.792348,44.733647,7.052364,-0.717911,0.033452,-0.000343,0.695331

# Exposure time (ms)
0.257958

# GPS Data
# GPSData: Covariance matrix
0.000021,0.000000,0.000000,0.000000,0.000041,0.000000,0.000000,0.000000,0.000084

# GPSData: GPS point
47.392400,2.282392,6.288677

# Point Cloud Data : 
# u,v,idepth_scaled,idepth_hessian,maxRelBaseline,numGoodRes,status 
# color information 
756.000000,190.000000,0.083047,50476024.000000,0.716893,0,1
12,14,11,17,13,8,14,13,
738.000000,217.000000,0.152365,7637457.500000,1.028301,0,1
21,27,28,26,26,24,20,17,
754.000000,242.000000,0.083979,71621032.000000,0.818737,0,1
18,19,16,19,18,12,19,18,
739.000000,16.000000,0.039459,1237348480.000000,0.490260,0,1
34,47,27,45,36,21,45,36,
750.000000,51.000000,0.040332,60492200.000000,0.391324,0,1
11,13,15,17,24,33,38,46,
749.000000,63.000000,0.049304,7299375.500000,0.524222,0,1
28,26,21,16,11,9,9,6,
473.000000,106.000000,0.012857,25614274.000000,0.019524,0,1
151,154,141,115,111,107,40,35,
565.000000,130.000000,0.438059,8188364.500000,0.754680,0,1
21,13,27,9,21,24,13,20,
738.000000,156.000000,0.077887,35226180.000000,0.648457,0,1
7,7,8,8,10,10,12,14,
725.000000,176.000000,0.073370,32541886.000000,0.604573,0,1
12,15,9,18,14,10,22,24,
736.000000,177.000000,0.074874,3966304.500000,0.633994,0,1
14,15,15,19,18,18,24,24,
746.000000,178.000000,0.072449,36398472.000000,0.632298,0,1
8,10,9,17,15,15,23,19,
749.000000,178.000000,0.083199,47902784.000000,0.702658,0,1
13,11,18,15,16,21,22,19,
750.000000,189.000000,0.083788,91991560.000000,0.711768,0,1
15,9,18,5,13,20,9,17,
726.000000,202.000000,0.072592,71859544.000000,0.612508,0,1
11,17,8,17,12,7,19,12,
726.000000,203.000000,0.072641,78082976.000000,0.613348,0,1
11,18,8,17,12,7,18,12,
732.000000,216.000000,0.150216,6427000.000000,0.983587,0,1
23,22,23,27,27,26,35,27,
748.000000,216.000000,0.082559,20446950.000000,0.717999,0,1
9,9,10,13,13,16,19,17,
727.000000,218.000000,0.153511,8502176.000000,1.006442,0,1
24,24,30,18,20,25,17,18,
719.000000,221.000000,0.148259,1342095.500000,0.795512,0,1
24,22,21,17,17,17,13,13,
725.000000,254.000000,0.153349,15554910.000000,1.048605,0,1
18,21,24,12,16,20,12,16,
736.000000,268.000000,0.152016,20291980.000000,1.090499,0,1
22,22,20,23,22,19,23,23,
698.000000,270.000000,0.131389,17279828.000000,0.929145,0,1
19,35,28,37,38,40,42,42,
708.000000,272.000000,0.137165,20035578.000000,0.977487,0,1
21,21,20,36,28,22,37,38,
702.000000,279.000000,0.142910,17729464.000000,1.001045,0,1
36,41,39,48,45,43,50,52,
692.000000,280.000000,0.142613,6474422.000000,0.980632,0,1
49,50,50,52,51,51,53,54,
728.000000,287.000000,0.154238,12128561.000000,1.070762,0,1
24,18,18,34,27,23,44,49,
36.000000,293.000000,0.139962,11604151.000000,1.489455,0,1
72,82,81,71,69,66,62,59,
35.000000,294.000000,0.138604,10702723.000000,1.484829,0,1
82,71,69,62,62,62,58,59,
42.000000,294.000000,0.137526,9511189.000000,1.447864,0,1
74,66,66,60,61,61,60,61,
727.000000,213.000000,0.072734,12775658.000000,0.621347,0,1
11,16,12,22,17,16,22,21,
476.000000,106.000000,0.012614,98508656.000000,0.022619,0,1
155,151,156,94,112,108,38,35,
707.000000,22.000000,0.036289,16166003.000000,0.427551,0,1
35,33,29,32,26,21,26,23,
730.000000,23.000000,0.038933,751359424.000000,0.467778,0,1
31,24,40,23,31,43,24,29,
739.000000,26.000000,0.039492,1385969280.000000,0.421044,0,1
40,52,29,48,38,23,51,38,
690.000000,28.000000,0.034630,32214908.000000,0.388996,0,1
39,35,31,31,28,21,24,20,
730.000000,28.000000,0.038915,646573248.000000,0.461071,0,1
28,23,36,22,28,41,23,29,
736.000000,35.000000,0.039126,627721664.000000,0.460395,0,1
35,31,48,33,35,47,30,34,
628.000000,40.000000,0.004584,31685564.000000,0.046301,0,1
94,94,94,93,93,94,92,92,
731.000000,41.000000,0.038999,653684800.000000,0.446485,0,1
34,25,38,21,33,37,25,32,
514.000000,42.000000,0.000042,47184044.000000,0.002091,0,1
109,108,107,106,106,105,102,100,
736.000000,42.000000,0.039585,372401472.000000,0.411169,0,1
34,25,42,32,33,46,26,31,
686.000000,49.000000,0.034832,48682436.000000,0.327513,0,1
17,16,24,18,21,25,25,22,
734.000000,54.000000,0.038870,150289200.000000,0.436125,0,1
31,35,25,36,31,29,38,41,
667.000000,55.000000,0.038373,37500152.000000,0.336258,0,1
17,18,18,20,22,24,25,20,
614.000000,56.000000,0.028064,16533031.000000,0.219686,0,1
35,33,30,31,24,24,22,20,
669.000000,57.000000,0.033744,29188974.000000,0.301588,0,1
24,27,24,20,17,20,16,15,
650.000000,76.000000,0.031021,81955720.000000,0.254151,0,1
23,24,19,23,28,30,37,47,
602.000000,77.000000,0.025902,157635776.000000,0.176116,0,1
40,30,41,29,36,38,28,37,
649.000000,77.000000,0.032360,31367204.000000,0.264238,0,1
24,23,28,29,37,41,43,45,
553.000000,81.000000,0.018994,329164768.000000,0.097881,0,1
96,89,90,74,76,73,34,21,
573.000000,81.000000,0.019020,946067840.000000,0.113982,0,1
96,88,86,62,62,63,32,24,
545.000000,82.000000,0.019596,1056759232.000000,0.098772,0,1
87,73,73,41,40,38,23,25,
624.000000,83.000000,0.027406,16238921.000000,0.201093,0,1
21,21,24,24,24,30,31,33,
528.000000,84.000000,0.019147,271959616.000000,0.086061,0,1
67,44,41,22,23,22,20,29,
565.000000,85.000000,0.020146,31074372.000000,0.112253,0,1
24,27,27,25,24,24,17,14,
573.000000,85.000000,0.019597,28326626.000000,0.114422,0,1
24,29,31,24,23,20,17,15,
574.000000,85.000000,0.020793,33500946.000000,0.124690,0,1
23,29,30,23,23,19,16,15,
551.000000,86.000000,0.020048,24144286.000000,0.101284,0,1
27,27,27,22,18,18,17,14,
442.000000,96.000000,0.002055,25602858.000000,0.014542,0,1
79,82,82,84,84,85,89,93,
475.000000,97.000000,0.001200,165636832.000000,0.006017,0,1
82,86,84,92,92,88,103,113,
482.000000,97.000000,0.001648,216302576.000000,0.007740,0,1
83,84,84,90,92,95,102,118,
476.000000,98.000000,0.001174,225917040.000000,0.005843,0,1
84,92,88,103,102,100,113,122,
595.000000,98.000000,0.049812,41329316.000000,0.308978,0,1
27,21,19,20,14,11,15,11,
588.000000,99.000000,0.030658,9160053.000000,0.174109,0,1
29,28,26,25,20,15,12,10,
674.000000,100.000000,0.033955,104023664.000000,0.285792,0,1
22,20,19,20,13,10,16,12,
458.000000,101.000000,0.002219,90238648.000000,0.012934,0,1
102,104,106,107,110,114,116,123,
718.000000,101.000000,0.039060,294781856.000000,0.369907,0,1
17,23,14,26,18,13,23,18,
72.000000,103.000000,0.011226,63810188.000000,0.081711,0,1
72,69,69,64,59,59,46,37,
59.000000,104.000000,0.010930,62627676.000000,0.082407,0,1
70,69,64,66,61,54,55,45,
538.000000,104.000000,0.018460,29934492.000000,0.076155,0,1
16,18,17,23,20,24,31,41,
70.000000,105.000000,0.011121,138676864.000000,0.081315,0,1
64,59,46,49,43,37,43,38,
718.000000,105.000000,0.038954,253518192.000000,0.366711,0,1
18,23,15,26,18,14,23,18,
638.000000,107.000000,0.030042,148688256.000000,0.220572,0,1
22,22,14,23,17,10,23,19,
104.000000,109.000000,0.009648,61113640.000000,0.063310,0,1
70,60,70,45,61,68,46,41,
105.000000,109.000000,0.009611,53651516.000000,0.062863,0,1
71,66,71,53,68,69,50,41,
300.000000,109.000000,0.005185,154069952.000000,0.059656,0,1
84,79,77,80,69,72,65,53,
673.000000,109.000000,0.034146,236124000.000000,0.283434,0,1
18,22,14,24,19,12,23,19,
65.000000,110.000000,0.010690,122064304.000000,0.079027,0,1
40,34,46,29,39,47,31,39,
414.000000,110.000000,0.000433,179324064.000000,0.003952,0,1
95,101,103,110,113,115,123,133,
428.000000,110.000000,0.001134,98566856.000000,0.008548,0,1
100,107,105,116,115,116,126,132,
55.000000,111.000000,0.011300,132529896.000000,0.085972,0,1
62,64,57,62,59,46,43,50,
80.000000,111.000000,0.010795,178530080.000000,0.076416,0,1
55,48,65,39,52,55,37,57,
352.000000,111.000000,0.003855,130119408.000000,0.029226,0,1
79,79,77,80,61,79,64,56,
374.000000,111.000000,0.000613,186256784.000000,0.010975,0,1
80,86,87,95,95,97,105,117,
398.000000,111.000000,0.000292,149839728.000000,0.003542,0,1
92,96,96,102,104,107,112,121,
404.000000,111.000000,0.000613,192877424.000000,0.006692,0,1
95,102,106,110,113,118,121,129,
425.000000,111.000000,0.001487,83577176.000000,0.011596,0,1
106,117,116,125,126,126,133,139,
604.000000,111.000000,0.028905,36894704.000000,0.192962,0,1
21,21,20,19,17,19,11,8,
78.000000,113.000000,0.011453,31206492.000000,0.081612,0,1
39,37,37,58,58,57,63,64,
718.000000,113.000000,0.039071,284204928.000000,0.364061,0,1
19,25,16,27,20,14,26,22,
251.000000,114.000000,0.003187,76808424.000000,0.018481,0,1
80,79,73,78,74,55,77,73,
496.000000,115.000000,0.015511,4629035.500000,0.045461,0,1
25,24,25,25,27,32,33,31,
710.000000,115.000000,0.038803,492539232.000000,0.365323,0,1
16,10,22,8,17,26,11,17,
259.000000,118.000000,0.005483,153626304.000000,0.082227,0,1
78,71,79,69,74,78,66,70,
321.000000,118.000000,0.004054,218279776.000000,0.042092,0,1
102,109,114,114,122,126,130,138,
440.000000,118.000000,0.009386,349132480.000000,0.054746,0,1
107,96,96,77,72,66,37,34,
441.000000,119.000000,0.009608,274997280.000000,0.054889,0,1
96,72,66,37,36,34,34,27,
564.000000,119.000000,0.024712,66869228.000000,0.118818,0,1
21,15,20,10,13,22,8,13,
633.000000,119.000000,0.030944,283677344.000000,0.217040,0,1
17,10,22,10,16,25,11,16,
112.000000,120.000000,0.011307,79995408.000000,0.123471,0,1
63,60,62,46,49,60,37,42,
278.000000,120.000000,0.004243,6993617.000000,0.056504,0,1
86,87,88,88,90,90,92,95,
364.000000,120.000000,0.003922,10633443.000000,0.008917,0,1
158,160,157,150,148,145,134,124,
728.000000,120.000000,0.038008,61956732.000000,0.369550,0,1
11,13,9,14,12,8,13,11,
64.000000,121.000000,0.011701,166093904.000000,0.086628,0,1
62,60,61,56,48,48,45,31,
471.000000,121.000000,0.010724,6828156.500000,0.032062,0,1
26,31,23,31,28,28,36,34,
583.000000,121.000000,0.025514,89998688.000000,0.139025,0,1
13,9,21,9,14,25,10,14,
46.000000,122.000000,0.011806,189553664.000000,0.091824,0,1
61,57,58,49,36,35,42,30,
55.000000,122.000000,0.011828,209584608.000000,0.089789,0,1
60,55,50,51,37,35,42,31,
178.000000,124.000000,0.008745,372299200.000000,0.073102,0,1
42,55,33,62,44,30,57,48,
99.000000,125.000000,0.011559,291284320.000000,0.076929,0,1
37,49,29,52,39,29,50,40,
259.000000,125.000000,0.005467,642389632.000000,0.081947,0,1
74,66,80,59,74,85,63,72,
388.000000,125.000000,0.002089,125174672.000000,0.032669,0,1
93,90,86,83,82,82,67,60,
673.000000,125.000000,0.034298,228752576.000000,0.281111,0,1
22,26,18,28,22,16,27,24,
99.000000,126.000000,0.011598,282711296.000000,0.077171,0,1
38,49,30,51,40,30,50,40,
130.000000,126.000000,0.011155,475473312.000000,0.113003,0,1
50,58,36,62,51,39,59,52,
163.000000,126.000000,0.008951,116432424.000000,0.079534,0,1
62,48,58,30,37,41,35,37,
310.000000,126.000000,0.005355,55324216.000000,0.010321,0,1
96,99,53,81,89,53,68,62,
710.000000,126.000000,0.038780,350412800.000000,0.363834,0,1
15,10,21,9,15,24,11,15,
506.000000,127.000000,0.015919,5303485.000000,0.049603,0,1
23,24,22,22,18,15,14,12,
356.000000,128.000000,0.003127,51219248.000000,0.005209,0,1
85,41,95,42,68,82,35,46,
372.000000,128.000000,0.001572,84030768.000000,0.025530,0,1
91,97,90,88,83,74,78,70,
423.000000,129.000000,0.002554,22815860.000000,0.020979,0,1
81,74,83,74,75,78,67,67,
673.000000,129.000000,0.034393,231229696.000000,0.281213,0,1
24,28,19,28,24,16,27,24,
207.000000,130.000000,0.006713,33085574.000000,0.048673,0,1
34,32,33,33,41,39,37,45,
215.000000,130.000000,0.007537,14327807.000000,0.056909,0,1
38,34,37,42,46,39,42,49,
634.000000,130.000000,0.030657,400428544.000000,0.214205,0,1
23,14,28,11,24,29,14,24,
638.000000,130.000000,0.030519,191104928.000000,0.217861,0,1
24,28,19,29,24,16,28,25,
114.000000,131.000000,0.011399,424765344.000000,0.124243,0,1
49,37,55,31,47,57,42,52,
584.000000,131.000000,0.025831,162374208.000000,0.137948,0,1
22,14,27,10,22,26,14,22,
55.000000,132.000000,0.011606,271824352.000000,0.087867,0,1
35,46,28,52,37,27,48,49,
343.000000,132.000000,0.004620,41661064.000000,0.035664,0,1
83,75,71,68,59,59,56,49,
394.000000,132.000000,0.003805,30511372.000000,0.057638,0,1
75,68,72,68,65,65,56,55,
440.000000,132.000000,0.012662,11784587.000000,0.066712,0,1
34,32,31,30,26,21,20,19,
55.000000,133.000000,0.011613,208068416.000000,0.087907,0,1
36,47,29,52,41,33,52,59,
77.000000,133.000000,0.011371,63201244.000000,0.080784,0,1
31,29,35,34,38,47,53,56,
91.000000,133.000000,0.011760,41191564.000000,0.080141,0,1
35,41,31,47,42,40,47,45,
103.000000,133.000000,0.011842,35974292.000000,0.077686,0,1
29,34,40,45,48,51,50,53,
152.000000,133.000000,0.010524,117605272.000000,0.097383,0,1
34,38,26,40,35,26,45,56,
307.000000,133.000000,0.003785,31143040.000000,0.039638,0,1
47,37,49,27,35,44,29,31,
396.000000,133.000000,0.003650,112929384.000000,0.038822,0,1
71,67,63,59,54,53,53,36,
47.000000,134.000000,0.011648,92390920.000000,0.090101,0,1
29,38,30,51,42,42,57,60,
58.000000,134.000000,0.011638,39453312.000000,0.087356,0,1
28,33,35,46,47,51,59,61,
84.000000,134.000000,0.013742,50187176.000000,0.096119,0,1
28,39,37,50,46,41,48,47,
224.000000,134.000000,0.005973,47739984.000000,0.039581,0,1
63,61,63,52,46,60,32,30,
261.000000,134.000000,0.003903,39127020.000000,0.020826,0,1
75,67,80,53,61,62,41,38,
363.000000,134.000000,0.004557,180999904.000000,0.028082,0,1
49,40,65,28,53,67,31,36,
674.000000,135.000000,0.034273,226397056.000000,0.280855,0,1
19,25,16,27,20,15,25,20,
364.000000,137.000000,0.004726,150539200.000000,0.028442,0,1
53,36,60,29,52,65,31,35,
412.000000,137.000000,0.003850,16882080.000000,0.034757,0,1
61,57,55,43,42,41,46,39,
350.000000,138.000000,0.004522,31918540.000000,0.032313,0,1
51,46,47,34,44,32,33,33,
335.000000,139.000000,0.005193,71030880.000000,0.043752,0,1
67,64,57,55,53,44,43,33,
337.000000,139.000000,0.004810,72970472.000000,0.039486,0,1
59,57,55,53,44,43,32,25,
634.000000,139.000000,0.030710,339680512.000000,0.213526,0,1
22,13,25,10,21,27,12,22,
283.000000,140.000000,0.001014,212770992.000000,0.012967,0,1
63,69,50,58,61,46,48,39,
338.000000,140.000000,0.004537,37036624.000000,0.037121,0,1
55,44,43,32,33,34,25,26,
245.000000,141.000000,0.001102,105190488.000000,0.007673,0,1
43,59,51,64,42,42,47,39,
252.000000,141.000000,0.002075,56811012.000000,0.011763,0,1
46,52,44,49,42,40,42,36,
409.000000,141.000000,0.001124,12779021.000000,0.010060,0,1
47,47,49,30,36,46,27,26,
674.000000,141.000000,0.034300,222477248.000000,0.280714,0,1
21,26,17,28,21,16,26,20,
95.000000,142.000000,0.011387,12942773.000000,0.076451,0,1
44,44,48,37,40,42,27,27,
142.000000,142.000000,0.011363,6260403.500000,0.110263,0,1
60,58,60,47,46,50,40,33,
618.000000,142.000000,0.026336,51798940.000000,0.170447,0,1
11,14,9,15,12,7,15,12,
234.000000,143.000000,0.005859,126487328.000000,0.036687,0,1
56,57,44,59,47,35,51,45,
364.000000,143.000000,0.005764,64918432.000000,0.034706,0,1
41,29,48,22,31,52,22,23,
260.000000,144.000000,0.004198,70404112.000000,0.066765,0,1
39,35,48,36,39,49,37,33,
606.000000,144.000000,0.028045,158586800.000000,0.167760,0,1
15,11,23,11,15,24,11,15,
47.000000,145.000000,0.011613,233723136.000000,0.089719,0,1
54,48,38,44,32,23,42,33,
288.000000,145.000000,0.004086,100724640.000000,0.049349,0,1
42,51,41,62,54,36,56,42,
503.000000,145.000000,0.354689,52094756.000000,1.154038,0,1
20,10,24,11,20,19,10,19,
216.000000,146.000000,0.006957,59835656.000000,0.050389,0,1
60,57,56,44,34,32,37,29,
227.000000,146.000000,0.006210,45461000.000000,0.040305,0,1
61,60,60,52,46,48,36,28,
646.000000,146.000000,0.029508,58235532.000000,0.219134,0,1
14,15,12,15,14,9,15,14,
243.000000,147.000000,0.004561,14377866.000000,0.028446,0,1
48,46,49,41,42,35,32,28,
278.000000,147.000000,0.002209,36360256.000000,0.029038,0,1
53,43,50,29,32,38,27,25,
289.000000,147.000000,0.005243,163167296.000000,0.063431,0,1
42,52,31,45,33,25,29,26,
328.000000,147.000000,0.004454,71583280.000000,0.038372,0,1
46,27,40,20,23,24,21,24,
634.000000,147.000000,0.030604,428143200.000000,0.212656,0,1
21,13,28,10,27,26,15,25,
549.000000,149.000000,0.022149,133981608.000000,0.094925,0,1
19,9,28,9,19,27,9,17,
47.000000,150.000000,0.011610,360947232.000000,0.089685,0,1
34,44,27,42,36,22,45,38,
200.000000,150.000000,0.007361,115683168.000000,0.054939,0,1
30,22,38,23,29,42,22,29,
97.000000,153.000000,0.011442,53298964.000000,0.076311,0,1
32,28,37,25,34,37,31,48,
100.000000,153.000000,0.012279,49689456.000000,0.081275,0,1
28,35,26,40,29,23,40,48,
216.000000,153.000000,0.006543,56637872.000000,0.047083,0,1
31,39,26,46,41,37,56,59,
143.000000,154.000000,0.015393,26765348.000000,0.151938,0,1
37,38,43,49,53,54,53,52,
711.000000,154.000000,0.038532,492950272.000000,0.361203,0,1
16,10,20,7,16,23,11,18,
70.000000,155.000000,0.011526,96929744.000000,0.083484,0,1
30,27,39,32,35,43,48,49,
405.000000,155.000000,0.004904,1267096.250000,0.044878,0,1
26,32,30,40,40,40,47,50,
412.000000,155.000000,0.008311,4500895.000000,0.067310,0,1
24,28,27,39,40,40,47,48,
503.000000,155.000000,0.349354,21305670.000000,1.119375,0,1
16,10,25,12,16,20,11,16,
58.000000,156.000000,0.011388,45525760.000000,0.085319,0,1
25,32,27,49,45,48,56,58,
224.000000,158.000000,0.006623,31913990.000000,0.044470,0,1
60,58,58,50,42,48,28,24,
668.000000,158.000000,0.034224,391994304.000000,0.274253,0,1
17,11,23,9,17,26,11,18,
674.000000,158.000000,0.034330,163846144.000000,0.281465,0,1
22,28,20,29,23,18,28,23,
204.000000,159.000000,0.007482,55535608.000000,0.056372,0,1
59,58,57,48,37,38,28,22,
213.000000,159.000000,0.010435,33106910.000000,0.082735,0,1
53,54,51,45,36,37,39,32,
634.000000,159.000000,0.030798,327278880.000000,0.214820,0,1
16,11,24,9,18,28,11,16,
187.000000,160.000000,0.008574,54286208.000000,0.069891,0,1
59,54,53,41,31,38,26,21,
149.000000,161.000000,0.011654,52257008.000000,0.108617,0,1
53,49,51,38,41,47,27,20,
513.000000,161.000000,0.018647,15744131.000000,0.061216,0,1
21,10,24,14,20,20,14,20,
536.000000,161.000000,0.020820,55589992.000000,0.081708,0,1
25,16,27,12,21,23,14,20,
711.000000,161.000000,0.038870,227554976.000000,0.364818,0,1
18,11,25,8,17,27,11,16,
173.000000,162.000000,0.008500,84868192.000000,0.072002,0,1
51,31,41,19,28,37,23,27,
372.000000,162.000000,0.014209,23344094.000000,0.180734,0,1
49,48,47,44,44,44,32,30,
384.000000,162.000000,0.025140,1433647.000000,0.279058,0,1
49,47,48,41,41,40,31,34,
112.000000,163.000000,0.013147,103663392.000000,0.156797,0,1
52,52,47,45,43,38,27,23,
351.000000,163.000000,0.020923,1329581.125000,0.131866,0,1
49,48,47,39,38,37,28,28,
357.000000,163.000000,0.019560,2970395.000000,0.279275,0,1
48,46,46,37,37,36,28,32,
111.000000,164.000000,0.011332,169369840.000000,0.129646,0,1
52,45,43,40,27,27,31,23,
549.000000,164.000000,0.022231,59060064.000000,0.095647,0,1
13,10,23,13,15,26,18,23,
76.000000,165.000000,0.011595,54871648.000000,0.082609,0,1
45,44,45,38,30,29,30,24,
364.000000,165.000000,0.017987,5492430.500000,0.242427,0,1
33,28,28,33,36,37,43,46,
634.000000,165.000000,0.030716,349210464.000000,0.215304,0,1
17,11,26,10,17,28,11,17,
39.000000,166.000000,0.011758,134376368.000000,0.092891,0,1
56,52,49,46,35,30,36,29,
558.000000,166.000000,0.020238,7144461.500000,0.095865,0,1
12,15,11,20,18,16,24,23,
84.000000,167.000000,0.012095,75440576.000000,0.084254,0,1
31,37,24,44,30,25,34,30,
575.000000,167.000000,0.022653,7266503.000000,0.114073,0,1
11,15,9,19,15,13,23,23,
82.000000,168.000000,0.011778,61823512.000000,0.082499,0,1
44,38,39,28,34,29,28,35,
319.000000,168.000000,0.022032,9480624.000000,0.188785,0,1
25,32,37,45,43,45,46,46,
668.000000,169.000000,0.034263,393635680.000000,0.276145,0,1
16,10,23,9,17,26,11,18,
674.000000,169.000000,0.034264,226526704.000000,0.282506,0,1
24,30,21,32,25,18,29,24,
126.000000,170.000000,0.024327,102251672.000000,0.240111,0,1
39,52,42,52,43,29,35,30,
173.000000,170.000000,0.016539,41179400.000000,0.136994,0,1
36,37,34,30,33,28,26,25,
178.000000,170.000000,0.020191,27250982.000000,0.161717,0,1
45,41,42,29,35,35,25,26,
410.000000,170.000000,0.019492,15377366.000000,0.153186,0,1
39,36,42,46,45,49,53,60,
510.000000,170.000000,0.035424,21295462.000000,0.119674,0,1
19,24,23,30,38,37,38,35,
376.000000,171.000000,0.017902,4734541.500000,0.214070,0,1
44,42,42,49,48,49,56,59,
400.000000,171.000000,0.018321,7277474.500000,0.165563,0,1
42,46,47,53,54,54,59,61,
634.000000,171.000000,0.031017,71252496.000000,0.221872,0,1
16,14,23,20,21,27,27,25,
88.000000,172.000000,0.028861,3279630.250000,0.207123,0,1
34,32,32,28,28,27,28,24,
337.000000,172.000000,0.020279,2671194.500000,0.153438,0,1
42,38,39,44,45,44,53,58,
348.000000,172.000000,0.019513,2151630.250000,0.135523,0,1
42,40,42,48,49,48,56,57,
368.000000,172.000000,0.019697,23709994.000000,0.253211,0,1
36,45,44,53,49,53,59,57,
596.000000,172.000000,0.048417,34071296.000000,0.292809,0,1
16,19,18,19,13,12,16,12,
120.000000,173.000000,0.023307,238727104.000000,0.236815,0,1
45,45,32,47,37,31,45,35,
359.000000,173.000000,0.022239,17758242.000000,0.307654,0,1
45,51,56,57,62,66,58,57,
302.000000,174.000000,0.021158,10203028.000000,0.210981,0,1
41,43,45,53,57,62,67,65,
332.000000,175.000000,0.020224,7028153.000000,0.156739,0,1
61,67,60,58,59,57,57,58,
524.000000,175.000000,0.036877,17453568.000000,0.140319,0,1
19,29,19,40,30,22,39,36,
113.000000,176.000000,0.023833,557775488.000000,0.248830,0,1
46,35,55,30,43,58,34,42,
302.000000,176.000000,0.022782,17500458.000000,0.225279,0,1
57,67,69,62,65,61,60,60,
447.000000,176.000000,0.035433,13180514.000000,0.143784,0,1
41,35,40,29,35,41,28,27,
525.000000,176.000000,0.037541,11495713.000000,0.144340,0,1
19,30,22,39,34,26,36,34,
454.000000,178.000000,0.042324,19665238.000000,0.147085,0,1
31,24,37,28,33,38,24,31,
46.000000,179.000000,0.025635,14304488.000000,0.206069,0,1
24,26,24,25,27,23,31,34,
457.000000,179.000000,0.040962,6126648.000000,0.137097,0,1
32,38,31,40,37,32,41,39,
320.000000,180.000000,0.027777,23040910.000000,0.232189,0,1
59,62,61,63,65,56,69,58,
482.000000,180.000000,0.052600,10939796.000000,0.147907,0,1
25,20,29,20,31,33,21,29,
120.000000,181.000000,0.023205,311264992.000000,0.235837,0,1
37,46,30,50,37,27,43,38,
120.000000,182.000000,0.023230,238901600.000000,0.236275,0,1
36,46,30,47,35,28,40,50,
482.000000,182.000000,0.052900,9878391.000000,0.149824,0,1
31,21,34,21,29,31,21,25,
500.000000,182.000000,0.051915,3805896.250000,0.172560,0,1
19,23,19,26,23,18,25,27,
433.000000,183.000000,0.034194,28309698.000000,0.184878,0,1
51,54,52,51,49,32,43,42,
530.000000,183.000000,0.037075,3685967.250000,0.149003,0,1
33,33,34,25,31,32,23,21,
371.000000,184.000000,0.031630,87118544.000000,0.370046,0,1
59,70,58,78,68,60,65,60,
454.000000,184.000000,0.040379,16431962.000000,0.150352,0,1
29,22,35,23,25,36,22,21,
456.000000,185.000000,0.040235,21038324.000000,0.146357,0,1
38,32,38,22,31,37,21,21,
542.000000,185.000000,0.040520,4702021.000000,0.178561,0,1
22,23,21,30,24,20,27,21,
229.000000,186.000000,0.034516,2373910.250000,0.214412,0,1
59,59,59,60,61,65,71,65,
441.000000,188.000000,0.039394,66998428.000000,0.188380,0,1
24,29,25,40,33,28,50,57,
440.000000,189.000000,0.039063,73531376.000000,0.191347,0,1
29,40,33,54,50,44,58,60,
444.000000,190.000000,0.040758,77394256.000000,0.187718,0,1
27,38,31,54,43,32,55,58,
453.000000,192.000000,0.043456,77174320.000000,0.175418,0,1
19,25,23,47,43,40,54,56,
554.000000,192.000000,0.049114,9944641.000000,0.240982,0,1
21,24,20,31,25,18,30,29,
202.000000,194.000000,0.045011,4883545.000000,0.305269,0,1
61,62,64,67,70,73,74,63,
475.000000,195.000000,0.049082,15986954.000000,0.147321,0,1
22,22,21,32,24,20,33,36,
476.000000,195.000000,0.049319,13642647.000000,0.146133,0,1
22,21,21,29,21,20,31,34,
468.000000,196.000000,0.046713,32120128.000000,0.157377,0,1
35,42,37,50,48,42,52,52,
562.000000,196.000000,0.043232,12000139.000000,0.219748,0,1
17,21,18,32,24,19,32,33,
473.000000,197.000000,0.048853,34253768.000000,0.155387,0,1
32,35,33,46,40,36,48,48,
674.000000,198.000000,0.045657,16366356.000000,0.387581,0,1
16,14,15,21,19,19,23,21,
486.000000,199.000000,0.052462,8994912.000000,0.163845,0,1
21,22,19,33,28,22,35,32,
490.000000,200.000000,0.052334,4382936.000000,0.169510,0,1
21,20,19,31,22,19,29,27,
544.000000,202.000000,0.051318,5673787.500000,0.242687,0,1
25,22,25,19,21,25,18,19,
641.000000,203.000000,0.117928,22846908.000000,1.110061,0,1
24,31,27,25,26,24,23,20,
482.000000,204.000000,0.056155,33230586.000000,0.177513,0,1
29,34,31,48,46,40,51,50,
274.000000,206.000000,0.052819,4100919.750000,0.575371,0,1
61,61,61,61,62,62,69,65,
285.000000,206.000000,0.052716,2673920.250000,0.564423,0,1
63,62,63,64,65,66,75,66,
492.000000,206.000000,0.059167,39239276.000000,0.203211,0,1
24,28,25,41,37,27,47,46,
634.000000,206.000000,0.117489,11906051.000000,1.075368,0,1
24,22,25,15,22,24,16,18,
152.000000,208.000000,0.056376,3995701.000000,0.469824,0,1
61,57,57,57,59,63,61,65,
554.000000,208.000000,0.051096,2913714.750000,0.258820,0,1
25,25,26,20,23,25,19,19,
498.000000,209.000000,0.063315,38532220.000000,0.232817,0,1
24,28,24,40,29,23,47,50,
575.000000,209.000000,0.089134,30761108.000000,0.383705,0,1
27,21,32,17,26,32,19,21,
499.000000,210.000000,0.063675,47922268.000000,0.236971,0,1
24,29,23,47,40,29,50,50,
586.000000,210.000000,0.052571,10532812.000000,0.317127,0,1
16,19,15,26,22,15,27,27,
289.000000,211.000000,0.058594,45868044.000000,0.566005,0,1
88,90,71,87,73,63,72,64,
504.000000,211.000000,0.064659,75856168.000000,0.250908,0,1
16,22,20,45,35,29,49,49,
324.000000,212.000000,0.065119,3115306.250000,0.986854,0,1
56,58,58,58,61,63,61,61,
560.000000,214.000000,0.055512,4692244.500000,0.297571,0,1
21,19,21,15,18,21,13,14,
279.000000,216.000000,0.066296,28122710.000000,0.667045,0,1
62,62,66,68,72,78,69,74,
517.000000,216.000000,0.070305,48632068.000000,0.307499,0,1
23,28,25,44,39,32,46,47,
518.000000,216.000000,0.070520,46940860.000000,0.310608,0,1
22,26,24,41,35,30,46,47,
537.000000,216.000000,0.069188,4412505.500000,0.340786,0,1
18,16,15,22,21,16,25,23,
534.000000,218.000000,0.073761,4180514.000000,0.363717,0,1
21,22,27,17,18,23,14,14,
183.000000,221.000000,0.067654,9935591.000000,0.498973,0,1
63,70,71,69,69,69,62,60,
636.000000,222.000000,0.117880,86078448.000000,1.106025,0,1
15,13,18,11,15,20,10,12,
275.000000,223.000000,0.071496,29844484.000000,0.316982,0,1
72,80,83,90,88,73,92,72,
121.000000,224.000000,0.067612,12403603.000000,0.619405,0,1
69,74,73,64,64,65,61,61,
530.000000,225.000000,0.080523,23571160.000000,0.403646,0,1
19,31,22,46,34,26,47,45,
354.000000,226.000000,0.078343,5910758.500000,0.896542,0,1
65,66,65,63,63,64,61,58,
243.000000,229.000000,0.077327,8889851.000000,0.940239,0,1
62,63,64,63,64,66,73,66,
245.000000,229.000000,0.078767,10657120.000000,0.921201,0,1
63,64,64,64,66,65,75,67,
551.000000,230.000000,0.085104,141628160.000000,0.491723,0,1
20,36,32,47,48,47,50,55,
625.000000,230.000000,0.055927,19160638.000000,0.415830,0,1
15,14,15,25,16,14,27,29,
244.000000,231.000000,0.078487,15165881.000000,0.413079,0,1
63,74,76,66,67,67,63,65,
248.000000,231.000000,0.078572,18418712.000000,0.404961,0,1
65,77,76,67,65,63,65,60,
255.000000,231.000000,0.078272,16877038.000000,0.389080,0,1
67,73,73,62,63,64,61,61,
555.000000,231.000000,0.085445,104487240.000000,0.505701,0,1
26,46,45,52,51,51,57,56,
562.000000,231.000000,0.086232,103476712.000000,0.530000,0,1
21,39,37,47,48,47,50,48,
588.000000,233.000000,0.092879,6772378.000000,0.662337,0,1
16,16,14,32,22,15,30,27,
628.000000,233.000000,0.059655,28664018.000000,0.455531,0,1
13,24,15,30,26,18,31,31,
584.000000,234.000000,0.091480,15386744.000000,0.638836,0,1
30,38,35,28,31,31,22,21,
118.000000,235.000000,0.081863,7861283.000000,0.740030,0,1
59,60,59,60,62,64,67,62,
595.000000,236.000000,0.093134,7982424.000000,0.689344,0,1
13,17,15,26,23,18,30,33,
57.000000,237.000000,0.081542,29972212.000000,0.902116,0,1
59,62,67,76,74,67,75,69,
81.000000,237.000000,0.081602,12222875.000000,0.835472,0,1
60,62,62,67,66,68,71,60,
119.000000,237.000000,0.081731,11945628.000000,0.733613,0,1
63,68,68,62,63,64,59,58,
576.000000,237.000000,0.094263,30710746.000000,0.643762,0,1
27,30,26,46,39,35,51,53,
90.000000,238.000000,0.081605,8764951.000000,0.811094,0,1
67,71,72,69,68,67,62,61,
601.000000,238.000000,0.095594,3957016.000000,0.734450,0,1
13,17,14,29,23,17,30,29,
43.000000,239.000000,0.083144,10881076.000000,0.957928,0,1
57,58,60,68,68,69,69,67,
54.000000,239.000000,0.082614,32634636.000000,0.921161,0,1
73,74,76,70,70,69,63,61,
63.000000,239.000000,0.083340,13938959.000000,0.901543,0,1
65,71,70,65,65,65,61,59,
260.000000,239.000000,0.088388,26928492.000000,0.425353,0,1
93,94,80,95,77,62,77,61,
609.000000,240.000000,0.098473,2841616.000000,0.792491,0,1
13,13,13,23,18,14,24,24,
636.000000,242.000000,0.113375,12610655.000000,1.071900,0,1
32,29,29,21,24,24,21,20,
587.000000,243.000000,0.101081,31908132.000000,0.750577,0,1
31,42,29,52,43,29,51,48,
248.000000,244.000000,0.095254,38488008.000000,0.486808,0,1
60,60,78,60,82,103,87,99,
252.000000,246.000000,0.096449,48669680.000000,0.483490,0,1
99,102,84,101,82,61,83,61,
244.000000,247.000000,0.098697,80855512.000000,0.518268,0,1
60,62,70,68,77,98,87,97,
223.000000,248.000000,0.097698,59571632.000000,1.252442,0,1
63,64,63,70,69,68,77,71,
228.000000,248.000000,0.097128,32871344.000000,1.215848,0,1
63,62,62,68,68,69,77,67,
398.000000,248.000000,0.100523,8217294.000000,0.788723,0,1
56,59,58,60,60,59,62,64,
236.000000,249.000000,0.098061,119793008.000000,0.535567,0,1
67,74,79,74,77,76,65,63,
192.000000,250.000000,0.098519,18924316.000000,1.474238,0,1
61,59,60,65,67,67,70,65,
177.000000,251.000000,0.099196,27555242.000000,1.608984,0,1
63,63,64,69,69,68,73,63,
683.000000,251.000000,0.132317,10775917.000000,0.868673,0,1
14,16,11,21,16,12,23,16,
398.000000,252.000000,0.105144,5927513.000000,0.478279,0,1
64,65,64,64,63,59,62,59,
600.000000,252.000000,0.111187,30617974.000000,0.917918,0,1
28,39,28,48,42,34,51,51,
139.000000,253.000000,0.101022,34464184.000000,0.818423,0,1
65,62,64,68,72,74,76,69,
173.000000,253.000000,0.100641,27367000.000000,1.640523,0,1
69,73,74,66,65,63,60,62,
175.000000,253.000000,0.100092,22980110.000000,1.619802,0,1
69,74,73,65,63,63,62,63,
110.000000,254.000000,0.101363,19032576.000000,0.913759,0,1
63,60,62,61,63,66,72,71,
161.000000,254.000000,0.100167,34701132.000000,1.731869,0,1
72,80,75,67,65,64,63,59,
76.000000,256.000000,0.102551,60919448.000000,1.033539,0,1
64,62,60,64,65,66,75,72,
127.000000,256.000000,0.101022,25407014.000000,0.860442,0,1
73,75,74,65,64,63,62,62,
388.000000,256.000000,0.108690,5054966.500000,0.918694,0,1
60,63,60,63,64,60,64,65,
408.000000,256.000000,0.110642,5090303.500000,0.802637,0,1
55,56,56,57,57,59,58,63,
55.000000,257.000000,0.103275,10023196.000000,1.102797,0,1
62,63,62,67,68,69,76,76,
46.000000,258.000000,0.103995,8363458.500000,1.140206,0,1
62,63,64,68,70,74,70,66,
362.000000,258.000000,0.112390,12102057.000000,1.134437,0,1
59,61,61,63,64,62,64,67,
616.000000,258.000000,0.117764,50513896.000000,1.071379,0,1
27,35,29,48,42,35,51,50,
66.000000,259.000000,0.103096,28098008.000000,1.066007,0,1
70,75,74,66,64,62,62,63,
73.000000,259.000000,0.103117,45091632.000000,1.042979,0,1
72,72,72,62,62,63,60,60,
619.000000,259.000000,0.119019,64462964.000000,1.102072,0,1
27,35,30,49,43,39,48,49,
625.000000,259.000000,0.119997,124916048.000000,1.140759,0,1
24,27,26,37,35,34,46,46,
41.000000,260.000000,0.103938,6337333.000000,1.158285,0,1
69,72,73,65,64,65,63,62,
42.000000,260.000000,0.103958,8230140.500000,1.155002,0,1
69,73,71,65,64,65,61,62,
55.000000,260.000000,0.102970,14085611.000000,1.105277,0,1
76,76,74,65,63,62,61,60,
643.000000,263.000000,0.123954,102599744.000000,0.767298,0,1
26,32,30,44,41,37,49,50,
658.000000,263.000000,0.124836,98002480.000000,0.803811,0,1
28,28,32,34,35,34,41,45,
344.000000,264.000000,0.117204,17958520.000000,1.335158,0,1
60,60,59,64,62,58,64,65,
223.000000,265.000000,0.118485,45747936.000000,1.441504,0,1
66,66,65,66,67,85,67,85,
232.000000,265.000000,0.115373,36892976.000000,0.710292,0,1
89,91,79,91,82,64,81,63,
288.000000,272.000000,0.122162,6010943.500000,1.985039,0,1
59,59,61,61,63,66,63,65,
180.000000,281.000000,0.132418,273059680.000000,1.076016,0,1
62,64,61,67,67,66,84,98,
191.000000,281.000000,0.131844,334313152.000000,1.032750,0,1
62,63,64,71,75,78,96,89,
174.000000,282.000000,0.132541,347880192.000000,1.099974,0,1
61,63,64,75,76,79,97,93,
214.000000,282.000000,0.133410,29060128.000000,0.977275,0,1
91,94,86,93,86,66,85,64,
160.000000,283.000000,0.133181,306348064.000000,1.157645,0,1
65,63,64,81,81,82,95,84,
138.000000,284.000000,0.133923,195941072.000000,1.245378,0,1
63,64,66,69,73,76,90,89,
150.000000,284.000000,0.133511,393804800.000000,1.198369,0,1
61,65,67,88,91,90,99,77,
182.000000,284.000000,0.133980,383667712.000000,1.094915,0,1
86,94,98,85,83,83,66,64,
304.000000,284.000000,0.134979,2715871.750000,1.932904,0,1
66,65,63,63,61,59,62,61,
126.000000,285.000000,0.134451,199899824.000000,1.296592,0,1
60,62,64,73,76,78,92,84,
104.000000,286.000000,0.135516,86770680.000000,1.391645,0,1
64,64,64,67,70,72,80,80,
111.000000,286.000000,0.135383,109916128.000000,1.364837,0,1
63,63,66,76,77,78,83,75,
113.000000,286.000000,0.135386,130012136.000000,2.597618,0,1
65,66,68,77,78,81,85,73,
127.000000,287.000000,0.135595,205589184.000000,1.313259,0,1
76,92,88,84,82,79,67,62,
144.000000,287.000000,0.135380,262157616.000000,1.250505,0,1
94,86,81,68,68,66,62,61,
155.000000,287.000000,0.134885,217477648.000000,2.177816,0,1
92,74,73,65,64,63,64,63,
210.000000,287.000000,0.138852,88771360.000000,1.734027,0,1
90,86,67,89,66,63,68,65,
75.000000,288.000000,0.136768,20161026.000000,1.303088,0,1
59,60,61,65,68,67,73,72,
360.000000,288.000000,0.143931,2075881.750000,1.435401,0,1
57,57,58,59,59,60,60,60,
63.000000,289.000000,0.137031,20098632.000000,1.354761,0,1
57,58,58,65,66,69,74,72,
196.000000,291.000000,0.144167,29932328.000000,1.188804,0,1
62,63,83,63,86,96,87,100,
190.000000,296.000000,0.149871,24565952.000000,0.958687,0,1
63,65,82,65,87,97,87,93,
685.000000,20.000000,0.034535,251513536.000000,0.345181,0,1
93,92,91,91,88,76,82,40,
210.000000,251.000000,0.099146,75897152.000000,1.355747,0,1
73,83,83,71,68,66,64,62,
209.000000,249.000000,0.098373,76340536.000000,1.356083,0,1
64,63,64,69,70,72,81,69,
314.000000,248.000000,0.099048,13091130.000000,1.449742,0,1
58,62,61,65,66,65,68,68,
247.000000,245.000000,0.096086,43282176.000000,0.492316,0,1
60,60,82,61,87,103,84,101,
104.000000,238.000000,0.081652,8302938.000000,0.776635,0,1
69,71,70,64,64,62,60,60,
580.000000,230.000000,0.087536,14854175.000000,0.588277,0,1
15,15,14,30,23,15,37,38,
593.000000,62.000000,0.025167,3055163136.000000,0.176032,0,1
31,63,38,91,61,36,81,69,
729.000000,67.000000,0.045512,6765941.000000,0.441724,0,1
27,28,25,24,19,14,9,7,
605.000000,68.000000,0.025924,282074944.000000,0.185068,0,1
40,45,31,47,40,30,45,39,
595.000000,69.000000,0.025156,2128844288.000000,0.171770,0,1
33,47,27,75,33,26,49,33,
664.000000,69.000000,0.032106,140648096.000000,0.276607,0,1
24,29,19,28,25,18,29,23,
721.000000,70.000000,0.047368,6077644.500000,0.446936,0,1
25,19,14,11,8,7,7,6,
593.000000,76.000000,0.025256,233756864.000000,0.082860,0,1
83,102,53,102,83,35,96,79,
248.000000,80.000000,0.005213,1023977.437500,0.032219,0,1
110,109,110,108,110,109,108,106,
524.000000,81.000000,0.015920,1129087872.000000,0.074636,0,1
80,74,74,49,49,50,19,16,
734.000000,90.000000,0.044974,3269927.250000,0.431593,0,1
20,20,20,16,15,13,9,4,
467.000000,96.000000,0.001678,76578752.000000,0.009225,0,1
79,82,81,87,85,87,93,99,
531.000000,96.000000,0.019344,68581944.000000,0.078095,0,1
32,25,37,23,30,29,25,29,
483.000000,204.000000,0.056432,31625348.000000,0.177641,0,1
29,33,29,47,44,35,51,50,
454.000000,104.000000,0.001903,175958480.000000,0.011075,0,1
112,116,120,121,126,128,135,150,
465.000000,194.000000,0.046384,39538540.000000,0.158406,0,1
24,30,27,44,38,34,47,51,
446.000000,108.000000,0.004356,220349168.000000,0.025741,0,1
129,126,134,122,114,138,71,84,
39.000000,190.000000,0.029776,4311672.000000,0.247031,0,1
26,26,25,34,37,41,48,55,
708.000000,185.000000,0.071279,74857856.000000,0.567932,0,1
15,17,13,21,14,10,19,15,
603.000000,184.000000,0.034104,20132242.000000,0.206635,0,1
10,17,12,20,14,17,22,21,
253.000000,113.000000,0.003682,308005024.000000,0.058520,0,1
80,79,79,78,67,73,66,52,
728.000000,181.000000,0.063248,6019830.000000,0.548387,0,1
23,23,23,19,21,22,11,12,
699.000000,179.000000,0.055460,1602048.125000,0.467857,0,1
21,20,21,16,17,18,11,13,
532.000000,179.000000,0.038560,6251821.500000,0.156852,0,1
18,23,20,32,28,24,31,31,
633.000000,116.000000,0.030946,310354208.000000,0.217868,0,1
16,10,22,9,16,25,10,16,
667.000000,118.000000,0.034488,327018240.000000,0.277643,0,1
15,9,20,8,16,25,9,16,
711.000000,174.000000,0.038739,129086568.000000,0.364114,0,1
15,11,22,11,16,25,16,23,
219.000000,124.000000,0.005738,97850104.000000,0.040307,0,1
74,67,71,37,54,63,34,36,
521.000000,173.000000,0.035672,4893032.500000,0.131974,0,1
19,22,19,35,29,22,38,39,
313.000000,173.000000,0.020613,3512465.750000,0.189690,0,1
43,41,42,48,48,50,60,63,
392.000000,171.000000,0.019303,11242278.000000,0.190960,0,1
42,45,45,51,52,52,59,60,
383.000000,171.000000,0.017999,5523071.000000,0.199216,0,1
43,43,44,49,50,51,55,60,
175.000000,127.000000,0.008627,227606304.000000,0.072690,0,1
62,54,60,30,42,57,26,34,
368.000000,128.000000,0.001077,8867102.000000,0.006940,0,1
100,99,98,90,90,88,81,74,
402.000000,130.000000,0.004967,39114800.000000,0.048889,0,1
82,74,85,67,80,82,73,68,
111.000000,168.000000,0.029740,9833046.000000,0.198531,0,1
23,26,22,27,27,27,39,33,
265.000000,131.000000,0.001122,131315064.000000,0.006875,0,1
88,84,85,84,76,80,74,44,
584.000000,167.000000,0.025056,42256088.000000,0.133335,0,1
15,11,23,13,17,27,22,23,
266.000000,132.000000,0.001338,415959040.000000,0.020065,0,1
85,76,80,74,49,65,44,38,
342.000000,132.000000,0.004311,34231196.000000,0.032812,0,1
83,77,74,71,63,57,61,52,
272.000000,165.000000,0.020446,53722956.000000,0.096497,0,1
62,70,57,75,71,43,53,28,
254.000000,133.000000,0.004552,465758048.000000,0.071668,0,1
67,79,54,80,64,48,65,44,
341.000000,163.000000,0.019026,1689808.250000,0.134318,0,1
49,46,47,41,41,41,29,25,
415.000000,161.000000,0.015973,6649114.000000,0.118977,0,1
45,43,43,34,35,30,27,34,
403.000000,139.000000,0.004073,26539630.000000,0.038771,0,1
53,46,52,33,41,50,29,29,
711.000000,139.000000,0.038648,633920192.000000,0.362754,0,1
21,13,25,9,20,26,13,21,
388.000000,141.000000,0.004222,81362992.000000,0.049286,0,1
45,52,46,46,42,32,31,28,
386.000000,156.000000,0.006273,7171337.000000,0.072154,0,1
31,33,33,42,42,43,50,51,
56.000000,144.000000,0.011548,209037072.000000,0.087049,0,1
59,55,51,50,36,29,44,32,
378.000000,153.000000,0.005918,10686043.000000,0.028701,0,1
28,30,28,35,30,28,44,58,
327.000000,145.000000,0.004113,62513040.000000,0.035851,0,1
23,21,33,20,34,44,21,21,
245.000000,147.000000,0.004138,15033361.000000,0.024316,0,1
44,49,42,42,35,33,34,29,
711.000000,147.000000,0.038601,599299712.000000,0.361978,0,1
19,12,24,8,19,25,12,17,
103.000000,289.000000,0.136513,112560848.000000,1.416013,0,1
80,81,80,70,67,66,64,61,
372.000000,288.000000,0.145228,5294315.500000,1.337416,0,1
58,59,58,60,59,59,62,62,
123.000000,285.000000,0.134610,213834320.000000,1.309350,0,1
59,61,60,72,72,74,85,83,
161.000000,283.000000,0.133123,315701152.000000,1.153505,0,1
64,63,65,81,82,85,96,84,
217.000000,280.000000,0.130716,75436896.000000,1.605746,0,1
86,87,75,92,77,66,75,65,
372.000000,145.000000,0.002107,36036684.000000,0.029318,0,1
48,54,51,37,42,39,27,26,
637.000000,242.000000,0.117425,34506392.000000,1.130339,0,1
30,30,26,22,24,23,20,21,
235.000000,154.000000,0.006164,263915792.000000,0.038210,0,1
35,49,27,55,36,25,52,38,
715.000000,60.000000,0.040429,13607303.000000,0.360747,0,1
17,16,23,22,32,44,44,51,
595.000000,77.000000,0.025319,1465782656.000000,0.166803,0,1
34,53,28,81,35,25,52,33,
564.000000,81.000000,0.018634,404042848.000000,0.100565,0,1
95,88,88,68,66,65,35,24,
519.000000,84.000000,0.015305,140306496.000000,0.067689,0,1
45,45,22,44,29,16,37,24,
667.000000,104.000000,0.034588,364449696.000000,0.281704,0,1
15,9,20,5,14,23,8,14,
49.000000,189.000000,0.013044,3956714.500000,0.101178,0,1
28,28,31,37,41,44,52,55,
301.000000,109.000000,0.005157,99215880.000000,0.057807,0,1
83,79,78,74,68,78,59,56,
315.000000,183.000000,0.031491,28604872.000000,0.270666,0,1
59,58,64,58,66,69,71,75,
63.000000,113.000000,0.011682,20531592.000000,0.086950,0,1
28,34,36,49,50,51,62,64,
293.000000,117.000000,0.004930,262914016.000000,0.058180,0,1
87,86,85,86,78,74,81,77,
308.000000,117.000000,0.004523,353801472.000000,0.047601,0,1
89,78,93,49,71,95,67,85,
309.000000,120.000000,0.004984,299240384.000000,0.051694,0,1
94,85,97,72,83,82,57,53,
244.000000,136.000000,0.001200,241705728.000000,0.007178,0,1
76,76,54,76,57,37,70,58,
306.000000,124.000000,0.005391,299289216.000000,0.056889,0,1
46,49,45,82,54,72,81,82,
291.000000,125.000000,0.005310,436864128.000000,0.062970,0,1
99,96,84,98,76,60,94,92,
176.000000,135.000000,0.008736,456908096.000000,0.073058,0,1
49,31,57,25,46,54,38,56,
161.000000,135.000000,0.008794,52778400.000000,0.078648,0,1
27,27,36,43,41,45,56,62,
254.000000,130.000000,0.004195,234563552.000000,0.023458,0,1
66,80,56,83,67,52,80,66,
139.000000,132.000000,0.010494,129047048.000000,0.102555,0,1
31,26,37,29,32,42,42,60,
269.000000,134.000000,0.001526,847478592.000000,0.021571,0,1
74,48,80,39,55,82,44,52,
43.000000,165.000000,0.017171,48020596.000000,0.135961,0,1
57,56,56,49,47,46,30,22,
309.000000,133.000000,0.005036,76592464.000000,0.051513,0,1
65,49,40,35,44,26,31,36,
275.000000,164.000000,0.021263,73961616.000000,0.097781,0,1
27,41,66,57,71,77,43,43,
