# timestamp
1608635137396819456

# fx, fy, cx, cy, width, height, npoints
501.478455,501.475861,421.797394,167.658905,800,400,579

# camToWorld: translation vector, rotation quaternion
-31.434852,73.476132,3.875940,0.001418,-0.724164,0.689426,-0.016621

# Exposure time (ms)
18.844467

# Point Cloud Data : 
# u,v,idepth_scaled,idepth_hessian,maxRelBaseline,numGoodRes,status 
# color information 
274.000000,30.000000,0.507718,2249074.750000,4.640069,0,1
19,18,24,16,24,28,19,25,
465.000000,62.000000,0.440500,8799117.000000,0.542928,0,1
51,56,53,63,62,54,74,81,
712.000000,62.000000,0.505572,630558.562500,1.549647,0,1
28,25,25,19,18,17,12,10,
711.000000,63.000000,0.502092,732123.062500,1.539997,0,1
25,19,18,13,12,12,10,12,
621.000000,184.000000,0.269042,16717740.000000,0.820194,0,1
44,61,31,57,40,26,32,25,
274.000000,44.000000,0.498795,5443424.000000,4.553526,0,1
20,11,30,7,22,32,12,22,
540.000000,50.000000,0.460917,268424.625000,1.030238,0,1
9,10,10,11,11,11,14,18,
692.000000,50.000000,0.539986,219672.703125,1.523560,0,1
22,21,21,21,20,20,17,12,
524.000000,51.000000,0.468650,1205961.750000,1.169479,0,1
8,9,9,13,14,14,18,19,
376.000000,52.000000,0.478994,961111.875000,3.977743,0,1
14,14,14,13,14,14,15,20,
505.000000,52.000000,0.471726,1728804.250000,1.375097,0,1
11,13,13,17,17,17,22,26,
515.000000,52.000000,0.468929,1678745.750000,1.256662,0,1
11,13,13,17,17,17,22,25,
287.000000,53.000000,0.492056,7943670.500000,4.150500,0,1
29,27,27,27,27,24,42,83,
295.000000,53.000000,0.488198,6879892.500000,3.942186,0,1
31,27,26,27,26,22,44,84,
395.000000,53.000000,0.480418,7107223.000000,3.444761,0,1
22,29,20,36,35,33,51,57,
403.000000,53.000000,0.470341,5944080.500000,3.228484,0,1
22,33,20,45,35,34,52,61,
413.000000,53.000000,0.476205,6282111.500000,0.212787,0,1
22,25,43,49,53,71,70,99,
425.000000,53.000000,0.481258,6785109.000000,2.725129,0,1
9,11,12,17,17,18,28,41,
433.000000,53.000000,0.479078,4651056.500000,2.553322,0,1
11,12,12,17,18,19,28,37,
448.000000,53.000000,0.476867,5280367.500000,2.255678,0,1
12,14,14,20,20,21,30,36,
451.000000,53.000000,0.478249,5949837.000000,2.200599,0,1
11,14,14,20,20,20,30,38,
462.000000,53.000000,0.475803,5655693.500000,2.003016,0,1
12,15,15,21,21,22,30,36,
472.000000,53.000000,0.474073,3322379.250000,1.836364,0,1
11,15,15,21,22,22,27,27,
477.000000,53.000000,0.475205,4482350.500000,1.758223,0,1
12,16,16,22,22,22,28,32,
494.000000,53.000000,0.469639,2012141.750000,1.508539,0,1
12,16,16,22,22,21,26,24,
301.000000,55.000000,0.493545,14653546.000000,0.315211,0,1
22,41,27,49,81,53,106,140,
364.000000,55.000000,0.487894,8094045.500000,4.343461,0,1
13,16,16,26,29,26,49,54,
704.000000,59.000000,0.469203,617790.500000,1.481016,0,1
17,18,16,20,19,21,27,28,
678.000000,60.000000,0.488010,541717.812500,1.390442,0,1
17,18,17,22,22,24,28,26,
691.000000,60.000000,0.467030,551821.625000,1.421218,0,1
17,18,19,24,24,26,29,25,
175.000000,61.000000,0.504760,9662960.000000,8.156350,0,1
19,28,27,54,54,52,89,99,
189.000000,61.000000,0.502574,12082780.000000,7.493990,0,1
19,31,32,55,56,56,75,82,
80.000000,62.000000,0.485651,7015529.500000,4.218390,0,1
18,18,18,20,20,21,32,55,
708.000000,63.000000,0.512584,495170.187500,1.538724,0,1
26,20,19,15,14,12,11,10,
361.000000,65.000000,0.506444,17455926.000000,2.502018,0,1
40,59,26,74,52,22,80,56,
323.000000,70.000000,0.491856,11617514.000000,0.797945,0,1
100,92,100,63,64,65,34,28,
485.000000,70.000000,0.483360,3231322.250000,0.837655,0,1
44,50,52,32,33,33,17,14,
124.000000,73.000000,0.492461,21914108.000000,3.521392,0,1
107,76,103,40,67,99,77,83,
756.000000,92.000000,0.091279,26153.792969,0.797109,0,1
14,15,16,17,18,18,20,22,
772.000000,122.000000,0.072847,134949744.000000,0.154096,0,1
255,200,247,83,156,236,58,51,
763.000000,148.000000,0.070072,3147719168.000000,0.539664,0,1
255,252,204,186,153,114,115,75,
761.000000,162.000000,0.070921,3116075520.000000,0.560320,0,1
54,60,105,67,135,212,140,225,
36.000000,187.000000,0.092490,30520148.000000,0.208472,0,1
37,41,35,50,44,33,85,89,
756.000000,296.000000,0.175127,267408.281250,1.138263,0,1
32,38,36,42,41,39,42,43,
754.000000,225.000000,0.087594,292950880.000000,0.677916,0,1
15,39,36,62,62,61,70,78,
751.000000,188.000000,0.068808,4417915904.000000,0.543325,0,1
106,181,100,244,157,80,180,98,
760.000000,177.000000,0.070479,3905394176.000000,0.560593,0,1
108,173,103,242,159,85,211,163,
749.000000,161.000000,0.068472,4234587904.000000,0.528826,0,1
72,168,104,249,175,88,202,117,
454.000000,57.000000,0.464145,7678788.500000,2.108919,0,1
35,39,31,44,35,19,46,49,
509.000000,57.000000,0.431786,2566642.750000,1.265772,0,1
17,16,16,22,20,26,27,30,
446.000000,58.000000,0.453876,8257971.000000,2.243769,0,1
31,20,39,27,38,48,48,55,
470.000000,58.000000,0.445092,5951726.500000,1.815673,0,1
20,20,21,32,30,36,42,44,
482.000000,58.000000,0.441286,4887646.000000,1.626180,0,1
18,23,19,34,30,32,37,38,
495.000000,58.000000,0.436595,4286567.000000,1.439198,0,1
16,22,19,32,30,31,34,33,
241.000000,59.000000,0.492232,22486874.000000,5.475661,0,1
18,21,21,32,33,34,47,54,
430.000000,59.000000,0.461343,4238789.000000,2.564230,0,1
25,32,27,54,45,39,59,63,
200.000000,60.000000,0.497956,52570096.000000,7.013377,0,1
17,20,18,34,35,36,59,68,
211.000000,60.000000,0.496220,40931624.000000,6.562387,0,1
17,23,24,38,40,41,53,53,
355.000000,60.000000,0.466379,3685073.250000,4.589054,0,1
36,21,44,27,36,38,49,59,
329.000000,61.000000,0.467130,9253013.000000,5.552868,0,1
39,24,52,33,43,61,59,71,
341.000000,61.000000,0.466425,5740193.500000,5.083104,0,1
27,22,33,44,45,60,67,70,
614.000000,61.000000,0.461508,518054.625000,1.302293,0,1
17,16,17,19,19,23,25,27,
225.000000,62.000000,0.492465,11240380.000000,6.017899,0,1
44,52,54,47,47,58,30,39,
265.000000,62.000000,0.488135,7938174.500000,4.709700,0,1
52,44,56,25,45,58,27,39,
562.000000,62.000000,0.428660,374252.687500,0.921196,0,1
15,13,14,15,16,20,21,23,
575.000000,62.000000,0.434260,402474.500000,1.012867,0,1
15,13,15,16,17,20,23,22,
600.000000,62.000000,0.488328,1093570.375000,1.340323,0,1
15,16,17,21,22,23,25,24,
468.000000,64.000000,0.485447,1488196.375000,1.832488,0,1
45,57,27,75,45,35,66,54,
516.000000,65.000000,0.540507,1298516.250000,1.170722,0,1
32,32,32,28,28,26,22,20,
441.000000,67.000000,0.494238,3806495.750000,0.748669,0,1
76,79,76,47,47,46,24,22,
226.000000,69.000000,0.489344,3202229.500000,5.946867,0,1
72,65,72,42,55,73,34,57,
260.000000,69.000000,0.497626,9129011.000000,0.943534,0,1
58,61,39,75,56,27,81,81,
265.000000,69.000000,0.487373,10789898.000000,4.679468,0,1
56,35,65,29,45,70,60,69,
532.000000,69.000000,0.466272,2738999.250000,0.937750,0,1
22,27,26,31,30,32,38,41,
549.000000,69.000000,0.483099,460894.843750,1.018043,0,1
21,21,22,15,14,13,11,12,
325.000000,70.000000,0.495544,6237243.500000,0.749355,0,1
88,100,96,64,65,61,33,26,
395.000000,70.000000,0.483809,6898671.500000,0.735220,0,1
93,74,78,45,46,44,28,19,
396.000000,70.000000,0.484252,7103920.500000,0.735420,0,1
97,79,76,47,45,41,27,18,
541.000000,71.000000,0.476698,5297855.500000,0.949380,0,1
24,27,23,32,27,19,35,35,
251.000000,72.000000,0.494226,9351082.000000,5.102270,0,1
55,85,79,75,70,64,38,27,
260.000000,72.000000,0.495748,29157076.000000,4.828650,0,1
79,79,82,55,52,52,28,23,
262.000000,72.000000,0.497042,20684750.000000,4.770948,0,1
62,82,76,52,52,50,29,25,
277.000000,72.000000,0.493500,22517792.000000,0.838004,0,1
83,72,88,42,61,76,28,25,
286.000000,72.000000,0.482894,7093748.000000,0.730922,0,1
107,103,104,85,91,85,55,41,
306.000000,72.000000,0.486374,64408184.000000,3.590498,0,1
70,72,42,59,42,25,36,20,
355.000000,72.000000,0.512103,2253196.000000,4.579036,0,1
33,26,31,20,24,27,15,14,
375.000000,72.000000,0.497944,1673003.875000,3.920261,0,1
35,35,33,28,24,19,17,14,
378.000000,72.000000,0.502212,1515972.750000,3.831017,0,1
38,31,32,21,20,20,14,15,
392.000000,72.000000,0.493864,2863725.500000,3.431925,0,1
45,26,27,18,19,20,15,15,
396.000000,72.000000,0.495384,3026102.750000,3.326793,0,1
45,27,24,20,18,19,16,15,
411.000000,72.000000,0.501099,9337552.000000,2.952960,0,1
40,22,29,17,21,19,15,15,
418.000000,72.000000,0.508191,1514757.250000,2.795615,0,1
32,24,24,16,18,15,15,15,
430.000000,72.000000,0.513759,1553911.500000,1.413407,0,1
32,20,25,14,15,14,13,14,
442.000000,72.000000,0.491268,1436805.250000,1.254099,0,1
30,17,21,12,13,12,12,14,
488.000000,72.000000,0.507774,932779.437500,1.478388,0,1
34,17,16,14,14,13,15,14,
539.000000,72.000000,0.470828,7809683.000000,0.918158,0,1
28,35,30,39,36,31,44,44,
541.000000,72.000000,0.473821,13615788.000000,0.937703,0,1
25,30,23,36,31,21,40,34,
208.000000,73.000000,0.492046,32671898.000000,6.621082,0,1
81,87,88,70,70,69,36,27,
221.000000,73.000000,0.493529,24065274.000000,6.123405,0,1
80,76,77,55,55,56,29,18,
235.000000,73.000000,0.498010,11493252.000000,2.098400,0,1
96,85,86,46,47,46,26,23,
321.000000,73.000000,0.502414,9758199.000000,5.875643,0,1
34,26,28,22,23,27,16,15,
334.000000,73.000000,0.507507,8079403.000000,5.329181,0,1
34,31,34,19,25,28,15,14,
346.000000,73.000000,0.506490,6137360.500000,4.892364,0,1
29,22,26,17,19,19,14,14,
183.000000,74.000000,0.490877,68589184.000000,1.778822,0,1
93,93,93,63,62,60,27,19,
197.000000,74.000000,0.492282,13413421.000000,7.073754,0,1
81,80,81,48,49,48,23,18,
326.000000,74.000000,0.512086,6395046.000000,5.678484,0,1
23,27,25,21,21,17,15,14,
144.000000,75.000000,0.491173,35373152.000000,3.228528,0,1
104,102,99,67,67,65,33,20,
160.000000,75.000000,0.494795,22703356.000000,3.016033,0,1
78,98,94,52,51,49,22,18,
203.000000,81.000000,0.501352,1215403.750000,6.811489,0,1
27,25,27,17,23,24,16,15,
461.000000,81.000000,0.491340,1790665.000000,1.857310,0,1
14,12,31,11,25,30,21,34,
540.000000,81.000000,0.477053,13873540.000000,0.919389,0,1
36,39,24,40,26,16,28,17,
539.000000,82.000000,0.477695,11047779.000000,0.913518,0,1
39,40,26,38,28,16,30,19,
521.000000,83.000000,0.473380,14618008.000000,1.670073,0,1
35,29,35,20,28,33,20,22,
656.000000,89.000000,0.110026,70907416.000000,0.391886,0,1
80,99,97,121,126,118,160,203,
657.000000,89.000000,0.110744,147252560.000000,0.396320,0,1
78,100,92,126,124,107,162,198,
671.000000,89.000000,0.118087,167649920.000000,0.449448,0,1
71,78,105,87,108,130,104,125,
675.000000,89.000000,0.117910,325448640.000000,0.455159,0,1
74,100,83,130,101,87,124,111,
528.000000,90.000000,0.462613,6491348.500000,1.628701,0,1
30,21,22,15,15,15,15,16,
641.000000,90.000000,0.110651,285434304.000000,0.371692,0,1
255,255,211,255,227,165,226,177,
188.000000,92.000000,0.125334,2610187.750000,0.351927,0,1
19,24,21,26,27,24,32,35,
615.000000,94.000000,0.102020,528334880.000000,0.302391,0,1
124,122,227,114,195,255,151,182,
633.000000,94.000000,0.103269,8289853.000000,0.331281,0,1
255,246,230,223,197,176,175,153,
684.000000,94.000000,0.122657,32767356.000000,0.565394,0,1
44,52,39,46,36,24,27,19,
248.000000,96.000000,0.109781,411071904.000000,0.221679,0,1
57,57,139,69,158,250,126,169,
648.000000,97.000000,0.107000,1289911552.000000,0.365642,0,1
147,212,131,253,170,159,232,210,
197.000000,98.000000,0.120702,21618924.000000,0.321323,0,1
49,54,57,55,62,68,62,67,
664.000000,98.000000,0.118677,154271392.000000,0.437748,0,1
188,192,166,188,140,87,88,27,
666.000000,98.000000,0.116985,206438736.000000,0.433757,0,1
155,166,125,140,87,53,47,21,
606.000000,99.000000,0.100387,18320504.000000,0.283475,0,1
118,134,132,149,146,144,158,171,
666.000000,99.000000,0.118545,68362784.000000,0.440169,0,1
145,111,69,64,36,24,24,17,
197.000000,100.000000,0.119661,24486192.000000,0.317402,0,1
62,62,73,54,67,79,53,50,
250.000000,100.000000,0.109296,27475344.000000,0.216206,0,1
255,187,254,87,137,203,76,75,
657.000000,100.000000,0.118691,24323912.000000,0.269914,0,1
255,252,234,242,166,90,48,27,
655.000000,101.000000,0.120448,22393036.000000,0.272046,0,1
255,255,208,138,63,40,40,29,
241.000000,102.000000,0.098207,3004516.250000,0.201285,0,1
37,41,36,50,50,49,51,54,
598.000000,102.000000,0.097120,43531208.000000,0.262041,0,1
131,134,153,138,156,172,160,178,
270.000000,103.000000,0.099414,282039456.000000,0.169510,0,1
76,191,67,225,106,70,112,87,
643.000000,103.000000,0.114272,196644064.000000,0.384743,0,1
255,255,231,205,167,125,68,41,
188.000000,104.000000,0.110720,4290982.000000,1.285937,0,1
27,23,29,17,20,27,15,16,
620.000000,104.000000,0.098061,159281744.000000,0.292872,0,1
188,206,178,198,185,171,172,164,
623.000000,105.000000,0.099039,632126144.000000,0.299878,0,1
210,171,229,149,180,210,130,167,
636.000000,105.000000,0.100772,24146710.000000,0.323352,0,1
219,235,195,113,71,58,51,43,
574.000000,106.000000,0.097978,4124855.500000,0.232734,0,1
53,53,59,53,58,63,59,65,
584.000000,106.000000,0.097974,15573796.000000,0.245527,0,1
81,81,90,84,90,105,93,105,
57.000000,107.000000,0.099404,1613889280.000000,0.421203,0,1
82,176,80,245,141,81,166,91,
206.000000,107.000000,0.117949,42651672.000000,0.296840,0,1
75,64,92,28,53,80,21,19,
207.000000,107.000000,0.117637,40060028.000000,0.294485,0,1
81,85,89,35,70,88,25,20,
288.000000,107.000000,0.095241,2971727.750000,0.139848,0,1
66,81,70,96,77,79,100,103,
56.000000,108.000000,0.099417,1819701376.000000,0.422297,0,1
176,245,141,239,166,98,146,96,
206.000000,108.000000,0.119894,49688072.000000,0.682744,0,1
85,35,70,19,25,38,19,19,
260.000000,108.000000,0.100941,10770950.000000,0.182568,0,1
96,96,104,99,107,113,109,120,
287.000000,108.000000,0.094866,4483163.000000,0.139940,0,1
81,96,77,111,100,86,114,109,
289.000000,108.000000,0.103999,21501662.000000,0.666333,0,1
70,77,79,100,86,83,103,110,
584.000000,108.000000,0.098243,23209766.000000,0.245745,0,1
90,93,104,95,105,119,106,117,
215.000000,109.000000,0.111243,10608883.000000,0.264712,0,1
123,96,114,35,59,75,22,21,
603.000000,109.000000,0.099827,3419084.750000,0.275043,0,1
180,179,175,175,168,165,166,162,
223.000000,110.000000,0.104654,15573535.000000,0.236484,0,1
129,122,132,68,102,122,26,23,
226.000000,111.000000,0.094480,11853292.000000,0.207096,0,1
124,122,124,34,62,95,25,27,
620.000000,113.000000,0.098186,185490400.000000,0.373525,0,1
122,124,103,142,136,91,131,125,
299.000000,114.000000,0.087554,9826579.000000,0.286587,0,1
80,92,80,100,94,82,105,105,
575.000000,115.000000,0.093892,24502062.000000,0.318546,0,1
85,85,92,84,91,101,89,92,
243.000000,116.000000,0.099254,108346104.000000,0.872312,0,1
48,34,49,35,62,70,63,59,
589.000000,116.000000,0.095140,7372938.500000,0.241463,0,1
154,145,150,138,142,143,129,118,
645.000000,116.000000,0.099738,1294230528.000000,0.475056,0,1
41,90,38,125,88,31,129,92,
241.000000,117.000000,0.099757,159939856.000000,0.885879,0,1
32,30,50,31,54,69,55,66,
645.000000,117.000000,0.099693,1327959040.000000,0.440573,0,1
65,121,46,139,94,30,126,86,
89.000000,118.000000,0.091653,23123330.000000,0.348823,0,1
79,87,79,96,88,82,99,98,
108.000000,118.000000,0.092369,5144351.000000,0.881388,0,1
39,41,40,45,43,41,47,47,
288.000000,119.000000,0.089022,1190491.375000,0.156523,0,1
147,147,146,133,133,138,128,128,
574.000000,120.000000,0.095693,26804256.000000,0.318677,0,1
82,77,84,83,91,99,69,30,
97.000000,122.000000,0.092406,20622904.000000,0.342870,0,1
72,80,73,88,81,74,88,86,
229.000000,122.000000,0.099159,45057184.000000,0.944121,0,1
33,33,35,32,36,48,42,50,
246.000000,123.000000,0.098159,142821696.000000,0.845544,0,1
93,57,83,57,73,94,76,84,
297.000000,123.000000,0.084838,3827809.500000,0.531464,0,1
127,122,120,117,118,117,108,104,
44.000000,124.000000,0.097242,394744416.000000,0.423988,0,1
44,42,72,44,74,99,62,77,
54.000000,124.000000,0.097285,258822272.000000,0.412704,0,1
113,114,84,105,91,63,95,83,
223.000000,125.000000,0.098578,43079784.000000,0.972679,0,1
29,28,33,27,36,44,39,45,
309.000000,125.000000,0.092899,14876686.000000,0.514038,0,1
86,84,74,87,80,74,98,76,
746.000000,125.000000,0.067903,479370112.000000,0.521364,0,1
44,48,48,62,66,55,142,190,
648.000000,126.000000,0.098677,314696992.000000,0.474161,0,1
23,25,22,42,22,21,26,22,
306.000000,127.000000,0.095130,21935324.000000,0.534905,0,1
88,106,100,94,88,81,33,22,
315.000000,127.000000,0.096671,14235765.000000,0.501550,0,1
64,74,69,59,56,49,24,20,
756.000000,127.000000,0.069341,790043264.000000,0.541458,0,1
251,228,169,139,137,82,60,50,
265.000000,128.000000,0.096650,36544568.000000,0.733396,0,1
105,121,113,93,87,76,48,34,
537.000000,129.000000,0.055610,243143872.000000,0.151492,0,1
76,98,84,167,165,125,255,250,
564.000000,129.000000,0.061265,200888160.000000,0.128235,0,1
120,202,155,215,176,175,201,156,
623.000000,130.000000,0.098026,153650096.000000,0.423518,0,1
54,43,58,30,48,60,25,26,
33.000000,131.000000,0.098069,777074368.000000,0.440318,0,1
62,47,106,34,71,111,43,77,
58.000000,131.000000,0.097065,104009488.000000,0.406590,0,1
93,77,100,75,93,103,90,82,
423.000000,131.000000,0.057669,29475932.000000,0.507950,0,1
37,36,46,35,66,68,63,63,
453.000000,131.000000,0.054610,2011737.125000,0.367568,0,1
31,32,32,51,58,49,59,49,
422.000000,132.000000,0.124728,12629447.000000,0.812353,0,1
36,35,66,46,63,95,47,43,
338.000000,133.000000,0.056471,3572969.000000,0.267935,0,1
29,30,34,40,43,46,55,46,
344.000000,133.000000,0.057770,5167110.000000,0.257504,0,1
30,32,34,47,53,56,68,43,
352.000000,133.000000,0.052698,1975017.875000,0.217737,0,1
31,35,36,56,54,54,64,39,
367.000000,134.000000,0.056607,1573283.250000,0.193257,0,1
44,59,57,49,56,52,36,33,
51.000000,135.000000,0.098281,51573548.000000,0.420277,0,1
73,50,59,32,40,60,33,38,
624.000000,135.000000,0.098593,159806352.000000,0.426752,0,1
38,29,51,24,37,55,30,37,
646.000000,135.000000,0.099212,445060224.000000,0.471291,0,1
41,60,28,64,41,24,56,40,
557.000000,136.000000,0.056858,224325984.000000,0.183463,0,1
76,61,88,49,71,98,58,66,
206.000000,138.000000,0.055026,25680758.000000,0.363756,0,1
22,28,44,23,32,41,17,19,
207.000000,138.000000,0.055131,22274902.000000,0.362120,0,1
25,34,46,26,39,40,18,20,
576.000000,138.000000,0.064421,43640764.000000,0.234004,0,1
30,33,26,38,24,18,24,18,
745.000000,140.000000,0.067800,4937781760.000000,0.516458,0,1
231,116,253,59,143,251,69,106,
750.000000,140.000000,0.068344,5880738304.000000,0.526917,0,1
150,225,114,255,186,93,245,204,
756.000000,140.000000,0.069624,547749568.000000,0.542235,0,1
52,70,85,108,168,136,241,255,
105.000000,141.000000,0.055134,13433404.000000,0.189792,0,1
22,27,26,50,44,31,52,40,
429.000000,141.000000,0.022376,5883433.500000,0.008456,0,1
91,164,95,254,137,163,238,181,
442.000000,141.000000,0.020600,12232880.000000,0.010885,0,1
114,204,107,253,200,164,255,255,
56.000000,143.000000,0.097189,95336280.000000,0.409061,0,1
56,55,43,54,48,32,40,31,
293.000000,143.000000,0.026857,203705312.000000,0.211676,0,1
24,25,26,29,37,34,83,131,
330.000000,143.000000,0.020489,262385040.000000,0.119764,0,1
31,51,40,156,109,38,222,98,
343.000000,143.000000,0.019146,899850752.000000,0.098252,0,1
49,69,104,47,204,108,107,249,
357.000000,143.000000,0.019711,14181498.000000,0.009260,0,1
60,115,172,75,185,229,135,191,
381.000000,143.000000,0.013779,1681073.750000,0.002662,0,1
65,77,114,162,143,113,252,255,
391.000000,143.000000,0.051104,157678.171875,0.004517,0,1
94,190,149,255,129,120,255,255,
499.000000,143.000000,0.021190,175386592.000000,0.040140,0,1
183,136,254,106,153,237,157,240,
567.000000,143.000000,0.062345,159942112.000000,0.214323,0,1
83,87,68,86,64,26,49,18,
56.000000,144.000000,0.097093,86477576.000000,0.408595,0,1
54,51,39,48,32,26,38,34,
385.000000,144.000000,0.029240,1633521.875000,0.004337,0,1
230,165,162,182,96,201,125,84,
540.000000,144.000000,0.055224,79113104.000000,0.185832,0,1
78,54,73,37,68,60,48,59,
646.000000,144.000000,0.098901,235176176.000000,0.470056,0,1
37,49,27,53,36,23,45,35,
680.000000,144.000000,0.055353,271802272.000000,0.305269,0,1
35,40,87,48,144,204,142,229,
746.000000,144.000000,0.067766,2015450496.000000,0.472187,0,1
180,110,238,78,199,252,99,84,
226.000000,146.000000,0.025351,135788304.000000,0.050022,0,1
32,101,42,241,120,58,181,112,
235.000000,147.000000,0.017824,151844976.000000,0.033064,0,1
35,81,44,162,169,36,172,68,
253.000000,147.000000,0.020058,120765776.000000,0.033232,0,1
51,200,54,85,106,34,49,35,
288.000000,147.000000,0.019669,40978040.000000,0.024767,0,1
35,32,33,35,71,41,78,164,
108.000000,148.000000,0.039168,5967771.000000,0.130963,0,1
38,39,37,37,30,31,26,15,
125.000000,148.000000,0.037091,7591696.000000,0.116661,0,1
39,38,34,33,31,25,24,16,
287.000000,148.000000,0.020126,82922744.000000,0.030330,0,1
32,35,71,32,78,167,39,44,
310.000000,148.000000,0.024178,212862752.000000,0.036436,0,1
77,231,67,255,159,32,229,80,
418.000000,148.000000,0.020655,4053997.500000,0.005009,0,1
174,160,203,88,169,255,118,192,
505.000000,148.000000,0.041623,128787784.000000,0.054275,0,1
237,128,253,114,214,255,114,204,
197.000000,149.000000,0.020341,123443160.000000,0.046517,0,1
34,150,50,217,220,62,255,255,
330.000000,149.000000,0.019417,33682872.000000,0.015129,0,1
64,69,59,112,89,69,229,255,
463.000000,149.000000,0.021094,11560219.000000,0.016306,0,1
255,255,227,174,177,129,126,93,
557.000000,149.000000,0.056732,14842521.000000,0.183167,0,1
47,40,40,34,27,17,19,13,
717.000000,150.000000,0.062165,3857122560.000000,0.416213,0,1
103,69,196,65,171,255,143,177,
134.000000,151.000000,0.028437,25685572.000000,0.085710,0,1
17,17,24,17,32,29,37,41,
138.000000,151.000000,0.027108,7549654.500000,0.080373,0,1
17,18,20,29,26,21,39,41,
370.000000,151.000000,0.021107,47924120.000000,0.031808,0,1
251,254,163,244,127,77,147,147,
79.000000,152.000000,0.034401,50828508.000000,0.125471,0,1
55,59,69,64,73,84,69,91,
152.000000,152.000000,0.023750,894109376.000000,0.066464,0,1
43,45,144,32,116,251,51,73,
262.000000,152.000000,0.020116,364651008.000000,0.205078,0,1
42,37,29,47,97,30,152,164,
271.000000,152.000000,0.020388,474396672.000000,0.194449,0,1
31,72,32,74,152,29,182,145,
425.000000,152.000000,0.017715,4229147.000000,0.005826,0,1
104,167,99,241,188,80,255,235,
404.000000,153.000000,0.021849,59112496.000000,0.032928,0,1
112,84,154,76,171,254,128,174,
413.000000,153.000000,0.024516,2032189.125000,0.004867,0,1
103,84,207,76,175,255,79,104,
500.000000,153.000000,0.019766,148596384.000000,0.053317,0,1
191,159,132,254,175,127,250,212,
236.000000,154.000000,0.020212,284967040.000000,0.037409,0,1
55,172,36,216,119,35,179,60,
335.000000,154.000000,0.019783,77142400.000000,0.029840,0,1
45,62,53,79,128,55,233,255,
378.000000,154.000000,0.021294,1486404.125000,0.005127,0,1
106,81,173,73,191,255,122,181,
514.000000,154.000000,0.036575,242516064.000000,0.079872,0,1
254,238,141,133,142,72,95,64,
487.000000,155.000000,0.021687,126152936.000000,0.035395,0,1
207,138,237,100,181,254,113,136,
265.000000,156.000000,0.020885,886701120.000000,0.207844,0,1
31,43,40,84,100,63,238,255,
254.000000,157.000000,0.019825,576861696.000000,0.213512,0,1
90,71,72,64,171,205,118,129,
66.000000,158.000000,0.094744,238058816.000000,0.386530,0,1
69,62,82,48,76,102,62,74,
76.000000,158.000000,0.033765,70453000.000000,0.124235,0,1
77,75,93,78,98,87,94,97,
167.000000,158.000000,0.021534,629096128.000000,0.189285,0,1
233,243,169,135,152,97,98,96,
637.000000,158.000000,0.098751,35018160.000000,0.456906,0,1
41,47,42,58,58,48,76,76,
232.000000,159.000000,0.020868,226993632.000000,0.039665,0,1
54,210,60,253,178,61,209,100,
620.000000,159.000000,0.098694,127214408.000000,0.421072,0,1
39,36,53,29,49,76,36,56,
647.000000,160.000000,0.098393,340876896.000000,0.472134,0,1
93,78,101,46,80,102,46,52,
443.000000,161.000000,0.019408,15034662.000000,0.010880,0,1
230,251,196,224,173,102,117,122,
176.000000,162.000000,0.019974,288668608.000000,0.050447,0,1
56,202,64,238,209,69,254,247,
289.000000,162.000000,0.020130,124352936.000000,0.025385,0,1
92,250,67,254,125,60,166,180,
346.000000,162.000000,0.020553,297430368.000000,0.102624,0,1
45,121,52,242,133,50,224,77,
362.000000,162.000000,0.018676,361335456.000000,0.078052,0,1
158,136,195,62,132,252,73,78,
383.000000,162.000000,0.021633,130386040.000000,0.067104,0,1
130,225,129,254,181,74,130,84,
409.000000,162.000000,0.021054,54700076.000000,0.041107,0,1
232,255,151,242,144,83,93,121,
423.000000,162.000000,0.027886,2798382.000000,0.009841,0,1
229,220,238,101,123,132,107,169,
432.000000,162.000000,0.023517,3433779.750000,0.007043,0,1
253,194,235,100,161,103,106,178,
463.000000,162.000000,0.018865,23803784.000000,0.021254,0,1
103,131,119,177,132,114,227,193,
470.000000,162.000000,0.020161,118374696.000000,0.026373,0,1
178,166,163,124,164,232,189,219,
479.000000,162.000000,0.018010,72525352.000000,0.027010,0,1
131,119,167,136,202,201,213,214,
542.000000,162.000000,0.053060,3828085.000000,0.186664,0,1
45,43,42,38,37,36,31,23,
694.000000,162.000000,0.056915,4954614784.000000,0.384632,0,1
139,76,223,62,169,255,107,138,
320.000000,163.000000,0.020520,37219688.000000,0.018764,0,1
239,145,158,169,101,66,168,60,
374.000000,163.000000,0.021824,2017742.500000,0.007243,0,1
250,255,201,188,189,96,104,185,
513.000000,163.000000,0.037303,23443314.000000,0.265049,0,1
70,85,65,67,67,64,50,45,
243.000000,164.000000,0.019307,226474656.000000,0.034355,0,1
247,221,255,89,189,200,130,72,
327.000000,164.000000,0.021848,16147971.000000,0.018352,0,1
183,250,172,215,190,89,130,117,
287.000000,165.000000,0.017806,67659152.000000,0.026834,0,1
243,139,170,117,107,170,63,63,
301.000000,165.000000,0.020255,515117536.000000,0.155844,0,1
170,255,192,207,187,87,96,94,
310.000000,165.000000,0.023402,409552928.000000,0.165250,0,1
215,254,137,191,150,35,87,120,
607.000000,166.000000,0.039343,201118512.000000,0.101160,0,1
33,37,77,54,134,174,116,175,
241.000000,167.000000,0.020088,470092544.000000,0.117690,0,1
145,241,170,176,128,60,65,69,
94.000000,170.000000,0.033921,13768748.000000,0.118346,0,1
27,30,24,31,27,20,30,27,
177.000000,171.000000,0.020760,592443008.000000,0.177351,0,1
78,93,62,145,129,65,244,181,
182.000000,171.000000,0.020093,802414592.000000,0.165058,0,1
111,83,120,73,163,213,140,189,
193.000000,171.000000,0.020393,501591776.000000,0.158060,0,1
78,109,68,192,125,77,220,168,
311.000000,171.000000,0.029110,442063232.000000,0.198154,0,1
89,117,36,112,73,31,94,56,
329.000000,171.000000,0.025467,6006475.000000,0.075263,0,1
120,102,114,95,104,104,86,80,
421.000000,171.000000,0.030230,61365972.000000,0.325698,0,1
173,155,138,126,126,126,114,105,
427.000000,171.000000,0.028684,25247292.000000,0.290001,0,1
172,138,149,121,127,131,109,111,
467.000000,171.000000,0.027400,77725328.000000,0.162322,0,1
230,188,211,197,210,226,241,255,
468.000000,171.000000,0.027682,100640552.000000,0.160361,0,1
243,199,216,202,221,229,248,253,
487.000000,171.000000,0.025201,2097809.000000,0.039701,0,1
230,221,221,249,245,246,255,255,
680.000000,171.000000,0.055449,4792485376.000000,0.359555,0,1
92,86,191,57,169,242,103,186,
689.000000,171.000000,0.055086,1193288064.000000,0.338627,0,1
73,85,167,72,193,248,108,126,
262.000000,172.000000,0.028923,10833853.000000,0.285883,0,1
120,108,110,94,93,90,68,61,
456.000000,172.000000,0.027812,30350102.000000,0.030609,0,1
173,163,169,174,183,197,202,226,
162.000000,173.000000,0.021110,1680896512.000000,0.191081,0,1
129,128,148,122,246,249,192,187,
403.000000,173.000000,0.023285,13130292.000000,0.054795,0,1
128,122,125,103,117,115,100,91,
666.000000,173.000000,0.052929,270113120.000000,0.285156,0,1
30,42,41,81,54,75,102,77,
301.000000,174.000000,0.028433,10798808.000000,0.227296,0,1
99,93,97,71,73,67,52,50,
376.000000,174.000000,0.028528,5413055.500000,0.100586,0,1
113,109,115,95,97,97,87,84,
387.000000,175.000000,0.027302,36110328.000000,0.082437,0,1
138,122,122,103,107,102,86,78,
433.000000,176.000000,0.035728,45598704.000000,0.326160,0,1
124,117,149,111,148,159,122,127,
126.000000,177.000000,0.029856,52959416.000000,0.093360,0,1
25,33,15,37,25,14,28,16,
583.000000,177.000000,0.037162,2754898.750000,0.158344,0,1
48,44,46,26,34,39,21,23,
646.000000,177.000000,0.100123,681012800.000000,0.421810,0,1
68,43,115,27,109,209,36,46,
124.000000,178.000000,0.030313,14028866.000000,0.095547,0,1
37,38,33,34,32,22,22,19,
116.000000,179.000000,0.030420,15597691.000000,0.098621,0,1
27,21,31,17,24,26,17,17,
381.000000,179.000000,0.037701,10419532.000000,0.122764,0,1
94,98,95,98,88,75,77,66,
563.000000,179.000000,0.030324,37411292.000000,0.121934,0,1
28,27,30,32,30,34,36,48,
234.000000,180.000000,0.018805,14477400.000000,0.035863,0,1
83,83,68,78,66,56,62,60,
310.000000,180.000000,0.027933,18423332.000000,0.194818,0,1
57,71,56,61,57,46,52,45,
324.000000,180.000000,0.030175,3106039.750000,0.246273,0,1
78,70,68,65,63,60,56,47,
602.000000,181.000000,0.047682,30257452.000000,0.220082,0,1
36,50,51,29,51,70,22,21,
646.000000,181.000000,0.099906,266362256.000000,0.482717,0,1
46,33,59,25,47,71,31,42,
274.000000,182.000000,0.037822,24090890.000000,0.335020,0,1
46,48,43,44,40,24,32,26,
612.000000,183.000000,0.040089,70021512.000000,0.106725,0,1
127,97,120,39,59,67,29,26,
744.000000,183.000000,0.066882,122879128.000000,0.500857,0,1
49,53,57,71,101,85,160,223,
178.000000,184.000000,0.020965,90048384.000000,0.053174,0,1
79,85,66,142,110,62,106,69,
253.000000,184.000000,0.032166,1496265.750000,0.336110,0,1
60,51,55,46,47,44,38,36,
99.000000,185.000000,0.033008,20347582.000000,0.113797,0,1
21,20,26,31,29,28,35,30,
672.000000,185.000000,0.053767,95375640.000000,0.345557,0,1
97,99,98,81,91,88,63,68,
96.000000,186.000000,0.033625,184867968.000000,0.117168,0,1
24,50,31,91,56,35,74,41,
458.000000,187.000000,0.048502,73708816.000000,0.309265,0,1
191,174,183,160,167,173,145,135,
467.000000,187.000000,0.049224,120566440.000000,0.276711,0,1
230,207,218,182,193,201,141,135,
478.000000,187.000000,0.049898,119756056.000000,0.240290,0,1
253,238,244,211,219,225,176,160,
711.000000,187.000000,0.063972,322675008.000000,0.257633,0,1
113,231,155,171,166,132,90,65,
468.000000,188.000000,0.048411,122352568.000000,0.270794,0,1
218,193,201,141,157,161,135,144,
522.000000,188.000000,0.045456,28624512.000000,0.301893,0,1
32,40,30,66,46,33,69,69,
67.000000,189.000000,0.094974,293970080.000000,0.389383,0,1
64,46,88,34,56,77,35,42,
493.000000,189.000000,0.052748,77646912.000000,0.204479,0,1
212,197,199,176,178,184,164,154,
498.000000,189.000000,0.052939,74190600.000000,0.191536,0,1
204,193,184,180,176,167,162,150,
523.000000,189.000000,0.046165,24185708.000000,0.302155,0,1
30,46,33,69,53,38,69,67,
366.000000,190.000000,0.047037,4438912.500000,0.184632,0,1
62,74,61,75,65,53,56,50,
602.000000,191.000000,0.043259,59069080.000000,0.072971,0,1
42,40,54,59,57,68,53,66,
359.000000,192.000000,0.045432,8622457.000000,0.196362,0,1
53,53,58,46,56,65,50,49,
371.000000,192.000000,0.047592,1957323.625000,0.178666,0,1
52,55,54,46,46,47,43,43,
438.000000,192.000000,0.051730,16650411.000000,0.422869,0,1
103,98,102,89,93,97,85,82,
471.000000,192.000000,0.054752,44979272.000000,0.292438,0,1
153,138,145,128,132,136,120,115,
485.000000,192.000000,0.055341,62667464.000000,0.244297,0,1
164,155,152,142,145,143,130,121,
304.000000,193.000000,0.043513,1963558.375000,0.317971,0,1
48,52,53,41,41,41,38,37,
507.000000,193.000000,0.057923,32883944.000000,0.449146,0,1
132,126,124,119,116,115,107,97,
531.000000,193.000000,0.048858,5258451.000000,0.291435,0,1
29,37,31,47,39,33,48,47,
698.000000,193.000000,0.055821,329898144.000000,0.399037,0,1
54,72,51,96,67,44,68,47,
224.000000,194.000000,0.054720,20894028.000000,0.649674,0,1
47,39,53,33,44,43,35,33,
161.000000,195.000000,0.024986,14173393.000000,0.235059,0,1
62,60,65,53,62,57,49,50,
458.000000,195.000000,0.055487,34306356.000000,0.355188,0,1
109,100,103,93,93,95,84,79,
467.000000,195.000000,0.056871,34687160.000000,0.323416,0,1
121,112,113,103,103,104,93,84,
585.000000,195.000000,0.032688,97280800.000000,0.076533,0,1
52,56,55,76,102,55,139,212,
612.000000,196.000000,0.038585,147376256.000000,0.103721,0,1
50,54,77,86,88,89,103,120,
584.000000,197.000000,0.032599,150362992.000000,0.076125,0,1
85,90,197,107,137,134,120,75,
37.000000,198.000000,0.095140,427183744.000000,0.274003,0,1
71,98,43,115,73,32,93,68,
68.000000,198.000000,0.096587,175021248.000000,0.397170,0,1
54,38,58,32,45,55,33,38,
208.000000,198.000000,0.055026,24246308.000000,0.365435,0,1
46,42,34,37,34,23,31,27,
462.000000,198.000000,0.058355,19814984.000000,0.356185,0,1
87,81,81,76,77,78,73,71,
502.000000,198.000000,0.062205,20669876.000000,0.227701,0,1
96,91,92,87,87,88,81,77,
552.000000,198.000000,0.039013,1722541.125000,0.145054,0,1
23,29,24,37,33,29,37,35,
585.000000,198.000000,0.033325,218070624.000000,0.078393,0,1
197,137,134,120,169,69,75,71,
691.000000,198.000000,0.058138,371956256.000000,0.405368,0,1
52,53,83,61,80,100,66,53,
738.000000,198.000000,0.076231,336029312.000000,0.572486,0,1
75,65,64,110,68,50,65,36,
170.000000,199.000000,0.032855,7072798.000000,0.283858,0,1
56,63,51,64,64,50,50,47,
348.000000,200.000000,0.057859,2376335.000000,0.272269,0,1
39,38,42,37,42,48,47,49,
352.000000,200.000000,0.059655,2048843.750000,0.268828,0,1
48,50,44,48,42,38,41,39,
484.000000,200.000000,0.061765,9906654.000000,0.287988,0,1
86,82,82,78,79,78,74,70,
610.000000,200.000000,0.039089,37215144.000000,0.104634,0,1
113,103,137,44,76,102,30,27,
513.000000,204.000000,0.071281,5452515.500000,0.499864,0,1
80,75,79,69,71,73,64,62,
566.000000,204.000000,0.056274,5067503.000000,0.232483,0,1
24,25,17,32,26,19,32,29,
523.000000,206.000000,0.068057,5721678.000000,0.438860,0,1
68,70,68,63,66,62,58,56,
338.000000,210.000000,0.070341,1350510.250000,0.359213,0,1
41,40,41,41,38,34,37,32,
648.000000,215.000000,0.099409,33082964.000000,0.516453,0,1
29,32,32,34,39,41,45,53,
665.000000,215.000000,0.094144,290194848.000000,0.442200,0,1
19,35,17,53,33,14,53,38,
665.000000,219.000000,0.093806,631854656.000000,0.514349,0,1
38,51,22,55,37,14,49,36,
675.000000,222.000000,0.067568,27112592.000000,0.458408,0,1
10,11,10,29,28,26,54,56,
512.000000,224.000000,0.072842,5882454.500000,0.582458,0,1
56,52,59,49,61,80,60,64,
517.000000,224.000000,0.085086,22919602.000000,0.604169,0,1
60,66,59,85,74,70,86,76,
536.000000,224.000000,0.092031,7857057.500000,0.351789,0,1
41,43,42,48,48,48,58,53,
540.000000,224.000000,0.066184,3424924.750000,0.438644,0,1
37,40,34,48,38,32,49,41,
626.000000,224.000000,0.104380,46841040.000000,0.501689,0,1
28,21,32,20,27,35,22,27,
647.000000,224.000000,0.099650,70619016.000000,0.531837,0,1
43,35,50,28,43,53,34,41,
512.000000,225.000000,0.074421,5288348.000000,0.602798,0,1
54,52,73,55,68,82,61,57,
540.000000,225.000000,0.063634,2469986.000000,0.431386,0,1
37,45,33,53,40,31,42,48,
626.000000,225.000000,0.103917,59839664.000000,0.502876,0,1
27,21,33,20,27,37,22,27,
669.000000,225.000000,0.070120,11389382.000000,0.467873,0,1
58,56,56,42,42,43,34,28,
525.000000,226.000000,0.085200,17064434.000000,0.570551,0,1
55,61,61,75,69,61,83,86,
531.000000,227.000000,0.089704,16435729.000000,0.554109,0,1
50,53,50,68,60,54,74,74,
460.000000,228.000000,0.082788,3792148.000000,0.549985,0,1
37,37,36,32,34,34,28,28,
665.000000,228.000000,0.094542,434863712.000000,0.558342,0,1
43,49,32,49,38,25,43,28,
739.000000,228.000000,0.092741,298207744.000000,0.684835,0,1
68,64,66,76,77,79,91,97,
708.000000,229.000000,0.090937,139219664.000000,0.625016,0,1
47,50,52,61,67,69,80,80,
719.000000,229.000000,0.092362,129335224.000000,0.650617,0,1
52,56,56,75,76,77,83,79,
720.000000,229.000000,0.092393,136264992.000000,0.652467,0,1
53,56,57,76,76,76,84,81,
304.000000,230.000000,0.090209,592509.875000,0.589275,0,1
24,27,27,28,30,32,32,33,
413.000000,230.000000,0.086629,3736217.000000,0.868177,0,1
36,35,34,33,30,28,27,26,
414.000000,230.000000,0.086014,3645692.500000,0.857108,0,1
35,35,34,31,29,28,26,26,
432.000000,230.000000,0.084860,3575848.000000,0.726038,0,1
37,35,33,32,29,28,28,28,
520.000000,230.000000,0.093557,25100296.000000,0.632174,0,1
86,82,80,61,70,63,58,68,
651.000000,230.000000,0.089964,50838876.000000,0.516750,0,1
51,46,47,35,35,34,21,30,
689.000000,230.000000,0.075591,39534680.000000,0.524202,0,1
42,45,48,56,56,58,71,82,
473.000000,231.000000,0.088465,3519145.250000,0.521549,0,1
36,36,37,30,32,33,27,27,
382.000000,232.000000,0.091846,5334582.000000,1.172216,0,1
36,37,36,34,32,29,25,24,
398.000000,232.000000,0.089626,5412066.000000,1.011908,0,1
36,35,35,30,29,29,25,25,
700.000000,232.000000,0.096591,35849104.000000,0.402670,0,1
62,64,69,78,81,86,93,94,
306.000000,233.000000,0.090573,1034734.875000,0.588013,0,1
33,35,35,36,34,30,32,30,
376.000000,233.000000,0.091548,3186602.750000,1.228285,0,1
35,35,35,31,29,29,27,26,
70.000000,234.000000,0.094328,3877203.000000,0.393222,0,1
23,23,21,23,20,16,22,19,
520.000000,234.000000,0.095414,20096264.000000,0.673469,0,1
68,61,70,52,55,61,45,45,
529.000000,234.000000,0.094639,8959485.000000,0.636292,0,1
60,63,63,57,56,57,51,51,
531.000000,234.000000,0.093262,7878793.500000,0.601282,0,1
58,63,60,56,57,56,48,48,
540.000000,234.000000,0.051150,10764882.000000,0.375297,0,1
53,49,46,50,44,39,47,43,
710.000000,235.000000,0.104611,44628812.000000,0.455884,0,1
69,82,66,112,100,74,119,104,
711.000000,235.000000,0.104471,70631928.000000,0.456590,0,1
67,74,58,109,86,70,116,98,
340.000000,236.000000,0.094851,1883407.875000,0.487145,0,1
35,33,35,28,32,32,27,27,
348.000000,236.000000,0.093916,1781158.500000,0.458224,0,1
37,36,35,31,30,29,28,27,
650.000000,236.000000,0.104633,6132757.500000,0.580093,0,1
41,39,42,28,36,39,25,25,
272.000000,237.000000,0.094504,5728477.000000,0.779891,0,1
31,31,30,33,32,30,42,29,
203.000000,238.000000,0.095207,9626258.000000,1.123320,0,1
25,25,25,26,28,29,44,44,
212.000000,238.000000,0.095295,7026304.500000,1.075925,0,1
26,27,27,32,32,33,42,41,
233.000000,238.000000,0.095977,7725378.000000,0.959153,0,1
29,29,30,32,34,35,39,32,
683.000000,238.000000,0.077391,23830182.000000,0.536304,0,1
44,51,54,48,58,67,56,53,
152.000000,239.000000,0.097747,3851201.000000,0.803670,0,1
21,20,19,23,23,23,29,26,
179.000000,239.000000,0.096429,8817144.000000,1.273562,0,1
25,24,25,31,31,31,37,26,
263.000000,239.000000,0.100997,9323644.000000,0.845009,0,1
38,46,48,40,40,37,28,26,
470.000000,239.000000,0.104183,6746730.500000,0.622955,0,1
25,25,27,26,31,34,32,35,
478.000000,239.000000,0.104753,5750679.000000,1.062127,0,1
27,25,28,30,31,34,35,36,
91.000000,240.000000,0.094691,2592160.750000,0.374186,0,1
21,21,21,25,25,26,31,22,
223.000000,240.000000,0.098470,7056272.500000,1.039845,0,1
31,44,44,34,32,32,28,27,
235.000000,240.000000,0.096830,8935647.000000,0.956686,0,1
35,39,39,32,32,31,26,25,
247.000000,240.000000,0.096045,8813887.000000,0.890174,0,1
36,37,39,26,26,25,24,24,
252.000000,240.000000,0.096513,9230395.000000,0.872730,0,1
38,40,40,26,25,25,25,24,
466.000000,240.000000,0.105098,7148109.500000,0.650877,0,1
23,25,25,27,28,30,34,37,
659.000000,240.000000,0.108929,3504457.500000,0.626797,0,1
43,38,42,32,35,41,28,30,
159.000000,241.000000,0.095223,5141395.000000,0.758675,0,1
23,34,35,25,25,25,20,21,
163.000000,241.000000,0.095266,5002244.500000,0.745926,0,1
24,36,35,25,24,24,21,20,
185.000000,241.000000,0.095882,8979403.000000,1.233117,0,1
31,43,41,25,26,27,24,25,
668.000000,241.000000,0.105891,11956308.000000,0.632277,0,1
46,44,43,39,37,36,32,33,
80.000000,242.000000,0.097058,4003526.750000,0.397530,0,1
28,31,32,26,25,24,20,19,
85.000000,242.000000,0.096568,3374998.500000,0.389789,0,1
25,33,32,23,23,22,20,19,
122.000000,242.000000,0.095382,3632721.750000,0.886270,0,1
28,29,30,23,23,22,21,20,
126.000000,242.000000,0.094621,2275749.000000,0.866838,0,1
27,30,29,22,22,21,20,22,
436.000000,242.000000,0.106510,6984950.500000,0.846325,0,1
24,24,25,26,27,30,33,39,
492.000000,242.000000,0.110052,2413004.500000,0.322726,0,1
29,29,29,34,32,34,38,37,
433.000000,243.000000,0.106422,9317204.000000,0.868295,0,1
24,23,26,25,30,33,35,39,
443.000000,243.000000,0.106749,8688560.000000,0.803074,0,1
24,25,25,31,30,29,37,39,
302.000000,245.000000,0.105174,1506361.500000,0.696225,0,1
19,19,20,20,23,25,27,20,
682.000000,245.000000,0.113594,9239768.000000,0.695807,0,1
36,35,36,38,39,41,43,45,
704.000000,245.000000,0.110554,26086376.000000,0.726572,0,1
46,48,48,58,53,51,61,61,
536.000000,246.000000,0.045734,13954981.000000,0.402504,0,1
61,58,58,51,53,52,50,49,
645.000000,246.000000,0.117080,5532928.500000,0.639511,0,1
23,24,24,31,28,29,34,36,
308.000000,247.000000,0.103392,3982450.250000,0.668603,0,1
25,31,30,24,24,26,20,20,
210.000000,248.000000,0.102858,2558312.000000,0.276898,0,1
36,36,36,31,33,31,29,28,
361.000000,250.000000,0.108593,1661871.375000,1.567630,0,1
27,27,27,27,28,29,34,32,
374.000000,251.000000,0.111760,10773895.000000,1.448377,0,1
24,25,26,28,31,31,36,40,
412.000000,251.000000,0.114206,11610729.000000,1.098682,0,1
24,23,24,28,27,29,37,41,
372.000000,252.000000,0.112268,10385795.000000,1.477020,0,1
25,27,29,31,34,37,37,41,
404.000000,252.000000,0.114492,14803758.000000,1.173531,0,1
23,23,24,28,31,34,38,40,
412.000000,252.000000,0.113699,14985940.000000,1.100152,0,1
23,28,27,37,38,38,42,43,
464.000000,252.000000,0.117271,2648670.750000,0.356326,0,1
34,31,34,32,35,39,38,40,
384.000000,253.000000,0.113166,12526588.000000,1.360252,0,1
27,30,30,37,37,35,41,42,
395.000000,253.000000,0.114822,13651626.000000,1.262063,0,1
23,23,25,27,31,34,36,40,
345.000000,254.000000,0.114376,2192927.500000,0.579938,0,1
26,26,30,27,32,35,32,36,
355.000000,254.000000,0.114074,7304268.500000,1.693000,0,1
28,28,26,34,31,31,37,40,
729.000000,254.000000,0.124643,4124974.500000,0.847538,0,1
54,50,54,61,58,58,65,65,
338.000000,256.000000,0.115890,4825635.500000,0.615878,0,1
27,26,26,29,30,32,36,39,
310.000000,257.000000,0.118743,4038032.000000,0.743191,0,1
26,23,22,26,26,28,32,34,
323.000000,257.000000,0.117449,5536969.000000,0.682699,0,1
25,26,24,31,31,31,35,37,
326.000000,257.000000,0.118090,4857719.000000,0.672996,0,1
24,24,26,31,32,33,36,38,
293.000000,258.000000,0.118541,3913352.250000,0.821344,0,1
18,19,21,24,25,26,30,32,
297.000000,258.000000,0.119035,2723974.500000,0.804890,0,1
22,21,23,26,29,29,30,33,
726.000000,260.000000,0.128635,4308911.000000,0.868584,0,1
57,56,58,46,53,58,46,53,
269.000000,261.000000,0.119767,3159921.000000,0.955380,0,1
46,45,36,43,33,24,31,25,
255.000000,266.000000,0.126883,2017641.750000,1.091139,0,1
24,24,33,26,34,35,36,38,
504.000000,268.000000,0.004143,3104313.000000,0.046745,0,1
40,38,39,38,38,38,37,38,
724.000000,268.000000,0.134933,1318227.000000,0.903154,0,1
48,50,52,41,47,53,39,39,
207.000000,271.000000,0.132266,8103246.500000,1.417243,0,1
33,32,31,38,38,37,46,41,
105.000000,272.000000,0.127521,8858441.000000,1.215729,0,1
20,20,20,23,23,23,33,34,
120.000000,272.000000,0.128490,8347070.500000,1.150801,0,1
21,20,22,25,25,25,33,32,
126.000000,272.000000,0.129148,4785634.500000,1.133741,0,1
21,22,23,25,27,29,32,34,
142.000000,272.000000,0.128895,11212316.000000,1.061658,0,1
21,22,20,29,28,29,34,31,
146.000000,272.000000,0.129495,8651774.000000,1.046545,0,1
20,21,22,29,30,31,35,33,
164.000000,272.000000,0.129922,4705230.000000,1.715148,0,1
25,27,29,33,34,36,36,33,
36.000000,273.000000,0.125344,2949977.500000,0.389323,0,1
22,22,23,28,28,27,34,32,
59.000000,273.000000,0.126627,9996335.000000,0.585732,0,1
23,23,23,29,29,30,35,34,
92.000000,273.000000,0.128230,8958815.000000,1.273301,0,1
21,22,23,30,31,32,34,29,
109.000000,273.000000,0.128057,13516335.000000,1.194700,0,1
21,24,25,34,33,32,34,25,
193.000000,273.000000,0.125260,6480643.000000,1.521430,0,1
31,36,44,34,39,42,30,29,
201.000000,273.000000,0.127612,7641473.000000,1.475071,0,1
38,43,40,39,37,36,32,30,
224.000000,273.000000,0.131295,6535883.500000,1.303656,0,1
35,38,34,31,30,29,27,27,
226.000000,273.000000,0.131376,4572437.500000,1.291447,0,1
32,34,36,30,29,29,26,27,
244.000000,273.000000,0.130723,5080706.500000,1.185456,0,1
36,36,36,27,33,36,31,33,
179.000000,274.000000,0.128292,5645374.000000,1.592613,0,1
37,37,36,30,29,29,28,27,
187.000000,274.000000,0.128407,8264621.500000,1.535730,0,1
37,35,36,30,30,28,26,25,
72.000000,275.000000,0.130309,6031618.500000,0.587411,0,1
30,34,33,31,30,28,23,22,
83.000000,275.000000,0.129979,7343915.500000,1.328616,0,1
29,33,32,28,28,28,23,22,
241.000000,275.000000,0.131663,3272900.500000,1.205261,0,1
28,26,27,27,29,33,31,35,
727.000000,279.000000,0.145797,10048003.000000,1.000006,0,1
38,36,37,34,31,33,27,26,
730.000000,280.000000,0.155543,9476924.000000,1.015995,0,1
36,33,37,24,29,37,24,31,
231.000000,282.000000,0.141380,2488012.750000,1.340122,0,1
22,22,24,24,29,32,30,34,
216.000000,293.000000,0.138126,1873171.000000,1.446048,0,1
28,28,36,29,42,43,45,44,
138.000000,294.000000,0.152335,4441348.500000,2.171137,0,1
19,21,19,24,24,24,26,26,
733.000000,198.000000,0.064052,305855936.000000,0.277678,0,1
78,48,59,28,60,116,31,28,
681.000000,198.000000,0.054773,160765808.000000,0.372619,0,1
120,76,99,48,64,71,47,40,
720.000000,197.000000,0.062255,376101120.000000,0.357970,0,1
106,120,176,56,116,154,47,39,
684.000000,191.000000,0.053750,1391248512.000000,0.366833,0,1
127,195,109,135,118,68,71,50,
733.000000,189.000000,0.064972,2201912832.000000,0.497060,0,1
213,214,133,250,196,138,219,153,
574.000000,189.000000,0.029000,51778588.000000,0.043930,0,1
150,193,207,51,108,161,55,72,
728.000000,184.000000,0.063316,2793811456.000000,0.478213,0,1
137,136,203,132,212,253,174,237,
588.000000,62.000000,0.498078,793279.187500,1.312898,0,1
13,13,16,19,20,22,23,23,
733.000000,183.000000,0.063722,428163776.000000,0.445016,0,1
74,142,101,248,199,115,254,235,
697.000000,180.000000,0.057413,1701578368.000000,0.399075,0,1
90,81,167,88,142,205,140,180,
591.000000,179.000000,0.036506,47782656.000000,0.163676,0,1
47,75,82,23,36,34,18,18,
731.000000,176.000000,0.064519,5654819840.000000,0.486368,0,1
102,88,196,62,158,248,88,86,
706.000000,172.000000,0.059415,1236062208.000000,0.327652,0,1
88,105,136,117,183,218,172,219,
745.000000,171.000000,0.066844,379015104.000000,0.298932,0,1
252,180,223,74,143,126,75,62,
693.000000,171.000000,0.056560,456808032.000000,0.211301,0,1
114,177,122,248,215,144,251,209,
661.000000,171.000000,0.050163,1554043776.000000,0.302572,0,1
212,226,100,170,110,57,109,61,
598.000000,171.000000,0.038187,98918272.000000,0.094032,0,1
156,158,142,129,143,116,68,56,
154.000000,171.000000,0.023810,603634944.000000,0.066422,0,1
176,129,250,57,182,186,54,48,
732.000000,169.000000,0.064765,1094688128.000000,0.277607,0,1
99,72,165,54,131,226,74,121,
689.000000,163.000000,0.055031,3424590848.000000,0.367464,0,1
177,244,115,218,156,94,101,86,
680.000000,163.000000,0.053997,2701278208.000000,0.328567,0,1
32,42,125,39,163,216,98,218,
740.000000,162.000000,0.066422,4833116672.000000,0.504712,0,1
63,69,132,70,127,227,134,216,
711.000000,162.000000,0.060055,937548352.000000,0.239036,0,1
225,198,255,85,210,240,43,49,
192.000000,162.000000,0.020622,157399328.000000,0.048457,0,1
67,122,82,232,158,126,250,255,
672.000000,159.000000,0.055598,211871712.000000,0.342485,0,1
127,124,114,96,89,76,57,51,
756.000000,153.000000,0.068263,36414420.000000,0.205908,0,1
255,253,255,204,213,194,79,67,
667.000000,151.000000,0.055252,837154816.000000,0.329257,0,1
82,69,108,49,66,92,32,43,
703.000000,150.000000,0.059202,5070656512.000000,0.407742,0,1
124,91,190,77,143,245,149,146,
725.000000,149.000000,0.062518,7556911104.000000,0.458500,0,1
180,199,122,245,139,63,208,121,
693.000000,148.000000,0.056410,1531393920.000000,0.378006,0,1
254,225,199,210,156,113,160,113,
722.000000,94.000000,0.123920,112025.953125,0.607499,0,1
12,13,14,16,17,18,20,22,
734.000000,143.000000,0.065667,5281609728.000000,0.447382,0,1
208,145,253,75,191,244,124,203,
720.000000,143.000000,0.062161,4481359360.000000,0.448477,0,1
81,101,141,91,226,201,174,255,
719.000000,143.000000,0.062070,3826921216.000000,0.446717,0,1
89,91,131,63,146,230,106,194,
690.000000,143.000000,0.056371,968421248.000000,0.207699,0,1
75,77,198,86,154,251,106,183,
710.000000,138.000000,0.060572,3266107648.000000,0.424507,0,1
178,156,255,73,177,246,91,97,
38.000000,135.000000,0.096965,36388312.000000,0.428860,0,1
107,64,62,35,31,32,32,31,
752.000000,134.000000,0.068606,8377636864.000000,0.530686,0,1
187,224,104,249,138,64,155,78,
734.000000,134.000000,0.064697,4118306304.000000,0.482764,0,1
187,251,147,255,204,102,217,127,
710.000000,134.000000,0.064159,130089672.000000,0.255800,0,1
35,37,40,40,45,61,63,178,
726.000000,131.000000,0.065607,243745760.000000,0.276057,0,1
47,53,99,61,137,229,134,231,
296.000000,127.000000,0.095178,13934149.000000,0.579630,0,1
105,119,119,110,109,113,49,25,
744.000000,126.000000,0.067044,1274009728.000000,0.510685,0,1
47,54,67,71,139,118,220,255,
736.000000,124.000000,0.062906,19684302.000000,0.476036,0,1
34,37,38,39,40,41,41,45,
544.000000,123.000000,0.055955,183403472.000000,0.102920,0,1
41,46,73,58,115,149,121,202,
568.000000,127.000000,0.063441,141352496.000000,0.219969,0,1
34,58,64,143,138,100,180,148,
740.000000,224.000000,0.085158,273754080.000000,0.643220,0,1
10,14,14,47,46,45,65,68,
737.000000,224.000000,0.084372,299455968.000000,0.634538,0,1
10,16,15,47,47,46,66,68,
698.000000,223.000000,0.073174,102869848.000000,0.466536,0,1
9,15,14,39,38,38,62,50,
692.000000,223.000000,0.070604,95174160.000000,0.446280,0,1
10,18,17,43,42,40,60,50,
668.000000,191.000000,0.055724,314007200.000000,0.352410,0,1
52,38,66,31,52,73,37,51,
608.000000,182.000000,0.038530,119670616.000000,0.100405,0,1
110,100,87,46,75,84,26,25,
156.000000,180.000000,0.026853,496927776.000000,0.246699,0,1
90,66,125,43,87,90,56,67,
242.000000,171.000000,0.020621,125400576.000000,0.120172,0,1
142,135,162,127,128,121,114,103,
227.000000,171.000000,0.020534,118131440.000000,0.040470,0,1
152,203,236,163,204,191,145,135,
152.000000,171.000000,0.023830,561563392.000000,0.067007,0,1
54,35,129,25,57,182,27,28,
593.000000,170.000000,0.038801,247433744.000000,0.147822,0,1
25,22,36,18,40,116,29,30,
126.000000,170.000000,0.029734,93087448.000000,0.092729,0,1
21,32,14,40,22,13,33,24,
152.000000,169.000000,0.023950,528401184.000000,0.067300,0,1
33,28,61,24,54,176,35,57,
125.000000,168.000000,0.029583,72609048.000000,0.092516,0,1
27,36,20,38,32,14,38,33,
668.000000,166.000000,0.055279,705453248.000000,0.335731,0,1
66,36,87,29,67,87,36,62,
79.000000,164.000000,0.042249,1277991.125000,0.155726,0,1
84,73,71,65,64,62,40,32,
702.000000,162.000000,0.057514,9742000128.000000,0.399860,0,1
147,198,67,243,111,40,179,100,
507.000000,162.000000,0.038059,127742560.000000,0.076689,0,1
237,179,178,114,134,110,111,70,
176.000000,161.000000,0.020172,643574144.000000,0.170293,0,1
46,131,49,236,118,64,241,245,
84.000000,160.000000,0.033531,282681888.000000,0.120411,0,1
49,71,36,74,53,30,73,53,
567.000000,144.000000,0.061906,158632048.000000,0.212435,0,1
80,79,43,68,31,18,21,16,
141.000000,159.000000,0.027413,76007976.000000,0.080474,0,1
52,62,43,43,51,30,41,29,
564.000000,145.000000,0.060931,94014128.000000,0.205041,0,1
88,83,68,72,51,21,33,17,
152.000000,153.000000,0.023504,976602176.000000,0.065764,0,1
85,54,193,31,108,253,41,52,
83.000000,152.000000,0.033701,221652752.000000,0.121326,0,1
49,64,38,84,64,32,74,68,
522.000000,147.000000,0.039178,244766192.000000,0.090943,0,1
251,253,183,222,173,83,133,59,
665.000000,149.000000,0.055489,655077376.000000,0.326452,0,1
26,22,48,25,43,82,46,49,
