# timestamp
1608635094562717696

# fx, fy, cx, cy, width, height, npoints
501.475494,501.475800,421.800903,167.658463,800,400,541

# camToWorld: translation vector, rotation quaternion
-15.922595,20.943982,0.342690,-0.720864,0.024107,-0.007643,0.692615

# Exposure time (ms)
2.859781

# GPS Data
# GPSData: Covariance matrix
0.000032,0.000000,0.000000,0.000000,0.000053,0.000000,0.000000,0.000000,0.000187

# GPSData: GPS point
24.949032,8.823639,0.183154

# Point Cloud Data : 
# u,v,idepth_scaled,idepth_hessian,maxRelBaseline,numGoodRes,status 
# color information 
195.000000,13.000000,0.328592,203905088.000000,1.087015,0,1
138,133,107,122,96,44,63,34,
330.000000,13.000000,0.324554,62919064.000000,0.636698,0,1
130,81,147,71,105,151,67,64,
475.000000,13.000000,0.320158,12707779.000000,0.558254,0,1
221,220,220,222,221,250,222,248,
518.000000,13.000000,0.318687,37790980.000000,0.650367,0,1
81,108,88,145,114,97,148,150,
598.000000,13.000000,0.313693,20162882.000000,0.885737,0,1
144,140,130,124,104,74,55,32,
622.000000,13.000000,0.314357,206724256.000000,0.968804,0,1
58,46,102,45,70,131,43,74,
671.000000,13.000000,0.312880,22737402.000000,1.140227,0,1
139,138,101,137,93,51,91,47,
727.000000,13.000000,0.312244,309840704.000000,1.345079,0,1
80,43,98,35,60,114,37,40,
104.000000,14.000000,0.329079,55549520.000000,1.443196,0,1
83,140,86,151,147,118,151,151,
110.000000,14.000000,0.329606,151261872.000000,1.420316,0,1
54,59,84,91,103,132,131,151,
112.000000,14.000000,0.330282,203484896.000000,1.413923,0,1
79,84,125,103,132,152,145,152,
193.000000,14.000000,0.328935,164373312.000000,1.093259,0,1
138,128,112,106,81,49,45,31,
196.000000,14.000000,0.329549,147680128.000000,1.083065,0,1
107,96,44,63,40,31,34,28,
245.000000,14.000000,0.329492,6351282.500000,0.903418,0,1
148,133,152,145,149,153,132,146,
405.000000,14.000000,0.322418,66757792.000000,0.510371,0,1
253,165,254,151,167,254,119,67,
517.000000,14.000000,0.320224,24903878.000000,0.646414,0,1
108,145,114,150,148,128,150,152,
670.000000,14.000000,0.312840,28986758.000000,1.134792,0,1
138,137,93,136,91,50,91,47,
788.000000,160.000000,0.086172,7751278.500000,0.270606,0,1
10,10,11,12,13,17,33,89,
156.000000,15.000000,0.328951,167292672.000000,1.235005,0,1
145,134,119,113,82,64,54,29,
215.000000,15.000000,0.325934,26481384.000000,1.003262,0,1
62,56,63,44,48,61,33,29,
217.000000,15.000000,0.327564,132801280.000000,0.998525,0,1
72,63,91,48,61,128,37,42,
273.000000,15.000000,0.329284,93443072.000000,0.804856,0,1
63,57,36,52,36,34,32,30,
622.000000,15.000000,0.313949,252112288.000000,0.963970,0,1
70,43,109,34,74,131,39,75,
153.000000,16.000000,0.329206,217512320.000000,1.245539,0,1
143,136,113,123,83,54,59,30,
333.000000,19.000000,0.322863,73366008.000000,0.607154,0,1
143,78,148,39,101,150,43,49,
49.000000,20.000000,0.332399,129697200.000000,1.669731,0,1
150,145,150,104,147,149,124,126,
146.000000,20.000000,0.329276,250441504.000000,1.266767,0,1
139,134,104,126,87,44,68,31,
265.000000,20.000000,0.326294,151188256.000000,0.814555,0,1
139,141,95,144,104,35,116,46,
413.000000,20.000000,0.318293,86780872.000000,0.479925,0,1
235,251,240,97,243,243,72,52,
552.000000,20.000000,0.319353,31825094.000000,0.727588,0,1
144,143,137,141,127,72,109,41,
554.000000,20.000000,0.320546,38629312.000000,0.735671,0,1
142,137,94,127,72,34,56,30,
664.000000,20.000000,0.313004,50519368.000000,1.103787,0,1
138,139,113,139,119,58,130,79,
731.000000,20.000000,0.311892,307032960.000000,1.349170,0,1
106,65,114,32,73,119,37,42,
735.000000,20.000000,0.310523,92296688.000000,1.360378,0,1
142,135,142,119,135,143,122,124,
47.000000,21.000000,0.331148,245636288.000000,1.673264,0,1
120,71,141,36,82,141,41,42,
266.000000,21.000000,0.327883,182267120.000000,0.810872,0,1
95,104,35,116,39,28,46,28,
623.000000,21.000000,0.313719,288682240.000000,0.955091,0,1
104,57,122,35,92,129,42,64,
665.000000,21.000000,0.312174,67424440.000000,1.103640,0,1
113,119,58,130,68,42,79,49,
219.000000,22.000000,0.326616,188025168.000000,0.975004,0,1
108,55,141,33,83,143,41,52,
264.000000,22.000000,0.327352,229220624.000000,0.814360,0,1
132,139,70,142,86,31,104,40,
335.000000,22.000000,0.322036,57701320.000000,0.591206,0,1
147,87,148,40,104,148,43,45,
245.000000,23.000000,0.328209,10264092.000000,0.879573,0,1
140,136,152,141,133,153,132,129,
139.000000,24.000000,0.329809,211934896.000000,1.289697,0,1
136,127,101,115,75,41,51,30,
546.000000,24.000000,0.321294,28560018.000000,0.700677,0,1
139,136,115,130,90,40,52,32,
734.000000,24.000000,0.311666,277500800.000000,1.354048,0,1
111,67,112,34,72,115,35,35,
337.000000,25.000000,0.321917,46089332.000000,0.576050,0,1
143,73,144,41,80,145,43,43,
543.000000,25.000000,0.320391,26410944.000000,0.687286,0,1
143,139,130,130,100,52,63,34,
52.000000,26.000000,0.329425,77871376.000000,1.641522,0,1
146,100,142,42,90,137,39,35,
224.000000,26.000000,0.327280,30204472.000000,0.949954,0,1
147,144,146,136,143,144,140,138,
392.000000,26.000000,0.325032,101645664.000000,0.489827,0,1
141,141,76,140,79,34,79,33,
56.000000,27.000000,0.329028,53339100.000000,1.622739,0,1
149,147,148,108,142,147,85,65,
125.000000,27.000000,0.329383,68936968.000000,1.340883,0,1
149,148,144,145,141,132,132,90,
244.000000,27.000000,0.326445,14178412.000000,0.872651,0,1
130,141,128,147,128,150,141,125,
258.000000,27.000000,0.325626,59923032.000000,0.820561,0,1
149,149,145,149,145,125,145,131,
391.000000,27.000000,0.325126,95824904.000000,0.489968,0,1
141,140,79,139,79,34,74,33,
461.000000,27.000000,0.326152,63578848.000000,0.491515,0,1
251,255,216,235,130,55,80,31,
470.000000,27.000000,0.316552,71426744.000000,0.494096,0,1
146,104,144,35,80,136,31,30,
538.000000,27.000000,0.320890,28949704.000000,0.667100,0,1
140,137,119,123,90,56,62,33,
630.000000,27.000000,0.311806,36494204.000000,0.964703,0,1
136,133,136,121,132,134,118,111,
738.000000,27.000000,0.311421,259222864.000000,1.365339,0,1
126,97,125,50,94,122,46,39,
55.000000,28.000000,0.328619,61700120.000000,1.624421,0,1
147,108,142,43,85,137,39,39,
133.000000,28.000000,0.332005,92202320.000000,1.313297,0,1
101,71,38,43,33,31,32,31,
222.000000,28.000000,0.324846,71841520.000000,0.948857,0,1
136,78,140,39,86,138,42,44,
261.000000,28.000000,0.327680,205832880.000000,0.810958,0,1
115,125,48,131,59,26,68,28,
340.000000,28.000000,0.321016,38293784.000000,0.557606,0,1
144,90,144,44,86,141,44,44,
392.000000,28.000000,0.326566,70641936.000000,0.492336,0,1
79,79,34,74,33,32,33,32,
472.000000,28.000000,0.317346,51994944.000000,0.494570,0,1
148,118,144,38,90,136,32,28,
539.000000,28.000000,0.323797,25769366.000000,0.671492,0,1
119,90,56,62,38,34,33,32,
740.000000,29.000000,0.311429,219935056.000000,1.370575,0,1
122,87,116,39,75,107,33,31,
450.000000,30.000000,0.322408,62360080.000000,0.458170,0,1
239,255,244,202,176,130,66,31,
742.000000,30.000000,0.311452,188752816.000000,1.377025,0,1
126,93,117,41,77,103,34,31,
753.000000,32.000000,0.310902,66982180.000000,1.414490,0,1
138,123,127,80,93,105,52,38,
757.000000,33.000000,0.311866,53614468.000000,1.431355,0,1
130,107,106,53,58,64,41,34,
378.000000,35.000000,0.329492,20996656.000000,0.496830,0,1
125,90,57,41,34,32,37,35,
755.000000,35.000000,0.313884,16056443.000000,1.427660,0,1
53,39,41,33,33,34,30,28,
756.000000,35.000000,0.313841,15839127.000000,1.431532,0,1
54,40,41,34,33,34,30,28,
38.000000,36.000000,0.295771,1634560.125000,1.589761,0,1
25,28,29,31,33,36,38,37,
63.000000,38.000000,0.329325,3158274.000000,1.584212,0,1
47,47,50,44,43,43,30,26,
61.000000,39.000000,0.332423,1985502.750000,1.600808,0,1
45,44,44,28,29,31,26,25,
40.000000,66.000000,0.261095,439181.718750,1.445696,0,1
22,24,25,29,29,29,34,37,
52.000000,66.000000,0.264487,658425.125000,1.411317,0,1
23,25,27,31,32,32,36,39,
41.000000,70.000000,0.353777,178230.640625,1.719265,0,1
37,38,37,32,32,32,29,27,
243.000000,134.000000,0.067840,2448118.000000,0.211513,0,1
21,30,23,32,30,25,33,28,
249.000000,135.000000,0.045552,6890141.500000,0.159858,0,1
21,29,20,33,27,19,35,31,
513.000000,149.000000,0.051869,1127995.375000,0.099392,0,1
8,6,12,6,11,13,6,12,
514.000000,160.000000,0.051074,1372580.750000,0.101575,0,1
15,9,16,6,13,11,7,11,
69.000000,70.000000,0.325849,387105.781250,1.344972,0,1
43,41,41,35,34,33,29,28,
76.000000,35.000000,0.336201,11250876.000000,1.373399,0,1
129,81,95,49,49,53,46,48,
533.000000,29.000000,0.319531,38747320.000000,0.647250,0,1
140,133,115,124,87,47,48,32,
628.000000,29.000000,0.313378,207550576.000000,0.957469,0,1
121,87,118,39,76,111,36,35,
476.000000,30.000000,0.317412,102269232.000000,0.494978,0,1
147,116,137,35,74,119,28,25,
530.000000,30.000000,0.319270,37215976.000000,0.635232,0,1
140,136,124,126,94,48,54,33,
630.000000,30.000000,0.313251,184418544.000000,0.963041,0,1
125,97,119,42,78,108,37,34,
658.000000,30.000000,0.314105,61881536.000000,1.067546,0,1
127,124,72,119,68,48,58,47,
120.000000,31.000000,0.329971,323772256.000000,1.358601,0,1
137,128,108,109,81,54,57,31,
116.000000,32.000000,0.329771,296968384.000000,1.373007,0,1
140,135,122,124,99,69,71,34,
384.000000,32.000000,0.321923,75913072.000000,0.492180,0,1
144,139,100,123,67,34,41,32,
485.000000,32.000000,0.317399,99503680.000000,0.506589,0,1
145,124,134,59,84,105,27,26,
231.000000,33.000000,0.321395,17252700.000000,0.898727,0,1
143,125,138,58,96,125,47,45,
490.000000,33.000000,0.317104,103517592.000000,0.514643,0,1
143,119,129,60,81,97,30,28,
520.000000,33.000000,0.317431,52529896.000000,0.593654,0,1
139,129,120,100,83,67,47,37,
643.000000,33.000000,0.312998,77259944.000000,1.003281,0,1
132,122,123,86,97,101,56,42,
644.000000,33.000000,0.313010,68222416.000000,1.006448,0,1
132,122,120,92,101,102,58,44,
692.000000,33.000000,0.297414,2885807.500000,1.151764,0,1
47,49,48,52,51,50,56,51,
85.000000,34.000000,0.329491,37529024.000000,1.499957,0,1
145,142,142,129,129,131,79,50,
97.000000,34.000000,0.329965,67031524.000000,1.448883,0,1
145,142,143,134,131,130,98,52,
103.000000,34.000000,0.329815,118113256.000000,1.425358,0,1
144,138,136,124,117,111,81,35,
109.000000,34.000000,0.330215,201379616.000000,1.401844,0,1
138,127,122,103,86,65,41,31,
238.000000,34.000000,0.323916,32746004.000000,0.878460,0,1
145,141,141,108,123,128,70,45,
251.000000,34.000000,0.325316,141311648.000000,0.831262,0,1
147,139,133,130,118,80,83,37,
252.000000,34.000000,0.325563,173521680.000000,0.828641,0,1
144,137,124,126,104,56,64,33,
357.000000,34.000000,0.321389,59833580.000000,0.497983,0,1
146,133,136,96,105,113,50,36,
377.000000,34.000000,0.321339,82010640.000000,0.459783,0,1
146,132,125,111,90,57,41,37,
498.000000,34.000000,0.317329,97381376.000000,0.531037,0,1
141,123,129,71,79,85,38,35,
510.000000,34.000000,0.317046,70681384.000000,0.561514,0,1
139,131,127,95,92,84,44,38,
550.000000,34.000000,0.298965,2384685.250000,0.658045,0,1
35,35,37,39,38,39,44,39,
554.000000,34.000000,0.300249,3699200.000000,0.670209,0,1
36,38,38,39,40,42,50,43,
570.000000,34.000000,0.299587,2088247.125000,0.719272,0,1
37,37,38,40,40,40,47,37,
579.000000,34.000000,0.302474,2899084.500000,0.751750,0,1
37,40,39,42,43,43,47,41,
586.000000,34.000000,0.301909,2350817.500000,0.780891,0,1
41,41,41,43,44,43,51,38,
592.000000,34.000000,0.301910,2886541.250000,0.800966,0,1
42,42,43,44,45,47,51,42,
606.000000,34.000000,0.301031,3154063.000000,0.842390,0,1
37,39,38,42,41,41,52,37,
90.000000,35.000000,0.330060,58427688.000000,1.479575,0,1
143,132,132,95,101,106,50,37,
92.000000,35.000000,0.330002,64860068.000000,1.470196,0,1
143,132,133,101,106,107,46,37,
105.000000,35.000000,0.330545,174491360.000000,1.419526,0,1
135,113,107,78,64,46,32,33,
237.000000,35.000000,0.326013,35460980.000000,0.883896,0,1
141,108,123,56,70,84,43,39,
240.000000,35.000000,0.324759,50859480.000000,0.870369,0,1
141,126,128,78,89,96,46,38,
250.000000,35.000000,0.325312,145494368.000000,0.834635,0,1
139,130,118,110,83,50,44,34,
252.000000,35.000000,0.325972,171304448.000000,0.828409,0,1
133,118,80,83,50,33,37,32,
363.000000,35.000000,0.322071,70934320.000000,0.481986,0,1
141,119,129,75,80,84,37,37,
365.000000,35.000000,0.322020,76657344.000000,0.477816,0,1
144,129,127,80,84,80,37,38,
496.000000,35.000000,0.319477,78347024.000000,0.525888,0,1
120,66,75,32,36,41,34,34,
503.000000,35.000000,0.318353,81532648.000000,0.542445,0,1
133,90,94,48,50,50,36,35,
508.000000,35.000000,0.318641,71899520.000000,0.556284,0,1
131,96,94,48,45,42,38,35,
512.000000,35.000000,0.319507,60569176.000000,0.568221,0,1
125,88,81,42,39,39,38,35,
518.000000,35.000000,0.322720,11912592.000000,0.587930,0,1
100,58,47,38,37,37,39,34,
643.000000,35.000000,0.313167,51346820.000000,1.001735,0,1
97,56,58,40,42,46,36,32,
657.000000,35.000000,0.297725,3815068.500000,1.018004,0,1
48,50,51,46,48,49,37,30,
693.000000,35.000000,0.299746,5352993.500000,1.156663,0,1
50,57,56,53,50,47,36,29,
700.000000,35.000000,0.300317,5530184.000000,1.182593,0,1
48,52,49,46,48,47,33,30,
132.000000,36.000000,0.309039,239313.140625,1.269652,0,1
30,29,30,31,31,31,36,34,
145.000000,36.000000,0.306533,932230.562500,1.211636,0,1
29,30,29,32,31,31,37,34,
147.000000,36.000000,0.306642,868348.812500,1.147918,0,1
29,29,29,31,31,32,38,32,
170.000000,36.000000,0.298416,1024156.625000,1.054663,0,1
30,33,32,38,38,37,42,36,
545.000000,36.000000,0.305637,1962617.250000,0.647891,0,1
36,41,41,38,38,38,30,28,
561.000000,36.000000,0.305280,5026301.000000,0.698100,0,1
44,49,48,46,44,43,29,27,
569.000000,36.000000,0.302928,5163999.500000,0.725236,0,1
40,47,47,37,37,38,28,26,
578.000000,36.000000,0.302556,7097329.500000,0.752978,0,1
43,46,48,40,41,40,26,25,
601.000000,36.000000,0.300772,6654111.500000,0.831334,0,1
45,54,54,41,39,38,28,25,
609.000000,36.000000,0.301719,3298853.250000,0.860156,0,1
40,45,43,38,38,37,28,26,
662.000000,36.000000,0.299142,6457050.000000,1.041792,0,1
52,54,52,35,34,35,30,29,
685.000000,36.000000,0.300091,7940864.500000,1.125762,0,1
57,51,54,37,36,34,30,28,
304.000000,37.000000,0.312328,8479122.000000,0.628195,0,1
56,62,62,53,55,55,37,28,
321.000000,37.000000,0.311602,9943130.000000,0.574398,0,1
57,62,64,55,54,51,30,29,
328.000000,37.000000,0.309535,10455914.000000,0.554013,0,1
57,62,62,50,48,49,34,30,
330.000000,37.000000,0.308868,10709883.000000,0.548404,0,1
57,62,62,48,49,48,34,30,
336.000000,37.000000,0.309809,8413813.000000,0.533679,0,1
50,56,54,46,45,44,33,30,
343.000000,37.000000,0.312772,2307558.750000,0.520448,0,1
41,45,42,42,39,38,33,31,
538.000000,37.000000,0.309954,943635.187500,0.630162,0,1
37,37,37,30,31,30,30,28,
160.000000,38.000000,0.312355,2037520.625000,1.189902,0,1
33,38,42,34,33,33,27,27,
167.000000,38.000000,0.314327,3052018.750000,1.150549,0,1
39,43,42,34,36,36,27,26,
177.000000,38.000000,0.313960,3487546.750000,1.110351,0,1
37,46,45,34,34,34,28,27,
182.000000,38.000000,0.315749,3523435.500000,1.090805,0,1
40,44,43,34,36,35,27,26,
190.000000,38.000000,0.314893,3073224.500000,1.061902,0,1
40,43,45,33,32,32,26,25,
207.000000,38.000000,0.322928,2285006.500000,0.992922,0,1
47,47,50,33,31,31,26,25,
223.000000,38.000000,0.324224,1520148.500000,0.933817,0,1
48,48,51,33,32,31,27,28,
225.000000,38.000000,0.323729,1533810.250000,0.924543,0,1
48,51,51,32,31,32,27,28,
289.000000,38.000000,0.314446,5712450.500000,0.679139,0,1
50,51,52,31,30,31,28,28,
297.000000,38.000000,0.314012,8596373.000000,0.650703,0,1
57,53,52,33,35,35,28,28,
314.000000,38.000000,0.312137,12940290.000000,0.595153,0,1
61,57,57,32,32,31,29,28,
79.000000,66.000000,0.278913,1906319.125000,1.322468,0,1
24,26,26,32,33,35,41,42,
88.000000,66.000000,0.272591,1375733.250000,1.270407,0,1
24,26,27,34,34,34,40,41,
95.000000,66.000000,0.276131,1400558.625000,1.230757,0,1
25,27,28,33,33,34,40,41,
189.000000,66.000000,0.256788,511983.437500,0.879391,0,1
24,26,26,32,32,33,42,41,
196.000000,66.000000,0.254497,425397.656250,0.849319,0,1
25,27,27,33,34,33,41,43,
204.000000,66.000000,0.247677,307276.843750,0.709747,0,1
25,26,27,33,33,33,40,41,
214.000000,66.000000,0.260223,522800.375000,0.799970,0,1
25,27,26,33,33,35,44,44,
713.000000,67.000000,0.275135,443401.437500,1.125935,0,1
30,30,30,30,32,32,39,39,
725.000000,67.000000,0.272797,572835.687500,1.166801,0,1
27,27,28,32,31,32,38,41,
170.000000,70.000000,0.332381,226092.234375,1.115979,0,1
43,44,43,38,38,38,33,31,
187.000000,70.000000,0.342432,182460.906250,0.943687,0,1
42,43,41,37,37,35,31,30,
196.000000,70.000000,0.344888,152345.468750,1.029793,0,1
43,43,42,37,37,37,32,30,
206.000000,70.000000,0.342282,146241.062500,0.959220,0,1
43,41,42,37,38,37,30,30,
735.000000,71.000000,0.275274,1563054.250000,1.225593,0,1
41,37,38,30,32,32,25,22,
714.000000,125.000000,0.103615,2414925.500000,0.521595,0,1
12,18,9,23,13,9,20,17,
752.000000,125.000000,0.076185,52444332.000000,0.405151,0,1
48,56,39,27,41,18,13,10,
751.000000,126.000000,0.076343,23843828.000000,0.405325,0,1
56,27,41,11,13,13,10,10,
666.000000,133.000000,0.055695,9098764.000000,0.271927,0,1
20,10,42,10,15,24,9,9,
422.000000,134.000000,0.044529,75127328.000000,0.067132,0,1
22,25,28,38,128,94,133,185,
657.000000,134.000000,0.057431,24812966.000000,0.269964,0,1
19,9,39,9,22,47,10,18,
128.000000,143.000000,0.025733,56230644.000000,0.134650,0,1
21,23,26,30,59,76,45,47,
250.000000,144.000000,0.056675,292775.750000,0.087334,0,1
23,23,21,24,23,21,24,24,
156.000000,147.000000,0.023356,8267532.000000,0.142514,0,1
20,26,22,32,36,22,36,22,
439.000000,196.000000,0.014102,1024790.062500,0.027203,0,1
31,13,22,11,16,11,12,15,
479.000000,205.000000,0.022350,3015517.500000,0.079603,0,1
16,16,18,17,37,27,30,47,
479.000000,211.000000,0.031523,6976009.500000,0.052731,0,1
49,32,56,19,64,68,38,55,
479.000000,220.000000,0.066762,539060.250000,0.130746,0,1
24,18,31,13,24,33,14,13,
494.000000,266.000000,0.125517,537636.625000,0.117527,0,1
37,47,35,36,35,24,30,25,
497.000000,266.000000,0.113762,457020.437500,0.143583,0,1
17,25,16,30,20,14,23,18,
49.000000,296.000000,0.171352,2453896.250000,1.042462,0,1
31,33,33,37,38,38,42,44,
72.000000,70.000000,0.302020,1165849.625000,1.279001,0,1
42,41,42,34,33,33,29,27,
70.000000,66.000000,0.276076,1554480.000000,1.206972,0,1
23,25,25,33,33,32,40,43,
76.000000,34.000000,0.332285,13576396.000000,1.368221,0,1
144,125,133,73,88,104,48,45,
118.000000,66.000000,0.269515,4126862.250000,1.135126,0,1
27,29,30,35,35,36,40,42,
119.000000,66.000000,0.270498,3898974.750000,1.140566,0,1
27,29,30,35,35,36,39,42,
266.000000,66.000000,0.278180,4278950.000000,0.647163,0,1
26,28,28,41,44,41,59,54,
683.000000,67.000000,0.272389,3758828.250000,1.042395,0,1
29,31,31,34,34,34,40,39,
694.000000,67.000000,0.274656,3809000.750000,1.045909,0,1
26,28,27,33,32,31,37,39,
700.000000,67.000000,0.278060,2025481.375000,1.081892,0,1
29,29,29,31,32,32,39,40,
275.000000,70.000000,0.293501,681339.500000,0.642919,0,1
46,49,48,44,44,43,40,37,
282.000000,70.000000,0.292168,442366.843750,0.612034,0,1
48,48,48,44,45,46,40,39,
688.000000,71.000000,0.278133,4106356.500000,1.066208,0,1
39,36,36,28,29,30,26,24,
685.000000,77.000000,0.259231,1634742.125000,1.010669,0,1
22,20,20,15,15,14,12,12,
423.000000,117.000000,0.334833,8086.281250,0.084240,0,1
34,33,33,32,32,32,25,31,
377.000000,121.000000,0.159692,42556.464844,0.419529,0,1
28,33,32,24,25,24,21,21,
378.000000,121.000000,0.215270,29465.449219,0.389363,0,1
28,33,32,25,25,24,21,21,
727.000000,123.000000,0.073068,14012389.000000,0.427624,0,1
10,14,26,10,26,31,12,9,
757.000000,129.000000,0.085142,68112104.000000,0.451705,0,1
18,11,26,11,21,34,16,31,
685.000000,132.000000,0.066127,9492232.000000,0.346966,0,1
9,7,16,7,15,17,10,17,
759.000000,135.000000,0.088249,21576882.000000,0.468043,0,1
36,29,33,15,21,28,12,11,
155.000000,146.000000,0.017533,3849916.000000,0.097378,0,1
19,20,20,23,26,22,32,36,
196.000000,146.000000,0.011441,20396656.000000,0.014005,0,1
16,18,17,63,24,21,88,39,
123.000000,148.000000,0.019085,7210663.000000,0.110776,0,1
35,35,47,28,40,34,27,22,
153.000000,148.000000,0.014823,4051056.500000,0.090539,0,1
23,22,32,22,24,36,21,20,
163.000000,148.000000,0.017505,6226109.000000,0.121306,0,1
31,29,46,23,34,29,21,19,
204.000000,153.000000,0.019122,2491897.500000,0.077556,0,1
20,24,22,38,35,24,36,24,
108.000000,154.000000,0.023415,1645060.875000,0.070819,0,1
31,26,32,23,26,26,24,23,
201.000000,154.000000,0.010312,4740623.500000,0.038680,0,1
32,30,38,25,31,36,26,23,
696.000000,164.000000,0.073765,5001419.500000,0.388694,0,1
21,35,33,26,21,20,13,17,
258.000000,177.000000,0.083656,8626424.000000,0.263583,0,1
17,18,23,17,31,31,17,16,
441.000000,187.000000,0.018055,4182415.250000,0.027209,0,1
12,19,12,32,13,12,22,12,
441.000000,193.000000,0.036080,1138555.125000,0.037490,0,1
14,29,11,69,14,12,33,12,
483.000000,208.000000,0.067288,3094046.750000,0.136656,0,1
26,36,24,30,20,16,20,19,
484.000000,217.000000,0.019886,6349451.000000,0.045363,0,1
23,24,14,28,18,13,23,20,
489.000000,265.000000,0.063056,8490482.000000,0.178821,0,1
30,24,42,18,30,45,21,25,
636.000000,293.000000,0.164761,1497803.625000,0.735661,0,1
22,24,23,28,29,28,31,32,
637.000000,293.000000,0.164608,1723206.500000,0.737978,0,1
22,23,24,29,29,27,32,32,
364.000000,294.000000,0.166478,744117.687500,0.470883,0,1
27,27,31,28,32,35,33,36,
678.000000,295.000000,0.165567,3136392.500000,0.834012,0,1
46,38,47,24,35,48,24,27,
63.000000,296.000000,0.168320,7479380.500000,1.113216,0,1
32,34,34,39,40,40,44,43,
386.000000,297.000000,0.159502,1966400.875000,0.449271,0,1
27,30,29,34,34,31,37,38,
708.000000,77.000000,0.256752,1388773.375000,0.814278,0,1
22,20,19,13,13,13,10,11,
398.000000,61.000000,0.252093,1006202.750000,0.228656,0,1
31,25,36,26,31,30,26,32,
398.000000,63.000000,0.279705,4084817.250000,0.423058,0,1
31,26,38,27,32,30,26,34,
135.000000,66.000000,0.274026,12332589.000000,1.208308,0,1
26,27,27,33,33,32,39,40,
146.000000,66.000000,0.276413,16438693.000000,1.177999,0,1
26,28,27,33,32,32,39,41,
264.000000,66.000000,0.278554,19813628.000000,0.653750,0,1
27,29,28,39,41,44,56,56,
649.000000,67.000000,0.277617,21318812.000000,1.076744,0,1
30,31,31,37,37,37,45,42,
655.000000,67.000000,0.277324,19346928.000000,1.100098,0,1
30,31,31,36,37,37,44,42,
660.000000,67.000000,0.276857,17657930.000000,1.118257,0,1
30,31,31,38,37,37,43,41,
269.000000,70.000000,0.292841,6352984.500000,0.663233,0,1
54,54,51,44,46,42,38,36,
293.000000,70.000000,0.286513,1555856.000000,0.572131,0,1
50,48,50,41,44,44,42,38,
296.000000,70.000000,0.286745,1946566.750000,0.559459,0,1
50,51,50,43,43,44,41,38,
649.000000,70.000000,0.276774,15470538.000000,1.068393,0,1
46,42,43,36,37,37,30,26,
652.000000,70.000000,0.277100,13480869.000000,1.082707,0,1
44,42,42,38,37,37,29,28,
661.000000,70.000000,0.277780,10881944.000000,1.124263,0,1
43,41,42,36,37,37,31,27,
667.000000,70.000000,0.277086,11964129.000000,1.145371,0,1
43,40,41,38,36,36,29,27,
673.000000,70.000000,0.277063,19283792.000000,1.170406,0,1
44,42,42,36,36,37,30,27,
145.000000,76.000000,0.290386,2153449.500000,1.258051,0,1
32,29,29,23,23,24,20,19,
356.000000,121.000000,0.134678,177738.234375,0.295613,0,1
27,31,32,23,22,23,18,17,
364.000000,121.000000,0.141057,158698.265625,0.287841,0,1
29,33,33,23,23,24,19,19,
410.000000,121.000000,0.155630,119023.093750,0.060107,0,1
31,34,34,25,25,25,23,23,
414.000000,121.000000,0.153401,141596.406250,0.052600,0,1
33,34,34,25,26,25,23,23,
425.000000,121.000000,0.151956,145298.609375,0.044664,0,1
30,31,32,24,24,23,21,21,
428.000000,121.000000,0.148445,143397.406250,0.058540,0,1
29,31,31,24,23,23,21,20,
436.000000,121.000000,0.150106,125404.085938,0.377740,0,1
27,29,28,22,23,21,19,19,
758.000000,123.000000,0.080455,55341808.000000,0.437558,0,1
10,11,11,13,19,21,19,25,
744.000000,128.000000,0.075048,92672376.000000,0.377442,0,1
11,17,12,29,25,19,50,55,
707.000000,133.000000,0.065605,16325237.000000,0.373087,0,1
14,24,12,22,16,9,19,10,
755.000000,134.000000,0.082490,53321484.000000,0.436092,0,1
28,23,35,12,21,26,12,11,
254.000000,146.000000,0.014986,29325696.000000,0.023296,0,1
28,56,25,21,33,19,20,19,
489.000000,151.000000,0.043526,18023476.000000,0.065003,0,1
30,57,14,54,41,9,54,37,
688.000000,161.000000,0.068511,42847932.000000,0.357346,0,1
36,30,42,13,31,35,13,10,
754.000000,161.000000,0.078832,284683296.000000,0.499682,0,1
19,10,30,9,23,42,13,29,
759.000000,170.000000,0.078635,139371600.000000,0.442272,0,1
30,20,31,10,20,24,11,11,
755.000000,175.000000,0.076361,184354000.000000,0.495307,0,1
10,19,13,39,29,14,43,33,
756.000000,178.000000,0.076051,267971824.000000,0.493660,0,1
23,33,17,34,21,12,24,13,
258.000000,188.000000,0.089441,5442785.000000,0.291310,0,1
15,18,17,21,23,22,23,24,
258.000000,189.000000,0.090418,7535546.500000,0.283829,0,1
18,22,25,23,26,26,21,16,
316.000000,290.000000,0.157772,4194610.000000,0.498842,0,1
24,25,24,27,27,27,31,33,
330.000000,290.000000,0.155263,5649897.000000,0.476691,0,1
24,26,27,32,32,33,35,36,
686.000000,293.000000,0.159875,3129704.000000,0.825058,0,1
21,25,20,45,32,21,48,50,
336.000000,294.000000,0.140156,486623.125000,0.450189,0,1
33,35,30,36,33,28,34,28,
79.000000,295.000000,0.166861,20015512.000000,1.024045,0,1
32,34,34,36,37,37,44,46,
693.000000,297.000000,0.155752,5313889.000000,0.861676,0,1
21,31,22,51,39,25,55,54,
520.000000,172.000000,0.041422,410376.968750,0.078004,0,1
11,12,8,12,12,7,11,10,
754.000000,160.000000,0.079088,232510528.000000,0.338760,0,1
18,10,26,9,20,35,10,25,
254.000000,147.000000,0.020069,6711950.000000,0.026077,0,1
65,29,21,20,20,19,18,19,
162.000000,66.000000,0.277998,51401984.000000,1.542625,0,1
25,27,27,35,34,32,41,43,
175.000000,66.000000,0.283043,22785944.000000,1.098504,0,1
24,25,25,35,35,34,43,44,
217.000000,66.000000,0.282067,95523648.000000,1.263276,0,1
25,26,27,34,36,36,45,46,
224.000000,66.000000,0.279656,152338416.000000,1.601261,0,1
26,28,29,37,36,36,46,46,
241.000000,66.000000,0.279852,120376024.000000,1.479357,0,1
26,27,27,35,35,35,45,46,
249.000000,66.000000,0.279170,182877088.000000,1.415414,0,1
26,27,27,35,35,34,43,46,
255.000000,66.000000,0.277277,23839712.000000,0.744097,0,1
26,28,28,34,35,33,45,47,
273.000000,66.000000,0.268871,18146834.000000,0.645591,0,1
27,28,29,39,35,35,43,45,
285.000000,66.000000,0.274110,23599226.000000,0.618884,0,1
28,29,29,35,35,34,44,47,
293.000000,66.000000,0.276359,28827204.000000,0.596603,0,1
30,31,30,36,35,36,46,50,
299.000000,66.000000,0.277491,38845940.000000,0.578169,0,1
28,30,30,36,37,38,48,51,
301.000000,66.000000,0.277739,10508473.000000,0.568393,0,1
29,30,30,37,38,37,50,51,
313.000000,66.000000,0.275834,63635508.000000,0.719195,0,1
30,30,30,37,37,37,46,50,
326.000000,66.000000,0.277732,33699328.000000,0.484900,0,1
31,32,32,38,38,37,48,52,
332.000000,66.000000,0.278208,33315832.000000,0.466557,0,1
31,32,32,38,38,37,51,52,
344.000000,66.000000,0.277093,26078180.000000,0.427083,0,1
31,31,32,36,36,35,49,50,
391.000000,66.000000,0.274395,149116208.000000,0.574372,0,1
27,30,28,35,35,33,43,48,
401.000000,66.000000,0.274174,78375120.000000,0.420148,0,1
27,32,28,45,35,34,48,51,
408.000000,66.000000,0.273882,146784336.000000,0.545553,0,1
28,29,28,35,34,35,43,47,
422.000000,66.000000,0.274397,81220896.000000,0.418305,0,1
29,29,29,35,35,34,44,48,
434.000000,66.000000,0.272888,109034104.000000,0.558654,0,1
28,29,29,33,33,33,41,43,
354.000000,67.000000,0.276930,57966432.000000,0.541345,0,1
31,35,35,44,46,46,49,49,
360.000000,67.000000,0.276987,54203656.000000,0.519545,0,1
31,36,35,46,46,43,50,52,
366.000000,67.000000,0.276820,46847016.000000,0.498623,0,1
31,36,35,46,45,44,49,47,
374.000000,67.000000,0.276211,57379616.000000,0.472457,0,1
31,36,36,45,45,44,51,50,
382.000000,67.000000,0.273556,38447152.000000,0.444750,0,1
31,35,36,43,43,43,47,47,
419.000000,67.000000,0.275273,68258168.000000,0.414901,0,1
29,35,35,45,45,44,50,52,
452.000000,67.000000,0.273358,62522040.000000,0.603375,0,1
27,30,30,38,38,39,41,42,
457.000000,67.000000,0.274735,94446272.000000,0.627505,0,1
26,29,28,38,38,37,41,43,
462.000000,67.000000,0.274596,92065616.000000,0.647421,0,1
25,28,28,36,35,35,40,42,
473.000000,67.000000,0.274081,74763576.000000,0.695465,0,1
26,29,28,34,34,34,39,39,
480.000000,67.000000,0.274551,74155328.000000,0.732855,0,1
25,28,27,33,33,34,38,41,
485.000000,67.000000,0.274279,72444128.000000,0.758044,0,1
25,28,27,35,33,34,38,40,
494.000000,67.000000,0.275505,76358336.000000,0.814469,0,1
26,27,27,35,34,34,39,41,
497.000000,67.000000,0.275723,90387432.000000,0.833054,0,1
25,27,27,35,34,33,39,41,
507.000000,67.000000,0.275117,70098104.000000,0.889624,0,1
26,28,28,34,34,34,38,39,
513.000000,67.000000,0.275669,86270256.000000,0.930020,0,1
26,28,28,34,34,34,39,39,
525.000000,67.000000,0.276164,114535296.000000,1.009992,0,1
27,28,29,37,36,36,42,42,
544.000000,67.000000,0.277370,363771648.000000,1.145728,0,1
28,30,30,44,43,43,53,57,
550.000000,67.000000,0.277668,388259328.000000,1.189403,0,1
28,29,29,44,41,40,58,59,
557.000000,67.000000,0.277245,207264416.000000,1.234955,0,1
27,29,30,37,38,38,48,52,
563.000000,67.000000,0.277338,126404136.000000,1.277912,0,1
27,30,30,37,38,39,45,45,
568.000000,67.000000,0.277069,130451152.000000,1.311083,0,1
29,30,30,38,38,36,41,43,
574.000000,67.000000,0.277146,77524128.000000,1.354483,0,1
27,30,30,37,37,36,41,42,
581.000000,67.000000,0.276943,128989104.000000,1.402873,0,1
30,32,32,36,36,36,41,42,
593.000000,67.000000,0.279212,75243968.000000,1.511448,0,1
27,27,27,33,33,33,40,41,
607.000000,67.000000,0.277819,92191816.000000,1.600850,0,1
27,27,28,33,33,34,37,40,
613.000000,67.000000,0.277791,107627464.000000,1.644931,0,1
27,29,28,34,34,34,42,43,
627.000000,67.000000,0.278832,34682212.000000,1.347867,0,1
28,28,29,34,35,35,39,41,
634.000000,67.000000,0.277728,45749104.000000,1.379124,0,1
28,31,30,35,35,35,41,42,
642.000000,67.000000,0.276064,79176056.000000,1.411162,0,1
29,31,31,39,41,39,44,42,
536.000000,68.000000,0.277921,418978656.000000,1.091168,0,1
29,35,40,40,49,56,43,44,
596.000000,68.000000,0.278032,111893328.000000,1.519195,0,1
28,33,33,40,40,39,42,39,
336.000000,69.000000,0.283739,14466466.000000,0.457764,0,1
51,53,51,51,49,48,42,35,
214.000000,70.000000,0.286733,23382654.000000,1.306484,0,1
44,44,44,37,37,38,32,31,
236.000000,70.000000,0.289212,16314528.000000,1.194792,0,1
47,47,46,42,41,40,35,32,
301.000000,70.000000,0.288519,3747308.250000,0.594161,0,1
51,50,50,45,44,43,43,38,
312.000000,70.000000,0.287009,8170832.500000,0.547881,0,1
49,50,48,44,44,44,40,38,
324.000000,70.000000,0.287413,8150651.500000,0.505037,0,1
51,47,49,41,42,42,38,35,
336.000000,70.000000,0.286038,47720004.000000,0.635109,0,1
52,51,48,43,41,42,35,35,
346.000000,70.000000,0.286195,22422544.000000,0.590435,0,1
49,48,47,41,40,42,35,35,
350.000000,70.000000,0.284372,17469230.000000,0.567318,0,1
48,47,47,42,43,42,36,34,
360.000000,70.000000,0.283914,39866964.000000,0.525935,0,1
52,49,50,41,41,40,36,35,
365.000000,70.000000,0.283836,19013460.000000,0.507352,0,1
49,49,47,40,42,41,36,34,
371.000000,70.000000,0.281105,26974778.000000,0.479448,0,1
51,50,51,42,44,44,38,35,
384.000000,70.000000,0.281187,15952940.000000,0.475956,0,1
48,48,49,42,44,44,38,34,
385.000000,70.000000,0.281082,17860958.000000,0.463672,0,1
48,49,49,43,44,44,38,34,
398.000000,70.000000,0.281025,38077384.000000,0.454933,0,1
55,52,52,47,48,43,39,36,
399.000000,70.000000,0.281566,40640924.000000,0.457112,0,1
52,55,50,47,46,42,39,35,
410.000000,70.000000,0.280965,29532186.000000,0.466638,0,1
48,48,50,42,41,42,36,34,
425.000000,70.000000,0.280061,34635360.000000,0.462140,0,1
48,49,51,44,43,41,35,33,
428.000000,70.000000,0.281026,30834344.000000,0.459049,0,1
50,50,48,44,41,38,35,33,
436.000000,70.000000,0.278292,8200273.000000,0.471681,0,1
43,44,43,40,40,40,35,33,
445.000000,70.000000,0.279852,17067198.000000,0.453805,0,1
43,44,46,39,41,41,33,31,
448.000000,70.000000,0.279043,19140538.000000,0.458837,0,1
41,46,42,41,41,38,34,30,
467.000000,70.000000,0.278329,41869088.000000,0.666916,0,1
39,40,40,37,37,37,31,31,
471.000000,70.000000,0.278156,60804560.000000,0.685786,0,1
38,40,39,37,36,36,32,31,
493.000000,70.000000,0.278244,44352300.000000,0.807479,0,1
39,40,41,37,38,38,30,29,
497.000000,70.000000,0.278531,45436712.000000,0.833019,0,1
38,41,39,38,38,38,30,29,
515.000000,70.000000,0.278304,55828872.000000,0.945303,0,1
38,39,39,36,35,35,31,29,
520.000000,70.000000,0.278371,68348400.000000,0.978551,0,1
40,41,41,36,37,38,31,29,
536.000000,70.000000,0.278093,420104768.000000,1.084636,0,1
49,43,60,37,44,48,30,28,
545.000000,70.000000,0.278235,276275808.000000,1.147957,0,1
56,57,58,45,46,46,33,28,
552.000000,70.000000,0.278199,408961568.000000,1.196813,0,1
52,59,59,47,50,50,30,28,
553.000000,70.000000,0.278137,381730560.000000,1.203399,0,1
50,60,56,49,51,46,30,28,
563.000000,70.000000,0.276567,93167208.000000,1.261738,0,1
45,44,44,38,39,38,30,27,
576.000000,70.000000,0.276290,89429536.000000,1.352104,0,1
42,42,43,38,39,40,29,27,
584.000000,70.000000,0.275996,85686656.000000,1.407041,0,1
40,43,40,40,37,36,31,27,
594.000000,70.000000,0.276002,98620312.000000,1.479488,0,1
40,41,42,37,38,39,30,28,
596.000000,70.000000,0.276030,93958688.000000,1.494301,0,1
40,42,43,38,39,38,29,27,
607.000000,70.000000,0.274609,66866348.000000,1.560371,0,1
38,39,40,36,36,35,29,26,
616.000000,70.000000,0.275426,97250400.000000,1.634501,0,1
40,41,40,39,38,37,28,27,
627.000000,70.000000,0.274564,35434240.000000,1.309828,0,1
40,41,40,37,37,37,30,26,
250.000000,71.000000,0.289027,20629676.000000,1.109416,0,1
46,42,43,37,36,36,35,33,
253.000000,71.000000,0.287212,96986472.000000,1.443522,0,1
45,43,42,36,35,36,34,32,
160.000000,76.000000,0.274873,7601975.000000,1.511608,0,1
31,30,30,22,22,23,19,18,
167.000000,76.000000,0.277688,11211321.000000,1.496306,0,1
31,29,29,23,23,23,19,19,
443.000000,77.000000,0.260651,14589847.000000,0.398011,0,1
31,28,30,23,23,23,22,21,
452.000000,116.000000,0.160739,117239.710938,0.283629,0,1
27,26,26,25,24,25,21,18,
306.000000,117.000000,0.187714,395921.562500,0.365575,0,1
32,31,32,29,30,30,25,22,
479.000000,117.000000,0.140169,372590.937500,0.270985,0,1
25,25,25,23,23,22,17,23,
487.000000,117.000000,0.129085,928578.937500,0.231078,0,1
25,24,24,21,22,22,16,22,
493.000000,117.000000,0.129745,246734.156250,0.195527,0,1
23,23,22,21,22,21,15,21,
489.000000,120.000000,0.118639,285439.718750,0.215326,0,1
15,23,23,21,22,23,14,13,
490.000000,120.000000,0.114547,319915.593750,0.219580,0,1
15,23,23,21,23,22,13,13,
327.000000,121.000000,0.127985,1406327.250000,0.233701,0,1
21,29,28,22,22,21,16,15,
466.000000,121.000000,0.145490,669819.375000,0.266391,0,1
22,23,22,17,17,16,15,15,
475.000000,121.000000,0.136392,785556.562500,0.283945,0,1
23,22,23,15,15,15,14,14,
481.000000,121.000000,0.133559,671180.750000,0.266244,0,1
22,22,23,15,15,14,13,14,
502.000000,124.000000,0.062046,36562204.000000,0.098754,0,1
14,13,19,14,29,41,32,30,
732.000000,124.000000,0.072659,761882560.000000,0.436814,0,1
18,22,35,19,28,41,19,21,
505.000000,125.000000,0.057251,18234682.000000,0.104360,0,1
24,41,39,38,30,19,18,11,
541.000000,125.000000,0.060119,34985380.000000,0.145822,0,1
11,9,9,7,10,7,12,21,
683.000000,125.000000,0.062190,308398528.000000,0.292856,0,1
18,21,10,19,14,7,17,12,
740.000000,125.000000,0.072735,19147470.000000,0.459687,0,1
9,10,10,10,11,11,27,54,
504.000000,126.000000,0.057965,12435825.000000,0.099377,0,1
41,38,30,30,18,13,15,9,
696.000000,126.000000,0.064933,258150944.000000,0.350715,0,1
28,31,15,28,24,9,26,18,
501.000000,127.000000,0.061673,47342896.000000,0.095774,0,1
32,15,30,12,19,15,9,8,
542.000000,127.000000,0.060543,47968372.000000,0.141562,0,1
8,21,7,13,8,6,7,6,
491.000000,132.000000,0.047098,109047480.000000,0.071247,0,1
13,12,11,10,27,11,12,33,
700.000000,132.000000,0.064858,310455456.000000,0.363811,0,1
19,12,24,8,21,25,18,27,
490.000000,133.000000,0.046802,143243216.000000,0.059924,0,1
12,10,27,8,12,42,8,8,
468.000000,138.000000,0.042953,2832305.500000,0.064730,0,1
10,11,12,15,17,20,20,21,
480.000000,139.000000,0.019773,15633447.000000,0.029798,0,1
12,30,21,47,41,27,55,54,
483.000000,139.000000,0.019727,34399576.000000,0.029729,0,1
10,17,11,33,21,11,37,39,
672.000000,139.000000,0.060221,60654672.000000,0.320885,0,1
28,24,30,15,21,16,8,6,
685.000000,139.000000,0.062417,75187520.000000,0.353056,0,1
23,21,22,11,13,11,7,6,
686.000000,139.000000,0.065465,131214296.000000,0.368765,0,1
23,23,20,13,13,10,7,6,
482.000000,140.000000,0.019965,36312300.000000,0.030128,0,1
17,33,21,53,37,23,51,46,
340.000000,143.000000,0.019142,1211277.750000,0.032861,0,1
10,10,9,11,14,10,15,15,
384.000000,145.000000,0.101674,255755.281250,0.153223,0,1
22,28,23,28,22,19,22,20,
692.000000,145.000000,0.060800,133699624.000000,0.356944,0,1
6,6,6,7,10,13,14,19,
694.000000,145.000000,0.059120,263796800.000000,0.353664,0,1
6,6,7,10,13,9,20,27,
728.000000,145.000000,0.071860,393919424.000000,0.422165,0,1
8,9,11,14,26,19,44,52,
715.000000,146.000000,0.066408,141250560.000000,0.382373,0,1
8,16,11,27,18,10,12,7,
713.000000,147.000000,0.066336,108818744.000000,0.371662,0,1
16,27,23,21,15,9,14,8,
714.000000,147.000000,0.066184,140981136.000000,0.374498,0,1
16,27,18,20,12,8,10,7,
735.000000,147.000000,0.072507,614202048.000000,0.422702,0,1
15,29,14,33,21,11,34,18,
729.000000,148.000000,0.071243,756148544.000000,0.422163,0,1
40,52,31,62,44,26,41,18,
692.000000,149.000000,0.076080,144777328.000000,0.407487,0,1
19,18,21,13,16,18,8,8,
188.000000,150.000000,0.013050,12538439.000000,0.086638,0,1
19,17,19,17,22,23,20,21,
479.000000,150.000000,0.021469,2634149.750000,0.039619,0,1
27,34,27,34,32,26,33,32,
693.000000,150.000000,0.075266,38878668.000000,0.457640,0,1
21,16,18,8,11,13,8,8,
475.000000,152.000000,0.032532,4372462.000000,0.049026,0,1
30,25,32,24,27,33,22,22,
572.000000,152.000000,0.047090,787077.625000,0.182499,0,1
14,16,13,16,13,15,13,12,
490.000000,153.000000,0.047067,53361824.000000,0.066357,0,1
15,40,9,44,15,8,27,11,
700.000000,158.000000,0.076043,306699552.000000,0.417434,0,1
8,6,14,6,12,21,8,16,
482.000000,159.000000,0.031217,11264489.000000,0.047045,0,1
38,31,40,18,31,39,18,22,
475.000000,160.000000,0.038294,9415096.000000,0.057710,0,1
23,17,24,11,19,25,12,15,
487.000000,160.000000,0.030550,20780128.000000,0.047972,0,1
18,29,16,40,30,13,42,44,
678.000000,160.000000,0.067893,454585984.000000,0.334982,0,1
7,12,35,7,29,22,11,12,
693.000000,160.000000,0.066341,142609568.000000,0.355956,0,1
8,22,8,39,14,8,16,10,
678.000000,161.000000,0.067489,231499632.000000,0.330548,0,1
23,15,35,10,14,12,15,25,
490.000000,162.000000,0.040508,49443052.000000,0.063752,0,1
9,17,8,40,11,8,29,13,
669.000000,162.000000,0.066641,201608224.000000,0.342328,0,1
6,6,8,8,19,22,13,13,
476.000000,165.000000,0.039488,10414324.000000,0.059778,0,1
17,13,21,11,17,22,12,14,
489.000000,165.000000,0.044388,36743924.000000,0.067860,0,1
29,42,13,39,33,8,44,32,
717.000000,166.000000,0.073335,27912812.000000,0.411274,0,1
12,14,13,21,17,12,21,22,
664.000000,167.000000,0.066149,166895600.000000,0.317218,0,1
16,18,23,11,16,15,9,7,
712.000000,168.000000,0.080987,64027908.000000,0.438920,0,1
21,21,22,15,19,22,12,11,
697.000000,170.000000,0.072238,11953284.000000,0.394336,0,1
30,27,29,16,19,17,11,10,
700.000000,170.000000,0.066970,65275608.000000,0.361160,0,1
20,25,17,18,14,11,10,10,
689.000000,171.000000,0.075596,1243191.000000,0.373903,0,1
18,16,18,10,14,11,8,9,
716.000000,171.000000,0.076730,228887152.000000,0.444425,0,1
32,18,30,11,19,21,11,10,
477.000000,174.000000,0.033632,66724760.000000,0.051028,0,1
20,16,25,10,26,23,18,27,
753.000000,174.000000,0.076330,151289008.000000,0.478797,0,1
9,10,10,14,21,16,34,44,
475.000000,175.000000,0.034431,40516064.000000,0.051982,0,1
10,9,17,9,11,32,9,11,
490.000000,175.000000,0.044556,110505608.000000,0.072045,0,1
11,24,7,21,9,7,18,7,
489.000000,176.000000,0.043413,73111544.000000,0.072218,0,1
24,21,9,21,18,7,16,9,
699.000000,176.000000,0.073224,43540108.000000,0.381543,0,1
21,27,20,19,20,15,15,14,
574.000000,181.000000,0.078138,57280248.000000,0.245136,0,1
16,14,19,12,16,26,13,17,
748.000000,181.000000,0.076660,263036736.000000,0.411069,0,1
24,19,27,15,21,30,15,15,
482.000000,183.000000,0.048440,17613906.000000,0.075333,0,1
9,10,9,14,16,16,24,27,
266.000000,187.000000,0.096750,15060046.000000,0.292817,0,1
12,13,13,19,19,15,26,18,
490.000000,187.000000,0.039081,25753448.000000,0.068078,0,1
9,15,7,22,9,7,16,10,
259.000000,188.000000,0.091693,9027932.000000,0.299283,0,1
15,18,16,22,25,19,26,24,
573.000000,188.000000,0.078616,109079624.000000,0.240915,0,1
16,15,22,13,23,24,16,18,
575.000000,188.000000,0.078087,55212160.000000,0.238294,0,1
18,22,18,23,24,17,26,23,
266.000000,189.000000,0.093546,12255126.000000,0.293890,0,1
19,26,20,22,18,13,13,12,
581.000000,189.000000,0.076165,104448160.000000,0.248809,0,1
16,17,14,20,17,9,23,11,
574.000000,190.000000,0.079021,34983228.000000,0.243734,0,1
27,20,24,14,22,21,16,17,
532.000000,192.000000,0.052338,3066062.500000,0.116239,0,1
6,8,7,12,9,7,11,9,
596.000000,192.000000,0.077277,11903341.000000,0.269434,0,1
8,9,9,12,12,10,15,14,
565.000000,193.000000,0.077418,74575056.000000,0.232522,0,1
7,7,9,9,16,12,25,27,
251.000000,195.000000,0.097335,7999430.500000,0.331522,0,1
18,24,19,28,30,34,37,41,
528.000000,196.000000,0.039540,4937104.000000,0.092050,0,1
14,11,11,9,10,9,8,7,
578.000000,196.000000,0.075429,64054940.000000,0.245614,0,1
18,19,11,18,14,8,16,10,
469.000000,197.000000,0.033796,4471689.000000,0.051226,0,1
12,13,14,13,17,14,18,24,
258.000000,199.000000,0.092648,42525348.000000,0.307385,0,1
33,40,32,40,34,27,27,23,
237.000000,204.000000,0.085825,21781656.000000,0.317671,0,1
28,22,28,19,23,28,19,20,
238.000000,205.000000,0.086561,19976392.000000,0.316520,0,1
28,23,28,19,25,29,20,20,
263.000000,207.000000,0.096031,45156724.000000,0.306304,0,1
16,16,15,22,19,15,26,19,
592.000000,207.000000,0.075937,51731492.000000,0.269156,0,1
16,18,13,18,14,9,16,11,
251.000000,208.000000,0.091736,1313800.000000,0.352024,0,1
20,20,21,21,23,25,27,27,
253.000000,208.000000,0.095611,2761145.000000,0.342317,0,1
19,21,21,23,25,26,28,27,
236.000000,210.000000,0.084776,41761428.000000,0.329984,0,1
17,12,17,10,14,18,11,12,
258.000000,210.000000,0.087732,8463301.000000,0.303600,0,1
23,29,29,27,26,21,17,14,
468.000000,210.000000,0.049768,1240407.875000,0.055031,0,1
19,12,24,10,16,26,10,10,
251.000000,211.000000,0.084068,19508348.000000,0.283747,0,1
28,27,28,24,22,20,16,14,
460.000000,218.000000,0.038631,27824920.000000,0.059968,0,1
11,9,15,8,14,15,9,12,
462.000000,218.000000,0.041180,17036748.000000,0.062309,0,1
12,15,9,14,15,8,17,14,
566.000000,230.000000,0.101776,1236827.250000,0.338996,0,1
8,10,8,16,13,9,16,16,
567.000000,230.000000,0.102564,1178179.500000,0.343780,0,1
8,9,8,15,10,8,16,16,
574.000000,234.000000,0.107653,8246395.500000,0.380858,0,1
10,11,10,17,15,14,18,18,
582.000000,238.000000,0.089748,6083783.500000,0.326896,0,1
11,12,10,18,15,11,19,18,
590.000000,242.000000,0.118358,1099500.125000,0.468497,0,1
10,12,10,18,14,12,19,19,
332.000000,248.000000,0.099624,287444.000000,0.273714,0,1
16,17,16,18,17,16,16,15,
328.000000,264.000000,0.128860,8683585.000000,0.390415,0,1
20,20,21,17,21,22,17,18,
669.000000,264.000000,0.134381,74123648.000000,0.765144,0,1
10,10,11,12,13,13,21,22,
672.000000,264.000000,0.134037,55120088.000000,0.769928,0,1
10,10,10,13,13,14,20,21,
664.000000,265.000000,0.135896,129926416.000000,0.765079,0,1
11,13,13,20,20,21,23,16,
655.000000,267.000000,0.137312,110241032.000000,0.755635,0,1
19,23,22,19,19,19,14,13,
664.000000,267.000000,0.138059,100434928.000000,0.783197,0,1
20,23,23,18,16,16,13,13,
665.000000,267.000000,0.138161,98282752.000000,0.786432,0,1
21,23,23,17,16,16,13,13,
256.000000,268.000000,0.163819,1121679.250000,0.713237,0,1
20,22,21,23,22,20,23,23,
442.000000,268.000000,0.135677,11868680.000000,0.362436,0,1
12,13,12,14,14,13,18,19,
552.000000,268.000000,0.129563,2092032.250000,0.486254,0,1
13,14,13,14,13,13,15,16,
402.000000,272.000000,0.136651,18375626.000000,0.370598,0,1
18,19,18,22,20,18,23,24,
456.000000,276.000000,0.141616,1498789.375000,0.369613,0,1
13,13,14,16,15,15,17,18,
654.000000,276.000000,0.136451,14411157.000000,0.759211,0,1
15,19,15,32,24,18,34,34,
576.000000,278.000000,0.140545,4180316.750000,0.546546,0,1
17,17,17,18,17,17,21,23,
600.000000,278.000000,0.147413,4350404.500000,0.593450,0,1
15,16,16,18,16,16,19,23,
602.000000,278.000000,0.147085,6707676.000000,0.602941,0,1
15,16,16,16,16,17,19,24,
364.000000,280.000000,0.124108,7300244.500000,0.422116,0,1
22,22,26,22,24,29,23,29,
586.000000,280.000000,0.147404,5536701.500000,0.576604,0,1
19,18,18,21,19,19,24,26,
590.000000,280.000000,0.147959,5368255.500000,0.587412,0,1
17,18,18,19,19,18,22,25,
661.000000,280.000000,0.132247,17603388.000000,0.751011,0,1
18,23,18,35,27,20,36,35,
673.000000,286.000000,0.131568,6892425.000000,0.763901,0,1
21,25,21,36,27,21,39,39,
350.000000,288.000000,0.146947,16271869.000000,0.435029,0,1
25,30,27,34,32,29,35,36,
102.000000,292.000000,0.165796,29349764.000000,0.988910,0,1
29,31,30,32,32,32,33,35,
118.000000,292.000000,0.161403,126086416.000000,1.134713,0,1
29,30,29,30,29,28,28,35,
130.000000,293.000000,0.161345,195824960.000000,1.100121,0,1
30,30,30,32,32,32,40,46,
136.000000,293.000000,0.161389,213480448.000000,1.082828,0,1
30,31,32,33,34,35,42,46,
165.000000,293.000000,0.160101,346965440.000000,0.988000,0,1
29,31,32,37,38,39,47,51,
168.000000,293.000000,0.160253,235701184.000000,0.980765,0,1
29,31,32,39,40,46,47,53,
110.000000,294.000000,0.161891,166937840.000000,1.166440,0,1
30,31,32,35,34,34,42,46,
118.000000,294.000000,0.161200,318235680.000000,1.135922,0,1
29,28,28,35,35,35,43,47,
126.000000,294.000000,0.161057,248060864.000000,1.110892,0,1
29,30,32,36,38,39,46,48,
133.000000,294.000000,0.161003,229129984.000000,1.089793,0,1
31,32,33,40,41,42,46,47,
146.000000,294.000000,0.160876,272280384.000000,1.050751,0,1
31,35,35,44,45,46,49,47,
147.000000,294.000000,0.160726,284495968.000000,1.046541,0,1
31,34,35,45,45,46,49,47,
160.000000,294.000000,0.160168,305938272.000000,1.004499,0,1
31,37,36,46,47,47,50,46,
161.000000,294.000000,0.160112,315259360.000000,1.001184,0,1
31,37,37,47,47,47,50,47,
102.000000,295.000000,0.162947,66795428.000000,0.971085,0,1
33,35,36,42,41,40,45,44,
123.000000,295.000000,0.161426,266251776.000000,1.124790,0,1
28,36,36,43,45,46,47,43,
187.000000,297.000000,0.163462,144538928.000000,0.960516,0,1
22,22,21,27,27,26,31,33,
192.000000,297.000000,0.163683,132015712.000000,0.948237,0,1
22,21,21,24,24,24,30,32,
197.000000,298.000000,0.164912,227650432.000000,0.945848,0,1
21,24,21,30,27,24,32,34,
669.000000,284.000000,0.130201,18905946.000000,0.759587,0,1
20,24,20,35,29,22,39,39,
752.000000,153.000000,0.076455,823286720.000000,0.405298,0,1
29,43,23,55,42,16,36,14,
739.000000,127.000000,0.074443,492211584.000000,0.380167,0,1
10,15,27,17,56,41,52,81,
311.000000,121.000000,0.129392,559370.312500,0.227757,0,1
22,31,31,26,26,25,18,16,
438.000000,193.000000,0.017890,9001587.000000,0.027732,0,1
18,13,34,12,16,57,12,13,
