# timestamp
1608635243492071424

# fx, fy, cx, cy, width, height, npoints
501.487488,501.475311,421.777863,167.666000,800,400,590

# camToWorld: translation vector, rotation quaternion
-26.404829,84.136203,7.335497,-0.546802,-0.473909,0.470031,0.505458

# Exposure time (ms)
0.288062

# GPS Data
# GPSData: Covariance matrix
0.000031,0.000000,0.000000,0.000000,0.000055,0.000000,0.000000,0.000000,0.000123

# GPSData: GPS point
87.105419,-2.976164,6.360442

# Point Cloud Data : 
# u,v,idepth_scaled,idepth_hessian,maxRelBaseline,numGoodRes,status 
# color information 
678.000000,91.000000,0.013653,413019392.000000,0.083736,0,1
47,26,52,21,47,43,25,46,
743.000000,148.000000,0.063560,37228744.000000,0.316100,0,1
16,20,21,19,31,34,23,20,
729.000000,248.000000,0.123514,31564116.000000,0.482056,0,1
80,97,95,89,86,81,65,60,
688.000000,47.000000,0.070374,127316832.000000,0.395915,0,1
68,64,61,38,40,50,29,29,
738.000000,72.000000,0.016300,221190448.000000,0.119357,0,1
67,65,61,56,46,51,20,21,
744.000000,72.000000,0.015917,442414848.000000,0.118290,0,1
67,56,37,58,32,20,41,29,
740.000000,83.000000,0.016278,648202240.000000,0.118949,0,1
45,28,55,18,43,55,28,44,
730.000000,89.000000,0.015959,303627360.000000,0.113598,0,1
24,20,44,24,32,57,47,65,
738.000000,89.000000,0.015932,107335144.000000,0.119872,0,1
21,23,34,48,53,61,64,68,
739.000000,102.000000,0.016557,219761600.000000,0.119638,0,1
66,56,58,31,30,53,18,24,
731.000000,103.000000,0.015865,410747232.000000,0.112597,0,1
65,53,61,25,42,52,26,39,
713.000000,104.000000,0.015106,117437416.000000,0.106668,0,1
65,63,62,49,42,57,20,21,
720.000000,120.000000,0.017135,21141724.000000,0.105720,0,1
18,31,34,47,44,49,54,51,
712.000000,124.000000,0.025013,72595464.000000,0.163122,0,1
58,63,52,64,55,43,56,50,
734.000000,131.000000,0.015528,443036576.000000,0.110864,0,1
62,55,46,51,30,21,34,21,
656.000000,135.000000,0.079467,100682736.000000,0.300276,0,1
28,42,28,79,38,30,58,37,
733.000000,144.000000,0.015724,185265024.000000,0.083545,0,1
30,42,20,28,30,15,37,28,
714.000000,159.000000,0.060935,42760584.000000,0.285120,0,1
19,14,30,14,24,42,13,19,
695.000000,164.000000,0.084557,25513066.000000,0.361156,0,1
24,13,21,13,14,37,14,16,
712.000000,204.000000,0.067544,1831983.500000,0.318964,0,1
9,10,9,11,10,11,16,19,
724.000000,204.000000,0.068572,7690914.500000,0.427091,0,1
14,14,15,20,22,23,23,22,
703.000000,216.000000,0.088401,44692084.000000,0.558541,0,1
11,15,16,25,27,31,35,36,
692.000000,228.000000,0.099720,5467745.500000,0.710294,0,1
45,46,45,50,50,50,52,53,
721.000000,246.000000,0.120991,22678688.000000,0.465318,0,1
56,55,55,61,67,73,98,98,
695.000000,247.000000,0.122256,23852302.000000,0.658688,0,1
58,58,59,59,59,59,66,93,
703.000000,247.000000,0.121906,41345900.000000,0.537738,0,1
55,55,55,60,63,68,83,100,
701.000000,248.000000,0.121703,53162688.000000,0.535194,0,1
56,59,61,79,81,85,99,89,
720.000000,249.000000,0.122998,13677338.000000,0.469729,0,1
98,102,98,77,76,73,60,55,
676.000000,250.000000,0.123823,56092352.000000,0.511943,0,1
59,60,61,73,77,79,97,92,
692.000000,251.000000,0.124239,24389080.000000,0.446291,0,1
88,98,96,80,77,75,63,57,
682.000000,252.000000,0.125091,28604446.000000,0.438464,0,1
88,95,94,81,74,69,58,55,
687.000000,47.000000,0.070345,91568904.000000,0.394659,0,1
69,64,62,39,39,43,30,26,
679.000000,47.000000,0.070540,63963304.000000,0.388196,0,1
70,70,64,70,56,43,54,33,
671.000000,53.000000,0.067226,33779736.000000,0.359736,0,1
66,60,61,47,47,45,32,28,
674.000000,53.000000,0.068619,45439572.000000,0.370904,0,1
65,60,43,48,38,22,31,21,
92.000000,94.000000,0.036813,6725794.000000,0.055524,0,1
71,70,65,59,58,52,46,46,
268.000000,100.000000,0.051207,9961875.000000,0.219393,0,1
51,42,51,41,49,51,38,43,
261.000000,107.000000,0.257830,14498933.000000,1.818486,0,1
40,48,41,41,45,40,57,58,
599.000000,112.000000,0.013563,95958616.000000,0.055739,0,1
21,19,31,19,21,36,19,21,
191.000000,114.000000,0.022037,25147608.000000,0.160661,0,1
51,60,50,52,52,42,35,32,
242.000000,128.000000,0.019276,37716340.000000,0.103079,0,1
37,36,23,46,34,20,46,40,
101.000000,136.000000,0.061128,36730160.000000,0.231775,0,1
26,20,36,17,25,34,20,24,
683.000000,146.000000,0.013611,25381696.000000,0.084381,0,1
16,18,16,25,23,30,33,39,
705.000000,146.000000,0.014748,112039760.000000,0.098415,0,1
14,15,21,17,17,36,32,33,
681.000000,154.000000,0.062270,73600920.000000,0.330866,0,1
31,34,23,38,35,20,29,26,
661.000000,160.000000,0.080795,43727476.000000,0.378852,0,1
25,26,37,24,33,43,38,44,
187.000000,165.000000,0.044371,5654554.500000,0.308878,0,1
34,35,30,32,25,26,24,16,
298.000000,200.000000,0.036397,13690552.000000,0.412647,0,1
28,28,36,18,26,35,15,20,
242.000000,201.000000,0.027811,1184016.125000,0.155084,0,1
29,31,24,27,25,19,38,26,
671.000000,215.000000,0.088348,11903232.000000,0.458922,0,1
16,17,16,19,19,19,25,29,
676.000000,215.000000,0.087904,14441104.000000,0.462389,0,1
17,18,17,20,24,23,33,30,
677.000000,220.000000,0.089729,29468576.000000,0.475583,0,1
35,39,38,42,43,44,60,59,
663.000000,221.000000,0.090556,34099188.000000,0.459464,0,1
38,40,40,47,47,45,64,59,
654.000000,222.000000,0.090423,38742068.000000,0.446746,0,1
39,44,45,53,55,56,67,54,
627.000000,223.000000,0.092178,27165730.000000,0.413066,0,1
38,40,40,43,43,47,61,55,
632.000000,223.000000,0.091831,27414548.000000,0.419665,0,1
41,42,41,48,51,52,61,54,
656.000000,224.000000,0.089565,10528617.000000,0.458393,0,1
56,68,66,54,54,54,52,53,
672.000000,224.000000,0.091342,6693013.500000,0.479479,0,1
62,55,53,50,50,48,51,51,
635.000000,225.000000,0.092683,16069398.000000,0.429713,0,1
54,60,59,53,52,51,47,48,
643.000000,225.000000,0.090456,7277233.500000,0.437729,0,1
59,60,60,50,50,50,49,50,
664.000000,251.000000,0.123425,98972704.000000,0.553757,0,1
58,58,59,71,78,81,99,96,
658.000000,252.000000,0.123958,127693008.000000,0.546264,0,1
55,58,61,73,83,94,96,77,
629.000000,254.000000,0.126074,82468448.000000,0.506393,0,1
56,55,56,65,69,71,95,94,
634.000000,254.000000,0.125770,101581688.000000,0.513821,0,1
54,55,55,75,81,83,95,80,
619.000000,255.000000,0.126320,112590984.000000,0.490882,0,1
55,59,62,78,81,84,100,90,
649.000000,255.000000,0.125897,80226328.000000,0.541538,0,1
85,87,91,70,70,66,53,51,
635.000000,256.000000,0.127659,91890272.000000,0.525583,0,1
81,97,93,83,77,72,62,55,
649.000000,256.000000,0.126277,71846720.000000,0.612019,0,1
91,69,68,55,54,55,51,49,
621.000000,257.000000,0.127983,88803024.000000,0.503014,0,1
84,101,100,90,85,81,61,54,
625.000000,257.000000,0.128084,83324800.000000,0.510437,0,1
93,101,102,81,76,70,58,53,
601.000000,279.000000,0.150101,39484060.000000,0.581327,0,1
106,103,101,92,89,89,78,70,
598.000000,280.000000,0.150407,52310204.000000,0.657666,0,1
102,78,92,62,70,78,62,62,
616.000000,287.000000,0.158864,34246184.000000,0.727044,0,1
99,93,102,79,98,107,74,66,
610.000000,258.000000,0.128737,81164392.000000,0.487741,0,1
93,100,100,81,79,76,60,53,
656.000000,256.000000,0.125764,60619664.000000,0.621761,0,1
88,60,62,53,55,56,51,51,
643.000000,253.000000,0.125289,81669384.000000,0.526821,0,1
53,53,55,67,68,72,87,82,
684.000000,55.000000,0.068977,229579728.000000,0.381015,0,1
20,19,45,19,45,63,42,63,
656.000000,60.000000,0.063719,48452512.000000,0.323203,0,1
30,29,23,35,31,30,56,62,
668.000000,65.000000,0.067005,347369504.000000,0.348275,0,1
41,55,30,61,41,28,57,42,
672.000000,78.000000,0.067225,335055584.000000,0.347933,0,1
49,35,59,28,48,63,34,47,
699.000000,94.000000,0.030054,4189232.750000,0.143612,0,1
20,19,23,30,37,45,58,63,
664.000000,98.000000,0.031653,34794092.000000,0.135811,0,1
21,19,33,25,33,52,51,65,
650.000000,158.000000,0.079006,28516374.000000,0.354319,0,1
18,22,20,39,36,26,46,39,
653.000000,139.000000,0.079871,98200392.000000,0.313075,0,1
65,49,74,29,45,57,18,14,
673.000000,130.000000,0.067078,256475120.000000,0.338205,0,1
45,30,54,27,49,59,30,46,
680.000000,122.000000,0.014217,2061546.500000,0.105111,0,1
12,20,21,42,43,45,61,63,
673.000000,126.000000,0.067151,329471904.000000,0.338491,0,1
49,30,58,26,49,59,30,45,
568.000000,39.000000,0.015575,41534964.000000,0.111165,0,1
75,74,68,69,66,68,68,59,
578.000000,42.000000,0.015453,24786528.000000,0.114524,0,1
74,72,72,68,69,74,67,64,
556.000000,46.000000,0.013320,9280368.000000,0.088937,0,1
72,73,70,70,69,65,67,64,
547.000000,51.000000,0.016840,35821792.000000,0.108090,0,1
60,65,57,63,60,52,56,52,
523.000000,54.000000,0.016351,24075222.000000,0.093301,0,1
69,65,69,68,64,67,61,57,
570.000000,54.000000,0.016084,30781096.000000,0.113626,0,1
46,43,48,43,50,51,48,52,
576.000000,55.000000,0.016033,13574771.000000,0.116082,0,1
61,61,56,59,54,54,51,49,
552.000000,56.000000,0.016711,38374708.000000,0.108894,0,1
58,56,53,44,53,47,47,49,
268.000000,60.000000,0.020081,659376.000000,0.036794,0,1
84,83,84,83,82,83,82,82,
569.000000,60.000000,0.016716,38859476.000000,0.116888,0,1
43,49,57,48,51,53,41,51,
36.000000,62.000000,0.048331,25732568.000000,0.213965,0,1
83,82,80,80,78,77,75,72,
94.000000,63.000000,0.072628,55346664.000000,0.288103,0,1
85,83,84,82,82,83,74,56,
543.000000,63.000000,0.017049,69576104.000000,0.105646,0,1
44,51,38,55,47,38,56,53,
543.000000,64.000000,0.016874,66597136.000000,0.104375,0,1
47,53,39,54,49,37,57,54,
34.000000,65.000000,0.048773,50568748.000000,0.216483,0,1
78,78,73,79,72,70,73,69,
545.000000,66.000000,0.016571,61559692.000000,0.103110,0,1
37,49,40,54,49,45,52,46,
553.000000,66.000000,0.016878,106967464.000000,0.109071,0,1
38,34,49,37,39,51,35,36,
578.000000,66.000000,0.015895,18571638.000000,0.114601,0,1
59,59,56,53,51,52,49,49,
64.000000,69.000000,0.044333,47044424.000000,0.178743,0,1
75,68,78,64,70,72,63,69,
278.000000,69.000000,0.041319,10348719.000000,0.539425,0,1
77,77,69,78,71,68,74,70,
533.000000,69.000000,0.016248,11171424.000000,0.095017,0,1
54,56,53,52,52,49,49,44,
269.000000,70.000000,0.046636,16353820.000000,0.635837,0,1
72,77,66,74,71,71,70,66,
30.000000,71.000000,0.049006,96022832.000000,0.218487,0,1
74,77,68,78,70,67,72,64,
63.000000,71.000000,0.044455,62426532.000000,0.179342,0,1
65,60,67,60,65,73,61,71,
72.000000,71.000000,0.042223,32839208.000000,0.165061,0,1
66,63,67,65,67,73,68,71,
287.000000,71.000000,0.024987,9291884.000000,0.339232,0,1
73,77,71,76,74,72,77,74,
289.000000,71.000000,0.037090,14383405.000000,0.444721,0,1
78,71,77,74,72,72,67,63,
567.000000,71.000000,0.016139,81346792.000000,0.110308,0,1
38,36,44,42,37,52,36,40,
29.000000,72.000000,0.049040,81965512.000000,0.218999,0,1
77,78,70,77,72,58,74,67,
549.000000,72.000000,0.016024,52109808.000000,0.100695,0,1
35,39,32,44,41,34,51,47,
263.000000,75.000000,0.042903,12947908.000000,0.199841,0,1
71,70,65,74,68,62,72,70,
272.000000,76.000000,0.054979,23354256.000000,0.681242,0,1
65,58,73,52,68,72,53,60,
280.000000,77.000000,0.048704,15132718.000000,0.591543,0,1
61,63,65,61,67,75,60,73,
531.000000,77.000000,0.015440,79086568.000000,0.088275,0,1
38,45,39,51,46,44,54,55,
270.000000,78.000000,0.053250,34830804.000000,0.669219,0,1
52,61,53,63,59,60,65,61,
567.000000,78.000000,0.016142,123089936.000000,0.109520,0,1
49,39,52,43,48,44,37,39,
213.000000,79.000000,0.035761,18363508.000000,0.231730,0,1
71,66,73,63,68,72,60,63,
255.000000,79.000000,0.041069,10494440.000000,0.214277,0,1
65,70,64,74,65,69,72,69,
519.000000,79.000000,0.015942,21300130.000000,0.085637,0,1
60,58,59,54,55,58,53,57,
531.000000,80.000000,0.015464,76042400.000000,0.088073,0,1
50,55,48,52,53,43,53,50,
519.000000,81.000000,0.015750,21132446.000000,0.084333,0,1
55,53,48,60,57,51,60,59,
520.000000,81.000000,0.015587,18416820.000000,0.083863,0,1
56,50,49,58,54,49,59,59,
567.000000,81.000000,0.016313,141597904.000000,0.110394,0,1
41,32,46,34,43,56,40,53,
49.000000,82.000000,0.047182,59754112.000000,0.196848,0,1
66,66,59,65,58,50,59,52,
574.000000,82.000000,0.015951,141997808.000000,0.111218,0,1
55,55,42,58,52,40,56,48,
56.000000,83.000000,0.052366,63244016.000000,0.215946,0,1
51,50,55,51,56,60,60,66,
262.000000,83.000000,0.005974,64856660.000000,0.030125,0,1
50,63,45,65,50,53,60,49,
22.000000,84.000000,0.043447,10930260.000000,0.116951,0,1
68,72,63,64,61,50,48,39,
664.000000,84.000000,0.013858,133056240.000000,0.091049,0,1
64,62,59,49,39,53,15,22,
77.000000,85.000000,0.039651,52267936.000000,0.149097,0,1
62,58,66,61,70,75,70,73,
213.000000,85.000000,0.034538,42362172.000000,0.228464,0,1
58,53,61,59,51,63,51,44,
245.000000,85.000000,0.040576,24616980.000000,0.212256,0,1
67,70,59,66,65,58,65,60,
31.000000,87.000000,0.025138,14021432.000000,0.087268,0,1
65,62,60,44,47,46,45,52,
44.000000,87.000000,0.047652,122283072.000000,0.200898,0,1
57,60,53,60,51,45,52,49,
290.000000,87.000000,0.049419,44588284.000000,0.552419,0,1
59,57,60,59,58,70,54,57,
298.000000,87.000000,0.047252,34804332.000000,0.520101,0,1
66,58,60,53,63,66,55,57,
304.000000,87.000000,0.052810,4616670.000000,0.560818,0,1
68,66,70,66,62,68,62,52,
254.000000,88.000000,0.050051,14649170.000000,0.266885,0,1
59,56,61,58,59,64,53,49,
599.000000,88.000000,0.010644,85111560.000000,0.081388,0,1
58,58,39,60,57,58,61,61,
641.000000,88.000000,0.012153,89490208.000000,0.073172,0,1
66,65,64,59,47,55,30,19,
31.000000,89.000000,0.035626,18820198.000000,0.125305,0,1
47,45,39,61,52,43,63,61,
214.000000,89.000000,0.035440,34893004.000000,0.230734,0,1
60,47,58,50,52,53,38,45,
290.000000,89.000000,0.049927,31717004.000000,0.553810,0,1
58,54,69,55,57,65,48,60,
506.000000,89.000000,0.016044,12445020.000000,0.079322,0,1
52,50,48,56,53,50,58,59,
304.000000,90.000000,0.057122,7912627.500000,0.592934,0,1
55,56,64,58,58,69,58,68,
524.000000,90.000000,0.012344,21720056.000000,0.066545,0,1
52,50,51,43,43,39,34,29,
539.000000,90.000000,0.015298,74925608.000000,0.089585,0,1
46,36,50,36,42,42,32,27,
547.000000,90.000000,0.015932,62399620.000000,0.097176,0,1
46,50,40,47,37,34,42,40,
206.000000,92.000000,0.036144,9962140.000000,0.244802,0,1
65,59,65,60,63,64,54,60,
448.000000,92.000000,0.009627,6236732.500000,0.032739,0,1
61,57,59,57,54,56,52,48,
128.000000,93.000000,0.013543,6096825.000000,0.051295,0,1
73,72,72,65,65,66,45,59,
143.000000,93.000000,0.011757,9398724.000000,0.067086,0,1
73,71,71,59,59,59,51,60,
262.000000,93.000000,0.005339,80893792.000000,0.027515,0,1
36,44,28,54,36,29,45,46,
67.000000,94.000000,0.041714,27861154.000000,0.161123,0,1
70,68,63,53,55,52,45,50,
247.000000,94.000000,0.042121,41174104.000000,0.215450,0,1
49,59,45,67,59,50,66,66,
497.000000,94.000000,0.023814,18986074.000000,0.113100,0,1
56,52,57,47,51,56,44,41,
446.000000,95.000000,0.007831,12096159.000000,0.025982,0,1
55,51,51,50,47,48,44,31,
469.000000,95.000000,0.008039,7045812.500000,0.031108,0,1
59,57,56,57,53,53,47,40,
539.000000,96.000000,0.010325,33100500.000000,0.059435,0,1
26,32,22,35,29,22,34,28,
465.000000,97.000000,0.008941,15610913.000000,0.033661,0,1
57,58,50,57,51,42,53,44,
245.000000,98.000000,0.044802,5026798.000000,0.142672,0,1
64,54,64,47,57,63,51,47,
299.000000,98.000000,0.056360,35847164.000000,0.563746,0,1
56,50,58,51,59,59,58,65,
584.000000,98.000000,0.008872,54913304.000000,0.042156,0,1
52,43,49,31,42,43,31,29,
277.000000,99.000000,0.046624,46581200.000000,0.589458,0,1
50,41,54,47,51,56,43,57,
440.000000,99.000000,0.006711,68171488.000000,0.021076,0,1
55,55,43,58,37,29,43,27,
462.000000,99.000000,0.007773,29417932.000000,0.028518,0,1
56,49,53,38,42,47,32,28,
478.000000,99.000000,0.007717,47950308.000000,0.031366,0,1
57,51,48,35,41,51,32,29,
498.000000,99.000000,0.015315,14340198.000000,0.047641,0,1
40,32,42,28,32,41,27,28,
220.000000,101.000000,0.038905,18411984.000000,0.256958,0,1
44,40,51,38,48,48,39,40,
251.000000,101.000000,0.042090,12649710.000000,0.114052,0,1
48,60,42,57,49,43,51,53,
87.000000,102.000000,0.038751,5664448.000000,0.083030,0,1
54,59,60,60,64,70,65,70,
140.000000,102.000000,0.011187,18011756.000000,0.065895,0,1
61,56,54,35,33,34,29,28,
199.000000,102.000000,0.033734,37011648.000000,0.237896,0,1
62,63,55,63,55,46,60,53,
204.000000,102.000000,0.039467,11247772.000000,0.266423,0,1
47,54,45,55,51,45,50,55,
209.000000,102.000000,0.035349,10326696.000000,0.224392,0,1
54,45,55,49,54,50,47,44,
293.000000,102.000000,0.052652,16459323.000000,0.558486,0,1
64,53,60,48,57,48,47,53,
258.000000,103.000000,0.047042,14045407.000000,0.216627,0,1
37,47,37,49,47,46,57,53,
317.000000,103.000000,0.057850,5468933.500000,0.168699,0,1
53,53,62,51,61,64,58,63,
419.000000,103.000000,0.009638,9261229.000000,0.035430,0,1
60,57,58,51,54,58,45,43,
428.000000,103.000000,0.009766,8414147.000000,0.031372,0,1
58,56,54,53,51,48,41,39,
264.000000,104.000000,0.005839,15459957.000000,0.032399,0,1
25,34,40,39,50,50,39,45,
437.000000,104.000000,0.005835,54260508.000000,0.017683,0,1
40,49,28,45,38,23,36,28,
484.000000,104.000000,0.007709,37833024.000000,0.032279,0,1
35,44,28,39,33,23,35,29,
76.000000,105.000000,0.042570,22423102.000000,0.158249,0,1
70,70,65,62,59,55,42,32,
184.000000,105.000000,0.015310,11221040.000000,0.044679,0,1
67,66,67,58,61,65,53,53,
280.000000,106.000000,0.045326,19259442.000000,0.540997,0,1
47,46,44,46,43,50,46,53,
546.000000,106.000000,0.017185,8493783.000000,0.103141,0,1
26,22,27,19,22,21,19,17,
168.000000,107.000000,0.006282,5807360.500000,0.035193,0,1
59,60,53,69,65,60,70,67,
243.000000,107.000000,0.038129,12201522.000000,0.196567,0,1
58,52,57,43,57,54,36,39,
312.000000,107.000000,0.057053,7597866.000000,0.523637,0,1
50,46,55,46,57,62,58,61,
298.000000,108.000000,0.050205,14460296.000000,0.171785,0,1
54,52,42,55,48,46,54,37,
412.000000,108.000000,0.006990,45526232.000000,0.029786,0,1
55,56,43,51,39,35,35,27,
65.000000,109.000000,0.016347,129497192.000000,0.059905,0,1
31,42,26,49,34,25,43,33,
182.000000,109.000000,0.013834,9488685.000000,0.046413,0,1
60,62,57,62,57,53,59,60,
664.000000,109.000000,0.013714,129261200.000000,0.088485,0,1
66,61,59,45,34,53,19,19,
239.000000,110.000000,0.038957,12412556.000000,0.208422,0,1
52,51,45,44,43,37,39,34,
383.000000,110.000000,0.009258,5237678.000000,0.052611,0,1
58,55,57,52,53,52,47,39,
292.000000,111.000000,0.044078,16061024.000000,0.480966,0,1
52,53,46,50,41,43,41,28,
384.000000,111.000000,0.009541,6537246.500000,0.053434,0,1
57,53,52,47,45,44,39,31,
631.000000,111.000000,0.012399,77832256.000000,0.071425,0,1
64,62,64,55,52,60,26,16,
270.000000,112.000000,0.046371,6737190.000000,0.110962,0,1
49,57,38,57,46,33,43,30,
279.000000,112.000000,0.031083,2472021.000000,0.064002,0,1
56,58,58,53,51,44,41,31,
295.000000,112.000000,0.042579,14928724.000000,0.470235,0,1
43,43,52,42,45,40,30,31,
392.000000,112.000000,0.007564,5905860.000000,0.038818,0,1
49,45,41,40,36,35,34,34,
65.000000,113.000000,0.017070,131841360.000000,0.062476,0,1
33,48,30,57,39,26,53,42,
118.000000,113.000000,0.013004,34328796.000000,0.038511,0,1
70,57,61,50,41,44,39,31,
182.000000,113.000000,0.032465,14102832.000000,0.258287,0,1
60,55,62,52,56,58,48,37,
286.000000,113.000000,0.023308,5489265.500000,0.096908,0,1
57,49,50,35,38,34,30,43,
194.000000,114.000000,0.021162,15534416.000000,0.081547,0,1
59,51,59,46,45,54,31,31,
305.000000,114.000000,0.020129,23856054.000000,0.222979,0,1
55,52,57,44,54,59,45,25,
376.000000,114.000000,0.006069,19878866.000000,0.037526,0,1
52,47,46,39,38,39,31,30,
315.000000,115.000000,0.020647,7128688.000000,0.062826,0,1
59,55,59,41,43,42,23,19,
322.000000,115.000000,0.019049,13498026.000000,0.243613,0,1
58,52,48,38,37,36,23,19,
328.000000,115.000000,0.019872,18527888.000000,0.188601,0,1
57,56,59,39,49,47,25,19,
344.000000,115.000000,0.020167,13200960.000000,0.165380,0,1
59,57,56,40,39,38,22,18,
353.000000,115.000000,0.020224,14384934.000000,0.154248,0,1
58,55,54,35,35,34,21,19,
360.000000,115.000000,0.019896,14708756.000000,0.138979,0,1
58,52,53,33,32,33,22,20,
127.000000,116.000000,0.010939,45971616.000000,0.039583,0,1
50,32,47,26,30,49,31,42,
212.000000,116.000000,0.033655,9062568.000000,0.217892,0,1
27,29,25,35,34,26,40,40,
231.000000,116.000000,0.029615,3830775.500000,0.186160,0,1
30,27,29,38,40,41,38,37,
370.000000,117.000000,0.014500,33359900.000000,0.091700,0,1
40,39,35,49,45,33,53,47,
99.000000,118.000000,0.065316,25367326.000000,0.230695,0,1
32,28,35,30,33,41,43,47,
216.000000,119.000000,0.033503,35217480.000000,0.210135,0,1
34,28,38,28,37,38,30,39,
58.000000,120.000000,0.024360,6907588.500000,0.092104,0,1
27,31,31,39,41,40,43,45,
102.000000,123.000000,0.070318,73633216.000000,0.262653,0,1
40,47,33,52,42,33,49,42,
31.000000,124.000000,0.047657,16218867.000000,0.203933,0,1
47,47,44,43,44,37,40,36,
599.000000,124.000000,0.011381,198465248.000000,0.085523,0,1
18,15,26,15,18,29,15,18,
252.000000,125.000000,0.037078,7635366.000000,0.178664,0,1
49,41,49,39,42,43,26,18,
258.000000,125.000000,0.031982,5709557.000000,0.173767,0,1
47,51,42,43,41,33,25,18,
276.000000,125.000000,0.018186,8642041.000000,0.080561,0,1
45,41,43,29,33,31,20,16,
621.000000,125.000000,0.025045,17012724.000000,0.139161,0,1
16,17,20,24,29,33,40,46,
107.000000,126.000000,0.068196,71224168.000000,0.251295,0,1
46,38,50,34,44,53,37,42,
231.000000,126.000000,0.025710,6127374.000000,0.144928,0,1
35,33,34,31,27,25,21,20,
247.000000,126.000000,0.026247,9809994.000000,0.143263,0,1
46,43,46,27,28,27,21,20,
292.000000,126.000000,0.017648,15523860.000000,0.065616,0,1
34,24,36,19,25,35,19,22,
183.000000,127.000000,0.022205,74193232.000000,0.165743,0,1
49,51,47,52,44,37,48,37,
202.000000,127.000000,0.031688,3982565.000000,0.214034,0,1
37,31,35,26,29,26,22,20,
236.000000,127.000000,0.019131,29940626.000000,0.111508,0,1
42,30,39,21,36,41,25,33,
208.000000,128.000000,0.032835,1945181.500000,0.220198,0,1
36,27,26,21,21,19,20,18,
298.000000,129.000000,0.021191,144053632.000000,0.242789,0,1
36,30,27,30,33,19,42,38,
366.000000,129.000000,0.018577,79359512.000000,0.119186,0,1
34,22,41,20,34,46,22,33,
29.000000,131.000000,0.046169,11103915.000000,0.197775,0,1
38,37,33,34,32,29,25,24,
321.000000,131.000000,0.017520,18390418.000000,0.170452,0,1
24,12,26,12,23,28,13,22,
122.000000,132.000000,0.020787,127300896.000000,0.060451,0,1
31,42,22,48,32,18,45,36,
603.000000,132.000000,0.015276,93136352.000000,0.117605,0,1
32,33,27,24,30,28,30,27,
295.000000,134.000000,0.033585,6263097.500000,0.050829,0,1
27,30,35,25,29,44,26,28,
50.000000,135.000000,0.024081,127944776.000000,0.092928,0,1
35,32,41,27,37,45,35,40,
235.000000,135.000000,0.018396,30920474.000000,0.105050,0,1
27,22,34,17,21,37,17,19,
634.000000,135.000000,0.012004,129820464.000000,0.069491,0,1
50,45,30,29,31,17,41,35,
49.000000,136.000000,0.023574,135543616.000000,0.091157,0,1
32,27,37,26,35,45,30,32,
366.000000,136.000000,0.019097,63445048.000000,0.122085,0,1
32,21,37,19,31,43,20,31,
613.000000,136.000000,0.012260,70179848.000000,0.097769,0,1
27,18,28,18,20,26,16,18,
58.000000,138.000000,0.021164,145873440.000000,0.079128,0,1
26,34,21,43,31,19,39,33,
123.000000,141.000000,0.020846,128000200.000000,0.060175,0,1
30,41,20,47,32,18,42,34,
243.000000,141.000000,0.019254,27075498.000000,0.101988,0,1
30,41,23,42,34,19,37,34,
293.000000,143.000000,0.019305,28736058.000000,0.070649,0,1
24,21,31,20,28,30,19,26,
299.000000,143.000000,0.020307,106303816.000000,0.232024,0,1
33,40,22,42,38,16,45,37,
102.000000,144.000000,0.070733,54434432.000000,0.247006,0,1
29,20,34,18,27,36,20,25,
183.000000,144.000000,0.022601,121753480.000000,0.168599,0,1
42,46,36,46,38,24,39,37,
627.000000,144.000000,0.012521,93587192.000000,0.105839,0,1
19,13,28,13,19,27,14,26,
58.000000,145.000000,0.022679,78109104.000000,0.084983,0,1
33,40,29,46,38,25,44,37,
642.000000,146.000000,0.014914,35492948.000000,0.088182,0,1
17,15,23,19,24,28,23,23,
294.000000,147.000000,0.019218,21715536.000000,0.069841,0,1
38,23,34,16,28,44,20,27,
296.000000,148.000000,0.021467,36871152.000000,0.250012,0,1
42,37,39,26,35,33,29,33,
115.000000,150.000000,0.020338,138637744.000000,0.076353,0,1
36,28,45,22,35,50,26,33,
238.000000,150.000000,0.023846,10373338.000000,0.068817,0,1
33,28,39,21,32,39,24,29,
50.000000,151.000000,0.019711,66219376.000000,0.075409,0,1
39,32,43,27,38,45,29,34,
336.000000,151.000000,0.170372,335225.281250,0.895114,0,1
19,17,24,15,16,16,13,13,
367.000000,151.000000,0.018711,60018616.000000,0.119488,0,1
30,23,38,18,29,40,24,30,
618.000000,151.000000,0.054110,45077940.000000,0.311794,0,1
35,29,42,20,35,39,21,18,
239.000000,153.000000,0.027565,14407921.000000,0.041593,0,1
38,29,45,22,33,42,30,30,
263.000000,155.000000,0.038263,8587195.000000,0.170811,0,1
17,23,23,27,29,31,34,38,
276.000000,155.000000,0.041353,15033848.000000,0.512768,0,1
21,23,23,25,34,29,36,40,
246.000000,156.000000,0.025331,5424434.500000,0.139640,0,1
19,23,24,32,31,30,37,36,
255.000000,156.000000,0.043330,8148442.500000,0.201162,0,1
21,25,23,33,38,26,37,38,
59.000000,157.000000,0.023124,47941808.000000,0.086533,0,1
33,41,30,44,35,22,37,33,
285.000000,157.000000,0.036614,42149156.000000,0.438049,0,1
39,38,30,40,31,23,29,30,
300.000000,158.000000,0.019983,34346664.000000,0.069447,0,1
31,32,20,39,35,14,46,31,
371.000000,158.000000,0.020432,20021310.000000,0.032345,0,1
38,39,26,38,32,21,28,22,
103.000000,159.000000,0.059965,25230534.000000,0.232286,0,1
28,23,36,22,27,33,27,36,
269.000000,159.000000,0.041906,41637272.000000,0.177241,0,1
26,40,22,50,37,22,48,40,
103.000000,160.000000,0.061660,21311894.000000,0.233408,0,1
27,23,36,26,30,34,35,43,
116.000000,160.000000,0.020387,74585688.000000,0.076646,0,1
39,28,46,27,38,46,36,43,
215.000000,160.000000,0.035171,28347078.000000,0.214214,0,1
23,31,20,32,26,27,30,24,
247.000000,160.000000,0.033394,18932152.000000,0.167737,0,1
33,33,27,39,28,25,31,26,
291.000000,160.000000,0.035542,10291477.000000,0.130564,0,1
49,37,35,35,40,48,34,21,
205.000000,162.000000,0.035948,15359851.000000,0.235155,0,1
24,34,22,41,33,21,38,30,
262.000000,162.000000,0.039123,12542679.000000,0.180128,0,1
41,34,46,28,35,39,23,22,
274.000000,162.000000,0.041843,16044461.000000,0.176799,0,1
47,33,48,25,30,29,23,18,
45.000000,164.000000,0.043210,11195025.000000,0.175760,0,1
23,25,26,27,31,34,35,39,
49.000000,164.000000,0.035421,3346384.500000,0.140257,0,1
26,27,31,34,39,39,41,41,
27.000000,165.000000,0.044879,22693782.000000,0.193085,0,1
25,27,30,30,39,39,38,45,
69.000000,165.000000,0.037775,5545200.000000,0.140742,0,1
33,37,38,36,40,46,41,40,
199.000000,165.000000,0.033666,3089943.500000,0.229391,0,1
34,29,31,23,23,23,18,16,
369.000000,165.000000,0.098592,917809.312500,0.461249,0,1
22,30,22,26,27,21,30,28,
512.000000,165.000000,0.076455,10594458.000000,0.433416,0,1
58,52,56,50,53,56,47,44,
495.000000,167.000000,0.079797,33072244.000000,0.412551,0,1
24,36,44,24,26,42,21,17,
105.000000,168.000000,0.068697,55806084.000000,0.258589,0,1
40,46,34,47,41,28,36,34,
496.000000,168.000000,0.080079,28924940.000000,0.417069,0,1
44,26,42,21,24,29,17,19,
529.000000,168.000000,0.079575,131971232.000000,0.500771,0,1
63,59,74,60,68,69,57,52,
40.000000,169.000000,0.047591,27701156.000000,0.198469,0,1
36,39,31,40,33,29,32,28,
451.000000,169.000000,0.060024,39381436.000000,0.219544,0,1
14,14,21,16,35,45,17,19,
435.000000,170.000000,0.063919,18248654.000000,0.208269,0,1
22,17,24,15,22,25,17,22,
295.000000,171.000000,0.065873,498909.562500,0.077820,0,1
16,14,24,16,19,39,15,19,
239.000000,174.000000,0.014843,6555111.000000,0.090382,0,1
22,22,27,21,26,29,23,23,
301.000000,174.000000,0.030709,921102.687500,0.016729,0,1
33,47,17,45,36,12,48,37,
394.000000,174.000000,0.041587,1190386.500000,0.209978,0,1
18,18,18,22,21,22,23,26,
323.000000,176.000000,0.019362,1275858.500000,0.065732,0,1
18,11,26,13,20,27,12,21,
295.000000,177.000000,0.032503,3509383.750000,0.370260,0,1
15,15,26,14,26,32,17,23,
105.000000,178.000000,0.068554,77135720.000000,0.255571,0,1
35,28,40,25,34,38,28,33,
314.000000,178.000000,0.062980,1808487.875000,0.641795,0,1
14,15,12,18,17,17,20,24,
402.000000,178.000000,0.057514,1480578.875000,0.281641,0,1
26,25,26,22,22,22,20,19,
179.000000,179.000000,0.015012,5135695.000000,0.066173,0,1
25,19,31,16,24,36,15,22,
435.000000,180.000000,0.063929,31161018.000000,0.211409,0,1
18,13,23,11,16,25,13,16,
363.000000,182.000000,0.063428,17104450.000000,0.373261,0,1
19,18,27,17,23,29,18,23,
487.000000,183.000000,0.067528,24180016.000000,0.325938,0,1
16,15,19,15,24,23,16,21,
157.000000,185.000000,0.072353,4524939.500000,0.614537,0,1
14,15,19,20,20,21,26,30,
107.000000,187.000000,0.068443,37319384.000000,0.254947,0,1
36,33,35,26,33,32,26,25,
490.000000,187.000000,0.068320,7089504.500000,0.337954,0,1
17,23,16,24,25,22,26,23,
439.000000,188.000000,0.060241,20051164.000000,0.206830,0,1
20,25,14,25,19,13,25,20,
472.000000,188.000000,0.061839,11040186.000000,0.269036,0,1
14,12,17,11,15,19,11,14,
484.000000,189.000000,0.066597,4124320.500000,0.316831,0,1
12,15,15,19,17,14,21,24,
189.000000,190.000000,0.066025,24264456.000000,0.440461,0,1
19,21,23,20,26,30,20,25,
192.000000,190.000000,0.068742,19658236.000000,0.450035,0,1
19,23,20,30,26,18,30,27,
363.000000,190.000000,0.062923,17781468.000000,0.378965,0,1
22,19,30,17,20,31,16,20,
279.000000,191.000000,0.064132,44756632.000000,0.727045,0,1
22,13,29,11,22,30,12,22,
282.000000,191.000000,0.066165,45450792.000000,0.730515,0,1
24,30,15,29,24,13,31,26,
439.000000,192.000000,0.060260,19606678.000000,0.208633,0,1
20,24,14,23,21,14,25,22,
381.000000,193.000000,0.055033,2402545.000000,0.292462,0,1
18,18,20,20,24,25,26,28,
440.000000,194.000000,0.059903,15256641.000000,0.209688,0,1
15,22,14,26,15,14,23,21,
367.000000,197.000000,0.062776,30440630.000000,0.375323,0,1
22,30,17,33,23,17,31,25,
324.000000,198.000000,0.055525,1884578.750000,0.579524,0,1
13,10,18,11,15,19,11,13,
384.000000,198.000000,0.055858,5021950.000000,0.293948,0,1
23,28,19,31,26,21,29,26,
193.000000,199.000000,0.068571,37111060.000000,0.451128,0,1
23,29,18,32,24,16,30,25,
283.000000,199.000000,0.066184,61613860.000000,0.733471,0,1
20,31,15,33,21,14,32,22,
463.000000,199.000000,0.060814,26313286.000000,0.253069,0,1
12,12,15,15,17,19,26,36,
469.000000,199.000000,0.061028,20735498.000000,0.264219,0,1
10,12,12,18,18,16,30,36,
474.000000,199.000000,0.062254,13769123.000000,0.279080,0,1
18,17,19,20,22,20,29,32,
456.000000,200.000000,0.060789,39662420.000000,0.241857,0,1
12,14,15,22,24,25,34,40,
467.000000,200.000000,0.060279,31758706.000000,0.257612,0,1
13,18,19,28,29,30,36,38,
472.000000,200.000000,0.061598,25669908.000000,0.272682,0,1
15,16,24,29,26,28,34,36,
338.000000,201.000000,0.064215,3930392.500000,0.512312,0,1
11,10,12,13,14,18,22,19,
447.000000,201.000000,0.060980,47521948.000000,0.228632,0,1
14,19,20,29,30,31,40,46,
323.000000,202.000000,0.060907,1948678.250000,0.209174,0,1
12,10,14,15,15,22,20,15,
329.000000,202.000000,0.063548,3221274.750000,0.574753,0,1
13,15,15,21,21,23,23,15,
189.000000,203.000000,0.066066,58683620.000000,0.446627,0,1
19,14,28,15,18,32,17,19,
406.000000,204.000000,0.062530,126888472.000000,0.270025,0,1
25,25,25,32,36,36,59,71,
425.000000,204.000000,0.062943,48908724.000000,0.226729,0,1
24,28,28,36,36,36,48,53,
193.000000,205.000000,0.068165,48665436.000000,0.451434,0,1
27,31,20,32,27,18,32,28,
266.000000,205.000000,0.071869,10361593.000000,0.921499,0,1
14,12,15,16,17,20,23,21,
392.000000,205.000000,0.062788,81498640.000000,0.309413,0,1
22,22,22,25,28,31,50,53,
250.000000,206.000000,0.064042,3593032.500000,0.348149,0,1
12,15,15,19,19,19,25,23,
377.000000,206.000000,0.063330,66125384.000000,0.355997,0,1
18,22,22,28,29,30,49,52,
388.000000,206.000000,0.062658,94281128.000000,0.320991,0,1
21,22,24,40,44,48,51,55,
433.000000,206.000000,0.065025,24557996.000000,0.225601,0,1
29,35,31,48,42,37,50,50,
231.000000,207.000000,0.067928,6110861.000000,0.371019,0,1
15,17,14,20,19,19,26,23,
359.000000,207.000000,0.064075,66720036.000000,0.418386,0,1
17,19,19,25,25,27,43,53,
492.000000,207.000000,0.078249,85379792.000000,0.412052,0,1
27,37,23,39,29,22,40,33,
350.000000,208.000000,0.064516,61698176.000000,0.452944,0,1
20,25,26,35,37,40,49,54,
368.000000,208.000000,0.063502,79144280.000000,0.387546,0,1
21,36,38,49,49,50,53,54,
386.000000,208.000000,0.062505,36171440.000000,0.329974,0,1
40,52,51,55,54,55,54,58,
407.000000,208.000000,0.064510,20344574.000000,0.283707,0,1
73,63,76,57,61,74,57,58,
336.000000,209.000000,0.063991,71694768.000000,0.508057,0,1
19,21,22,36,38,38,55,54,
439.000000,209.000000,0.069268,41451660.000000,0.255529,0,1
34,41,38,48,47,50,56,60,
243.000000,211.000000,0.062213,8503434.000000,0.319664,0,1
19,20,25,17,25,29,21,30,
306.000000,211.000000,0.065466,43219648.000000,0.638139,0,1
26,33,27,40,34,32,47,53,
318.000000,211.000000,0.065945,41927352.000000,0.595045,0,1
27,25,25,36,40,43,51,54,
447.000000,211.000000,0.071612,29812774.000000,0.282161,0,1
34,45,35,57,48,42,59,59,
513.000000,211.000000,0.080488,52999120.000000,0.482151,0,1
54,52,52,43,41,43,24,22,
151.000000,212.000000,0.069447,3392639.750000,0.377246,0,1
18,18,19,20,22,23,29,25,
153.000000,212.000000,0.068311,5794198.500000,0.557335,0,1
18,19,19,22,23,23,29,23,
263.000000,212.000000,0.065215,49669072.000000,0.845887,0,1
15,20,21,30,32,33,45,54,
283.000000,212.000000,0.065425,44710704.000000,0.748209,0,1
27,28,29,39,42,44,57,54,
295.000000,212.000000,0.064908,52155960.000000,0.682312,0,1
29,39,37,50,47,42,52,52,
302.000000,212.000000,0.065942,22397068.000000,0.658917,0,1
33,34,38,40,43,47,50,55,
171.000000,213.000000,0.065878,3328371.500000,0.493210,0,1
23,26,27,21,21,20,17,16,
253.000000,213.000000,0.065490,40544568.000000,0.908613,0,1
17,23,24,34,34,36,48,57,
466.000000,213.000000,0.076415,18939066.000000,0.346161,0,1
43,36,39,36,38,43,44,48,
456.000000,214.000000,0.075487,25683206.000000,0.320946,0,1
36,44,39,48,48,48,51,53,
493.000000,214.000000,0.078598,47088668.000000,0.421252,0,1
27,38,25,47,39,27,51,50,
95.000000,215.000000,0.073223,3518938.000000,0.303092,0,1
18,19,18,23,23,22,29,26,
96.000000,215.000000,0.072951,4281576.000000,0.296336,0,1
18,18,18,23,22,22,28,25,
190.000000,215.000000,0.066946,52617628.000000,0.454925,0,1
22,16,31,24,23,32,28,36,
199.000000,215.000000,0.067474,28606168.000000,0.447361,0,1
17,18,19,23,23,25,32,47,
205.000000,215.000000,0.067723,27937010.000000,0.430768,0,1
17,19,19,26,27,29,37,46,
212.000000,215.000000,0.066904,37508636.000000,0.409153,0,1
15,17,19,31,31,35,42,55,
221.000000,215.000000,0.066712,40050500.000000,0.390524,0,1
20,26,28,37,37,39,49,55,
233.000000,216.000000,0.066419,58542588.000000,0.363247,0,1
35,49,51,59,67,62,73,66,
488.000000,216.000000,0.077824,6962941.500000,0.405924,0,1
45,50,48,56,53,51,58,58,
498.000000,216.000000,0.080874,69971304.000000,0.449880,0,1
21,30,20,51,31,24,52,52,
211.000000,217.000000,0.066495,26277248.000000,0.410670,0,1
31,41,42,51,53,55,52,51,
504.000000,217.000000,0.081012,110369368.000000,0.466716,0,1
19,28,28,45,46,47,55,58,
176.000000,218.000000,0.067580,36356692.000000,0.501191,0,1
21,30,32,40,42,43,53,56,
512.000000,218.000000,0.082584,23811960.000000,0.499521,0,1
31,32,32,50,36,35,53,54,
622.000000,218.000000,0.089209,25751216.000000,0.570580,0,1
17,18,18,20,22,23,36,34,
152.000000,219.000000,0.068261,42056016.000000,0.563302,0,1
19,26,28,37,40,42,54,57,
162.000000,219.000000,0.067573,52229172.000000,0.536733,0,1
22,32,33,45,46,47,59,53,
127.000000,220.000000,0.069058,27633668.000000,0.390505,0,1
19,21,22,30,32,33,44,52,
606.000000,220.000000,0.089465,31885702.000000,0.538030,0,1
18,22,23,29,33,37,33,37,
135.000000,221.000000,0.069090,37430356.000000,0.380590,0,1
27,37,38,49,53,56,63,77,
139.000000,221.000000,0.068823,63759432.000000,0.366575,0,1
28,39,38,56,57,54,73,55,
369.000000,221.000000,0.078578,12957896.000000,0.480553,0,1
53,52,52,57,56,56,62,63,
580.000000,221.000000,0.090685,33981216.000000,0.491043,0,1
18,18,18,25,25,28,33,36,
585.000000,221.000000,0.090657,25188002.000000,0.501440,0,1
20,20,22,29,30,28,34,35,
107.000000,222.000000,0.069837,22076366.000000,0.275191,0,1
19,25,27,34,37,38,50,54,
538.000000,222.000000,0.092624,18665780.000000,0.660938,0,1
20,18,20,18,20,20,18,22,
567.000000,222.000000,0.090895,71422408.000000,0.741443,0,1
17,17,18,24,27,31,33,36,
568.000000,222.000000,0.090830,69229616.000000,0.744198,0,1
17,17,19,25,29,32,36,36,
87.000000,223.000000,0.070298,30200098.000000,0.288268,0,1
20,23,23,35,35,38,49,51,
94.000000,223.000000,0.069858,39672212.000000,0.279362,0,1
21,26,26,38,39,40,55,50,
96.000000,223.000000,0.069872,39758932.000000,0.277354,0,1
19,26,27,39,40,43,53,48,
324.000000,223.000000,0.079296,23911932.000000,0.241015,0,1
85,85,84,91,89,80,95,101,
556.000000,223.000000,0.091305,75556152.000000,0.709011,0,1
17,18,19,30,35,38,38,39,
71.000000,224.000000,0.071062,27145818.000000,0.296116,0,1
21,25,25,33,35,36,48,52,
254.000000,226.000000,0.079757,4980232.500000,1.041179,0,1
56,56,55,57,58,60,62,66,
521.000000,226.000000,0.091627,48964860.000000,0.601815,0,1
25,41,27,50,42,33,54,56,
582.000000,226.000000,0.094176,34906144.000000,0.520306,0,1
40,43,43,45,46,47,60,61,
585.000000,226.000000,0.094036,53039860.000000,0.526010,0,1
40,42,42,46,48,51,61,58,
613.000000,226.000000,0.093196,23571274.000000,0.583301,0,1
46,61,63,61,58,54,52,52,
602.000000,227.000000,0.093418,45980504.000000,0.560323,0,1
52,63,63,62,58,54,52,52,
426.000000,228.000000,0.088825,70979416.000000,0.359644,0,1
64,64,66,74,74,77,81,69,
439.000000,228.000000,0.091042,88556440.000000,0.375255,0,1
99,91,96,81,83,83,70,66,
556.000000,228.000000,0.095556,100615440.000000,0.754867,0,1
43,45,44,48,48,48,70,59,
593.000000,228.000000,0.094226,23443962.000000,0.546176,0,1
56,63,63,57,55,52,53,52,
409.000000,229.000000,0.090236,41448640.000000,0.403168,0,1
63,63,63,70,69,67,79,70,
543.000000,229.000000,0.095897,93976488.000000,0.713641,0,1
43,46,47,53,53,54,68,61,
548.000000,229.000000,0.095677,121474392.000000,0.728851,0,1
43,47,48,55,58,59,72,54,
399.000000,230.000000,0.089652,55398928.000000,0.440009,0,1
62,64,65,69,71,74,82,69,
402.000000,230.000000,0.089310,63388808.000000,0.435989,0,1
64,66,67,72,76,81,80,68,
532.000000,230.000000,0.096118,123386096.000000,0.679188,0,1
45,49,50,59,61,62,72,64,
379.000000,231.000000,0.091350,28369134.000000,0.531166,0,1
62,62,62,62,63,63,75,69,
503.000000,231.000000,0.097417,93796624.000000,0.596453,0,1
58,58,57,61,60,59,67,89,
510.000000,231.000000,0.097852,106043648.000000,0.622287,0,1
60,59,60,61,62,63,78,83,
513.000000,231.000000,0.097882,109438784.000000,0.632293,0,1
59,58,59,63,64,66,81,78,
368.000000,232.000000,0.091639,33301184.000000,0.567191,0,1
62,62,62,65,65,67,75,70,
400.000000,232.000000,0.092434,36493716.000000,0.451616,0,1
72,83,80,70,69,68,66,65,
535.000000,232.000000,0.097359,117259968.000000,0.702482,0,1
63,75,73,63,59,56,55,54,
536.000000,232.000000,0.097502,130723312.000000,0.707234,0,1
64,75,72,61,57,54,54,53,
544.000000,232.000000,0.097576,56951292.000000,0.735820,0,1
70,61,58,50,49,50,48,52,
361.000000,233.000000,0.091929,51114620.000000,0.609655,0,1
62,64,63,72,74,73,77,69,
381.000000,233.000000,0.093663,37393656.000000,0.517333,0,1
63,75,75,69,68,66,63,62,
514.000000,233.000000,0.098296,127458400.000000,0.641058,0,1
66,81,80,80,76,73,65,60,
321.000000,234.000000,0.091028,60619256.000000,0.289744,0,1
85,69,105,67,83,108,68,88,
349.000000,234.000000,0.092281,39625496.000000,0.653291,0,1
65,65,66,68,72,72,76,67,
328.000000,235.000000,0.092072,76737024.000000,0.740364,0,1
67,84,65,99,66,67,85,70,
166.000000,236.000000,0.086240,4336554.500000,0.645294,0,1
56,56,57,60,59,60,63,65,
176.000000,236.000000,0.082193,1824295.000000,0.597900,0,1
57,59,59,62,62,63,64,65,
558.000000,236.000000,0.103486,16261298.000000,0.851557,0,1
51,52,50,57,57,57,61,62,
97.000000,237.000000,0.087122,19011858.000000,0.353697,0,1
56,57,65,60,76,90,71,70,
291.000000,238.000000,0.094929,35180256.000000,0.960729,0,1
64,66,66,71,73,70,80,74,
271.000000,239.000000,0.095717,28330112.000000,1.094138,0,1
64,64,65,66,64,64,77,83,
279.000000,239.000000,0.095178,60886368.000000,1.044574,0,1
63,63,64,66,72,73,87,72,
280.000000,239.000000,0.095327,58766636.000000,1.038099,0,1
65,63,63,69,72,74,89,69,
311.000000,239.000000,0.094998,34885796.000000,0.338044,0,1
78,84,83,71,70,69,68,66,
287.000000,240.000000,0.095174,30493696.000000,1.011672,0,1
69,75,80,77,76,75,66,65,
291.000000,240.000000,0.095314,37461888.000000,0.385429,0,1
73,80,81,75,74,72,65,63,
296.000000,240.000000,0.095159,31898888.000000,0.366504,0,1
77,81,78,72,72,70,67,66,
480.000000,240.000000,0.104589,22705522.000000,0.587482,0,1
63,64,63,63,64,62,58,56,
249.000000,241.000000,0.096781,30023298.000000,1.256863,0,1
63,63,64,65,64,65,76,72,
279.000000,241.000000,0.096285,51441924.000000,0.406641,0,1
72,87,85,74,72,68,63,64,
479.000000,241.000000,0.105548,21454930.000000,0.592553,0,1
64,63,64,62,58,56,60,56,
271.000000,242.000000,0.096543,47020468.000000,1.115411,0,1
78,82,82,69,66,66,64,63,
420.000000,242.000000,0.104355,9588151.000000,0.455550,0,1
63,63,63,62,61,60,59,55,
518.000000,242.000000,0.104700,35595536.000000,0.719882,0,1
103,91,105,66,79,100,63,61,
215.000000,244.000000,0.097175,70068464.000000,0.575047,0,1
64,66,66,73,76,77,84,74,
241.000000,244.000000,0.097470,46691620.000000,1.330609,0,1
72,79,78,74,71,68,65,63,
200.000000,245.000000,0.097825,56090380.000000,0.618234,0,1
101,103,83,103,89,75,92,75,
222.000000,245.000000,0.098919,57164308.000000,0.566777,0,1
66,82,83,78,76,74,68,64,
232.000000,245.000000,0.098314,46755092.000000,1.396242,0,1
76,86,83,70,69,67,65,64,
529.000000,246.000000,0.112299,50057384.000000,0.837922,0,1
90,101,95,81,91,93,69,64,
178.000000,247.000000,0.098998,71593168.000000,0.694100,0,1
65,64,66,75,79,83,87,70,
197.000000,247.000000,0.100416,129042120.000000,0.647095,0,1
103,96,96,85,82,78,68,67,
537.000000,247.000000,0.112711,23306184.000000,0.876132,0,1
52,59,50,84,66,52,94,97,
25.000000,248.000000,0.092043,2387741.000000,0.466100,0,1
57,58,57,58,53,50,53,52,
159.000000,248.000000,0.099722,30897534.000000,0.759643,0,1
64,65,63,68,71,75,79,76,
183.000000,248.000000,0.100172,76245288.000000,0.684815,0,1
67,85,89,81,80,76,68,65,
201.000000,248.000000,0.100262,49043516.000000,0.632969,0,1
83,75,68,66,64,62,66,64,
175.000000,249.000000,0.100242,78013936.000000,0.444348,0,1
73,91,87,74,72,71,65,66,
541.000000,249.000000,0.116252,47290652.000000,0.933093,0,1
51,61,51,86,77,61,99,107,
162.000000,250.000000,0.101147,46036840.000000,0.773287,0,1
76,81,82,73,72,71,65,66,
544.000000,250.000000,0.117111,47631316.000000,0.957033,0,1
51,61,56,96,78,64,106,108,
103.000000,252.000000,0.100663,58903200.000000,0.624072,0,1
62,64,64,71,70,71,87,78,
135.000000,252.000000,0.101900,39529060.000000,0.871372,0,1
71,82,82,72,71,69,65,67,
140.000000,252.000000,0.102062,29863066.000000,0.854915,0,1
75,82,79,66,66,68,66,68,
87.000000,253.000000,0.100498,35315984.000000,0.446032,0,1
61,62,62,65,66,67,82,78,
92.000000,253.000000,0.101020,44722216.000000,0.442575,0,1
62,64,63,68,70,73,88,72,
117.000000,253.000000,0.102601,55759176.000000,0.585228,0,1
69,86,86,81,77,73,67,66,
121.000000,253.000000,0.103045,39172176.000000,0.571466,0,1
71,89,89,73,69,68,65,65,
242.000000,254.000000,0.110025,18382488.000000,1.443827,0,1
63,60,64,56,58,64,56,58,
576.000000,255.000000,0.126787,26945348.000000,0.753770,0,1
51,53,52,60,57,55,62,64,
595.000000,255.000000,0.127109,92126200.000000,0.816102,0,1
53,56,55,58,57,57,63,86,
607.000000,255.000000,0.126585,138926240.000000,0.850452,0,1
56,59,59,63,67,68,88,100,
45.000000,256.000000,0.102467,17871788.000000,0.511550,0,1
60,60,61,66,67,68,75,68,
50.000000,256.000000,0.105747,29746680.000000,0.525271,0,1
61,64,73,69,79,88,81,66,
56.000000,256.000000,0.106580,59292152.000000,0.522640,0,1
92,92,89,87,86,82,75,66,
78.000000,256.000000,0.105049,46651372.000000,0.485286,0,1
73,89,87,74,73,72,68,67,
80.000000,256.000000,0.104978,41606512.000000,0.482298,0,1
76,87,86,73,72,72,69,67,
88.000000,256.000000,0.105428,22843272.000000,0.474410,0,1
85,78,76,70,68,68,67,66,
332.000000,256.000000,0.113615,3644833.250000,0.891406,0,1
60,56,58,55,57,57,55,55,
446.000000,256.000000,0.117981,9136554.000000,0.597024,0,1
59,61,58,61,60,54,62,63,
549.000000,256.000000,0.122853,33532056.000000,1.054183,0,1
91,86,93,66,85,99,61,61,
35.000000,257.000000,0.103322,47427592.000000,0.529711,0,1
61,64,64,70,72,72,83,70,
66.000000,257.000000,0.105454,36038000.000000,0.503950,0,1
73,81,82,68,68,69,67,66,
559.000000,257.000000,0.125841,69101896.000000,0.698114,0,1
54,64,60,97,80,64,102,103,
278.000000,260.000000,0.116592,5087355.000000,1.253022,0,1
63,62,62,62,59,57,55,54,
294.000000,260.000000,0.117993,7144578.500000,1.147986,0,1
60,59,58,57,58,58,56,51,
500.000000,260.000000,0.126317,7741756.000000,0.874789,0,1
56,59,58,64,62,61,66,66,
589.000000,260.000000,0.129918,242527024.000000,0.824316,0,1
100,102,101,84,76,68,65,62,
241.000000,261.000000,0.115502,11231009.000000,1.512117,0,1
61,61,56,64,60,58,66,64,
578.000000,261.000000,0.130729,319331904.000000,0.796571,0,1
100,108,103,85,82,75,60,54,
574.000000,263.000000,0.131034,188813040.000000,0.788163,0,1
90,72,63,86,69,56,96,99,
595.000000,263.000000,0.130880,8626886.000000,0.854954,0,1
54,55,53,63,58,56,64,63,
575.000000,264.000000,0.131386,55331348.000000,0.795171,0,1
63,69,56,96,73,56,99,96,
412.000000,266.000000,0.130287,6289394.500000,0.633758,0,1
55,55,55,58,56,56,58,60,
115.000000,269.000000,0.119977,79885680.000000,0.689272,0,1
63,58,61,53,52,58,42,57,
580.000000,271.000000,0.140157,23908426.000000,0.890393,0,1
109,99,114,66,89,107,64,63,
592.000000,271.000000,0.141593,45548440.000000,0.945054,0,1
59,61,60,92,65,61,96,98,
107.000000,272.000000,0.121540,87646880.000000,0.723338,0,1
60,60,50,64,60,57,66,66,
112.000000,272.000000,0.121621,69692512.000000,0.713614,0,1
44,48,51,58,60,63,65,66,
591.000000,276.000000,0.146231,26971604.000000,0.988245,0,1
110,101,107,67,83,100,62,60,
446.000000,283.000000,0.148293,12641939.000000,0.665626,0,1
66,63,62,60,55,63,51,57,
536.000000,52.000000,0.018124,30990076.000000,0.110763,0,1
64,69,59,69,63,58,67,65,
150.000000,249.000000,0.100264,24376852.000000,0.794184,0,1
64,63,63,67,70,72,76,72,
525.000000,62.000000,0.016167,31475468.000000,0.091878,0,1
53,60,57,65,62,61,64,60,
423.000000,228.000000,0.089104,76827712.000000,0.359194,0,1
63,63,64,70,73,74,83,71,
85.000000,68.000000,0.072683,182300192.000000,0.296115,0,1
34,43,25,69,44,24,70,71,
366.000000,221.000000,0.078509,11932609.000000,0.488362,0,1
55,53,52,55,57,56,61,65,
144.000000,220.000000,0.068612,23303940.000000,0.231803,0,1
21,29,32,40,43,47,54,54,
171.000000,218.000000,0.067929,37930024.000000,0.510787,0,1
19,26,28,36,38,39,49,57,
47.000000,218.000000,0.072961,8602740.000000,0.324671,0,1
17,18,17,24,24,25,28,24,
97.000000,73.000000,0.070409,113264784.000000,0.274145,0,1
20,30,22,58,40,26,67,58,
425.000000,215.000000,0.074980,18320602.000000,0.284737,0,1
60,60,60,69,62,59,76,83,
183.000000,212.000000,0.066459,3289362.000000,0.469777,0,1
24,27,28,24,24,26,18,18,
416.000000,204.000000,0.062144,71003672.000000,0.244230,0,1
21,26,26,38,40,38,49,53,
515.000000,203.000000,0.089450,313575648.000000,0.549131,0,1
43,54,31,56,45,29,55,46,
239.000000,202.000000,0.010239,1809611.500000,0.074518,0,1
19,17,27,17,20,38,18,19,
395.000000,198.000000,0.062732,8092995.500000,0.290124,0,1
15,16,15,23,22,24,26,18,
577.000000,85.000000,0.016130,53275284.000000,0.113728,0,1
34,44,40,45,49,54,44,58,
599.000000,86.000000,0.010731,52480736.000000,0.082194,0,1
61,61,61,61,58,49,58,57,
646.000000,87.000000,0.012687,49792236.000000,0.077304,0,1
66,65,64,64,57,53,31,23,
144.000000,93.000000,0.011816,9275113.000000,0.046720,0,1
73,71,70,59,59,60,50,59,
475.000000,95.000000,0.008525,16600798.000000,0.034292,0,1
58,54,57,51,51,57,45,43,
534.000000,96.000000,0.007134,85566280.000000,0.039764,0,1
39,25,42,20,26,35,20,19,
367.000000,165.000000,0.012065,4238718.500000,0.020337,0,1
25,19,30,20,26,27,19,25,
599.000000,97.000000,0.010151,320987264.000000,0.077055,0,1
59,51,61,38,47,63,31,33,
488.000000,99.000000,0.009699,18114632.000000,0.042071,0,1
48,46,36,46,36,28,36,25,
135.000000,101.000000,0.012027,10216352.000000,0.047167,0,1
62,61,61,55,55,56,37,28,
600.000000,101.000000,0.010948,984309504.000000,0.083415,0,1
53,31,59,24,48,59,27,45,
600.000000,104.000000,0.011749,369021376.000000,0.049709,0,1
46,26,54,21,43,54,25,39,
367.000000,158.000000,0.020600,16813514.000000,0.131593,0,1
21,18,31,14,23,38,18,25,
211.000000,106.000000,0.034352,22181780.000000,0.217408,0,1
49,44,45,41,39,35,36,36,
407.000000,109.000000,0.008135,33365018.000000,0.034660,0,1
58,52,54,46,35,50,27,26,
385.000000,112.000000,0.011000,6969329.000000,0.060391,0,1
52,45,44,39,37,39,31,28,
403.000000,112.000000,0.007084,37516364.000000,0.032240,0,1
54,50,36,43,31,25,31,25,
252.000000,113.000000,0.027055,14308502.000000,0.141810,0,1
45,48,50,41,43,38,31,36,
160.000000,115.000000,0.019073,14373289.000000,0.060362,0,1
49,63,59,58,57,55,40,40,
300.000000,115.000000,0.027970,12992089.000000,0.338086,0,1
47,34,41,36,35,37,29,22,
343.000000,115.000000,0.020290,12762741.000000,0.167266,0,1
59,57,57,40,39,38,22,19,
236.000000,136.000000,0.019222,55582592.000000,0.106502,0,1
34,21,37,17,27,37,19,26,
371.000000,135.000000,0.016476,88106904.000000,0.101540,0,1
32,43,23,43,33,22,42,33,
320.000000,127.000000,0.017016,9764866.000000,0.171702,0,1
14,13,20,13,15,25,14,13,
266.000000,125.000000,0.037616,10895491.000000,0.166326,0,1
41,40,43,31,34,29,21,19,
46.000000,226.000000,0.070683,22672698.000000,0.316850,0,1
21,29,31,39,41,41,51,52,
80.000000,224.000000,0.070708,16415121.000000,0.286409,0,1
22,29,31,41,44,46,52,50,
232.000000,215.000000,0.066515,54283884.000000,0.362916,0,1
23,34,35,46,49,51,59,73,
335.000000,209.000000,0.064124,66803660.000000,0.507088,0,1
17,21,22,33,38,38,52,53,
508.000000,205.000000,0.080808,495900800.000000,0.467787,0,1
46,25,54,17,45,55,23,44,
175.000000,115.000000,0.022436,7590286.500000,0.065886,0,1
63,60,60,47,50,48,33,47,
133.000000,187.000000,0.070579,4739408.000000,0.235493,0,1
20,21,20,30,29,29,33,32,
127.000000,102.000000,0.011690,8820433.000000,0.044274,0,1
59,53,53,40,39,39,29,28,
193.000000,128.000000,0.026040,4339153.000000,0.182538,0,1
42,33,34,21,21,20,16,16,
31.000000,228.000000,0.072054,18716174.000000,0.337545,0,1
32,40,42,52,55,61,63,59,
124.000000,155.000000,0.020559,115729208.000000,0.059095,0,1
29,42,23,47,32,18,40,31,
56.000000,225.000000,0.071383,21625488.000000,0.311348,0,1
22,26,27,35,36,38,47,54,
88.000000,71.000000,0.071166,86172576.000000,0.286688,0,1
22,41,21,67,45,25,66,76,
92.000000,72.000000,0.071844,46905312.000000,0.284754,0,1
20,24,22,53,47,40,69,73,
136.000000,116.000000,0.023389,6067269.000000,0.080156,0,1
69,65,65,53,53,50,33,48,
427.000000,104.000000,0.011055,10960730.000000,0.035637,0,1
56,53,51,44,41,41,34,31,
103.000000,80.000000,0.069535,336306400.000000,0.263634,0,1
61,45,74,34,56,77,40,54,
104.000000,84.000000,0.069816,325962048.000000,0.262924,0,1
68,52,75,40,64,77,49,61,
104.000000,90.000000,0.069892,286027840.000000,0.262277,0,1
58,45,70,37,56,72,44,52,
564.000000,94.000000,0.016610,54456796.000000,0.072444,0,1
35,23,40,24,38,37,22,31,
123.000000,149.000000,0.020827,94602856.000000,0.060107,0,1
36,43,25,48,37,20,45,39,
