# timestamp
1608635256890103040

# fx, fy, cx, cy, width, height, npoints
501.487762,501.475098,421.773468,167.668488,800,400,561

# camToWorld: translation vector, rotation quaternion
-34.467850,35.990855,4.230605,0.100453,-0.716943,0.680974,-0.110346

# Exposure time (ms)
5.598895

# Point Cloud Data : 
# u,v,idepth_scaled,idepth_hessian,maxRelBaseline,numGoodRes,status 
# color information 
299.000000,117.000000,0.177678,304493280.000000,0.749458,0,1
190,243,34,136,142,18,164,48,
474.000000,149.000000,0.074708,60315760.000000,0.112588,0,1
255,255,201,104,176,38,43,29,
565.000000,149.000000,0.074673,622920000.000000,0.273298,0,1
25,63,32,179,120,36,254,255,
558.000000,156.000000,0.075996,1022247552.000000,0.238030,0,1
249,253,115,254,142,38,206,91,
539.000000,181.000000,0.075709,336839296.000000,0.215511,0,1
219,42,233,27,183,232,48,51,
488.000000,216.000000,0.074826,347300320.000000,0.180549,0,1
255,228,191,107,109,100,88,89,
512.000000,216.000000,0.076243,327234400.000000,0.213920,0,1
99,53,182,56,82,102,79,87,
567.000000,216.000000,0.076276,612619136.000000,0.323182,0,1
125,199,47,144,88,50,97,95,
725.000000,272.000000,0.143818,32454122.000000,1.068283,0,1
16,24,22,34,32,29,42,46,
718.000000,115.000000,0.147760,5460636.500000,1.008518,0,1
36,34,38,28,30,28,22,24,
721.000000,115.000000,0.147325,49405984.000000,1.020944,0,1
34,36,22,30,25,16,19,18,
710.000000,121.000000,0.142794,234640544.000000,0.963705,0,1
19,14,32,11,24,41,17,26,
711.000000,123.000000,0.142372,260758416.000000,0.963783,0,1
35,26,43,17,39,45,25,34,
711.000000,133.000000,0.142230,361760256.000000,0.956413,0,1
43,29,48,19,43,52,29,44,
711.000000,142.000000,0.142110,436724288.000000,0.951177,0,1
45,34,52,22,49,52,35,48,
679.000000,144.000000,0.092013,491842592.000000,0.639164,0,1
21,30,81,44,62,94,54,80,
343.000000,146.000000,0.068337,511899712.000000,0.376047,0,1
207,77,201,23,126,222,26,27,
702.000000,161.000000,0.134626,280319392.000000,0.886856,0,1
14,17,15,55,24,16,53,22,
396.000000,184.000000,0.077145,131156832.000000,0.236983,0,1
29,40,41,78,137,77,238,252,
591.000000,190.000000,0.076896,663338560.000000,0.356191,0,1
167,250,107,249,139,36,209,109,
691.000000,246.000000,0.111232,17333106.000000,0.794731,0,1
15,25,16,39,29,17,41,44,
699.000000,252.000000,0.129556,128238056.000000,0.907210,0,1
18,34,22,46,37,25,48,50,
719.000000,271.000000,0.142853,33475058.000000,1.049270,0,1
20,23,21,29,30,28,34,39,
521.000000,191.000000,0.075422,107113640.000000,0.127617,0,1
255,255,231,232,183,110,101,48,
575.000000,126.000000,0.076744,282548864.000000,0.179327,0,1
151,47,250,25,68,238,25,25,
550.000000,127.000000,0.074780,173025776.000000,0.148361,0,1
237,173,249,38,104,226,32,30,
614.000000,133.000000,0.078860,517684960.000000,0.225725,0,1
36,129,35,204,166,30,221,214,
117.000000,181.000000,0.063209,747098496.000000,0.370395,0,1
207,227,149,79,115,104,44,45,
574.000000,172.000000,0.075754,1197614848.000000,0.274895,0,1
40,144,35,248,113,32,235,218,
546.000000,170.000000,0.073251,571196416.000000,0.187390,0,1
162,238,76,224,136,31,162,44,
660.000000,148.000000,0.081133,3708111360.000000,0.468570,0,1
110,166,60,196,127,38,187,132,
141.000000,32.000000,0.232720,1722690.000000,1.047170,0,1
13,15,16,9,8,8,7,7,
298.000000,78.000000,0.178443,205607152.000000,0.372769,0,1
52,137,10,92,77,9,143,93,
647.000000,120.000000,0.077482,106347392.000000,0.503272,0,1
18,14,43,9,13,115,11,13,
672.000000,129.000000,0.087496,604262912.000000,0.364003,0,1
60,28,120,19,94,174,50,133,
654.000000,130.000000,0.080338,463761248.000000,0.527202,0,1
31,46,59,89,132,94,182,206,
665.000000,130.000000,0.082688,510252736.000000,0.333885,0,1
41,83,47,96,103,69,129,160,
647.000000,133.000000,0.083899,2187529728.000000,0.524915,0,1
20,15,59,17,23,121,16,25,
647.000000,135.000000,0.083981,2493244672.000000,0.523950,0,1
23,16,60,17,25,120,16,23,
648.000000,136.000000,0.084108,3177428480.000000,0.526336,0,1
60,25,120,16,60,135,23,51,
413.000000,144.000000,0.075379,95571480.000000,0.104403,0,1
230,237,159,236,140,38,200,81,
656.000000,145.000000,0.080053,1477332480.000000,0.523592,0,1
29,32,94,33,122,180,88,155,
485.000000,146.000000,0.071674,60810780.000000,0.108392,0,1
30,71,36,238,154,37,255,251,
552.000000,147.000000,0.079501,82116272.000000,0.157785,0,1
26,30,54,33,152,130,188,253,
672.000000,149.000000,0.087511,242859040.000000,0.596883,0,1
28,45,32,63,54,51,75,68,
630.000000,150.000000,0.081235,1824564224.000000,0.461548,0,1
49,69,42,100,53,41,70,54,
322.000000,151.000000,0.068886,89097304.000000,0.445852,0,1
220,120,220,27,129,224,33,70,
414.000000,152.000000,0.073352,84481528.000000,0.161652,0,1
155,215,56,228,181,28,251,105,
656.000000,153.000000,0.084224,125610016.000000,0.329691,0,1
174,121,173,42,98,121,31,40,
660.000000,153.000000,0.082538,1554148224.000000,0.543880,0,1
131,156,86,121,99,60,69,44,
45.000000,162.000000,0.061736,194285728.000000,1.469026,0,1
76,119,31,126,65,22,70,22,
423.000000,162.000000,0.070791,5466035.500000,0.075083,0,1
109,119,128,69,82,64,32,28,
630.000000,166.000000,0.082335,191591008.000000,0.467674,0,1
34,26,38,18,32,39,25,32,
559.000000,169.000000,0.078142,478374560.000000,0.266896,0,1
36,26,175,22,131,243,28,60,
607.000000,170.000000,0.076357,436774272.000000,0.384830,0,1
94,88,42,89,48,19,54,25,
189.000000,180.000000,0.064759,897880576.000000,0.672205,0,1
253,185,237,51,116,151,33,33,
595.000000,185.000000,0.075924,1315443968.000000,0.323979,0,1
51,115,55,242,135,50,223,145,
645.000000,186.000000,0.087972,77165408.000000,0.532428,0,1
38,42,52,29,44,56,22,21,
507.000000,197.000000,0.075026,343617280.000000,0.161426,0,1
49,57,95,79,164,214,215,255,
647.000000,214.000000,0.086075,64146632.000000,0.543705,0,1
13,20,13,50,28,15,54,51,
630.000000,215.000000,0.080602,546135232.000000,0.482496,0,1
30,29,29,98,34,26,65,30,
528.000000,216.000000,0.074268,46072728.000000,0.111925,0,1
25,169,39,99,99,52,87,88,
645.000000,216.000000,0.088522,45814920.000000,0.553594,0,1
50,42,54,17,36,51,12,11,
625.000000,233.000000,0.095503,35953492.000000,0.543033,0,1
102,96,95,89,87,84,83,80,
665.000000,233.000000,0.101516,410660832.000000,0.673830,0,1
46,58,40,68,52,37,67,53,
656.000000,234.000000,0.099630,37577124.000000,0.642078,0,1
83,67,78,61,61,71,52,43,
665.000000,234.000000,0.101707,468715008.000000,0.675630,0,1
49,64,42,71,55,38,64,43,
666.000000,235.000000,0.101912,408395552.000000,0.680000,0,1
42,55,38,64,41,36,43,28,
642.000000,239.000000,0.093975,5147749.000000,0.588906,0,1
60,65,62,72,69,68,80,79,
582.000000,249.000000,0.093213,4382507.500000,0.452125,0,1
87,88,89,78,84,78,76,73,
627.000000,251.000000,0.111825,48591300.000000,0.634071,0,1
70,81,65,84,77,62,88,88,
620.000000,252.000000,0.119423,52674908.000000,0.650505,0,1
93,69,94,62,68,93,60,58,
621.000000,252.000000,0.120258,48628976.000000,0.656875,0,1
96,83,95,62,84,93,61,60,
634.000000,258.000000,0.119570,52042148.000000,0.695116,0,1
56,76,56,84,76,57,84,83,
642.000000,266.000000,0.129156,49597800.000000,0.765458,0,1
58,71,58,79,71,58,76,73,
612.000000,268.000000,0.126893,10748692.000000,0.659269,0,1
56,60,55,69,67,66,69,52,
626.000000,268.000000,0.136142,10052631.000000,0.746925,0,1
56,56,56,66,66,64,69,61,
631.000000,268.000000,0.137446,13065683.000000,0.769999,0,1
54,55,54,62,62,61,68,63,
611.000000,269.000000,0.131367,18236474.000000,0.690670,0,1
60,69,67,67,69,66,52,51,
611.000000,270.000000,0.131276,18370952.000000,0.694804,0,1
70,67,69,54,52,52,52,51,
618.000000,270.000000,0.130063,12452078.000000,0.699048,0,1
67,69,69,54,56,57,53,50,
628.000000,270.000000,0.130706,13586023.000000,0.737263,0,1
64,70,69,61,63,64,53,53,
637.000000,270.000000,0.133951,29724608.000000,0.775469,0,1
78,72,76,64,66,67,53,49,
642.000000,270.000000,0.134617,42833828.000000,0.792165,0,1
73,76,78,67,69,71,55,51,
667.000000,243.000000,0.111417,10003221.000000,0.654325,0,1
37,40,39,50,47,44,57,57,
630.000000,188.000000,0.079180,1331911040.000000,0.406521,0,1
43,59,36,82,48,36,61,49,
615.000000,135.000000,0.078967,1365838080.000000,0.371315,0,1
66,227,39,219,90,21,119,20,
630.000000,153.000000,0.080956,1700622208.000000,0.406895,0,1
54,70,44,101,53,42,65,49,
495.000000,153.000000,0.075250,476006144.000000,0.136555,0,1
129,253,69,248,163,32,213,104,
427.000000,203.000000,0.073579,19580636.000000,0.110888,0,1
67,41,69,33,61,65,47,50,
405.000000,134.000000,0.069929,113545776.000000,0.122880,0,1
23,34,54,41,161,134,171,198,
458.000000,177.000000,0.071817,110083056.000000,0.108231,0,1
37,121,41,251,192,36,255,252,
453.000000,141.000000,0.073558,158575168.000000,0.110855,0,1
239,253,89,237,94,34,95,31,
562.000000,86.000000,0.139210,10413833.000000,0.728703,0,1
9,5,11,5,9,12,5,10,
562.000000,92.000000,0.139187,12092404.000000,0.724613,0,1
9,5,12,5,10,13,6,12,
620.000000,123.000000,0.079011,1023219968.000000,0.466107,0,1
14,34,44,77,103,132,112,95,
624.000000,123.000000,0.079483,560210304.000000,0.329005,0,1
24,53,38,132,126,37,205,216,
575.000000,125.000000,0.079426,258144576.000000,0.224267,0,1
32,61,180,26,215,255,28,27,
588.000000,125.000000,0.077310,2460805120.000000,0.396909,0,1
47,160,38,248,107,24,206,109,
376.000000,131.000000,0.070703,192183216.000000,0.196924,0,1
31,44,63,50,137,110,180,180,
464.000000,131.000000,0.072856,221812816.000000,0.106454,0,1
62,41,230,33,171,255,65,193,
598.000000,131.000000,0.078821,1745171712.000000,0.283800,0,1
83,31,171,20,106,223,57,163,
625.000000,143.000000,0.078412,924187584.000000,0.470150,0,1
25,54,44,97,127,51,164,193,
45.000000,149.000000,0.063409,304239744.000000,1.456925,0,1
22,79,32,206,144,36,252,213,
381.000000,151.000000,0.069697,130600152.000000,0.256231,0,1
197,165,192,47,138,84,37,27,
567.000000,153.000000,0.076395,892229056.000000,0.259652,0,1
88,151,32,85,35,22,25,19,
626.000000,157.000000,0.079123,1115993728.000000,0.477179,0,1
148,173,98,150,140,58,55,20,
486.000000,159.000000,0.071581,86632416.000000,0.122361,0,1
255,221,255,76,178,255,91,70,
419.000000,162.000000,0.072585,22728148.000000,0.085408,0,1
147,148,114,59,88,69,34,28,
612.000000,170.000000,0.077763,185035456.000000,0.442976,0,1
34,27,49,16,36,30,15,14,
580.000000,176.000000,0.077840,620816960.000000,0.321781,0,1
23,25,35,26,113,134,131,239,
585.000000,178.000000,0.076476,1269409792.000000,0.333885,0,1
32,106,28,218,53,25,110,46,
627.000000,179.000000,0.080805,167233248.000000,0.493186,0,1
15,14,24,15,20,34,30,41,
578.000000,180.000000,0.077478,1418670976.000000,0.320055,0,1
65,27,184,24,120,250,37,96,
587.000000,182.000000,0.077577,68396168.000000,0.343390,0,1
32,45,111,62,118,139,73,169,
277.000000,184.000000,0.067900,1100732928.000000,0.592337,0,1
63,37,98,29,106,135,65,227,
252.000000,185.000000,0.066878,651854144.000000,0.506689,0,1
28,45,27,175,122,44,194,219,
575.000000,188.000000,0.077316,730349760.000000,0.316473,0,1
177,105,255,31,193,241,38,34,
395.000000,191.000000,0.069835,353533344.000000,0.228431,0,1
208,176,243,34,150,254,31,30,
497.000000,197.000000,0.074212,849217920.000000,0.144054,0,1
56,52,175,45,139,255,75,221,
557.000000,197.000000,0.077618,541668864.000000,0.229767,0,1
191,239,106,240,186,44,160,47,
607.000000,197.000000,0.077953,548187968.000000,0.403227,0,1
30,48,98,108,168,241,226,255,
589.000000,199.000000,0.077084,988688128.000000,0.403454,0,1
255,220,191,64,147,55,34,26,
608.000000,201.000000,0.077750,1685794944.000000,0.406265,0,1
252,248,163,244,131,46,149,93,
211.000000,212.000000,0.067026,173788912.000000,0.835773,0,1
21,20,20,32,34,22,72,68,
548.000000,213.000000,0.076324,456685120.000000,0.226633,0,1
41,23,98,18,25,209,17,21,
484.000000,216.000000,0.074498,152571888.000000,0.175876,0,1
255,212,233,76,102,107,85,89,
611.000000,216.000000,0.077080,1052148352.000000,0.447442,0,1
16,17,53,31,49,135,58,71,
612.000000,216.000000,0.077144,1401496064.000000,0.449655,0,1
22,25,83,31,94,130,58,72,
596.000000,225.000000,0.087904,124016080.000000,0.493356,0,1
163,134,160,104,132,153,103,99,
603.000000,226.000000,0.089366,180783904.000000,0.517836,0,1
111,128,109,151,123,106,146,142,
470.000000,229.000000,0.088507,12458141.000000,0.238886,0,1
85,91,77,98,87,74,97,80,
605.000000,235.000000,0.099630,88303104.000000,0.597967,0,1
121,107,124,87,106,119,87,86,
612.000000,236.000000,0.098176,101182728.000000,0.604634,0,1
95,108,93,121,110,92,123,115,
455.000000,239.000000,0.101701,12916513.000000,0.297839,0,1
85,91,95,72,80,87,66,66,
459.000000,240.000000,0.098254,18194172.000000,0.292152,0,1
82,88,80,72,72,73,66,64,
611.000000,243.000000,0.108974,33253918.000000,0.688804,0,1
97,78,96,73,76,97,72,71,
573.000000,256.000000,0.115976,11966439.000000,0.646734,0,1
68,68,66,58,61,59,60,58,
84.000000,264.000000,0.103124,10309215.000000,1.452463,0,1
43,41,41,39,39,39,38,35,
582.000000,268.000000,0.131576,11266662.000000,0.796997,0,1
56,58,62,56,60,65,51,48,
591.000000,269.000000,0.131888,20653968.000000,0.828965,0,1
65,70,69,56,57,58,55,56,
602.000000,269.000000,0.132996,18122694.000000,0.873631,0,1
61,67,68,60,62,64,54,52,
602.000000,270.000000,0.130546,17894112.000000,0.854556,0,1
68,61,63,54,54,53,52,50,
188.000000,271.000000,0.144559,3450382.000000,1.274304,0,1
37,34,34,37,38,43,40,42,
426.000000,271.000000,0.310190,109412256.000000,0.785830,0,1
50,38,45,32,44,34,33,38,
582.000000,274.000000,0.131883,4054848.500000,0.809648,0,1
53,49,51,44,46,48,44,43,
136.000000,280.000000,0.142513,31515194.000000,1.512223,0,1
35,35,33,37,34,30,35,32,
527.000000,281.000000,0.143468,21177592.000000,0.535050,0,1
60,46,68,43,53,71,42,44,
448.000000,282.000000,0.155313,2090672.250000,0.505125,0,1
36,37,34,42,38,33,42,42,
484.000000,282.000000,0.152759,3292055.500000,0.512183,0,1
37,31,41,31,35,44,32,33,
545.000000,284.000000,0.152340,5194519.000000,0.589184,0,1
45,43,48,41,46,56,40,41,
431.000000,285.000000,0.130543,3916803.750000,0.561552,0,1
32,40,29,37,32,30,42,38,
396.000000,286.000000,0.163633,7302370.500000,0.709918,0,1
31,35,30,38,34,29,40,40,
551.000000,286.000000,0.146125,15519137.000000,0.590409,0,1
53,57,58,43,49,45,42,40,
533.000000,288.000000,0.149303,8605814.000000,0.621412,0,1
51,48,52,40,51,45,41,39,
566.000000,298.000000,0.160035,31026364.000000,0.688682,0,1
47,40,44,40,39,42,36,33,
512.000000,200.000000,0.073138,650536960.000000,0.171088,0,1
239,255,173,194,153,58,76,41,
513.000000,199.000000,0.072656,678309376.000000,0.170515,0,1
89,239,74,255,173,39,153,50,
624.000000,127.000000,0.078919,1568510720.000000,0.472639,0,1
216,202,97,141,125,35,62,17,
594.000000,135.000000,0.078921,858226048.000000,0.416253,0,1
24,49,135,74,167,207,156,185,
592.000000,139.000000,0.078389,1543527552.000000,0.409260,0,1
152,55,158,20,92,170,21,19,
531.000000,169.000000,0.078325,172378976.000000,0.177920,0,1
34,37,185,55,203,255,211,255,
620.000000,145.000000,0.078999,2187480064.000000,0.464699,0,1
17,15,84,14,67,167,63,133,
303.000000,162.000000,0.069099,181560000.000000,0.372824,0,1
200,169,191,93,101,137,34,42,
627.000000,148.000000,0.079716,604717952.000000,0.482927,0,1
72,125,62,169,113,62,176,141,
534.000000,153.000000,0.073693,826151616.000000,0.182674,0,1
139,223,57,194,121,27,93,29,
611.000000,154.000000,0.079693,219146128.000000,0.452333,0,1
16,16,18,16,20,46,15,17,
470.000000,201.000000,0.076010,328122176.000000,0.124606,0,1
152,236,98,248,147,88,158,85,
145.000000,135.000000,0.066190,2381070592.000000,0.826830,0,1
30,46,73,64,151,225,195,251,
579.000000,135.000000,0.076919,2912170752.000000,0.564319,0,1
38,126,40,227,116,31,208,70,
431.000000,139.000000,0.071881,251633856.000000,0.139756,0,1
30,30,133,42,115,201,61,195,
76.000000,157.000000,0.063122,1957616128.000000,1.015412,0,1
19,39,25,90,97,35,140,151,
484.000000,179.000000,0.075536,559286912.000000,0.225534,0,1
40,151,39,220,178,32,255,156,
565.000000,186.000000,0.076240,2662281472.000000,0.527626,0,1
115,247,79,249,196,30,152,39,
569.000000,190.000000,0.075875,1308393472.000000,0.535976,0,1
28,89,36,254,123,38,255,226,
497.000000,200.000000,0.074582,1257537408.000000,0.247271,0,1
200,79,255,45,209,255,69,235,
530.000000,202.000000,0.075457,1101745792.000000,0.300119,0,1
36,34,90,39,89,195,79,66,
498.000000,215.000000,0.075833,191372896.000000,0.259752,0,1
28,106,32,238,171,32,109,84,
515.000000,216.000000,0.076405,213087792.000000,0.287824,0,1
255,224,245,89,128,129,89,93,
548.000000,216.000000,0.079741,423137376.000000,0.354573,0,1
21,19,30,49,51,79,84,93,
576.000000,216.000000,0.080424,313267424.000000,0.604954,0,1
15,19,19,50,46,44,83,95,
486.000000,225.000000,0.089076,106205184.000000,0.298078,0,1
125,121,105,115,106,98,106,86,
553.000000,249.000000,0.082957,15849906.000000,0.699302,0,1
81,76,76,67,69,67,61,59,
514.000000,267.000000,0.127194,21768788.000000,0.869206,0,1
53,55,55,44,45,46,43,43,
527.000000,267.000000,0.128382,27344154.000000,0.934336,0,1
54,56,56,49,49,53,43,42,
498.000000,274.000000,0.142301,12188352.000000,0.626897,0,1
40,39,42,42,48,46,46,51,
528.000000,278.000000,0.144304,44947528.000000,0.734439,0,1
43,42,39,48,46,42,60,68,
531.000000,278.000000,0.146059,76769384.000000,0.753736,0,1
40,39,43,42,45,45,53,65,
310.000000,280.000000,0.150296,20638568.000000,0.789898,0,1
36,36,34,37,38,36,43,40,
331.000000,285.000000,0.158205,11282646.000000,0.929368,0,1
32,31,30,32,34,34,35,36,
333.000000,285.000000,0.154251,18110306.000000,0.896090,0,1
31,30,28,34,34,30,42,38,
392.000000,285.000000,0.158039,51274312.000000,0.698737,0,1
32,32,33,39,36,34,43,47,
532.000000,287.000000,0.140554,65234208.000000,0.740152,0,1
50,45,51,42,48,52,40,41,
332.000000,288.000000,0.147815,27965646.000000,0.876387,0,1
42,36,38,34,35,39,32,30,
496.000000,216.000000,0.075924,250143936.000000,0.258252,0,1
179,237,235,109,114,100,85,87,
579.000000,195.000000,0.075839,1762466048.000000,0.562937,0,1
38,115,44,255,156,40,255,227,
550.000000,138.000000,0.075496,1131649408.000000,0.322499,0,1
255,255,104,230,132,34,78,30,
574.000000,145.000000,0.076348,1862594944.000000,0.545782,0,1
178,187,70,157,119,30,95,28,
82.000000,162.000000,0.063606,4400362496.000000,0.999122,0,1
33,70,37,114,83,39,115,82,
448.000000,144.000000,0.076508,390856672.000000,0.173236,0,1
232,255,85,232,116,33,132,41,
296.000000,81.000000,0.178390,271883104.000000,0.827000,0,1
76,13,136,9,60,104,11,37,
295.000000,120.000000,0.171178,49534936.000000,0.102984,0,1
222,255,150,215,202,99,39,20,
521.000000,131.000000,0.076286,2807733760.000000,0.612057,0,1
245,255,117,198,130,32,47,26,
281.000000,134.000000,0.062102,189469552.000000,0.094146,0,1
97,179,42,241,117,21,194,139,
512.000000,139.000000,0.075638,3069071616.000000,0.574317,0,1
229,255,106,251,217,32,165,36,
536.000000,143.000000,0.074005,193433728.000000,0.435641,0,1
255,254,255,180,171,172,71,33,
533.000000,150.000000,0.074757,645791680.000000,0.432903,0,1
31,74,35,231,146,34,253,223,
514.000000,169.000000,0.071549,803168320.000000,0.545169,0,1
28,70,24,63,38,20,25,21,
528.000000,170.000000,0.077020,1606708480.000000,0.644917,0,1
26,27,55,26,132,211,74,223,
528.000000,171.000000,0.076836,1095818880.000000,0.437935,0,1
36,39,169,27,237,255,69,103,
514.000000,177.000000,0.075124,1049531904.000000,0.580380,0,1
26,69,29,177,143,29,255,255,
511.000000,178.000000,0.075033,4142000384.000000,0.570051,0,1
33,32,177,31,157,255,44,166,
528.000000,181.000000,0.074992,1727791744.000000,0.627253,0,1
29,73,31,227,134,29,180,65,
543.000000,181.000000,0.075504,4539556352.000000,0.685384,0,1
218,255,83,232,162,35,141,53,
322.000000,182.000000,0.071503,190526480.000000,0.450391,0,1
255,252,193,166,146,41,37,24,
225.000000,185.000000,0.066602,1523620608.000000,0.769615,0,1
72,92,34,210,131,35,248,236,
418.000000,190.000000,0.071050,844655616.000000,0.197370,0,1
53,37,167,31,165,235,46,105,
519.000000,214.000000,0.074699,969880256.000000,0.613864,0,1
31,87,27,254,122,32,246,117,
528.000000,215.000000,0.075963,803677888.000000,0.656024,0,1
21,26,22,156,130,22,106,88,
538.000000,216.000000,0.079156,228654640.000000,0.727224,0,1
18,19,18,51,51,48,84,88,
504.000000,250.000000,0.106701,5178691.000000,0.964347,0,1
66,60,63,56,56,60,51,49,
471.000000,260.000000,0.117563,13843980.000000,0.929190,0,1
51,53,49,54,49,41,51,44,
493.000000,261.000000,0.113473,8882896.000000,0.990911,0,1
57,49,56,43,49,52,45,47,
158.000000,262.000000,0.130599,9897262.000000,1.616285,0,1
48,47,47,48,45,45,45,40,
467.000000,263.000000,0.122545,21980250.000000,0.980440,0,1
56,51,58,50,48,56,42,37,
449.000000,265.000000,0.124730,12335672.000000,0.613802,0,1
45,45,48,38,42,40,38,38,
470.000000,265.000000,0.121238,55040328.000000,0.978944,0,1
52,50,47,41,44,45,37,37,
427.000000,266.000000,0.131935,57763536.000000,0.592822,0,1
39,45,35,54,44,37,57,42,
485.000000,266.000000,0.127188,198740288.000000,1.130875,0,1
52,52,55,40,43,45,38,41,
496.000000,266.000000,0.128615,39813000.000000,0.810434,0,1
54,56,63,48,54,55,39,41,
507.000000,267.000000,0.128012,450858624.000000,1.278258,0,1
55,64,59,42,44,43,42,42,
321.000000,275.000000,0.129859,42281336.000000,0.753582,0,1
45,43,46,38,42,44,37,38,
329.000000,275.000000,0.128086,58667512.000000,0.782391,0,1
45,45,43,45,39,41,39,39,
504.000000,276.000000,0.126440,247801296.000000,0.843023,0,1
41,45,41,47,42,40,50,41,
364.000000,279.000000,0.151862,111691064.000000,0.747742,0,1
36,38,34,44,41,37,47,45,
352.000000,282.000000,0.139014,260533104.000000,0.728597,0,1
45,42,44,39,40,38,37,37,
287.000000,283.000000,0.162707,227916080.000000,1.141913,0,1
32,33,33,38,37,36,42,39,
264.000000,285.000000,0.146313,51974616.000000,0.495642,0,1
30,31,28,30,25,26,25,23,
288.000000,286.000000,0.118557,64287056.000000,0.961130,0,1
41,39,39,36,35,34,35,33,
538.000000,132.000000,0.075846,3131075840.000000,0.667530,0,1
49,157,45,254,150,49,254,255,
510.000000,134.000000,0.075890,1290100608.000000,0.570696,0,1
29,57,33,227,108,36,250,255,
530.000000,134.000000,0.077447,1112985088.000000,0.657214,0,1
34,37,46,53,92,106,192,255,
516.000000,180.000000,0.075133,4265079808.000000,0.588181,0,1
50,203,36,255,136,30,255,153,
72.000000,164.000000,0.063934,1578617088.000000,0.437078,0,1
62,56,101,64,92,151,108,122,
516.000000,151.000000,0.075691,3944777216.000000,0.587751,0,1
80,32,255,23,133,255,27,39,
495.000000,188.000000,0.074066,2220001792.000000,0.353258,0,1
172,252,79,255,210,51,239,81,
494.000000,185.000000,0.074798,849008448.000000,0.353302,0,1
60,198,48,255,187,44,255,252,
115.000000,175.000000,0.064659,91020408.000000,0.190054,0,1
21,29,27,81,100,74,205,255,
413.000000,172.000000,0.072899,415680128.000000,0.278936,0,1
168,251,146,227,162,34,146,34,
509.000000,150.000000,0.076046,2434683392.000000,0.386282,0,1
150,255,48,255,135,27,215,50,
296.000000,78.000000,0.177878,1137461632.000000,0.647083,0,1
104,15,137,9,92,77,13,65,
287.000000,107.000000,0.178070,232903616.000000,1.035174,0,1
48,48,49,70,63,59,139,255,
294.000000,107.000000,0.178173,229268688.000000,0.573339,0,1
46,43,41,54,47,47,174,185,
278.000000,114.000000,0.175706,579237248.000000,0.854708,0,1
80,69,215,74,181,255,98,170,
486.000000,125.000000,0.073224,165852304.000000,0.690470,0,1
25,29,31,50,52,39,149,255,
488.000000,127.000000,0.075511,8353925120.000000,0.726641,0,1
39,129,36,255,127,24,223,105,
308.000000,135.000000,0.070615,1283922816.000000,0.507920,0,1
85,207,22,231,68,16,191,84,
404.000000,145.000000,0.069909,221539008.000000,0.240012,0,1
237,223,219,178,141,176,44,29,
385.000000,158.000000,0.071890,543179328.000000,0.242005,0,1
30,30,79,26,83,164,36,44,
224.000000,213.000000,0.069262,77660728.000000,0.785530,0,1
19,22,41,40,46,86,63,70,
467.000000,231.000000,0.091265,284309184.000000,0.878742,0,1
89,87,100,82,84,87,77,76,
483.000000,233.000000,0.092815,275325568.000000,0.992688,0,1
98,100,79,92,86,75,92,76,
476.000000,234.000000,0.095457,159873376.000000,0.991389,0,1
68,67,83,67,75,90,70,82,
482.000000,235.000000,0.094685,213269056.000000,1.016686,0,1
99,92,78,93,84,75,89,76,
477.000000,246.000000,0.105338,70547392.000000,1.172440,0,1
71,77,67,64,69,64,62,53,
447.000000,251.000000,0.111972,261597472.000000,1.088369,0,1
57,61,59,63,55,48,50,43,
445.000000,252.000000,0.112923,307232928.000000,1.091815,0,1
57,58,61,53,54,46,45,43,
465.000000,258.000000,0.125214,31095006.000000,0.976110,0,1
45,46,50,47,48,52,47,59,
450.000000,265.000000,0.126231,181500336.000000,0.927039,0,1
45,48,46,39,42,40,37,36,
354.000000,266.000000,0.123674,22576490.000000,0.662957,0,1
43,45,44,47,43,38,40,38,
368.000000,266.000000,0.123797,12803099.000000,0.581069,0,1
44,43,44,41,39,41,35,35,
284.000000,288.000000,0.127456,258812752.000000,0.817866,0,1
37,35,36,35,35,34,34,32,
501.000000,131.000000,0.075332,3668078848.000000,0.783042,0,1
30,94,41,199,167,39,255,255,
484.000000,133.000000,0.074753,2513729536.000000,0.697809,0,1
249,118,255,34,114,219,31,28,
494.000000,172.000000,0.073893,6172150784.000000,0.733743,0,1
34,42,121,43,187,255,190,254,
495.000000,171.000000,0.074216,4990134784.000000,0.741848,0,1
35,34,103,42,121,241,187,255,
500.000000,143.000000,0.075411,1429317248.000000,0.777019,0,1
255,246,255,77,176,251,40,34,
89.000000,145.000000,0.063836,3472684032.000000,0.982519,0,1
23,87,59,132,165,53,223,230,
90.000000,155.000000,0.063079,1748909312.000000,0.406316,0,1
220,164,191,68,137,175,59,59,
460.000000,153.000000,0.073810,536553696.000000,0.403009,0,1
33,44,116,139,162,255,235,254,
89.000000,155.000000,0.063333,1317735680.000000,0.688201,0,1
209,135,194,50,97,168,41,41,
481.000000,197.000000,0.074105,4424734720.000000,0.478286,0,1
54,155,50,255,105,45,228,106,
486.000000,193.000000,0.075043,2456079872.000000,0.722288,0,1
255,188,255,56,193,255,55,67,
476.000000,190.000000,0.073569,5490083840.000000,0.660117,0,1
206,88,255,45,111,213,41,44,
476.000000,130.000000,0.073715,3448409088.000000,0.652151,0,1
254,86,252,32,107,230,33,33,
476.000000,187.000000,0.073655,8334131200.000000,0.659349,0,1
40,42,171,41,145,255,89,206,
477.000000,186.000000,0.073600,7395462144.000000,0.662363,0,1
43,40,168,42,171,255,145,255,
476.000000,176.000000,0.073742,8348198912.000000,0.655005,0,1
84,241,52,255,141,33,207,58,
485.000000,162.000000,0.074534,846992960.000000,0.698629,0,1
91,59,70,33,35,38,29,28,
480.000000,200.000000,0.074135,5291418112.000000,0.477682,0,1
228,255,106,255,164,46,169,55,
429.000000,157.000000,0.073368,1264992000.000000,0.316460,0,1
125,52,189,37,119,181,46,68,
401.000000,140.000000,0.069070,614118656.000000,0.230864,0,1
27,31,74,40,114,197,148,228,
393.000000,150.000000,0.072893,760927104.000000,0.226735,0,1
37,142,32,204,125,27,206,167,
278.000000,136.000000,0.068013,125180496.000000,0.173976,0,1
255,196,239,58,170,189,40,33,
396.000000,120.000000,0.125383,15742008.000000,1.075679,0,1
14,15,15,19,19,20,30,35,
393.000000,121.000000,0.127728,36124504.000000,1.082372,0,1
15,18,19,32,35,30,42,37,
334.000000,136.000000,0.069125,418905696.000000,0.163804,0,1
255,97,255,24,177,255,42,35,
449.000000,158.000000,0.072773,6017413120.000000,0.716370,0,1
29,28,53,26,92,212,101,237,
394.000000,162.000000,0.071574,243121728.000000,0.338127,0,1
176,106,159,60,110,138,46,31,
459.000000,179.000000,0.073837,12205548544.000000,0.789406,0,1
68,254,39,255,95,32,228,59,
451.000000,180.000000,0.072743,12419899392.000000,0.733633,0,1
39,33,195,31,145,255,54,116,
127.000000,182.000000,0.064251,2313106432.000000,1.116336,0,1
25,40,71,55,154,193,163,116,
448.000000,198.000000,0.073052,2681154560.000000,0.735844,0,1
45,110,62,252,226,57,255,238,
450.000000,200.000000,0.072991,9555509248.000000,0.746728,0,1
57,205,41,238,72,37,97,38,
463.000000,201.000000,0.073089,6988713472.000000,0.815513,0,1
72,56,221,39,229,255,49,69,
466.000000,212.000000,0.074926,986912256.000000,0.874746,0,1
61,46,41,161,144,76,255,253,
440.000000,215.000000,0.076456,273613472.000000,0.760888,0,1
24,21,21,37,38,39,61,64,
448.000000,215.000000,0.076171,1113331456.000000,0.797645,0,1
23,19,21,34,34,35,63,73,
469.000000,215.000000,0.073778,7189003264.000000,0.872257,0,1
136,224,69,199,151,42,79,65,
440.000000,216.000000,0.076386,241226624.000000,0.761575,0,1
21,38,38,58,61,61,64,75,
456.000000,216.000000,0.074764,1759233408.000000,0.819306,0,1
255,191,195,84,96,93,83,88,
467.000000,216.000000,0.074968,4223284224.000000,0.883522,0,1
253,197,172,88,85,69,84,80,
468.000000,216.000000,0.074836,4836160000.000000,0.663066,0,1
224,199,151,87,79,46,78,77,
417.000000,250.000000,0.109590,25868932.000000,1.187187,0,1
47,52,50,44,50,50,42,39,
422.000000,256.000000,0.114279,21917190.000000,0.980529,0,1
48,45,48,39,43,44,39,39,
136.000000,258.000000,0.121514,6638491.500000,1.346626,0,1
38,41,42,46,46,46,51,50,
322.000000,260.000000,0.119741,21537406.000000,0.752945,0,1
43,42,43,37,40,41,33,33,
396.000000,263.000000,0.127942,359727520.000000,1.017492,0,1
39,37,37,43,43,38,52,44,
408.000000,263.000000,0.122848,522199456.000000,1.026410,0,1
40,41,42,38,40,41,32,33,
306.000000,267.000000,0.133836,485724096.000000,0.896514,0,1
34,32,35,34,40,42,36,44,
305.000000,268.000000,0.132638,7907835.500000,0.914897,0,1
32,34,40,35,36,47,36,39,
461.000000,189.000000,0.073629,8182175232.000000,0.803496,0,1
255,255,255,255,174,105,195,57,
449.000000,129.000000,0.072509,1440038400.000000,0.716388,0,1
164,234,247,62,131,209,35,30,
466.000000,188.000000,0.073883,7463527936.000000,0.833060,0,1
251,255,194,255,201,44,96,46,
454.000000,131.000000,0.073420,3542249216.000000,0.753211,0,1
255,194,255,45,176,255,41,36,
71.000000,164.000000,0.063107,3125854208.000000,1.030814,0,1
49,53,71,60,72,124,83,104,
431.000000,194.000000,0.072670,3902875392.000000,0.483521,0,1
250,157,212,74,213,58,66,36,
448.000000,191.000000,0.072697,13790541824.000000,0.725357,0,1
41,37,203,33,180,255,101,231,
450.000000,189.000000,0.072518,8648470528.000000,0.731370,0,1
44,38,124,41,136,250,203,255,
391.000000,135.000000,0.069753,482955296.000000,0.317962,0,1
255,209,255,52,177,252,36,32,
410.000000,170.000000,0.073534,1051465152.000000,0.404414,0,1
26,30,38,45,77,157,52,129,
396.000000,163.000000,0.072672,214114528.000000,0.352332,0,1
147,140,115,50,53,40,31,30,
384.000000,178.000000,0.072134,1619055616.000000,0.319789,0,1
69,181,34,203,99,26,102,29,
297.000000,142.000000,0.069199,13148318.000000,0.104475,0,1
22,31,31,118,101,93,220,254,
358.000000,175.000000,0.070051,786311680.000000,0.235070,0,1
239,237,120,212,159,26,111,27,
328.000000,141.000000,0.071069,489862208.000000,0.317225,0,1
20,83,22,187,98,20,181,171,
249.000000,190.000000,0.067268,1420906240.000000,0.520198,0,1
60,39,87,31,126,159,113,238,
278.000000,144.000000,0.069295,1598719872.000000,0.446455,0,1
58,165,33,198,108,33,150,54,
296.000000,90.000000,0.177054,1467655168.000000,1.276128,0,1
19,11,42,10,17,88,11,13,
299.000000,93.000000,0.177059,4287997440.000000,1.292127,0,1
32,83,12,35,51,11,78,44,
299.000000,109.000000,0.177579,1556959360.000000,0.723416,0,1
40,82,54,214,135,54,255,254,
385.000000,121.000000,0.126067,32031902.000000,1.409234,0,1
15,16,17,30,31,33,35,35,
416.000000,124.000000,0.076096,4900518.000000,0.818504,0,1
24,24,22,22,21,20,22,26,
391.000000,128.000000,0.078016,1163153280.000000,0.505213,0,1
23,32,34,83,100,101,215,255,
414.000000,129.000000,0.071690,3540638464.000000,0.732445,0,1
43,43,162,22,118,242,23,23,
239.000000,141.000000,0.064155,71946688.000000,0.731675,0,1
34,173,31,255,111,42,221,199,
301.000000,144.000000,0.067407,310123424.000000,0.136501,0,1
30,167,29,254,127,28,209,47,
277.000000,159.000000,0.067745,2011620992.000000,0.590348,0,1
86,49,169,27,103,164,45,97,
431.000000,173.000000,0.072214,4281551360.000000,0.840476,0,1
23,29,65,39,35,228,32,26,
440.000000,194.000000,0.071897,5865342464.000000,0.678930,0,1
37,141,38,241,154,39,255,255,
418.000000,198.000000,0.072367,2120111488.000000,0.785461,0,1
34,63,36,250,151,36,255,244,
437.000000,199.000000,0.072340,28913264640.000000,0.899873,0,1
104,42,234,37,153,255,56,215,
395.000000,212.000000,0.072699,1602857856.000000,0.514653,0,1
43,44,41,121,122,52,247,208,
333.000000,213.000000,0.070737,668927296.000000,0.437972,0,1
23,84,25,138,128,49,144,71,
396.000000,213.000000,0.072202,2066174464.000000,0.515532,0,1
41,122,52,247,194,26,208,90,
378.000000,214.000000,0.072411,1149040768.000000,0.452845,0,1
35,140,32,179,126,29,73,65,
412.000000,216.000000,0.075473,230064944.000000,0.821798,0,1
24,43,41,55,55,55,60,66,
389.000000,239.000000,0.097056,30728450.000000,1.065514,0,1
57,56,63,51,55,61,50,48,
369.000000,241.000000,0.099302,31913700.000000,0.720178,0,1
57,56,50,71,58,52,63,52,
407.000000,241.000000,0.099809,132231984.000000,0.940826,0,1
66,66,60,58,60,55,56,63,
368.000000,242.000000,0.099555,17502722.000000,0.723226,0,1
56,71,58,65,63,52,55,54,
366.000000,243.000000,0.099912,24619052.000000,0.717579,0,1
69,58,66,55,56,54,52,49,
410.000000,244.000000,0.095397,77174408.000000,0.905120,0,1
51,55,51,69,62,50,66,57,
393.000000,246.000000,0.106008,171989440.000000,1.288161,0,1
56,64,61,55,62,55,53,53,
189.000000,268.000000,0.102273,3386373.000000,1.216165,0,1
48,48,48,42,43,42,37,34,
423.000000,216.000000,0.074294,2463729152.000000,0.867917,0,1
215,108,68,68,66,56,63,73,
440.000000,176.000000,0.070426,577767488.000000,0.649247,0,1
249,163,239,39,105,223,30,29,
415.000000,143.000000,0.074058,3968384768.000000,0.766862,0,1
243,217,195,214,118,52,59,29,
409.000000,197.000000,0.072152,4516227584.000000,0.730951,0,1
48,211,47,255,196,40,255,242,
391.000000,182.000000,0.071028,2104543872.000000,0.454008,0,1
193,243,125,172,167,38,64,84,
279.000000,137.000000,0.068651,311155552.000000,0.442893,0,1
239,170,189,40,128,114,33,27,
276.000000,104.000000,0.175517,428986816.000000,1.389953,0,1
14,16,19,24,29,24,44,39,
299.000000,106.000000,0.178050,2793708032.000000,1.969567,0,1
33,43,25,62,41,24,62,62,
284.000000,108.000000,0.177654,2197285376.000000,1.570733,0,1
53,68,70,103,113,139,248,244,
291.000000,108.000000,0.177354,7895676928.000000,1.725079,0,1
46,57,54,176,175,174,255,255,
275.000000,117.000000,0.176375,2467356416.000000,0.742687,0,1
95,21,113,17,40,73,18,23,
325.000000,130.000000,0.070006,2710268416.000000,0.537563,0,1
19,25,63,24,148,176,39,60,
296.000000,133.000000,0.069017,1838312192.000000,0.375849,0,1
35,25,141,21,63,255,25,34,
143.000000,134.000000,0.063920,366533408.000000,1.100199,0,1
25,23,27,26,35,60,51,167,
178.000000,134.000000,0.065702,687418432.000000,0.508841,0,1
24,71,38,186,160,37,255,191,
366.000000,134.000000,0.071700,9028319232.000000,0.822660,0,1
235,255,83,186,217,23,136,28,
350.000000,135.000000,0.071590,12768818176.000000,0.708198,0,1
194,247,41,254,132,20,217,145,
364.000000,135.000000,0.070240,4737341440.000000,0.783542,0,1
244,84,237,23,81,104,23,21,
78.000000,137.000000,0.062221,3210728448.000000,0.418637,0,1
21,58,37,190,175,68,251,210,
106.000000,137.000000,0.065206,3914516992.000000,0.665523,0,1
37,139,46,248,128,24,150,32,
113.000000,137.000000,0.064892,2136475520.000000,1.207756,0,1
22,43,39,70,135,67,191,230,
47.000000,138.000000,0.064457,4180204032.000000,0.295372,0,1
23,53,31,232,177,54,250,246,
320.000000,138.000000,0.070560,4257551872.000000,0.510379,0,1
26,161,24,225,111,21,220,139,
252.000000,139.000000,0.068184,628032704.000000,0.211276,0,1
227,124,255,49,194,198,54,39,
161.000000,143.000000,0.065710,1215746560.000000,1.022701,0,1
42,119,52,168,194,51,255,255,
212.000000,143.000000,0.065114,39281624.000000,0.094594,0,1
31,80,29,175,130,35,245,239,
71.000000,144.000000,0.065969,2712425728.000000,0.432739,0,1
235,135,196,55,92,157,36,26,
285.000000,144.000000,0.069383,785441472.000000,0.428387,0,1
24,29,52,36,103,167,108,223,
109.000000,148.000000,0.064171,5144821248.000000,1.216116,0,1
38,49,92,59,146,198,142,229,
294.000000,152.000000,0.069822,1887949056.000000,0.366636,0,1
230,124,250,39,173,255,37,31,
33.000000,153.000000,0.061512,12358645760.000000,0.295684,0,1
82,72,151,55,122,196,79,96,
62.000000,153.000000,0.066668,1758302976.000000,1.438020,0,1
43,36,52,29,47,59,38,50,
222.000000,153.000000,0.067428,689970560.000000,0.596346,0,1
27,32,64,32,109,207,67,187,
296.000000,154.000000,0.069140,885326784.000000,0.394547,0,1
255,194,155,31,70,26,22,20,
367.000000,154.000000,0.071521,5976422400.000000,0.656303,0,1
34,143,29,225,85,40,203,156,
287.000000,156.000000,0.068839,732697216.000000,0.328132,0,1
21,26,25,43,84,52,169,194,
309.000000,156.000000,0.069911,2000838912.000000,0.442938,0,1
22,36,47,129,80,143,185,215,
258.000000,157.000000,0.068616,855555584.000000,0.667017,0,1
28,49,61,152,108,181,167,200,
323.000000,157.000000,0.070324,3818530048.000000,0.522813,0,1
178,48,198,19,55,82,19,18,
102.000000,158.000000,0.063820,4004838656.000000,1.227385,0,1
30,45,86,39,106,151,82,129,
186.000000,159.000000,0.063302,451401312.000000,0.489920,0,1
23,73,24,197,113,25,231,235,
166.000000,160.000000,0.065718,2679084544.000000,0.751760,0,1
255,246,166,92,176,46,69,24,
94.000000,162.000000,0.063624,1935419904.000000,0.404602,0,1
132,112,86,51,70,31,30,21,
218.000000,162.000000,0.068294,2243172864.000000,0.807868,0,1
84,61,132,37,113,185,59,87,
329.000000,162.000000,0.070531,5162664960.000000,0.561184,0,1
29,32,115,22,119,159,51,71,
340.000000,162.000000,0.070025,5841623040.000000,0.620636,0,1
219,211,111,205,132,29,167,67,
342.000000,162.000000,0.070240,5941720064.000000,0.635709,0,1
134,111,32,132,29,23,57,42,
369.000000,162.000000,0.071164,4249169408.000000,0.665104,0,1
132,165,40,173,68,30,103,39,
359.000000,163.000000,0.071211,2236663808.000000,0.608082,0,1
129,104,180,47,128,141,42,29,
143.000000,164.000000,0.064746,3119778304.000000,1.061312,0,1
39,37,90,27,69,145,34,30,
310.000000,164.000000,0.070773,3143888896.000000,0.491250,0,1
136,177,80,134,109,56,69,26,
247.000000,165.000000,0.068281,1012663104.000000,0.699286,0,1
89,65,138,40,105,103,40,30,
170.000000,166.000000,0.065310,1093948928.000000,0.970689,0,1
74,78,193,47,188,172,76,61,
195.000000,166.000000,0.066983,923273664.000000,0.883925,0,1
73,54,199,39,114,207,53,38,
198.000000,167.000000,0.067178,829047552.000000,0.877642,0,1
180,207,110,116,100,41,40,25,
318.000000,170.000000,0.070870,324175904.000000,0.507632,0,1
22,22,22,23,25,25,52,191,
288.000000,172.000000,0.068015,1407660032.000000,0.338272,0,1
22,28,34,47,108,115,181,237,
216.000000,174.000000,0.067714,847332672.000000,0.614875,0,1
20,37,22,146,35,25,136,45,
122.000000,175.000000,0.064302,837337280.000000,1.146359,0,1
21,28,23,77,90,37,164,197,
132.000000,176.000000,0.064038,2472357376.000000,0.851094,0,1
30,50,105,44,147,205,88,143,
260.000000,176.000000,0.067889,1471780736.000000,0.231714,0,1
33,36,136,24,143,255,42,45,
275.000000,176.000000,0.069256,1365218176.000000,0.609965,0,1
222,252,42,214,105,19,94,21,
45.000000,178.000000,0.062143,9211649024.000000,1.443009,0,1
56,124,56,203,88,27,104,34,
35.000000,179.000000,0.061579,7567954432.000000,1.482001,0,1
45,42,103,35,82,178,63,90,
165.000000,182.000000,0.065109,2309927424.000000,0.990212,0,1
124,212,58,252,170,27,176,74,
160.000000,183.000000,0.065430,1503897472.000000,0.203700,0,1
255,220,255,92,157,200,53,33,
261.000000,185.000000,0.067854,745462272.000000,0.647362,0,1
30,82,30,208,127,21,255,120,
338.000000,185.000000,0.069504,2654787328.000000,0.620363,0,1
29,58,75,156,167,201,255,199,
181.000000,186.000000,0.068826,909165184.000000,0.524965,0,1
26,40,32,102,180,39,239,239,
221.000000,186.000000,0.067405,2638328832.000000,0.788440,0,1
68,63,193,56,179,255,102,223,
211.000000,188.000000,0.067117,2904223488.000000,0.824749,0,1
22,107,24,227,83,20,252,103,
396.000000,192.000000,0.071659,3118991104.000000,0.866616,0,1
243,150,254,31,152,158,30,31,
333.000000,204.000000,0.070302,363774176.000000,0.630199,0,1
17,17,15,25,23,23,44,28,
350.000000,205.000000,0.070652,5251454976.000000,0.738740,0,1
255,198,205,69,94,66,37,35,
230.000000,212.000000,0.067200,1353582336.000000,0.758777,0,1
20,20,19,70,44,22,84,62,
288.000000,212.000000,0.069798,2825431040.000000,0.580859,0,1
22,24,25,79,90,91,222,130,
307.000000,212.000000,0.070570,2900074752.000000,0.522692,0,1
23,22,22,55,111,87,195,117,
332.000000,212.000000,0.070387,1789736960.000000,0.519255,0,1
24,25,23,28,84,25,138,144,
172.000000,213.000000,0.066970,858741760.000000,0.980756,0,1
18,26,24,56,56,56,75,78,
202.000000,213.000000,0.067173,550577216.000000,0.874703,0,1
21,29,24,52,47,47,68,75,
242.000000,213.000000,0.069446,587369472.000000,0.744448,0,1
17,17,17,34,32,31,59,59,
252.000000,213.000000,0.068712,539066112.000000,0.531355,0,1
17,34,16,137,30,29,60,65,
278.000000,213.000000,0.069526,1774252544.000000,0.465834,0,1
18,18,65,23,72,245,66,77,
305.000000,213.000000,0.068704,3851877376.000000,0.488299,0,1
20,24,103,23,117,208,62,73,
377.000000,213.000000,0.072856,2400478464.000000,0.598996,0,1
34,82,35,252,140,32,179,73,
317.000000,214.000000,0.071637,517901024.000000,0.580007,0,1
16,14,14,44,44,39,65,63,
350.000000,214.000000,0.073206,785294144.000000,0.795689,0,1
22,19,19,38,36,36,60,62,
355.000000,214.000000,0.073319,846910208.000000,0.831247,0,1
22,18,18,36,34,35,60,63,
363.000000,214.000000,0.071443,1882377088.000000,0.524004,0,1
95,77,247,38,164,192,68,68,
238.000000,216.000000,0.069126,196513024.000000,0.759309,0,1
57,62,59,69,70,73,73,75,
322.000000,216.000000,0.073160,331396192.000000,0.629690,0,1
36,54,35,57,49,45,66,61,
325.000000,216.000000,0.073833,786974720.000000,0.655071,0,1
25,26,33,46,46,55,61,57,
374.000000,216.000000,0.073197,2434651392.000000,0.970906,0,1
207,83,82,70,68,67,63,63,
398.000000,216.000000,0.071743,672733120.000000,0.912416,0,1
30,59,49,65,59,59,68,67,
288.000000,220.000000,0.076836,611580224.000000,0.626505,0,1
88,100,97,100,90,81,81,76,
380.000000,220.000000,0.078672,1519403008.000000,0.921682,0,1
61,58,66,64,75,87,82,92,
276.000000,222.000000,0.079126,329827456.000000,0.684443,0,1
82,77,82,72,86,96,92,75,
282.000000,222.000000,0.078650,664591808.000000,0.689190,0,1
97,102,99,97,87,79,81,70,
307.000000,222.000000,0.078933,200748960.000000,0.633029,0,1
87,87,87,77,79,80,69,69,
176.000000,224.000000,0.080360,180566640.000000,1.075692,0,1
72,74,77,73,76,71,65,62,
205.000000,224.000000,0.081174,160269600.000000,0.977901,0,1
91,87,85,79,80,76,73,66,
269.000000,224.000000,0.081162,275509152.000000,0.696947,0,1
69,66,67,65,70,81,76,73,
230.000000,225.000000,0.081069,116275072.000000,0.899957,0,1
81,78,75,72,71,67,66,65,
276.000000,225.000000,0.081616,755643904.000000,0.697755,0,1
94,80,73,65,64,66,61,60,
31.000000,226.000000,0.061454,374585888.000000,1.512539,0,1
95,108,93,110,98,79,90,82,
36.000000,226.000000,0.060365,187851840.000000,0.323956,0,1
60,66,55,71,58,51,61,53,
375.000000,226.000000,0.085204,1418376320.000000,1.015315,0,1
86,87,82,86,77,65,72,62,
266.000000,228.000000,0.085294,426639072.000000,0.740530,0,1
73,70,66,61,57,55,53,53,
85.000000,229.000000,0.061898,153383536.000000,1.281841,0,1
63,72,60,74,63,56,62,55,
125.000000,229.000000,0.080007,46721920.000000,1.301671,0,1
67,71,81,61,65,68,57,58,
126.000000,229.000000,0.079126,42742020.000000,1.283130,0,1
69,79,80,64,66,69,59,61,
365.000000,229.000000,0.088720,861649664.000000,1.259638,0,1
65,65,71,66,73,79,74,74,
256.000000,231.000000,0.087520,343332288.000000,0.816665,0,1
63,66,66,62,57,51,51,50,
284.000000,231.000000,0.090442,20263820.000000,0.724741,0,1
58,64,58,65,69,59,68,81,
75.000000,232.000000,0.064786,259506064.000000,1.330876,0,1
63,57,67,50,59,68,51,51,
90.000000,232.000000,0.068631,81699168.000000,1.259191,0,1
55,52,56,51,57,61,55,60,
152.000000,232.000000,0.078922,94486176.000000,1.350499,0,1
69,77,70,66,66,62,57,53,
153.000000,232.000000,0.081392,104323808.000000,1.348937,0,1
67,74,67,67,63,60,57,52,
306.000000,233.000000,0.084976,9525961.000000,0.739854,0,1
61,65,64,60,58,57,55,56,
345.000000,233.000000,0.091127,85020992.000000,1.135621,0,1
58,59,54,72,63,55,59,53,
30.000000,234.000000,0.056770,118316448.000000,0.312213,0,1
67,63,59,60,58,53,57,53,
206.000000,234.000000,0.067219,70101232.000000,0.880609,0,1
65,63,61,67,63,57,62,57,
344.000000,234.000000,0.091070,145766400.000000,1.129043,0,1
59,72,63,61,59,54,56,54,
46.000000,236.000000,0.057428,16223186.000000,1.366493,0,1
49,55,49,59,53,46,56,51,
130.000000,236.000000,0.069600,116344424.000000,0.999877,0,1
61,65,65,58,62,60,55,50,
234.000000,238.000000,0.094571,415146048.000000,1.009315,0,1
58,63,60,61,57,51,49,47,
232.000000,239.000000,0.094562,346941696.000000,1.028136,0,1
60,59,61,57,51,48,48,47,
336.000000,240.000000,0.101930,208580704.000000,1.311617,0,1
52,49,50,50,54,55,66,69,
243.000000,241.000000,0.099458,80253312.000000,0.952500,0,1
44,46,46,51,57,53,58,52,
278.000000,241.000000,0.076324,30896624.000000,0.681341,0,1
52,52,62,47,57,65,52,47,
243.000000,243.000000,0.098254,62364068.000000,0.964935,0,1
57,58,57,51,52,47,48,47,
336.000000,243.000000,0.099634,101023160.000000,1.021580,0,1
74,58,71,46,53,57,48,51,
346.000000,243.000000,0.100885,380503360.000000,1.408437,0,1
60,58,54,55,49,47,47,45,
166.000000,246.000000,0.071705,34240660.000000,1.187463,0,1
52,59,59,50,53,50,46,47,
306.000000,246.000000,0.100377,51726160.000000,1.033902,0,1
55,48,47,43,44,44,41,40,
94.000000,247.000000,0.063544,43668104.000000,1.298970,0,1
57,58,57,50,50,50,44,46,
326.000000,250.000000,0.112033,814563392.000000,1.196505,0,1
39,41,42,42,48,46,51,44,
212.000000,258.000000,0.115469,304503680.000000,0.983531,0,1
42,45,43,38,37,36,35,36,
223.000000,258.000000,0.116090,266521360.000000,0.953375,0,1
41,43,44,38,39,41,33,36,
188.000000,259.000000,0.121425,22048018.000000,1.355271,0,1
36,39,38,45,44,42,50,48,
189.000000,259.000000,0.121207,21641656.000000,1.352549,0,1
36,38,38,45,43,39,49,45,
294.000000,260.000000,0.119184,1875622400.000000,0.854020,0,1
40,42,43,35,34,34,34,34,
338.000000,262.000000,0.115118,1380225664.000000,1.075105,0,1
44,41,44,35,38,48,36,34,
171.000000,267.000000,0.115316,36771820.000000,1.224782,0,1
44,38,47,39,38,42,33,30,
188.000000,268.000000,0.101956,831976640.000000,1.233380,0,1
46,46,48,40,43,42,38,33,
114.000000,270.000000,0.077984,29242264.000000,1.135973,0,1
41,39,40,35,38,41,35,35,
391.000000,216.000000,0.073456,1255134720.000000,0.898757,0,1
179,65,106,59,64,68,62,64,
71.000000,212.000000,0.063897,279824640.000000,1.070401,0,1
25,27,25,33,36,38,50,58,
237.000000,182.000000,0.069196,366734496.000000,0.230101,0,1
253,220,255,63,175,255,56,36,
70.000000,139.000000,0.064818,7055463424.000000,0.446973,0,1
48,56,119,71,165,231,188,241,
176.000000,167.000000,0.065846,540961600.000000,0.192280,0,1
255,227,255,152,198,185,76,29,
107.000000,165.000000,0.063492,1609116800.000000,0.390830,0,1
162,166,140,170,119,63,113,44,
132.000000,160.000000,0.065439,1002307648.000000,0.858661,0,1
22,36,40,72,99,81,136,161,
125.000000,159.000000,0.064431,3072128000.000000,0.869051,0,1
28,40,72,37,97,134,84,146,
161.000000,153.000000,0.066281,486946432.000000,0.159768,0,1
197,119,178,42,80,177,32,33,
405.000000,215.000000,0.073862,1701015808.000000,1.008887,0,1
22,33,25,70,44,43,57,61,
30.000000,212.000000,0.063138,430640928.000000,0.336323,0,1
19,18,20,36,36,35,55,61,
107.000000,150.000000,0.063785,7226918400.000000,0.922068,0,1
59,48,142,33,96,229,51,72,
385.000000,133.000000,0.070515,2313284096.000000,0.757349,0,1
255,198,255,39,175,216,35,27,
187.000000,162.000000,0.066418,475284288.000000,0.485704,0,1
145,235,71,192,120,23,76,23,
141.000000,137.000000,0.063604,1853946496.000000,0.176424,0,1
41,49,124,43,153,239,119,173,
166.000000,137.000000,0.065359,3594039040.000000,0.752191,0,1
238,147,255,42,151,246,40,30,
380.000000,139.000000,0.072422,1218521600.000000,0.751187,0,1
25,50,30,153,91,56,215,230,
78.000000,234.000000,0.070122,137569552.000000,1.099914,0,1
68,61,57,53,52,49,52,47,
355.000000,153.000000,0.070860,1253457152.000000,0.726565,0,1
161,76,76,25,28,24,20,19,
404.000000,198.000000,0.071593,26387159040.000000,0.927947,0,1
41,34,194,31,145,255,54,216,
402.000000,173.000000,0.071548,8754790400.000000,0.665333,0,1
35,35,124,41,160,250,169,255,
404.000000,134.000000,0.070745,15716730880.000000,0.888253,0,1
21,24,48,23,114,173,67,168,
144.000000,179.000000,0.064644,6238243840.000000,0.809137,0,1
22,51,21,179,27,21,119,45,
142.000000,178.000000,0.064437,3114352384.000000,0.184694,0,1
83,183,29,253,131,23,243,191,
182.000000,177.000000,0.066211,737113984.000000,0.142651,0,1
35,35,124,29,111,251,49,52,
166.000000,177.000000,0.063927,1083866240.000000,0.154539,0,1
218,255,158,255,176,26,220,73,
369.000000,143.000000,0.070831,10767572992.000000,0.825845,0,1
32,35,146,26,105,249,38,100,
358.000000,192.000000,0.070455,15438365696.000000,0.767896,0,1
32,30,204,24,162,255,69,222,
354.000000,151.000000,0.071172,6301895680.000000,0.724389,0,1
210,113,186,36,155,124,46,27,
347.000000,130.000000,0.071191,4431676928.000000,0.685992,0,1
28,52,108,45,216,253,175,255,
345.000000,173.000000,0.071056,2664863744.000000,0.671933,0,1
24,24,95,32,116,253,188,255,
224.000000,132.000000,0.070593,142516000.000000,0.099335,0,1
29,40,40,114,128,130,253,255,
342.000000,160.000000,0.070213,2766771456.000000,0.504690,0,1
230,219,198,219,134,57,111,29,
261.000000,162.000000,0.068808,874760064.000000,0.492382,0,1
181,151,104,85,36,28,28,24,
279.000000,180.000000,0.067979,3190949888.000000,0.438467,0,1
22,26,79,27,124,225,133,209,
335.000000,152.000000,0.070508,6621961216.000000,0.593990,0,1
23,27,95,24,128,221,109,220,
261.000000,161.000000,0.069160,603411072.000000,0.492402,0,1
200,194,174,170,115,86,50,26,
195.000000,133.000000,0.067275,177447392.000000,0.684924,0,1
30,44,50,107,133,125,234,255,
326.000000,151.000000,0.070411,7766583296.000000,0.539902,0,1
35,150,23,224,103,20,227,178,
294.000000,180.000000,0.068547,2427938816.000000,0.400611,0,1
252,137,255,34,167,255,38,36,
306.000000,152.000000,0.070918,2694494976.000000,0.435474,0,1
28,134,32,208,139,23,219,175,
297.000000,134.000000,0.068836,2908946432.000000,0.378531,0,1
141,63,255,25,175,255,34,41,
255.000000,165.000000,0.068969,800605760.000000,0.508495,0,1
188,194,164,120,167,111,53,30,
298.000000,177.000000,0.069042,3631308032.000000,0.396528,0,1
27,170,22,255,130,20,252,205,
169.000000,134.000000,0.069093,206621184.000000,0.779402,0,1
24,45,42,161,149,133,245,255,
62.000000,213.000000,0.065612,95779784.000000,1.094958,0,1
18,17,21,23,25,32,39,46,
221.000000,140.000000,0.063284,49931944.000000,0.095372,0,1
255,221,255,74,93,207,38,31,
262.000000,150.000000,0.068016,638030400.000000,0.484058,0,1
221,178,198,49,151,188,37,29,
243.000000,134.000000,0.068467,416009856.000000,0.154082,0,1
191,147,252,39,176,255,44,39,
234.000000,162.000000,0.067622,1208961280.000000,0.560994,0,1
57,87,25,75,40,24,49,34,
