# timestamp
1608635261081113088

# fx, fy, cx, cy, width, height, npoints
501.489960,501.475067,421.771149,167.668716,800,400,503

# camToWorld: translation vector, rotation quaternion
-22.527306,32.746640,4.276146,0.574083,-0.433597,0.406925,-0.562880

# Exposure time (ms)
10.997072

# Point Cloud Data : 
# u,v,idepth_scaled,idepth_hessian,maxRelBaseline,numGoodRes,status 
# color information 
492.000000,32.000000,0.291780,214894.140625,0.448049,0,1
13,11,15,10,13,16,11,12,
752.000000,142.000000,0.056548,2756858112.000000,0.495467,0,1
210,147,192,75,144,108,45,36,
705.000000,147.000000,0.057672,3469909248.000000,0.432001,0,1
42,31,61,40,73,119,118,174,
751.000000,164.000000,0.056575,1270686080.000000,0.496974,0,1
232,172,241,89,152,182,57,52,
733.000000,170.000000,0.056156,2252307968.000000,0.471134,0,1
66,64,70,59,143,188,120,194,
693.000000,174.000000,0.054512,8392685056.000000,0.401088,0,1
250,248,163,249,160,69,185,102,
727.000000,174.000000,0.055447,1304840448.000000,0.459377,0,1
31,34,64,36,45,121,37,37,
743.000000,205.000000,0.056877,2285478912.000000,0.504952,0,1
36,32,72,32,70,151,66,104,
753.000000,208.000000,0.056569,139514608.000000,0.516987,0,1
67,92,93,126,121,118,149,160,
448.000000,36.000000,0.248412,194603.250000,0.406315,0,1
11,9,11,8,9,12,8,9,
432.000000,44.000000,0.221438,211524.093750,0.337518,0,1
11,10,12,8,10,12,8,9,
684.000000,138.000000,0.055515,2448897024.000000,0.383573,0,1
31,38,101,47,195,224,187,255,
743.000000,138.000000,0.053166,355588768.000000,0.241515,0,1
247,149,250,51,166,236,42,37,
745.000000,139.000000,0.057411,3084676864.000000,0.491646,0,1
255,212,243,60,142,188,41,36,
720.000000,142.000000,0.054382,162608192.000000,0.231863,0,1
255,213,239,81,139,195,38,34,
743.000000,150.000000,0.056644,2308125952.000000,0.384664,0,1
255,251,206,255,190,86,232,168,
741.000000,158.000000,0.055337,216725536.000000,0.247534,0,1
255,242,240,105,145,109,58,39,
719.000000,159.000000,0.055390,2247035136.000000,0.355571,0,1
79,60,177,76,175,250,223,253,
717.000000,160.000000,0.055740,4766662144.000000,0.442605,0,1
44,48,120,54,163,255,160,151,
707.000000,161.000000,0.055767,4548289536.000000,0.426988,0,1
255,246,223,229,121,68,105,48,
743.000000,163.000000,0.056096,2149007616.000000,0.483718,0,1
40,39,92,41,64,136,54,48,
724.000000,164.000000,0.057581,961960064.000000,0.437623,0,1
255,184,250,90,177,221,63,58,
683.000000,189.000000,0.054205,2367780096.000000,0.390934,0,1
51,86,127,107,200,232,106,221,
744.000000,191.000000,0.055634,1959050624.000000,0.490766,0,1
49,54,52,129,126,84,255,255,
719.000000,192.000000,0.056596,1192821120.000000,0.463016,0,1
112,229,130,255,241,102,254,214,
746.000000,192.000000,0.056523,3206459648.000000,0.499746,0,1
49,112,62,246,163,61,254,188,
705.000000,193.000000,0.054815,6008881664.000000,0.432005,0,1
87,124,129,142,159,239,198,229,
720.000000,193.000000,0.056558,3557691392.000000,0.464799,0,1
130,241,102,254,171,72,214,111,
742.000000,195.000000,0.055259,2109116032.000000,0.380189,0,1
255,249,238,239,152,96,142,82,
709.000000,203.000000,0.055420,2792195328.000000,0.448141,0,1
79,102,71,254,179,62,254,249,
720.000000,203.000000,0.055297,4858319360.000000,0.463016,0,1
77,67,117,45,193,235,168,250,
719.000000,204.000000,0.055493,7819398656.000000,0.463515,0,1
67,45,193,31,168,255,86,130,
731.000000,205.000000,0.055768,2328686848.000000,0.445386,0,1
49,148,73,243,175,72,190,124,
741.000000,208.000000,0.057107,350858496.000000,0.505909,0,1
56,101,101,124,122,126,153,152,
744.000000,208.000000,0.056550,1282440064.000000,0.505971,0,1
125,104,108,123,130,134,154,157,
726.000000,211.000000,0.061775,254949088.000000,0.519702,0,1
150,141,123,147,120,104,127,131,
705.000000,221.000000,0.069667,8013943.000000,0.188544,0,1
133,128,128,116,120,130,97,92,
706.000000,227.000000,0.074082,8728257.000000,0.196876,0,1
99,95,94,97,99,98,109,105,
744.000000,237.000000,0.055529,34689000.000000,0.522546,0,1
93,96,90,82,82,80,75,79,
615.000000,193.000000,0.057039,263022400.000000,0.295264,0,1
40,39,52,40,42,148,38,38,
531.000000,189.000000,0.049538,132327248.000000,0.138598,0,1
254,229,250,158,138,230,56,44,
663.000000,175.000000,0.053892,7358349824.000000,0.344951,0,1
224,247,101,254,133,46,203,112,
309.000000,127.000000,0.073805,5726763.500000,0.674123,0,1
12,11,11,13,13,14,22,30,
319.000000,127.000000,0.077757,17182324.000000,0.644650,0,1
12,12,12,19,20,22,42,61,
327.000000,127.000000,0.080356,21406256.000000,0.618604,0,1
12,12,13,25,27,30,61,79,
335.000000,127.000000,0.084946,16203963.000000,0.600160,0,1
12,16,17,37,41,42,79,96,
337.000000,127.000000,0.085384,12888376.000000,0.591954,0,1
12,17,17,41,42,44,79,98,
319.000000,128.000000,0.078455,26928152.000000,0.648720,0,1
12,19,20,39,45,52,58,66,
336.000000,128.000000,0.085254,13776720.000000,0.595619,0,1
17,41,42,79,79,79,96,108,
631.000000,143.000000,0.054579,733935232.000000,0.269465,0,1
54,42,41,34,72,105,93,229,
683.000000,144.000000,0.055451,4451655680.000000,0.318133,0,1
253,136,255,43,188,255,76,164,
679.000000,151.000000,0.055223,1721694848.000000,0.312840,0,1
227,82,242,34,143,251,38,38,
165.000000,156.000000,0.045860,566472064.000000,0.505560,0,1
21,78,25,129,76,28,86,49,
672.000000,156.000000,0.054947,5617888256.000000,0.359864,0,1
30,40,164,36,145,254,131,245,
686.000000,160.000000,0.054900,5953519104.000000,0.386423,0,1
79,219,72,254,142,42,127,44,
696.000000,160.000000,0.053261,675726336.000000,0.210745,0,1
187,142,255,48,215,255,155,254,
596.000000,163.000000,0.054879,1817303296.000000,0.243189,0,1
60,31,117,54,122,235,156,235,
666.000000,164.000000,0.054722,3669503744.000000,0.349656,0,1
47,46,188,36,121,254,50,43,
467.000000,165.000000,0.043979,20951448.000000,0.298324,0,1
64,55,52,39,38,28,29,24,
618.000000,171.000000,0.055019,524759552.000000,0.281417,0,1
28,31,30,40,80,47,198,241,
163.000000,173.000000,0.046804,60164816.000000,0.521293,0,1
52,54,66,37,56,53,34,41,
664.000000,173.000000,0.053743,4981735424.000000,0.345239,0,1
177,251,176,255,159,58,172,72,
668.000000,177.000000,0.054619,830665408.000000,0.359212,0,1
30,38,38,62,111,73,223,255,
498.000000,178.000000,0.048401,37833248.000000,0.090074,0,1
39,71,38,69,56,37,52,39,
663.000000,179.000000,0.054093,5421640192.000000,0.348499,0,1
112,203,65,255,128,82,183,65,
672.000000,180.000000,0.054763,4454142464.000000,0.369072,0,1
47,149,44,237,87,44,180,129,
459.000000,181.000000,0.049317,16002466.000000,0.381931,0,1
21,44,21,52,38,22,54,60,
487.000000,183.000000,0.035829,10272902.000000,0.199076,0,1
35,50,44,54,53,51,79,111,
529.000000,183.000000,0.051867,361404768.000000,0.134115,0,1
36,72,68,175,182,185,255,255,
439.000000,184.000000,0.035941,21035712.000000,0.093528,0,1
28,47,44,58,61,64,72,81,
703.000000,187.000000,0.054448,2444080128.000000,0.337788,0,1
255,255,198,255,201,93,237,177,
476.000000,188.000000,0.051738,55751264.000000,0.078131,0,1
73,37,102,30,73,96,37,67,
691.000000,188.000000,0.055542,3605288192.000000,0.411074,0,1
63,68,190,68,134,251,73,60,
679.000000,189.000000,0.054780,2055473664.000000,0.372042,0,1
255,255,206,234,223,107,101,49,
476.000000,192.000000,0.051443,31842726.000000,0.077895,0,1
67,38,91,44,67,77,58,73,
491.000000,193.000000,0.048345,28527042.000000,0.253834,0,1
40,34,58,33,46,69,41,60,
669.000000,193.000000,0.054417,4297146368.000000,0.371125,0,1
40,121,45,246,147,39,206,73,
701.000000,193.000000,0.054892,786331008.000000,0.339755,0,1
255,255,245,152,179,142,84,52,
682.000000,194.000000,0.054898,7754524160.000000,0.396682,0,1
91,57,220,44,165,255,112,227,
688.000000,196.000000,0.056612,4271562496.000000,0.417453,0,1
172,241,121,242,145,84,136,72,
679.000000,197.000000,0.054334,1719549952.000000,0.391310,0,1
42,60,113,58,67,120,48,43,
289.000000,198.000000,0.074553,17832446.000000,0.799594,0,1
34,31,26,31,28,31,33,32,
163.000000,202.000000,0.046361,39752928.000000,0.524570,0,1
45,83,79,56,58,61,24,17,
671.000000,203.000000,0.054351,1861647360.000000,0.382868,0,1
53,91,56,199,123,47,252,234,
696.000000,203.000000,0.054660,5738297344.000000,0.424441,0,1
72,95,117,94,244,255,211,237,
680.000000,205.000000,0.053163,113628736.000000,0.392940,0,1
31,30,26,71,49,33,114,91,
695.000000,205.000000,0.054954,4330585088.000000,0.399060,0,1
198,86,247,38,187,252,77,122,
664.000000,208.000000,0.055049,290269696.000000,0.379688,0,1
59,82,86,93,91,94,95,97,
695.000000,216.000000,0.047164,27167188.000000,0.388248,0,1
105,83,88,96,99,98,111,112,
552.000000,225.000000,0.057222,19046430.000000,0.269264,0,1
51,58,69,51,61,60,48,54,
695.000000,261.000000,0.034637,22798012.000000,0.295887,0,1
60,58,65,55,62,68,55,54,
576.000000,278.000000,0.100789,864140.812500,0.559209,0,1
40,39,39,35,36,35,31,28,
170.000000,207.000000,0.060242,143957712.000000,0.149168,0,1
42,53,21,90,68,16,89,61,
596.000000,203.000000,0.054552,535127936.000000,0.264157,0,1
34,47,44,57,112,45,107,161,
688.000000,144.000000,0.054192,1752978048.000000,0.298466,0,1
159,226,85,255,196,72,252,253,
592.000000,173.000000,0.052644,511811488.000000,0.232595,0,1
31,74,94,183,38,35,51,28,
661.000000,158.000000,0.054927,4564977152.000000,0.341157,0,1
143,65,254,36,134,255,45,42,
496.000000,175.000000,0.040340,52780560.000000,0.071686,0,1
26,46,28,67,45,27,67,72,
90.000000,94.000000,0.135230,45607780.000000,1.609409,0,1
8,10,8,13,13,8,17,15,
83.000000,111.000000,0.134525,268952064.000000,1.624905,0,1
10,11,10,12,13,11,27,34,
83.000000,112.000000,0.134570,554993664.000000,1.625398,0,1
11,14,11,15,30,12,29,34,
563.000000,119.000000,0.083415,109312624.000000,0.759100,0,1
19,19,19,24,24,23,41,51,
89.000000,120.000000,0.133337,3808595968.000000,1.576063,0,1
47,45,77,48,73,79,71,70,
85.000000,122.000000,0.133996,3212285440.000000,1.604058,0,1
20,20,43,19,38,69,31,69,
368.000000,126.000000,0.067683,729009.375000,0.421870,0,1
11,12,11,15,15,14,19,20,
344.000000,127.000000,0.082830,15175051.000000,0.549263,0,1
13,18,18,44,43,43,72,87,
353.000000,127.000000,0.075402,8335633.000000,0.501977,0,1
12,18,17,37,34,30,48,55,
287.000000,128.000000,0.080044,21107644.000000,0.831606,0,1
11,11,11,15,16,19,27,38,
279.000000,129.000000,0.078049,12009332.000000,0.863385,0,1
10,12,12,18,18,20,23,25,
291.000000,129.000000,0.078196,36911784.000000,0.799028,0,1
12,21,23,35,44,44,53,64,
76.000000,130.000000,0.136716,1262487552.000000,1.678278,0,1
24,25,38,23,44,56,29,23,
511.000000,132.000000,0.071573,106577528.000000,0.446411,0,1
60,54,65,44,48,53,31,29,
325.000000,134.000000,0.067736,69904440.000000,0.562660,0,1
109,114,130,125,137,150,139,146,
134.000000,135.000000,0.118484,71740536.000000,1.209607,0,1
51,61,58,41,41,42,26,67,
348.000000,135.000000,0.064768,103791928.000000,0.437627,0,1
121,136,115,146,121,98,98,33,
360.000000,135.000000,0.065515,28929982.000000,0.392967,0,1
49,55,45,55,45,38,32,14,
368.000000,135.000000,0.068033,13473952.000000,0.373647,0,1
26,28,24,27,24,21,18,19,
352.000000,136.000000,0.065583,70278712.000000,0.425686,0,1
91,88,79,70,58,53,25,10,
110.000000,137.000000,0.063065,884583808.000000,0.422957,0,1
29,22,40,20,38,49,23,40,
135.000000,137.000000,0.064142,2874944000.000000,0.761976,0,1
42,28,38,58,144,206,92,119,
339.000000,137.000000,0.066511,74690976.000000,0.485140,0,1
184,163,157,73,73,56,13,10,
344.000000,137.000000,0.066636,76035968.000000,0.464497,0,1
151,124,110,51,45,40,11,9,
303.000000,138.000000,0.066801,141338624.000000,0.650646,0,1
57,54,72,54,63,84,54,65,
368.000000,138.000000,0.064894,177962512.000000,0.358151,0,1
17,28,13,112,49,12,107,22,
591.000000,138.000000,0.054416,1971534336.000000,0.231630,0,1
32,42,170,30,185,255,75,211,
152.000000,139.000000,0.067713,74013440.000000,0.738726,0,1
29,36,28,25,21,17,13,13,
364.000000,139.000000,0.064123,171488352.000000,0.371326,0,1
29,28,116,13,107,115,19,12,
486.000000,139.000000,0.049912,130442184.000000,0.237279,0,1
23,36,33,102,100,68,224,231,
488.000000,140.000000,0.051168,1555505280.000000,0.248095,0,1
30,90,42,225,134,29,147,35,
555.000000,140.000000,0.052534,1052525184.000000,0.160487,0,1
212,253,129,255,138,39,212,88,
423.000000,141.000000,0.053156,33790488.000000,0.139289,0,1
34,42,41,48,52,43,58,74,
447.000000,141.000000,0.051077,432016640.000000,0.448174,0,1
30,100,46,228,203,32,228,73,
223.000000,142.000000,0.100332,4154982.250000,1.430489,0,1
12,8,11,7,13,17,8,8,
545.000000,142.000000,0.051997,428991040.000000,0.148030,0,1
218,111,255,43,194,255,41,38,
198.000000,143.000000,0.065537,11847005.000000,0.581696,0,1
6,8,6,13,10,6,17,14,
228.000000,143.000000,0.088053,41411860.000000,1.290635,0,1
10,17,9,18,11,6,12,6,
279.000000,143.000000,0.073091,37121284.000000,0.821754,0,1
33,30,37,21,26,32,12,10,
473.000000,143.000000,0.050973,78796616.000000,0.081798,0,1
34,128,40,210,202,35,255,255,
497.000000,143.000000,0.051631,809722624.000000,0.268565,0,1
28,29,67,54,108,254,54,61,
537.000000,143.000000,0.051563,1609272448.000000,0.244998,0,1
55,42,221,34,174,255,78,207,
135.000000,144.000000,0.064931,159497744.000000,0.775804,0,1
65,29,28,15,17,14,13,12,
198.000000,144.000000,0.065732,17191638.000000,0.582814,0,1
7,15,7,13,13,6,16,13,
227.000000,144.000000,0.087858,38000332.000000,1.297254,0,1
17,18,11,15,12,6,8,6,
279.000000,144.000000,0.072413,15809353.000000,0.816329,0,1
33,23,29,11,13,15,9,13,
491.000000,144.000000,0.051672,510512384.000000,0.206702,0,1
25,27,50,28,105,253,96,239,
120.000000,145.000000,0.077902,4645104128.000000,0.947401,0,1
21,33,24,152,97,38,232,187,
554.000000,145.000000,0.052579,3138722304.000000,0.398970,0,1
210,255,95,236,148,42,70,35,
432.000000,146.000000,0.051296,51693264.000000,0.047521,0,1
111,44,255,58,162,255,31,32,
528.000000,146.000000,0.050886,288486848.000000,0.129314,0,1
255,200,255,52,226,203,58,40,
460.000000,147.000000,0.049590,170911360.000000,0.125917,0,1
255,180,255,52,130,254,34,33,
485.000000,147.000000,0.050729,822861184.000000,0.238746,0,1
255,254,166,105,152,35,41,25,
543.000000,148.000000,0.052938,272679680.000000,0.148891,0,1
42,107,39,251,112,52,253,255,
119.000000,149.000000,0.077953,5924996608.000000,0.951380,0,1
241,250,163,219,166,41,95,25,
313.000000,149.000000,0.063309,19578064.000000,0.578356,0,1
11,9,14,13,20,27,21,33,
440.000000,149.000000,0.051126,552921984.000000,0.492778,0,1
253,242,134,111,159,34,61,26,
615.000000,149.000000,0.055701,3823815424.000000,0.584056,0,1
27,28,56,28,44,247,30,44,
360.000000,150.000000,0.058626,3579144.500000,0.360520,0,1
28,27,29,30,34,37,36,40,
579.000000,150.000000,0.053428,3519560960.000000,0.465635,0,1
33,36,88,46,145,234,148,248,
595.000000,150.000000,0.052875,2433228800.000000,0.232714,0,1
61,215,53,255,152,45,210,53,
357.000000,151.000000,0.060378,21801292.000000,0.379764,0,1
26,20,30,23,33,36,27,41,
651.000000,151.000000,0.054580,3638095104.000000,0.325545,0,1
98,49,228,31,159,255,39,41,
310.000000,152.000000,0.063514,45880164.000000,0.593482,0,1
17,11,23,10,14,30,10,15,
312.000000,152.000000,0.063517,62338456.000000,0.584321,0,1
21,23,33,14,30,36,18,23,
428.000000,152.000000,0.052134,128170712.000000,0.124567,0,1
163,184,101,75,119,94,70,51,
445.000000,152.000000,0.050336,536356832.000000,0.447277,0,1
22,20,52,21,37,102,57,49,
488.000000,152.000000,0.051954,583415680.000000,0.251359,0,1
23,23,38,24,56,80,42,40,
501.000000,152.000000,0.051036,795032448.000000,0.272311,0,1
33,79,29,98,53,23,60,25,
627.000000,152.000000,0.054271,3008098304.000000,0.289208,0,1
143,50,239,39,131,252,34,34,
141.000000,154.000000,0.044934,345768960.000000,0.253473,0,1
15,22,18,36,57,30,71,97,
168.000000,154.000000,0.055708,153904064.000000,0.585780,0,1
12,14,12,21,21,12,27,23,
647.000000,154.000000,0.053525,1227925248.000000,0.314792,0,1
33,49,43,140,132,52,243,252,
125.000000,156.000000,0.044607,1459789952.000000,0.236168,0,1
82,78,108,64,108,145,88,80,
128.000000,156.000000,0.045186,2050033920.000000,0.268462,0,1
34,85,29,137,82,35,131,69,
144.000000,156.000000,0.045474,645403840.000000,0.253800,0,1
23,45,28,92,57,34,79,68,
382.000000,156.000000,0.062923,10511270.000000,0.298082,0,1
39,39,42,41,43,43,47,50,
78.000000,157.000000,0.044079,1164242432.000000,0.308873,0,1
73,112,76,183,157,109,240,228,
82.000000,157.000000,0.044448,1207866624.000000,0.308049,0,1
100,97,123,109,158,174,205,247,
97.000000,157.000000,0.043782,390773536.000000,0.288890,0,1
100,114,111,163,141,122,221,224,
369.000000,157.000000,0.043611,3742409.000000,0.262599,0,1
47,48,49,52,55,55,58,64,
563.000000,157.000000,0.053332,808808128.000000,0.296253,0,1
243,116,249,44,126,243,38,37,
639.000000,157.000000,0.053768,1616085504.000000,0.430813,0,1
248,229,153,117,117,52,42,34,
57.000000,158.000000,0.043782,3511441920.000000,0.325491,0,1
106,102,156,117,158,226,176,199,
348.000000,158.000000,0.064635,14849144.000000,0.435938,0,1
18,22,10,23,19,10,23,18,
364.000000,158.000000,0.077384,4262617.000000,0.439418,0,1
46,50,48,56,55,56,62,63,
385.000000,158.000000,0.063947,114341104.000000,0.290045,0,1
28,46,18,52,31,15,48,32,
528.000000,158.000000,0.050022,252972688.000000,0.127046,0,1
23,24,60,24,88,171,71,147,
605.000000,158.000000,0.053835,2437220352.000000,0.370935,0,1
34,66,34,178,73,50,225,254,
66.000000,159.000000,0.043983,3589794560.000000,0.319083,0,1
114,205,97,255,201,119,206,150,
527.000000,159.000000,0.050747,2000184448.000000,0.324099,0,1
24,24,88,24,71,177,43,104,
578.000000,159.000000,0.053974,187261664.000000,0.325569,0,1
36,58,70,145,189,192,238,255,
47.000000,160.000000,0.043659,181768672.000000,0.199092,0,1
217,255,253,209,227,232,168,152,
48.000000,160.000000,0.044166,236973088.000000,0.201108,0,1
214,255,249,226,230,217,174,177,
348.000000,160.000000,0.064725,13671306.000000,0.437477,0,1
19,23,11,22,18,10,22,18,
518.000000,160.000000,0.050955,2066330880.000000,0.306866,0,1
53,27,89,24,54,97,24,26,
656.000000,160.000000,0.054109,5518337536.000000,0.330938,0,1
66,190,56,248,106,41,182,63,
385.000000,161.000000,0.063818,123222120.000000,0.290899,0,1
31,48,19,54,32,16,49,33,
486.000000,161.000000,0.050169,171508736.000000,0.237718,0,1
22,46,23,66,41,52,78,88,
491.000000,161.000000,0.049166,52704828.000000,0.206097,0,1
19,27,21,67,62,25,91,59,
539.000000,161.000000,0.053008,2545839872.000000,0.368079,0,1
34,101,36,239,135,31,234,88,
608.000000,161.000000,0.054853,9980989440.000000,0.554362,0,1
50,117,36,252,60,30,111,39,
632.000000,161.000000,0.053657,2529729024.000000,0.417215,0,1
216,255,221,233,203,98,103,38,
212.000000,162.000000,0.064972,25170784.000000,0.540697,0,1
12,15,9,16,13,7,15,13,
441.000000,162.000000,0.047585,10310775.000000,0.471839,0,1
19,29,24,49,33,39,51,48,
503.000000,162.000000,0.038249,78120728.000000,0.128520,0,1
28,25,46,24,29,71,26,31,
560.000000,162.000000,0.052272,3124190208.000000,0.409326,0,1
195,255,185,221,181,72,94,36,
416.000000,163.000000,0.054520,2809909.250000,0.181956,0,1
39,37,35,31,29,26,23,21,
641.000000,163.000000,0.054005,3130778368.000000,0.436692,0,1
138,126,255,46,175,203,41,46,
202.000000,164.000000,0.065759,9926745.000000,0.566281,0,1
10,10,10,14,13,10,16,16,
35.000000,165.000000,0.044622,3313972224.000000,0.352286,0,1
177,163,196,164,185,219,199,204,
82.000000,165.000000,0.044693,3301951488.000000,0.310148,0,1
170,154,187,142,177,196,184,184,
154.000000,165.000000,0.046205,164073808.000000,0.539636,0,1
21,29,19,38,28,24,42,47,
617.000000,165.000000,0.054294,2943830528.000000,0.396030,0,1
41,34,217,30,128,240,37,34,
648.000000,165.000000,0.053679,549874688.000000,0.446469,0,1
255,211,255,79,182,204,59,40,
370.000000,166.000000,0.063312,11279038.000000,0.345703,0,1
57,60,45,59,53,41,54,54,
376.000000,166.000000,0.062716,13736466.000000,0.321258,0,1
48,42,31,44,41,38,48,49,
478.000000,166.000000,0.202260,30968794.000000,0.581919,0,1
19,18,28,17,29,49,22,28,
509.000000,166.000000,0.052881,1503089664.000000,0.301828,0,1
85,91,50,97,66,27,77,30,
626.000000,166.000000,0.052680,1153736576.000000,0.398227,0,1
255,212,177,93,103,71,41,37,
103.000000,167.000000,0.044445,5758563328.000000,0.288401,0,1
100,156,83,214,144,84,179,98,
366.000000,167.000000,0.048316,9550658.000000,0.294101,0,1
61,54,57,49,49,52,45,42,
374.000000,168.000000,0.063082,5509279.500000,0.358640,0,1
44,48,48,52,49,49,35,41,
376.000000,168.000000,0.064227,7599906.000000,0.327966,0,1
41,48,39,49,49,36,35,40,
439.000000,168.000000,0.052119,12340622.000000,0.158527,0,1
51,32,43,25,29,39,21,18,
32.000000,170.000000,0.043800,798329472.000000,0.347735,0,1
148,167,158,212,179,190,223,228,
46.000000,170.000000,0.043981,2771716096.000000,0.337192,0,1
210,167,208,159,189,227,179,237,
384.000000,171.000000,0.010588,2859573.750000,0.063613,0,1
42,41,30,37,38,19,38,36,
72.000000,172.000000,0.044884,243158304.000000,0.290141,0,1
219,168,215,196,214,234,255,251,
103.000000,172.000000,0.044989,1279663232.000000,0.263605,0,1
103,154,112,225,208,140,255,203,
559.000000,172.000000,0.054003,447376576.000000,0.295035,0,1
31,39,42,123,157,156,242,255,
105.000000,173.000000,0.045449,3039285248.000000,0.294245,0,1
90,185,105,253,180,92,195,103,
159.000000,173.000000,0.047319,577673664.000000,0.533996,0,1
40,67,35,64,52,37,41,38,
429.000000,174.000000,0.049735,49951784.000000,0.573359,0,1
18,18,19,29,33,30,38,43,
479.000000,174.000000,0.049750,85185464.000000,0.276441,0,1
17,23,17,38,29,18,38,28,
487.000000,174.000000,0.054394,130973616.000000,0.266275,0,1
18,17,28,18,24,69,22,28,
547.000000,174.000000,0.052306,2376508416.000000,0.265854,0,1
90,224,98,255,206,43,205,61,
604.000000,174.000000,0.052774,2614426112.000000,0.520185,0,1
21,22,43,21,60,150,23,23,
608.000000,174.000000,0.055414,4480525312.000000,0.561981,0,1
26,40,28,150,39,28,59,28,
299.000000,175.000000,0.062797,30186064.000000,0.650718,0,1
10,16,6,17,11,6,16,11,
468.000000,175.000000,0.055434,73452744.000000,0.359791,0,1
16,18,27,20,38,41,35,37,
629.000000,175.000000,0.053995,2687486720.000000,0.415663,0,1
253,170,254,43,162,222,42,37,
385.000000,177.000000,0.017562,947700.562500,0.102091,0,1
27,33,17,35,27,14,35,27,
552.000000,177.000000,0.053105,1011793600.000000,0.400484,0,1
37,35,48,44,117,81,217,255,
625.000000,177.000000,0.053371,1368384000.000000,0.287583,0,1
49,90,62,197,208,74,255,255,
639.000000,178.000000,0.053814,3102961664.000000,0.432333,0,1
234,245,147,193,135,60,59,39,
64.000000,179.000000,0.043390,5539042304.000000,0.316997,0,1
185,230,176,244,175,131,194,142,
299.000000,179.000000,0.062840,27030648.000000,0.652739,0,1
11,16,6,17,11,6,15,11,
573.000000,179.000000,0.052509,986298048.000000,0.204692,0,1
32,117,46,255,224,44,255,187,
76.000000,180.000000,0.044034,833921472.000000,0.286259,0,1
229,231,253,180,206,220,144,133,
143.000000,180.000000,0.044677,525739552.000000,0.251841,0,1
72,64,82,52,70,91,46,43,
431.000000,180.000000,0.048128,44464480.000000,0.554680,0,1
44,40,34,26,30,22,21,25,
49.000000,181.000000,0.045105,1129674240.000000,0.205736,0,1
153,201,127,226,167,135,229,199,
160.000000,181.000000,0.046720,1557246848.000000,0.528017,0,1
53,96,37,108,55,34,77,43,
477.000000,181.000000,0.049875,161589856.000000,0.307766,0,1
39,53,37,46,49,28,47,41,
518.000000,181.000000,0.051221,1415877888.000000,0.217618,0,1
174,245,105,138,181,51,88,54,
586.000000,181.000000,0.052444,425094464.000000,0.330337,0,1
255,204,249,40,140,165,42,35,
42.000000,183.000000,0.043850,309285568.000000,0.203410,0,1
179,139,130,213,174,147,240,255,
84.000000,183.000000,0.044472,1609640704.000000,0.276557,0,1
145,141,196,150,203,254,195,239,
149.000000,183.000000,0.045142,1123845248.000000,0.540487,0,1
53,61,78,61,93,83,86,120,
346.000000,183.000000,0.063922,8681726.000000,0.451993,0,1
13,15,13,20,19,12,26,24,
600.000000,183.000000,0.053090,108272576.000000,0.205841,0,1
35,68,73,138,149,149,255,255,
39.000000,184.000000,0.043842,277016544.000000,0.204762,0,1
173,239,213,255,253,240,255,255,
141.000000,184.000000,0.045567,732740608.000000,0.260263,0,1
43,56,36,79,63,49,115,108,
385.000000,184.000000,0.061349,15412338.000000,0.308048,0,1
26,29,17,28,23,13,21,17,
640.000000,184.000000,0.054356,3351634944.000000,0.316289,0,1
55,57,151,56,210,255,180,244,
654.000000,184.000000,0.053656,2614903808.000000,0.333439,0,1
69,184,80,255,212,93,253,218,
55.000000,185.000000,0.044815,271921376.000000,0.200798,0,1
150,179,132,246,226,205,255,255,
352.000000,185.000000,0.062412,8915684.000000,0.422464,0,1
12,10,13,9,17,17,14,23,
559.000000,186.000000,0.052295,2006166528.000000,0.286933,0,1
255,251,225,217,181,80,69,77,
630.000000,186.000000,0.053226,1316125440.000000,0.297834,0,1
255,249,243,227,172,120,86,52,
160.000000,187.000000,0.048041,419179392.000000,0.540762,0,1
68,73,60,52,41,38,43,35,
383.000000,187.000000,0.058727,9741308.000000,0.307649,0,1
23,27,19,31,23,17,28,24,
488.000000,187.000000,0.048625,132582760.000000,0.166627,0,1
113,112,115,96,58,49,56,35,
567.000000,187.000000,0.052532,3214206208.000000,0.431860,0,1
189,104,255,42,163,224,40,38,
593.000000,187.000000,0.053104,4337495552.000000,0.347857,0,1
60,36,213,24,129,255,35,40,
639.000000,187.000000,0.053727,3410117120.000000,0.432758,0,1
180,92,244,51,97,189,49,48,
418.000000,188.000000,0.065963,4341784.000000,0.176914,0,1
26,22,35,23,27,26,23,28,
94.000000,189.000000,0.045144,776213888.000000,0.270222,0,1
134,120,157,235,205,235,254,242,
289.000000,189.000000,0.068890,4929065.500000,0.757694,0,1
25,22,22,25,25,27,30,32,
297.000000,189.000000,0.061961,44808356.000000,0.656356,0,1
26,32,22,34,28,16,35,31,
464.000000,189.000000,0.051297,108911232.000000,0.145350,0,1
79,74,77,59,52,70,32,30,
150.000000,190.000000,0.044792,985975168.000000,0.537007,0,1
152,129,142,80,103,133,70,72,
208.000000,190.000000,0.065100,18879782.000000,0.578539,0,1
11,13,12,17,16,11,16,17,
240.000000,190.000000,0.059718,33392250.000000,0.927181,0,1
9,6,13,6,9,13,6,9,
427.000000,190.000000,0.052952,49845852.000000,0.162377,0,1
28,31,40,29,41,44,32,41,
605.000000,190.000000,0.053279,4417092096.000000,0.531499,0,1
231,240,119,136,110,41,41,28,
101.000000,191.000000,0.045547,1549295232.000000,0.301227,0,1
216,198,179,159,141,135,112,106,
343.000000,191.000000,0.059736,9193166.000000,0.493813,0,1
21,14,34,13,21,40,14,14,
516.000000,191.000000,0.050525,298130560.000000,0.175589,0,1
45,60,50,105,128,54,241,246,
584.000000,191.000000,0.053261,2674643712.000000,0.334911,0,1
32,50,91,59,208,203,224,255,
656.000000,191.000000,0.054344,4378335232.000000,0.346177,0,1
40,44,90,50,150,251,150,248,
343.000000,192.000000,0.063024,13275344.000000,0.482457,0,1
22,14,34,13,16,23,14,14,
418.000000,192.000000,0.061335,8194975.000000,0.166174,0,1
28,24,36,23,28,27,24,27,
592.000000,192.000000,0.054140,461598784.000000,0.509760,0,1
27,31,40,56,104,89,140,185,
146.000000,193.000000,0.044166,272597280.000000,0.539710,0,1
64,70,73,90,108,130,128,142,
455.000000,193.000000,0.049959,400602592.000000,0.421439,0,1
28,30,32,53,82,48,110,91,
624.000000,193.000000,0.053268,494340896.000000,0.231381,0,1
250,193,255,46,209,220,54,42,
577.000000,194.000000,0.052842,3733305600.000000,0.460221,0,1
255,245,190,129,188,66,61,55,
351.000000,195.000000,0.062069,12195617.000000,0.455615,0,1
16,12,29,13,16,31,12,15,
356.000000,195.000000,0.085671,5761654.000000,0.520585,0,1
38,27,36,23,35,26,24,33,
240.000000,197.000000,0.061503,73114304.000000,0.951397,0,1
9,6,16,5,9,16,6,9,
563.000000,197.000000,0.051047,201869808.000000,0.288415,0,1
252,184,254,100,154,186,59,40,
39.000000,198.000000,0.045973,77413328.000000,0.217411,0,1
255,254,250,218,220,227,189,202,
40.000000,198.000000,0.045644,134337488.000000,0.300411,0,1
255,252,248,220,222,229,185,192,
111.000000,198.000000,0.045619,642048512.000000,0.244282,0,1
255,255,235,133,153,145,83,93,
497.000000,198.000000,0.051793,151130624.000000,0.260998,0,1
70,83,81,59,59,58,31,31,
94.000000,199.000000,0.048380,186275296.000000,0.288590,0,1
252,225,251,201,225,251,190,180,
99.000000,199.000000,0.045388,1537551616.000000,0.303452,0,1
177,199,165,236,170,140,182,84,
480.000000,199.000000,0.049632,138787008.000000,0.236731,0,1
58,64,61,65,39,35,42,35,
39.000000,200.000000,0.046203,295265344.000000,0.305248,0,1
220,189,183,217,202,186,243,255,
98.000000,200.000000,0.046828,3169041664.000000,0.315585,0,1
199,236,170,234,182,112,177,115,
351.000000,200.000000,0.064592,12151453.000000,0.456516,0,1
15,12,28,14,15,32,12,14,
53.000000,202.000000,0.046441,380519360.000000,0.296409,0,1
183,164,155,224,203,180,246,255,
113.000000,202.000000,0.046024,978805632.000000,0.295299,0,1
106,100,109,62,69,80,36,33,
63.000000,203.000000,0.046304,231968064.000000,0.287745,0,1
168,146,148,188,169,164,239,252,
292.000000,203.000000,0.064974,5117093.500000,0.722069,0,1
33,34,37,28,34,36,26,30,
352.000000,203.000000,0.063488,12426794.000000,0.466964,0,1
27,14,31,12,25,23,13,23,
482.000000,203.000000,0.051407,501505888.000000,0.326954,0,1
34,30,32,27,57,52,44,56,
622.000000,203.000000,0.053870,2501115392.000000,0.407331,0,1
45,67,67,122,225,130,242,245,
214.000000,204.000000,0.062334,91159304.000000,0.535017,0,1
11,16,8,18,11,7,16,12,
281.000000,204.000000,0.060008,2642090.250000,0.378388,0,1
29,30,27,26,24,22,29,29,
441.000000,204.000000,0.050335,96271288.000000,0.524509,0,1
36,49,25,67,49,25,56,43,
493.000000,204.000000,0.053681,290648800.000000,0.293054,0,1
27,32,21,47,32,20,38,33,
76.000000,205.000000,0.045951,988392960.000000,0.330795,0,1
136,146,137,205,183,170,222,217,
80.000000,205.000000,0.045955,937087488.000000,0.327094,0,1
143,134,126,170,154,140,207,192,
561.000000,205.000000,0.052443,1972996608.000000,0.296554,0,1
141,255,121,219,204,51,139,89,
584.000000,205.000000,0.053049,1926711936.000000,0.482808,0,1
23,50,23,154,45,25,92,78,
600.000000,205.000000,0.053112,2576518400.000000,0.521857,0,1
22,61,22,175,53,24,82,66,
644.000000,205.000000,0.054394,3524638976.000000,0.338317,0,1
149,88,246,45,218,255,78,90,
656.000000,205.000000,0.054113,923257024.000000,0.470919,0,1
34,81,41,217,169,49,164,99,
270.000000,206.000000,0.077617,59766032.000000,0.488655,0,1
22,24,25,24,25,26,23,20,
433.000000,206.000000,0.050897,170638192.000000,0.580100,0,1
17,21,21,39,40,41,54,57,
448.000000,206.000000,0.051296,94119048.000000,0.493188,0,1
20,34,17,37,26,26,43,51,
538.000000,206.000000,0.054012,245033296.000000,0.387283,0,1
22,24,25,52,54,55,67,67,
241.000000,207.000000,0.063232,84901056.000000,0.972277,0,1
16,8,16,7,15,16,8,7,
94.000000,208.000000,0.045754,730458944.000000,0.313004,0,1
99,129,124,153,153,153,170,172,
100.000000,208.000000,0.046922,1724495872.000000,0.316222,0,1
55,91,78,134,108,107,141,123,
121.000000,208.000000,0.045713,930723840.000000,0.286782,0,1
74,113,93,138,130,124,142,106,
143.000000,208.000000,0.046550,185775008.000000,0.270612,0,1
46,59,49,63,59,63,95,94,
155.000000,208.000000,0.047070,200716336.000000,0.551258,0,1
42,62,57,87,88,91,105,92,
241.000000,208.000000,0.062932,89140984.000000,0.969845,0,1
16,8,17,6,13,16,6,6,
269.000000,208.000000,0.067919,61154484.000000,0.864968,0,1
25,23,22,21,21,20,12,7,
299.000000,208.000000,0.059057,28288532.000000,0.653697,0,1
20,26,9,28,19,6,18,8,
554.000000,208.000000,0.051142,442618144.000000,0.397660,0,1
136,93,93,82,82,81,80,79,
576.000000,208.000000,0.051800,465839424.000000,0.452366,0,1
138,95,90,81,81,76,76,74,
248.000000,209.000000,0.064948,31766266.000000,0.952199,0,1
17,17,16,8,9,9,6,6,
263.000000,209.000000,0.066134,55794416.000000,0.880217,0,1
22,19,20,12,12,12,7,7,
279.000000,209.000000,0.066732,74040672.000000,0.800433,0,1
24,26,28,12,14,15,8,7,
287.000000,209.000000,0.066900,86866024.000000,0.760946,0,1
28,29,29,16,18,18,8,8,
290.000000,209.000000,0.066850,96461616.000000,0.745518,0,1
29,30,30,18,19,20,8,7,
352.000000,209.000000,0.067565,8471886.000000,0.474320,0,1
22,12,27,11,21,22,11,19,
433.000000,209.000000,0.054354,43098112.000000,0.614514,0,1
54,58,57,55,53,52,46,42,
461.000000,209.000000,0.054314,68516400.000000,0.446814,0,1
29,41,28,42,31,25,33,30,
109.000000,210.000000,0.049721,257013728.000000,0.328944,0,1
117,115,126,85,101,109,102,116,
449.000000,210.000000,0.054587,55902504.000000,0.519803,0,1
48,44,42,45,39,30,37,34,
467.000000,210.000000,0.056113,12567061.000000,0.430829,0,1
24,26,24,33,34,29,38,35,
424.000000,211.000000,0.056498,246381008.000000,0.703212,0,1
76,68,57,59,46,35,38,27,
491.000000,211.000000,0.055443,23479770.000000,0.331530,0,1
60,52,58,39,44,48,37,32,
503.000000,211.000000,0.056857,48281316.000000,0.335638,0,1
67,64,65,51,53,53,43,40,
506.000000,211.000000,0.056767,49102836.000000,0.341532,0,1
68,64,64,52,55,57,45,41,
442.000000,212.000000,0.057259,39331136.000000,0.592425,0,1
49,45,46,38,39,39,32,27,
516.000000,212.000000,0.057343,51964396.000000,0.368736,0,1
68,64,63,52,53,52,45,41,
566.000000,212.000000,0.058518,111145808.000000,0.499717,0,1
78,78,75,70,69,67,61,59,
643.000000,213.000000,0.061756,59394788.000000,0.523995,0,1
93,85,85,73,74,74,59,59,
305.000000,215.000000,0.060730,69284672.000000,0.662797,0,1
8,9,9,20,20,19,31,30,
319.000000,215.000000,0.060735,54856772.000000,0.595787,0,1
9,9,9,14,14,13,32,33,
326.000000,215.000000,0.060244,40595448.000000,0.557091,0,1
8,10,12,14,17,24,27,27,
330.000000,215.000000,0.060006,70992992.000000,0.540483,0,1
10,13,14,24,25,25,32,32,
343.000000,215.000000,0.060934,75027240.000000,0.487759,0,1
11,12,12,24,26,26,30,33,
345.000000,215.000000,0.061509,102732664.000000,0.481426,0,1
12,12,12,26,26,25,34,36,
398.000000,215.000000,0.062701,36545160.000000,0.306798,0,1
14,13,14,14,14,14,25,33,
402.000000,215.000000,0.063087,47347104.000000,0.296789,0,1
14,13,14,14,14,15,26,35,
411.000000,215.000000,0.064124,103958384.000000,0.279414,0,1
19,18,23,17,28,37,32,42,
172.000000,216.000000,0.061808,267383456.000000,0.646569,0,1
13,22,11,32,18,17,27,27,
215.000000,216.000000,0.062723,51866960.000000,0.541658,0,1
9,13,8,16,12,10,16,18,
225.000000,216.000000,0.061581,17368086.000000,0.525525,0,1
7,7,7,10,11,11,16,18,
319.000000,216.000000,0.061094,87787032.000000,0.617056,0,1
9,13,14,30,32,32,32,29,
321.000000,216.000000,0.061266,92072720.000000,0.587604,0,1
9,14,14,32,32,29,34,29,
352.000000,216.000000,0.064697,8766322.000000,0.469790,0,1
18,11,24,15,17,20,12,17,
407.000000,216.000000,0.064451,101439368.000000,0.289752,0,1
14,14,15,26,25,27,35,38,
416.000000,216.000000,0.061209,118053824.000000,0.259318,0,1
41,38,31,37,26,19,22,15,
203.000000,217.000000,0.063216,25471842.000000,0.564003,0,1
20,19,19,15,15,15,11,9,
277.000000,217.000000,0.066157,33042888.000000,0.814324,0,1
21,19,20,16,16,17,10,11,
283.000000,217.000000,0.067062,32475724.000000,0.791269,0,1
22,20,21,17,18,18,10,11,
294.000000,217.000000,0.067296,29024876.000000,0.739218,0,1
22,21,21,19,18,18,12,12,
414.000000,217.000000,0.062453,117450640.000000,0.271878,0,1
38,40,34,43,31,18,28,18,
303.000000,218.000000,0.066539,70143720.000000,0.690507,0,1
30,29,29,18,22,22,15,10,
305.000000,218.000000,0.066818,74456544.000000,0.683194,0,1
30,29,29,22,22,24,13,10,
331.000000,218.000000,0.066292,72549736.000000,0.564657,0,1
33,32,31,23,24,24,15,14,
343.000000,218.000000,0.066738,72722064.000000,0.518243,0,1
31,31,34,25,27,28,19,16,
386.000000,218.000000,0.063405,27535194.000000,0.369804,0,1
22,18,33,18,29,34,19,19,
399.000000,219.000000,0.066356,61022732.000000,0.330192,0,1
34,33,35,26,26,28,20,18,
551.000000,224.000000,0.059286,14833670.000000,0.477169,0,1
45,45,51,45,58,69,51,48,
619.000000,225.000000,0.055484,198398272.000000,0.608037,0,1
52,52,58,46,53,62,47,48,
626.000000,225.000000,0.056042,44582380.000000,0.441905,0,1
70,72,66,67,65,59,62,57,
53.000000,228.000000,0.074345,68686672.000000,0.628399,0,1
90,95,97,89,86,84,80,71,
276.000000,228.000000,0.075413,1711027.375000,0.961763,0,1
11,11,11,11,12,12,14,15,
288.000000,228.000000,0.073901,1817760.000000,0.870722,0,1
11,12,13,13,14,15,16,16,
69.000000,232.000000,0.070596,185766496.000000,0.568581,0,1
64,74,65,84,71,59,58,56,
543.000000,234.000000,0.065646,3793348.000000,0.321997,0,1
40,43,42,47,49,50,52,53,
544.000000,234.000000,0.080797,14762324.000000,0.690752,0,1
41,43,42,48,50,48,54,54,
588.000000,234.000000,0.049555,13564261.000000,0.467642,0,1
48,50,47,55,51,45,54,50,
42.000000,235.000000,0.077199,410180352.000000,0.679238,0,1
81,75,80,64,66,66,57,54,
567.000000,236.000000,0.047271,10422362.000000,0.402177,0,1
52,59,49,53,49,45,48,46,
48.000000,243.000000,0.083510,341710048.000000,0.743866,0,1
58,52,55,65,63,59,82,84,
40.000000,256.000000,0.098532,108177152.000000,0.948620,0,1
49,49,51,45,46,45,40,37,
57.000000,258.000000,0.101928,126447760.000000,0.957865,0,1
46,44,44,40,39,39,34,31,
428.000000,258.000000,0.101684,742062.500000,1.099278,0,1
22,21,23,19,22,23,18,17,
576.000000,258.000000,0.066709,3507098.250000,0.656569,0,1
47,45,43,42,41,40,40,37,
84.000000,262.000000,0.104662,28672218.000000,0.936164,0,1
37,36,38,32,33,34,29,28,
39.000000,269.000000,0.112733,1185564544.000000,1.155216,0,1
29,33,31,51,54,59,54,39,
44.000000,269.000000,0.113425,285900384.000000,0.913114,0,1
28,32,31,59,51,43,58,38,
72.000000,269.000000,0.114822,202181296.000000,1.103944,0,1
26,25,24,28,26,27,39,35,
30.000000,270.000000,0.113344,966687424.000000,1.186364,0,1
38,60,51,42,43,49,35,32,
118.000000,270.000000,0.117243,178828608.000000,1.359397,0,1
25,26,27,32,32,31,42,34,
120.000000,270.000000,0.117462,223128016.000000,1.351425,0,1
25,27,26,32,31,31,42,36,
132.000000,270.000000,0.118375,102550040.000000,1.296838,0,1
26,25,24,26,28,29,40,43,
141.000000,270.000000,0.117833,203610128.000000,1.247722,0,1
21,21,20,26,24,21,34,35,
146.000000,270.000000,0.117066,97840440.000000,1.218118,0,1
19,20,19,20,20,21,31,35,
59.000000,271.000000,0.114405,366830656.000000,1.133011,0,1
32,43,44,33,33,34,26,24,
152.000000,271.000000,0.112326,50008456.000000,1.163208,0,1
19,21,20,26,25,24,32,26,
42.000000,272.000000,0.113690,740552896.000000,1.165242,0,1
58,41,40,31,31,30,31,32,
62.000000,272.000000,0.114568,227067600.000000,1.129208,0,1
40,34,34,25,26,24,23,23,
66.000000,272.000000,0.114747,243134640.000000,1.121826,0,1
36,35,35,24,26,27,22,22,
74.000000,272.000000,0.114878,161711872.000000,1.103776,0,1
38,35,35,28,28,27,24,23,
175.000000,272.000000,0.113820,57375624.000000,2.184567,0,1
16,16,16,22,21,21,24,20,
177.000000,272.000000,0.114589,91244840.000000,2.181917,0,1
16,16,16,21,21,19,23,20,
146.000000,273.000000,0.119808,285489856.000000,1.258982,0,1
31,35,35,27,25,25,21,19,
117.000000,280.000000,0.120595,25948248.000000,1.486588,0,1
42,40,36,32,29,27,24,22,
93.000000,284.000000,0.135531,23949526.000000,1.678243,0,1
19,20,22,24,28,34,32,31,
81.000000,290.000000,0.136644,71812736.000000,1.761904,0,1
33,34,34,28,27,24,20,19,
264.000000,292.000000,0.136165,1714820.125000,1.617435,0,1
18,18,18,17,16,13,15,12,
286.000000,126.000000,0.082019,3039037.000000,0.852123,0,1
12,12,12,11,11,11,11,16,
171.000000,208.000000,0.061616,1752368896.000000,0.334919,0,1
21,68,16,89,32,11,61,26,
560.000000,127.000000,0.070309,904176640.000000,0.594286,0,1
88,105,89,125,104,87,123,117,
425.000000,207.000000,0.055032,431181152.000000,0.667456,0,1
29,29,44,30,54,78,64,76,
384.000000,205.000000,0.060635,7253192.000000,0.324391,0,1
28,31,21,28,27,18,29,25,
571.000000,204.000000,0.052534,6292317696.000000,0.446844,0,1
40,31,158,21,147,255,54,93,
330.000000,135.000000,0.069037,33358822.000000,0.549898,0,1
140,152,161,157,172,184,157,92,
333.000000,137.000000,0.065834,62098884.000000,0.509399,0,1
188,181,165,93,90,77,14,9,
570.000000,195.000000,0.052021,2644813056.000000,0.210257,0,1
235,254,101,244,133,41,138,85,
456.000000,195.000000,0.050003,268327104.000000,0.134163,0,1
67,110,84,103,80,47,44,45,
507.000000,194.000000,0.051676,2492414464.000000,0.298082,0,1
209,140,184,53,162,79,55,48,
589.000000,193.000000,0.053417,978550848.000000,0.242251,0,1
37,101,56,235,180,140,255,252,
559.000000,193.000000,0.053035,1749199872.000000,0.194746,0,1
76,52,197,65,160,255,189,249,
544.000000,192.000000,0.051960,293667840.000000,0.263257,0,1
33,65,52,203,139,96,255,255,
551.000000,191.000000,0.052190,373073088.000000,0.157915,0,1
252,159,253,52,159,255,47,86,
569.000000,140.000000,0.053367,721960448.000000,0.180281,0,1
53,41,112,55,109,234,232,255,
155.000000,190.000000,0.045766,4221781248.000000,0.532798,0,1
89,109,61,132,62,31,103,52,
615.000000,189.000000,0.055513,3307853056.000000,0.584394,0,1
40,39,106,40,44,187,40,40,
573.000000,189.000000,0.052340,611044032.000000,0.310138,0,1
254,181,250,44,114,252,39,40,
510.000000,188.000000,0.052027,4636584448.000000,0.304028,0,1
207,215,143,222,96,54,103,41,
581.000000,184.000000,0.052542,2285143552.000000,0.323391,0,1
46,145,49,255,152,40,251,190,
521.000000,143.000000,0.052339,693357248.000000,0.224428,0,1
255,146,255,38,163,254,37,34,
88.000000,183.000000,0.044012,2443014912.000000,0.250894,0,1
161,212,147,254,190,123,233,213,
560.000000,143.000000,0.052985,1539673472.000000,0.289617,0,1
31,36,129,38,194,255,187,255,
564.000000,179.000000,0.052759,954702080.000000,0.425244,0,1
255,188,254,36,88,83,32,30,
655.000000,178.000000,0.056035,1134925312.000000,0.343242,0,1
255,201,248,43,122,233,35,36,
107.000000,178.000000,0.045132,1171906048.000000,0.173669,0,1
81,89,176,64,143,252,99,145,
579.000000,177.000000,0.052999,1970487040.000000,0.322110,0,1
124,74,249,26,129,253,28,27,
383.000000,145.000000,0.060480,1704510.500000,0.304012,0,1
10,12,11,18,19,13,23,26,
510.000000,176.000000,0.051135,2100134272.000000,0.294091,0,1
27,31,98,30,102,179,58,79,
652.000000,175.000000,0.054599,4516784640.000000,0.331240,0,1
46,53,181,34,171,255,69,79,
587.000000,146.000000,0.052762,924152128.000000,0.200100,0,1
51,168,59,255,180,47,255,243,
640.000000,175.000000,0.053859,4649014272.000000,0.310723,0,1
60,159,46,250,116,40,234,147,
568.000000,175.000000,0.052819,6696675840.000000,0.434376,0,1
31,63,28,202,46,27,174,82,
511.000000,175.000000,0.050801,3643780864.000000,0.293619,0,1
23,27,75,31,98,163,102,168,
110.000000,148.000000,0.079063,4804702720.000000,0.451834,0,1
182,68,254,27,146,255,36,52,
580.000000,174.000000,0.053479,2361165312.000000,0.326687,0,1
26,26,74,27,123,245,124,249,
517.000000,148.000000,0.051948,1855070976.000000,0.311905,0,1
44,164,39,252,133,71,246,198,
566.000000,174.000000,0.051994,1472551552.000000,0.188670,0,1
92,221,53,255,159,36,250,241,
520.000000,172.000000,0.052427,1259968384.000000,0.323181,0,1
23,25,24,47,45,33,137,115,
169.000000,172.000000,0.061306,532795360.000000,0.631288,0,1
31,40,18,46,34,14,39,33,
604.000000,150.000000,0.052864,6401900544.000000,0.520849,0,1
28,33,170,28,117,217,39,60,
461.000000,168.000000,0.051911,76760376.000000,0.367321,0,1
70,63,55,36,42,35,20,18,
547.000000,164.000000,0.052593,3882909440.000000,0.382800,0,1
34,32,92,28,123,245,109,222,
482.000000,152.000000,0.050714,678079744.000000,0.247366,0,1
54,135,49,95,71,25,77,27,
570.000000,161.000000,0.053736,1823412992.000000,0.194947,0,1
71,42,196,41,145,255,174,255,
115.000000,160.000000,0.044353,3831323648.000000,0.275798,0,1
108,116,54,89,75,39,84,68,
62.000000,160.000000,0.043363,10926876.000000,0.187773,0,1
237,255,255,210,209,208,146,148,
510.000000,154.000000,0.051987,686612544.000000,0.297101,0,1
81,51,80,21,54,61,24,22,
571.000000,159.000000,0.053138,1895361024.000000,0.182538,0,1
189,75,255,40,168,255,86,238,
648.000000,155.000000,0.053815,2367135744.000000,0.317685,0,1
43,132,52,243,168,51,252,235,
456.000000,154.000000,0.049809,288104736.000000,0.383051,0,1
96,93,63,53,48,20,24,17,
454.000000,162.000000,0.050028,171656368.000000,0.397008,0,1
51,53,29,33,36,18,25,18,
460.000000,163.000000,0.053318,109813312.000000,0.378857,0,1
36,23,54,17,41,49,21,48,
292.000000,127.000000,0.084661,14181880.000000,0.841006,0,1
11,11,11,12,12,11,22,46,
423.000000,207.000000,0.055618,297347968.000000,0.689611,0,1
26,26,29,25,30,54,33,66,
470.000000,148.000000,0.049810,254774800.000000,0.301817,0,1
246,144,255,28,164,254,32,70,
64.000000,199.000000,0.047668,167982560.000000,0.355271,0,1
235,229,228,218,218,220,197,171,
318.000000,137.000000,0.064964,36427036.000000,0.575031,0,1
98,94,109,64,72,74,23,8,
326.000000,137.000000,0.064832,38823676.000000,0.538235,0,1
153,146,145,82,88,81,18,9,
455.000000,145.000000,0.049704,269326528.000000,0.380975,0,1
255,166,255,30,150,249,30,28,
452.000000,177.000000,0.049586,240623808.000000,0.421342,0,1
42,55,28,60,41,21,46,33,
444.000000,178.000000,0.052269,123169760.000000,0.480833,0,1
26,24,46,20,37,49,21,22,
457.000000,189.000000,0.051810,29463802.000000,0.425667,0,1
67,37,105,28,55,97,28,28,
470.000000,143.000000,0.051287,537342080.000000,0.212705,0,1
31,32,95,31,129,232,98,243,
77.000000,291.000000,0.138531,17230984.000000,1.788536,0,1
32,34,31,32,28,21,24,19,
425.000000,142.000000,0.055540,188554992.000000,0.140845,0,1
33,52,28,64,54,21,75,58,
112.000000,117.000000,0.135276,164738752.000000,1.453860,0,1
13,18,19,38,38,38,50,51,
120.000000,117.000000,0.134880,116395392.000000,1.404873,0,1
13,25,26,40,42,44,50,51,
443.000000,191.000000,0.048038,60482704.000000,0.072395,0,1
45,74,25,91,41,22,76,45,
423.000000,146.000000,0.045458,34033304.000000,0.122185,0,1
71,66,72,59,68,75,60,60,
439.000000,192.000000,0.052509,130058024.000000,0.173104,0,1
51,29,69,29,33,82,30,30,
