# timestamp
1608635176303911680

# fx, fy, cx, cy, width, height, npoints
501.482300,501.475647,421.795471,167.661697,800,400,593

# camToWorld: translation vector, rotation quaternion
-32.820776,78.637272,3.865474,0.120713,0.715969,-0.679880,-0.102855

# Exposure time (ms)
12.947229

# Point Cloud Data : 
# u,v,idepth_scaled,idepth_hessian,maxRelBaseline,numGoodRes,status 
# color information 
593.000000,62.000000,0.197794,41320224.000000,0.448489,0,1
174,170,182,165,180,195,176,215,
708.000000,104.000000,0.103465,2401746944.000000,0.532899,0,1
31,45,131,46,154,253,104,176,
718.000000,113.000000,0.108605,2270507008.000000,0.553708,0,1
182,232,87,253,133,50,217,115,
722.000000,126.000000,0.107124,2291094016.000000,0.565830,0,1
34,50,117,52,148,240,139,226,
541.000000,128.000000,0.064917,143912880.000000,0.148053,0,1
31,38,57,42,130,111,162,253,
692.000000,140.000000,0.100250,3420638720.000000,0.489808,0,1
190,76,181,28,106,243,41,60,
693.000000,140.000000,0.100326,3668537344.000000,0.491820,0,1
244,125,233,54,177,253,81,105,
711.000000,141.000000,0.102932,1461980544.000000,0.532012,0,1
34,50,138,61,194,255,187,255,
708.000000,143.000000,0.102478,2629490432.000000,0.525519,0,1
35,42,132,40,140,254,75,180,
708.000000,144.000000,0.102312,2795394560.000000,0.509795,0,1
78,66,217,44,153,255,87,196,
717.000000,144.000000,0.105752,4632902656.000000,0.552916,0,1
179,249,133,254,192,88,251,191,
740.000000,144.000000,0.108287,59989956.000000,0.599512,0,1
111,55,50,36,31,29,27,24,
557.000000,145.000000,0.069620,232398816.000000,0.179037,0,1
39,70,39,141,87,65,241,255,
546.000000,147.000000,0.067686,192336352.000000,0.159980,0,1
183,191,93,124,128,53,44,34,
652.000000,149.000000,0.102323,1879381632.000000,0.421998,0,1
123,223,82,255,157,43,179,61,
719.000000,154.000000,0.105944,1411747328.000000,0.558620,0,1
126,142,95,231,171,93,229,179,
601.000000,194.000000,0.079802,477126848.000000,0.287317,0,1
33,50,60,56,106,86,104,149,
648.000000,198.000000,0.089051,1854150912.000000,0.400701,0,1
86,113,59,133,83,41,111,86,
648.000000,222.000000,0.094874,106176824.000000,0.435645,0,1
53,63,50,119,94,69,137,142,
739.000000,226.000000,0.105244,12948220.000000,0.411061,0,1
242,219,237,77,114,152,37,24,
668.000000,23.000000,0.244222,18877760.000000,0.706119,0,1
107,120,125,134,139,144,154,173,
675.000000,24.000000,0.243436,20715630.000000,0.716057,0,1
142,156,159,168,175,180,194,210,
656.000000,26.000000,0.239873,23634188.000000,0.674529,0,1
134,148,148,159,162,165,175,195,
662.000000,26.000000,0.241072,21232138.000000,0.685890,0,1
140,153,158,169,174,177,189,207,
687.000000,26.000000,0.247604,27184316.000000,0.745085,0,1
188,197,200,211,218,228,239,249,
701.000000,26.000000,0.243686,38944416.000000,0.761113,0,1
188,203,205,215,218,221,235,248,
683.000000,27.000000,0.245301,23786630.000000,0.731922,0,1
197,210,209,224,228,234,242,255,
685.000000,27.000000,0.245469,24404936.000000,0.735891,0,1
196,209,214,228,234,242,248,254,
702.000000,33.000000,0.260206,96795696.000000,0.795166,0,1
237,237,199,229,189,153,176,134,
697.000000,35.000000,0.256177,41944640.000000,0.775283,0,1
255,251,230,229,204,173,185,162,
703.000000,39.000000,0.263611,99300880.000000,0.800514,0,1
131,167,166,219,184,146,172,89,
695.000000,43.000000,0.274446,22064198.000000,0.805100,0,1
255,255,218,190,122,67,68,36,
693.000000,45.000000,0.280519,20583966.000000,0.812131,0,1
190,108,68,49,41,36,38,36,
723.000000,102.000000,0.106979,2421415424.000000,0.571613,0,1
27,60,52,192,152,64,245,179,
728.000000,108.000000,0.111871,194273600.000000,0.201404,0,1
29,38,129,42,150,247,161,253,
707.000000,116.000000,0.102440,2841225472.000000,0.525049,0,1
246,152,238,57,142,255,61,108,
729.000000,121.000000,0.108717,4698970112.000000,0.584187,0,1
180,136,222,71,162,243,93,126,
719.000000,130.000000,0.106516,3754189312.000000,0.558896,0,1
57,38,106,26,62,167,33,44,
737.000000,130.000000,0.110070,1076891136.000000,0.601690,0,1
229,244,220,255,236,221,253,249,
452.000000,131.000000,0.045785,42468244.000000,0.117797,0,1
255,218,255,94,216,242,49,39,
729.000000,137.000000,0.109898,294777824.000000,0.538818,0,1
255,241,255,111,168,186,54,31,
558.000000,139.000000,0.071107,399332576.000000,0.183807,0,1
255,222,255,68,211,255,53,37,
546.000000,140.000000,0.067805,653879872.000000,0.160153,0,1
160,210,64,239,165,38,226,164,
720.000000,143.000000,0.105917,3075603200.000000,0.558797,0,1
45,79,39,133,55,35,88,73,
699.000000,147.000000,0.102356,1149352576.000000,0.510775,0,1
224,244,139,234,150,61,117,38,
728.000000,147.000000,0.106006,2709622016.000000,0.572594,0,1
49,120,74,233,172,98,248,255,
729.000000,159.000000,0.105098,5748218.000000,0.585167,0,1
29,32,28,63,55,50,93,76,
704.000000,176.000000,0.102956,61835020.000000,0.530391,0,1
38,45,39,37,33,25,19,15,
719.000000,176.000000,0.105874,1428794496.000000,0.565890,0,1
22,22,53,20,43,133,28,35,
694.000000,179.000000,0.101711,2360059392.000000,0.510541,0,1
205,248,119,252,175,61,237,167,
694.000000,180.000000,0.101686,2457484800.000000,0.510969,0,1
188,240,109,252,166,59,237,173,
728.000000,180.000000,0.107486,193726736.000000,0.588164,0,1
250,183,222,43,81,159,28,24,
730.000000,180.000000,0.108838,308232832.000000,0.596637,0,1
255,222,248,81,159,233,47,36,
719.000000,189.000000,0.105509,33630408.000000,0.252068,0,1
22,28,34,71,109,101,189,252,
735.000000,189.000000,0.109529,2847219712.000000,0.611462,0,1
71,48,97,32,73,117,46,68,
703.000000,197.000000,0.101404,1890915072.000000,0.534647,0,1
40,47,90,46,94,145,83,118,
701.000000,198.000000,0.101651,1460617728.000000,0.533120,0,1
31,29,68,24,58,108,40,67,
702.000000,199.000000,0.101385,2041667712.000000,0.534353,0,1
68,58,108,40,92,142,67,81,
731.000000,206.000000,0.105928,367706656.000000,0.603986,0,1
23,34,28,77,58,33,111,126,
695.000000,219.000000,0.102393,627605440.000000,0.543354,0,1
164,139,138,69,84,87,31,25,
724.000000,219.000000,0.106687,1953596032.000000,0.603385,0,1
47,41,96,44,96,154,144,223,
720.000000,237.000000,0.106467,52808208.000000,0.547478,0,1
28,42,32,104,82,45,126,93,
692.000000,245.000000,0.113630,50083240.000000,0.402291,0,1
131,115,116,146,156,156,191,162,
719.000000,247.000000,0.112271,6097897.000000,0.424027,0,1
105,96,92,156,139,120,150,129,
734.000000,252.000000,0.109011,3193281.500000,0.428777,0,1
142,163,167,119,129,144,115,119,
694.000000,262.000000,0.110242,10781725.000000,0.643615,0,1
91,93,92,85,84,84,79,77,
692.000000,292.000000,0.184255,7206696.500000,0.950625,0,1
51,52,57,62,62,65,66,67,
478.000000,188.000000,0.056362,9104349.000000,0.084939,0,1
94,86,93,62,83,82,64,45,
536.000000,177.000000,0.067181,116460688.000000,0.156050,0,1
64,102,58,230,176,72,252,197,
683.000000,128.000000,0.098595,2098003456.000000,0.468476,0,1
34,41,127,59,162,249,224,255,
573.000000,155.000000,0.077099,277818560.000000,0.220454,0,1
247,252,161,189,162,78,77,31,
522.000000,154.000000,0.067242,108007240.000000,0.126741,0,1
246,249,110,130,106,68,43,28,
521.000000,154.000000,0.068473,44176492.000000,0.127214,0,1
255,255,204,123,126,81,44,28,
541.000000,39.000000,0.195463,5585043.000000,0.477960,0,1
48,46,49,37,40,45,36,39,
603.000000,40.000000,0.215088,19994458.000000,0.517210,0,1
255,251,250,242,241,241,230,222,
594.000000,42.000000,0.209469,23035972.000000,0.642124,0,1
253,244,237,233,226,222,216,200,
608.000000,62.000000,0.233834,17610208.000000,0.371329,0,1
255,255,252,240,190,131,100,70,
583.000000,68.000000,0.195643,17407154.000000,0.425600,0,1
135,127,126,100,85,70,59,56,
596.000000,72.000000,0.191128,534724.687500,0.442857,0,1
56,55,55,53,52,52,49,47,
687.000000,108.000000,0.098316,1978691584.000000,0.456860,0,1
182,239,121,251,153,49,127,29,
675.000000,121.000000,0.106640,83344248.000000,0.488440,0,1
97,106,87,75,70,51,25,19,
684.000000,127.000000,0.098610,2127925888.000000,0.471762,0,1
54,34,142,41,127,239,162,255,
584.000000,131.000000,0.069969,185918368.000000,0.220742,0,1
43,95,64,217,163,127,255,255,
530.000000,133.000000,0.060303,262224464.000000,0.125031,0,1
39,69,50,187,131,75,254,255,
537.000000,135.000000,0.066087,454924608.000000,0.144841,0,1
48,48,168,42,150,255,85,177,
624.000000,138.000000,0.084678,829280064.000000,0.313101,0,1
249,145,250,47,143,225,40,32,
582.000000,143.000000,0.076923,256007184.000000,0.231736,0,1
210,144,189,70,130,112,51,29,
681.000000,146.000000,0.100000,392328352.000000,0.475534,0,1
24,35,42,36,83,93,87,118,
669.000000,151.000000,0.100630,190828016.000000,0.451421,0,1
53,62,43,69,54,34,62,54,
663.000000,152.000000,0.103635,263393680.000000,0.449721,0,1
37,27,49,20,38,60,26,39,
638.000000,157.000000,0.086862,624414400.000000,0.351874,0,1
221,184,250,116,173,204,66,26,
670.000000,158.000000,0.100359,237459664.000000,0.454144,0,1
43,53,33,62,43,26,53,42,
663.000000,159.000000,0.103620,267498992.000000,0.451603,0,1
37,25,49,18,35,59,23,34,
681.000000,159.000000,0.101563,76194488.000000,0.478630,0,1
37,53,63,36,55,67,28,23,
468.000000,162.000000,0.054263,319825632.000000,0.294610,0,1
72,120,37,148,69,25,100,61,
538.000000,166.000000,0.066216,188169440.000000,0.109223,0,1
76,65,226,41,169,255,91,152,
683.000000,170.000000,0.097885,864216896.000000,0.475259,0,1
13,19,30,25,38,105,32,75,
636.000000,172.000000,0.087616,182094112.000000,0.357157,0,1
236,212,158,157,118,57,73,35,
684.000000,172.000000,0.097159,1774417024.000000,0.474038,0,1
67,48,148,50,122,225,147,247,
683.000000,180.000000,0.096675,654797568.000000,0.456417,0,1
235,172,237,98,159,218,55,31,
689.000000,184.000000,0.099448,736234944.000000,0.496946,0,1
245,186,251,58,139,231,59,57,
680.000000,194.000000,0.104912,205679328.000000,0.506347,0,1
26,30,39,23,47,62,34,41,
557.000000,195.000000,0.069445,210014176.000000,0.199318,0,1
36,40,84,97,138,183,197,173,
648.000000,196.000000,0.089054,1497391616.000000,0.399964,0,1
80,114,54,150,86,38,113,83,
684.000000,196.000000,0.096549,391571552.000000,0.485888,0,1
45,64,35,54,41,24,31,20,
683.000000,206.000000,0.097856,919577472.000000,0.496823,0,1
20,20,36,21,31,89,27,51,
683.000000,210.000000,0.097621,1517486080.000000,0.498632,0,1
51,38,94,31,61,144,40,63,
683.000000,217.000000,0.099099,307473024.000000,0.509752,0,1
92,92,121,45,71,101,30,23,
673.000000,242.000000,0.109404,83524424.000000,0.569331,0,1
92,99,97,107,107,106,145,160,
675.000000,242.000000,0.109592,77736176.000000,0.572152,0,1
95,97,98,107,106,105,146,159,
671.000000,247.000000,0.115806,114378480.000000,0.593677,0,1
118,102,110,119,130,140,143,124,
683.000000,248.000000,0.118139,108715480.000000,0.447346,0,1
160,176,182,149,149,145,107,89,
648.000000,250.000000,0.119677,82465984.000000,0.573916,0,1
85,88,89,108,107,109,127,120,
657.000000,252.000000,0.119741,88645992.000000,0.593481,0,1
112,112,104,88,85,84,75,68,
646.000000,263.000000,0.103595,11022626.000000,0.557534,0,1
86,83,80,80,78,74,75,71,
680.000000,276.000000,0.094745,14241879.000000,0.584234,0,1
67,64,68,58,64,70,58,57,
688.000000,277.000000,0.086666,1746840.500000,0.332507,0,1
79,82,82,71,73,75,68,67,
474.000000,294.000000,0.160706,10847863.000000,1.101305,0,1
17,22,17,34,25,18,36,37,
477.000000,296.000000,0.165359,9861771.000000,1.097857,0,1
18,23,17,36,27,17,37,36,
655.000000,252.000000,0.119286,85327928.000000,0.588953,0,1
115,114,112,93,88,85,74,68,
661.000000,235.000000,0.102655,167327488.000000,0.509301,0,1
16,23,21,60,55,49,70,74,
690.000000,218.000000,0.099669,119049984.000000,0.525898,0,1
202,159,176,75,99,120,38,26,
683.000000,173.000000,0.097066,1951498368.000000,0.472472,0,1
48,50,122,72,147,226,169,228,
574.000000,70.000000,0.204122,24816328.000000,1.033498,0,1
80,84,87,61,57,55,50,49,
566.000000,71.000000,0.206385,19859096.000000,1.011392,0,1
56,54,60,50,52,53,45,42,
564.000000,72.000000,0.208408,13186722.000000,1.014687,0,1
51,48,51,44,45,45,40,40,
578.000000,84.000000,0.135863,955725.375000,0.343847,0,1
30,29,31,24,26,30,23,23,
80.000000,125.000000,0.164603,6854227.000000,0.359819,0,1
33,42,36,71,69,47,79,76,
81.000000,125.000000,0.165256,7239755.000000,0.360204,0,1
34,43,26,72,60,44,78,76,
602.000000,125.000000,0.081152,228088544.000000,0.210446,0,1
40,72,71,140,187,84,246,250,
589.000000,126.000000,0.077587,216611424.000000,0.189618,0,1
248,160,241,46,125,231,43,43,
641.000000,127.000000,0.089634,398198464.000000,0.475320,0,1
27,35,38,92,123,73,231,255,
632.000000,128.000000,0.087777,2326339328.000000,0.448175,0,1
96,175,68,238,137,85,226,218,
624.000000,129.000000,0.086571,1121084416.000000,0.427376,0,1
37,46,88,72,149,209,216,255,
630.000000,139.000000,0.086723,640950656.000000,0.437934,0,1
254,222,203,133,131,155,53,72,
166.000000,143.000000,0.019498,134800736.000000,0.090946,0,1
31,86,44,214,152,66,221,143,
528.000000,143.000000,0.065026,205794512.000000,0.130598,0,1
223,143,181,71,133,97,59,30,
619.000000,143.000000,0.084339,1601958144.000000,0.405990,0,1
108,215,107,255,192,73,244,192,
643.000000,143.000000,0.089430,355083136.000000,0.476813,0,1
24,28,31,44,81,73,150,243,
645.000000,144.000000,0.090041,788800512.000000,0.484182,0,1
31,84,54,183,155,63,238,227,
626.000000,146.000000,0.086465,393296800.000000,0.324866,0,1
35,77,49,194,151,65,254,255,
638.000000,149.000000,0.088522,2388640256.000000,0.462354,0,1
40,25,101,23,54,176,31,52,
271.000000,151.000000,0.018421,287610432.000000,0.135582,0,1
76,97,60,235,183,60,255,202,
148.000000,152.000000,0.020387,303253952.000000,0.104293,0,1
215,255,205,253,147,55,87,61,
615.000000,152.000000,0.081975,123061200.000000,0.289836,0,1
209,79,114,99,153,183,217,255,
223.000000,153.000000,0.018390,175145216.000000,0.062249,0,1
88,63,154,53,163,248,94,137,
169.000000,154.000000,0.021141,275388160.000000,0.098025,0,1
60,64,65,102,175,176,233,253,
468.000000,158.000000,0.054195,166107600.000000,0.290652,0,1
29,40,31,72,63,33,109,72,
502.000000,160.000000,0.058902,144875952.000000,0.089618,0,1
26,47,39,105,124,39,134,82,
646.000000,178.000000,0.090053,2089355904.000000,0.488445,0,1
76,179,89,239,164,54,196,136,
620.000000,179.000000,0.084986,121052976.000000,0.413755,0,1
22,23,23,24,28,30,45,164,
646.000000,181.000000,0.089404,4275111168.000000,0.484900,0,1
154,178,86,199,129,45,166,119,
638.000000,182.000000,0.088792,2570158336.000000,0.466983,0,1
69,57,111,45,82,155,50,72,
648.000000,185.000000,0.090148,1173763840.000000,0.493867,0,1
44,82,34,142,72,36,151,127,
380.000000,189.000000,0.031891,45927156.000000,0.049525,0,1
87,62,115,52,102,103,86,130,
638.000000,196.000000,0.084967,210695552.000000,0.446929,0,1
139,132,150,68,74,101,34,31,
642.000000,197.000000,0.088749,351456672.000000,0.391008,0,1
155,122,162,51,105,155,53,68,
646.000000,203.000000,0.092425,481803360.000000,0.508580,0,1
119,115,92,67,75,52,42,33,
623.000000,205.000000,0.085249,434392768.000000,0.425842,0,1
34,37,64,89,104,137,213,222,
604.000000,231.000000,0.099663,60535012.000000,0.483136,0,1
144,145,139,133,132,128,120,110,
600.000000,242.000000,0.111102,61108668.000000,0.546430,0,1
95,91,93,93,97,97,114,108,
611.000000,242.000000,0.111398,53991256.000000,0.571719,0,1
94,92,92,101,101,98,126,106,
621.000000,242.000000,0.111632,42780596.000000,0.594996,0,1
94,92,92,101,101,102,115,105,
638.000000,242.000000,0.110511,60519392.000000,0.625753,0,1
96,94,95,102,102,100,127,119,
599.000000,244.000000,0.111392,73661840.000000,0.547264,0,1
95,107,121,104,106,108,86,77,
612.000000,244.000000,0.112589,89427696.000000,0.582379,0,1
99,125,119,106,105,102,86,78,
610.000000,245.000000,0.112121,84473160.000000,0.575805,0,1
126,106,106,88,87,85,78,83,
629.000000,245.000000,0.113953,47605096.000000,0.629653,0,1
115,108,109,89,90,90,78,74,
622.000000,253.000000,0.121131,200429600.000000,0.665688,0,1
73,75,74,94,95,98,115,112,
598.000000,256.000000,0.125853,42452800.000000,0.540483,0,1
90,87,85,98,109,114,122,116,
615.000000,257.000000,0.125861,150546112.000000,0.682584,0,1
113,102,101,80,78,79,62,61,
583.000000,270.000000,0.135355,20315998.000000,0.673602,0,1
66,63,63,56,56,59,52,51,
591.000000,277.000000,0.148065,4700211.000000,0.783837,0,1
58,59,62,50,55,62,51,50,
566.000000,288.000000,0.147022,5758655.500000,0.729912,0,1
44,45,44,38,38,38,33,32,
591.000000,289.000000,0.152032,25395988.000000,0.825328,0,1
55,54,55,44,48,53,39,39,
525.000000,200.000000,0.064472,100583056.000000,0.202187,0,1
49,77,47,98,73,35,66,35,
611.000000,198.000000,0.082160,430029120.000000,0.284987,0,1
42,120,45,185,109,36,153,87,
562.000000,196.000000,0.072764,147647024.000000,0.214074,0,1
132,155,104,225,158,84,228,156,
598.000000,174.000000,0.079334,174958592.000000,0.202763,0,1
255,222,252,81,145,224,51,38,
620.000000,170.000000,0.084837,1118320512.000000,0.411706,0,1
22,21,52,21,38,142,22,24,
528.000000,124.000000,0.065678,116296048.000000,0.117562,0,1
55,43,128,46,119,254,167,172,
531.000000,128.000000,0.066572,177618288.000000,0.138517,0,1
255,222,252,55,139,237,41,37,
164.000000,152.000000,0.019631,254009024.000000,0.092577,0,1
255,221,255,83,137,153,56,46,
244.000000,151.000000,0.019818,37327404.000000,0.059823,0,1
69,71,66,117,116,69,237,255,
463.000000,170.000000,0.050267,207089536.000000,0.304707,0,1
66,104,57,144,117,62,144,109,
603.000000,140.000000,0.080525,3679127296.000000,0.557100,0,1
226,119,228,44,133,243,51,75,
592.000000,142.000000,0.078892,3995502848.000000,0.518127,0,1
60,143,52,219,119,43,197,130,
597.000000,146.000000,0.078870,364111552.000000,0.529433,0,1
31,48,43,107,103,64,167,176,
71.000000,150.000000,0.020789,568100864.000000,0.056831,0,1
230,193,255,106,203,223,98,84,
358.000000,151.000000,0.005017,739057.125000,0.016239,0,1
13,14,13,24,23,15,28,27,
590.000000,154.000000,0.078581,333455776.000000,0.332126,0,1
217,163,236,57,132,205,75,75,
227.000000,162.000000,0.019683,82386920.000000,0.064930,0,1
214,226,154,100,91,58,63,110,
529.000000,168.000000,0.064718,639345344.000000,0.199922,0,1
199,250,154,162,196,63,109,37,
430.000000,170.000000,0.044107,110317424.000000,0.179238,0,1
135,99,144,82,101,104,66,79,
605.000000,172.000000,0.081730,3002641664.000000,0.371738,0,1
148,200,72,248,129,38,202,121,
282.000000,173.000000,0.028387,80917984.000000,0.062721,0,1
87,133,88,217,159,103,199,151,
583.000000,173.000000,0.076477,1113844096.000000,0.481812,0,1
232,221,161,111,121,60,41,25,
270.000000,181.000000,0.046225,12272907.000000,0.116962,0,1
176,162,159,140,140,139,121,110,
280.000000,181.000000,0.042206,5532243.500000,0.098279,0,1
147,138,130,124,119,112,105,92,
369.000000,185.000000,0.032131,53474340.000000,0.048867,0,1
55,45,94,40,74,103,51,50,
606.000000,197.000000,0.081052,191888560.000000,0.578103,0,1
42,75,82,126,134,163,174,185,
359.000000,201.000000,0.078424,13536442.000000,0.692336,0,1
59,49,59,34,46,47,29,30,
576.000000,210.000000,0.081009,443448992.000000,0.333224,0,1
62,115,55,103,72,49,50,30,
585.000000,224.000000,0.089736,193641056.000000,0.607985,0,1
137,150,149,164,171,173,170,155,
596.000000,225.000000,0.090625,108628768.000000,0.644664,0,1
124,155,146,171,161,149,183,187,
579.000000,227.000000,0.093098,33525152.000000,0.620867,0,1
163,157,158,138,142,146,134,137,
593.000000,228.000000,0.093588,264230816.000000,0.663610,0,1
177,184,194,171,178,175,157,143,
570.000000,233.000000,0.100662,187543936.000000,0.661110,0,1
119,116,122,116,128,139,135,132,
566.000000,234.000000,0.101682,172530016.000000,0.658548,0,1
110,106,110,103,115,130,118,121,
569.000000,236.000000,0.102079,147386944.000000,0.672065,0,1
135,131,132,120,116,112,101,93,
584.000000,239.000000,0.105941,59887600.000000,0.752696,0,1
115,108,109,97,99,100,88,83,
588.000000,242.000000,0.111545,220293712.000000,0.819088,0,1
91,85,88,94,96,96,109,92,
565.000000,244.000000,0.111076,193307696.000000,0.741216,0,1
77,104,107,85,83,84,67,62,
567.000000,244.000000,0.111188,182323584.000000,0.748569,0,1
81,107,102,83,84,82,68,62,
584.000000,244.000000,0.111154,188896768.000000,0.803932,0,1
88,97,105,87,91,93,74,71,
590.000000,244.000000,0.111486,251940304.000000,0.827173,0,1
96,113,114,92,96,103,63,67,
549.000000,258.000000,0.124907,36448272.000000,0.820227,0,1
66,72,66,72,63,62,57,52,
572.000000,259.000000,0.127548,319843456.000000,0.930334,0,1
60,60,60,74,77,82,94,94,
561.000000,260.000000,0.129744,186660960.000000,0.910002,0,1
63,63,64,67,73,79,91,98,
585.000000,261.000000,0.127560,351709632.000000,0.983795,0,1
106,95,90,80,74,70,68,64,
572.000000,262.000000,0.129729,261138224.000000,0.955303,0,1
95,96,92,81,75,73,67,61,
560.000000,263.000000,0.130001,200662544.000000,0.912769,0,1
91,96,98,91,87,80,67,63,
553.000000,264.000000,0.130833,102447944.000000,0.895149,0,1
84,76,89,64,71,71,54,62,
563.000000,271.000000,0.135482,28561622.000000,0.988428,0,1
58,57,57,48,48,49,44,42,
550.000000,272.000000,0.136773,41422284.000000,0.950234,0,1
53,50,50,48,42,41,39,37,
118.000000,274.000000,0.064066,648405.937500,0.272182,0,1
23,22,24,20,22,28,21,25,
457.000000,274.000000,0.141989,19107018.000000,1.026260,0,1
20,21,22,25,28,30,33,34,
479.000000,274.000000,0.138529,26566458.000000,0.879076,0,1
35,36,30,32,27,23,23,23,
567.000000,275.000000,0.146011,5640356.000000,0.702216,0,1
42,43,42,52,48,45,54,55,
435.000000,276.000000,0.134965,8373606.000000,1.171899,0,1
33,27,32,18,24,32,17,18,
548.000000,281.000000,0.150687,14695590.000000,0.686337,0,1
43,40,48,33,37,43,33,39,
549.000000,281.000000,0.151020,17847664.000000,0.742808,0,1
43,45,48,34,40,44,33,38,
446.000000,283.000000,0.142115,11522064.000000,1.159311,0,1
32,28,32,19,26,32,17,17,
561.000000,285.000000,0.133759,74316232.000000,0.991968,0,1
50,44,49,36,41,46,35,35,
467.000000,290.000000,0.156427,15051205.000000,1.103068,0,1
18,26,18,36,30,20,37,37,
468.000000,298.000000,0.160678,9766916.000000,1.155073,0,1
36,29,36,17,26,36,17,18,
579.000000,258.000000,0.127086,337511744.000000,0.951672,0,1
68,67,71,75,84,89,96,102,
612.000000,199.000000,0.081910,1601593472.000000,0.599052,0,1
45,109,36,153,68,27,87,31,
521.000000,199.000000,0.068211,98756704.000000,0.214690,0,1
53,44,55,40,72,85,59,70,
539.000000,192.000000,0.068019,363572544.000000,0.226773,0,1
59,51,101,95,113,166,178,165,
611.000000,186.000000,0.082193,1544804608.000000,0.595173,0,1
34,35,51,31,66,106,60,95,
541.000000,186.000000,0.067661,524957024.000000,0.226490,0,1
28,33,53,32,91,108,72,131,
594.000000,183.000000,0.080613,797118976.000000,0.540698,0,1
52,58,42,142,90,58,148,127,
590.000000,174.000000,0.077796,1591013248.000000,0.507358,0,1
27,63,36,154,110,36,181,128,
519.000000,173.000000,0.064502,181904704.000000,0.189119,0,1
229,131,195,48,98,95,35,35,
585.000000,169.000000,0.076905,3425108480.000000,0.488733,0,1
45,109,37,192,89,29,167,118,
604.000000,125.000000,0.081800,2832264960.000000,0.571597,0,1
38,71,41,187,84,38,199,126,
594.000000,156.000000,0.080644,651606784.000000,0.348168,0,1
127,137,69,89,76,61,37,25,
438.000000,132.000000,0.044182,22938152.000000,0.069939,0,1
31,47,32,99,75,32,130,70,
501.000000,133.000000,0.059397,276301632.000000,0.153909,0,1
48,119,55,202,164,95,244,253,
595.000000,135.000000,0.079145,5814950400.000000,0.527493,0,1
112,86,200,64,147,246,104,141,
144.000000,153.000000,0.020880,365756512.000000,0.111351,0,1
228,206,255,93,134,109,54,50,
127.000000,152.000000,0.020280,235773904.000000,0.044740,0,1
88,205,118,160,135,46,52,40,
605.000000,147.000000,0.080958,2186523136.000000,0.565269,0,1
198,112,251,50,165,176,47,30,
537.000000,153.000000,0.067016,763874432.000000,0.216008,0,1
118,167,54,145,95,30,111,39,
485.000000,134.000000,0.058530,238983024.000000,0.227200,0,1
49,31,68,26,54,137,33,65,
579.000000,195.000000,0.082086,927470400.000000,0.519859,0,1
77,61,93,53,79,109,65,79,
504.000000,184.000000,0.057880,559300288.000000,0.196185,0,1
82,173,60,184,105,33,84,39,
498.000000,181.000000,0.058315,364674432.000000,0.151053,0,1
37,45,105,43,126,149,83,142,
490.000000,129.000000,0.056504,420014112.000000,0.136051,0,1
205,140,248,106,178,216,68,41,
191.000000,150.000000,0.018675,211928704.000000,0.028562,0,1
171,97,228,91,138,255,54,55,
440.000000,92.000000,0.126804,1228848.500000,0.808258,0,1
10,12,9,13,11,9,13,12,
334.000000,124.000000,0.138547,9742480.000000,0.431150,0,1
24,15,19,25,32,35,88,88,
575.000000,139.000000,0.074447,3229510656.000000,0.644045,0,1
198,111,178,37,97,142,33,32,
569.000000,145.000000,0.073419,4591603200.000000,0.614897,0,1
37,39,105,32,116,205,85,184,
448.000000,148.000000,0.048192,479352896.000000,0.129237,0,1
212,255,184,182,162,73,152,75,
198.000000,163.000000,0.019170,245036608.000000,0.075376,0,1
219,173,229,72,116,103,62,102,
331.000000,179.000000,0.023942,49060752.000000,0.114431,0,1
19,24,23,36,41,25,49,38,
253.000000,182.000000,0.043695,42256640.000000,0.349546,0,1
151,136,139,116,119,120,96,95,
261.000000,182.000000,0.043714,37163672.000000,0.340742,0,1
157,142,142,120,126,125,104,98,
477.000000,193.000000,0.063270,46560736.000000,0.225551,0,1
51,46,60,39,58,71,44,45,
574.000000,200.000000,0.080058,477961600.000000,0.710983,0,1
125,225,187,124,150,109,47,33,
345.000000,201.000000,0.082367,16443440.000000,0.883822,0,1
43,38,38,28,36,27,28,20,
564.000000,218.000000,0.080490,134895216.000000,0.697441,0,1
95,115,112,124,131,130,140,148,
562.000000,228.000000,0.093669,233465408.000000,0.841330,0,1
143,148,146,125,124,123,109,114,
549.000000,229.000000,0.093809,170729744.000000,0.794059,0,1
120,129,131,115,111,113,101,97,
555.000000,238.000000,0.105088,402878336.000000,0.957518,0,1
89,85,93,85,98,110,101,99,
528.000000,242.000000,0.110323,169886208.000000,0.903957,0,1
62,62,64,63,68,70,73,71,
542.000000,242.000000,0.109588,579622912.000000,0.958027,0,1
70,70,75,82,89,98,107,104,
548.000000,244.000000,0.109997,520710080.000000,0.993071,0,1
105,109,104,88,85,79,65,60,
549.000000,244.000000,0.110009,551636928.000000,0.997836,0,1
103,110,100,87,83,76,65,60,
521.000000,250.000000,0.115924,188862464.000000,0.946904,0,1
58,61,75,43,62,78,53,50,
526.000000,250.000000,0.116291,590538496.000000,0.974180,0,1
84,85,80,76,64,55,54,46,
523.000000,252.000000,0.116949,194115872.000000,0.971042,0,1
78,59,58,50,49,47,46,47,
516.000000,253.000000,0.119147,235728912.000000,0.964853,0,1
77,66,77,59,60,54,50,47,
531.000000,260.000000,0.112161,34871152.000000,0.665391,0,1
68,66,68,53,59,62,48,45,
539.000000,266.000000,0.132050,244232720.000000,1.271170,0,1
90,84,88,72,67,68,55,50,
542.000000,266.000000,0.131682,253806352.000000,0.866296,0,1
101,91,93,67,68,67,51,45,
509.000000,267.000000,0.135297,112136280.000000,0.777915,0,1
40,38,41,43,50,57,61,63,
500.000000,268.000000,0.134675,55637184.000000,0.750526,0,1
30,31,31,36,36,41,45,47,
424.000000,269.000000,0.130601,20273856.000000,1.214640,0,1
36,29,35,21,26,34,20,20,
434.000000,269.000000,0.139793,6699383.000000,1.167714,0,1
25,27,24,33,26,23,33,33,
458.000000,269.000000,0.136885,38313096.000000,0.980294,0,1
23,22,24,23,27,33,28,28,
470.000000,269.000000,0.133843,57398840.000000,0.888379,0,1
42,42,39,39,33,30,27,23,
516.000000,269.000000,0.134282,113655008.000000,0.798285,0,1
69,67,72,57,55,53,39,36,
467.000000,270.000000,0.134540,54567124.000000,0.913728,0,1
43,41,39,39,33,27,27,26,
529.000000,270.000000,0.130491,97504904.000000,0.815565,0,1
54,45,49,37,42,48,37,38,
493.000000,272.000000,0.138274,116264560.000000,0.800106,0,1
45,46,47,40,39,36,28,25,
497.000000,272.000000,0.137788,140355728.000000,0.781462,0,1
52,48,47,36,33,31,27,25,
463.000000,287.000000,0.157009,12648601.000000,1.111524,0,1
20,22,19,33,24,18,34,35,
456.000000,290.000000,0.148581,17652954.000000,1.155153,0,1
33,27,34,18,25,34,18,19,
429.000000,272.000000,0.133173,16546649.000000,1.194060,0,1
34,29,34,20,26,32,18,18,
526.000000,268.000000,0.133441,211328944.000000,1.220416,0,1
75,73,69,57,53,53,42,38,
539.000000,245.000000,0.110826,493158208.000000,0.963132,0,1
101,108,109,97,92,83,77,59,
560.000000,198.000000,0.072492,134855392.000000,0.413914,0,1
225,212,228,90,125,156,41,34,
571.000000,170.000000,0.073856,674216960.000000,0.627158,0,1
23,24,25,27,42,43,113,234,
558.000000,164.000000,0.070983,2415954688.000000,0.560236,0,1
30,36,114,32,121,226,135,243,
566.000000,153.000000,0.072904,4802407936.000000,0.600843,0,1
45,36,103,31,98,201,75,105,
576.000000,146.000000,0.076148,1179506944.000000,0.664728,0,1
29,45,44,102,95,57,187,207,
556.000000,153.000000,0.070570,2787940608.000000,0.385409,0,1
125,209,76,244,110,43,143,80,
526.000000,186.000000,0.064435,693894464.000000,0.302339,0,1
87,66,106,65,107,157,99,125,
453.000000,173.000000,0.048154,174768800.000000,0.136735,0,1
135,105,155,68,101,126,52,67,
411.000000,162.000000,0.039143,289732544.000000,0.074495,0,1
98,57,144,38,79,104,42,56,
293.000000,135.000000,0.034359,592968000.000000,0.199560,0,1
44,64,85,109,161,193,154,238,
432.000000,146.000000,0.045060,635933376.000000,0.165415,0,1
75,136,58,147,133,46,196,143,
297.000000,151.000000,0.033346,496576832.000000,0.187130,0,1
211,238,76,255,142,40,136,51,
36.000000,163.000000,0.021264,1494648320.000000,0.090348,0,1
58,74,62,160,132,78,187,100,
382.000000,187.000000,0.028895,123478808.000000,0.074835,0,1
50,65,47,87,84,46,115,103,
528.000000,209.000000,0.071730,80530296.000000,0.683332,0,1
100,118,116,140,133,125,154,154,
532.000000,209.000000,0.072062,35532004.000000,0.700964,0,1
96,112,107,125,121,118,140,150,
504.000000,231.000000,0.097701,307079136.000000,0.927868,0,1
69,68,69,69,73,76,81,75,
527.000000,231.000000,0.095504,451287200.000000,1.014758,0,1
94,100,103,92,91,89,77,72,
507.000000,242.000000,0.109982,175386304.000000,1.134048,0,1
52,53,53,55,56,58,67,70,
502.000000,245.000000,0.108689,187852880.000000,1.093372,0,1
65,69,69,55,57,57,51,50,
504.000000,245.000000,0.108708,209063312.000000,1.105062,0,1
65,69,69,57,57,57,52,50,
511.000000,252.000000,0.119550,416820224.000000,1.332796,0,1
46,45,47,53,55,44,75,75,
312.000000,256.000000,0.097540,888801.250000,0.313757,0,1
33,34,31,33,31,29,31,29,
489.000000,263.000000,0.129769,530786208.000000,1.379007,0,1
47,43,38,39,33,29,28,27,
449.000000,278.000000,0.140398,17439668.000000,1.122626,0,1
26,23,19,27,20,16,30,32,
440.000000,279.000000,0.140094,108840272.000000,1.169862,0,1
31,28,31,22,27,31,19,17,
503.000000,256.000000,0.122336,612420992.000000,1.334022,0,1
51,65,68,75,75,55,75,51,
191.000000,153.000000,0.021773,358282048.000000,0.090020,0,1
77,56,59,172,145,52,242,236,
168.000000,163.000000,0.021411,493358368.000000,0.098759,0,1
212,246,214,162,192,218,79,72,
470.000000,136.000000,0.052707,2561977088.000000,0.272568,0,1
62,189,41,255,118,25,212,100,
296.000000,134.000000,0.046744,150598944.000000,0.251175,0,1
36,48,56,85,101,172,193,255,
423.000000,173.000000,0.044741,352857664.000000,0.140842,0,1
84,123,82,124,91,79,118,97,
337.000000,186.000000,0.069380,18142596.000000,0.255085,0,1
40,60,38,60,49,29,39,22,
425.000000,139.000000,0.042571,739127360.000000,0.132403,0,1
68,59,154,53,121,185,66,99,
476.000000,118.000000,0.125791,13949636.000000,1.054578,0,1
14,14,14,16,16,16,26,32,
216.000000,66.000000,0.155460,25034544.000000,1.157674,0,1
7,7,10,4,7,12,5,7,
445.000000,128.000000,0.048451,289599360.000000,0.244559,0,1
24,32,38,54,124,73,161,174,
150.000000,143.000000,0.021327,158982784.000000,0.061735,0,1
26,42,43,86,100,81,177,236,
28.000000,161.000000,0.021442,2216101376.000000,0.104217,0,1
153,226,160,193,164,87,103,57,
372.000000,161.000000,0.031921,241662464.000000,0.280852,0,1
26,31,45,34,102,78,101,119,
211.000000,162.000000,0.020506,219043584.000000,0.075029,0,1
155,177,128,77,99,64,53,82,
359.000000,170.000000,0.032771,41435540.000000,0.108472,0,1
19,21,23,28,33,34,35,39,
399.000000,172.000000,0.041884,449004960.000000,0.247076,0,1
96,106,75,66,67,50,42,40,
518.000000,190.000000,0.067259,1597245696.000000,0.585866,0,1
46,92,73,208,135,93,111,47,
512.000000,207.000000,0.067878,82080448.000000,0.774040,0,1
90,115,108,138,133,127,136,145,
521.000000,208.000000,0.070106,121102464.000000,0.847821,0,1
92,113,108,133,127,121,146,145,
495.000000,232.000000,0.098186,766526912.000000,1.201810,0,1
62,60,62,61,65,69,77,70,
485.000000,233.000000,0.098413,562026560.000000,1.141901,0,1
60,58,58,59,61,64,70,63,
487.000000,233.000000,0.098266,656307776.000000,1.152377,0,1
60,58,58,61,64,67,72,63,
479.000000,234.000000,0.098920,511253824.000000,1.113098,0,1
56,55,56,59,62,64,67,57,
469.000000,243.000000,0.108522,271062336.000000,1.230155,0,1
47,46,46,48,49,49,59,50,
485.000000,245.000000,0.108996,355905504.000000,1.362268,0,1
55,64,64,50,51,51,46,46,
490.000000,245.000000,0.108951,382904448.000000,1.399927,0,1
60,64,64,51,52,51,47,47,
311.000000,248.000000,0.114015,3360047.000000,0.528396,0,1
30,29,26,34,31,27,36,36,
408.000000,259.000000,0.120431,29276314.000000,1.265175,0,1
37,30,36,22,26,34,23,23,
420.000000,260.000000,0.124102,87028376.000000,1.192692,0,1
27,28,27,36,29,25,35,32,
412.000000,261.000000,0.124373,44872148.000000,1.248238,0,1
35,32,36,22,29,36,19,20,
272.000000,263.000000,0.122882,16345185.000000,0.799644,0,1
25,24,24,21,21,18,17,14,
265.000000,264.000000,0.123521,21035080.000000,0.821258,0,1
24,23,23,19,19,18,14,14,
512.000000,165.000000,0.061550,1751982464.000000,0.658832,0,1
221,170,181,37,98,118,27,29,
459.000000,144.000000,0.048758,1301237632.000000,0.308810,0,1
171,132,124,62,76,141,43,38,
530.000000,177.000000,0.065090,4047102720.000000,0.595940,0,1
43,40,100,29,110,210,67,124,
179.000000,163.000000,0.019434,898857664.000000,0.086557,0,1
173,130,243,69,157,170,72,82,
485.000000,138.000000,0.057627,5069986304.000000,0.392742,0,1
65,37,140,30,75,235,38,71,
470.000000,179.000000,0.055882,2289662208.000000,0.347697,0,1
78,163,70,184,133,42,169,121,
422.000000,157.000000,0.042560,2187297792.000000,0.174706,0,1
71,174,65,197,119,31,169,86,
411.000000,161.000000,0.039221,1426993024.000000,0.144734,0,1
68,55,145,39,101,133,48,55,
379.000000,161.000000,0.030809,527195872.000000,0.079891,0,1
75,92,156,96,172,173,106,125,
362.000000,171.000000,0.031082,164014944.000000,0.091552,0,1
41,34,65,33,50,80,37,40,
362.000000,167.000000,0.031112,258011328.000000,0.091147,0,1
31,33,80,26,62,85,32,41,
356.000000,84.000000,0.141296,140084192.000000,1.046930,0,1
13,18,14,27,20,13,25,21,
325.000000,85.000000,0.145874,22613868.000000,1.287136,0,1
13,13,22,13,20,28,16,24,
406.000000,87.000000,0.135646,225974560.000000,1.481301,0,1
15,22,15,27,23,16,28,27,
410.000000,91.000000,0.135265,263704704.000000,1.505066,0,1
16,23,16,28,23,16,28,29,
420.000000,95.000000,0.133919,227567136.000000,1.584350,0,1
19,24,16,28,21,16,26,21,
404.000000,108.000000,0.137877,202288896.000000,1.425438,0,1
18,17,23,17,22,30,21,22,
414.000000,110.000000,0.137985,66174988.000000,1.551428,0,1
32,31,30,23,23,23,18,18,
444.000000,118.000000,0.126004,52918976.000000,1.637926,0,1
13,13,13,17,16,16,26,33,
204.000000,119.000000,0.156879,262827520.000000,1.176979,0,1
19,38,21,63,35,20,56,41,
320.000000,123.000000,0.132667,149615392.000000,0.301704,0,1
26,28,28,43,49,49,98,97,
324.000000,123.000000,0.131560,232405584.000000,0.321110,0,1
25,27,27,49,48,47,96,92,
305.000000,124.000000,0.103152,3230499.500000,0.442344,0,1
27,25,26,37,41,46,42,47,
501.000000,147.000000,0.058530,5092731392.000000,0.740889,0,1
166,114,135,47,87,67,35,37,
216.000000,162.000000,0.021104,257866432.000000,0.077850,0,1
175,141,231,72,107,121,58,105,
503.000000,197.000000,0.059775,804771712.000000,0.615774,0,1
36,34,48,25,47,67,31,53,
495.000000,198.000000,0.061036,107233704.000000,0.772262,0,1
32,38,30,77,57,45,82,95,
506.000000,200.000000,0.062601,346365952.000000,0.853034,0,1
69,48,50,94,85,72,111,113,
492.000000,207.000000,0.070629,229417456.000000,0.931589,0,1
154,147,149,127,130,129,121,116,
306.000000,214.000000,0.071723,8925430.000000,0.259905,0,1
41,50,42,46,44,36,37,36,
468.000000,235.000000,0.100399,702211520.000000,1.416912,0,1
52,52,52,56,58,61,66,57,
454.000000,236.000000,0.101461,924845888.000000,1.325352,0,1
46,45,40,47,48,50,61,57,
459.000000,238.000000,0.101038,824134976.000000,1.363557,0,1
58,65,64,55,53,52,47,46,
445.000000,245.000000,0.107592,198758624.000000,1.411200,0,1
46,56,55,49,48,48,41,40,
464.000000,245.000000,0.108288,597942080.000000,1.599707,0,1
47,61,61,48,49,50,42,41,
390.000000,252.000000,0.118111,43555180.000000,0.893580,0,1
16,17,17,17,18,21,21,24,
355.000000,256.000000,0.113659,14197298.000000,1.038789,0,1
29,28,29,23,23,25,22,24,
414.000000,262.000000,0.126112,726808704.000000,1.242476,0,1
37,34,36,21,30,32,21,22,
98.000000,288.000000,0.148525,3761709.750000,1.238633,0,1
22,22,20,22,20,17,20,17,
506.000000,174.000000,0.059580,8759886848.000000,0.785356,0,1
96,54,80,63,122,122,135,192,
505.000000,153.000000,0.059398,5729913344.000000,0.773511,0,1
159,115,215,80,148,178,60,29,
495.000000,176.000000,0.057722,14352257024.000000,0.706464,0,1
133,185,92,145,124,43,106,63,
395.000000,160.000000,0.034858,801011200.000000,0.142879,0,1
56,54,118,69,80,129,63,57,
371.000000,162.000000,0.031865,748886720.000000,0.100375,0,1
31,34,102,43,101,142,77,87,
31.000000,119.000000,0.172391,292254944.000000,1.531193,0,1
13,21,22,44,44,41,71,78,
295.000000,153.000000,0.032423,284240160.000000,0.182237,0,1
255,195,136,134,107,51,75,46,
287.000000,134.000000,0.035912,92949472.000000,0.213012,0,1
33,37,39,44,52,57,68,128,
279.000000,84.000000,0.149607,266748240.000000,0.802536,0,1
13,16,15,23,23,21,27,27,
226.000000,85.000000,0.155520,578532864.000000,1.073322,0,1
12,12,18,12,19,25,19,25,
273.000000,87.000000,0.150786,19232930.000000,0.784075,0,1
18,14,25,14,21,27,16,24,
360.000000,88.000000,0.140374,61075788.000000,1.467261,0,1
14,14,14,14,14,14,14,16,
293.000000,89.000000,0.147616,127380472.000000,1.653877,0,1
13,13,13,14,14,14,22,28,
304.000000,89.000000,0.146317,130209576.000000,1.522918,0,1
13,13,13,14,14,13,22,28,
314.000000,89.000000,0.145456,126526800.000000,1.402182,0,1
13,13,13,14,15,15,21,29,
315.000000,89.000000,0.145316,150581232.000000,1.392545,0,1
13,13,13,14,15,15,23,29,
311.000000,91.000000,0.146152,39602220.000000,1.428468,0,1
13,14,18,14,20,28,20,28,
359.000000,91.000000,0.140602,110295312.000000,1.437977,0,1
14,16,16,20,24,28,28,29,
372.000000,91.000000,0.139593,173140592.000000,1.605159,0,1
14,15,16,20,23,18,27,28,
378.000000,91.000000,0.138384,117265128.000000,1.664827,0,1
15,16,16,21,24,21,28,26,
388.000000,91.000000,0.137640,343397440.000000,1.801419,0,1
15,18,15,24,20,17,28,27,
334.000000,92.000000,0.143994,132349736.000000,1.186177,0,1
15,17,20,22,22,29,19,20,
37.000000,122.000000,0.168654,2210562048.000000,1.732505,0,1
63,78,73,71,67,59,46,24,
485.000000,151.000000,0.058265,5192067072.000000,0.835321,0,1
41,34,69,36,47,86,33,37,
441.000000,157.000000,0.045488,3342042368.000000,0.363820,0,1
46,57,65,68,130,87,126,180,
68.000000,164.000000,0.021653,1628619264.000000,0.110093,0,1
194,224,200,161,176,124,71,53,
360.000000,181.000000,0.070239,181688736.000000,0.314148,0,1
41,39,38,26,30,24,19,19,
401.000000,188.000000,0.041905,168015984.000000,0.272439,0,1
31,26,34,35,39,45,49,31,
405.000000,189.000000,0.040389,117191056.000000,0.270162,0,1
34,45,41,42,32,25,20,18,
488.000000,196.000000,0.059362,1299201024.000000,0.892485,0,1
26,28,22,55,48,36,79,76,
485.000000,200.000000,0.060867,763236352.000000,0.911257,0,1
79,93,84,115,111,107,134,141,
488.000000,200.000000,0.061728,450934688.000000,0.946510,0,1
76,81,79,110,106,104,131,143,
428.000000,239.000000,0.103950,524745856.000000,1.537534,0,1
42,42,42,43,45,47,51,46,
446.000000,239.000000,0.102033,926730240.000000,1.672739,0,1
50,59,60,57,53,51,47,44,
434.000000,243.000000,0.108376,223669936.000000,1.323966,0,1
44,41,42,42,42,44,51,43,
423.000000,245.000000,0.107914,649733056.000000,1.232879,0,1
37,51,51,42,43,43,34,32,
240.000000,256.000000,0.114829,15841040.000000,0.891348,0,1
25,23,26,20,23,26,19,20,
397.000000,95.000000,0.138436,425722752.000000,1.954755,0,1
27,21,27,16,21,28,16,16,
492.000000,173.000000,0.055876,10666427392.000000,0.829284,0,1
113,64,88,73,153,128,149,160,
360.000000,91.000000,0.140707,121919288.000000,1.454826,0,1
14,16,17,21,27,26,29,29,
485.000000,162.000000,0.057516,16423655424.000000,0.821817,0,1
43,31,80,32,41,139,30,34,
456.000000,169.000000,0.049332,5450590208.000000,0.449124,0,1
61,114,59,151,113,44,143,79,
485.000000,160.000000,0.057554,10653257728.000000,0.822160,0,1
27,30,55,34,43,125,31,41,
374.000000,174.000000,0.034697,386003808.000000,0.151314,0,1
36,47,46,71,60,50,80,53,
368.000000,197.000000,0.058159,195615568.000000,0.287742,0,1
59,59,50,60,48,22,58,47,
369.000000,197.000000,0.057221,282701120.000000,0.284329,0,1
55,57,41,57,33,18,47,31,
368.000000,198.000000,0.059781,250261088.000000,0.298532,0,1
57,57,33,60,47,19,57,44,
241.000000,89.000000,0.152786,77056432.000000,0.957774,0,1
13,19,13,26,19,14,27,27,
242.000000,90.000000,0.152705,72744808.000000,0.950546,0,1
13,19,14,27,20,14,27,27,
222.000000,91.000000,0.155850,325620576.000000,1.094659,0,1
21,19,26,14,21,26,14,14,
252.000000,91.000000,0.153331,129103280.000000,0.896111,0,1
15,20,14,24,18,14,24,18,
272.000000,91.000000,0.151504,17776444.000000,0.888969,0,1
18,14,25,14,20,29,17,23,
284.000000,91.000000,0.147816,115473928.000000,0.928479,0,1
17,24,15,28,21,14,27,24,
172.000000,92.000000,0.143033,3080385.750000,1.015576,0,1
7,7,7,7,7,7,9,10,
301.000000,92.000000,0.148187,157942368.000000,1.538250,0,1
17,15,26,14,21,29,16,21,
320.000000,92.000000,0.145370,259130576.000000,1.314122,0,1
16,26,18,29,25,21,28,19,
296.000000,94.000000,0.146643,153944096.000000,1.574188,0,1
18,25,15,29,19,14,26,21,
226.000000,95.000000,0.156288,25886924.000000,1.067086,0,1
27,21,28,15,21,28,15,15,
342.000000,98.000000,0.143389,198503264.000000,1.570609,0,1
16,17,22,23,23,29,31,32,
362.000000,104.000000,0.141462,569841152.000000,1.841977,0,1
26,20,30,17,26,32,20,26,
375.000000,105.000000,0.138949,720425024.000000,2.007612,0,1
21,27,18,31,22,17,27,22,
382.000000,107.000000,0.139488,852415680.000000,2.163969,0,1
25,19,29,17,24,32,18,18,
362.000000,108.000000,0.141429,560853440.000000,1.815899,0,1
26,20,31,17,26,33,19,19,
382.000000,108.000000,0.139602,803186944.000000,2.163214,0,1
24,19,29,17,22,31,17,17,
139.000000,155.000000,0.020034,401978048.000000,0.074902,0,1
42,48,52,87,138,143,207,218,
61.000000,172.000000,0.037366,1624508928.000000,0.222908,0,1
44,42,71,32,54,72,36,38,
469.000000,198.000000,0.060164,1466906880.000000,0.943840,0,1
56,78,79,91,96,100,99,104,
442.000000,228.000000,0.092033,16049359.000000,1.519901,0,1
50,49,50,49,49,49,47,40,
301.000000,232.000000,0.093219,79221784.000000,0.512723,0,1
38,38,39,37,37,40,30,31,
414.000000,241.000000,0.104783,2794202624.000000,1.730520,0,1
34,34,33,41,40,38,44,37,
392.000000,243.000000,0.106465,428330656.000000,1.275393,0,1
29,30,32,34,36,41,39,40,
416.000000,245.000000,0.108390,1273786880.000000,1.557493,0,1
36,42,45,32,36,40,31,31,
377.000000,251.000000,0.108949,362331584.000000,1.260887,0,1
30,30,28,27,25,23,22,18,
138.000000,272.000000,0.134593,384375680.000000,1.296379,0,1
25,24,25,24,23,24,20,15,
374.000000,252.000000,0.107733,397103168.000000,1.200260,0,1
29,26,27,25,24,22,21,19,
238.000000,248.000000,0.106898,55488672.000000,0.840041,0,1
27,23,28,21,24,26,19,17,
386.000000,245.000000,0.105667,374025632.000000,1.231676,0,1
30,32,36,24,29,34,23,21,
474.000000,197.000000,0.059664,1533945088.000000,0.962589,0,1
37,52,52,84,85,85,100,105,
247.000000,93.000000,0.152766,501644448.000000,0.928946,0,1
14,15,21,22,22,28,27,29,
371.000000,109.000000,0.140445,474136800.000000,1.958116,0,1
30,24,32,19,27,28,19,18,
197.000000,118.000000,0.150346,283834784.000000,1.247216,0,1
13,17,18,38,46,48,58,61,
454.000000,153.000000,0.049155,2073171200.000000,0.544846,0,1
197,124,108,47,50,46,39,35,
412.000000,143.000000,0.041971,1453625600.000000,0.326517,0,1
27,28,35,29,42,89,67,146,
471.000000,180.000000,0.056669,16043570176.000000,0.743060,0,1
70,133,42,169,82,33,121,71,
411.000000,145.000000,0.039320,7284490752.000000,0.299295,0,1
35,40,90,40,108,129,61,126,
320.000000,100.000000,0.144937,508259776.000000,1.596882,0,1
15,23,16,31,24,16,32,32,
325.000000,105.000000,0.145498,483786944.000000,1.666855,0,1
25,19,31,18,25,34,19,25,
342.000000,105.000000,0.143501,253573552.000000,1.981369,0,1
17,16,23,19,23,32,27,34,
348.000000,108.000000,0.142109,575971072.000000,2.042737,0,1
27,32,20,33,27,17,29,19,
356.000000,109.000000,0.141281,496439168.000000,2.196296,0,1
29,33,23,30,26,18,21,17,
340.000000,110.000000,0.143939,199376800.000000,1.910298,0,1
34,34,30,23,23,19,17,17,
178.000000,119.000000,0.154211,3814090496.000000,0.990064,0,1
15,35,33,65,57,55,74,57,
106.000000,122.000000,0.161432,5074422784.000000,1.743319,0,1
64,57,73,45,52,51,33,24,
361.000000,122.000000,0.135639,223251008.000000,1.997994,0,1
22,22,23,21,22,21,14,12,
314.000000,123.000000,0.134548,607786048.000000,1.268615,0,1
26,28,28,33,36,40,69,80,
422.000000,150.000000,0.041684,8010216960.000000,0.405791,0,1
88,57,139,63,97,199,69,50,
389.000000,192.000000,0.038010,697633536.000000,0.298878,0,1
63,68,64,55,45,35,24,16,
422.000000,197.000000,0.056294,687990912.000000,0.624266,0,1
14,15,15,18,20,22,49,71,
458.000000,197.000000,0.059642,1052311936.000000,1.001091,0,1
16,27,25,54,53,52,80,94,
461.000000,197.000000,0.059474,3209328384.000000,1.016915,0,1
18,25,27,53,50,56,81,96,
458.000000,198.000000,0.059859,993160896.000000,1.007483,0,1
26,54,53,80,80,81,94,100,
465.000000,198.000000,0.060623,1444438016.000000,1.074195,0,1
76,61,74,78,85,91,97,99,
395.000000,199.000000,0.056331,147150640.000000,0.519914,0,1
15,15,15,19,21,22,31,34,
410.000000,232.000000,0.094966,22498406.000000,1.631306,0,1
42,41,42,37,39,40,35,33,
395.000000,242.000000,0.105625,1162522752.000000,1.555478,0,1
29,29,29,32,34,35,41,40,
398.000000,242.000000,0.105765,1071722880.000000,1.583190,0,1
30,29,31,34,36,39,43,39,
335.000000,246.000000,0.108029,164240400.000000,1.110490,0,1
29,29,26,29,24,21,24,21,
410.000000,241.000000,0.104688,1838332416.000000,1.683317,0,1
32,32,33,37,40,41,45,39,
79.000000,223.000000,0.073840,30475140.000000,0.562486,0,1
16,16,20,17,22,27,23,26,
413.000000,198.000000,0.056165,502551872.000000,0.584176,0,1
14,16,15,24,27,30,53,62,
352.000000,104.000000,0.142438,718489472.000000,2.188395,0,1
25,19,30,16,25,32,18,24,
108.000000,120.000000,0.161428,3773008128.000000,1.731851,0,1
30,52,43,64,63,46,73,51,
369.000000,199.000000,0.061161,635339968.000000,0.457164,0,1
33,47,19,57,31,16,44,24,
300.000000,109.000000,0.148272,173417584.000000,1.614403,0,1
34,34,31,33,26,23,20,17,
319.000000,109.000000,0.145633,105162584.000000,2.011686,0,1
34,35,28,33,26,17,20,17,
314.000000,110.000000,0.146362,605823872.000000,1.891991,0,1
35,33,34,20,23,24,17,17,
169.000000,121.000000,0.155439,5796818432.000000,1.256338,0,1
60,73,67,63,61,58,42,18,
322.000000,132.000000,0.049604,332868864.000000,0.209157,0,1
63,29,28,49,55,49,101,104,
420.000000,198.000000,0.056662,749673664.000000,0.716097,0,1
15,19,20,41,46,53,70,70,
423.000000,198.000000,0.057114,803199808.000000,0.740497,0,1
15,20,22,49,55,59,71,75,
449.000000,198.000000,0.059508,1053725888.000000,1.080459,0,1
30,58,58,77,78,79,87,88,
332.000000,247.000000,0.104833,1203078656.000000,1.200472,0,1
31,31,29,30,27,24,23,21,
414.000000,180.000000,0.039574,3653274112.000000,0.416009,0,1
64,99,63,60,66,56,42,45,
387.000000,170.000000,0.037506,979677888.000000,0.308107,0,1
125,183,110,94,112,82,52,53,
136.000000,119.000000,0.158049,7187530752.000000,1.973952,0,1
14,31,31,56,61,45,76,69,
119.000000,164.000000,0.022518,4355523584.000000,0.111486,0,1
28,64,36,144,99,38,162,46,
75.000000,167.000000,0.021906,2614662656.000000,0.136524,0,1
130,193,170,148,132,80,69,53,
441.000000,197.000000,0.057967,1316709888.000000,1.121760,0,1
15,24,26,56,58,60,74,83,
132.000000,119.000000,0.158812,11089735680.000000,2.049638,0,1
15,31,30,62,58,56,78,66,
418.000000,167.000000,0.040903,13711096832.000000,0.565458,0,1
114,116,85,67,83,48,56,53,
386.000000,171.000000,0.032599,747695808.000000,0.334982,0,1
183,94,112,48,52,57,50,51,
387.000000,184.000000,0.034827,677775936.000000,0.366907,0,1
34,31,31,38,35,31,59,63,
431.000000,197.000000,0.056138,1366723200.000000,0.997043,0,1
14,15,16,33,37,42,65,76,
434.000000,198.000000,0.057495,831297728.000000,1.057043,0,1
17,42,46,69,71,73,79,81,
436.000000,197.000000,0.056938,1170948096.000000,1.055077,0,1
14,18,20,44,49,53,72,83,
441.000000,162.000000,0.045795,34340536320.000000,0.777368,0,1
184,158,135,85,132,78,71,69,
437.000000,173.000000,0.044520,24183109632.000000,0.731153,0,1
61,106,56,142,108,49,156,103,
353.000000,129.000000,0.064273,9109192704.000000,0.684603,0,1
46,79,33,77,58,17,50,32,
323.000000,179.000000,0.019317,98454888.000000,0.135976,0,1
21,22,22,24,29,34,31,48,
440.000000,180.000000,0.048105,1898163712.000000,1.050241,0,1
131,54,61,37,34,32,30,24,
443.000000,180.000000,0.048161,724379008.000000,1.075900,0,1
104,67,69,33,32,29,26,21,
397.000000,200.000000,0.058531,900614336.000000,0.938303,0,1
15,21,24,32,36,40,36,40,
441.000000,179.000000,0.046978,19319455744.000000,1.021273,0,1
143,131,128,54,61,71,34,27,
397.000000,191.000000,0.038434,1998876032.000000,0.510823,0,1
49,49,43,36,25,20,18,15,
125.000000,143.000000,0.020361,2867793152.000000,0.107300,0,1
18,30,33,34,53,75,49,101,
404.000000,146.000000,0.042066,8644575232.000000,0.725110,0,1
23,24,27,25,37,48,50,76,
383.000000,206.000000,0.068881,351218080.000000,1.701397,0,1
27,24,29,26,29,36,36,38,
381.000000,207.000000,0.068756,327296320.000000,1.671325,0,1
23,27,27,36,36,36,38,37,
426.000000,183.000000,0.043909,8679794688.000000,0.927721,0,1
65,60,53,42,43,35,32,24,
128.000000,143.000000,0.021257,2531147520.000000,0.114089,0,1
19,33,29,67,71,40,138,169,
412.000000,178.000000,0.039596,19319552000.000000,0.817921,0,1
39,51,50,51,66,64,65,60,
371.000000,207.000000,0.069312,653274112.000000,1.563194,0,1
22,21,20,26,25,25,32,33,
89.000000,171.000000,0.029267,10822142976.000000,0.222000,0,1
69,91,61,87,70,39,70,56,
423.000000,156.000000,0.041314,121540976640.000000,1.118313,0,1
28,71,29,174,65,39,119,46,
329.000000,130.000000,0.065399,1254798464.000000,1.061720,0,1
80,79,78,62,58,55,19,18,
357.000000,155.000000,0.063542,28348227584.000000,1.624502,0,1
29,40,29,54,46,27,57,50,
288.000000,171.000000,0.033329,2697126144.000000,0.217667,0,1
53,69,36,69,42,26,47,37,
351.000000,125.000000,0.064062,31791982592.000000,1.922904,0,1
15,16,15,33,20,16,45,66,
35.000000,126.000000,0.079631,6851271168.000000,1.510380,0,1
22,26,34,28,37,46,29,31,
350.000000,130.000000,0.063051,3956340992.000000,1.503451,0,1
71,61,77,45,46,50,18,18,
308.000000,134.000000,0.043302,1636418688.000000,0.471894,0,1
98,106,111,68,80,74,42,32,
336.000000,152.000000,0.064158,351302112.000000,1.329154,0,1
11,11,14,10,17,27,14,21,
343.000000,155.000000,0.064596,5212855808.000000,1.771568,0,1
28,28,31,32,34,42,46,44,
340.000000,198.000000,0.065905,1724139904.000000,1.950405,0,1
18,14,17,10,12,21,11,12,
348.000000,124.000000,0.064117,58719543296.000000,1.872468,0,1
23,36,17,88,50,16,64,40,
334.000000,130.000000,0.065186,5807569920.000000,2.025977,0,1
77,77,74,55,53,48,17,15,
340.000000,137.000000,0.064580,27186192384.000000,2.095756,0,1
37,27,36,15,29,34,16,24,
340.000000,158.000000,0.064420,7770615808.000000,2.076216,0,1
47,45,45,31,34,35,26,25,
172.000000,222.000000,0.079837,1761842816.000000,1.294215,0,1
16,17,17,20,20,22,24,25,
132.000000,224.000000,0.084994,374869888.000000,1.732520,0,1
19,19,18,18,18,20,19,22,
99.000000,171.000000,0.030051,19575742464.000000,0.264805,0,1
71,51,79,34,56,70,40,46,
186.000000,220.000000,0.078873,2619207424.000000,1.432515,0,1
18,17,18,19,20,21,24,27,
142.000000,143.000000,0.020660,6101369344.000000,0.133839,0,1
24,40,50,46,88,127,80,125,
324.000000,144.000000,0.047376,25516513280.000000,1.745813,0,1
48,55,30,58,33,15,34,14,
323.000000,145.000000,0.046973,26423056384.000000,1.689196,0,1
55,58,33,54,34,15,31,14,
184.000000,173.000000,0.027829,855438656.000000,0.142725,0,1
86,87,89,77,77,79,65,63,
90.000000,174.000000,0.029984,16736957440.000000,0.417715,0,1
49,56,34,52,39,22,35,24,
175.000000,174.000000,0.030241,2566423040.000000,0.173496,0,1
81,77,90,69,79,77,64,52,
293.000000,180.000000,0.038027,2171004672.000000,0.796968,0,1
29,44,30,61,45,32,59,55,
232.000000,182.000000,0.037393,1085756032.000000,0.336490,0,1
109,100,104,91,94,94,84,80,
140.000000,188.000000,0.022306,303350208.000000,0.201126,0,1
38,34,38,32,35,37,27,28,
212.000000,188.000000,0.041602,113520272.000000,0.371834,0,1
58,55,54,51,51,50,46,42,
76.000000,192.000000,0.034541,133763048.000000,0.591279,0,1
32,30,30,26,27,27,26,26,
82.000000,224.000000,0.070011,1156522496.000000,2.668944,0,1
25,27,26,27,24,19,22,17,
82.000000,225.000000,0.069632,1051658048.000000,2.637905,0,1
27,26,22,24,19,16,18,16,
248.000000,182.000000,0.039365,7765945344.000000,0.469797,0,1
138,127,127,115,112,113,91,88,
297.000000,153.000000,0.032765,20424822784.000000,0.494082,0,1
142,136,46,107,51,36,49,41,
161.000000,171.000000,0.026916,1805692672.000000,0.171788,0,1
115,95,97,76,78,81,70,75,
325.000000,135.000000,0.047893,73321955328.000000,1.826240,0,1
50,73,31,85,41,22,55,41,
319.000000,135.000000,0.044811,89815007232.000000,1.451436,0,1
75,66,117,43,92,104,58,76,
108.000000,132.000000,0.074867,16546386944.000000,2.401461,0,1
33,38,35,32,29,27,20,17,
