# timestamp
1608635297744200192

# fx, fy, cx, cy, width, height, npoints
501.495026,501.474823,421.770294,167.671280,800,400,565

# camToWorld: translation vector, rotation quaternion
-36.444302,76.146439,4.485958,-0.142133,-0.714127,0.674961,0.119373

# Exposure time (ms)
10.677802

# Point Cloud Data : 
# u,v,idepth_scaled,idepth_hessian,maxRelBaseline,numGoodRes,status 
# color information 
663.000000,99.000000,0.145675,558804544.000000,0.593666,0,1
30,48,111,75,162,237,196,251,
728.000000,99.000000,0.163200,1029306624.000000,0.952565,0,1
124,44,106,17,25,61,16,16,
580.000000,100.000000,0.121928,507117152.000000,0.358967,0,1
103,96,209,66,160,237,111,166,
590.000000,102.000000,0.125086,504103392.000000,0.385379,0,1
255,254,186,253,176,57,165,56,
558.000000,103.000000,0.114078,645512192.000000,0.297200,0,1
55,138,32,232,76,21,127,32,
598.000000,117.000000,0.121242,411713216.000000,0.269728,0,1
255,172,255,55,188,255,65,78,
644.000000,121.000000,0.137660,965204928.000000,0.631018,0,1
133,88,134,52,108,157,72,121,
592.000000,125.000000,0.125902,840510016.000000,0.439352,0,1
30,29,74,28,62,189,44,110,
167.000000,132.000000,0.050527,78476384.000000,0.380047,0,1
71,57,84,49,52,31,38,27,
593.000000,132.000000,0.124800,1467795456.000000,0.438911,0,1
194,112,243,47,170,247,69,88,
638.000000,135.000000,0.136624,1037758144.000000,0.608732,0,1
230,133,216,44,122,207,38,31,
570.000000,142.000000,0.118773,417151008.000000,0.225119,0,1
71,165,47,248,133,33,235,182,
684.000000,143.000000,0.147664,1465932672.000000,0.776307,0,1
29,55,24,129,33,20,56,32,
729.000000,148.000000,0.158409,1175534464.000000,0.934857,0,1
32,43,23,61,27,19,29,21,
603.000000,152.000000,0.128244,730200384.000000,0.413149,0,1
38,140,34,247,117,27,231,108,
635.000000,159.000000,0.133401,1166386432.000000,0.598123,0,1
64,109,68,198,136,59,186,121,
475.000000,180.000000,0.095526,86135192.000000,0.153662,0,1
158,189,71,191,136,31,171,119,
621.000000,198.000000,0.130807,2209236736.000000,0.589161,0,1
56,48,127,37,110,173,89,157,
631.000000,199.000000,0.132097,1658460416.000000,0.621660,0,1
177,195,102,215,147,54,172,120,
728.000000,206.000000,0.157144,1276776960.000000,0.932889,0,1
19,24,61,25,70,142,58,114,
739.000000,215.000000,0.162531,631727232.000000,0.994229,0,1
50,85,52,122,89,55,124,139,
742.000000,217.000000,0.164082,360544640.000000,0.846069,0,1
39,82,42,128,87,42,127,125,
601.000000,227.000000,0.126176,702709504.000000,0.575937,0,1
105,83,152,55,119,169,72,111,
711.000000,240.000000,0.149578,512262656.000000,0.937279,0,1
19,30,20,67,32,21,64,53,
428.000000,298.000000,0.164079,107412712.000000,1.701275,0,1
81,76,74,71,63,59,51,41,
340.000000,29.000000,0.321212,16330105.000000,0.696831,0,1
54,55,58,54,51,34,42,28,
34.000000,68.000000,0.222122,1935710.625000,1.940426,0,1
10,13,14,17,18,18,22,22,
36.000000,85.000000,0.219310,3921958.250000,1.902107,0,1
23,24,23,23,20,19,17,13,
703.000000,89.000000,0.151851,258758608.000000,0.498993,0,1
221,253,156,252,176,64,178,56,
719.000000,89.000000,0.159854,1115238016.000000,0.922231,0,1
18,17,50,15,30,124,19,37,
703.000000,90.000000,0.150712,204756800.000000,0.495358,0,1
215,230,115,222,119,38,88,26,
719.000000,90.000000,0.159922,851380032.000000,0.921882,0,1
23,17,70,14,36,152,20,29,
35.000000,91.000000,0.219330,7252450.000000,1.904431,0,1
13,17,13,24,18,14,24,24,
701.000000,91.000000,0.151908,341770048.000000,0.695982,0,1
252,245,178,215,130,56,81,23,
565.000000,150.000000,0.115889,344901280.000000,0.332779,0,1
148,85,182,25,108,131,30,22,
735.000000,161.000000,0.162006,54366464.000000,0.919141,0,1
32,29,32,34,42,48,81,152,
719.000000,169.000000,0.153670,6231629.500000,0.741317,0,1
15,21,21,73,70,67,99,53,
719.000000,171.000000,0.147165,6899998.000000,0.718533,0,1
70,99,104,50,53,58,21,17,
568.000000,177.000000,0.123482,132664176.000000,0.339001,0,1
17,41,27,164,101,30,179,110,
723.000000,188.000000,0.155701,930136960.000000,0.759640,0,1
17,66,41,149,91,46,125,57,
722.000000,189.000000,0.155862,1415940224.000000,0.758980,0,1
66,149,91,201,125,59,120,49,
652.000000,198.000000,0.142184,370650208.000000,0.572674,0,1
150,93,161,44,85,159,29,21,
738.000000,206.000000,0.161111,590433088.000000,1.003139,0,1
11,20,12,58,22,12,53,40,
710.000000,211.000000,0.154968,200016480.000000,0.742308,0,1
210,151,216,55,128,184,35,17,
728.000000,216.000000,0.159694,960160768.000000,0.983573,0,1
60,23,73,14,34,92,15,17,
737.000000,222.000000,0.167375,6176989.000000,0.457042,0,1
128,105,128,46,64,87,25,22,
728.000000,231.000000,0.159678,623823040.000000,1.001315,0,1
27,21,53,16,37,101,22,33,
720.000000,258.000000,0.153329,12511401.000000,0.797035,0,1
37,49,26,155,104,59,167,162,
722.000000,287.000000,0.155471,250841936.000000,0.590501,0,1
25,28,57,23,55,97,27,18,
738.000000,287.000000,0.175049,29774828.000000,0.675290,0,1
27,32,28,67,49,32,110,126,
693.000000,296.000000,0.169402,73762824.000000,0.847442,0,1
53,61,56,90,75,63,111,118,
700.000000,298.000000,0.171427,53017308.000000,0.871017,0,1
59,67,61,105,91,77,121,127,
414.000000,297.000000,0.169784,46160292.000000,1.870620,0,1
42,40,47,47,54,64,68,76,
701.000000,261.000000,0.153623,193880848.000000,0.966879,0,1
126,62,86,25,34,50,20,19,
518.000000,203.000000,0.116474,114128520.000000,0.410260,0,1
90,122,54,135,86,30,119,100,
143.000000,163.000000,0.021531,759259328.000000,0.195605,0,1
223,203,208,100,153,211,78,107,
300.000000,50.000000,0.259528,2191539.750000,3.985099,0,1
13,12,14,13,14,18,15,19,
61.000000,58.000000,0.216569,4236230.000000,1.766254,0,1
9,11,11,15,15,16,20,21,
63.000000,58.000000,0.215579,2584084.000000,1.749975,0,1
9,11,11,15,16,17,19,20,
119.000000,63.000000,0.204148,5238263.500000,3.841774,0,1
10,11,11,13,14,13,20,21,
272.000000,64.000000,0.211079,2596698.000000,1.798786,0,1
11,11,12,11,12,13,11,15,
157.000000,66.000000,0.196478,6572944.000000,3.145732,0,1
11,17,11,21,18,11,22,22,
536.000000,68.000000,0.147468,608158.062500,0.433891,0,1
16,15,16,15,15,15,15,14,
75.000000,69.000000,0.213798,3098528.750000,1.664068,0,1
10,11,11,14,15,15,21,23,
94.000000,70.000000,0.209735,11437831.000000,4.308580,0,1
10,11,11,13,14,14,18,22,
144.000000,70.000000,0.201423,34343688.000000,3.368653,0,1
11,11,16,12,16,22,17,22,
69.000000,71.000000,0.214220,5340131.000000,1.697003,0,1
12,15,15,19,18,21,22,22,
82.000000,71.000000,0.210381,7610589.500000,1.603544,0,1
11,14,11,21,16,11,22,22,
104.000000,71.000000,0.208026,21783470.000000,4.100470,0,1
11,12,13,13,17,20,19,22,
108.000000,71.000000,0.206907,6700886.000000,4.017324,0,1
11,14,12,20,18,15,21,20,
143.000000,71.000000,0.201535,35500604.000000,3.383646,0,1
11,12,16,12,17,22,17,23,
83.000000,72.000000,0.210578,13860147.000000,1.598155,0,1
11,16,11,22,17,11,22,21,
99.000000,72.000000,0.206489,9487910.000000,4.200284,0,1
12,17,12,22,18,13,22,22,
127.000000,72.000000,0.201786,11622882.000000,3.644793,0,1
11,12,11,19,17,11,21,20,
164.000000,72.000000,0.194541,8206421.000000,3.014878,0,1
11,16,11,22,18,12,22,22,
51.000000,74.000000,0.216743,18996178.000000,1.807655,0,1
13,20,12,22,16,11,21,19,
112.000000,77.000000,0.206658,10234016.000000,3.933400,0,1
23,18,21,13,14,18,12,12,
123.000000,77.000000,0.202930,23243726.000000,3.712865,0,1
23,22,22,22,17,17,19,14,
181.000000,77.000000,0.192588,25549966.000000,2.762660,0,1
14,20,12,22,14,12,21,15,
175.000000,79.000000,0.195911,18322530.000000,2.854510,0,1
13,13,19,15,20,23,21,23,
181.000000,82.000000,0.192277,35919952.000000,2.743265,0,1
16,22,13,23,17,12,22,17,
148.000000,83.000000,0.201075,12522810.000000,3.281490,0,1
23,17,23,12,17,23,12,12,
424.000000,84.000000,0.144348,2574651.250000,1.183068,0,1
13,11,16,12,13,19,12,13,
155.000000,89.000000,0.200018,13008381.000000,3.158370,0,1
24,19,24,13,18,24,14,13,
670.000000,89.000000,0.145312,1241721856.000000,0.665621,0,1
32,53,101,66,149,225,111,139,
60.000000,94.000000,0.215543,26443448.000000,1.737099,0,1
20,15,24,14,19,25,15,18,
182.000000,94.000000,0.191948,40775208.000000,2.711689,0,1
16,21,13,24,17,13,23,18,
690.000000,94.000000,0.142668,59535408.000000,0.787422,0,1
255,255,229,191,148,87,88,41,
69.000000,95.000000,0.213017,28116086.000000,1.672869,0,1
18,23,15,25,19,14,23,20,
556.000000,98.000000,0.113540,123519032.000000,0.419157,0,1
13,14,14,17,17,15,30,77,
665.000000,98.000000,0.148974,164951312.000000,0.608770,0,1
27,39,68,75,152,203,204,254,
613.000000,99.000000,0.130296,1254736512.000000,0.652006,0,1
37,43,114,50,142,247,152,235,
647.000000,104.000000,0.143274,367031872.000000,0.551461,0,1
22,29,67,54,95,180,142,211,
547.000000,106.000000,0.117521,175152544.000000,0.196791,0,1
63,23,112,15,61,158,22,33,
568.000000,107.000000,0.118019,839324352.000000,0.358887,0,1
144,87,223,28,129,253,38,47,
621.000000,107.000000,0.133037,522424160.000000,0.688769,0,1
255,255,255,210,233,254,121,51,
548.000000,108.000000,0.116872,115558648.000000,0.291562,0,1
122,52,124,19,46,46,22,21,
549.000000,108.000000,0.116918,68137584.000000,0.198101,0,1
158,98,106,33,52,35,25,21,
644.000000,108.000000,0.139534,1443979136.000000,0.532924,0,1
105,69,191,44,136,237,84,159,
631.000000,112.000000,0.132697,420948032.000000,0.486561,0,1
243,254,128,225,152,44,89,31,
242.000000,114.000000,0.178152,1627467.000000,1.887627,0,1
12,14,14,21,21,21,24,24,
255.000000,114.000000,0.173775,1393959.750000,1.722313,0,1
13,15,14,19,20,19,23,25,
286.000000,114.000000,0.165376,1224987.000000,1.377417,0,1
13,14,14,19,19,18,24,27,
304.000000,114.000000,0.162097,1472353.125000,1.208737,0,1
14,13,13,18,19,18,26,30,
308.000000,114.000000,0.161214,1540665.875000,1.171452,0,1
13,13,13,18,19,18,25,30,
476.000000,116.000000,0.135409,6144797.500000,0.558825,0,1
15,22,22,34,36,35,46,44,
560.000000,116.000000,0.118005,105568480.000000,0.440503,0,1
21,24,24,30,38,32,112,215,
49.000000,117.000000,0.199724,9246950.000000,1.716686,0,1
44,38,34,25,26,25,17,19,
583.000000,118.000000,0.122138,285021056.000000,0.517101,0,1
255,249,244,148,202,105,52,34,
556.000000,120.000000,0.113704,1423169408.000000,0.410516,0,1
53,33,207,23,126,252,46,116,
666.000000,121.000000,0.143845,528741568.000000,0.589554,0,1
27,53,39,165,115,62,227,221,
357.000000,122.000000,0.065331,32964020.000000,0.099034,0,1
25,23,33,20,65,57,40,67,
500.000000,122.000000,0.099631,584967552.000000,0.242254,0,1
60,199,43,255,133,28,251,204,
573.000000,125.000000,0.117949,1572081408.000000,0.469064,0,1
54,139,54,244,155,46,249,249,
363.000000,126.000000,0.059583,15735796.000000,0.047107,0,1
39,37,164,30,202,206,96,236,
574.000000,126.000000,0.119113,759696448.000000,0.331975,0,1
54,155,46,249,134,38,249,209,
334.000000,128.000000,0.055535,700782336.000000,0.482828,0,1
25,34,76,28,128,167,83,192,
359.000000,128.000000,0.063581,40046196.000000,0.109092,0,1
24,25,55,35,50,96,41,64,
392.000000,128.000000,0.066830,16959426.000000,0.031683,0,1
240,152,140,35,153,41,40,28,
512.000000,128.000000,0.103475,740177408.000000,0.275404,0,1
42,167,39,249,133,25,239,143,
576.000000,129.000000,0.119125,2399951104.000000,0.481376,0,1
48,114,31,188,47,25,82,29,
513.000000,130.000000,0.103198,1132395648.000000,0.276063,0,1
51,146,26,238,56,21,127,35,
548.000000,131.000000,0.115746,523766976.000000,0.397991,0,1
28,26,44,20,33,82,28,37,
551.000000,131.000000,0.113691,2134369920.000000,0.396306,0,1
111,75,206,49,141,248,91,143,
619.000000,131.000000,0.129395,1207843200.000000,0.652851,0,1
238,245,167,232,119,48,101,40,
429.000000,132.000000,0.083197,137098240.000000,0.126111,0,1
37,42,88,50,166,205,172,251,
305.000000,133.000000,0.058158,29038056.000000,0.189968,0,1
26,26,54,26,38,139,27,27,
446.000000,133.000000,0.085280,55289604.000000,0.115740,0,1
37,36,81,38,176,120,172,248,
594.000000,134.000000,0.124671,2364953088.000000,0.555894,0,1
229,131,225,45,147,242,52,55,
162.000000,135.000000,0.050155,70984568.000000,0.387067,0,1
70,70,58,47,46,35,28,23,
508.000000,135.000000,0.102195,330422208.000000,0.262104,0,1
255,252,145,244,108,32,127,37,
548.000000,135.000000,0.118005,136971600.000000,0.274165,0,1
37,29,58,19,35,95,26,29,
595.000000,135.000000,0.124991,1793709056.000000,0.560210,0,1
225,147,242,52,167,249,55,51,
694.000000,135.000000,0.145288,94368928.000000,0.589942,0,1
110,48,34,39,32,22,34,26,
584.000000,141.000000,0.122794,264575648.000000,0.518913,0,1
24,27,41,34,100,125,149,251,
461.000000,142.000000,0.088349,151515776.000000,0.143155,0,1
29,75,39,110,133,32,200,205,
474.000000,143.000000,0.093507,329443584.000000,0.175439,0,1
197,46,214,25,108,247,28,62,
191.000000,144.000000,0.077161,159156224.000000,0.486891,0,1
23,35,14,39,24,12,34,24,
292.000000,144.000000,0.044479,146095920.000000,0.067033,0,1
169,100,158,71,134,91,71,61,
361.000000,144.000000,0.061350,128271240.000000,0.101061,0,1
179,85,180,42,93,135,46,37,
452.000000,144.000000,0.087711,192477504.000000,0.132786,0,1
227,85,249,53,151,204,37,30,
580.000000,144.000000,0.121961,734203328.000000,0.391628,0,1
26,31,88,33,85,193,68,109,
614.000000,144.000000,0.128882,528167968.000000,0.634479,0,1
135,132,88,67,64,28,27,19,
400.000000,145.000000,0.072191,119216864.000000,0.282597,0,1
165,84,136,47,91,54,35,28,
70.000000,146.000000,0.023586,507225760.000000,0.133877,0,1
57,89,70,235,186,173,250,240,
34.000000,147.000000,0.022372,379515808.000000,0.106870,0,1
89,67,82,177,127,116,242,205,
285.000000,147.000000,0.048872,649430720.000000,0.643904,0,1
48,48,84,48,107,72,71,123,
373.000000,147.000000,0.064217,5171194.500000,0.023122,0,1
85,36,157,33,88,125,34,53,
393.000000,147.000000,0.069273,81404912.000000,0.104399,0,1
41,103,48,88,163,39,212,207,
358.000000,148.000000,0.064338,3667415.000000,0.052388,0,1
28,33,29,31,52,34,74,118,
548.000000,148.000000,0.115606,122609120.000000,0.273678,0,1
21,21,41,17,53,82,25,60,
516.000000,149.000000,0.105094,200198848.000000,0.174966,0,1
112,219,50,255,146,28,244,221,
510.000000,150.000000,0.101932,833155648.000000,0.264552,0,1
57,28,191,19,110,255,40,108,
468.000000,152.000000,0.090925,90035080.000000,0.137031,0,1
152,154,79,89,149,32,74,36,
495.000000,153.000000,0.102174,109055816.000000,0.235997,0,1
247,222,228,142,150,135,66,39,
287.000000,154.000000,0.047019,133013360.000000,0.618188,0,1
69,48,77,29,38,42,25,17,
395.000000,154.000000,0.072194,106244112.000000,0.109091,0,1
86,134,52,207,140,30,227,98,
396.000000,154.000000,0.071651,129420440.000000,0.108697,0,1
59,107,34,221,48,28,122,47,
457.000000,154.000000,0.088212,283286784.000000,0.577496,0,1
66,43,77,42,77,94,94,80,
548.000000,154.000000,0.119397,447566144.000000,0.412444,0,1
56,25,81,17,43,64,20,26,
648.000000,154.000000,0.137094,848445184.000000,0.790854,0,1
112,138,61,121,84,28,66,32,
91.000000,155.000000,0.022728,232232480.000000,0.117945,0,1
50,55,57,112,158,159,235,254,
329.000000,155.000000,0.054100,47928808.000000,0.138150,0,1
177,138,120,74,86,73,37,33,
405.000000,155.000000,0.069986,40084440.000000,0.105573,0,1
116,115,159,47,85,122,43,83,
438.000000,155.000000,0.086874,14812378.000000,0.034790,0,1
39,33,69,26,73,158,46,110,
359.000000,156.000000,0.067126,35042232.000000,0.440289,0,1
68,56,63,31,47,51,25,23,
485.000000,156.000000,0.092355,205308448.000000,0.192580,0,1
65,84,136,91,176,228,136,179,
424.000000,158.000000,0.080497,125352112.000000,0.823530,0,1
188,157,200,107,144,118,37,29,
443.000000,159.000000,0.087886,296012832.000000,0.694646,0,1
163,178,157,101,107,79,34,26,
490.000000,159.000000,0.097143,112357384.000000,0.146401,0,1
155,184,69,192,107,38,153,71,
530.000000,159.000000,0.123009,117285864.000000,0.383244,0,1
34,22,46,18,34,54,21,32,
171.000000,160.000000,0.079749,22375450.000000,0.559988,0,1
25,25,25,26,37,26,35,43,
270.000000,161.000000,0.038174,523152000.000000,0.592796,0,1
29,62,30,94,69,27,82,49,
193.000000,162.000000,0.078426,80068384.000000,0.490175,0,1
50,36,50,24,35,49,24,24,
488.000000,162.000000,0.098420,68520704.000000,0.385467,0,1
172,80,78,29,31,30,22,20,
566.000000,162.000000,0.124226,133561800.000000,0.480911,0,1
15,14,21,19,19,35,52,53,
693.000000,162.000000,0.149368,1509998080.000000,0.814220,0,1
64,88,43,99,49,25,58,33,
63.000000,163.000000,0.021463,817127168.000000,0.094484,0,1
189,224,165,202,110,46,82,33,
73.000000,164.000000,0.024898,929720384.000000,0.143000,0,1
213,187,218,105,113,138,79,52,
384.000000,165.000000,0.070030,109131416.000000,0.105541,0,1
28,33,70,31,118,132,110,216,
329.000000,166.000000,0.054624,41127264.000000,0.503418,0,1
30,32,40,33,67,48,57,100,
433.000000,168.000000,0.080222,107425768.000000,0.120900,0,1
25,75,34,156,119,58,193,131,
272.000000,169.000000,0.038893,270199040.000000,0.595913,0,1
113,100,83,56,71,46,43,35,
479.000000,170.000000,0.093243,119912520.000000,0.187997,0,1
20,22,18,48,28,16,105,39,
531.000000,170.000000,0.122662,122762920.000000,0.387474,0,1
41,27,50,16,40,49,26,39,
477.000000,171.000000,0.093655,70992808.000000,0.114414,0,1
23,55,41,225,136,55,219,113,
531.000000,171.000000,0.122646,119301264.000000,0.387778,0,1
41,26,50,16,39,48,26,39,
140.000000,172.000000,0.023190,121127848.000000,0.105584,0,1
119,143,173,153,198,218,146,129,
72.000000,174.000000,0.024284,122955040.000000,0.144720,0,1
102,101,112,86,101,109,83,76,
88.000000,174.000000,0.020937,54851632.000000,0.116820,0,1
107,117,100,112,102,89,92,75,
260.000000,174.000000,0.037390,223538400.000000,0.178896,0,1
152,173,216,50,68,113,34,33,
272.000000,174.000000,0.039639,173867696.000000,0.619556,0,1
33,46,43,99,71,58,118,75,
476.000000,174.000000,0.091434,293526400.000000,0.180352,0,1
219,244,113,231,161,35,198,105,
494.000000,174.000000,0.099697,200991088.000000,0.150620,0,1
24,24,79,26,77,186,82,149,
71.000000,175.000000,0.024279,127363136.000000,0.142735,0,1
101,86,101,74,83,90,70,68,
508.000000,176.000000,0.100259,525379136.000000,0.261540,0,1
198,221,87,195,141,29,151,47,
559.000000,176.000000,0.116983,309734112.000000,0.342873,0,1
13,21,22,90,116,82,172,193,
242.000000,177.000000,0.035446,66636644.000000,0.191095,0,1
56,46,60,29,49,44,29,27,
229.000000,179.000000,0.026829,40815500.000000,0.159769,0,1
25,20,22,18,18,20,31,76,
317.000000,179.000000,0.050095,256076672.000000,0.527705,0,1
38,37,71,41,68,78,49,78,
392.000000,179.000000,0.069884,57252600.000000,0.105320,0,1
152,104,167,61,131,143,52,44,
252.000000,180.000000,0.035585,18028748.000000,0.181168,0,1
32,59,37,64,49,38,55,36,
530.000000,180.000000,0.123052,70798840.000000,0.390859,0,1
24,16,35,15,24,41,16,24,
273.000000,181.000000,0.039175,31406686.000000,0.600596,0,1
35,43,34,36,38,25,32,27,
310.000000,181.000000,0.048856,26791912.000000,0.080097,0,1
58,46,77,86,77,103,148,114,
382.000000,181.000000,0.086190,6126027.500000,0.060027,0,1
60,56,39,105,89,33,100,96,
566.000000,181.000000,0.116943,1307777408.000000,0.452140,0,1
187,194,105,195,124,37,145,67,
333.000000,182.000000,0.068499,16614838.000000,0.103233,0,1
52,66,70,90,93,111,128,121,
407.000000,182.000000,0.080904,30451484.000000,0.072357,0,1
105,146,103,53,61,49,56,111,
481.000000,182.000000,0.094465,141636480.000000,0.471408,0,1
18,27,25,22,58,19,51,81,
621.000000,182.000000,0.129239,1688274560.000000,0.663548,0,1
21,45,21,92,28,18,42,23,
576.000000,183.000000,0.121099,63706556.000000,0.497759,0,1
30,36,23,38,23,16,15,10,
654.000000,183.000000,0.139552,186169872.000000,0.835217,0,1
20,54,45,163,159,106,236,245,
236.000000,184.000000,0.029787,437847040.000000,0.170460,0,1
30,70,41,83,100,52,137,133,
593.000000,184.000000,0.123849,1946636544.000000,0.556228,0,1
83,69,196,26,144,203,52,45,
196.000000,185.000000,0.021942,9032258.000000,0.058241,0,1
11,15,16,26,30,34,48,49,
201.000000,186.000000,0.020960,27185118.000000,0.054185,0,1
19,54,27,81,58,31,41,38,
359.000000,186.000000,0.067082,30787716.000000,0.101098,0,1
81,47,57,28,56,53,33,42,
463.000000,186.000000,0.086558,71371824.000000,0.155753,0,1
21,34,22,88,61,32,104,120,
374.000000,187.000000,0.065376,208389680.000000,0.398038,0,1
31,72,33,68,73,31,115,101,
490.000000,188.000000,0.095646,180205936.000000,0.221566,0,1
20,20,30,24,56,95,83,152,
555.000000,188.000000,0.112381,147351952.000000,0.409043,0,1
154,136,173,56,112,171,26,20,
602.000000,188.000000,0.125718,299499584.000000,0.592406,0,1
216,166,183,34,95,188,24,21,
385.000000,189.000000,0.062373,3476074.500000,0.047659,0,1
61,37,104,31,64,84,36,59,
396.000000,189.000000,0.070785,39939800.000000,0.097501,0,1
60,137,44,156,85,50,148,74,
463.000000,189.000000,0.091269,14029508.000000,0.141060,0,1
113,109,100,48,58,53,34,67,
495.000000,189.000000,0.097719,322255296.000000,0.415968,0,1
21,44,19,101,28,18,59,28,
554.000000,189.000000,0.112070,105653832.000000,0.405940,0,1
136,56,112,37,26,79,25,18,
602.000000,189.000000,0.126095,306340864.000000,0.595088,0,1
174,53,145,21,33,134,20,19,
482.000000,190.000000,0.093356,55790284.000000,0.485138,0,1
49,26,51,21,42,64,33,41,
640.000000,190.000000,0.135358,70513424.000000,0.271630,0,1
184,127,172,33,105,138,22,19,
70.000000,192.000000,0.045536,5606712.500000,0.272872,0,1
78,74,75,68,70,69,64,62,
444.000000,192.000000,0.090765,79959640.000000,0.136923,0,1
55,105,36,121,68,41,110,73,
469.000000,193.000000,0.093338,70064248.000000,0.580748,0,1
26,39,28,51,50,22,58,36,
490.000000,193.000000,0.099600,84785648.000000,0.235626,0,1
152,123,150,59,86,87,36,50,
239.000000,194.000000,0.031871,65861396.000000,0.180132,0,1
32,31,29,38,49,43,58,55,
291.000000,194.000000,0.057703,5745639.000000,0.722590,0,1
48,44,31,25,15,13,12,12,
561.000000,194.000000,0.115589,198960400.000000,0.440343,0,1
166,95,184,23,104,180,23,18,
692.000000,194.000000,0.149556,3148903424.000000,0.834040,0,1
78,60,129,46,106,184,79,118,
405.000000,195.000000,0.074163,1158051328.000000,1.006815,0,1
72,123,47,130,86,41,108,60,
276.000000,197.000000,0.049508,15693757.000000,0.218569,0,1
45,61,54,45,33,20,17,12,
352.000000,197.000000,0.068469,13252768.000000,0.157014,0,1
62,60,55,38,53,46,33,38,
387.000000,197.000000,0.071631,428082848.000000,0.388383,0,1
78,150,61,184,140,65,134,66,
620.000000,197.000000,0.131438,1172654336.000000,0.586302,0,1
22,22,56,21,48,127,37,89,
659.000000,197.000000,0.141103,2711396096.000000,0.869759,0,1
187,180,122,190,130,65,119,49,
462.000000,198.000000,0.088848,291670400.000000,0.626649,0,1
115,44,126,34,62,89,36,42,
393.000000,199.000000,0.071210,51275040.000000,0.070168,0,1
72,111,150,101,151,195,97,64,
548.000000,199.000000,0.117289,34065768.000000,0.421036,0,1
21,16,39,14,24,54,21,26,
594.000000,199.000000,0.123821,961291904.000000,0.566206,0,1
19,42,22,110,52,20,112,80,
692.000000,199.000000,0.149847,2534628608.000000,0.840564,0,1
112,69,132,40,98,156,62,66,
48.000000,200.000000,0.055983,2790177.000000,0.275202,0,1
46,43,43,41,42,43,39,35,
456.000000,200.000000,0.086773,185184800.000000,0.234539,0,1
36,45,54,58,77,69,81,114,
584.000000,200.000000,0.119119,399937280.000000,0.515890,0,1
17,35,29,84,84,79,135,161,
675.000000,201.000000,0.143579,1200813184.000000,0.776353,0,1
23,65,28,153,74,29,143,119,
697.000000,202.000000,0.148611,48481004.000000,0.486713,0,1
217,154,201,42,89,177,23,19,
491.000000,203.000000,0.097892,311508352.000000,0.493080,0,1
129,82,123,38,100,77,43,39,
219.000000,204.000000,0.025666,249538656.000000,0.062635,0,1
45,127,44,227,147,46,226,158,
425.000000,204.000000,0.079015,170720336.000000,0.119543,0,1
30,47,40,108,93,87,136,116,
534.000000,204.000000,0.120233,17472468.000000,0.404785,0,1
20,25,23,33,30,33,40,46,
296.000000,206.000000,0.065689,34590644.000000,0.782873,0,1
9,10,10,12,13,14,23,46,
305.000000,206.000000,0.065401,55123288.000000,0.732401,0,1
9,10,10,19,22,25,40,55,
308.000000,206.000000,0.065266,63579376.000000,0.715599,0,1
9,11,12,24,26,28,45,57,
339.000000,206.000000,0.065978,54479276.000000,0.572370,0,1
55,37,34,50,49,57,74,81,
365.000000,206.000000,0.066372,146809648.000000,0.466079,0,1
20,26,21,51,38,26,58,62,
441.000000,206.000000,0.082427,117956520.000000,0.134581,0,1
32,31,31,75,53,36,138,175,
477.000000,206.000000,0.091261,385683360.000000,0.563861,0,1
39,52,57,79,72,108,99,121,
501.000000,206.000000,0.097091,173164352.000000,0.256658,0,1
43,91,33,117,73,31,115,127,
333.000000,207.000000,0.067476,48493528.000000,0.613029,0,1
55,36,49,50,56,65,62,78,
620.000000,207.000000,0.130211,1785080704.000000,0.679926,0,1
113,68,146,29,98,168,52,40,
633.000000,207.000000,0.132839,911719424.000000,0.734669,0,1
51,113,41,201,115,41,198,169,
665.000000,207.000000,0.143161,2814081792.000000,0.756744,0,1
53,29,97,18,60,137,36,66,
197.000000,209.000000,0.077483,61162704.000000,0.494497,0,1
24,14,29,17,22,31,13,21,
377.000000,209.000000,0.070190,136712112.000000,0.442955,0,1
28,30,25,59,52,42,83,95,
438.000000,209.000000,0.085743,159458944.000000,0.140357,0,1
158,156,171,79,102,134,51,45,
358.000000,210.000000,0.070516,125876928.000000,0.522977,0,1
50,62,60,78,77,76,91,102,
459.000000,210.000000,0.088769,40768908.000000,0.173748,0,1
45,56,40,168,116,74,199,173,
255.000000,211.000000,0.067394,8697250.000000,1.054762,0,1
11,13,13,19,22,24,31,32,
478.000000,211.000000,0.090926,154640480.000000,0.574796,0,1
127,136,82,129,86,46,89,73,
508.000000,211.000000,0.098614,168905824.000000,0.448490,0,1
38,53,39,88,71,39,92,91,
515.000000,213.000000,0.102794,144767072.000000,0.443780,0,1
89,63,123,37,88,111,35,31,
584.000000,214.000000,0.118559,382615488.000000,0.522029,0,1
178,156,128,107,87,71,54,29,
202.000000,216.000000,0.080930,4854696.500000,0.504859,0,1
31,28,28,21,20,19,18,22,
407.000000,216.000000,0.078417,245220768.000000,1.068256,0,1
25,31,25,59,51,40,82,83,
475.000000,216.000000,0.096102,129660160.000000,0.220502,0,1
177,151,164,85,117,141,50,42,
494.000000,216.000000,0.097089,330072352.000000,0.253229,0,1
35,42,52,91,108,117,177,199,
581.000000,216.000000,0.117947,564135360.000000,0.513093,0,1
101,64,59,43,39,30,30,26,
690.000000,216.000000,0.160411,28837676.000000,0.726281,0,1
99,71,73,31,39,45,21,18,
240.000000,217.000000,0.082991,1415302.625000,1.314529,0,1
19,18,21,19,26,30,29,29,
284.000000,217.000000,0.076297,2902303.250000,0.959493,0,1
51,42,45,49,52,56,54,54,
343.000000,217.000000,0.082005,33565208.000000,0.665734,0,1
98,94,96,90,92,94,76,80,
380.000000,217.000000,0.079152,81709144.000000,0.486850,0,1
71,65,68,79,74,76,88,96,
479.000000,217.000000,0.096040,75693040.000000,0.227408,0,1
153,146,150,70,98,122,45,39,
457.000000,220.000000,0.094277,20918016.000000,0.776377,0,1
24,20,19,43,31,25,51,36,
512.000000,220.000000,0.101262,131559104.000000,0.300970,0,1
29,56,42,177,139,102,219,210,
393.000000,221.000000,0.082321,148684176.000000,1.253448,0,1
82,87,88,100,97,93,112,114,
442.000000,221.000000,0.084422,6509083.500000,0.106592,0,1
43,47,94,20,77,83,22,22,
215.000000,223.000000,0.078317,1792465.125000,0.470160,0,1
15,15,17,19,21,25,25,27,
651.000000,223.000000,0.139025,160239872.000000,0.845483,0,1
22,42,28,74,55,33,81,86,
312.000000,224.000000,0.090485,10828282.000000,0.899022,0,1
61,61,62,59,58,61,51,57,
440.000000,225.000000,0.088130,145141728.000000,0.873541,0,1
27,50,40,70,61,52,71,59,
684.000000,225.000000,0.160932,1025537792.000000,0.888241,0,1
35,56,30,86,40,28,59,41,
409.000000,226.000000,0.087463,85271640.000000,1.145375,0,1
82,89,73,101,92,88,105,107,
532.000000,226.000000,0.125795,26482420.000000,0.444705,0,1
55,46,61,39,54,59,44,53,
675.000000,227.000000,0.146606,197482560.000000,0.578607,0,1
163,118,150,42,99,133,36,34,
627.000000,231.000000,0.134100,552387712.000000,0.670648,0,1
64,46,87,34,76,128,40,39,
511.000000,232.000000,0.108996,63026812.000000,0.573522,0,1
21,17,17,47,32,18,50,42,
656.000000,233.000000,0.139142,143929472.000000,0.513234,0,1
30,40,44,85,69,86,127,141,
665.000000,233.000000,0.135917,412298560.000000,0.770136,0,1
28,57,35,97,73,40,107,107,
583.000000,237.000000,0.122368,94501784.000000,0.560112,0,1
143,124,140,60,81,104,35,29,
607.000000,237.000000,0.127275,378110784.000000,0.649647,0,1
115,131,75,210,151,71,204,204,
496.000000,239.000000,0.103404,257371920.000000,0.647741,0,1
21,51,31,86,65,44,93,94,
459.000000,240.000000,0.104890,136415104.000000,0.250148,0,1
84,97,88,140,134,132,149,129,
545.000000,240.000000,0.122538,13231394.000000,0.573971,0,1
21,18,20,30,25,23,40,32,
622.000000,240.000000,0.130630,140901568.000000,0.714625,0,1
22,47,30,137,111,85,189,202,
447.000000,241.000000,0.105943,67762720.000000,0.238404,0,1
118,120,120,128,139,145,148,124,
553.000000,242.000000,0.122024,28463072.000000,0.575088,0,1
11,16,11,44,31,20,40,35,
448.000000,243.000000,0.109151,71802840.000000,0.251588,0,1
143,154,153,124,124,122,116,123,
487.000000,243.000000,0.109076,52751064.000000,0.310251,0,1
72,94,74,127,125,106,117,88,
511.000000,243.000000,0.107955,182241936.000000,0.622404,0,1
22,45,34,77,63,51,86,90,
611.000000,243.000000,0.130796,313827328.000000,0.688959,0,1
188,126,157,43,58,82,31,28,
614.000000,243.000000,0.131512,173009872.000000,0.701836,0,1
203,167,178,69,100,130,39,30,
287.000000,244.000000,0.105683,8748413.000000,1.202358,0,1
34,30,31,32,31,38,36,38,
485.000000,244.000000,0.108505,34556836.000000,0.306340,0,1
106,128,126,85,106,126,83,85,
434.000000,245.000000,0.112785,57165824.000000,0.247313,0,1
126,130,128,117,114,110,97,100,
568.000000,245.000000,0.126790,42016312.000000,0.594767,0,1
13,11,14,50,27,18,49,38,
625.000000,245.000000,0.135033,197655504.000000,0.758768,0,1
195,162,176,87,113,136,41,30,
501.000000,246.000000,0.112711,46242164.000000,0.351501,0,1
72,67,65,113,96,77,120,102,
404.000000,247.000000,0.114507,40397716.000000,1.456907,0,1
87,84,88,88,93,99,99,91,
578.000000,247.000000,0.128591,34453812.000000,0.613730,0,1
14,13,12,47,28,16,52,45,
666.000000,248.000000,0.141486,25477962.000000,0.549874,0,1
30,38,27,156,101,60,177,196,
375.000000,251.000000,0.117275,28257134.000000,1.844323,0,1
63,62,63,64,67,70,74,74,
542.000000,251.000000,0.118700,136132544.000000,0.619965,0,1
15,15,14,24,22,18,37,43,
593.000000,251.000000,0.134088,53723468.000000,0.670786,0,1
13,26,16,59,48,30,46,39,
594.000000,251.000000,0.134443,47976532.000000,0.675723,0,1
13,21,14,55,39,25,53,40,
658.000000,251.000000,0.143957,193526384.000000,0.933265,0,1
210,180,194,126,153,171,49,29,
692.000000,251.000000,0.158741,528361984.000000,0.943471,0,1
55,63,45,66,57,35,69,86,
386.000000,252.000000,0.118157,71807336.000000,1.704748,0,1
80,82,80,74,71,69,63,61,
512.000000,252.000000,0.118489,74918232.000000,0.701362,0,1
89,74,82,66,61,58,57,52,
377.000000,253.000000,0.119110,48915008.000000,1.834527,0,1
70,77,78,74,71,68,63,58,
530.000000,254.000000,0.120425,305434752.000000,0.663117,0,1
16,27,23,57,52,47,70,70,
366.000000,255.000000,0.120153,35641452.000000,2.003841,0,1
68,72,73,63,62,61,56,55,
676.000000,255.000000,0.151591,83733696.000000,0.621400,0,1
184,146,161,76,106,127,30,21,
344.000000,256.000000,0.120723,11952642.000000,0.962840,0,1
49,49,51,53,56,60,60,56,
357.000000,256.000000,0.120578,19572644.000000,0.878565,0,1
60,65,64,61,58,56,52,50,
618.000000,256.000000,0.141653,26373430.000000,0.736966,0,1
14,17,14,47,38,27,62,37,
418.000000,258.000000,0.125310,37120968.000000,1.407493,0,1
81,78,89,83,94,101,94,93,
547.000000,258.000000,0.125697,77712848.000000,0.518167,0,1
56,58,50,99,78,59,120,117,
573.000000,258.000000,0.125912,304988032.000000,0.658842,0,1
15,28,22,47,40,33,62,70,
627.000000,258.000000,0.144012,19326552.000000,0.759254,0,1
16,17,15,71,43,23,55,40,
472.000000,259.000000,0.126998,39065104.000000,0.973932,0,1
97,95,91,90,88,85,80,75,
549.000000,259.000000,0.126550,68786504.000000,0.528449,0,1
50,68,54,115,96,77,121,110,
440.000000,260.000000,0.130060,55551580.000000,1.228402,0,1
91,76,89,71,76,90,79,84,
441.000000,260.000000,0.130893,49243248.000000,1.223555,0,1
92,80,92,70,86,90,83,84,
557.000000,261.000000,0.128800,92292864.000000,0.561677,0,1
52,69,58,121,105,82,131,121,
321.000000,262.000000,0.125299,23987086.000000,1.136526,0,1
54,57,57,48,47,45,41,39,
595.000000,262.000000,0.131119,94730472.000000,0.705111,0,1
13,18,13,39,32,23,52,61,
314.000000,263.000000,0.126119,16931856.000000,1.195025,0,1
50,52,51,47,46,44,41,39,
616.000000,263.000000,0.124418,24703662.000000,0.258312,0,1
18,20,35,19,55,94,16,14,
543.000000,265.000000,0.134188,251956880.000000,0.593316,0,1
77,82,81,99,100,89,134,143,
611.000000,266.000000,0.135977,255712896.000000,0.755047,0,1
13,22,16,44,36,26,55,63,
485.000000,267.000000,0.136606,95985272.000000,0.581084,0,1
73,73,74,83,86,87,100,97,
663.000000,267.000000,0.151581,20678850.000000,0.882780,0,1
16,52,31,38,54,64,28,27,
669.000000,267.000000,0.156505,9374836.000000,0.923677,0,1
13,13,12,55,35,20,45,35,
278.000000,268.000000,0.129616,13142147.000000,1.511007,0,1
38,45,46,45,43,39,35,33,
390.000000,268.000000,0.135703,34373876.000000,1.833497,0,1
57,54,60,53,61,72,68,71,
535.000000,268.000000,0.136793,334627392.000000,0.562733,0,1
127,141,143,113,115,116,87,79,
584.000000,268.000000,0.136604,70963664.000000,0.684817,0,1
71,81,71,125,108,86,133,131,
257.000000,269.000000,0.131574,6376935.000000,1.698305,0,1
31,31,31,32,33,36,39,41,
440.000000,269.000000,0.138223,79971328.000000,1.310165,0,1
64,64,64,70,74,75,84,81,
451.000000,269.000000,0.138010,92820912.000000,1.214773,0,1
66,66,72,71,78,90,81,79,
503.000000,269.000000,0.136744,101561080.000000,0.491772,0,1
107,115,113,94,93,94,79,75,
468.000000,270.000000,0.137777,131833680.000000,0.428798,0,1
92,106,103,96,95,92,74,64,
486.000000,270.000000,0.137443,126113696.000000,0.596746,0,1
103,97,98,82,80,81,70,62,
567.000000,270.000000,0.139316,449364480.000000,0.660033,0,1
148,139,131,123,112,104,99,92,
448.000000,271.000000,0.138613,80160648.000000,1.256468,0,1
76,92,80,82,81,77,66,61,
560.000000,271.000000,0.140216,499124416.000000,0.648799,0,1
166,156,149,127,118,111,99,96,
584.000000,271.000000,0.138291,45063564.000000,0.699929,0,1
132,124,134,91,100,118,90,91,
256.000000,272.000000,0.134719,9868558.000000,1.732151,0,1
39,42,41,39,37,34,32,30,
371.000000,272.000000,0.139536,20657970.000000,2.137904,0,1
46,48,47,51,51,52,57,56,
416.000000,272.000000,0.139456,73449784.000000,1.570648,0,1
62,75,63,78,69,62,56,49,
431.000000,272.000000,0.139493,83526480.000000,1.417699,0,1
63,71,74,65,66,64,54,52,
402.000000,273.000000,0.139675,70963720.000000,1.732100,0,1
63,67,70,58,60,61,48,46,
550.000000,273.000000,0.142478,615624640.000000,0.639503,0,1
160,150,140,116,108,98,84,73,
332.000000,274.000000,0.139195,10923880.000000,1.188653,0,1
37,38,37,40,41,43,48,50,
333.000000,274.000000,0.139428,11278407.000000,1.179210,0,1
38,37,39,40,42,43,49,48,
386.000000,274.000000,0.139918,77470560.000000,1.938549,0,1
65,64,64,56,53,52,44,41,
358.000000,275.000000,0.139837,21343320.000000,2.349544,0,1
51,53,50,49,49,47,40,38,
612.000000,275.000000,0.143741,72641664.000000,0.821411,0,1
77,79,75,126,105,86,135,139,
671.000000,275.000000,0.141880,148211024.000000,0.474060,0,1
92,70,129,28,90,138,35,19,
214.000000,276.000000,0.137620,16183746.000000,2.182059,0,1
21,20,22,22,24,29,34,32,
294.000000,276.000000,0.140362,10357728.000000,1.457328,0,1
32,32,32,35,35,37,40,41,
303.000000,276.000000,0.140249,13365542.000000,1.399501,0,1
33,33,35,40,41,42,44,42,
349.000000,276.000000,0.140695,23848206.000000,1.080649,0,1
52,52,51,46,46,43,41,39,
274.000000,277.000000,0.140673,10801210.000000,1.628693,0,1
30,29,28,32,32,32,38,37,
281.000000,277.000000,0.140717,13228524.000000,1.578633,0,1
30,29,29,34,36,37,40,38,
320.000000,277.000000,0.141103,13184610.000000,1.280168,0,1
44,46,46,43,42,41,36,35,
513.000000,277.000000,0.147253,74599760.000000,0.649898,0,1
73,70,80,81,90,95,101,106,
692.000000,277.000000,0.160772,173893008.000000,1.020966,0,1
21,24,24,49,53,52,61,79,
197.000000,278.000000,0.139337,11328962.000000,2.380624,0,1
20,21,21,23,24,26,32,36,
503.000000,278.000000,0.148407,93951664.000000,0.978142,0,1
62,63,61,64,69,76,87,106,
506.000000,278.000000,0.147832,100162840.000000,0.963317,0,1
60,61,65,73,81,88,97,103,
242.000000,279.000000,0.140706,24698596.000000,1.922783,0,1
20,20,22,28,29,33,34,33,
243.000000,279.000000,0.140984,27739942.000000,1.909411,0,1
23,20,26,28,31,35,35,32,
284.000000,279.000000,0.142301,12594471.000000,1.554461,0,1
37,40,41,38,37,37,32,30,
297.000000,279.000000,0.142077,14395789.000000,1.450661,0,1
42,41,41,37,36,35,32,31,
306.000000,279.000000,0.141918,16414269.000000,1.382282,0,1
45,40,40,34,34,33,32,33,
528.000000,279.000000,0.145927,114783496.000000,0.887057,0,1
87,66,63,55,55,56,52,54,
615.000000,279.000000,0.147551,23694206.000000,0.608160,0,1
132,130,139,97,110,126,91,92,
627.000000,279.000000,0.148900,32976310.000000,0.635338,0,1
77,82,75,122,99,77,136,139,
630.000000,279.000000,0.149399,20640166.000000,0.642279,0,1
82,72,71,87,71,67,121,130,
203.000000,280.000000,0.141942,14290531.000000,2.334110,0,1
31,35,33,32,29,27,23,21,
222.000000,280.000000,0.141326,27346120.000000,2.127108,0,1
23,21,23,27,28,30,34,30,
228.000000,280.000000,0.141712,30671346.000000,2.070513,0,1
21,24,24,32,33,34,36,28,
268.000000,280.000000,0.143243,12890708.000000,1.707306,0,1
37,39,39,35,35,34,29,29,
270.000000,280.000000,0.142964,14482161.000000,1.689640,0,1
37,39,38,35,34,34,29,29,
498.000000,280.000000,0.149604,102519232.000000,0.438537,0,1
56,65,54,88,86,84,109,115,
256.000000,281.000000,0.143487,10692373.000000,1.810203,0,1
38,37,37,32,32,32,29,28,
191.000000,282.000000,0.143639,14505088.000000,2.492532,0,1
33,34,34,31,29,27,23,24,
506.000000,282.000000,0.150364,114036328.000000,0.677979,0,1
103,104,101,95,84,75,70,60,
477.000000,284.000000,0.153585,112454064.000000,0.708136,0,1
48,41,59,56,68,83,89,106,
467.000000,286.000000,0.155776,66429148.000000,1.259670,0,1
61,62,67,71,77,88,92,101,
458.000000,287.000000,0.158296,45983124.000000,1.342200,0,1
56,56,58,59,63,68,73,92,
657.000000,287.000000,0.158660,26146046.000000,0.730872,0,1
58,66,59,101,83,66,116,117,
476.000000,288.000000,0.155055,52080864.000000,0.732358,0,1
106,108,105,98,94,82,79,68,
477.000000,288.000000,0.154819,50482148.000000,0.730742,0,1
106,107,101,98,88,77,76,66,
647.000000,288.000000,0.156650,31685632.000000,0.707751,0,1
123,110,118,86,94,102,81,82,
188.000000,289.000000,0.148855,48057152.000000,2.603735,0,1
26,33,22,33,29,20,32,34,
653.000000,289.000000,0.158114,24113864.000000,0.726020,0,1
115,118,119,92,108,117,80,79,
344.000000,290.000000,0.152980,15239184.000000,2.751009,0,1
37,41,35,38,32,28,28,26,
531.000000,290.000000,0.156869,29586668.000000,0.978219,0,1
55,52,52,41,49,50,42,45,
542.000000,290.000000,0.158062,22403530.000000,0.955330,0,1
50,49,51,42,44,51,41,44,
336.000000,293.000000,0.155105,19845924.000000,1.293632,0,1
43,42,39,39,34,29,29,26,
332.000000,295.000000,0.156741,16892328.000000,1.334121,0,1
40,38,34,35,30,27,27,24,
317.000000,296.000000,0.168651,5102427.000000,1.494098,0,1
23,23,24,24,27,32,31,35,
414.000000,296.000000,0.172680,13160816.000000,1.875266,0,1
42,42,42,37,44,49,49,70,
563.000000,296.000000,0.159345,31572066.000000,0.977401,0,1
65,62,64,58,57,62,54,55,
586.000000,296.000000,0.153341,8913258.000000,0.935040,0,1
85,78,82,72,73,77,69,68,
472.000000,297.000000,0.138031,7497590.500000,1.230171,0,1
54,51,55,37,51,55,44,50,
682.000000,297.000000,0.164521,6869110.000000,0.827268,0,1
111,110,112,77,87,98,76,77,
193.000000,298.000000,0.159078,46629136.000000,2.648588,0,1
22,29,21,33,26,20,32,30,
434.000000,298.000000,0.160797,49967124.000000,1.631082,0,1
80,67,61,54,49,49,45,43,
316.000000,297.000000,0.138975,16312982.000000,1.374985,0,1
23,24,27,25,31,35,32,33,
452.000000,289.000000,0.159751,81231984.000000,1.407918,0,1
54,54,60,57,68,76,76,85,
660.000000,288.000000,0.159292,28290064.000000,0.738313,0,1
55,66,58,107,90,75,115,116,
340.000000,287.000000,0.161276,10622032.000000,2.811449,0,1
30,29,31,29,33,38,37,40,
177.000000,287.000000,0.148742,111622720.000000,2.726305,0,1
32,23,28,15,23,33,17,24,
364.000000,282.000000,0.145256,26389154.000000,2.327004,0,1
47,49,47,46,41,37,35,33,
373.000000,279.000000,0.141996,67258696.000000,2.156619,0,1
53,52,49,49,44,39,39,36,
289.000000,279.000000,0.142482,13207811.000000,1.515285,0,1
39,40,41,37,37,37,32,30,
623.000000,278.000000,0.147937,30960420.000000,0.620488,0,1
80,88,78,122,104,88,137,137,
600.000000,272.000000,0.141312,86944968.000000,0.765387,0,1
72,82,72,121,105,89,135,133,
263.000000,271.000000,0.133744,10739594.000000,1.652230,0,1
41,43,42,40,36,33,32,30,
416.000000,68.000000,0.143700,3541097.750000,1.328627,0,1
17,15,15,15,14,14,15,15,
592.000000,270.000000,0.139281,93003096.000000,0.726559,0,1
67,77,69,127,108,88,137,135,
692.000000,269.000000,0.159516,456331392.000000,0.987779,0,1
48,57,37,61,48,25,57,49,
588.000000,269.000000,0.137530,76392960.000000,0.702799,0,1
69,78,68,126,107,86,136,139,
232.000000,268.000000,0.130188,6789974.500000,1.902377,0,1
30,28,30,25,27,29,25,23,
515.000000,266.000000,0.135994,129997440.000000,0.575408,0,1
78,78,77,94,92,89,119,112,
301.000000,265.000000,0.128182,10452235.000000,1.299273,0,1
48,50,49,45,42,41,39,37,
282.000000,265.000000,0.128249,12499256.000000,1.450554,0,1
34,26,35,31,35,40,43,45,
406.000000,262.000000,0.129336,33326224.000000,1.578618,0,1
68,69,72,65,75,84,80,89,
68.000000,78.000000,0.213571,18708338.000000,1.691480,0,1
22,22,18,22,17,12,21,17,
77.000000,79.000000,0.212538,17624062.000000,1.635248,0,1
22,15,22,12,18,23,13,16,
144.000000,79.000000,0.201802,13502828.000000,3.356000,0,1
23,20,23,13,20,23,13,12,
323.000000,259.000000,0.124283,14082983.000000,1.107526,0,1
44,44,44,44,48,52,56,56,
387.000000,252.000000,0.117974,75354936.000000,1.690284,0,1
83,81,82,73,68,68,62,62,
519.000000,246.000000,0.116915,116415720.000000,0.402324,0,1
34,57,32,73,53,25,70,51,
460.000000,245.000000,0.111320,125106872.000000,0.277836,0,1
160,170,158,164,144,122,136,130,
642.000000,244.000000,0.135271,152744896.000000,0.808214,0,1
52,78,50,189,169,135,214,212,
288.000000,244.000000,0.105919,9366162.000000,1.196835,0,1
35,28,37,31,34,39,37,37,
575.000000,235.000000,0.122633,93191432.000000,0.540465,0,1
102,109,127,65,99,125,41,30,
585.000000,233.000000,0.122126,201245456.000000,0.559779,0,1
19,29,22,82,65,50,122,143,
563.000000,233.000000,0.118729,521105440.000000,0.511350,0,1
135,118,126,48,70,95,33,29,
490.000000,233.000000,0.100249,18779330.000000,0.168509,0,1
95,119,138,42,75,112,21,19,
472.000000,227.000000,0.093193,82480240.000000,0.219515,0,1
45,52,38,86,66,30,70,31,
443.000000,225.000000,0.088305,123324536.000000,0.851559,0,1
22,35,29,56,48,32,64,60,
593.000000,98.000000,0.125729,1204542848.000000,0.459720,0,1
53,138,55,241,130,38,213,101,
462.000000,224.000000,0.093357,186709712.000000,0.736400,0,1
51,38,43,38,54,43,69,66,
615.000000,219.000000,0.129205,1016524736.000000,0.602023,0,1
90,83,158,67,131,169,93,121,
427.000000,218.000000,0.081995,36893336.000000,0.131860,0,1
58,74,85,27,42,51,23,35,
486.000000,215.000000,0.095843,96569496.000000,0.235835,0,1
25,29,27,83,58,42,125,141,
251.000000,212.000000,0.068319,4830407.000000,1.085188,0,1
12,15,18,21,26,29,29,31,
347.000000,210.000000,0.069436,38186148.000000,0.563670,0,1
70,73,73,85,85,85,94,102,
451.000000,209.000000,0.090558,161076384.000000,0.166071,0,1
113,113,142,101,179,212,121,138,
444.000000,209.000000,0.089362,36712836.000000,0.095968,0,1
73,169,59,166,126,61,92,46,
569.000000,108.000000,0.118080,1680038016.000000,0.465664,0,1
223,129,253,38,177,254,47,48,
278.000000,209.000000,0.066213,37179444.000000,0.890774,0,1
10,13,14,28,34,38,44,50,
176.000000,208.000000,0.079064,13392738.000000,0.552559,0,1
14,11,18,11,12,20,11,13,
422.000000,207.000000,0.083694,420192032.000000,0.944603,0,1
122,71,94,45,49,56,42,39,
321.000000,207.000000,0.066142,102425488.000000,0.658413,0,1
15,27,26,48,48,47,62,70,
303.000000,207.000000,0.065208,68960296.000000,0.741998,0,1
10,18,20,34,38,42,52,60,
317.000000,206.000000,0.065844,74728616.000000,0.675496,0,1
11,14,14,28,27,28,45,60,
555.000000,205.000000,0.111753,93500696.000000,0.416057,0,1
23,32,23,58,40,22,55,29,
234.000000,205.000000,0.030087,69255784.000000,0.068069,0,1
54,61,46,90,75,41,64,24,
198.000000,205.000000,0.078485,29638086.000000,0.495042,0,1
17,17,20,14,25,27,24,29,
480.000000,116.000000,0.134823,5883307.500000,0.521383,0,1
15,21,21,35,36,33,47,46,
504.000000,116.000000,0.127303,11274596.000000,0.339125,0,1
17,23,24,53,49,47,68,72,
513.000000,116.000000,0.126333,11185763.000000,0.358489,0,1
15,22,22,41,38,36,55,51,
377.000000,198.000000,0.070771,279147232.000000,0.425099,0,1
110,55,77,34,37,43,32,29,
272.000000,198.000000,0.048808,12491969.000000,0.739530,0,1
54,58,51,41,30,21,16,12,
487.000000,124.000000,0.096311,153340016.000000,0.208735,0,1
236,249,114,146,135,30,37,22,
190.000000,125.000000,0.077557,178165632.000000,0.491384,0,1
13,15,13,29,16,13,40,34,
326.000000,128.000000,0.053984,170761328.000000,0.081358,0,1
30,53,102,49,219,218,113,158,
393.000000,182.000000,0.074320,48482120.000000,0.112417,0,1
84,44,48,72,98,86,119,167,
304.000000,182.000000,0.049034,40753096.000000,0.073898,0,1
92,129,110,66,80,121,45,42,
495.000000,129.000000,0.098220,116566000.000000,0.226931,0,1
38,76,112,133,187,232,247,255,
427.000000,181.000000,0.079520,96108952.000000,0.092339,0,1
25,29,46,44,98,67,129,152,
188.000000,130.000000,0.077486,147150480.000000,0.495363,0,1
75,58,56,31,36,32,15,18,
378.000000,130.000000,0.067136,157644800.000000,0.101179,0,1
227,130,205,54,179,84,70,38,
554.000000,179.000000,0.114493,528475008.000000,0.293297,0,1
20,21,55,34,64,143,103,171,
443.000000,176.000000,0.079306,74574704.000000,0.109076,0,1
23,25,25,31,53,27,102,117,
251.000000,172.000000,0.034989,287218560.000000,0.177941,0,1
85,77,105,40,58,69,25,24,
692.000000,171.000000,0.149747,17691488.000000,0.815451,0,1
103,52,55,20,20,20,17,16,
683.000000,171.000000,0.141568,32837114.000000,0.764440,0,1
104,35,40,19,20,20,17,17,
364.000000,136.000000,0.063880,465861600.000000,0.400731,0,1
30,105,38,230,140,34,231,150,
144.000000,137.000000,0.057373,830645312.000000,0.200780,0,1
226,255,137,216,178,56,151,61,
318.000000,137.000000,0.050272,203808736.000000,0.075763,0,1
49,143,50,187,165,29,253,186,
494.000000,138.000000,0.097968,332209792.000000,0.222770,0,1
247,151,254,35,168,252,37,32,
561.000000,138.000000,0.117771,259288736.000000,0.263789,0,1
238,134,251,34,136,252,32,35,
665.000000,169.000000,0.139842,9597813.000000,0.578162,0,1
130,117,128,44,51,57,19,17,
102.000000,143.000000,0.021109,100004896.000000,0.071276,0,1
34,52,46,122,108,49,234,235,
390.000000,165.000000,0.066939,8455417.000000,0.030998,0,1
26,34,28,74,82,30,120,98,
122.000000,164.000000,0.021379,2756862208.000000,0.212086,0,1
93,78,216,48,136,231,65,52,
548.000000,162.000000,0.119907,78269856.000000,0.415912,0,1
25,20,33,16,31,53,19,24,
155.000000,162.000000,0.038030,343760320.000000,0.313696,0,1
57,72,37,60,45,29,39,32,
341.000000,161.000000,0.067774,22409132.000000,0.149446,0,1
21,21,20,26,38,21,60,124,
94.000000,147.000000,0.022156,1200056576.000000,0.088345,0,1
90,217,119,247,167,77,162,88,
170.000000,161.000000,0.079980,56743956.000000,0.558400,0,1
25,26,37,26,35,36,29,37,
384.000000,148.000000,0.069891,274090048.000000,0.341693,0,1
32,63,36,121,103,32,164,149,
431.000000,149.000000,0.078195,129092200.000000,0.119377,0,1
36,128,35,242,138,28,254,222,
538.000000,150.000000,0.118061,80518888.000000,0.382392,0,1
30,38,22,46,31,18,41,31,
439.000000,296.000000,0.162592,66203972.000000,1.576635,0,1
85,83,79,72,67,61,54,48,
190.000000,293.000000,0.152861,66282160.000000,2.617219,0,1
24,33,22,34,29,21,33,33,
468.000000,153.000000,0.089812,90532976.000000,0.157769,0,1
155,144,74,57,74,32,40,28,
489.000000,285.000000,0.153817,105977968.000000,0.703802,0,1
108,107,108,97,94,90,71,55,
359.000000,284.000000,0.147129,30584236.000000,2.427653,0,1
48,47,46,43,39,33,34,31,
198.000000,161.000000,0.076711,144875344.000000,0.469391,0,1
19,26,16,44,20,14,30,19,
386.000000,269.000000,0.136387,30872948.000000,1.892970,0,1
53,51,51,51,53,62,59,65,
412.000000,260.000000,0.127310,32663474.000000,1.488279,0,1
73,72,77,74,85,93,87,89,
539.000000,256.000000,0.122758,204093568.000000,0.526286,0,1
42,53,48,85,75,63,104,103,
458.000000,239.000000,0.103029,170078240.000000,0.404488,0,1
85,93,84,105,97,88,140,149,
534.000000,236.000000,0.120654,22969974.000000,0.445909,0,1
53,54,49,45,49,44,45,37,
431.000000,167.000000,0.082177,143841920.000000,0.778443,0,1
24,24,27,27,70,51,83,173,
530.000000,167.000000,0.122986,120087400.000000,0.385232,0,1
29,17,43,14,27,50,16,27,
593.000000,234.000000,0.123252,790193408.000000,0.586732,0,1
23,28,29,75,69,74,139,170,
191.000000,141.000000,0.077291,179253744.000000,0.486867,0,1
20,36,12,41,23,11,37,23,
296.000000,139.000000,0.047063,121229488.000000,0.055718,0,1
30,36,92,34,146,177,108,223,
416.000000,218.000000,0.081248,310318080.000000,1.011206,0,1
20,28,21,55,45,34,80,89,
495.000000,216.000000,0.097290,379687104.000000,0.255477,0,1
39,45,71,101,112,115,194,209,
265.000000,210.000000,0.065908,18507000.000000,0.960580,0,1
11,14,17,22,26,30,36,41,
632.000000,107.000000,0.134134,4031653120.000000,0.728383,0,1
111,195,67,255,143,46,247,167,
432.000000,173.000000,0.080710,135203264.000000,0.208213,0,1
186,193,145,67,135,93,36,28,
141.000000,135.000000,0.056210,1695450496.000000,0.468019,0,1
36,42,71,52,160,232,72,112,
384.000000,208.000000,0.069392,41087580.000000,0.131882,0,1
44,73,37,37,51,24,29,42,
430.000000,207.000000,0.083784,193750528.000000,0.126269,0,1
176,166,186,100,128,156,58,45,
219.000000,207.000000,0.027720,127549792.000000,0.068334,0,1
205,174,74,88,91,57,46,27,
232.000000,206.000000,0.030131,86462992.000000,0.069161,0,1
71,79,91,47,68,50,38,19,
418.000000,202.000000,0.078782,41999776.000000,0.110837,0,1
87,92,49,154,87,50,153,143,
403.000000,199.000000,0.076008,58772980.000000,0.110925,0,1
99,112,67,207,133,51,199,177,
260.000000,199.000000,0.036926,85055240.000000,0.183665,0,1
93,94,95,58,72,66,57,29,
440.000000,195.000000,0.082035,330379584.000000,0.752356,0,1
120,107,117,68,64,110,37,32,
456.000000,191.000000,0.091854,49494700.000000,0.114273,0,1
29,33,63,24,93,118,56,94,
363.000000,125.000000,0.062447,108423576.000000,0.101920,0,1
29,27,61,23,92,155,69,239,
456.000000,131.000000,0.086389,80877856.000000,0.133478,0,1
27,53,36,188,157,43,255,253,
295.000000,180.000000,0.047834,335871520.000000,0.601244,0,1
91,85,109,55,81,90,47,40,
