# timestamp
1608635321735257344

# fx, fy, cx, cy, width, height, npoints
501.494873,501.474945,421.769806,167.671494,800,400,556

# camToWorld: translation vector, rotation quaternion
2.130000,23.267281,1.020326,0.461487,-0.555933,0.526819,-0.447693

# Exposure time (ms)
0.456916

# GPS Data
# GPSData: Covariance matrix
0.000126,0.000000,0.000000,0.000000,0.000196,0.000000,0.000000,0.000000,0.000827

# GPSData: GPS point
19.915879,-0.540192,0.191166

# Point Cloud Data : 
# u,v,idepth_scaled,idepth_hessian,maxRelBaseline,numGoodRes,status 
# color information 
72.000000,240.000000,0.101681,9130245.000000,1.581226,0,1
41,42,43,43,44,45,44,45,
201.000000,7.000000,0.017927,7059514368.000000,0.179882,0,1
47,72,68,137,124,117,203,206,
66.000000,16.000000,0.061259,399258016.000000,0.949467,0,1
34,42,25,47,36,23,42,36,
96.000000,17.000000,0.049434,36093560.000000,0.190200,0,1
29,38,22,44,29,19,39,30,
95.000000,26.000000,0.050828,348105216.000000,1.182653,0,1
41,47,32,48,40,24,46,41,
75.000000,29.000000,0.049980,11705296.000000,0.200941,0,1
25,21,30,17,25,31,20,25,
67.000000,31.000000,0.060536,44501540.000000,0.239988,0,1
33,40,25,46,32,22,40,32,
117.000000,33.000000,0.043910,34299592.000000,0.158857,0,1
29,42,28,48,30,29,43,31,
67.000000,34.000000,0.060537,42928128.000000,0.239926,0,1
32,39,25,45,32,22,39,32,
75.000000,34.000000,0.049740,11917028.000000,0.199959,0,1
25,20,29,18,25,31,20,24,
75.000000,40.000000,0.049792,11599491.000000,0.199397,0,1
24,20,29,17,23,31,19,23,
74.000000,50.000000,0.052060,7780633.000000,0.203394,0,1
19,20,23,34,25,28,39,42,
92.000000,52.000000,0.050336,322899840.000000,1.119540,0,1
42,39,48,36,42,48,39,43,
81.000000,55.000000,0.055451,24866958.000000,1.221406,0,1
34,38,35,43,41,36,45,46,
97.000000,57.000000,0.049562,35882708.000000,0.183126,0,1
33,41,25,47,33,20,42,35,
106.000000,70.000000,0.049166,34484800.000000,0.995473,0,1
32,34,33,43,37,35,45,45,
77.000000,76.000000,0.056044,20618540.000000,0.770785,0,1
45,36,44,21,29,41,19,18,
82.000000,78.000000,0.052956,120782216.000000,0.724946,0,1
45,38,43,23,32,40,20,19,
68.000000,79.000000,0.059861,1087435520.000000,1.283589,0,1
33,42,26,46,33,21,42,32,
86.000000,80.000000,0.052284,93352480.000000,0.705654,0,1
44,36,43,22,32,42,20,19,
68.000000,82.000000,0.059964,1079942144.000000,1.279011,0,1
33,42,23,47,33,19,42,34,
90.000000,82.000000,0.050468,184924144.000000,0.677561,0,1
45,36,44,21,29,40,19,19,
104.000000,87.000000,0.047583,52707608.000000,0.613572,0,1
47,46,47,34,44,48,29,24,
69.000000,88.000000,0.060440,722117568.000000,0.805898,0,1
27,37,23,42,26,17,36,28,
93.000000,88.000000,0.050468,857991552.000000,1.039279,0,1
37,31,45,27,38,48,32,38,
103.000000,88.000000,0.045120,7441448.000000,0.166507,0,1
46,34,44,22,29,40,20,19,
72.000000,90.000000,0.060543,10893159.000000,0.231935,0,1
13,18,14,24,18,15,24,17,
69.000000,98.000000,0.060281,600485568.000000,0.793874,0,1
33,38,23,46,33,21,40,34,
94.000000,98.000000,0.049688,309963232.000000,1.011452,0,1
44,36,46,33,43,48,37,43,
69.000000,107.000000,0.060220,551273088.000000,1.237767,0,1
37,42,31,46,34,25,42,35,
94.000000,112.000000,0.050414,427088736.000000,0.999689,0,1
41,35,46,33,39,48,35,40,
69.000000,114.000000,0.060120,485276384.000000,1.229116,0,1
37,43,31,47,37,28,43,37,
72.000000,121.000000,0.059749,19662064.000000,0.228071,0,1
24,28,20,36,22,21,26,19,
99.000000,124.000000,0.049082,895576320.000000,0.601616,0,1
36,43,29,49,37,23,46,39,
70.000000,126.000000,0.059959,586630208.000000,0.768562,0,1
27,39,23,46,30,19,40,31,
98.000000,128.000000,0.049077,269936672.000000,0.453198,0,1
45,41,32,49,42,26,49,45,
99.000000,136.000000,0.048998,1017291904.000000,0.596726,0,1
36,47,28,50,37,22,48,37,
95.000000,138.000000,0.050105,404000480.000000,0.616518,0,1
45,38,49,34,43,50,37,44,
95.000000,145.000000,0.050252,448145216.000000,0.971825,0,1
42,36,48,33,42,51,36,41,
72.000000,151.000000,0.059196,39186244.000000,0.223273,0,1
24,30,21,42,24,21,31,25,
71.000000,155.000000,0.059648,507104320.000000,0.760089,0,1
32,41,25,48,33,21,43,34,
100.000000,158.000000,0.048926,749510592.000000,0.593897,0,1
36,44,27,49,36,23,45,37,
72.000000,159.000000,0.059852,165863920.000000,0.570453,0,1
27,34,22,43,27,21,35,27,
72.000000,164.000000,0.059728,213633312.000000,0.570471,0,1
28,37,21,45,29,21,37,29,
72.000000,182.000000,0.059517,840485696.000000,1.199676,0,1
35,44,26,50,37,23,45,39,
72.000000,184.000000,0.059427,764898816.000000,1.200588,0,1
37,45,28,50,39,25,45,41,
97.000000,189.000000,0.049798,293375424.000000,0.977248,0,1
45,38,46,32,36,41,32,33,
68.000000,196.000000,0.060440,407547264.000000,0.801393,0,1
49,44,52,38,45,46,35,37,
90.000000,201.000000,0.056628,63457196.000000,1.092792,0,1
35,27,29,29,37,46,44,48,
71.000000,207.000000,0.062189,87098952.000000,1.258364,0,1
29,25,25,26,30,38,35,41,
70.000000,208.000000,0.063376,105065680.000000,1.275968,0,1
25,26,30,30,35,40,39,41,
140.000000,256.000000,0.126877,2440087.750000,1.298031,0,1
49,49,49,50,51,52,49,51,
160.000000,273.000000,0.144644,1800604.000000,1.312959,0,1
52,53,51,52,48,42,50,46,
191.000000,19.000000,0.018250,3790303488.000000,0.441603,0,1
51,46,57,41,52,69,46,53,
141.000000,23.000000,0.034811,213944336.000000,0.811987,0,1
40,30,42,28,35,39,28,35,
150.000000,25.000000,0.034241,243851008.000000,0.767342,0,1
36,38,43,33,41,46,32,34,
237.000000,27.000000,0.004826,222744496.000000,0.119067,0,1
228,232,227,227,226,224,223,220,
168.000000,32.000000,0.029251,111551392.000000,0.625692,0,1
41,47,38,48,41,36,47,41,
141.000000,33.000000,0.033672,200203840.000000,0.765901,0,1
35,32,42,34,35,42,31,35,
311.000000,39.000000,0.001738,556553024.000000,0.040113,0,1
188,188,189,195,196,198,205,213,
327.000000,42.000000,0.003406,70027992.000000,0.025038,0,1
198,199,203,203,207,213,211,216,
330.000000,42.000000,0.003783,39869168.000000,0.015965,0,1
199,204,208,211,216,217,221,226,
337.000000,42.000000,0.002032,100802424.000000,0.015456,0,1
206,209,212,218,217,214,224,224,
378.000000,42.000000,0.001091,261583680.000000,0.028284,0,1
201,209,204,212,208,209,213,215,
145.000000,44.000000,0.034291,348810208.000000,0.730224,0,1
33,36,26,42,31,24,38,31,
293.000000,44.000000,0.001137,1810280832.000000,0.024742,0,1
189,196,195,204,204,204,208,214,
524.000000,46.000000,0.006663,212295696.000000,0.329947,0,1
171,171,172,171,174,174,175,178,
530.000000,46.000000,0.002262,518557696.000000,0.124637,0,1
172,173,171,174,175,172,177,180,
142.000000,50.000000,0.033255,186783520.000000,0.718597,0,1
40,33,44,30,39,40,33,36,
191.000000,50.000000,0.018404,1728771328.000000,0.373457,0,1
48,43,53,43,48,56,43,48,
363.000000,50.000000,0.002925,115302104.000000,0.082990,0,1
211,210,211,211,214,217,221,225,
145.000000,51.000000,0.034438,335244704.000000,0.713063,0,1
32,40,27,39,33,25,37,33,
242.000000,51.000000,0.003315,42940588.000000,0.069388,0,1
205,207,208,213,211,212,218,219,
453.000000,51.000000,0.013943,153162752.000000,0.450213,0,1
194,193,192,189,188,187,184,183,
359.000000,52.000000,0.002313,177461312.000000,0.058124,0,1
210,207,213,207,215,222,215,216,
426.000000,52.000000,0.008021,236364096.000000,0.237595,0,1
199,199,198,196,196,197,193,189,
649.000000,55.000000,0.045832,11289780.000000,0.141843,0,1
145,149,137,150,140,138,146,144,
141.000000,57.000000,0.034723,139280448.000000,0.716158,0,1
31,32,32,36,35,34,39,43,
370.000000,57.000000,0.000187,647658048.000000,0.006612,0,1
222,217,217,211,212,209,205,201,
155.000000,58.000000,0.035817,139749120.000000,0.675320,0,1
43,45,41,36,38,42,29,32,
133.000000,59.000000,0.036478,165330768.000000,0.766648,0,1
41,47,37,45,42,36,49,44,
246.000000,60.000000,0.001064,3777521.750000,0.006313,0,1
222,222,220,215,216,217,210,205,
652.000000,60.000000,0.047275,24055856.000000,0.148878,0,1
137,137,142,140,128,140,125,119,
123.000000,61.000000,0.036478,34566372.000000,0.204030,0,1
32,25,33,16,26,34,19,27,
327.000000,62.000000,0.021245,265311568.000000,0.090164,0,1
98,73,82,118,136,122,185,186,
332.000000,62.000000,0.020937,524993376.000000,0.086541,0,1
106,62,58,94,95,110,164,188,
331.000000,66.000000,0.021167,195276400.000000,0.050878,0,1
169,132,185,147,161,183,127,153,
664.000000,67.000000,0.050514,11929780.000000,0.180076,0,1
142,142,135,140,130,133,136,123,
495.000000,68.000000,0.059348,185489120.000000,0.093189,0,1
138,155,70,153,100,62,97,66,
140.000000,69.000000,0.034338,213736800.000000,0.688863,0,1
38,32,41,31,36,42,31,33,
606.000000,71.000000,0.017669,31124310.000000,0.044404,0,1
148,146,146,135,138,144,113,128,
599.000000,72.000000,0.018291,85294072.000000,0.043332,0,1
146,138,130,121,93,93,86,107,
600.000000,72.000000,0.018568,71138928.000000,0.041596,0,1
145,133,130,106,88,102,71,86,
608.000000,72.000000,0.018225,24745628.000000,0.047227,0,1
146,143,145,124,143,145,141,143,
665.000000,74.000000,0.047383,22493752.000000,0.152182,0,1
121,118,124,118,122,130,118,127,
118.000000,75.000000,0.043358,144822640.000000,0.562044,0,1
32,42,27,48,33,30,43,42,
131.000000,76.000000,0.036568,153720640.000000,0.734746,0,1
41,37,46,35,41,46,37,40,
290.000000,76.000000,0.000438,1551965056.000000,0.006925,0,1
192,190,188,181,182,181,174,167,
384.000000,76.000000,0.000498,896197632.000000,0.014370,0,1
195,195,193,186,186,184,179,174,
380.000000,77.000000,0.000752,1446161664.000000,0.017297,0,1
191,187,186,180,179,178,174,172,
165.000000,78.000000,0.030615,287091776.000000,0.534090,0,1
40,30,45,32,42,48,32,45,
304.000000,78.000000,0.000218,1986937344.000000,0.003567,0,1
185,178,180,170,170,171,162,162,
422.000000,78.000000,0.002241,2538809.500000,0.009879,0,1
166,168,164,163,165,161,159,154,
440.000000,78.000000,0.001028,169892368.000000,0.039594,0,1
154,152,150,153,149,147,148,142,
419.000000,81.000000,0.001094,375630176.000000,0.037687,0,1
160,157,155,151,151,147,145,141,
232.000000,82.000000,0.000051,1173555968.000000,0.001975,0,1
175,172,172,164,165,165,157,151,
641.000000,82.000000,0.055467,1364743296.000000,1.950313,0,1
130,127,127,128,118,122,122,112,
168.000000,83.000000,0.031318,156220416.000000,0.520811,0,1
41,48,40,52,42,37,50,46,
294.000000,83.000000,0.000277,715440832.000000,0.003934,0,1
160,154,155,147,149,149,142,136,
312.000000,83.000000,0.000529,429984192.000000,0.003602,0,1
172,171,171,159,160,161,151,141,
301.000000,85.000000,0.000301,1217342592.000000,0.004310,0,1
153,146,145,136,136,137,130,126,
648.000000,85.000000,0.049024,490502016.000000,1.908668,0,1
108,114,107,119,112,111,119,116,
562.000000,86.000000,0.000335,422937984.000000,0.022126,0,1
139,134,133,129,129,128,124,119,
504.000000,87.000000,0.060319,14502728.000000,0.091417,0,1
74,83,80,74,80,84,58,49,
551.000000,87.000000,0.000881,500872096.000000,0.052036,0,1
137,133,132,128,126,127,122,116,
538.000000,88.000000,0.000304,43068180.000000,0.006899,0,1
134,130,130,127,125,125,120,116,
631.000000,89.000000,0.037220,318654624.000000,1.487889,0,1
116,117,110,115,111,101,111,110,
432.000000,90.000000,0.000458,738788608.000000,0.017660,0,1
123,122,121,116,116,116,110,105,
165.000000,91.000000,0.030639,200473072.000000,0.508384,0,1
44,40,51,39,43,45,39,41,
304.000000,91.000000,0.000361,882986048.000000,0.004814,0,1
119,113,113,108,107,106,101,94,
633.000000,91.000000,0.042818,16622886.000000,0.124457,0,1
101,103,106,110,103,111,114,111,
762.000000,91.000000,0.008936,40290448.000000,0.031756,0,1
114,114,102,112,98,92,102,91,
418.000000,93.000000,0.000420,820550400.000000,0.014362,0,1
114,108,107,102,102,101,97,92,
727.000000,93.000000,0.011034,1136662016.000000,0.815307,0,1
127,126,124,121,119,120,114,112,
295.000000,94.000000,0.011801,18980992.000000,0.055211,0,1
99,91,91,66,66,68,64,63,
351.000000,94.000000,0.000476,1058176256.000000,0.009469,0,1
114,109,107,101,100,100,93,89,
353.000000,94.000000,0.000604,938569920.000000,0.012110,0,1
113,107,107,100,100,98,92,87,
752.000000,94.000000,0.011417,4492289024.000000,0.880431,0,1
107,103,111,101,105,110,97,100,
120.000000,95.000000,0.040609,125359816.000000,0.793704,0,1
48,47,47,28,40,45,21,20,
272.000000,95.000000,0.006610,2320461824.000000,0.064915,0,1
98,91,91,84,83,84,66,42,
287.000000,95.000000,0.006477,1812735232.000000,0.064155,0,1
95,91,91,91,89,88,78,49,
617.000000,95.000000,0.003717,281274432.000000,0.284304,0,1
112,116,116,120,121,120,127,130,
664.000000,95.000000,0.045201,93869408.000000,1.935990,0,1
117,120,112,119,112,105,113,105,
703.000000,95.000000,0.010307,19437768.000000,0.034367,0,1
118,107,114,105,103,113,94,93,
119.000000,96.000000,0.040567,164312880.000000,0.795930,0,1
47,28,40,19,21,30,19,19,
124.000000,96.000000,0.039193,117910336.000000,0.758906,0,1
49,49,49,37,46,48,27,23,
256.000000,96.000000,0.006758,4315613696.000000,0.070039,0,1
96,83,82,55,55,57,37,37,
268.000000,96.000000,0.006681,1839121408.000000,0.064964,0,1
94,86,83,69,65,66,43,34,
770.000000,96.000000,0.011679,25152574.000000,0.042605,0,1
94,96,84,90,85,75,86,77,
291.000000,97.000000,0.006612,2982992640.000000,0.064231,0,1
77,78,79,51,52,52,33,37,
645.000000,98.000000,0.036324,7195671552.000000,1.855012,0,1
100,114,99,122,116,104,127,126,
715.000000,98.000000,0.005465,23712160.000000,0.036467,0,1
114,121,108,121,112,102,112,102,
699.000000,99.000000,0.007741,32241216.000000,0.034930,0,1
111,113,103,99,99,84,87,72,
751.000000,99.000000,0.010901,4350490112.000000,0.845896,0,1
93,85,94,82,85,88,72,72,
158.000000,100.000000,0.032795,139032624.000000,0.541269,0,1
50,41,52,29,40,44,25,26,
504.000000,100.000000,0.059771,25941226.000000,0.091242,0,1
55,80,48,86,64,62,86,72,
738.000000,100.000000,0.012077,30167556.000000,0.039359,0,1
116,109,110,94,99,101,86,85,
760.000000,100.000000,0.010037,49644852.000000,0.035237,0,1
99,94,84,91,83,70,81,68,
243.000000,101.000000,0.005889,188372064.000000,0.065427,0,1
46,48,41,43,42,32,51,46,
281.000000,102.000000,0.006757,103362472.000000,0.056963,0,1
44,46,38,49,34,30,49,37,
729.000000,102.000000,0.010280,5123537.000000,0.032219,0,1
91,81,84,73,74,78,63,60,
167.000000,103.000000,0.030875,472850304.000000,0.482816,0,1
50,48,41,42,48,29,45,42,
180.000000,103.000000,0.030012,74714896.000000,0.426030,0,1
41,35,38,27,30,29,26,28,
186.000000,103.000000,0.030144,38270020.000000,0.405138,0,1
39,38,35,30,30,30,25,28,
679.000000,103.000000,0.011479,6709951.000000,0.036940,0,1
126,130,123,127,122,118,119,113,
725.000000,103.000000,0.009487,7479114.000000,0.029200,0,1
94,78,77,66,69,65,56,51,
132.000000,104.000000,0.037442,969570432.000000,0.692383,0,1
38,31,44,27,39,45,32,38,
167.000000,104.000000,0.030951,492389184.000000,0.483144,0,1
50,47,33,40,47,25,39,39,
168.000000,104.000000,0.030989,681424256.000000,0.478677,0,1
41,48,29,45,30,26,42,34,
262.000000,104.000000,0.012841,277591584.000000,0.099441,0,1
71,51,70,41,56,60,39,40,
731.000000,104.000000,0.011004,10963852.000000,0.034735,0,1
78,70,71,60,66,67,60,59,
759.000000,104.000000,0.010660,32193506.000000,0.037229,0,1
75,73,61,71,62,51,62,56,
480.000000,105.000000,0.005355,1413617280.000000,0.209053,0,1
102,106,97,100,93,86,89,72,
685.000000,105.000000,0.007749,28935758.000000,0.034891,0,1
129,118,124,104,110,108,91,87,
159.000000,106.000000,0.033018,238024256.000000,0.530321,0,1
34,28,38,27,33,40,28,34,
479.000000,106.000000,0.005920,634148608.000000,0.218503,0,1
106,100,93,86,89,85,77,67,
494.000000,107.000000,0.060003,30782978.000000,0.981818,0,1
65,56,58,49,46,44,35,33,
508.000000,107.000000,0.060559,298657792.000000,1.067862,0,1
86,80,71,51,60,60,44,43,
543.000000,108.000000,0.006382,10312340.000000,0.009619,0,1
125,117,122,102,112,121,92,84,
145.000000,109.000000,0.034826,412039712.000000,0.602352,0,1
26,33,21,35,28,21,32,28,
218.000000,109.000000,0.027075,82043248.000000,0.262116,0,1
39,29,39,25,32,38,25,26,
243.000000,109.000000,0.005647,278172384.000000,0.056607,0,1
51,56,38,45,51,39,54,51,
534.000000,110.000000,0.004952,14293351424.000000,0.247321,0,1
92,96,80,95,92,83,95,88,
448.000000,111.000000,0.001034,79335720.000000,0.071708,0,1
111,113,116,121,121,121,137,140,
220.000000,112.000000,0.025229,105695952.000000,0.238608,0,1
38,30,38,25,32,37,25,26,
512.000000,112.000000,0.056940,6815115.000000,0.037018,0,1
63,56,100,54,70,110,98,109,
638.000000,112.000000,0.036946,1977539.250000,0.111519,0,1
87,95,87,101,100,94,104,104,
695.000000,112.000000,0.011397,19152898.000000,0.030570,0,1
48,57,50,63,57,44,64,70,
253.000000,114.000000,0.006634,103468552.000000,0.051771,0,1
43,44,48,39,42,56,34,35,
608.000000,114.000000,0.004000,8232905.500000,0.014337,0,1
97,93,94,82,83,89,72,66,
241.000000,115.000000,0.006441,249779520.000000,0.058901,0,1
49,39,53,33,40,50,34,38,
749.000000,116.000000,0.011152,15951941.000000,0.037361,0,1
59,68,56,69,63,52,58,47,
132.000000,117.000000,0.037327,457432288.000000,0.675952,0,1
37,33,44,32,38,45,34,37,
170.000000,117.000000,0.029214,694991808.000000,0.437110,0,1
23,28,18,32,23,16,28,23,
281.000000,117.000000,0.005421,116447392.000000,0.031504,0,1
40,51,33,47,39,34,49,41,
464.000000,118.000000,0.003947,30009508.000000,0.005949,0,1
96,113,81,98,77,74,65,59,
647.000000,118.000000,0.045448,19438532.000000,0.132284,0,1
102,90,103,80,86,96,76,88,
314.000000,119.000000,0.006595,422869216.000000,0.057196,0,1
44,35,57,33,43,50,34,41,
760.000000,119.000000,0.011385,9329118.000000,0.039614,0,1
44,44,38,37,35,34,31,30,
231.000000,120.000000,0.006202,68973264.000000,0.037917,0,1
39,49,33,44,38,31,47,39,
653.000000,120.000000,0.046229,31815024.000000,0.139407,0,1
88,77,54,75,59,62,58,44,
730.000000,120.000000,0.012706,165510800.000000,0.914889,0,1
44,38,42,35,38,38,32,31,
195.000000,122.000000,0.019185,457412640.000000,0.253797,0,1
20,21,23,21,30,31,28,35,
200.000000,122.000000,0.019301,97976376.000000,0.240600,0,1
21,25,24,33,31,32,38,39,
517.000000,122.000000,0.006292,2882469888.000000,0.189047,0,1
85,71,78,62,63,64,54,42,
665.000000,122.000000,0.018741,18129278.000000,0.042844,0,1
47,67,49,62,52,37,41,31,
688.000000,122.000000,0.008044,12775642.000000,0.030198,0,1
66,67,57,68,55,45,49,31,
634.000000,125.000000,0.012583,4833403.000000,0.036992,0,1
89,84,75,81,68,61,65,43,
241.000000,126.000000,0.006610,207183760.000000,0.052151,0,1
38,34,46,31,35,46,31,33,
314.000000,126.000000,0.006653,457571584.000000,0.052812,0,1
41,34,58,32,39,51,30,39,
473.000000,126.000000,0.003107,12085556.000000,0.005025,0,1
63,54,52,63,69,66,84,77,
521.000000,126.000000,0.004581,26462848.000000,0.007589,0,1
67,51,100,45,95,101,68,56,
596.000000,126.000000,0.025670,1018972096.000000,1.226640,0,1
57,55,53,65,60,54,75,72,
170.000000,127.000000,0.028878,580423808.000000,0.424632,0,1
26,32,20,33,27,18,34,27,
262.000000,127.000000,0.011869,89278624.000000,0.063790,0,1
39,40,34,37,29,27,31,23,
458.000000,127.000000,0.002254,6360545.000000,0.003396,0,1
50,61,52,60,71,59,84,60,
536.000000,127.000000,0.004888,7560823.500000,0.002259,0,1
130,107,166,96,112,125,70,100,
601.000000,127.000000,0.026100,259656384.000000,1.266504,0,1
53,53,54,68,69,66,73,75,
170.000000,128.000000,0.028882,589083584.000000,0.423915,0,1
26,34,21,33,27,18,33,28,
194.000000,128.000000,0.019182,820832832.000000,0.251875,0,1
30,22,35,18,29,37,22,29,
502.000000,128.000000,0.060961,159661632.000000,0.694483,0,1
16,16,20,20,17,31,21,28,
579.000000,128.000000,0.007450,10280615.000000,0.015833,0,1
97,100,51,83,56,41,54,38,
679.000000,128.000000,0.013681,9359384.000000,0.057062,0,1
26,23,31,27,41,54,35,33,
689.000000,128.000000,0.011139,669620672.000000,0.750937,0,1
30,35,35,47,46,41,49,37,
471.000000,129.000000,0.002825,16161904.000000,0.004257,0,1
74,44,89,47,60,68,37,42,
398.000000,130.000000,0.004349,1409807360.000000,0.101942,0,1
57,63,50,50,57,39,47,44,
231.000000,131.000000,0.006207,242390448.000000,0.057597,0,1
36,40,29,36,35,26,37,34,
384.000000,131.000000,0.003239,3768233216.000000,0.033543,0,1
50,67,47,104,48,55,69,54,
552.000000,132.000000,0.000444,37545860.000000,0.001872,0,1
95,124,79,104,95,73,105,67,
135.000000,133.000000,0.035477,89666344.000000,0.334962,0,1
42,36,33,40,39,33,47,43,
295.000000,134.000000,0.015964,12135559.000000,0.029780,0,1
34,34,42,45,44,52,41,45,
299.000000,134.000000,0.012502,87058192.000000,0.055873,0,1
30,39,30,52,43,32,59,58,
136.000000,135.000000,0.035813,100732056.000000,0.632743,0,1
35,41,32,48,37,36,42,36,
423.000000,137.000000,0.061391,19661086.000000,0.574077,0,1
45,38,42,27,37,40,27,27,
620.000000,138.000000,0.024991,11428984832.000000,1.322353,0,1
76,54,78,44,66,80,53,73,
244.000000,139.000000,0.006262,398652288.000000,0.040386,0,1
35,42,23,34,35,22,42,36,
254.000000,139.000000,0.006955,217905904.000000,0.038320,0,1
34,29,41,25,34,42,30,34,
295.000000,140.000000,0.009242,3373831.500000,0.018880,0,1
44,30,52,36,41,54,29,28,
136.000000,141.000000,0.037596,146514880.000000,0.644846,0,1
37,44,33,47,37,34,44,37,
556.000000,141.000000,0.026187,1668209152.000000,0.971611,0,1
38,40,37,56,45,33,62,68,
319.000000,142.000000,0.015791,554266944.000000,0.106252,0,1
41,32,62,33,43,59,32,38,
517.000000,142.000000,0.028924,6039273.500000,0.043590,0,1
19,22,32,28,44,63,56,66,
228.000000,143.000000,0.008232,301705184.000000,0.074083,0,1
30,30,32,32,35,38,45,48,
567.000000,143.000000,0.076999,2192302848.000000,1.642637,0,1
32,37,41,35,52,62,47,68,
525.000000,144.000000,0.024144,14597746.000000,0.036538,0,1
77,78,40,76,50,39,64,49,
586.000000,144.000000,0.072909,5275778.500000,0.140203,0,1
44,63,56,88,81,70,94,92,
136.000000,145.000000,0.037814,118742784.000000,0.646164,0,1
37,44,33,46,38,34,44,38,
244.000000,145.000000,0.005755,246533072.000000,0.036351,0,1
36,41,26,33,39,27,41,36,
303.000000,145.000000,0.013523,14390643.000000,0.038896,0,1
20,21,23,24,31,45,45,51,
304.000000,145.000000,0.016477,10606128.000000,0.041725,0,1
21,22,23,26,37,48,48,57,
500.000000,145.000000,0.057458,2660329.500000,0.088141,0,1
36,41,27,38,35,22,40,37,
258.000000,146.000000,0.012101,67744168.000000,0.050141,0,1
30,37,36,45,44,31,48,35,
569.000000,146.000000,0.076219,172573600.000000,1.199044,0,1
91,85,94,63,74,82,54,42,
133.000000,148.000000,0.038337,102366472.000000,0.664807,0,1
40,35,45,32,40,45,34,38,
287.000000,149.000000,0.007126,44753476.000000,0.033492,0,1
21,28,36,30,44,65,40,51,
529.000000,149.000000,0.011031,424812640.000000,0.333428,0,1
52,53,56,43,43,50,39,42,
226.000000,150.000000,0.009194,471630208.000000,0.084316,0,1
36,34,46,34,43,53,44,49,
194.000000,151.000000,0.019299,443925440.000000,0.245785,0,1
29,24,35,22,29,37,24,29,
457.000000,151.000000,0.064717,39440592.000000,0.097534,0,1
53,45,82,44,55,85,45,59,
220.000000,153.000000,0.013329,231522768.000000,0.130894,0,1
35,39,34,51,35,35,47,43,
471.000000,153.000000,0.065825,1559712.750000,0.104923,0,1
90,88,88,87,79,80,62,46,
613.000000,153.000000,0.030973,3619556096.000000,1.291857,0,1
76,70,78,53,61,81,58,78,
116.000000,154.000000,0.037762,108849920.000000,0.347877,0,1
24,19,27,17,24,28,19,24,
204.000000,154.000000,0.014277,127961504.000000,0.173013,0,1
44,47,39,43,38,34,32,25,
583.000000,154.000000,0.076317,349979808.000000,1.768094,0,1
97,96,95,88,79,77,78,64,
584.000000,154.000000,0.076670,132985400.000000,1.303706,0,1
96,96,93,86,74,81,66,55,
146.000000,155.000000,0.034253,68558880.000000,0.566977,0,1
32,35,28,34,31,23,33,28,
171.000000,155.000000,0.028841,439493088.000000,0.412458,0,1
30,37,23,38,31,22,37,32,
208.000000,155.000000,0.015136,106539520.000000,0.171207,0,1
44,37,43,34,36,37,28,26,
319.000000,155.000000,0.021696,108162976.000000,0.136522,0,1
45,45,39,67,48,38,53,42,
326.000000,157.000000,0.022234,132915728.000000,0.160737,0,1
29,26,36,28,39,38,29,38,
457.000000,157.000000,0.064407,48956016.000000,0.097066,0,1
60,45,85,42,64,83,46,68,
490.000000,157.000000,0.069114,1340357.375000,0.043142,0,1
52,46,67,41,50,71,40,49,
198.000000,159.000000,0.017985,193636432.000000,0.224049,0,1
33,35,27,37,28,21,35,31,
303.000000,160.000000,0.016810,21640128.000000,0.078698,0,1
28,28,22,34,29,23,29,21,
333.000000,161.000000,0.020051,144900544.000000,0.174617,0,1
21,33,17,37,23,21,36,42,
413.000000,161.000000,0.026137,6049923.000000,0.040076,0,1
28,39,38,50,47,45,54,48,
583.000000,161.000000,0.076190,608427072.000000,1.767307,0,1
61,56,47,58,43,35,46,35,
260.000000,162.000000,0.013492,92168704.000000,0.073333,0,1
29,30,27,43,33,28,46,49,
310.000000,162.000000,0.023146,113991440.000000,0.119331,0,1
35,27,41,24,34,43,26,34,
339.000000,162.000000,0.020210,41012172.000000,0.193678,0,1
17,19,20,32,30,35,41,40,
457.000000,162.000000,0.063704,34632876.000000,0.096006,0,1
70,46,85,42,73,75,43,43,
134.000000,165.000000,0.036299,187524496.000000,0.648840,0,1
44,38,50,34,44,47,38,44,
137.000000,165.000000,0.036096,280431040.000000,0.628087,0,1
38,47,34,50,38,35,47,39,
195.000000,165.000000,0.019185,299261280.000000,0.246356,0,1
34,28,39,23,33,39,25,28,
487.000000,165.000000,0.016947,386952160.000000,0.545238,0,1
50,54,54,49,49,45,41,48,
206.000000,166.000000,0.019501,123722848.000000,0.217666,0,1
33,39,31,40,34,23,34,28,
575.000000,166.000000,0.076767,969816192.000000,1.244794,0,1
74,96,63,100,73,61,97,72,
293.000000,167.000000,0.019602,59377036.000000,0.091902,0,1
22,29,23,43,31,27,41,34,
171.000000,168.000000,0.028833,348187200.000000,0.418182,0,1
33,37,25,36,33,21,34,30,
213.000000,169.000000,0.019513,89631088.000000,0.199987,0,1
38,32,38,30,34,39,28,30,
293.000000,169.000000,0.020718,70717768.000000,0.097428,0,1
31,41,27,44,34,26,46,42,
330.000000,169.000000,0.023595,29159538.000000,0.191001,0,1
33,24,26,27,28,32,38,38,
343.000000,169.000000,0.026864,23082730.000000,0.270296,0,1
38,28,25,34,31,24,39,39,
400.000000,171.000000,0.049327,93961584.000000,0.639399,0,1
34,30,46,37,38,44,33,45,
539.000000,171.000000,0.025901,15594140.000000,0.039034,0,1
59,40,74,40,59,55,53,51,
134.000000,173.000000,0.037986,184407664.000000,0.665078,0,1
42,37,49,35,42,45,39,45,
301.000000,173.000000,0.026307,49864440.000000,0.126088,0,1
39,35,33,42,41,40,47,52,
410.000000,173.000000,0.054705,39148880.000000,0.286225,0,1
50,58,39,53,50,34,60,43,
431.000000,173.000000,0.064450,259953152.000000,0.899307,0,1
22,21,35,27,27,38,32,33,
547.000000,173.000000,0.027592,25642758.000000,0.515576,0,1
43,62,62,49,48,45,32,25,
554.000000,173.000000,0.027995,4597287.500000,0.042191,0,1
63,61,64,46,45,43,36,29,
263.000000,175.000000,0.028328,26101196.000000,0.157085,0,1
47,49,48,60,56,48,61,58,
472.000000,175.000000,0.071846,230771920.000000,1.202089,0,1
37,29,43,26,36,47,27,32,
137.000000,176.000000,0.037451,363402176.000000,0.648476,0,1
37,46,33,48,37,33,47,43,
221.000000,176.000000,0.024767,48884436.000000,0.221506,0,1
48,46,50,41,44,46,38,37,
318.000000,176.000000,0.029689,44983164.000000,0.194476,0,1
44,41,42,54,51,46,60,62,
485.000000,176.000000,0.074522,157484512.000000,1.311264,0,1
48,45,57,41,57,45,42,42,
544.000000,176.000000,0.025924,11694490.000000,0.482066,0,1
31,23,23,37,35,33,40,39,
280.000000,177.000000,0.028617,4881795.500000,0.146524,0,1
52,59,58,59,54,52,51,49,
242.000000,178.000000,0.027614,19523512.000000,0.172175,0,1
55,56,60,44,49,51,44,43,
278.000000,178.000000,0.033351,11584826.000000,0.174192,0,1
60,59,56,50,53,48,49,48,
343.000000,181.000000,0.034370,23316476.000000,0.167109,0,1
40,38,34,45,37,31,48,53,
390.000000,181.000000,0.031648,11832370.000000,0.083166,0,1
27,27,26,39,38,38,45,42,
352.000000,182.000000,0.034440,150233440.000000,0.348952,0,1
13,19,19,30,29,28,38,44,
364.000000,183.000000,0.039761,4889482.000000,0.128991,0,1
20,27,28,40,39,40,48,48,
115.000000,184.000000,0.039707,88529920.000000,0.370075,0,1
18,19,20,22,23,26,28,30,
346.000000,184.000000,0.036775,74491552.000000,0.344125,0,1
35,47,42,58,53,48,63,64,
402.000000,185.000000,0.053955,49974664.000000,0.135565,0,1
46,53,45,51,58,35,65,43,
560.000000,185.000000,0.083444,14160766.000000,0.136707,0,1
52,56,52,81,77,52,90,78,
342.000000,187.000000,0.038007,16339113.000000,0.188514,0,1
69,66,69,54,59,63,52,60,
358.000000,187.000000,0.041657,92708936.000000,0.423926,0,1
42,43,42,48,49,47,54,53,
472.000000,190.000000,0.068744,85003184.000000,0.618803,0,1
23,23,26,23,24,40,21,25,
485.000000,192.000000,0.076946,293311360.000000,0.732483,0,1
46,44,71,44,64,79,49,68,
397.000000,194.000000,0.052422,47860084.000000,0.140142,0,1
63,42,62,38,49,53,35,30,
346.000000,195.000000,0.048774,22127546.000000,0.407065,0,1
61,53,60,56,58,64,72,68,
352.000000,198.000000,0.054134,22538160.000000,0.484728,0,1
67,64,65,60,63,67,52,57,
419.000000,198.000000,0.061929,110034472.000000,0.853947,0,1
30,29,29,32,27,22,30,27,
735.000000,198.000000,0.050133,105168072.000000,2.962794,0,1
41,41,41,38,41,44,53,44,
736.000000,198.000000,0.049907,131213408.000000,2.966550,0,1
41,41,40,39,43,44,53,45,
335.000000,199.000000,0.043539,25764318.000000,0.374249,0,1
59,59,66,55,59,65,45,44,
336.000000,199.000000,0.045318,16742921.000000,0.386456,0,1
61,64,68,57,62,67,46,47,
369.000000,199.000000,0.085985,26581314.000000,0.684146,0,1
48,47,49,55,54,56,58,56,
425.000000,199.000000,0.060310,36959664.000000,0.898665,0,1
30,29,29,19,26,29,15,15,
348.000000,200.000000,0.044952,6258921.000000,0.167912,0,1
60,60,56,69,63,59,71,70,
383.000000,200.000000,0.055993,16518654.000000,0.641903,0,1
54,61,59,61,59,56,52,47,
390.000000,200.000000,0.053288,1964061.875000,0.676763,0,1
55,58,56,53,50,47,44,45,
399.000000,200.000000,0.052830,89182440.000000,0.700070,0,1
23,31,26,40,38,36,40,41,
401.000000,200.000000,0.052940,107411984.000000,0.710329,0,1
24,26,26,38,36,36,42,40,
335.000000,202.000000,0.056187,2166885.500000,0.264645,0,1
46,44,47,46,51,58,54,57,
411.000000,203.000000,0.057614,40110000.000000,0.795101,0,1
23,26,25,34,27,28,38,39,
632.000000,203.000000,0.054860,8932341.000000,1.358071,0,1
8,9,9,20,16,13,29,25,
550.000000,204.000000,0.084107,1944427008.000000,1.605308,0,1
90,68,95,53,87,95,62,81,
643.000000,205.000000,0.057220,13589222.000000,1.470366,0,1
13,13,12,24,20,17,28,28,
722.000000,205.000000,0.057414,37428660.000000,3.032927,0,1
32,32,32,46,43,40,45,38,
471.000000,206.000000,0.074513,198024144.000000,0.973558,0,1
22,14,28,13,23,31,25,31,
653.000000,206.000000,0.058034,6012792.500000,0.170103,0,1
8,10,9,23,21,19,28,29,
422.000000,207.000000,0.063588,60043136.000000,0.896676,0,1
19,24,26,34,28,28,36,39,
683.000000,207.000000,0.060228,113730880.000000,2.737510,0,1
8,11,12,19,21,21,29,32,
423.000000,208.000000,0.064181,96812312.000000,0.907642,0,1
26,28,28,36,32,30,39,42,
432.000000,208.000000,0.064462,255059104.000000,0.957336,0,1
31,35,26,39,30,16,39,34,
468.000000,208.000000,0.058208,5339898.500000,0.092384,0,1
13,23,24,31,33,31,35,30,
646.000000,208.000000,0.064846,503418368.000000,2.192152,0,1
26,28,27,30,31,31,34,35,
671.000000,208.000000,0.060178,451296320.000000,2.625304,0,1
11,21,19,35,34,31,41,37,
674.000000,208.000000,0.059898,137652896.000000,2.647039,0,1
10,18,18,33,31,29,42,39,
632.000000,209.000000,0.076456,16902938.000000,2.244941,0,1
30,31,30,40,37,35,48,39,
552.000000,210.000000,0.084223,66619356.000000,1.192553,0,1
92,87,91,51,67,65,50,49,
621.000000,211.000000,0.080420,23072266.000000,0.209358,0,1
60,71,65,55,55,52,41,38,
687.000000,212.000000,0.063939,2203140.750000,0.209489,0,1
40,47,48,30,33,38,29,29,
688.000000,212.000000,0.064960,2283832.500000,0.215658,0,1
39,48,48,31,35,40,29,30,
357.000000,213.000000,0.066059,62559768.000000,0.604622,0,1
61,56,58,49,51,52,45,46,
549.000000,213.000000,0.085045,29170632.000000,0.141580,0,1
53,75,54,83,72,46,51,46,
723.000000,214.000000,0.066618,168337376.000000,3.253701,0,1
38,38,39,42,42,41,49,45,
446.000000,215.000000,0.067602,52034736.000000,1.065552,0,1
29,32,26,46,37,29,52,52,
711.000000,215.000000,0.067246,3040749.250000,0.269953,0,1
44,46,48,36,38,40,32,33,
368.000000,216.000000,0.068159,16769373.000000,0.642882,0,1
58,52,54,46,49,51,45,46,
450.000000,217.000000,0.069889,40657308.000000,1.125628,0,1
20,34,27,51,40,31,46,38,
471.000000,217.000000,0.078766,44165240.000000,1.284376,0,1
30,28,31,19,25,27,16,16,
334.000000,218.000000,0.073978,27206838.000000,0.555387,0,1
46,48,46,49,49,46,55,57,
456.000000,218.000000,0.072293,56003156.000000,1.161681,0,1
20,24,23,42,33,32,48,44,
473.000000,218.000000,0.076279,38073432.000000,1.300156,0,1
30,26,29,17,21,25,15,15,
344.000000,219.000000,0.074714,24098858.000000,0.602691,0,1
44,44,44,51,50,49,55,54,
232.000000,220.000000,0.078418,4377633.500000,0.571839,0,1
45,47,46,48,48,50,48,49,
359.000000,221.000000,0.075495,19980044.000000,0.678955,0,1
45,48,46,51,51,48,55,56,
632.000000,221.000000,0.080486,652790400.000000,2.316894,0,1
36,31,37,20,26,40,18,26,
660.000000,221.000000,0.071929,20074364.000000,2.464360,0,1
47,52,51,44,47,49,40,38,
677.000000,221.000000,0.079975,28061534.000000,2.781959,0,1
38,39,37,46,43,40,52,55,
711.000000,221.000000,0.075768,2762575.250000,0.278922,0,1
31,30,30,36,34,32,44,40,
608.000000,222.000000,0.082128,112461504.000000,2.111431,0,1
34,35,34,29,28,27,15,11,
617.000000,222.000000,0.080939,292286048.000000,2.179024,0,1
34,32,31,23,21,26,14,12,
599.000000,223.000000,0.082381,305197664.000000,2.031787,0,1
35,32,32,26,21,18,16,9,
600.000000,223.000000,0.082268,289962240.000000,2.039496,0,1
35,32,31,24,20,17,11,8,
308.000000,224.000000,0.081179,11937381.000000,0.523104,0,1
47,49,48,50,51,50,55,58,
478.000000,224.000000,0.078331,19962366.000000,1.078759,0,1
16,17,15,24,20,16,27,31,
598.000000,224.000000,0.082527,318031712.000000,2.026059,0,1
32,26,21,24,16,10,19,13,
671.000000,224.000000,0.075987,25178932.000000,2.652326,0,1
54,44,48,40,41,45,38,37,
679.000000,224.000000,0.078273,116431136.000000,2.776789,0,1
49,54,53,49,48,48,40,37,
680.000000,224.000000,0.078683,126996152.000000,2.794602,0,1
48,53,52,49,48,47,40,37,
326.000000,225.000000,0.081894,24812054.000000,0.583400,0,1
48,48,52,52,53,56,58,62,
481.000000,225.000000,0.082172,16559770.000000,1.129699,0,1
15,16,14,25,22,18,27,30,
576.000000,225.000000,0.084143,83156872.000000,1.371454,0,1
15,11,15,24,21,27,47,44,
615.000000,225.000000,0.081266,161148080.000000,2.168888,0,1
18,28,15,29,23,14,26,22,
632.000000,226.000000,0.080755,1122721664.000000,2.326845,0,1
26,19,31,20,28,34,32,35,
418.000000,228.000000,0.083606,8186638.500000,0.233621,0,1
44,44,43,51,49,47,57,58,
559.000000,228.000000,0.085059,150496496.000000,1.271071,0,1
56,64,64,47,44,39,22,17,
560.000000,228.000000,0.085040,158177472.000000,1.277032,0,1
55,65,62,46,42,36,23,16,
535.000000,229.000000,0.086741,118472240.000000,1.135199,0,1
40,54,58,48,46,44,22,17,
542.000000,229.000000,0.086078,194908464.000000,1.172559,0,1
54,59,60,40,38,35,19,17,
544.000000,229.000000,0.085970,197448928.000000,1.182992,0,1
55,60,58,38,35,32,19,18,
591.000000,229.000000,0.084258,111180552.000000,1.991181,0,1
13,14,13,23,22,20,30,31,
600.000000,229.000000,0.082930,184398576.000000,2.056385,0,1
17,19,20,23,26,29,35,35,
415.000000,230.000000,0.087885,22265564.000000,0.538895,0,1
50,49,56,46,52,58,45,48,
524.000000,230.000000,0.086849,140999248.000000,1.068917,0,1
51,57,56,38,35,32,20,19,
495.000000,231.000000,0.087200,160043488.000000,1.559097,0,1
28,32,29,44,37,31,53,61,
496.000000,231.000000,0.087478,103368848.000000,1.273892,0,1
26,30,28,42,33,30,54,64,
495.000000,232.000000,0.087833,228166880.000000,1.564775,0,1
30,42,33,48,54,43,53,51,
523.000000,232.000000,0.086388,56199296.000000,1.063414,0,1
37,23,19,26,22,19,29,33,
541.000000,232.000000,0.085646,30321812.000000,1.166834,0,1
19,17,17,21,24,22,31,30,
561.000000,232.000000,0.086189,22638458.000000,0.161727,0,1
16,21,24,38,41,42,35,30,
532.000000,233.000000,0.086119,18509098.000000,1.117273,0,1
18,21,20,29,30,28,33,27,
504.000000,234.000000,0.089762,36473252.000000,0.165036,0,1
23,35,28,54,42,35,64,66,
402.000000,235.000000,0.091623,42620300.000000,1.007167,0,1
45,46,46,52,51,50,58,59,
454.000000,235.000000,0.091536,40615864.000000,1.309236,0,1
41,42,43,48,47,47,52,53,
386.000000,236.000000,0.094576,32643948.000000,0.938029,0,1
51,50,51,55,54,55,59,62,
354.000000,237.000000,0.099972,10284371.000000,0.806233,0,1
51,50,52,54,56,59,60,61,
363.000000,237.000000,0.092663,50463944.000000,0.823651,0,1
55,57,56,65,63,63,70,73,
373.000000,237.000000,0.094807,87054544.000000,0.878375,0,1
48,47,46,58,55,55,63,70,
503.000000,237.000000,0.093574,24971380.000000,0.179569,0,1
64,68,66,59,59,56,50,46,
249.000000,238.000000,0.095334,18391646.000000,0.685947,0,1
51,54,44,50,51,43,47,46,
472.000000,238.000000,0.096543,38481928.000000,1.470726,0,1
41,45,41,52,44,45,54,55,
458.000000,239.000000,0.094482,20819068.000000,1.091500,0,1
54,56,57,45,53,57,44,42,
223.000000,240.000000,0.094783,3993013.000000,0.758652,0,1
50,50,49,45,45,43,41,40,
363.000000,240.000000,0.096148,14166582.000000,0.402731,0,1
71,71,72,64,68,71,62,62,
378.000000,240.000000,0.095063,53932196.000000,0.669764,0,1
60,64,64,73,72,69,75,73,
412.000000,240.000000,0.099686,40844232.000000,1.115505,0,1
48,53,46,60,52,47,57,56,
461.000000,240.000000,0.095712,16585790.000000,1.123417,0,1
56,57,56,47,50,52,44,42,
512.000000,240.000000,0.093670,22846600.000000,1.453233,0,1
52,46,46,38,39,42,36,36,
521.000000,240.000000,0.100783,32853270.000000,1.871488,0,1
29,30,29,39,32,29,40,38,
384.000000,241.000000,0.096476,39813592.000000,0.704916,0,1
63,65,65,72,70,67,76,73,
468.000000,241.000000,0.097577,8810096.000000,0.851352,0,1
56,56,56,46,48,48,42,42,
478.000000,241.000000,0.094671,34391712.000000,1.508714,0,1
50,55,54,50,51,53,43,42,
488.000000,241.000000,0.097658,13356194.000000,1.545219,0,1
53,57,55,54,56,54,44,39,
257.000000,242.000000,0.100959,14113436.000000,0.715215,0,1
44,46,45,51,50,51,57,60,
373.000000,242.000000,0.098643,18302334.000000,0.395598,0,1
74,74,75,65,70,70,61,61,
207.000000,245.000000,0.103058,2550882.500000,0.606601,0,1
39,39,38,43,43,44,51,53,
209.000000,245.000000,0.106850,5546532.500000,0.832582,0,1
40,38,40,43,44,46,51,54,
453.000000,245.000000,0.101916,28002500.000000,0.801820,0,1
41,43,42,47,46,45,56,57,
537.000000,245.000000,0.104901,15504247.000000,2.038269,0,1
30,30,29,36,34,30,40,40,
199.000000,246.000000,0.107085,9357269.000000,0.881333,0,1
39,41,41,47,48,48,53,55,
422.000000,248.000000,0.104030,23854660.000000,0.680456,0,1
44,57,46,64,55,48,61,53,
479.000000,248.000000,0.106622,16672753.000000,0.973450,0,1
42,43,42,47,48,46,56,58,
551.000000,250.000000,0.110035,37801616.000000,2.205321,0,1
31,32,31,42,38,34,45,45,
553.000000,250.000000,0.110973,34991416.000000,2.231045,0,1
31,31,30,38,34,31,45,44,
270.000000,253.000000,0.111111,27085254.000000,0.774832,0,1
71,67,71,61,66,69,59,60,
274.000000,254.000000,0.111289,10286654.000000,0.764415,0,1
69,69,68,64,65,66,60,59,
290.000000,254.000000,0.111293,17153212.000000,0.754545,0,1
55,58,56,62,59,60,63,65,
455.000000,254.000000,0.110126,20723450.000000,1.188375,0,1
61,55,61,44,52,60,41,41,
456.000000,254.000000,0.109761,25559426.000000,1.449659,0,1
61,59,63,47,56,63,44,44,
694.000000,254.000000,0.110337,19762194.000000,3.518844,0,1
48,45,46,41,44,42,39,39,
461.000000,258.000000,0.113922,18425424.000000,0.933901,0,1
58,48,56,41,45,53,41,42,
526.000000,258.000000,0.115727,93441208.000000,2.047834,0,1
34,36,39,42,43,44,46,47,
528.000000,258.000000,0.115763,132782256.000000,2.064018,0,1
36,39,41,43,44,45,47,48,
550.000000,258.000000,0.118572,36318940.000000,2.266833,0,1
46,47,46,49,48,48,51,53,
583.000000,260.000000,0.118373,40953724.000000,1.772193,0,1
31,40,33,58,50,39,63,61,
433.000000,261.000000,0.116494,30436670.000000,1.369923,0,1
43,46,46,52,51,47,57,59,
472.000000,261.000000,0.117442,40173716.000000,1.645333,0,1
59,59,58,55,54,53,47,44,
585.000000,261.000000,0.119051,27922246.000000,1.795725,0,1
33,45,35,63,54,41,61,60,
300.000000,262.000000,0.117922,8362908.500000,0.840285,0,1
68,67,71,62,67,67,61,60,
609.000000,262.000000,0.125357,121669704.000000,2.866722,0,1
31,33,32,36,37,33,41,43,
254.000000,263.000000,0.121345,42121060.000000,0.941038,0,1
57,53,62,57,52,62,49,53,
207.000000,264.000000,0.118924,12411084.000000,0.721254,0,1
54,51,53,49,48,49,44,45,
595.000000,264.000000,0.126533,30776116.000000,2.749668,0,1
31,36,34,51,45,39,51,51,
343.000000,267.000000,0.123731,28396338.000000,0.991134,0,1
61,63,62,67,67,66,71,72,
607.000000,268.000000,0.132230,27651518.000000,2.918666,0,1
37,37,34,47,43,37,48,49,
587.000000,269.000000,0.126424,14295285.000000,2.446298,0,1
48,47,48,41,43,45,39,38,
332.000000,270.000000,0.124534,9314205.000000,0.974581,0,1
69,68,68,63,67,68,63,62,
626.000000,270.000000,0.127854,14408261.000000,2.243155,0,1
40,40,38,36,35,35,32,31,
616.000000,271.000000,0.135182,30876034.000000,3.036837,0,1
34,39,33,47,46,41,49,50,
342.000000,272.000000,0.127362,19766066.000000,1.025439,0,1
71,68,70,63,65,67,61,62,
253.000000,274.000000,0.132765,66877256.000000,1.081476,0,1
53,59,45,60,54,46,59,57,
256.000000,274.000000,0.131540,64862288.000000,1.055481,0,1
59,47,60,45,57,60,47,56,
310.000000,274.000000,0.130986,45475840.000000,0.838518,0,1
59,49,57,48,51,50,57,61,
434.000000,274.000000,0.130483,44880428.000000,1.485315,0,1
56,58,56,57,54,51,52,48,
471.000000,275.000000,0.130952,34010236.000000,1.489046,0,1
42,43,42,48,48,49,54,53,
366.000000,276.000000,0.129851,12113256.000000,1.146342,0,1
69,70,70,67,68,69,64,61,
634.000000,276.000000,0.137859,161236160.000000,2.770157,0,1
32,32,31,46,40,33,50,49,
756.000000,276.000000,0.124141,31900258.000000,4.569939,0,1
38,38,41,37,40,44,36,36,
382.000000,278.000000,0.136194,16071469.000000,0.967447,0,1
70,70,73,68,70,71,65,64,
462.000000,278.000000,0.138779,10809844.000000,1.725871,0,1
51,49,53,46,47,49,42,40,
640.000000,278.000000,0.141273,137686704.000000,3.137613,0,1
34,35,36,46,39,36,50,51,
645.000000,280.000000,0.141008,30961518.000000,2.883336,0,1
34,34,32,47,38,31,51,52,
397.000000,281.000000,0.138595,30697828.000000,1.083709,0,1
74,68,73,64,68,71,62,61,
649.000000,281.000000,0.145794,129241800.000000,2.923421,0,1
32,30,32,46,39,34,49,50,
406.000000,282.000000,0.137086,13193240.000000,1.384120,0,1
71,71,72,65,67,69,60,58,
414.000000,283.000000,0.136992,12811488.000000,1.435639,0,1
75,71,72,64,64,67,59,56,
417.000000,283.000000,0.136462,12575147.000000,1.441113,0,1
72,72,69,67,65,63,62,58,
688.000000,284.000000,0.143315,4183420.000000,3.180437,0,1
30,30,29,31,32,31,34,37,
662.000000,286.000000,0.144730,6170576.000000,2.787063,0,1
31,39,31,53,47,41,53,53,
684.000000,286.000000,0.142599,32228114.000000,3.189300,0,1
32,32,31,33,32,33,36,39,
255.000000,287.000000,0.146630,80921864.000000,1.254181,0,1
55,60,46,59,49,53,58,53,
257.000000,287.000000,0.146053,93105320.000000,1.237696,0,1
57,46,59,49,53,60,41,51,
667.000000,287.000000,0.143793,344936992.000000,3.664021,0,1
33,34,31,46,41,34,49,49,
257.000000,289.000000,0.148037,93200016.000000,1.265319,0,1
53,41,59,53,51,59,40,49,
671.000000,289.000000,0.146081,292585664.000000,3.729334,0,1
30,39,31,49,48,41,48,49,
674.000000,289.000000,0.147159,355301760.000000,3.770213,0,1
32,29,29,45,36,29,47,49,
721.000000,291.000000,0.156821,8201145.000000,4.407708,0,1
30,32,32,39,36,32,43,43,
693.000000,295.000000,0.157361,240867328.000000,4.072129,0,1
35,34,31,45,38,32,51,50,
695.000000,296.000000,0.158382,235700608.000000,4.105587,0,1
34,34,31,52,44,32,53,49,
194.000000,16.000000,0.017937,5333505536.000000,0.176377,0,1
120,73,192,57,115,204,72,109,
191.000000,26.000000,0.018350,4158927616.000000,0.426759,0,1
53,47,55,42,53,67,46,53,
608.000000,30.000000,0.010938,300339616.000000,0.639198,0,1
174,173,171,172,171,169,170,168,
195.000000,31.000000,0.017912,3812487424.000000,0.137522,0,1
178,92,213,64,169,220,86,162,
195.000000,32.000000,0.017963,3786825728.000000,0.137794,0,1
175,86,209,63,165,217,87,156,
341.000000,38.000000,0.002044,1539659520.000000,0.052089,0,1
192,197,196,201,204,202,210,213,
345.000000,38.000000,0.001683,1575559552.000000,0.043888,0,1
189,194,197,202,204,204,210,213,
195.000000,40.000000,0.018094,3606357760.000000,0.137762,0,1
137,82,202,59,128,207,78,124,
544.000000,44.000000,0.002221,525535456.000000,0.139713,0,1
164,167,165,169,167,170,171,171,
195.000000,52.000000,0.018092,3665942528.000000,0.136267,0,1
121,68,179,55,112,208,66,99,
196.000000,61.000000,0.017583,2025283456.000000,0.130838,0,1
158,72,184,51,113,193,54,62,
336.000000,62.000000,0.020844,555803008.000000,0.084357,0,1
154,110,174,110,184,195,190,191,
266.000000,154.000000,0.013293,305325664.000000,0.070126,0,1
35,22,52,21,37,55,21,27,
199.000000,72.000000,0.015798,471335040.000000,0.114865,0,1
47,32,56,30,34,74,30,31,
203.000000,76.000000,0.014734,1572771968.000000,0.104991,0,1
121,52,145,33,64,156,35,41,
320.000000,140.000000,0.015587,383060384.000000,0.108374,0,1
35,35,35,33,48,49,45,59,
299.000000,139.000000,0.012410,178468400.000000,0.055394,0,1
57,55,37,55,50,21,53,32,
259.000000,80.000000,0.011646,1041729408.000000,0.065369,0,1
141,160,88,162,139,83,154,135,
207.000000,81.000000,0.013830,1426188288.000000,0.096531,0,1
168,98,168,45,126,164,55,63,
341.000000,81.000000,0.000335,1846190464.000000,0.006515,0,1
175,174,173,165,165,164,156,150,
346.000000,81.000000,0.000508,1799199360.000000,0.010257,0,1
181,174,174,164,165,163,156,150,
352.000000,81.000000,0.000615,2013576448.000000,0.012890,0,1
178,173,174,163,165,165,156,151,
354.000000,136.000000,0.002322,1306922624.000000,0.036649,0,1
110,84,70,80,63,45,62,45,
264.000000,82.000000,0.011868,886294720.000000,0.065060,0,1
132,90,150,84,122,157,87,111,
428.000000,131.000000,0.001632,63852240.000000,0.002724,0,1
97,69,97,45,74,77,54,68,
259.000000,88.000000,0.010598,767926976.000000,0.058938,0,1
113,138,96,136,101,83,124,91,
266.000000,88.000000,0.013008,643733184.000000,0.070430,0,1
128,95,140,82,115,136,89,105,
328.000000,88.000000,0.020539,479300864.000000,0.082745,0,1
121,118,69,127,85,68,102,68,
360.000000,88.000000,0.000431,1260944128.000000,0.009190,0,1
149,143,142,134,133,135,128,122,
450.000000,128.000000,0.000139,13723100.000000,0.000209,0,1
52,53,74,45,68,52,42,45,
378.000000,92.000000,0.000108,3303968000.000000,0.003030,0,1
120,112,111,103,103,102,97,92,
385.000000,92.000000,0.000334,1206593664.000000,0.008662,0,1
122,111,112,102,103,102,95,90,
340.000000,93.000000,0.000476,961805248.000000,0.008273,0,1
121,114,116,108,110,110,100,93,
432.000000,126.000000,0.002137,26721076.000000,0.003449,0,1
61,74,53,77,67,49,72,55,
327.000000,94.000000,0.019964,183115760.000000,0.080098,0,1
65,99,54,97,78,76,91,83,
384.000000,125.000000,0.002419,114127000.000000,0.006177,0,1
134,126,107,140,75,81,110,79,
681.000000,123.000000,0.016855,44067640.000000,0.042040,0,1
90,64,83,36,58,60,35,30,
418.000000,120.000000,0.006562,17767194.000000,0.012590,0,1
73,58,57,53,48,44,46,42,
441.000000,117.000000,0.004928,20684568.000000,0.011870,0,1
153,153,151,141,135,123,110,98,
423.000000,117.000000,0.003457,389910304.000000,0.029986,0,1
133,137,140,123,112,89,66,45,
695.000000,99.000000,0.007088,79849384.000000,0.019180,0,1
113,116,107,116,96,99,96,82,
231.000000,116.000000,0.006257,105533192.000000,0.038313,0,1
39,52,33,46,39,32,51,39,
427.000000,111.000000,0.002815,2487289600.000000,0.085469,0,1
108,110,110,114,114,116,121,137,
705.000000,103.000000,0.008251,10153863168.000000,0.607907,0,1
79,64,83,59,64,84,54,52,
725.000000,217.000000,0.071590,3610152.500000,0.256215,0,1
49,47,49,33,34,38,30,31,
716.000000,216.000000,0.072134,1099435.125000,0.249581,0,1
45,43,47,33,34,38,33,32,
712.000000,215.000000,0.065756,28052416.000000,3.124988,0,1
44,46,47,37,39,41,32,33,
701.000000,214.000000,0.068414,1180000.500000,0.220881,0,1
44,43,45,34,36,39,31,31,
752.000000,202.000000,0.054402,154791088.000000,3.247503,0,1
44,48,47,42,43,44,37,36,
698.000000,104.000000,0.008983,8251510784.000000,0.642606,0,1
61,75,56,83,64,57,70,60,
400.000000,194.000000,0.054077,476906336.000000,0.462615,0,1
45,56,26,58,32,28,37,28,
398.000000,186.000000,0.051241,26764164.000000,0.132698,0,1
35,35,33,51,50,61,67,69,
407.000000,182.000000,0.054550,74331168.000000,0.286534,0,1
55,47,37,43,44,28,43,26,
368.000000,110.000000,0.001018,224874224.000000,0.020513,0,1
119,123,124,123,121,120,114,108,
448.000000,114.000000,0.003897,3399594752.000000,0.130093,0,1
134,146,135,142,112,101,104,80,
405.000000,118.000000,0.003576,4920704000.000000,0.091061,0,1
133,137,116,135,110,84,112,80,
400.000000,165.000000,0.050879,393892768.000000,0.620709,0,1
66,66,44,67,46,41,53,33,
704.000000,119.000000,0.007886,54262940.000000,0.021811,0,1
41,52,37,66,42,42,51,41,
656.000000,96.000000,0.046813,109198152.000000,0.111421,0,1
78,65,101,72,86,110,68,105,
392.000000,139.000000,0.030319,86913704.000000,0.136464,0,1
35,36,35,61,55,36,76,74,
704.000000,120.000000,0.007519,49023708.000000,0.020768,0,1
43,53,37,68,40,40,48,40,
382.000000,81.000000,0.000642,1026035072.000000,0.016413,0,1
173,172,171,165,166,166,157,149,
612.000000,123.000000,0.005323,28035802.000000,0.008021,0,1
95,80,102,62,76,83,63,51,
344.000000,136.000000,0.002219,8107721728.000000,0.030270,0,1
119,197,47,235,59,42,81,35,
619.000000,123.000000,0.024663,4101880.500000,0.040658,0,1
107,108,101,96,97,89,71,53,
444.000000,131.000000,0.003553,825072768.000000,0.115018,0,1
45,49,39,52,49,39,51,41,
369.000000,87.000000,0.000475,976450240.000000,0.010810,0,1
148,146,147,140,141,141,135,128,
372.000000,89.000000,0.000650,1327935744.000000,0.014935,0,1
139,133,135,127,127,128,120,114,
