# timestamp
1608635246330078208

# fx, fy, cx, cy, width, height, npoints
501.487762,501.475281,421.776337,167.666367,800,400,586

# camToWorld: translation vector, rotation quaternion
-36.515706,73.961772,7.332763,-0.111292,-0.713437,0.685911,0.090265

# Exposure time (ms)
0.334312

# GPS Data
# GPSData: Covariance matrix
0.000014,0.000000,0.000000,0.000000,0.000028,0.000000,0.000000,0.000000,0.000058

# GPSData: GPS point
82.207374,9.901573,6.256999

# Point Cloud Data : 
# u,v,idepth_scaled,idepth_hessian,maxRelBaseline,numGoodRes,status 
# color information 
607.000000,11.000000,0.067447,136415040.000000,0.444930,0,1
90,78,80,102,95,105,113,108,
699.000000,156.000000,0.022471,97363968.000000,0.179823,0,1
26,44,23,49,39,20,46,33,
664.000000,18.000000,0.070617,96605568.000000,0.406669,0,1
74,63,77,63,88,103,78,84,
646.000000,23.000000,0.070986,37294692.000000,0.384669,0,1
76,84,62,79,67,68,68,51,
743.000000,26.000000,0.087036,165346176.000000,0.580674,0,1
97,107,78,106,86,63,92,61,
751.000000,30.000000,0.077255,53358012.000000,0.339307,0,1
61,56,61,52,74,100,68,75,
632.000000,43.000000,0.058193,35773196.000000,0.298962,0,1
83,73,61,64,63,62,60,52,
730.000000,49.000000,0.075214,44595424.000000,0.310978,0,1
67,51,51,48,59,81,72,84,
708.000000,53.000000,0.074337,181142144.000000,0.455146,0,1
34,36,50,40,50,75,35,74,
722.000000,53.000000,0.074865,52545312.000000,0.305054,0,1
87,89,61,88,65,44,58,46,
539.000000,63.000000,0.043060,34131316.000000,0.262861,0,1
52,48,59,43,61,60,55,70,
747.000000,105.000000,0.070061,51638400.000000,0.589460,0,1
20,29,22,46,39,32,44,52,
755.000000,146.000000,0.050116,42760488.000000,0.500176,0,1
29,27,37,29,37,44,34,34,
753.000000,163.000000,0.024792,42329936.000000,0.288084,0,1
29,26,37,20,31,37,25,27,
692.000000,165.000000,0.068377,5532345.000000,0.496777,0,1
21,21,32,19,28,49,21,27,
751.000000,172.000000,0.024546,141187936.000000,0.283279,0,1
22,17,26,13,26,32,20,22,
751.000000,187.000000,0.014462,6354689.000000,0.384731,0,1
26,20,36,12,27,30,18,24,
296.000000,227.000000,0.080938,37696860.000000,0.706892,0,1
18,19,21,32,36,39,53,64,
712.000000,227.000000,0.180291,859022.500000,1.040813,0,1
33,32,33,25,27,29,21,20,
683.000000,236.000000,0.170465,5261760.000000,0.938471,0,1
23,23,22,18,19,20,15,13,
666.000000,286.000000,0.173487,11199269.000000,1.140682,0,1
9,10,10,11,10,10,12,18,
682.000000,293.000000,0.182994,13782155.000000,1.207278,0,1
11,13,11,25,18,13,29,28,
693.000000,296.000000,0.188025,8803590.000000,1.249710,0,1
10,10,10,20,14,11,27,27,
531.000000,297.000000,0.161185,35204080.000000,1.053748,0,1
65,67,59,71,55,39,67,63,
378.000000,297.000000,0.157226,50955860.000000,0.877755,0,1
110,102,98,83,80,77,74,72,
277.000000,297.000000,0.154572,84677584.000000,1.363209,0,1
65,67,67,55,55,59,42,38,
416.000000,293.000000,0.153843,262878432.000000,1.797207,0,1
91,77,67,75,62,47,59,46,
404.000000,289.000000,0.151860,57453020.000000,0.745244,0,1
78,76,75,79,80,87,105,113,
516.000000,288.000000,0.152282,49655908.000000,0.495335,0,1
103,100,96,101,87,73,80,70,
315.000000,226.000000,0.079550,73225424.000000,0.617937,0,1
23,25,26,46,49,53,65,73,
309.000000,226.000000,0.080070,51126672.000000,0.645270,0,1
21,18,21,32,38,42,60,68,
692.000000,132.000000,0.022148,825021824.000000,0.205998,0,1
22,17,38,16,23,50,15,18,
679.000000,25.000000,0.071084,25373338.000000,0.261469,0,1
82,72,88,64,80,91,74,78,
598.000000,26.000000,0.043130,53170096.000000,0.173440,0,1
101,119,96,117,112,90,119,118,
692.000000,26.000000,0.071582,290054432.000000,0.445650,0,1
78,87,68,92,84,50,96,82,
586.000000,27.000000,0.052276,19626612.000000,0.402044,0,1
111,107,115,111,116,122,116,118,
601.000000,27.000000,0.043600,121690456.000000,0.283673,0,1
100,90,110,115,107,117,101,109,
627.000000,29.000000,0.068244,225708640.000000,0.455156,0,1
97,83,94,77,84,88,73,78,
717.000000,29.000000,0.071137,488614592.000000,0.441240,0,1
54,41,81,50,72,93,49,60,
515.000000,32.000000,0.039786,80379640.000000,0.144328,0,1
81,72,101,72,94,115,79,105,
541.000000,35.000000,0.038515,123730928.000000,0.188812,0,1
92,101,54,97,69,65,98,59,
648.000000,35.000000,0.066425,650070208.000000,0.538418,0,1
88,69,91,53,76,94,57,67,
674.000000,35.000000,0.069126,141026432.000000,0.561418,0,1
56,75,48,80,58,44,61,48,
522.000000,36.000000,0.033664,96848688.000000,0.316035,0,1
90,77,93,79,91,87,84,103,
686.000000,36.000000,0.066170,38185332.000000,0.367668,0,1
60,73,78,90,89,87,96,103,
708.000000,38.000000,0.079938,125922480.000000,0.216744,0,1
75,99,59,100,71,47,89,64,
666.000000,39.000000,0.068029,177181904.000000,0.354539,0,1
54,67,49,83,71,54,83,64,
566.000000,42.000000,0.051479,158084672.000000,0.286216,0,1
109,109,73,108,85,84,98,68,
507.000000,43.000000,0.040430,109865288.000000,0.187780,0,1
62,50,77,46,69,63,43,56,
631.000000,45.000000,0.055162,258020384.000000,0.401815,0,1
63,75,53,85,65,52,67,66,
541.000000,46.000000,0.037564,378686176.000000,0.177682,0,1
97,66,108,50,99,96,75,101,
563.000000,47.000000,0.051800,126315136.000000,0.280914,0,1
107,112,89,108,92,80,84,83,
647.000000,47.000000,0.067019,886357952.000000,0.533276,0,1
43,58,43,69,61,51,79,67,
668.000000,47.000000,0.072762,89156928.000000,0.255167,0,1
50,72,51,83,68,49,87,74,
695.000000,48.000000,0.070317,388353856.000000,0.422492,0,1
68,50,76,49,62,87,48,54,
535.000000,52.000000,0.038394,89466352.000000,0.138978,0,1
95,106,68,105,83,53,91,66,
383.000000,53.000000,0.075442,597156160.000000,0.404011,0,1
116,113,109,110,94,87,74,40,
387.000000,53.000000,0.075207,385378688.000000,0.392335,0,1
117,113,113,87,105,111,68,50,
404.000000,53.000000,0.073268,149612880.000000,0.187329,0,1
116,114,114,112,112,112,107,68,
485.000000,53.000000,0.028890,89678192.000000,0.322628,0,1
99,107,87,113,96,100,108,98,
504.000000,53.000000,0.039411,320085248.000000,0.347924,0,1
73,67,88,54,84,81,62,88,
522.000000,53.000000,0.044950,64562468.000000,0.209749,0,1
89,74,104,64,96,97,81,82,
578.000000,53.000000,0.055260,24240530.000000,0.227974,0,1
100,106,79,98,95,79,102,82,
514.000000,54.000000,0.039364,204793968.000000,0.170712,0,1
107,105,69,83,94,75,90,77,
680.000000,54.000000,0.068779,1251098112.000000,0.612551,0,1
66,51,73,41,81,90,62,65,
671.000000,55.000000,0.065924,236613488.000000,0.475325,0,1
49,69,44,77,68,37,80,63,
551.000000,56.000000,0.042261,97129424.000000,0.206548,0,1
71,70,94,67,80,98,71,94,
565.000000,56.000000,0.037349,108657408.000000,0.240862,0,1
85,87,97,90,88,104,81,93,
385.000000,58.000000,0.074857,382366240.000000,0.385318,0,1
36,45,37,91,71,47,108,111,
545.000000,58.000000,0.043368,76631312.000000,0.273412,0,1
84,78,86,66,84,74,75,69,
657.000000,60.000000,0.068081,266825232.000000,0.554571,0,1
92,90,93,69,86,83,51,68,
426.000000,61.000000,0.072888,300451072.000000,0.186424,0,1
39,43,48,85,83,100,106,108,
467.000000,61.000000,0.029542,61065424.000000,0.085623,0,1
105,93,105,81,91,103,72,70,
458.000000,62.000000,0.027082,51301996.000000,0.379070,0,1
87,100,80,99,91,84,97,90,
481.000000,62.000000,0.030634,38679040.000000,0.289969,0,1
94,96,80,105,84,93,93,78,
571.000000,62.000000,0.038427,100060264.000000,0.230139,0,1
93,98,78,104,86,76,93,78,
517.000000,63.000000,0.039690,283318112.000000,0.286198,0,1
69,50,79,59,63,77,49,51,
686.000000,63.000000,0.064388,1022165056.000000,0.573177,0,1
93,77,91,54,74,81,44,36,
499.000000,64.000000,0.041741,31309608.000000,0.115044,0,1
83,94,55,91,82,47,72,79,
422.000000,66.000000,0.031227,51319368.000000,0.573633,0,1
108,108,97,108,97,97,103,96,
525.000000,66.000000,0.036266,52624540.000000,0.244020,0,1
74,89,82,86,79,94,83,90,
640.000000,66.000000,0.053659,276248704.000000,0.391757,0,1
70,53,65,44,59,68,50,63,
435.000000,67.000000,0.032656,62772188.000000,0.534298,0,1
95,95,86,90,89,89,93,88,
578.000000,67.000000,0.037427,63252704.000000,0.200915,0,1
76,71,95,68,82,99,76,86,
424.000000,68.000000,0.031860,80882232.000000,0.567885,0,1
97,90,106,96,94,105,90,95,
360.000000,69.000000,0.015143,31868406.000000,0.115121,0,1
106,104,106,107,101,105,103,93,
345.000000,70.000000,0.015402,45527796.000000,0.132955,0,1
102,94,103,91,96,98,87,86,
540.000000,71.000000,0.038677,31372792.000000,0.166579,0,1
63,62,88,53,83,65,74,89,
571.000000,71.000000,0.036904,78187640.000000,0.189853,0,1
93,83,87,90,74,81,71,81,
701.000000,71.000000,0.073322,241677312.000000,0.575410,0,1
21,22,33,22,36,54,30,41,
656.000000,72.000000,0.068796,85053736.000000,0.454570,0,1
36,42,36,54,55,38,61,63,
440.000000,73.000000,0.027026,93267400.000000,0.423883,0,1
94,78,98,71,82,80,68,76,
456.000000,73.000000,0.029634,54217448.000000,0.393921,0,1
78,74,71,66,74,74,67,94,
684.000000,73.000000,0.069147,332435104.000000,0.613982,0,1
42,38,47,30,48,49,33,42,
342.000000,74.000000,0.015209,88410664.000000,0.130493,0,1
86,90,85,99,87,85,90,87,
516.000000,78.000000,0.039055,37351532.000000,0.242741,0,1
75,85,56,61,65,63,66,60,
574.000000,78.000000,0.015236,119807792.000000,0.093295,0,1
68,65,46,43,36,34,37,32,
674.000000,78.000000,0.063126,501831456.000000,0.530041,0,1
64,49,62,35,47,51,31,25,
479.000000,79.000000,0.039622,36220164.000000,0.085948,0,1
50,61,43,62,52,67,74,79,
341.000000,80.000000,0.013474,19470898.000000,0.114666,0,1
86,80,84,81,82,80,73,78,
419.000000,80.000000,0.028426,36170152.000000,0.540198,0,1
102,94,97,87,88,93,79,78,
547.000000,80.000000,0.044219,189720432.000000,0.200663,0,1
75,80,56,79,74,71,81,66,
441.000000,81.000000,0.031191,28531940.000000,0.108089,0,1
58,78,56,81,81,52,84,72,
451.000000,81.000000,0.029747,63216328.000000,0.396371,0,1
53,65,48,62,71,50,75,59,
427.000000,84.000000,0.031620,58664744.000000,0.526971,0,1
84,85,69,83,81,75,87,77,
602.000000,84.000000,0.042644,78494432.000000,0.252423,0,1
59,65,54,68,57,59,63,53,
515.000000,85.000000,0.038551,111171296.000000,0.224573,0,1
77,66,57,46,61,56,49,39,
634.000000,85.000000,0.048304,38026140.000000,0.332572,0,1
58,54,57,39,41,35,29,24,
472.000000,86.000000,0.031387,39240784.000000,0.326974,0,1
60,80,54,77,58,54,64,60,
464.000000,87.000000,0.022448,80934880.000000,0.280911,0,1
89,85,67,75,74,59,78,66,
575.000000,87.000000,0.044361,35335292.000000,0.213239,0,1
34,44,54,52,55,65,53,61,
439.000000,88.000000,0.024392,28292404.000000,0.386517,0,1
77,70,90,70,81,75,73,78,
508.000000,88.000000,0.040011,125317424.000000,0.138171,0,1
40,68,40,83,51,40,72,66,
501.000000,89.000000,0.038823,152569152.000000,0.126815,0,1
58,63,52,79,56,44,66,54,
503.000000,90.000000,0.038882,100166992.000000,0.246730,0,1
45,46,64,51,50,78,45,52,
510.000000,91.000000,0.039395,137958928.000000,0.225084,0,1
35,56,32,64,52,33,63,61,
536.000000,91.000000,0.022943,18707874.000000,0.072152,0,1
76,72,72,65,65,55,47,34,
594.000000,91.000000,0.017846,64029480.000000,0.105963,0,1
66,67,55,51,46,39,34,24,
366.000000,92.000000,0.004004,54858104.000000,0.027800,0,1
75,83,76,74,77,70,70,67,
333.000000,93.000000,0.016164,30419906.000000,0.144491,0,1
54,56,64,52,55,64,50,50,
454.000000,93.000000,0.031629,71424144.000000,0.383118,0,1
50,47,57,55,64,68,59,78,
656.000000,93.000000,0.020242,394783968.000000,0.167009,0,1
30,24,44,25,28,53,23,27,
312.000000,94.000000,0.016362,104731240.000000,0.166461,0,1
86,87,80,90,76,71,83,70,
343.000000,95.000000,0.015554,22121336.000000,0.123050,0,1
47,47,52,45,53,46,43,50,
381.000000,95.000000,0.005221,46080892.000000,0.032624,0,1
86,81,80,80,81,80,74,74,
433.000000,95.000000,0.027781,60564460.000000,0.432835,0,1
71,63,72,56,76,67,60,65,
324.000000,97.000000,0.016509,71743048.000000,0.154091,0,1
66,58,66,50,62,64,50,52,
370.000000,97.000000,0.010571,35043040.000000,0.066859,0,1
67,71,77,63,67,64,60,64,
464.000000,97.000000,0.036862,67412352.000000,0.373419,0,1
69,54,75,45,66,69,54,66,
449.000000,98.000000,0.033785,28504774.000000,0.423704,0,1
47,47,52,40,52,53,41,54,
540.000000,99.000000,0.038670,36103300.000000,0.159712,0,1
46,43,39,47,34,36,29,23,
552.000000,99.000000,0.020707,9651385.000000,0.102501,0,1
50,32,30,26,24,22,21,19,
487.000000,100.000000,0.038598,24882204.000000,0.108637,0,1
66,75,54,54,59,60,47,45,
525.000000,100.000000,0.037979,103316688.000000,0.141896,0,1
29,29,55,35,56,58,35,42,
560.000000,100.000000,0.014165,135104768.000000,0.066363,0,1
29,40,21,43,31,23,40,28,
425.000000,102.000000,0.026885,28051324.000000,0.454051,0,1
54,76,56,79,62,62,78,76,
618.000000,102.000000,0.018400,291389536.000000,0.120193,0,1
29,26,46,24,46,46,34,49,
354.000000,103.000000,0.017446,23334702.000000,0.121270,0,1
60,48,58,47,51,56,42,51,
511.000000,104.000000,0.039591,42682776.000000,0.133331,0,1
54,44,55,39,44,31,28,25,
584.000000,105.000000,0.016549,380691968.000000,0.089154,0,1
33,25,49,22,33,65,24,30,
123.000000,106.000000,0.008986,13191191.000000,0.050066,0,1
87,82,86,79,79,82,73,72,
296.000000,106.000000,0.026920,6469068.000000,0.060222,0,1
78,55,54,86,66,45,90,89,
152.000000,107.000000,0.008797,66203972.000000,0.089695,0,1
87,84,80,81,73,72,70,61,
300.000000,107.000000,0.034260,14721524.000000,0.074815,0,1
67,42,41,83,62,55,88,86,
331.000000,107.000000,0.016216,79884184.000000,0.140006,0,1
40,55,37,59,46,37,57,52,
301.000000,108.000000,0.037143,13879481.000000,0.080528,0,1
41,62,55,88,79,74,86,82,
404.000000,108.000000,0.031020,1164025.125000,0.020574,0,1
61,84,45,73,67,44,78,65,
335.000000,109.000000,0.015675,124716776.000000,0.130226,0,1
41,36,54,38,50,59,52,54,
369.000000,109.000000,0.016268,58796872.000000,0.096410,0,1
81,79,66,76,65,62,64,59,
558.000000,110.000000,0.017047,89779992.000000,0.081175,0,1
31,22,31,19,30,31,26,37,
584.000000,110.000000,0.016442,274717856.000000,0.087843,0,1
26,26,37,28,33,58,44,46,
387.000000,111.000000,0.016321,16112931.000000,0.080339,0,1
71,60,71,66,63,75,56,62,
417.000000,112.000000,0.027986,9642306.000000,0.042176,0,1
76,61,67,43,62,60,41,41,
586.000000,112.000000,0.015083,99876672.000000,0.081565,0,1
58,52,51,46,43,36,36,43,
116.000000,113.000000,0.009186,114368104.000000,0.052248,0,1
91,91,82,90,84,76,86,80,
443.000000,113.000000,0.032975,147695200.000000,0.423512,0,1
72,74,48,75,60,59,63,51,
357.000000,115.000000,0.015778,207326720.000000,0.105633,0,1
50,50,75,60,72,73,55,82,
364.000000,115.000000,0.016078,66892996.000000,0.099335,0,1
58,66,60,70,64,51,74,55,
62.000000,116.000000,0.003567,9554383.000000,0.023649,0,1
95,92,92,90,87,88,83,76,
63.000000,116.000000,0.002662,12322757.000000,0.017568,0,1
95,92,91,88,87,87,81,76,
157.000000,116.000000,0.008925,56153124.000000,0.100823,0,1
64,60,67,63,65,72,60,68,
287.000000,116.000000,0.017842,12937639.000000,0.207523,0,1
91,89,90,89,86,88,83,79,
296.000000,116.000000,0.017099,137578864.000000,0.188403,0,1
82,84,76,90,81,78,87,82,
386.000000,116.000000,0.015099,31304380.000000,0.072987,0,1
58,64,56,66,56,58,62,44,
440.000000,116.000000,0.032236,150163328.000000,0.428854,0,1
67,46,78,40,57,70,38,42,
459.000000,116.000000,0.033195,165406112.000000,0.343978,0,1
46,66,49,67,64,41,74,64,
568.000000,116.000000,0.033339,46509932.000000,0.156559,0,1
31,29,35,35,38,53,35,45,
149.000000,117.000000,0.009460,56094060.000000,0.104514,0,1
64,59,69,59,59,66,57,54,
416.000000,117.000000,0.029578,41137408.000000,0.523066,0,1
45,49,44,63,47,33,56,50,
434.000000,117.000000,0.024042,8198699.000000,0.056035,0,1
50,42,54,48,51,62,60,70,
60.000000,118.000000,0.005435,25692342.000000,0.036360,0,1
90,89,83,82,80,76,76,72,
90.000000,119.000000,0.008272,19177492.000000,0.050960,0,1
87,84,86,76,81,85,74,75,
328.000000,119.000000,0.014094,64497304.000000,0.122546,0,1
39,40,41,39,48,44,49,52,
483.000000,119.000000,0.002326,47220360.000000,0.003997,0,1
74,49,81,43,70,85,54,71,
286.000000,121.000000,0.016705,75810128.000000,0.196585,0,1
81,83,78,76,75,71,72,64,
511.000000,121.000000,0.036101,13685688.000000,0.116407,0,1
25,35,32,38,37,42,46,50,
126.000000,122.000000,0.009365,24755406.000000,0.051257,0,1
62,65,62,72,65,61,74,71,
137.000000,122.000000,0.009655,72518088.000000,0.107971,0,1
62,56,65,52,57,60,53,54,
529.000000,123.000000,0.039587,92955944.000000,0.146828,0,1
34,27,48,31,37,56,28,35,
293.000000,124.000000,0.010912,52086488.000000,0.124388,0,1
71,71,60,71,57,50,65,47,
463.000000,124.000000,0.027520,10037482.000000,0.054216,0,1
79,72,57,60,53,55,40,43,
472.000000,124.000000,0.023355,24113542.000000,0.217777,0,1
41,50,36,31,33,29,34,29,
514.000000,124.000000,0.039657,58552008.000000,0.146098,0,1
41,44,28,48,47,26,46,52,
455.000000,125.000000,0.024819,10406707.000000,0.043741,0,1
71,64,65,51,59,36,40,28,
544.000000,125.000000,0.029980,27563150.000000,0.119889,0,1
46,49,40,33,36,26,16,16,
303.000000,126.000000,0.009778,30837818.000000,0.104061,0,1
51,57,42,47,47,39,45,39,
324.000000,126.000000,0.014491,32114840.000000,0.129787,0,1
40,56,36,36,41,37,34,32,
384.000000,126.000000,0.013151,12753029.000000,0.063006,0,1
58,53,49,43,42,41,41,47,
389.000000,126.000000,0.013210,12910322.000000,0.059231,0,1
44,43,51,38,43,49,35,45,
427.000000,126.000000,0.027205,23554408.000000,0.427703,0,1
57,41,44,44,38,38,39,30,
509.000000,126.000000,0.034652,51647716.000000,0.143438,0,1
35,28,45,31,35,51,27,25,
530.000000,126.000000,0.039895,41382180.000000,0.148644,0,1
53,35,53,26,38,30,23,16,
367.000000,127.000000,0.013012,55213088.000000,0.078335,0,1
50,68,43,65,53,36,54,40,
445.000000,127.000000,0.031987,45780160.000000,0.396027,0,1
61,40,54,31,42,30,29,34,
647.000000,127.000000,0.029097,8848553.000000,0.125862,0,1
36,27,27,22,41,29,35,48,
283.000000,128.000000,0.009716,94794920.000000,0.119264,0,1
73,80,63,72,66,47,61,45,
461.000000,128.000000,0.032665,12917921.000000,0.335971,0,1
33,35,45,35,43,44,31,33,
267.000000,130.000000,0.008111,56986264.000000,0.111704,0,1
69,68,59,68,60,53,62,55,
35.000000,131.000000,0.006941,28755330.000000,0.049677,0,1
63,61,65,65,63,73,71,77,
59.000000,131.000000,0.007220,62888352.000000,0.048475,0,1
57,57,63,61,61,69,63,68,
333.000000,131.000000,0.015858,54732572.000000,0.129385,0,1
25,22,31,28,35,34,28,40,
468.000000,131.000000,0.033461,23835354.000000,0.297459,0,1
42,44,40,30,36,27,22,20,
110.000000,132.000000,0.007473,57587220.000000,0.042922,0,1
66,61,67,57,65,72,57,60,
133.000000,132.000000,0.003868,56139396.000000,0.049401,0,1
56,56,51,57,47,48,52,47,
84.000000,133.000000,0.006588,19888796.000000,0.041043,0,1
50,49,53,41,49,50,41,41,
607.000000,133.000000,0.041953,30880294.000000,0.243786,0,1
25,24,32,28,28,37,30,26,
40.000000,134.000000,0.006007,361618752.000000,0.042331,0,1
63,73,60,79,65,54,72,60,
138.000000,134.000000,0.009022,100619352.000000,0.101301,0,1
61,56,70,52,56,61,49,46,
374.000000,134.000000,0.003107,37878684.000000,0.018744,0,1
49,45,45,47,39,44,31,28,
617.000000,134.000000,0.069025,25917294.000000,0.451254,0,1
23,19,22,20,23,28,26,26,
702.000000,134.000000,0.010842,21591714.000000,0.114074,0,1
17,25,15,37,17,15,28,18,
89.000000,135.000000,0.007206,94251176.000000,0.044246,0,1
59,54,64,48,56,67,50,49,
400.000000,135.000000,0.016301,5128827.500000,0.074692,0,1
36,32,46,28,38,37,31,30,
139.000000,136.000000,0.001994,87060480.000000,0.031094,0,1
64,50,61,50,58,62,49,54,
268.000000,136.000000,0.009135,190094688.000000,0.127550,0,1
45,58,41,59,46,39,51,42,
613.000000,136.000000,0.019031,77028432.000000,0.116757,0,1
30,36,24,42,34,30,38,29,
39.000000,137.000000,0.005559,519788384.000000,0.039225,0,1
72,76,60,81,67,54,76,62,
609.000000,137.000000,0.019064,55306368.000000,0.128501,0,1
30,31,36,22,32,41,23,27,
187.000000,142.000000,0.002241,209289312.000000,0.019633,0,1
63,73,56,74,63,50,72,65,
206.000000,142.000000,0.002736,279442944.000000,0.023004,0,1
62,66,44,65,46,37,59,41,
224.000000,142.000000,0.002451,21194762.000000,0.019335,0,1
71,69,67,61,58,56,51,42,
250.000000,142.000000,0.002732,91582424.000000,0.046102,0,1
70,59,68,50,53,58,47,38,
529.000000,143.000000,0.026003,6211700.000000,0.074889,0,1
28,32,23,31,31,18,37,34,
102.000000,144.000000,0.004322,45827628.000000,0.025276,0,1
48,58,43,54,47,40,54,44,
372.000000,144.000000,0.025287,8708906.000000,0.128804,0,1
24,23,25,27,33,31,32,28,
47.000000,145.000000,0.005016,92815136.000000,0.034584,0,1
60,54,64,46,54,62,42,44,
93.000000,145.000000,0.007310,26859128.000000,0.044288,0,1
54,51,45,45,44,38,39,34,
184.000000,147.000000,0.001483,25283868.000000,0.025675,0,1
74,66,70,58,58,70,45,43,
559.000000,147.000000,0.028964,29943038.000000,0.125654,0,1
21,23,22,26,35,25,48,41,
117.000000,148.000000,0.002769,201704720.000000,0.015342,0,1
55,65,53,61,54,47,41,39,
157.000000,148.000000,0.006039,89389680.000000,0.060044,0,1
68,60,73,55,59,65,42,45,
494.000000,148.000000,0.028890,7416592.000000,0.172860,0,1
17,20,20,27,28,22,32,25,
512.000000,150.000000,0.028341,28752264.000000,0.104771,0,1
22,22,25,24,29,35,35,34,
65.000000,151.000000,0.006324,12468117.000000,0.041588,0,1
50,45,50,39,44,43,36,33,
149.000000,151.000000,0.007379,144572544.000000,0.075649,0,1
37,34,45,39,44,52,44,52,
236.000000,151.000000,0.004194,121860008.000000,0.074986,0,1
60,50,63,38,43,44,29,29,
172.000000,152.000000,0.004360,106585632.000000,0.041773,0,1
54,60,47,64,56,52,49,28,
530.000000,152.000000,0.014596,28284156.000000,0.053522,0,1
42,32,46,33,28,33,24,16,
664.000000,152.000000,0.060650,90792496.000000,0.471720,0,1
25,36,20,38,29,25,26,13,
667.000000,152.000000,0.067147,9036704.000000,0.420718,0,1
28,23,42,21,38,41,20,14,
188.000000,153.000000,0.004313,48973552.000000,0.037335,0,1
67,49,61,32,35,39,26,23,
189.000000,153.000000,0.004500,29108564.000000,0.039748,0,1
67,59,59,33,36,33,24,28,
536.000000,153.000000,0.035099,10621743.000000,0.133370,0,1
23,28,23,15,17,23,11,18,
107.000000,154.000000,0.005152,74771744.000000,0.029690,0,1
43,36,43,32,37,53,33,33,
145.000000,154.000000,0.006661,106787272.000000,0.069644,0,1
49,42,43,33,39,38,30,28,
628.000000,154.000000,0.070963,31896482.000000,0.489070,0,1
28,30,25,27,21,14,26,18,
117.000000,155.000000,0.008189,56014176.000000,0.045921,0,1
53,56,47,47,44,34,33,31,
129.000000,155.000000,0.005400,44240864.000000,0.028839,0,1
47,47,47,46,39,36,38,33,
135.000000,155.000000,0.003245,70549848.000000,0.035782,0,1
39,38,42,34,40,44,33,36,
257.000000,155.000000,0.008766,115395080.000000,0.127659,0,1
57,49,46,32,43,37,30,34,
275.000000,158.000000,0.024492,39991832.000000,0.297199,0,1
23,32,21,33,22,20,32,23,
569.000000,159.000000,0.066069,10524415.000000,0.334762,0,1
15,23,13,22,18,14,23,24,
281.000000,160.000000,0.024598,12465179.000000,0.297447,0,1
19,22,20,30,24,20,33,32,
157.000000,162.000000,0.021507,43475992.000000,0.209271,0,1
32,31,38,28,38,46,33,38,
309.000000,162.000000,0.036041,71648120.000000,0.320277,0,1
25,32,16,25,25,15,30,25,
568.000000,162.000000,0.067969,15013201.000000,0.344550,0,1
23,21,24,16,21,23,16,17,
230.000000,165.000000,0.019875,42514008.000000,0.327443,0,1
29,27,33,25,43,49,32,30,
302.000000,167.000000,0.033293,15848722.000000,0.326029,0,1
28,26,26,24,19,20,20,13,
332.000000,167.000000,0.043414,3034925.750000,0.329372,0,1
17,17,17,23,22,20,29,26,
172.000000,168.000000,0.021224,75117888.000000,0.197503,0,1
40,38,47,27,39,35,26,29,
188.000000,168.000000,0.020959,37285352.000000,0.174571,0,1
24,28,29,32,36,33,35,44,
295.000000,168.000000,0.031870,19541346.000000,0.325984,0,1
21,24,16,20,18,13,23,18,
338.000000,168.000000,0.045805,12417484.000000,0.306286,0,1
18,16,23,24,21,31,32,27,
190.000000,169.000000,0.020574,45425964.000000,0.185361,0,1
28,39,28,46,41,30,48,41,
342.000000,169.000000,0.048654,23379840.000000,0.312977,0,1
21,31,19,32,22,18,31,26,
410.000000,169.000000,0.074855,28940264.000000,0.996748,0,1
24,35,20,40,26,22,36,28,
589.000000,169.000000,0.064856,7055754.000000,0.366459,0,1
17,18,18,19,19,21,21,27,
136.000000,170.000000,0.022746,73145336.000000,0.239273,0,1
25,35,25,35,29,25,39,38,
169.000000,170.000000,0.023096,37395588.000000,0.216432,0,1
26,31,25,42,31,28,39,37,
241.000000,170.000000,0.022845,22598410.000000,0.147934,0,1
32,31,30,40,39,40,52,56,
319.000000,170.000000,0.038360,16454497.000000,0.327010,0,1
25,23,23,24,16,18,18,12,
136.000000,171.000000,0.022738,69660736.000000,0.243049,0,1
27,38,26,35,32,28,42,36,
331.000000,172.000000,0.046367,5954704.000000,0.329306,0,1
26,23,25,18,18,20,12,12,
161.000000,173.000000,0.022436,19158918.000000,0.208897,0,1
34,37,31,57,45,45,64,77,
498.000000,174.000000,0.093145,3369061.500000,0.362910,0,1
21,22,20,21,20,15,21,19,
302.000000,176.000000,0.034480,20802058.000000,0.331169,0,1
14,21,12,25,15,12,23,22,
342.000000,176.000000,0.050382,6887505.000000,0.324458,0,1
21,23,16,23,18,17,24,20,
256.000000,179.000000,0.030964,11359826.000000,0.171622,0,1
48,54,46,54,49,47,42,33,
263.000000,179.000000,0.037911,24887084.000000,0.480539,0,1
53,54,55,50,49,54,41,27,
289.000000,179.000000,0.030647,29055294.000000,0.327949,0,1
39,41,35,36,34,29,22,16,
329.000000,180.000000,0.044015,15205916.000000,0.328833,0,1
16,21,12,22,16,11,21,17,
410.000000,180.000000,0.047348,2743077.500000,0.765875,0,1
27,30,21,31,24,19,29,27,
160.000000,181.000000,0.029471,36049772.000000,0.270592,0,1
73,75,74,87,87,76,87,79,
226.000000,181.000000,0.033662,36595020.000000,0.124834,0,1
60,58,60,41,41,46,34,28,
319.000000,181.000000,0.036215,9560398.000000,0.242457,0,1
12,18,12,24,12,11,21,18,
422.000000,181.000000,0.073760,5255034.000000,0.885035,0,1
18,17,22,22,23,28,29,26,
306.000000,183.000000,0.035108,16655957.000000,0.324324,0,1
17,10,16,22,13,21,27,24,
151.000000,184.000000,0.033966,67485808.000000,0.322058,0,1
78,77,82,76,84,93,83,83,
450.000000,185.000000,0.084170,6526273.000000,0.712644,0,1
17,21,19,30,29,26,33,29,
99.000000,186.000000,0.032128,10708072.000000,0.203490,0,1
82,85,83,85,80,74,75,76,
460.000000,186.000000,0.086229,7485610.000000,0.644992,0,1
12,15,15,24,20,21,31,32,
301.000000,188.000000,0.030981,34671532.000000,0.304646,0,1
22,22,24,8,16,26,8,8,
90.000000,189.000000,0.033712,8485251.000000,0.220671,0,1
83,87,87,86,78,76,76,77,
303.000000,189.000000,0.031611,33309900.000000,0.305881,0,1
23,24,24,9,16,19,8,8,
464.000000,189.000000,0.088117,2653962.500000,0.625720,0,1
30,35,34,26,29,31,24,24,
474.000000,189.000000,0.091495,5593053.000000,0.565697,0,1
16,22,20,31,30,29,34,24,
215.000000,191.000000,0.059613,10075578.000000,0.150639,0,1
64,64,61,64,59,54,58,51,
437.000000,192.000000,0.077235,7612361.000000,0.797333,0,1
28,21,23,17,19,19,12,11,
508.000000,193.000000,0.102295,10446057.000000,0.400964,0,1
15,17,17,29,25,23,38,36,
515.000000,194.000000,0.104349,8493353.000000,0.434004,0,1
19,20,15,29,24,18,35,36,
445.000000,195.000000,0.085022,19584098.000000,0.775395,0,1
27,20,31,16,23,32,18,23,
244.000000,196.000000,0.018704,6944122.000000,0.074138,0,1
12,12,16,14,16,15,24,21,
583.000000,196.000000,0.125475,35486308.000000,0.838989,0,1
17,19,11,20,16,8,19,16,
255.000000,197.000000,0.020940,4017398.250000,0.065144,0,1
14,25,13,26,16,12,15,12,
539.000000,197.000000,0.114006,9679685.000000,0.575741,0,1
11,11,11,19,16,15,28,34,
373.000000,198.000000,0.068807,4592722.500000,0.322929,0,1
23,23,22,26,26,28,32,31,
445.000000,198.000000,0.086459,24696410.000000,0.789626,0,1
23,18,30,16,23,31,17,22,
221.000000,199.000000,0.087355,150034240.000000,0.391617,0,1
44,56,39,60,48,41,60,51,
513.000000,200.000000,0.114567,20754662.000000,0.492031,0,1
24,24,23,29,31,27,34,33,
557.000000,200.000000,0.118798,17112532.000000,0.680489,0,1
16,17,15,27,25,22,37,42,
233.000000,204.000000,0.048626,90672656.000000,0.683984,0,1
32,40,24,47,39,20,50,48,
248.000000,205.000000,0.085563,224715360.000000,0.944756,0,1
17,23,27,60,70,78,104,109,
590.000000,205.000000,0.130502,21783526.000000,0.928007,0,1
14,16,17,27,24,24,35,38,
456.000000,206.000000,0.094297,65490704.000000,0.759348,0,1
35,33,39,32,47,36,33,50,
486.000000,206.000000,0.105414,104957968.000000,0.578404,0,1
32,34,32,60,40,33,71,54,
222.000000,207.000000,0.086957,79554808.000000,0.393265,0,1
41,47,40,55,43,42,47,40,
254.000000,207.000000,0.084934,1442092544.000000,0.427975,0,1
47,95,15,107,65,13,99,75,
400.000000,207.000000,0.077900,132783528.000000,1.177476,0,1
91,91,88,82,76,70,53,45,
237.000000,209.000000,0.086249,2075784960.000000,1.011639,0,1
68,44,101,39,66,105,40,63,
615.000000,209.000000,0.145167,41323972.000000,1.222200,0,1
11,18,17,32,27,18,35,33,
630.000000,209.000000,0.161448,56684428.000000,0.822825,0,1
27,20,28,13,26,29,21,29,
513.000000,210.000000,0.116284,114095552.000000,0.516747,0,1
31,35,33,68,51,33,69,63,
627.000000,211.000000,0.159902,18924956.000000,0.803953,0,1
14,14,15,17,17,24,24,25,
319.000000,212.000000,0.047611,3814651.750000,0.429079,0,1
20,18,17,22,24,25,28,28,
466.000000,212.000000,0.097866,236372768.000000,0.717382,0,1
76,77,40,76,53,33,68,37,
641.000000,212.000000,0.161117,75662152.000000,0.860383,0,1
19,24,13,26,18,12,24,17,
233.000000,213.000000,0.080118,55846392.000000,0.986547,0,1
39,46,35,52,38,35,49,43,
445.000000,213.000000,0.087251,24675460.000000,0.836547,0,1
22,18,31,17,22,32,18,22,
422.000000,214.000000,0.081032,20317298.000000,1.003577,0,1
15,18,16,25,26,21,26,23,
660.000000,214.000000,0.158968,2319549.500000,0.926000,0,1
10,11,10,11,12,11,14,19,
495.000000,215.000000,0.109072,174334800.000000,0.574224,0,1
33,35,37,45,44,60,36,45,
233.000000,216.000000,0.079411,8191289.000000,0.461764,0,1
39,49,36,48,47,37,48,46,
430.000000,216.000000,0.083630,22258736.000000,0.956393,0,1
13,14,14,27,22,16,29,28,
505.000000,217.000000,0.113659,91760048.000000,0.486650,0,1
34,48,35,75,59,43,76,77,
393.000000,218.000000,0.077805,57572244.000000,1.276074,0,1
39,32,45,28,38,46,28,28,
247.000000,220.000000,0.088610,95731960.000000,0.998071,0,1
107,106,104,94,90,86,66,62,
239.000000,221.000000,0.088022,1126403840.000000,1.028639,0,1
101,70,96,42,69,72,49,57,
378.000000,221.000000,0.075973,185809552.000000,1.438080,0,1
28,30,32,46,47,50,63,68,
401.000000,221.000000,0.078048,214143296.000000,1.202218,0,1
26,24,23,48,47,47,63,67,
623.000000,221.000000,0.158331,3709905.500000,0.819316,0,1
17,13,13,26,22,19,29,30,
458.000000,222.000000,0.094271,147962752.000000,0.800812,0,1
76,65,76,39,63,72,37,35,
332.000000,224.000000,0.079004,51164692.000000,0.548269,0,1
26,24,26,30,34,39,51,67,
338.000000,224.000000,0.077598,71280144.000000,0.518753,0,1
27,26,30,45,48,52,62,72,
641.000000,224.000000,0.160878,18164596.000000,0.869038,0,1
21,24,17,27,22,16,25,23,
348.000000,225.000000,0.076527,52502388.000000,0.480433,0,1
44,58,61,57,63,68,68,68,
431.000000,225.000000,0.081828,146190896.000000,0.963374,0,1
33,43,36,50,47,43,53,56,
520.000000,225.000000,0.119094,133602456.000000,0.584186,0,1
80,60,79,36,61,80,35,44,
523.000000,225.000000,0.120100,229409440.000000,0.601375,0,1
55,79,39,78,73,36,80,76,
222.000000,227.000000,0.082010,139593232.000000,1.079864,0,1
38,42,34,46,39,38,46,41,
480.000000,227.000000,0.102943,210268176.000000,0.701731,0,1
45,35,71,34,50,71,35,51,
532.000000,228.000000,0.122668,190373680.000000,0.657257,0,1
80,78,78,73,61,80,41,35,
194.000000,230.000000,0.079464,103583248.000000,1.213426,0,1
64,67,59,65,60,54,61,59,
461.000000,231.000000,0.091510,23048276.000000,0.802353,0,1
33,30,32,20,25,29,16,15,
178.000000,232.000000,0.082721,8627937.000000,1.369497,0,1
75,73,71,67,67,66,63,63,
262.000000,232.000000,0.084448,90640720.000000,0.894934,0,1
33,36,41,45,50,55,63,74,
246.000000,233.000000,0.088457,71961816.000000,1.014833,0,1
59,56,57,53,49,47,33,62,
454.000000,233.000000,0.092045,66214444.000000,0.864694,0,1
18,21,19,35,26,17,41,39,
468.000000,233.000000,0.095136,18767394.000000,0.778919,0,1
32,30,31,20,26,30,18,18,
544.000000,233.000000,0.127979,678532224.000000,0.753645,0,1
79,80,68,80,59,38,67,45,
556.000000,233.000000,0.132611,609771840.000000,0.842519,0,1
60,74,37,66,58,33,39,34,
202.000000,234.000000,0.083431,41135340.000000,1.210980,0,1
51,54,52,56,55,55,58,61,
261.000000,234.000000,0.085514,77154736.000000,0.910344,0,1
47,61,66,72,73,74,77,77,
454.000000,234.000000,0.092383,78785352.000000,0.869911,0,1
19,33,19,45,35,19,43,42,
544.000000,234.000000,0.127833,691173504.000000,0.754385,0,1
75,75,43,79,47,35,67,46,
280.000000,235.000000,0.088368,9276180.000000,0.838006,0,1
73,72,75,78,77,77,82,83,
369.000000,240.000000,0.096310,14832947.000000,1.800846,0,1
76,80,78,77,76,72,69,69,
473.000000,241.000000,0.100770,148099280.000000,0.804691,0,1
16,21,20,39,36,33,46,49,
639.000000,241.000000,0.163800,92455672.000000,0.901218,0,1
25,29,20,31,24,16,28,24,
521.000000,243.000000,0.117884,224680624.000000,0.630979,0,1
60,42,66,35,38,51,34,33,
430.000000,244.000000,0.099478,8052371.500000,1.143296,0,1
61,66,64,68,67,66,68,72,
435.000000,246.000000,0.101893,8285867.000000,1.118880,0,1
63,64,63,69,68,67,70,70,
324.000000,247.000000,0.102515,20373938.000000,0.735363,0,1
63,68,65,72,71,73,76,78,
452.000000,247.000000,0.104344,36411328.000000,0.994433,0,1
66,67,65,67,71,71,76,77,
288.000000,248.000000,0.103240,8149922.000000,0.915211,0,1
80,79,76,75,73,70,71,73,
303.000000,249.000000,0.103635,13053967.000000,0.842363,0,1
68,70,69,74,75,76,79,76,
359.000000,251.000000,0.107543,26867810.000000,2.094481,0,1
76,74,72,66,69,51,64,75,
363.000000,251.000000,0.108435,50524292.000000,2.017867,0,1
73,70,73,51,67,73,67,74,
504.000000,251.000000,0.112109,214478800.000000,0.727479,0,1
12,16,15,35,31,29,48,52,
356.000000,252.000000,0.107699,14837093.000000,2.131661,0,1
73,73,66,73,68,64,70,72,
361.000000,252.000000,0.108402,65381656.000000,2.049825,0,1
68,57,55,68,68,68,75,77,
500.000000,252.000000,0.111093,181173488.000000,0.746890,0,1
24,45,39,55,46,48,52,55,
532.000000,259.000000,0.121714,45557772.000000,0.714798,0,1
20,27,21,37,31,25,40,42,
279.000000,260.000000,0.115592,11659592.000000,1.051970,0,1
71,72,72,72,75,76,80,83,
143.000000,262.000000,0.115713,36122792.000000,1.974309,0,1
68,68,68,67,65,58,66,68,
283.000000,262.000000,0.116069,12713922.000000,1.036717,0,1
79,81,77,81,76,71,75,76,
147.000000,263.000000,0.113900,58971304.000000,1.940843,0,1
66,57,62,58,63,70,70,74,
258.000000,263.000000,0.117941,12180023.000000,1.198204,0,1
72,72,74,78,79,81,81,83,
357.000000,267.000000,0.125077,37251164.000000,2.295285,0,1
72,70,68,79,79,77,83,78,
214.000000,268.000000,0.124661,8674244.000000,1.530807,0,1
67,69,68,71,70,71,73,76,
302.000000,268.000000,0.124770,15193097.000000,0.999641,0,1
74,72,72,69,70,68,66,67,
404.000000,268.000000,0.126165,49168884.000000,1.670981,0,1
74,72,73,70,72,72,75,81,
232.000000,269.000000,0.123387,46094008.000000,1.400791,0,1
70,76,69,78,72,68,78,73,
575.000000,269.000000,0.136395,20686688.000000,0.752395,0,1
32,30,31,22,24,29,16,14,
576.000000,269.000000,0.136730,21570126.000000,0.753254,0,1
32,31,31,23,26,31,16,14,
100.000000,274.000000,0.129803,8515534.000000,2.524604,0,1
71,72,72,73,73,75,76,78,
294.000000,274.000000,0.130686,33764120.000000,1.082007,0,1
66,69,67,74,73,75,78,78,
533.000000,275.000000,0.138035,298804928.000000,0.507388,0,1
88,97,92,81,72,62,49,54,
551.000000,275.000000,0.137768,51934524.000000,0.544608,0,1
76,88,85,71,83,77,44,42,
596.000000,276.000000,0.145081,17930004.000000,0.821593,0,1
31,28,30,19,24,28,16,18,
498.000000,277.000000,0.139896,159693536.000000,0.450719,0,1
72,76,74,90,95,102,113,104,
578.000000,277.000000,0.140594,105959904.000000,0.810380,0,1
15,17,17,26,29,30,40,41,
476.000000,278.000000,0.141596,84950640.000000,1.133693,0,1
71,71,69,74,73,73,81,104,
482.000000,278.000000,0.141390,128686472.000000,0.564473,0,1
73,71,74,74,78,81,92,116,
529.000000,278.000000,0.141163,370903776.000000,0.518930,0,1
59,44,50,44,64,76,77,91,
585.000000,278.000000,0.140853,84897264.000000,0.816071,0,1
17,22,20,38,33,29,43,45,
538.000000,279.000000,0.141414,139662256.000000,0.541125,0,1
35,64,49,88,71,54,68,61,
305.000000,280.000000,0.136755,13081342.000000,3.388588,0,1
77,78,81,77,77,74,71,68,
513.000000,280.000000,0.141592,112227800.000000,0.492182,0,1
54,47,42,63,59,58,69,71,
525.000000,280.000000,0.142891,295648256.000000,0.522402,0,1
37,47,59,68,81,92,97,110,
215.000000,281.000000,0.136699,13461729.000000,1.637058,0,1
78,76,77,76,73,70,70,72,
487.000000,281.000000,0.143305,68269616.000000,0.261997,0,1
108,112,110,97,86,78,51,42,
565.000000,281.000000,0.144064,81264392.000000,0.619596,0,1
89,85,92,49,64,82,31,29,
331.000000,282.000000,0.140230,20762510.000000,2.898319,0,1
83,80,80,76,75,77,70,71,
480.000000,282.000000,0.144749,75612672.000000,0.260047,0,1
117,120,113,101,88,73,52,39,
638.000000,284.000000,0.164585,21779070.000000,0.967098,0,1
27,32,23,32,27,23,32,28,
652.000000,284.000000,0.171008,10948796.000000,1.010101,0,1
7,10,8,24,17,12,27,29,
286.000000,285.000000,0.142068,2812739.750000,1.214110,0,1
80,84,82,82,80,76,77,72,
575.000000,285.000000,0.146665,14920510.000000,0.366591,0,1
89,78,94,31,47,79,26,26,
188.000000,286.000000,0.142244,10410661.000000,1.883614,0,1
74,73,75,75,77,77,79,83,
450.000000,286.000000,0.148458,75297880.000000,0.254038,0,1
115,120,112,100,92,80,57,53,
612.000000,286.000000,0.152091,55853304.000000,0.907097,0,1
17,19,19,28,25,25,35,40,
292.000000,287.000000,0.145576,4694840.000000,1.210724,0,1
69,64,68,61,71,79,76,75,
423.000000,287.000000,0.148910,43425992.000000,0.435686,0,1
76,75,79,86,95,99,108,108,
440.000000,287.000000,0.150177,59440292.000000,0.253880,0,1
108,115,114,105,98,90,70,52,
444.000000,287.000000,0.149393,75957984.000000,0.254388,0,1
115,112,107,90,81,71,54,49,
540.000000,287.000000,0.154194,12527017.000000,0.945660,0,1
50,51,56,56,60,64,65,66,
591.000000,287.000000,0.150725,58021812.000000,0.611895,0,1
19,27,20,58,42,28,78,93,
602.000000,287.000000,0.152865,190902512.000000,0.905099,0,1
24,24,24,24,29,34,38,45,
430.000000,288.000000,0.150922,47725432.000000,0.228881,0,1
100,111,116,106,105,101,80,51,
435.000000,288.000000,0.150555,67109224.000000,0.254581,0,1
114,117,111,99,92,82,60,51,
441.000000,288.000000,0.149881,69611480.000000,0.255460,0,1
114,98,90,70,60,54,52,61,
455.000000,288.000000,0.148122,37001728.000000,0.435791,0,1
65,49,58,55,62,75,71,75,
530.000000,288.000000,0.148828,13108738.000000,0.977364,0,1
48,53,50,61,58,58,64,67,
583.000000,288.000000,0.152138,32410818.000000,0.603118,0,1
82,67,74,32,47,61,28,37,
593.000000,288.000000,0.151568,76450344.000000,0.620044,0,1
19,34,24,75,57,37,92,96,
642.000000,290.000000,0.159363,13089222.000000,0.988073,0,1
15,19,12,22,14,10,23,27,
409.000000,292.000000,0.153365,78841496.000000,0.468369,0,1
116,118,115,102,91,84,80,75,
570.000000,292.000000,0.157846,67759632.000000,0.944278,0,1
26,27,27,37,38,39,50,50,
278.000000,293.000000,0.151069,35860204.000000,1.331990,0,1
79,76,73,71,68,64,64,67,
504.000000,293.000000,0.157236,30478850.000000,0.316148,0,1
108,111,104,107,88,80,81,74,
564.000000,293.000000,0.157850,103748968.000000,0.955758,0,1
26,32,33,46,49,48,53,56,
610.000000,293.000000,0.158780,36465188.000000,0.682523,0,1
45,51,46,80,63,51,95,98,
392.000000,294.000000,0.155119,49928648.000000,0.494780,0,1
109,113,108,103,95,91,81,73,
539.000000,294.000000,0.157394,63794512.000000,1.003462,0,1
63,63,64,50,49,53,38,32,
613.000000,294.000000,0.159875,33615092.000000,0.693291,0,1
47,51,44,86,65,49,96,99,
652.000000,294.000000,0.162570,31292716.000000,1.162339,0,1
10,11,10,27,21,13,29,31,
268.000000,296.000000,0.154236,76082344.000000,1.417760,0,1
75,72,72,70,68,66,60,45,
350.000000,296.000000,0.157726,51311044.000000,2.750564,0,1
75,74,77,74,76,81,85,104,
359.000000,296.000000,0.156896,63852768.000000,0.948069,0,1
74,73,78,87,94,102,103,106,
638.000000,296.000000,0.163752,67541912.000000,1.021224,0,1
22,27,26,38,34,33,45,50,
657.000000,296.000000,0.163420,52332548.000000,1.175655,0,1
11,17,12,28,24,16,33,38,
279.000000,297.000000,0.154277,89058168.000000,1.352922,0,1
69,67,68,55,59,61,42,40,
611.000000,297.000000,0.161010,17702170.000000,0.703339,0,1
97,95,100,64,77,90,62,62,
263.000000,298.000000,0.153875,136845472.000000,1.452976,0,1
69,67,65,53,48,46,39,39,
615.000000,298.000000,0.163334,16788310.000000,0.714515,0,1
95,97,100,69,81,93,61,59,
626.000000,298.000000,0.164169,45658772.000000,0.739139,0,1
50,57,54,93,77,62,103,88,
369.000000,295.000000,0.155673,57410864.000000,0.529426,0,1
75,78,83,101,104,106,109,105,
279.000000,292.000000,0.150261,24423790.000000,1.316067,0,1
80,79,76,76,73,68,68,66,
333.000000,282.000000,0.140299,18406428.000000,2.859350,0,1
83,80,81,75,77,76,70,70,
566.000000,278.000000,0.140992,74696000.000000,0.600219,0,1
32,37,30,75,55,42,89,92,
310.000000,275.000000,0.132118,44777532.000000,3.203319,0,1
68,72,67,77,73,74,78,83,
304.000000,273.000000,0.129971,26002672.000000,1.023125,0,1
65,67,67,72,75,72,76,79,
402.000000,270.000000,0.128199,102793824.000000,1.710835,0,1
70,71,75,69,75,81,75,78,
234.000000,270.000000,0.124900,32012100.000000,1.398697,0,1
68,67,69,72,71,76,70,75,
450.000000,263.000000,0.123181,30349966.000000,1.170842,0,1
65,67,66,72,73,72,78,83,
324.000000,262.000000,0.119371,19201986.000000,2.764291,0,1
77,81,82,82,80,78,75,72,
234.000000,254.000000,0.108510,40129300.000000,1.258088,0,1
81,82,83,74,78,76,70,69,
497.000000,249.000000,0.110141,115366552.000000,0.741480,0,1
14,22,16,37,25,18,45,49,
485.000000,246.000000,0.106858,97445672.000000,0.778011,0,1
20,24,19,45,30,22,50,51,
523.000000,243.000000,0.119687,261968880.000000,0.634170,0,1
74,66,57,38,51,36,35,34,
550.000000,242.000000,0.130375,665649280.000000,0.816047,0,1
66,39,78,34,67,78,37,67,
480.000000,241.000000,0.101590,117150352.000000,0.763679,0,1
16,17,16,28,25,25,43,47,
467.000000,240.000000,0.100034,148852480.000000,0.835891,0,1
19,23,21,36,33,25,48,49,
229.000000,238.000000,0.091631,44431180.000000,1.133721,0,1
44,40,53,49,63,75,71,72,
501.000000,236.000000,0.110553,104380520.000000,0.652817,0,1
70,47,75,37,50,75,34,33,
243.000000,235.000000,0.089243,99740200.000000,1.034076,0,1
54,35,33,45,55,61,70,76,
479.000000,25.000000,0.034741,191592384.000000,0.132869,0,1
79,105,92,124,100,84,121,116,
353.000000,223.000000,0.075415,67078112.000000,0.453473,0,1
27,28,30,52,57,61,67,68,
360.000000,222.000000,0.075723,77858400.000000,0.429669,0,1
29,28,29,39,43,47,65,68,
481.000000,29.000000,0.039827,84675088.000000,0.132459,0,1
82,111,74,117,100,79,122,121,
221.000000,216.000000,0.041066,57096944.000000,0.281473,0,1
38,48,38,51,39,38,48,40,
575.000000,32.000000,0.052563,24073936.000000,0.192666,0,1
104,87,118,86,114,117,98,110,
529.000000,214.000000,0.122312,191366672.000000,0.619321,0,1
34,47,35,71,64,33,75,68,
609.000000,35.000000,0.063432,102372624.000000,0.303523,0,1
92,108,92,112,103,88,107,100,
468.000000,209.000000,0.098495,167739984.000000,0.693348,0,1
34,66,32,76,37,32,52,34,
492.000000,36.000000,0.033884,72601992.000000,0.082246,0,1
69,53,85,55,70,98,62,58,
629.000000,206.000000,0.161506,76172512.000000,0.817485,0,1
23,16,27,16,22,29,14,20,
608.000000,44.000000,0.044231,58018044.000000,0.286883,0,1
107,110,94,110,100,94,108,95,
252.000000,204.000000,0.085263,409065248.000000,0.918324,0,1
16,17,17,30,36,25,83,104,
516.000000,45.000000,0.040734,126343456.000000,0.349027,0,1
110,101,78,81,94,80,81,64,
568.000000,46.000000,0.047578,167561600.000000,0.261699,0,1
93,80,108,74,100,108,84,92,
218.000000,191.000000,0.074698,36046376.000000,0.212870,0,1
53,57,49,56,49,41,44,41,
485.000000,189.000000,0.094620,7189807.000000,0.510503,0,1
13,12,17,18,16,15,30,34,
471.000000,188.000000,0.088335,6183461.000000,0.587160,0,1
12,18,14,31,26,22,33,29,
405.000000,53.000000,0.073399,177478432.000000,0.188200,0,1
115,114,114,112,111,113,100,62,
96.000000,187.000000,0.032723,12319521.000000,0.209606,0,1
83,85,85,87,81,75,76,76,
296.000000,186.000000,0.028359,23935152.000000,0.291975,0,1
20,19,23,9,14,22,8,7,
270.000000,180.000000,0.033899,32951838.000000,0.407042,0,1
55,49,50,43,42,40,26,18,
404.000000,55.000000,0.074385,629244864.000000,0.343341,0,1
112,107,95,91,68,68,56,43,
218.000000,180.000000,0.061625,54036364.000000,0.169659,0,1
63,71,45,69,61,41,61,55,
492.000000,57.000000,0.042850,79265200.000000,0.167819,0,1
78,101,79,104,104,87,104,97,
34.000000,179.000000,0.029036,4559146.500000,0.219137,0,1
37,39,40,55,57,59,67,67,
50.000000,178.000000,0.032199,5957440.000000,0.234649,0,1
35,40,42,54,57,60,70,69,
39.000000,178.000000,0.022117,3655016.250000,0.162206,0,1
38,37,39,41,45,47,61,69,
392.000000,60.000000,0.074472,533000256.000000,0.360970,0,1
30,42,33,91,71,60,107,109,
630.000000,60.000000,0.049501,37732200.000000,0.213517,0,1
87,94,65,93,80,57,82,68,
593.000000,61.000000,0.017607,527052672.000000,0.129265,0,1
90,92,57,97,71,50,81,73,
410.000000,174.000000,0.074961,17973122.000000,1.001249,0,1
28,32,22,33,25,21,31,25,
279.000000,173.000000,0.025572,26432166.000000,0.298998,0,1
25,30,27,40,35,29,40,40,
556.000000,65.000000,0.044158,121832072.000000,0.217472,0,1
54,58,83,67,78,81,66,78,
560.000000,65.000000,0.033550,50271556.000000,0.200899,0,1
75,77,94,81,91,100,88,99,
357.000000,171.000000,0.046079,2804610.250000,0.279302,0,1
17,19,21,24,21,24,30,29,
358.000000,70.000000,0.016180,80883104.000000,0.123767,0,1
108,104,104,96,100,93,89,85,
594.000000,70.000000,0.015639,360483168.000000,0.109226,0,1
71,84,45,81,64,39,50,47,
702.000000,166.000000,0.022299,354583520.000000,0.221660,0,1
17,29,14,41,18,12,29,18,
294.000000,161.000000,0.027557,9386628.000000,0.283475,0,1
18,18,20,20,26,24,25,31,
323.000000,79.000000,0.016238,21736552.000000,0.158236,0,1
100,89,100,90,88,99,84,81,
533.000000,81.000000,0.038834,246664688.000000,0.160048,0,1
46,34,72,34,55,82,42,71,
337.000000,82.000000,0.015852,37929016.000000,0.139515,0,1
82,70,85,61,76,83,57,67,
343.000000,82.000000,0.015565,72312672.000000,0.128671,0,1
80,77,75,78,71,71,61,53,
489.000000,82.000000,0.040686,61604096.000000,0.324100,0,1
56,57,65,61,79,84,66,80,
171.000000,157.000000,0.004897,60834240.000000,0.045877,0,1
23,33,22,40,36,32,41,34,
475.000000,90.000000,0.025206,32436368.000000,0.254997,0,1
51,75,62,68,55,61,76,58,
716.000000,151.000000,0.026211,234948224.000000,0.272831,0,1
28,38,27,51,34,24,40,22,
318.000000,93.000000,0.016466,156617936.000000,0.161412,0,1
63,69,53,79,62,55,76,73,
585.000000,96.000000,0.016575,499805152.000000,0.091992,0,1
50,25,60,23,50,62,27,48,
557.000000,147.000000,0.029495,58707604.000000,0.126581,0,1
15,16,23,19,26,35,27,41,
140.000000,147.000000,0.009197,268883584.000000,0.097548,0,1
51,59,47,62,59,50,43,35,
515.000000,100.000000,0.040611,58024560.000000,0.194844,0,1
38,33,39,30,42,59,33,47,
381.000000,102.000000,0.015359,75373784.000000,0.083184,0,1
74,65,88,65,78,87,71,78,
236.000000,143.000000,0.003189,81481704.000000,0.055293,0,1
72,60,69,52,59,62,38,35,
211.000000,143.000000,0.002305,203252864.000000,0.017868,0,1
65,54,72,44,62,71,45,36,
422.000000,104.000000,0.025184,12140555.000000,0.077744,0,1
76,62,81,56,65,77,50,56,
192.000000,142.000000,0.002366,180917856.000000,0.020214,0,1
70,57,73,50,65,73,49,64,
391.000000,136.000000,0.013796,6466331.500000,0.058484,0,1
37,35,43,30,38,30,27,26,
693.000000,108.000000,0.069668,322075776.000000,0.500189,0,1
39,27,58,21,46,62,33,48,
141.000000,109.000000,0.009665,25525562.000000,0.102841,0,1
78,71,73,69,67,65,65,60,
692.000000,109.000000,0.069388,337014912.000000,0.496705,0,1
27,21,46,25,33,57,19,40,
69.000000,134.000000,0.006332,142532400.000000,0.041219,0,1
73,72,64,66,61,54,62,48,
557.000000,111.000000,0.016718,69978280.000000,0.077828,0,1
22,19,30,17,26,38,21,32,
515.000000,126.000000,0.039485,40048976.000000,0.137436,0,1
31,53,26,44,36,27,36,28,
455.000000,126.000000,0.026916,17841648.000000,0.047485,0,1
71,62,44,39,36,34,36,33,
322.000000,126.000000,0.015849,18491068.000000,0.140970,0,1
60,39,56,31,36,41,32,30,
158.000000,125.000000,0.009105,91103728.000000,0.092845,0,1
52,50,59,51,62,66,56,66,
556.000000,123.000000,0.030506,38520416.000000,0.131861,0,1
37,26,42,34,33,33,20,16,
413.000000,122.000000,0.032200,59862540.000000,0.568681,0,1
58,48,42,57,44,40,47,41,
571.000000,121.000000,0.032307,21184282.000000,0.153222,0,1
54,53,46,54,49,38,49,25,
356.000000,117.000000,0.015757,170108144.000000,0.105675,0,1
45,56,77,59,68,77,47,68,
494.000000,121.000000,0.037556,84327464.000000,0.105360,0,1
77,78,59,59,65,38,40,39,
495.000000,120.000000,0.039267,78216048.000000,0.111851,0,1
52,77,41,78,59,52,65,35,
87.000000,118.000000,0.008037,12642480.000000,0.049970,0,1
88,81,86,75,80,84,73,71,
395.000000,119.000000,0.023358,26601786.000000,0.101100,0,1
76,70,79,64,71,77,62,66,
166.000000,118.000000,0.008818,92197760.000000,0.084076,0,1
71,68,79,65,74,83,68,74,
125.000000,122.000000,0.008482,21910400.000000,0.046501,0,1
64,67,62,73,69,58,72,70,
322.000000,125.000000,0.014908,39554584.000000,0.133088,0,1
54,54,59,32,53,43,34,30,
306.000000,248.000000,0.103311,15181969.000000,0.822009,0,1
65,66,65,69,70,71,76,75,
496.000000,132.000000,0.012128,45609896.000000,0.077966,0,1
29,21,29,19,28,28,18,25,
475.000000,111.000000,0.023405,61330180.000000,0.214535,0,1
65,64,52,63,65,66,56,52,
242.000000,235.000000,0.089373,89663984.000000,1.038620,0,1
52,36,35,41,50,59,67,75,
448.000000,232.000000,0.090689,115136176.000000,0.897044,0,1
24,35,21,47,36,28,48,52,
151.000000,108.000000,0.008552,95610632.000000,0.087587,0,1
84,81,73,79,70,64,70,66,
374.000000,221.000000,0.075274,171357872.000000,1.468200,0,1
26,27,29,39,43,46,62,70,
520.000000,220.000000,0.118040,72486344.000000,0.568243,0,1
33,42,35,72,58,37,78,80,
253.000000,141.000000,0.002744,399308608.000000,0.042463,0,1
68,68,55,68,56,40,58,45,
428.000000,215.000000,0.083085,17245874.000000,0.963772,0,1
13,18,13,28,16,13,29,29,
312.000000,105.000000,0.035004,13687009.000000,0.068814,0,1
80,81,80,66,72,71,46,42,
585.000000,208.000000,0.130446,4563628.000000,0.908607,0,1
36,33,36,25,27,29,23,23,
485.000000,36.000000,0.035497,109686408.000000,0.132120,0,1
87,105,86,118,105,75,116,107,
604.000000,207.000000,0.135625,8962062.000000,1.050130,0,1
15,19,18,33,28,24,42,42,
602.000000,207.000000,0.135270,10472239.000000,1.036579,0,1
15,21,19,38,33,28,42,41,
233.000000,143.000000,0.001724,183822704.000000,0.030286,0,1
67,64,63,45,53,49,41,34,
192.000000,145.000000,0.002532,222894944.000000,0.021618,0,1
57,52,71,45,62,73,48,55,
460.000000,41.000000,0.037557,39397744.000000,0.520459,0,1
118,120,115,120,107,116,115,99,
482.000000,206.000000,0.103654,217863008.000000,0.599277,0,1
32,33,39,32,51,60,36,60,
466.000000,205.000000,0.097544,109550328.000000,0.689578,0,1
35,72,33,77,57,32,77,75,
569.000000,202.000000,0.123318,7574648.000000,0.767335,0,1
18,21,19,35,30,26,41,41,
559.000000,200.000000,0.120540,15899267.000000,0.702057,0,1
11,15,11,25,22,16,36,37,
257.000000,181.000000,0.032474,11594444.000000,0.420870,0,1
45,42,41,35,33,32,19,19,
279.000000,180.000000,0.027953,5639694.500000,0.321982,0,1
47,44,42,34,31,29,19,18,
264.000000,180.000000,0.029771,15004792.000000,0.157481,0,1
55,49,54,41,42,44,27,18,
432.000000,58.000000,0.073488,52740816.000000,0.160588,0,1
113,107,110,67,108,101,92,105,
258.000000,151.000000,0.004694,216960224.000000,0.069518,0,1
47,55,39,56,44,31,54,45,
469.000000,59.000000,0.029330,80634176.000000,0.087046,0,1
73,92,60,105,85,63,105,103,
421.000000,61.000000,0.073037,477748224.000000,0.182518,0,1
33,47,46,88,87,85,108,108,
329.000000,75.000000,0.015530,139126336.000000,0.145187,0,1
87,99,81,99,87,82,90,83,
331.000000,81.000000,0.014730,122378008.000000,0.133919,0,1
82,90,74,96,81,68,90,77,
