# timestamp
1608635285435171072

# fx, fy, cx, cy, width, height, npoints
501.492462,501.474945,421.770477,167.670547,800,400,552

# camToWorld: translation vector, rotation quaternion
-16.732327,35.331541,4.268585,-0.632384,0.360622,-0.314873,0.609014

# Exposure time (ms)
13.081656

# Point Cloud Data : 
# u,v,idepth_scaled,idepth_hessian,maxRelBaseline,numGoodRes,status 
# color information 
726.000000,72.000000,0.126537,216800.375000,0.607180,0,1
7,10,11,13,14,15,16,17,
722.000000,94.000000,0.165003,392844.843750,0.617455,0,1
28,27,28,24,26,27,23,21,
734.000000,118.000000,0.081430,196075456.000000,0.350697,0,1
255,229,245,114,155,185,39,32,
719.000000,128.000000,0.075631,264832080.000000,0.390511,0,1
255,248,250,214,218,212,132,138,
617.000000,133.000000,0.099097,5891799.000000,0.317384,0,1
198,175,155,104,103,94,109,52,
735.000000,172.000000,0.080756,271467520.000000,0.435136,0,1
27,69,62,169,168,122,239,255,
735.000000,180.000000,0.079868,2200966656.000000,0.433564,0,1
68,89,130,92,179,246,161,252,
732.000000,227.000000,0.096808,15463975.000000,0.543987,0,1
78,76,76,69,71,71,63,59,
724.000000,268.000000,0.135037,1870018.125000,0.706396,0,1
40,37,39,34,35,35,33,31,
411.000000,100.000000,0.098433,63211360.000000,0.148344,0,1
248,205,197,134,133,134,109,102,
706.000000,110.000000,0.068262,30061342.000000,0.348608,0,1
38,46,45,122,134,145,222,255,
692.000000,111.000000,0.078897,436662528.000000,0.375939,0,1
31,25,31,26,41,88,51,97,
431.000000,112.000000,0.098408,28239042.000000,0.244538,0,1
202,190,206,177,197,210,103,30,
693.000000,114.000000,0.077828,1486273664.000000,0.305612,0,1
175,97,240,41,169,255,102,250,
708.000000,116.000000,0.079535,2312964608.000000,0.396650,0,1
252,243,160,239,132,51,136,66,
727.000000,116.000000,0.080089,2644352512.000000,0.420025,0,1
225,122,224,40,120,211,30,27,
706.000000,118.000000,0.079324,1805498880.000000,0.321125,0,1
239,249,136,255,210,66,235,124,
684.000000,119.000000,0.077304,200249440.000000,0.252025,0,1
45,136,134,239,224,204,255,221,
688.000000,121.000000,0.078053,1753729536.000000,0.366720,0,1
254,190,252,98,160,235,47,30,
700.000000,124.000000,0.079242,521718432.000000,0.385588,0,1
255,234,255,122,172,179,75,36,
573.000000,125.000000,0.078414,230415312.000000,0.189249,0,1
99,106,140,98,106,235,97,91,
713.000000,126.000000,0.078655,3222504704.000000,0.398166,0,1
85,59,149,32,160,245,85,114,
683.000000,127.000000,0.079118,1043685440.000000,0.364148,0,1
94,140,72,227,149,74,206,209,
692.000000,132.000000,0.079911,242633648.000000,0.378343,0,1
103,113,87,125,96,63,64,38,
693.000000,132.000000,0.079372,391029952.000000,0.377516,0,1
87,100,71,112,79,47,56,31,
685.000000,141.000000,0.075701,14325697.000000,0.354175,0,1
62,52,60,33,43,44,24,18,
679.000000,148.000000,0.077001,155591376.000000,0.352386,0,1
48,53,42,42,36,25,20,16,
714.000000,149.000000,0.082462,703175808.000000,0.416125,0,1
79,86,46,84,46,27,42,26,
692.000000,151.000000,0.075180,175550752.000000,0.362659,0,1
92,70,98,36,52,68,24,27,
700.000000,152.000000,0.075851,152982496.000000,0.258812,0,1
161,123,155,60,98,143,56,65,
706.000000,154.000000,0.081725,87398416.000000,0.329429,0,1
160,157,136,108,107,89,53,23,
707.000000,154.000000,0.082239,244056032.000000,0.407773,0,1
141,150,116,110,100,74,52,23,
686.000000,163.000000,0.079283,47849384.000000,0.137263,0,1
18,22,20,85,65,40,127,128,
700.000000,172.000000,0.079867,677910144.000000,0.394465,0,1
19,36,26,109,65,30,140,116,
732.000000,172.000000,0.079147,1850548992.000000,0.426676,0,1
27,61,69,102,160,171,179,227,
693.000000,175.000000,0.076257,1095624960.000000,0.301753,0,1
140,123,208,94,182,243,138,119,
731.000000,175.000000,0.079117,3060822016.000000,0.426340,0,1
179,137,227,88,177,245,108,87,
690.000000,180.000000,0.075353,712830976.000000,0.336306,0,1
35,47,86,59,141,224,142,234,
712.000000,180.000000,0.080748,902188352.000000,0.414438,0,1
39,94,54,227,142,61,227,192,
714.000000,185.000000,0.079533,759165056.000000,0.399478,0,1
88,129,49,103,52,30,40,26,
580.000000,191.000000,0.067506,23281180.000000,0.194110,0,1
32,39,44,60,79,92,103,93,
707.000000,195.000000,0.079867,1824798336.000000,0.411295,0,1
182,220,135,180,142,73,88,31,
706.000000,196.000000,0.079449,917786176.000000,0.408924,0,1
220,180,142,84,88,61,33,29,
692.000000,209.000000,0.076853,546886464.000000,0.389723,0,1
25,18,24,16,28,88,20,43,
465.000000,210.000000,0.089019,9242853.000000,0.134214,0,1
48,36,59,31,46,64,35,43,
714.000000,211.000000,0.080237,225234384.000000,0.431882,0,1
18,37,23,154,91,43,174,102,
727.000000,213.000000,0.081744,157140384.000000,0.459670,0,1
18,16,33,18,21,39,45,82,
476.000000,217.000000,0.098120,1650749.250000,0.158605,0,1
48,48,41,49,43,37,43,39,
716.000000,226.000000,0.092493,14217020.000000,0.504002,0,1
74,68,70,59,61,65,52,49,
701.000000,232.000000,0.101046,4502238.000000,0.522666,0,1
44,43,43,36,36,36,30,30,
712.000000,264.000000,0.137100,1963370.000000,0.734355,0,1
28,28,29,32,32,32,36,35,
682.000000,265.000000,0.126146,1548110.250000,0.617757,0,1
33,34,34,27,28,28,26,26,
686.000000,265.000000,0.126212,1070068.625000,0.623288,0,1
32,34,35,28,28,30,26,25,
614.000000,120.000000,0.072253,1493549952.000000,0.246360,0,1
212,88,247,32,124,239,32,32,
620.000000,185.000000,0.074439,218675360.000000,0.277039,0,1
40,29,62,21,46,78,28,31,
36.000000,44.000000,0.258966,134114.015625,1.065200,0,1
10,11,10,13,13,12,15,16,
56.000000,48.000000,0.249752,274979.312500,0.955301,0,1
10,12,12,14,14,14,14,15,
460.000000,80.000000,0.108951,1360147.375000,0.314949,0,1
15,15,13,15,14,13,16,18,
440.000000,82.000000,0.148497,7323896.000000,0.402113,0,1
23,24,23,26,25,23,29,33,
384.000000,91.000000,0.174981,3811362.750000,0.264371,0,1
24,19,21,24,28,38,30,25,
349.000000,94.000000,0.152659,4295512.500000,0.882572,0,1
14,13,13,15,16,19,21,22,
354.000000,94.000000,0.154137,7785213.000000,0.851891,0,1
14,14,15,20,24,27,26,25,
364.000000,94.000000,0.152489,6513033.000000,0.760669,0,1
14,17,17,27,25,22,32,34,
410.000000,95.000000,0.113204,115704840.000000,0.392863,0,1
79,99,107,150,163,175,245,255,
304.000000,96.000000,0.157088,268707.000000,1.278113,0,1
9,9,9,10,10,9,9,12,
398.000000,96.000000,0.113511,82404304.000000,0.445402,0,1
68,86,98,128,160,180,250,255,
399.000000,96.000000,0.112774,73297544.000000,0.438897,0,1
70,93,105,146,171,189,255,255,
476.000000,96.000000,0.103264,7327307.000000,0.315341,0,1
24,27,27,34,31,30,38,40,
391.000000,97.000000,0.105332,81143040.000000,0.159928,0,1
38,38,54,34,59,126,53,90,
454.000000,97.000000,0.107580,35817856.000000,0.287663,0,1
54,63,59,76,71,70,90,102,
460.000000,97.000000,0.104984,32978606.000000,0.290653,0,1
44,54,49,67,64,59,79,86,
462.000000,97.000000,0.104671,29793616.000000,0.293359,0,1
41,49,47,64,59,56,73,80,
469.000000,97.000000,0.103535,18396584.000000,0.302618,0,1
33,41,38,51,48,45,58,62,
391.000000,98.000000,0.106078,76782560.000000,0.160314,0,1
44,41,88,37,118,250,45,51,
392.000000,98.000000,0.106073,122000584.000000,0.160020,0,1
54,59,126,53,208,255,90,67,
449.000000,98.000000,0.112005,24300000.000000,0.226082,0,1
73,88,80,106,100,94,118,125,
462.000000,98.000000,0.104377,32722842.000000,0.291847,0,1
48,61,57,76,70,66,83,89,
413.000000,99.000000,0.098367,45306176.000000,0.148245,0,1
255,247,243,201,192,181,134,114,
272.000000,100.000000,0.151520,233006.609375,0.518292,0,1
9,9,9,9,9,10,11,14,
399.000000,100.000000,0.097223,4645855.500000,0.150538,0,1
255,235,234,142,141,143,96,79,
372.000000,101.000000,0.115157,7528560.000000,0.585039,0,1
45,48,50,52,56,56,60,68,
381.000000,102.000000,0.108687,4408063.000000,0.508751,0,1
37,42,40,50,46,45,53,54,
369.000000,103.000000,0.111860,16994416.000000,0.591501,0,1
50,51,58,51,59,66,60,67,
461.000000,104.000000,0.108717,18037862.000000,0.170502,0,1
108,124,113,138,128,118,142,145,
469.000000,104.000000,0.101409,36423116.000000,0.291967,0,1
77,88,80,99,89,80,100,101,
377.000000,105.000000,0.097399,6576623.000000,0.490511,0,1
62,71,63,78,71,64,77,76,
628.000000,106.000000,0.080861,5732504.500000,0.297756,0,1
22,25,22,28,26,24,31,34,
600.000000,108.000000,0.068936,492504.250000,0.362843,0,1
16,17,17,19,18,19,20,21,
32.000000,109.000000,0.241949,23567130.000000,0.915033,0,1
53,62,54,56,54,48,43,34,
399.000000,110.000000,0.096617,22167968.000000,0.376250,0,1
60,68,59,77,61,61,70,64,
397.000000,111.000000,0.094650,23339660.000000,0.381347,0,1
74,82,69,88,79,61,89,87,
672.000000,111.000000,0.076838,236419376.000000,0.345047,0,1
23,31,29,45,42,35,110,212,
366.000000,112.000000,0.116479,11004319.000000,0.626067,0,1
71,69,78,67,76,84,74,79,
440.000000,112.000000,0.096596,32747152.000000,0.223502,0,1
221,228,230,180,170,162,39,23,
672.000000,112.000000,0.077739,918572800.000000,0.348126,0,1
30,44,38,110,106,72,240,171,
490.000000,113.000000,0.097802,385568064.000000,0.314385,0,1
10,19,13,108,58,13,116,55,
412.000000,114.000000,0.094093,37122532.000000,0.322289,0,1
110,109,120,75,72,67,33,23,
419.000000,114.000000,0.100199,23270632.000000,0.297335,0,1
136,131,132,57,52,47,27,22,
637.000000,114.000000,0.074556,491252000.000000,0.289740,0,1
38,46,40,163,137,90,246,245,
398.000000,115.000000,0.099054,126983224.000000,0.382804,0,1
77,89,73,88,63,39,69,50,
482.000000,115.000000,0.097241,431848512.000000,0.297085,0,1
56,47,132,18,91,153,25,14,
615.000000,116.000000,0.073426,764568512.000000,0.253556,0,1
32,37,89,41,159,248,161,250,
160.000000,118.000000,0.081737,6649485.000000,0.385408,0,1
23,26,28,26,34,40,39,47,
161.000000,118.000000,0.082485,5021583.000000,0.388684,0,1
23,26,28,32,40,35,41,56,
189.000000,118.000000,0.082442,51364392.000000,0.124402,0,1
24,23,23,47,34,28,175,149,
556.000000,118.000000,0.100185,180159328.000000,0.454965,0,1
31,28,42,23,40,56,34,46,
571.000000,118.000000,0.079596,8798615.000000,0.195805,0,1
47,59,60,73,75,71,88,100,
160.000000,119.000000,0.082387,15925539.000000,0.380446,0,1
26,32,40,29,41,49,43,51,
557.000000,119.000000,0.098886,241482320.000000,0.449969,0,1
42,40,56,34,54,68,46,56,
210.000000,120.000000,0.076970,17370582.000000,0.123101,0,1
18,29,23,55,43,26,57,31,
588.000000,120.000000,0.071272,407212800.000000,0.194063,0,1
253,165,255,111,248,255,236,255,
286.000000,121.000000,0.135279,165353.453125,0.407903,0,1
14,16,17,12,12,14,9,7,
650.000000,121.000000,0.076521,2167172096.000000,0.277223,0,1
135,224,90,255,166,54,229,110,
189.000000,122.000000,0.083453,339943232.000000,0.178194,0,1
149,230,80,241,121,68,114,67,
204.000000,122.000000,0.081454,14667906.000000,0.132948,0,1
63,81,77,66,63,55,27,15,
217.000000,122.000000,0.082589,1688116.750000,0.442715,0,1
26,28,28,19,16,16,14,14,
298.000000,122.000000,0.129133,192837.375000,1.195650,0,1
15,15,15,10,10,10,7,6,
399.000000,122.000000,0.097564,118882224.000000,0.370462,0,1
40,55,28,66,40,22,49,37,
314.000000,123.000000,0.119298,171516.015625,1.022380,0,1
17,15,15,9,9,9,6,5,
328.000000,123.000000,0.117575,342494.687500,0.888606,0,1
17,20,22,13,13,14,9,6,
333.000000,123.000000,0.118743,630886.125000,0.830730,0,1
19,23,24,15,17,19,10,7,
623.000000,123.000000,0.074322,847922560.000000,0.430381,0,1
255,255,255,183,211,253,70,50,
90.000000,124.000000,0.085842,821332.000000,0.209726,0,1
34,34,36,35,36,39,39,44,
102.000000,124.000000,0.084096,3600823.000000,0.259534,0,1
29,29,31,30,32,36,33,37,
180.000000,124.000000,0.084300,29806552.000000,0.346870,0,1
68,86,92,83,110,137,193,177,
252.000000,124.000000,0.144012,7151799.500000,0.549556,0,1
20,25,16,25,19,11,20,14,
342.000000,124.000000,0.117861,1348167.375000,0.774361,0,1
29,26,30,12,13,15,9,7,
348.000000,124.000000,0.116421,2826667.250000,0.723604,0,1
35,35,41,17,19,22,11,8,
356.000000,124.000000,0.115394,14506078.000000,0.669268,0,1
58,56,67,32,41,47,14,10,
513.000000,124.000000,0.097693,3775226.000000,0.449728,0,1
8,14,13,21,20,15,24,24,
167.000000,125.000000,0.087408,13195906.000000,0.370046,0,1
36,45,51,51,63,91,108,96,
251.000000,125.000000,0.143576,5320078.500000,0.551626,0,1
25,25,19,24,20,13,19,15,
370.000000,125.000000,0.106708,15969232.000000,0.556240,0,1
87,104,104,37,44,49,15,14,
375.000000,125.000000,0.104322,13715405.000000,0.510648,0,1
73,97,89,51,56,57,17,16,
378.000000,125.000000,0.102846,11597145.000000,0.487082,0,1
68,86,80,56,57,59,19,17,
385.000000,125.000000,0.099850,7668658.500000,0.440945,0,1
63,71,70,63,62,63,27,21,
406.000000,125.000000,0.093332,5694653.500000,0.322886,0,1
17,17,16,26,22,18,37,25,
110.000000,126.000000,0.078973,3059083.000000,0.262775,0,1
31,37,33,41,39,34,42,44,
189.000000,126.000000,0.082564,308575552.000000,0.525266,0,1
67,89,69,101,65,53,47,21,
229.000000,126.000000,0.082783,335500.718750,0.426854,0,1
10,11,10,13,13,14,20,21,
248.000000,126.000000,0.141382,1750316.250000,0.587047,0,1
26,22,24,18,21,19,15,13,
363.000000,126.000000,0.108950,8121928.000000,0.618614,0,1
73,21,25,12,13,14,11,16,
370.000000,126.000000,0.106398,11094633.000000,0.567669,0,1
106,40,47,15,16,17,14,19,
376.000000,126.000000,0.103903,9782800.000000,0.516283,0,1
89,56,57,17,18,20,16,21,
378.000000,126.000000,0.102921,9397158.000000,0.499853,0,1
82,57,58,18,20,21,17,22,
391.000000,126.000000,0.097511,8559398.000000,0.406276,0,1
67,61,62,33,35,39,18,15,
392.000000,126.000000,0.097509,8782227.000000,0.402741,0,1
67,61,64,33,37,40,17,14,
400.000000,127.000000,0.095055,5542441.000000,0.353462,0,1
40,43,44,19,20,22,16,15,
406.000000,127.000000,0.092139,3900190.500000,0.318919,0,1
22,37,31,23,25,27,18,16,
587.000000,127.000000,0.073791,274972864.000000,0.367541,0,1
255,242,255,136,184,221,52,39,
573.000000,128.000000,0.077376,99089376.000000,0.207581,0,1
98,91,109,78,77,69,70,63,
160.000000,129.000000,0.083790,39350712.000000,0.375666,0,1
52,45,62,34,41,72,25,24,
62.000000,130.000000,0.084366,4554176.000000,0.227862,0,1
39,39,41,42,44,48,47,50,
63.000000,130.000000,0.084765,4801960.000000,0.228259,0,1
40,40,42,43,47,49,49,51,
314.000000,130.000000,0.087413,438565.562500,0.218864,0,1
5,6,6,6,9,10,9,11,
420.000000,130.000000,0.089745,568044.812500,0.272868,0,1
14,15,14,17,18,16,25,29,
413.000000,131.000000,0.091821,2350910.000000,0.294078,0,1
15,20,17,28,26,24,33,31,
96.000000,132.000000,0.081934,6899057.000000,0.287092,0,1
39,42,36,44,41,35,44,46,
117.000000,132.000000,0.113588,513771360.000000,0.336559,0,1
43,66,107,63,169,212,120,212,
136.000000,132.000000,0.110667,322012896.000000,0.548868,0,1
33,65,43,197,107,43,123,83,
477.000000,132.000000,0.085568,4008070.750000,0.245164,0,1
30,30,34,34,39,44,40,44,
601.000000,133.000000,0.072610,344100896.000000,0.382407,0,1
21,20,34,24,37,68,56,59,
638.000000,133.000000,0.074509,418442464.000000,0.288890,0,1
85,62,91,52,84,109,48,33,
671.000000,133.000000,0.077285,227264880.000000,0.343469,0,1
45,51,79,33,47,62,23,22,
475.000000,134.000000,0.087519,11329211.000000,0.248029,0,1
34,35,40,35,43,44,45,53,
555.000000,134.000000,0.100840,112949904.000000,0.453218,0,1
28,21,35,14,28,42,20,26,
134.000000,136.000000,0.111921,298276352.000000,0.554543,0,1
239,255,161,255,183,63,173,79,
585.000000,136.000000,0.073552,103742408.000000,0.362144,0,1
88,84,71,53,47,36,36,33,
406.000000,137.000000,0.094310,17372816.000000,0.328883,0,1
30,25,36,20,29,38,21,25,
118.000000,138.000000,0.113227,393305056.000000,0.332917,0,1
224,101,248,49,130,234,47,45,
513.000000,139.000000,0.097667,15729716.000000,0.459356,0,1
50,51,46,51,53,41,56,61,
518.000000,139.000000,0.099584,61122000.000000,0.420387,0,1
16,24,13,34,17,11,26,18,
422.000000,140.000000,0.092792,5129465.000000,0.254023,0,1
30,34,29,33,32,25,31,28,
460.000000,140.000000,0.093945,8649691.000000,0.242493,0,1
17,21,14,25,18,11,22,18,
510.000000,141.000000,0.102246,3741711.750000,0.479256,0,1
49,50,54,55,56,62,62,66,
497.000000,142.000000,0.092845,5577315.000000,0.302804,0,1
53,58,57,73,68,65,77,77,
653.000000,142.000000,0.076796,19055922.000000,0.317944,0,1
48,45,44,36,40,36,22,16,
516.000000,144.000000,0.098508,140414992.000000,0.437384,0,1
39,52,29,62,41,19,52,41,
581.000000,144.000000,0.070155,32784188.000000,0.337098,0,1
56,51,46,39,40,32,24,15,
467.000000,145.000000,0.090618,38886928.000000,0.243749,0,1
28,21,34,16,29,36,20,28,
675.000000,145.000000,0.048184,101501896.000000,0.234960,0,1
16,21,23,27,37,39,39,47,
210.000000,146.000000,0.052758,62517816.000000,0.196293,0,1
79,84,126,115,204,247,236,197,
518.000000,146.000000,0.098929,96751592.000000,0.422281,0,1
19,29,13,41,20,12,30,20,
602.000000,146.000000,0.084506,35525388.000000,0.263515,0,1
14,16,16,31,29,23,43,45,
466.000000,147.000000,0.091357,29721492.000000,0.244278,0,1
21,15,29,13,20,33,15,20,
518.000000,147.000000,0.098764,94752536.000000,0.423243,0,1
19,30,13,42,20,12,30,20,
605.000000,147.000000,0.077339,56917192.000000,0.416434,0,1
16,23,17,37,26,17,37,31,
573.000000,148.000000,0.081460,20126510.000000,0.384517,0,1
42,43,39,39,34,27,27,23,
629.000000,149.000000,0.065802,21954846.000000,0.145195,0,1
99,84,100,58,78,85,42,38,
587.000000,151.000000,0.078569,41289012.000000,0.224993,0,1
20,21,27,23,30,34,35,37,
278.000000,152.000000,0.084654,2611643.500000,0.296633,0,1
11,14,9,18,12,8,16,13,
314.000000,152.000000,0.083681,1322948.250000,0.215017,0,1
11,8,12,6,10,14,8,10,
388.000000,152.000000,0.086263,5162849.000000,0.386851,0,1
20,23,17,24,20,15,23,21,
658.000000,152.000000,0.080386,135468080.000000,0.339827,0,1
27,28,38,35,44,50,47,55,
486.000000,153.000000,0.085236,4194980.000000,0.256793,0,1
76,71,76,65,70,75,62,60,
654.000000,153.000000,0.077278,39042024.000000,0.322847,0,1
17,18,29,16,27,43,25,45,
602.000000,154.000000,0.075243,206648816.000000,0.398646,0,1
32,35,20,48,26,16,37,41,
120.000000,155.000000,0.049079,19014980.000000,0.149986,0,1
198,198,208,230,215,226,248,223,
225.000000,155.000000,0.051203,14117099.000000,0.280494,0,1
61,70,53,74,64,41,63,59,
266.000000,155.000000,0.079625,384457.500000,0.327645,0,1
12,12,12,15,15,12,21,20,
489.000000,155.000000,0.090603,5593635.500000,0.280430,0,1
79,71,77,62,68,72,58,57,
54.000000,156.000000,0.044683,68575256.000000,0.117589,0,1
253,231,213,247,230,204,252,255,
368.000000,156.000000,0.086334,599214.062500,0.484213,0,1
13,15,12,16,16,15,19,22,
518.000000,156.000000,0.098782,50661012.000000,0.431198,0,1
18,25,13,33,18,12,25,18,
502.000000,159.000000,0.094462,15465188.000000,0.317846,0,1
58,66,56,69,60,52,41,34,
504.000000,159.000000,0.093830,13689888.000000,0.319028,0,1
53,56,51,60,52,47,39,39,
280.000000,160.000000,0.084851,1605833.500000,0.294799,0,1
9,11,8,14,10,8,12,9,
470.000000,160.000000,0.092279,32461746.000000,0.254141,0,1
35,30,40,27,38,48,33,43,
83.000000,161.000000,0.040503,2199181.250000,0.095453,0,1
252,245,255,237,250,255,247,255,
97.000000,161.000000,0.041611,9942552.000000,0.092731,0,1
227,229,219,247,235,235,255,255,
98.000000,161.000000,0.046586,12771312.000000,0.104028,0,1
230,221,224,242,232,243,255,255,
514.000000,161.000000,0.096776,19726492.000000,0.471387,0,1
45,47,38,47,43,31,46,44,
314.000000,162.000000,0.083273,1334598.500000,0.215977,0,1
9,7,11,5,9,14,7,9,
388.000000,162.000000,0.087106,5849783.000000,0.392708,0,1
24,26,20,27,25,17,27,25,
470.000000,164.000000,0.091078,63351184.000000,0.250752,0,1
43,34,52,28,44,56,34,42,
643.000000,164.000000,0.072009,41483460.000000,0.297448,0,1
13,16,18,25,32,34,42,53,
655.000000,164.000000,0.071850,21007758.000000,0.330085,0,1
14,25,23,48,48,40,65,60,
658.000000,164.000000,0.077124,35756428.000000,0.335596,0,1
13,22,18,44,34,22,49,38,
468.000000,165.000000,0.090921,69024608.000000,0.247085,0,1
28,22,34,17,28,43,21,27,
518.000000,166.000000,0.098698,44047852.000000,0.447769,0,1
19,26,13,33,19,11,25,19,
616.000000,166.000000,0.072321,178046608.000000,0.404168,0,1
34,47,34,44,31,19,31,20,
131.000000,167.000000,0.046606,6074438.000000,0.136616,0,1
255,252,247,250,223,208,252,229,
601.000000,167.000000,0.072965,150507696.000000,0.383919,0,1
11,11,17,13,24,38,26,40,
468.000000,168.000000,0.091226,60928804.000000,0.248452,0,1
27,21,33,16,26,42,19,24,
470.000000,168.000000,0.089883,77121112.000000,0.247527,0,1
42,33,49,26,42,54,33,40,
517.000000,168.000000,0.097906,45571980.000000,0.458963,0,1
26,33,19,37,25,14,31,24,
518.000000,170.000000,0.097971,33357660.000000,0.453264,0,1
19,25,13,29,18,11,23,17,
262.000000,172.000000,0.075397,843891.312500,0.320866,0,1
12,14,13,20,19,19,22,18,
267.000000,172.000000,0.073668,528047.187500,0.307346,0,1
11,12,12,19,19,18,21,17,
590.000000,173.000000,0.071848,16989234.000000,0.218561,0,1
12,15,15,26,32,29,47,53,
368.000000,174.000000,0.080957,1117697.250000,0.471173,0,1
17,17,17,18,19,21,20,26,
587.000000,174.000000,0.070118,78869104.000000,0.215235,0,1
14,17,26,17,32,47,26,33,
650.000000,174.000000,0.074001,135440928.000000,0.312496,0,1
38,31,44,31,52,63,58,76,
667.000000,174.000000,0.075484,105956072.000000,0.339657,0,1
40,50,35,65,47,29,66,51,
470.000000,175.000000,0.094716,11604983.000000,0.264164,0,1
32,25,35,20,28,37,23,27,
611.000000,176.000000,0.073136,59269576.000000,0.401794,0,1
68,69,66,40,49,44,26,20,
620.000000,176.000000,0.071375,322850528.000000,0.405382,0,1
45,34,60,23,45,67,30,23,
211.000000,177.000000,0.047837,33224064.000000,0.301865,0,1
90,101,100,150,157,138,225,227,
357.000000,177.000000,0.080422,822509.750000,0.537872,0,1
14,13,14,16,17,20,23,22,
314.000000,178.000000,0.083770,984428.875000,0.224890,0,1
7,6,10,5,7,12,5,7,
217.000000,179.000000,0.052401,15791214.000000,0.097721,0,1
121,202,195,178,167,166,102,72,
231.000000,179.000000,0.074882,140893440.000000,0.125316,0,1
22,56,23,99,35,19,49,25,
280.000000,180.000000,0.081096,401141.750000,0.302073,0,1
13,14,12,16,14,11,15,14,
390.000000,180.000000,0.086584,9303820.000000,0.396075,0,1
20,23,16,29,20,14,25,21,
454.000000,180.000000,0.096536,988321.750000,0.243632,0,1
16,16,17,16,17,16,18,24,
636.000000,180.000000,0.069067,162932416.000000,0.280266,0,1
29,40,32,68,53,36,57,48,
586.000000,181.000000,0.073909,27552048.000000,0.167129,0,1
26,38,52,47,66,74,76,105,
171.000000,182.000000,0.053408,9517609.000000,0.229855,0,1
155,231,217,255,251,253,255,255,
456.000000,182.000000,0.093947,2321719.500000,0.240026,0,1
16,21,19,24,25,20,27,27,
518.000000,182.000000,0.097571,14552258.000000,0.479647,0,1
16,19,12,22,16,11,19,14,
515.000000,184.000000,0.095335,10883387.000000,0.501960,0,1
26,27,22,27,23,17,20,17,
556.000000,184.000000,0.102504,6992904.500000,0.466453,0,1
14,13,16,11,15,17,13,14,
266.000000,186.000000,0.085298,1576019.625000,0.333808,0,1
25,23,24,17,20,24,15,19,
56.000000,188.000000,0.058649,42940312.000000,0.116470,0,1
255,255,255,243,241,248,212,183,
231.000000,188.000000,0.078552,111897016.000000,0.406514,0,1
27,40,21,57,29,18,49,39,
390.000000,188.000000,0.087447,16401460.000000,0.409095,0,1
23,29,19,34,24,16,30,25,
637.000000,188.000000,0.071643,172700992.000000,0.294331,0,1
51,55,45,50,48,34,37,22,
20.000000,189.000000,0.058789,200686032.000000,0.177075,0,1
199,157,174,120,123,130,95,90,
635.000000,189.000000,0.069804,77659760.000000,0.286197,0,1
56,47,50,31,36,36,21,20,
637.000000,189.000000,0.071569,127604184.000000,0.294659,0,1
52,50,42,36,36,27,22,21,
464.000000,190.000000,0.096822,7468118.000000,0.264983,0,1
14,10,17,11,15,23,12,16,
46.000000,191.000000,0.060679,284994816.000000,0.169742,0,1
223,186,219,137,179,222,117,98,
650.000000,191.000000,0.085093,28318448.000000,0.358546,0,1
20,27,22,44,30,26,50,53,
428.000000,192.000000,0.113255,129778.343750,0.318412,0,1
12,11,12,12,12,13,12,14,
652.000000,192.000000,0.081611,28923336.000000,0.350243,0,1
23,27,27,46,39,36,51,49,
595.000000,193.000000,0.070050,378686272.000000,0.360610,0,1
62,54,90,33,61,78,34,30,
663.000000,193.000000,0.076574,19039754.000000,0.347328,0,1
42,33,49,26,38,54,28,27,
125.000000,194.000000,0.044102,1263729.375000,0.152621,0,1
249,247,241,255,248,242,255,255,
139.000000,194.000000,0.046481,5132548.000000,0.141082,0,1
255,255,255,239,241,248,228,236,
328.000000,194.000000,0.029569,560100.312500,0.175477,0,1
21,21,22,25,26,27,32,38,
155.000000,195.000000,0.057499,1715694.250000,0.290465,0,1
255,255,255,255,255,254,236,197,
330.000000,195.000000,0.080824,172621.812500,0.121913,0,1
22,26,28,32,33,33,38,44,
355.000000,195.000000,0.076969,624483.437500,0.141824,0,1
25,24,24,32,30,30,39,48,
472.000000,195.000000,0.096844,4221709.000000,0.159568,0,1
24,26,30,30,36,40,42,63,
490.000000,195.000000,0.157784,120008.687500,0.308168,0,1
32,36,35,42,39,40,45,50,
139.000000,196.000000,0.046678,8204062.000000,0.139636,0,1
241,228,221,246,236,219,255,255,
472.000000,196.000000,0.092254,4733823.000000,0.139145,0,1
28,32,39,37,48,55,54,73,
143.000000,197.000000,0.048247,9302806.000000,0.139268,0,1
221,211,202,242,234,218,255,255,
200.000000,197.000000,0.052275,135165008.000000,0.344601,0,1
98,166,172,97,115,135,48,43,
167.000000,198.000000,0.052656,36383340.000000,0.087316,0,1
252,241,242,204,215,218,172,162,
213.000000,198.000000,0.051305,172400352.000000,0.317495,0,1
145,173,169,80,83,83,45,66,
518.000000,198.000000,0.078370,4697063.000000,0.457874,0,1
15,19,16,27,20,17,26,25,
156.000000,199.000000,0.048232,17466242.000000,0.248126,0,1
197,206,192,244,225,201,253,255,
516.000000,199.000000,0.080323,2662622.500000,0.513744,0,1
23,32,23,41,32,23,41,38,
178.000000,200.000000,0.055215,39174776.000000,0.086427,0,1
225,209,213,181,186,179,149,135,
41.000000,201.000000,0.062309,24704768.000000,0.178706,0,1
88,98,101,81,83,85,68,65,
168.000000,201.000000,0.051068,67123808.000000,0.239019,0,1
178,162,158,217,191,170,255,246,
64.000000,202.000000,0.064132,1024144512.000000,0.171516,0,1
249,186,250,121,207,254,128,135,
62.000000,203.000000,0.064033,868529664.000000,0.172542,0,1
144,98,156,84,104,166,84,85,
167.000000,203.000000,0.051726,12081053.000000,0.078712,0,1
203,255,251,255,251,241,232,224,
314.000000,203.000000,0.171997,72946.234375,0.438865,0,1
12,10,19,10,12,28,10,12,
465.000000,204.000000,0.093710,10679339.000000,0.141384,0,1
46,37,57,32,47,65,37,48,
188.000000,205.000000,0.051603,47558052.000000,0.222536,0,1
92,112,108,133,129,127,179,194,
280.000000,205.000000,0.063321,1732377.250000,0.282393,0,1
13,13,13,27,20,13,27,22,
580.000000,205.000000,0.075510,14388979.000000,0.370529,0,1
27,36,39,29,30,31,21,16,
69.000000,206.000000,0.063180,132347888.000000,0.166639,0,1
255,249,255,186,216,211,119,83,
217.000000,206.000000,0.051976,22374984.000000,0.310360,0,1
110,145,132,112,102,92,100,122,
279.000000,206.000000,0.075671,3083815.500000,0.284854,0,1
13,27,20,32,27,17,31,28,
622.000000,207.000000,0.073388,415320704.000000,0.426306,0,1
34,28,29,34,49,49,66,88,
392.000000,208.000000,0.089331,105739568.000000,0.148654,0,1
56,73,40,93,56,29,74,56,
20.000000,209.000000,0.059872,2994403.750000,0.182990,0,1
57,61,62,68,67,65,74,63,
630.000000,209.000000,0.074357,97154280.000000,0.309017,0,1
19,25,18,59,28,17,68,30,
179.000000,210.000000,0.063339,26724864.000000,0.103069,0,1
221,209,220,197,213,214,192,181,
189.000000,210.000000,0.052885,11738919.000000,0.220487,0,1
149,132,122,147,135,129,155,144,
224.000000,210.000000,0.066684,23542636.000000,0.368251,0,1
138,134,133,119,116,116,102,90,
516.000000,210.000000,0.096694,6985951.500000,0.185629,0,1
40,45,32,46,39,27,42,36,
518.000000,210.000000,0.075945,3743291.250000,0.513126,0,1
28,32,25,39,27,24,31,25,
602.000000,210.000000,0.071652,70636000.000000,0.384099,0,1
42,88,88,76,84,81,32,36,
623.000000,210.000000,0.072574,127979696.000000,0.295200,0,1
93,88,116,71,104,118,35,53,
630.000000,210.000000,0.074690,128892224.000000,0.310957,0,1
20,41,21,86,50,26,34,20,
20.000000,211.000000,0.060514,3571208.000000,0.185397,0,1
67,74,76,63,63,61,56,54,
30.000000,211.000000,0.062685,14377331.000000,0.187310,0,1
69,73,75,60,66,71,57,58,
586.000000,211.000000,0.073141,146995712.000000,0.368229,0,1
14,20,23,56,55,53,74,65,
48.000000,212.000000,0.063508,13719632.000000,0.180374,0,1
77,79,82,68,70,71,59,57,
202.000000,212.000000,0.069409,15933853.000000,0.452371,0,1
142,133,131,119,116,115,104,100,
280.000000,214.000000,0.003460,255167.218750,0.014392,0,1
24,30,20,32,25,15,29,25,
575.000000,214.000000,0.081110,403323296.000000,0.395683,0,1
35,35,55,34,57,81,56,82,
150.000000,215.000000,0.072921,6128637.000000,0.142368,0,1
243,252,249,236,230,226,214,195,
319.000000,215.000000,0.100293,15620131.000000,0.863357,0,1
43,33,40,18,25,28,11,10,
325.000000,215.000000,0.097867,1395966.625000,0.147553,0,1
39,45,47,32,35,36,13,11,
329.000000,215.000000,0.102594,8770596.000000,0.154809,0,1
42,47,47,36,35,36,16,12,
343.000000,215.000000,0.102786,1778583.750000,0.155035,0,1
54,52,54,52,56,58,32,17,
139.000000,216.000000,0.072981,8380702.000000,0.205845,0,1
255,255,254,251,247,243,232,206,
351.000000,216.000000,0.103734,2571336.750000,0.156346,0,1
59,59,57,43,45,45,21,16,
392.000000,216.000000,0.088162,67626512.000000,0.152459,0,1
50,62,35,72,47,24,57,31,
76.000000,217.000000,0.061952,33910492.000000,0.161457,0,1
243,254,252,238,234,220,165,149,
165.000000,217.000000,0.072246,15963803.000000,0.370746,0,1
199,184,179,169,163,158,150,136,
356.000000,217.000000,0.096174,21928622.000000,0.692072,0,1
59,46,52,21,22,24,17,16,
363.000000,217.000000,0.092281,42840304.000000,0.148414,0,1
69,64,66,32,38,43,19,18,
392.000000,217.000000,0.088383,64742920.000000,0.153682,0,1
49,60,34,69,43,23,38,21,
517.000000,217.000000,0.085152,7270271.000000,0.567610,0,1
27,32,23,35,26,20,30,25,
618.000000,217.000000,0.080865,24840910.000000,0.470885,0,1
45,37,33,48,43,39,50,45,
384.000000,218.000000,0.089342,46024880.000000,0.147107,0,1
80,72,76,39,43,47,22,19,
572.000000,218.000000,0.084101,232410656.000000,0.343119,0,1
43,43,66,40,63,84,59,74,
577.000000,218.000000,0.082243,146883504.000000,0.329103,0,1
91,87,76,84,72,57,69,53,
588.000000,218.000000,0.082489,18372190.000000,0.427362,0,1
73,73,70,65,62,62,53,53,
599.000000,218.000000,0.081471,18312656.000000,0.440775,0,1
71,71,69,65,62,60,58,59,
124.000000,219.000000,0.084122,9932312.000000,0.246852,0,1
253,237,240,222,223,222,209,194,
147.000000,219.000000,0.075977,12707820.000000,0.408654,0,1
204,190,182,170,161,154,142,124,
154.000000,219.000000,0.072601,28975718.000000,0.397818,0,1
192,174,172,155,156,150,130,126,
467.000000,219.000000,0.094654,2972488.000000,0.142649,0,1
47,39,48,30,43,46,35,38,
27.000000,220.000000,0.064401,220494560.000000,0.196073,0,1
57,94,86,165,160,154,211,230,
29.000000,220.000000,0.064900,250504336.000000,0.196634,0,1
59,86,80,160,154,142,207,227,
566.000000,221.000000,0.089506,96468696.000000,0.428348,0,1
24,22,29,20,26,41,24,35,
627.000000,221.000000,0.085507,28531726.000000,0.354631,0,1
49,47,53,36,46,48,32,34,
630.000000,221.000000,0.083200,31109598.000000,0.349379,0,1
47,52,45,48,43,37,37,32,
44.000000,222.000000,0.066195,142452800.000000,0.192933,0,1
66,86,85,142,139,138,209,215,
90.000000,222.000000,0.088953,4656478.000000,0.230527,0,1
255,254,253,240,239,242,229,225,
240.000000,222.000000,0.076568,7501529.000000,0.386836,0,1
14,14,14,14,14,13,16,27,
314.000000,222.000000,0.065277,3450618.250000,0.212618,0,1
9,9,10,14,16,16,29,26,
54.000000,223.000000,0.066200,148268576.000000,0.187525,0,1
84,146,144,198,193,193,207,202,
307.000000,223.000000,0.070792,4064709.250000,0.237835,0,1
9,9,9,9,11,17,23,26,
335.000000,223.000000,0.076085,7501464.500000,0.669714,0,1
12,12,12,26,25,24,30,26,
342.000000,223.000000,0.075599,5422167.500000,0.627840,0,1
13,13,13,22,20,18,32,27,
153.000000,224.000000,0.078481,5001773.500000,0.422975,0,1
131,125,126,116,115,113,110,106,
157.000000,224.000000,0.076582,7894356.000000,0.385167,0,1
129,126,124,113,108,104,102,100,
168.000000,224.000000,0.080015,1835567.250000,0.416798,0,1
110,111,107,97,94,92,95,90,
236.000000,224.000000,0.076228,24393506.000000,0.400431,0,1
15,19,17,31,30,29,40,39,
238.000000,224.000000,0.075861,21708300.000000,0.392681,0,1
14,17,16,30,29,27,39,39,
362.000000,224.000000,0.079779,12226642.000000,0.558297,0,1
16,16,16,26,26,25,41,38,
367.000000,224.000000,0.080464,13780827.000000,0.539267,0,1
16,16,16,25,25,25,40,38,
476.000000,224.000000,0.065832,1522383.750000,0.196027,0,1
32,34,29,32,31,27,31,28,
567.000000,224.000000,0.090687,101957856.000000,0.437970,0,1
36,35,48,34,47,57,44,50,
600.000000,224.000000,0.087394,15277273.000000,0.481514,0,1
55,49,50,43,44,44,39,36,
606.000000,224.000000,0.087250,16153237.000000,0.492215,0,1
54,52,51,45,46,46,40,37,
258.000000,225.000000,0.097711,4264836.500000,0.423205,0,1
25,23,25,16,17,19,12,14,
265.000000,225.000000,0.094654,8595012.000000,0.394526,0,1
29,28,29,21,24,27,16,14,
301.000000,225.000000,0.074312,6900001.500000,0.252659,0,1
9,9,10,13,20,27,28,30,
382.000000,225.000000,0.084173,17257034.000000,0.493718,0,1
17,19,18,37,37,37,41,34,
631.000000,225.000000,0.083744,13216883.000000,0.356580,0,1
32,36,32,47,39,31,45,41,
272.000000,226.000000,0.093713,7280858.500000,0.374964,0,1
31,29,29,16,18,18,14,12,
284.000000,226.000000,0.076633,6459301.000000,0.304645,0,1
10,14,11,21,20,18,29,28,
68.000000,227.000000,0.078507,19488568.000000,0.217528,0,1
207,203,205,194,196,196,185,182,
293.000000,227.000000,0.077441,9963155.000000,0.296916,0,1
9,16,15,24,26,27,30,35,
318.000000,227.000000,0.094318,5295116.000000,0.302434,0,1
25,27,27,16,18,18,13,10,
328.000000,227.000000,0.092317,7470630.000000,0.910737,0,1
24,28,29,21,21,22,13,11,
334.000000,227.000000,0.091279,8033544.000000,0.890956,0,1
25,30,30,23,25,26,15,12,
398.000000,227.000000,0.087358,21035376.000000,0.447046,0,1
16,18,16,23,20,18,49,54,
342.000000,228.000000,0.091353,8663763.000000,0.781577,0,1
27,35,36,17,17,19,16,13,
345.000000,228.000000,0.090811,9787682.000000,0.784256,0,1
27,36,37,18,21,24,16,14,
399.000000,228.000000,0.089951,24536334.000000,0.174287,0,1
16,20,18,49,49,44,54,49,
429.000000,228.000000,0.090673,34934480.000000,0.356381,0,1
15,17,20,20,30,38,36,40,
437.000000,228.000000,0.089773,32957892.000000,0.331962,0,1
17,19,18,39,37,35,55,49,
140.000000,229.000000,0.096154,2279889.250000,0.228016,0,1
125,124,120,118,113,110,106,99,
201.000000,229.000000,0.080071,5550440.000000,0.502295,0,1
59,55,54,58,58,58,70,70,
215.000000,229.000000,0.080347,3783360.750000,0.466867,0,1
50,48,46,53,55,57,58,60,
217.000000,229.000000,0.081971,3208141.000000,0.469512,0,1
49,46,46,55,57,57,61,61,
279.000000,229.000000,0.092490,5519098.000000,0.357209,0,1
12,12,22,12,17,27,10,12,
371.000000,229.000000,0.092973,13519141.000000,0.628083,0,1
40,40,42,27,28,29,20,18,
454.000000,229.000000,0.092432,31523026.000000,0.302441,0,1
17,19,18,44,41,38,54,52,
462.000000,229.000000,0.091407,16173194.000000,0.285471,0,1
16,17,16,30,22,17,44,38,
657.000000,229.000000,0.093254,5103602.000000,0.428891,0,1
35,31,37,22,25,30,22,26,
658.000000,229.000000,0.077207,12709827.000000,0.370721,0,1
37,35,38,23,28,33,24,27,
671.000000,229.000000,0.075188,13132364.000000,0.297680,0,1
28,34,27,43,35,28,42,40,
58.000000,230.000000,0.093190,15009767.000000,0.272577,0,1
184,178,178,172,170,168,162,155,
230.000000,230.000000,0.077621,44926960.000000,0.433664,0,1
33,43,32,51,46,34,53,52,
461.000000,230.000000,0.092135,22290372.000000,0.291690,0,1
17,30,22,52,44,28,52,44,
558.000000,230.000000,0.099708,64139868.000000,0.472906,0,1
18,18,24,17,23,33,22,33,
285.000000,231.000000,0.095515,5346814.000000,0.362625,0,1
28,25,25,15,16,18,14,12,
294.000000,231.000000,0.093652,11031627.000000,0.333197,0,1
37,32,31,21,19,16,12,10,
463.000000,231.000000,0.091571,20210122.000000,0.296780,0,1
19,36,21,46,30,19,37,32,
567.000000,231.000000,0.092283,76815456.000000,0.449978,0,1
35,35,25,34,25,18,26,18,
181.000000,232.000000,0.085011,4027650.000000,0.373393,0,1
66,65,65,66,72,76,77,82,
405.000000,233.000000,0.093268,23338938.000000,0.486278,0,1
46,49,49,29,33,36,22,17,
410.000000,233.000000,0.091666,17380866.000000,0.195985,0,1
48,51,52,37,39,42,23,18,
433.000000,233.000000,0.093950,23498386.000000,0.379065,0,1
53,47,53,30,31,33,22,21,
438.000000,233.000000,0.093068,23836778.000000,0.367578,0,1
49,54,54,34,36,37,23,23,
445.000000,233.000000,0.093470,16079591.000000,0.248628,0,1
43,52,52,41,44,46,28,24,
461.000000,233.000000,0.092660,32388964.000000,0.269923,0,1
46,51,37,59,48,32,44,28,
521.000000,233.000000,0.097376,24894508.000000,0.637766,0,1
15,17,17,34,36,33,48,47,
526.000000,233.000000,0.097742,24008508.000000,0.613509,0,1
15,16,15,32,30,27,49,47,
426.000000,234.000000,0.094968,27777114.000000,0.407391,0,1
46,51,45,35,35,30,23,21,
454.000000,234.000000,0.094102,17467696.000000,0.330106,0,1
52,56,59,35,36,39,25,24,
538.000000,234.000000,0.098670,23033402.000000,0.566046,0,1
13,18,16,36,34,31,49,47,
541.000000,234.000000,0.099360,24540930.000000,0.554748,0,1
13,16,15,32,30,27,52,50,
546.000000,234.000000,0.100287,23788532.000000,0.536553,0,1
14,15,15,26,24,22,50,51,
553.000000,235.000000,0.100116,28459068.000000,0.515461,0,1
15,19,21,43,40,39,54,52,
56.000000,237.000000,0.078437,7455938.000000,0.165553,0,1
141,140,135,153,132,127,131,133,
66.000000,237.000000,0.085763,6333889.000000,0.244919,0,1
144,138,141,136,143,152,145,148,
126.000000,237.000000,0.074280,17487468.000000,0.241409,0,1
98,101,100,112,112,108,125,122,
139.000000,237.000000,0.080737,15374172.000000,0.242862,0,1
84,84,81,89,88,90,107,110,
141.000000,237.000000,0.081697,15067391.000000,0.240323,0,1
83,81,81,88,90,90,106,106,
147.000000,237.000000,0.082358,10332503.000000,0.430312,0,1
77,77,76,87,85,84,95,96,
157.000000,237.000000,0.087296,3572957.250000,0.383740,0,1
78,73,73,79,83,85,89,99,
517.000000,237.000000,0.100682,7532052.500000,0.687777,0,1
29,27,38,22,32,45,23,23,
111.000000,238.000000,0.095346,4266117.500000,0.170769,0,1
133,144,143,138,132,128,118,112,
232.000000,238.000000,0.081560,37428796.000000,0.442012,0,1
30,33,24,40,32,20,39,32,
517.000000,238.000000,0.099220,5370341.000000,0.690961,0,1
32,26,39,22,26,32,23,22,
522.000000,238.000000,0.095006,7524803.000000,0.676510,0,1
50,53,53,35,38,40,24,21,
525.000000,238.000000,0.103094,9710586.000000,0.656870,0,1
46,52,50,39,41,42,25,21,
538.000000,239.000000,0.105880,8931207.000000,0.603260,0,1
47,45,47,31,32,35,20,20,
140.000000,240.000000,0.093818,11438461.000000,0.464884,0,1
106,110,106,102,98,95,90,77,
552.000000,240.000000,0.104758,14109723.000000,0.548025,0,1
52,48,49,30,31,34,22,22,
556.000000,240.000000,0.103614,24396128.000000,0.531043,0,1
52,49,42,34,34,28,22,23,
56.000000,241.000000,0.099535,7835465.500000,0.299871,0,1
133,131,131,123,121,119,111,109,
119.000000,241.000000,0.101949,39132304.000000,0.325150,0,1
138,125,124,111,113,115,96,82,
132.000000,241.000000,0.095485,35142788.000000,0.284382,0,1
120,114,114,99,96,95,77,71,
133.000000,241.000000,0.095336,37909568.000000,0.282721,0,1
120,115,113,97,95,96,77,71,
153.000000,241.000000,0.089771,11925944.000000,0.454441,0,1
95,95,95,86,82,79,69,64,
161.000000,241.000000,0.086100,5492227.500000,0.176533,0,1
95,88,80,79,80,80,68,67,
69.000000,242.000000,0.091730,30338296.000000,0.263712,0,1
149,145,148,127,128,131,125,120,
83.000000,243.000000,0.099647,40363612.000000,0.277876,0,1
146,135,137,122,126,130,112,108,
180.000000,244.000000,0.093641,2097394.750000,0.415022,0,1
62,61,60,58,55,52,50,46,
160.000000,245.000000,0.093562,5735089.500000,0.517379,0,1
65,70,69,63,60,54,52,48,
165.000000,245.000000,0.096065,6662102.000000,0.489267,0,1
65,62,60,52,51,53,46,47,
232.000000,245.000000,0.083559,14550311.000000,0.461522,0,1
31,36,26,37,28,18,26,23,
222.000000,246.000000,0.092900,8563078.000000,0.521448,0,1
43,41,45,38,42,45,37,32,
227.000000,246.000000,0.093969,16721960.000000,0.517951,0,1
43,48,44,45,42,33,35,30,
98.000000,247.000000,0.086495,23960550.000000,0.302413,0,1
108,130,111,143,117,103,102,84,
71.000000,248.000000,0.093713,87690008.000000,0.271197,0,1
104,105,102,124,123,119,160,148,
55.000000,250.000000,0.107604,16030526.000000,0.333061,0,1
91,89,91,91,96,109,98,98,
89.000000,250.000000,0.102535,134757520.000000,0.285470,0,1
174,156,156,132,124,108,92,80,
113.000000,250.000000,0.093956,16085770.000000,0.301871,0,1
77,75,71,80,74,66,87,80,
194.000000,250.000000,0.101392,3657857.500000,0.729393,0,1
49,48,46,43,45,41,39,35,
202.000000,250.000000,0.099179,5992427.500000,0.670401,0,1
52,47,49,39,42,42,34,31,
55.000000,252.000000,0.103640,48355360.000000,0.320064,0,1
96,98,110,93,98,106,84,80,
60.000000,252.000000,0.101378,71104160.000000,0.220491,0,1
141,143,153,113,124,123,91,79,
152.000000,254.000000,0.104057,3024916.000000,0.531484,0,1
54,55,57,54,54,54,49,44,
158.000000,254.000000,0.102374,1138946.000000,0.526716,0,1
56,55,52,54,51,47,46,42,
168.000000,256.000000,0.107066,2298393.000000,0.506179,0,1
47,45,43,40,39,39,38,38,
604.000000,256.000000,0.080850,3279493.250000,0.460595,0,1
26,27,30,25,29,33,26,26,
620.000000,256.000000,0.116385,1867461.125000,0.488569,0,1
28,28,26,29,26,24,28,28,
77.000000,257.000000,0.108370,132590848.000000,0.319436,0,1
128,147,146,119,116,114,88,73,
55.000000,259.000000,0.109029,52187952.000000,0.244507,0,1
85,99,106,87,99,103,73,68,
62.000000,259.000000,0.107241,35715388.000000,0.235593,0,1
118,125,138,108,105,98,79,69,
77.000000,259.000000,0.108666,66694872.000000,0.321643,0,1
116,88,87,74,73,71,65,61,
84.000000,259.000000,0.109981,27952034.000000,0.319632,0,1
86,74,77,68,65,66,63,61,
97.000000,259.000000,0.110826,19438862.000000,0.374446,0,1
86,71,67,62,61,58,58,55,
200.000000,260.000000,0.077301,118029.492188,0.288476,0,1
30,29,29,29,28,29,28,27,
388.000000,264.000000,0.104474,119520.953125,0.203814,0,1
21,21,21,19,19,19,18,19,
39.000000,265.000000,0.107867,158360992.000000,0.356159,0,1
62,63,64,69,76,78,109,132,
42.000000,265.000000,0.107215,51751008.000000,0.351093,0,1
62,65,69,78,76,70,95,93,
42.000000,274.000000,0.120087,109465624.000000,0.405860,0,1
58,63,56,91,70,54,68,49,
128.000000,274.000000,0.121402,3560067.500000,0.683827,0,1
43,46,45,48,48,47,50,53,
124.000000,280.000000,0.127776,3577834.250000,0.778069,0,1
57,55,56,53,52,50,49,46,
140.000000,280.000000,0.127348,2481310.500000,0.664409,0,1
47,51,47,48,46,45,42,37,
110.000000,282.000000,0.124407,3017133.750000,0.439309,0,1
53,51,51,48,47,48,42,40,
80.000000,284.000000,0.127924,2532795.750000,0.405698,0,1
45,43,44,43,42,42,41,38,
87.000000,294.000000,0.141750,7957411.000000,0.510494,0,1
36,42,42,38,39,39,33,31,
49.000000,232.000000,0.086360,18465676.000000,0.257688,0,1
177,169,167,158,157,156,142,138,
72.000000,231.000000,0.085038,21354952.000000,0.236034,0,1
188,184,183,176,175,171,164,154,
421.000000,229.000000,0.089228,37190328.000000,0.378599,0,1
17,21,19,40,37,34,56,55,
80.000000,218.000000,0.064301,268000896.000000,0.166041,0,1
250,221,242,155,190,242,166,187,
160.000000,215.000000,0.072208,8950592.000000,0.134028,0,1
236,230,220,216,209,202,193,176,
663.000000,211.000000,0.078288,270105408.000000,0.364913,0,1
95,82,103,49,71,83,41,61,
622.000000,210.000000,0.073291,480771232.000000,0.426343,0,1
82,69,105,52,88,116,31,58,
627.000000,209.000000,0.074357,155817600.000000,0.305240,0,1
29,71,35,114,79,41,113,41,
45.000000,209.000000,0.065331,6955163.000000,0.187134,0,1
58,63,63,64,64,64,78,78,
208.000000,206.000000,0.052329,86624440.000000,0.327621,0,1
114,155,148,196,168,141,138,118,
77.000000,206.000000,0.062937,384469376.000000,0.161432,0,1
255,239,240,166,159,220,96,105,
181.000000,204.000000,0.050892,112327888.000000,0.118358,0,1
123,143,126,174,166,143,198,211,
172.000000,203.000000,0.050690,62684152.000000,0.082570,0,1
158,221,188,233,209,186,197,217,
671.000000,115.000000,0.077876,2242338816.000000,0.346845,0,1
240,254,171,255,169,51,201,79,
203.000000,198.000000,0.051484,339440800.000000,0.327239,0,1
179,135,149,52,83,114,44,68,
203.000000,118.000000,0.151694,5575931.000000,0.228613,0,1
20,19,20,21,21,20,41,65,
576.000000,118.000000,0.082160,327327456.000000,0.396782,0,1
34,46,35,66,49,30,71,57,
586.000000,118.000000,0.071484,618458752.000000,0.202283,0,1
41,45,134,34,95,253,45,111,
195.000000,197.000000,0.051806,47809976.000000,0.114763,0,1
77,92,126,66,72,87,61,49,
635.000000,119.000000,0.075559,1846121472.000000,0.289010,0,1
255,255,158,255,157,53,173,88,
670.000000,119.000000,0.077549,2272246784.000000,0.301289,0,1
170,217,71,255,160,48,244,188,
675.000000,120.000000,0.076787,2050031616.000000,0.347409,0,1
29,34,89,40,122,255,112,199,
582.000000,122.000000,0.071927,433170560.000000,0.199909,0,1
33,37,98,45,147,252,161,241,
639.000000,122.000000,0.074655,2074151168.000000,0.291517,0,1
56,50,215,40,146,255,75,141,
588.000000,191.000000,0.068935,69976680.000000,0.196795,0,1
26,49,32,95,63,35,102,71,
201.000000,187.000000,0.048624,265619616.000000,0.313563,0,1
151,190,157,254,215,201,255,255,
598.000000,125.000000,0.073293,3139024128.000000,0.382495,0,1
168,236,72,255,153,39,236,128,
585.000000,184.000000,0.073798,78763232.000000,0.208387,0,1
76,77,105,48,73,82,38,21,
603.000000,182.000000,0.073400,181123536.000000,0.222624,0,1
50,83,49,105,73,38,97,63,
598.000000,126.000000,0.073450,3261200896.000000,0.383286,0,1
158,234,68,255,155,37,205,87,
602.000000,179.000000,0.074549,50623136.000000,0.248336,0,1
19,24,22,44,34,24,79,83,
182.000000,127.000000,0.082140,19921554.000000,0.180871,0,1
191,173,162,92,91,93,35,26,
159.000000,176.000000,0.045616,67118744.000000,0.125214,0,1
136,175,158,234,202,171,237,195,
650.000000,128.000000,0.076544,1730656896.000000,0.312614,0,1
65,129,58,240,152,63,220,183,
651.000000,128.000000,0.076735,1508839808.000000,0.314645,0,1
42,88,39,203,102,40,189,171,
606.000000,174.000000,0.072562,119731520.000000,0.390036,0,1
51,32,46,16,34,59,15,15,
665.000000,130.000000,0.077252,576579840.000000,0.335456,0,1
28,56,28,92,45,24,53,33,
145.000000,174.000000,0.045724,81780688.000000,0.128911,0,1
138,183,149,234,196,170,244,241,
165.000000,173.000000,0.049994,87230224.000000,0.126946,0,1
232,225,250,166,202,223,157,168,
578.000000,172.000000,0.075066,37281432.000000,0.359403,0,1
44,38,49,28,38,45,25,19,
212.000000,172.000000,0.048477,70830896.000000,0.097651,0,1
241,214,254,106,161,191,84,84,
120.000000,170.000000,0.046082,118406976.000000,0.093477,0,1
195,214,178,242,186,150,247,196,
635.000000,133.000000,0.074798,263699040.000000,0.285430,0,1
31,23,48,21,38,68,23,23,
623.000000,134.000000,0.074585,503068160.000000,0.430860,0,1
44,57,30,66,40,21,29,17,
209.000000,162.000000,0.039712,29664484.000000,0.053784,0,1
133,157,134,198,175,145,227,235,
118.000000,157.000000,0.046349,42040304.000000,0.143491,0,1
230,252,248,245,226,223,227,218,
83.000000,157.000000,0.044917,114300520.000000,0.106342,0,1
225,190,231,193,206,247,233,252,
92.000000,155.000000,0.045660,93525936.000000,0.104295,0,1
200,203,172,251,208,198,251,231,
83.000000,147.000000,0.046117,32247440.000000,0.109261,0,1
253,210,238,214,222,251,243,255,
145.000000,149.000000,0.046798,37117804.000000,0.082467,0,1
150,187,156,251,226,206,250,220,
158.000000,148.000000,0.048307,86482888.000000,0.078759,0,1
129,165,133,255,192,148,249,206,
69.000000,217.000000,0.065142,495444288.000000,0.174487,0,1
99,77,127,80,110,161,93,110,
168.000000,216.000000,0.075588,12349087.000000,0.135662,0,1
200,191,183,179,171,166,158,143,
69.000000,216.000000,0.065313,473691328.000000,0.174765,0,1
74,81,123,67,97,168,91,106,
90.000000,153.000000,0.047050,32370050.000000,0.080172,0,1
255,255,251,255,248,200,251,251,
79.000000,210.000000,0.063434,1064723200.000000,0.162455,0,1
193,137,248,99,181,252,127,169,
125.000000,147.000000,0.040870,42547500.000000,0.079698,0,1
103,162,132,226,198,169,218,220,
369.000000,106.000000,0.112849,15613116.000000,0.585396,0,1
63,63,70,62,71,79,72,80,
90.000000,154.000000,0.045803,60633120.000000,0.077972,0,1
254,253,221,255,239,180,254,255,
172.000000,146.000000,0.051340,28542528.000000,0.076390,0,1
120,116,145,120,156,172,190,255,
314.000000,202.000000,0.249860,2779840.500000,0.529487,0,1
12,10,20,10,12,29,10,12,
146.000000,156.000000,0.046801,49917248.000000,0.082102,0,1
245,240,230,234,209,203,226,219,
150.000000,158.000000,0.046870,46362336.000000,0.080367,0,1
230,208,243,201,224,252,228,250,
126.000000,159.000000,0.051943,25932334.000000,0.102424,0,1
252,237,248,210,224,245,211,239,
217.000000,193.000000,0.051816,61074852.000000,0.078090,0,1
240,245,199,189,184,183,117,97,
196.000000,126.000000,0.083549,149841680.000000,0.505250,0,1
49,59,31,51,36,21,23,17,
180.000000,178.000000,0.046693,87370088.000000,0.067182,0,1
177,216,169,252,201,169,253,255,
141.000000,177.000000,0.051342,35570320.000000,0.094769,0,1
217,211,192,248,230,239,255,255,
217.000000,168.000000,0.044729,36647592.000000,0.045085,0,1
92,96,90,168,144,129,214,201,
161.000000,129.000000,0.084180,47633704.000000,0.142686,0,1
59,51,77,34,55,81,32,26,
132.000000,175.000000,0.049365,70539744.000000,0.095117,0,1
210,193,208,229,213,229,244,255,
118.000000,170.000000,0.046676,118994416.000000,0.095666,0,1
234,250,214,255,242,186,254,229,
168.000000,173.000000,0.048868,20489892.000000,0.075979,0,1
255,251,242,214,227,209,163,159,
