# timestamp
1608635127529795840

# fx, fy, cx, cy, width, height, npoints
501.476959,501.475830,421.798615,167.659531,800,400,566

# camToWorld: translation vector, rotation quaternion
-11.179899,79.904735,3.658096,-0.702407,-0.153829,0.172970,0.673084

# Exposure time (ms)
2.316291

# Point Cloud Data : 
# u,v,idepth_scaled,idepth_hessian,maxRelBaseline,numGoodRes,status 
# color information 
726.000000,117.000000,0.069432,2047872.375000,0.446293,0,1
11,13,13,17,18,15,25,26,
727.000000,269.000000,0.136472,13322168.000000,0.628160,0,1
49,47,46,58,61,58,74,85,
735.000000,119.000000,0.060701,34473580.000000,0.444844,0,1
16,14,15,16,17,20,29,102,
735.000000,121.000000,0.062686,439470144.000000,0.307397,0,1
17,29,47,70,102,165,116,167,
695.000000,122.000000,0.087380,3896227.250000,0.368204,0,1
16,26,26,106,112,115,213,255,
727.000000,136.000000,0.062409,332148320.000000,0.299933,0,1
185,248,240,216,206,146,158,168,
715.000000,138.000000,0.061428,194861280.000000,0.285451,0,1
230,207,231,176,218,231,211,243,
728.000000,153.000000,0.064575,377423424.000000,0.453634,0,1
85,80,76,58,68,60,62,65,
695.000000,159.000000,0.062219,184492032.000000,0.273424,0,1
56,39,59,77,60,102,112,193,
697.000000,159.000000,0.061687,276279872.000000,0.272965,0,1
67,59,87,60,102,101,157,134,
697.000000,163.000000,0.061577,109214752.000000,0.168311,0,1
134,157,105,182,154,111,243,251,
724.000000,163.000000,0.054983,927290624.000000,0.266111,0,1
95,153,110,211,196,93,251,237,
705.000000,187.000000,0.083287,286300608.000000,0.174347,0,1
72,47,139,19,89,144,25,62,
730.000000,188.000000,0.063175,797107648.000000,0.308800,0,1
151,175,118,160,122,88,126,117,
712.000000,201.000000,0.062468,91149016.000000,0.293290,0,1
116,86,97,38,60,100,41,53,
705.000000,216.000000,0.082962,414012576.000000,0.175866,0,1
87,35,150,20,97,215,32,60,
684.000000,238.000000,0.102119,42570060.000000,0.698067,0,1
68,68,67,66,67,65,63,50,
696.000000,259.000000,0.126764,38742968.000000,0.544802,0,1
56,58,60,59,69,74,80,86,
694.000000,263.000000,0.129586,16310253.000000,0.554711,0,1
73,74,75,57,62,61,51,48,
697.000000,264.000000,0.131259,56159600.000000,0.923808,0,1
72,61,57,50,50,48,46,47,
713.000000,268.000000,0.138564,5903220.500000,0.857812,0,1
50,48,49,56,57,53,65,70,
677.000000,271.000000,0.132904,18838400.000000,0.770321,0,1
53,54,49,57,57,49,67,73,
678.000000,272.000000,0.135360,9768214.000000,0.559374,0,1
49,57,49,67,60,58,73,84,
671.000000,275.000000,0.140590,47036760.000000,0.744276,0,1
52,55,63,58,56,77,56,63,
688.000000,278.000000,0.147134,37760052.000000,0.617418,0,1
78,89,80,83,77,65,71,64,
703.000000,279.000000,0.148972,94082400.000000,0.646939,0,1
69,57,61,63,67,67,81,92,
705.000000,279.000000,0.149286,55359676.000000,0.652068,0,1
76,61,64,67,67,69,93,102,
670.000000,280.000000,0.148000,30571622.000000,0.596671,0,1
69,73,80,74,83,87,86,87,
682.000000,280.000000,0.146459,8683781.000000,0.390063,0,1
68,78,71,104,96,89,97,80,
688.000000,280.000000,0.148117,63344504.000000,0.622481,0,1
77,71,61,80,64,53,63,49,
703.000000,280.000000,0.148930,120896344.000000,0.647615,0,1
59,66,66,69,91,96,79,83,
709.000000,281.000000,0.149040,83185688.000000,0.656889,0,1
62,85,63,102,79,61,88,74,
680.000000,289.000000,0.153754,37969952.000000,0.637873,0,1
75,72,67,60,60,58,55,56,
662.000000,290.000000,0.163492,22222188.000000,0.642090,0,1
57,53,60,53,63,70,65,75,
693.000000,291.000000,0.152726,5281586.500000,0.425551,0,1
63,64,59,54,55,52,42,35,
667.000000,292.000000,0.157080,38625864.000000,0.632307,0,1
66,69,68,73,63,54,65,56,
716.000000,295.000000,0.166001,22623012.000000,0.740450,0,1
57,63,72,51,57,64,51,51,
143.000000,199.000000,0.044851,104285160.000000,0.330707,0,1
79,112,94,98,93,77,75,68,
641.000000,92.000000,0.129282,12446510.000000,0.536268,0,1
9,11,10,12,16,9,16,20,
456.000000,119.000000,0.110952,30551356.000000,0.167206,0,1
14,16,15,25,21,18,74,80,
656.000000,124.000000,0.075122,1531022.875000,0.283137,0,1
26,63,69,158,167,178,255,255,
671.000000,136.000000,0.059412,417836608.000000,0.231804,0,1
255,242,221,247,170,145,174,125,
675.000000,136.000000,0.058671,42932312.000000,0.249902,0,1
246,226,201,145,143,129,120,108,
688.000000,144.000000,0.061950,449364992.000000,0.359260,0,1
141,162,135,129,105,89,68,56,
673.000000,157.000000,0.061033,572785664.000000,0.251070,0,1
51,113,49,243,150,44,247,223,
655.000000,158.000000,0.059225,470542624.000000,0.304527,0,1
44,65,33,71,43,29,53,65,
662.000000,159.000000,0.060689,48219456.000000,0.327585,0,1
27,28,34,57,47,40,75,83,
330.000000,167.000000,0.019092,117185760.000000,0.042077,0,1
58,53,90,39,78,147,36,40,
680.000000,171.000000,0.062086,7075805.000000,0.264164,0,1
255,254,254,177,181,186,88,54,
433.000000,176.000000,0.043560,27594396.000000,0.065646,0,1
81,95,37,57,53,32,59,44,
672.000000,176.000000,0.055870,1591638784.000000,0.232856,0,1
70,136,43,201,57,31,101,45,
686.000000,192.000000,0.061219,146708016.000000,0.266520,0,1
118,113,104,67,67,61,47,43,
691.000000,192.000000,0.060922,117515080.000000,0.257920,0,1
126,103,66,58,56,43,43,41,
457.000000,209.000000,0.068640,464212672.000000,0.321597,0,1
172,192,188,151,155,161,119,109,
670.000000,216.000000,0.080441,147648928.000000,0.329935,0,1
213,214,218,168,175,169,141,109,
639.000000,253.000000,0.118789,23966848.000000,0.574904,0,1
57,57,56,68,70,62,73,70,
639.000000,256.000000,0.124399,50028356.000000,0.768753,0,1
76,66,69,57,61,60,54,49,
640.000000,256.000000,0.124228,56972896.000000,0.769493,0,1
73,70,64,58,63,59,54,49,
646.000000,264.000000,0.124448,8234858.000000,0.822330,0,1
44,49,47,55,55,53,60,60,
664.000000,266.000000,0.132581,18390262.000000,0.876881,0,1
44,49,47,52,55,52,59,59,
656.000000,267.000000,0.136178,14170476.000000,0.879945,0,1
51,52,49,57,55,49,63,61,
433.000000,269.000000,0.137276,11379830.000000,0.542254,0,1
50,52,49,55,57,52,66,64,
650.000000,269.000000,0.135697,34077256.000000,0.669142,0,1
57,56,63,54,63,70,65,70,
622.000000,270.000000,0.135593,13086320.000000,0.859675,0,1
61,63,59,52,55,53,47,44,
628.000000,270.000000,0.136348,28885208.000000,0.865501,0,1
58,58,57,52,50,48,45,45,
427.000000,272.000000,0.134375,38155972.000000,1.477539,0,1
49,45,56,41,49,61,41,37,
633.000000,272.000000,0.137050,8903888.000000,0.898839,0,1
42,45,46,52,51,48,55,56,
455.000000,273.000000,0.134332,19166864.000000,1.305673,0,1
51,53,49,49,47,42,41,38,
663.000000,275.000000,0.138813,19415734.000000,0.619937,0,1
61,69,57,78,68,56,81,81,
614.000000,277.000000,0.145133,38720500.000000,0.922394,0,1
52,48,56,47,56,66,51,56,
647.000000,278.000000,0.146356,15470548.000000,0.717840,0,1
52,59,57,63,67,65,69,62,
594.000000,279.000000,0.143746,152765552.000000,0.473318,0,1
114,116,117,86,97,81,69,68,
627.000000,279.000000,0.143835,15158889.000000,0.936222,0,1
55,56,54,51,50,47,45,48,
648.000000,281.000000,0.143319,11072144.000000,0.616074,0,1
70,62,62,42,48,56,37,38,
646.000000,282.000000,0.142405,12498309.000000,0.964501,0,1
60,43,42,50,42,37,53,52,
620.000000,284.000000,0.147716,63875460.000000,0.972892,0,1
58,58,53,48,46,52,44,42,
631.000000,287.000000,0.165608,13098530.000000,1.041131,0,1
47,50,44,54,52,48,59,62,
634.000000,287.000000,0.158166,18768802.000000,0.810956,0,1
52,44,51,49,50,56,60,71,
659.000000,287.000000,0.156393,17498866.000000,0.852506,0,1
59,51,64,49,58,68,60,58,
634.000000,288.000000,0.156378,21668166.000000,0.754216,0,1
48,48,54,59,63,63,66,66,
653.000000,291.000000,0.158919,24148932.000000,0.864783,0,1
45,44,50,49,53,60,59,56,
640.000000,295.000000,0.165246,18539134.000000,0.869925,0,1
46,39,49,42,51,58,56,62,
655.000000,296.000000,0.166929,24283224.000000,0.850272,0,1
58,49,58,52,59,69,63,73,
576.000000,297.000000,0.169367,97862904.000000,0.806283,0,1
27,26,41,25,36,43,32,46,
587.000000,297.000000,0.159044,27802294.000000,0.528289,0,1
43,46,34,50,38,31,41,32,
680.000000,189.000000,0.060719,1502129920.000000,0.393558,0,1
61,37,63,42,64,99,47,53,
672.000000,175.000000,0.055267,1413110016.000000,0.230464,0,1
93,139,51,210,63,37,124,48,
688.000000,171.000000,0.060077,9096070.000000,0.258038,0,1
255,254,250,182,181,182,100,62,
667.000000,160.000000,0.059461,1362152704.000000,0.240657,0,1
85,81,189,64,136,220,93,101,
599.000000,60.000000,0.144452,114890672.000000,0.882365,0,1
16,12,17,10,20,30,14,19,
599.000000,71.000000,0.145967,96458368.000000,0.497268,0,1
27,28,74,32,108,170,176,252,
603.000000,71.000000,0.143048,288151616.000000,0.493863,0,1
27,62,36,170,117,39,250,255,
610.000000,79.000000,0.131201,646701312.000000,0.455018,0,1
68,218,45,255,170,19,182,35,
605.000000,80.000000,0.130711,2307847168.000000,0.779670,0,1
251,149,245,37,117,213,47,28,
610.000000,80.000000,0.130618,713744640.000000,0.795111,0,1
137,241,47,216,104,18,76,20,
610.000000,92.000000,0.125371,41186128.000000,0.749567,0,1
14,20,11,13,14,11,19,13,
393.000000,135.000000,0.012828,6887522.500000,0.009503,0,1
24,27,24,32,44,33,38,136,
426.000000,135.000000,0.019183,3828914.500000,0.017823,0,1
42,30,31,33,47,49,99,122,
371.000000,144.000000,0.013948,2040067.750000,0.017441,0,1
117,121,87,85,80,96,98,94,
632.000000,149.000000,0.058495,690316928.000000,0.330407,0,1
158,178,137,146,130,84,94,50,
383.000000,157.000000,0.036047,121692552.000000,0.343463,0,1
101,90,87,72,69,66,57,39,
167.000000,158.000000,0.073682,7618726400.000000,3.165133,0,1
22,18,32,16,22,45,18,21,
634.000000,170.000000,0.058012,2074621568.000000,0.330498,0,1
220,252,134,242,208,86,196,147,
554.000000,171.000000,0.053190,468182272.000000,0.126278,0,1
211,116,239,69,118,142,65,91,
277.000000,177.000000,0.046455,37850664.000000,0.158782,0,1
29,32,36,50,56,51,108,114,
518.000000,178.000000,0.070884,14961588.000000,0.141315,0,1
191,156,150,144,137,126,78,46,
505.000000,182.000000,0.051523,134233488.000000,0.093400,0,1
38,30,108,35,99,169,32,69,
143.000000,186.000000,0.047130,76079296.000000,0.343776,0,1
27,31,27,40,37,32,48,31,
112.000000,192.000000,0.033307,24008224.000000,0.118667,0,1
56,60,42,61,46,36,44,36,
150.000000,199.000000,0.076781,140434720.000000,0.147016,0,1
39,91,25,85,56,8,68,41,
369.000000,202.000000,0.057061,95590776.000000,0.092038,0,1
42,63,61,87,82,79,156,172,
407.000000,205.000000,0.062706,77559464.000000,0.076793,0,1
46,63,66,145,135,136,155,118,
418.000000,205.000000,0.062150,86893464.000000,0.202839,0,1
49,59,64,123,116,121,195,160,
438.000000,206.000000,0.063612,107882528.000000,0.077515,0,1
40,52,45,138,122,112,190,156,
440.000000,206.000000,0.062253,84190000.000000,0.094499,0,1
38,45,61,122,112,109,181,158,
423.000000,208.000000,0.064741,69204536.000000,0.204425,0,1
190,167,175,123,126,128,103,103,
431.000000,208.000000,0.065128,96243672.000000,0.098218,0,1
159,188,195,138,147,152,110,102,
437.000000,208.000000,0.066427,105108072.000000,0.100106,0,1
132,194,186,155,156,157,116,103,
441.000000,208.000000,0.064975,98180768.000000,0.097947,0,1
121,178,184,157,161,160,119,105,
605.000000,216.000000,0.075769,336255104.000000,0.405118,0,1
204,135,137,112,108,107,109,106,
371.000000,234.000000,0.093378,19038912.000000,0.855127,0,1
59,61,57,66,70,61,84,79,
608.000000,256.000000,0.121810,46710848.000000,0.746719,0,1
62,59,60,51,52,57,50,47,
583.000000,258.000000,0.122443,22987594.000000,0.755385,0,1
49,52,53,59,60,59,62,63,
601.000000,261.000000,0.125565,98964496.000000,0.775651,0,1
63,56,53,74,67,51,71,52,
599.000000,262.000000,0.127637,88852560.000000,0.769548,0,1
55,67,75,55,68,65,58,60,
349.000000,263.000000,0.124787,44239092.000000,2.012247,0,1
40,45,39,44,38,33,33,32,
347.000000,264.000000,0.122585,5058801.500000,2.024507,0,1
44,45,42,38,36,33,32,28,
424.000000,264.000000,0.124078,18215458.000000,1.408922,0,1
47,42,53,37,45,57,43,47,
464.000000,264.000000,0.125197,44108576.000000,1.168367,0,1
62,51,53,45,48,49,41,43,
401.000000,265.000000,0.107488,5875436.000000,1.549392,0,1
41,37,39,39,41,47,47,46,
455.000000,265.000000,0.124940,13403663.000000,1.236399,0,1
54,58,51,58,48,41,47,41,
572.000000,265.000000,0.129199,53756176.000000,0.825514,0,1
49,54,55,48,52,52,47,43,
611.000000,265.000000,0.129379,34960292.000000,0.822149,0,1
59,62,59,54,52,53,49,46,
600.000000,266.000000,0.129724,93948688.000000,0.793340,0,1
53,61,49,74,62,55,74,65,
374.000000,267.000000,0.122040,19273952.000000,1.794588,0,1
41,40,46,34,39,43,35,33,
447.000000,267.000000,0.129766,25019616.000000,1.301314,0,1
43,39,40,39,42,50,43,51,
595.000000,267.000000,0.134636,382813248.000000,0.835921,0,1
53,55,60,51,67,81,60,73,
582.000000,270.000000,0.134602,16547748.000000,0.864017,0,1
48,55,49,62,55,48,58,54,
587.000000,271.000000,0.136388,33025098.000000,0.874398,0,1
49,54,46,52,56,49,58,54,
600.000000,272.000000,0.135226,311964992.000000,0.867888,0,1
73,77,56,82,63,45,73,57,
436.000000,275.000000,0.123744,8414241.000000,0.808100,0,1
53,48,47,48,44,40,40,35,
394.000000,276.000000,0.111155,1761453.375000,1.679766,0,1
42,41,41,33,34,32,28,27,
418.000000,277.000000,0.133722,3635838.250000,1.566898,0,1
38,41,41,36,35,32,30,28,
578.000000,277.000000,0.143210,19507858.000000,0.931457,0,1
43,45,49,41,51,54,41,40,
590.000000,277.000000,0.143965,226052192.000000,0.611830,0,1
59,55,79,43,76,105,63,74,
594.000000,280.000000,0.143103,205627744.000000,0.513158,0,1
121,90,95,68,73,60,69,62,
550.000000,282.000000,0.140533,7012045.500000,1.000867,0,1
35,42,43,34,37,40,30,33,
527.000000,283.000000,0.159212,1931050.750000,0.591411,0,1
31,33,30,33,38,32,38,41,
529.000000,284.000000,0.151672,4840171.000000,0.706168,0,1
30,35,32,43,38,34,43,36,
463.000000,285.000000,0.139205,8344116.500000,0.557268,0,1
38,36,32,28,27,26,22,20,
509.000000,285.000000,0.154371,1263050.250000,0.568106,0,1
29,27,28,29,30,29,36,33,
585.000000,286.000000,0.156126,59670836.000000,0.733388,0,1
36,33,40,35,41,48,47,52,
583.000000,287.000000,0.156315,81137464.000000,0.736282,0,1
33,32,38,30,42,49,39,51,
476.000000,288.000000,0.132389,3919300.000000,0.770920,0,1
40,35,35,25,30,31,24,23,
591.000000,288.000000,0.149498,119791784.000000,0.731301,0,1
61,54,51,53,48,35,45,37,
592.000000,288.000000,0.149748,117440880.000000,0.732997,0,1
59,56,41,51,42,33,38,36,
455.000000,199.000000,0.033116,57123520.000000,0.050426,0,1
76,84,84,72,80,74,98,133,
637.000000,135.000000,0.052269,388961952.000000,0.178956,0,1
255,218,255,148,227,255,166,220,
640.000000,193.000000,0.059439,171543456.000000,0.349898,0,1
69,45,67,43,66,69,45,62,
554.000000,140.000000,0.054400,71723808.000000,0.128602,0,1
255,255,255,249,203,184,248,218,
606.000000,141.000000,0.055607,446608704.000000,0.177629,0,1
125,123,190,121,149,236,150,163,
119.000000,172.000000,0.033440,154711104.000000,0.068228,0,1
134,88,131,44,84,78,39,39,
149.000000,176.000000,0.077389,41060900.000000,0.145360,0,1
27,51,14,61,40,8,35,17,
452.000000,132.000000,0.032799,277920320.000000,0.065062,0,1
33,43,182,57,136,252,66,128,
607.000000,130.000000,0.052521,155929536.000000,0.265852,0,1
255,255,252,226,199,225,152,166,
409.000000,135.000000,0.026817,5597044.000000,0.033763,0,1
33,25,35,29,45,35,37,143,
501.000000,145.000000,0.052054,312481888.000000,0.151695,0,1
157,159,215,107,171,169,101,118,
588.000000,145.000000,0.052443,268448064.000000,0.243447,0,1
237,212,255,211,242,255,218,246,
578.000000,150.000000,0.055128,311633216.000000,0.245719,0,1
222,196,210,133,163,148,99,66,
583.000000,159.000000,0.055996,1118608512.000000,0.385766,0,1
224,188,220,72,105,97,51,56,
280.000000,163.000000,0.042439,33458414.000000,0.141177,0,1
106,124,88,102,54,55,44,42,
437.000000,167.000000,0.032047,91952288.000000,0.182643,0,1
57,44,58,43,44,55,36,78,
486.000000,168.000000,0.048083,514259840.000000,0.126836,0,1
123,240,77,249,193,61,250,182,
335.000000,170.000000,0.017496,77183944.000000,0.037065,0,1
116,51,127,41,70,130,42,62,
413.000000,172.000000,0.044097,23937956.000000,0.125422,0,1
41,44,47,95,83,52,95,72,
471.000000,175.000000,0.044481,142009344.000000,0.159768,0,1
235,240,226,235,226,222,176,79,
482.000000,176.000000,0.048755,126278928.000000,0.126293,0,1
200,134,93,62,105,54,59,58,
368.000000,179.000000,0.051506,46384808.000000,0.078405,0,1
79,48,51,58,77,76,111,126,
367.000000,184.000000,0.044864,36657284.000000,0.067648,0,1
87,103,118,88,119,116,81,87,
509.000000,184.000000,0.052119,733203328.000000,0.336706,0,1
160,156,151,114,118,122,55,46,
514.000000,184.000000,0.049672,28040620.000000,0.159865,0,1
158,161,156,123,135,140,55,48,
260.000000,188.000000,0.037282,82092304.000000,0.058550,0,1
99,101,59,143,105,51,153,99,
614.000000,190.000000,0.050614,1579238016.000000,0.398210,0,1
36,38,38,62,72,44,93,143,
463.000000,191.000000,0.043915,65151688.000000,0.191347,0,1
27,30,28,60,60,55,62,60,
616.000000,191.000000,0.052906,2564064512.000000,0.422338,0,1
36,60,34,138,57,27,100,44,
557.000000,192.000000,0.051876,536157888.000000,0.211190,0,1
62,114,44,107,66,46,115,61,
616.000000,192.000000,0.052801,3133935360.000000,0.421490,0,1
44,102,34,143,52,26,70,57,
352.000000,202.000000,0.057124,159039408.000000,0.079181,0,1
36,49,47,108,104,118,185,144,
526.000000,211.000000,0.071064,154736176.000000,0.395006,0,1
250,255,255,176,189,202,139,111,
405.000000,212.000000,0.070846,531928768.000000,1.004579,0,1
109,114,115,102,97,95,85,82,
583.000000,216.000000,0.076365,303367744.000000,0.568171,0,1
176,137,141,111,114,115,107,107,
471.000000,223.000000,0.087904,183117536.000000,0.777549,0,1
97,103,99,99,95,84,86,84,
469.000000,224.000000,0.089551,192175824.000000,0.798776,0,1
97,98,98,94,89,86,86,86,
587.000000,224.000000,0.086420,822882752.000000,0.675606,0,1
134,123,111,115,103,89,98,84,
583.000000,227.000000,0.090080,475326720.000000,0.700465,0,1
110,105,100,98,95,85,89,76,
573.000000,237.000000,0.100134,166435104.000000,0.772769,0,1
80,80,73,74,68,67,64,61,
148.000000,238.000000,0.089569,164254.890625,0.565467,0,1
21,20,19,19,19,16,17,14,
568.000000,240.000000,0.103623,108142560.000000,0.792094,0,1
71,68,68,72,70,61,71,60,
266.000000,247.000000,0.101131,27427670.000000,2.673299,0,1
46,43,45,37,36,38,33,31,
553.000000,250.000000,0.113560,151479584.000000,0.844462,0,1
64,68,68,59,68,60,51,44,
539.000000,251.000000,0.114194,131065840.000000,0.799027,0,1
72,69,64,56,56,55,51,49,
544.000000,251.000000,0.114630,76977712.000000,0.822896,0,1
72,70,69,59,61,63,49,49,
366.000000,254.000000,0.112354,80555752.000000,1.740494,0,1
60,55,62,53,48,45,44,47,
425.000000,255.000000,0.113108,25034546.000000,0.443839,0,1
73,67,78,51,53,59,43,58,
432.000000,255.000000,0.116949,34370232.000000,0.441573,0,1
60,58,72,62,74,79,58,41,
395.000000,256.000000,0.118458,15705886.000000,1.551367,0,1
41,39,43,41,46,51,49,50,
432.000000,256.000000,0.115834,47913596.000000,0.439000,0,1
65,62,81,65,53,54,48,38,
424.000000,257.000000,0.113936,40115848.000000,1.325657,0,1
49,45,48,45,50,59,52,43,
335.000000,260.000000,0.113912,12325538.000000,2.076754,0,1
46,42,44,35,35,37,30,32,
336.000000,260.000000,0.113535,11845845.000000,2.067847,0,1
46,43,43,35,36,38,31,36,
407.000000,260.000000,0.126638,8461764.000000,0.315363,0,1
40,38,39,38,41,49,47,46,
539.000000,260.000000,0.121689,72503808.000000,0.881572,0,1
59,55,54,52,52,46,49,49,
352.000000,261.000000,0.110483,21478866.000000,1.930477,0,1
45,41,41,40,41,32,37,32,
475.000000,261.000000,0.122881,51413060.000000,1.088836,0,1
59,63,58,54,52,50,46,42,
383.000000,262.000000,0.117371,55814844.000000,1.670458,0,1
56,51,56,40,43,39,38,37,
409.000000,264.000000,0.111081,8711663.000000,0.828596,0,1
47,48,38,50,44,40,50,42,
457.000000,264.000000,0.123430,53939712.000000,0.681763,0,1
63,57,59,56,47,43,43,41,
521.000000,265.000000,0.129013,29438440.000000,0.938289,0,1
48,42,44,42,51,55,52,45,
388.000000,268.000000,0.121028,9755786.000000,1.689886,0,1
37,41,38,37,37,34,30,36,
559.000000,270.000000,0.130616,37204152.000000,1.078123,0,1
52,55,53,44,48,46,42,41,
560.000000,270.000000,0.130517,32119926.000000,1.082123,0,1
48,55,52,46,46,49,41,39,
543.000000,274.000000,0.140147,29407206.000000,0.964974,0,1
39,40,44,38,46,52,45,45,
545.000000,276.000000,0.136939,53519456.000000,0.964076,0,1
52,50,49,45,42,37,38,33,
421.000000,281.000000,0.148038,30393274.000000,0.455386,0,1
29,20,34,26,29,36,30,28,
593.000000,218.000000,0.080544,1528940672.000000,0.633490,0,1
180,181,161,175,153,116,145,106,
598.000000,136.000000,0.052257,761298432.000000,0.253922,0,1
229,184,255,167,228,255,177,188,
597.000000,192.000000,0.056157,796757312.000000,0.416347,0,1
130,124,125,83,107,112,51,47,
577.000000,141.000000,0.057260,72882872.000000,0.254868,0,1
247,211,240,213,242,249,232,255,
588.000000,142.000000,0.052002,666346048.000000,0.363375,0,1
150,177,182,218,209,231,209,244,
564.000000,144.000000,0.054761,76414688.000000,0.228099,0,1
252,198,246,218,236,238,252,242,
594.000000,144.000000,0.053109,558071744.000000,0.253575,0,1
181,244,180,255,195,174,252,228,
605.000000,151.000000,0.056833,2690701056.000000,0.433340,0,1
249,217,119,243,168,88,244,199,
475.000000,143.000000,0.049652,110589016.000000,0.120551,0,1
255,239,240,195,182,234,148,176,
519.000000,143.000000,0.046055,421075136.000000,0.148482,0,1
232,156,235,119,153,255,105,136,
469.000000,144.000000,0.052468,64021320.000000,0.122268,0,1
239,183,200,134,151,157,118,128,
477.000000,167.000000,0.049487,334241856.000000,0.122724,0,1
175,245,94,255,219,72,252,223,
370.000000,184.000000,0.045760,2433351168.000000,0.899621,0,1
100,119,104,119,107,89,77,76,
459.000000,122.000000,0.116247,1274109696.000000,0.453789,0,1
36,117,24,90,96,17,154,81,
480.000000,130.000000,0.074312,7683753.500000,0.303073,0,1
24,49,60,146,159,182,254,239,
390.000000,144.000000,0.044309,246768064.000000,0.071020,0,1
57,71,105,157,103,194,121,139,
277.000000,149.000000,0.038002,164860592.000000,0.129889,0,1
55,110,63,214,139,114,235,254,
200.000000,153.000000,0.029104,297539168.000000,0.056832,0,1
196,159,217,61,133,208,58,58,
550.000000,158.000000,0.053824,3564359168.000000,0.452163,0,1
124,182,91,189,156,78,190,142,
568.000000,159.000000,0.055284,1485507456.000000,0.511250,0,1
57,83,42,102,70,27,80,62,
567.000000,164.000000,0.048487,1336024832.000000,0.305476,0,1
72,85,88,81,167,181,136,240,
566.000000,170.000000,0.048403,2356735488.000000,0.303343,0,1
130,85,237,114,122,247,64,108,
127.000000,176.000000,0.036601,30921052.000000,0.113727,0,1
75,51,68,42,51,59,34,27,
535.000000,178.000000,0.072047,348450784.000000,0.595215,0,1
251,219,227,169,155,142,80,29,
231.000000,184.000000,0.038561,65045812.000000,0.069937,0,1
78,81,66,111,92,67,169,139,
527.000000,199.000000,0.052349,902641792.000000,0.332905,0,1
34,51,45,57,78,75,86,91,
399.000000,205.000000,0.064523,170005648.000000,0.145573,0,1
42,79,39,171,144,33,128,104,
520.000000,245.000000,0.107455,213024176.000000,0.993332,0,1
62,64,62,72,73,67,82,82,
339.000000,247.000000,0.108548,54521728.000000,1.926499,0,1
47,48,48,45,50,53,54,60,
349.000000,247.000000,0.107270,46809432.000000,1.096268,0,1
49,54,46,60,64,58,63,54,
316.000000,248.000000,0.102864,42174012.000000,2.123552,0,1
52,48,53,41,45,46,35,33,
339.000000,248.000000,0.107858,109404800.000000,1.921842,0,1
49,47,51,48,61,69,54,44,
463.000000,248.000000,0.120198,68232408.000000,1.069602,0,1
62,71,74,58,59,63,57,58,
517.000000,248.000000,0.111541,161693104.000000,1.037364,0,1
78,76,81,76,70,83,58,60,
350.000000,249.000000,0.106017,55845120.000000,1.085654,0,1
62,66,59,52,53,53,45,41,
499.000000,249.000000,0.112163,193750016.000000,0.953440,0,1
68,46,47,53,55,57,63,69,
353.000000,250.000000,0.108754,47240276.000000,1.814669,0,1
52,53,54,46,49,51,41,40,
381.000000,250.000000,0.107267,79463560.000000,0.536748,0,1
82,84,78,67,73,67,57,51,
324.000000,251.000000,0.100941,19824196.000000,2.058525,0,1
42,37,43,31,42,51,37,37,
374.000000,252.000000,0.110392,147846208.000000,0.574235,0,1
76,86,71,73,62,52,49,40,
403.000000,252.000000,0.115932,31650960.000000,1.459056,0,1
46,45,50,46,53,53,56,60,
423.000000,252.000000,0.116239,52781928.000000,1.319018,0,1
53,50,50,44,53,65,53,56,
414.000000,253.000000,0.112269,29447622.000000,1.366871,0,1
48,53,53,57,52,46,49,46,
494.000000,254.000000,0.117977,119703176.000000,1.007870,0,1
57,62,62,72,69,70,78,62,
506.000000,254.000000,0.117892,200835072.000000,1.070702,0,1
54,55,56,54,59,69,52,55,
493.000000,256.000000,0.117874,169649888.000000,1.005754,0,1
73,74,75,60,62,59,53,51,
499.000000,258.000000,0.121099,85080112.000000,1.082405,0,1
63,62,72,48,62,71,47,49,
511.000000,259.000000,0.122289,98718296.000000,1.171698,0,1
47,63,66,48,53,61,44,44,
512.000000,259.000000,0.122090,116376400.000000,1.173605,0,1
46,63,66,51,58,58,44,44,
526.000000,259.000000,0.120860,116218624.000000,1.238322,0,1
54,60,50,63,50,43,55,50,
534.000000,261.000000,0.111123,99272440.000000,1.171285,0,1
48,43,47,42,48,53,47,47,
491.000000,266.000000,0.122867,17288334.000000,1.040360,0,1
40,41,40,39,33,33,33,29,
511.000000,270.000000,0.129264,109522064.000000,1.297290,0,1
36,40,41,34,36,33,29,29,
464.000000,284.000000,0.134190,11397007.000000,1.338554,0,1
33,38,33,36,32,28,27,21,
487.000000,290.000000,0.136716,88264784.000000,0.875852,0,1
35,32,33,27,26,25,23,19,
488.000000,290.000000,0.136705,89062464.000000,0.879613,0,1
32,34,34,27,25,26,21,20,
139.000000,200.000000,0.051683,69718416.000000,0.384370,0,1
119,99,98,77,75,76,66,60,
370.000000,134.000000,0.045796,26226460.000000,0.055569,0,1
26,94,51,219,176,162,255,249,
408.000000,194.000000,0.047698,91969664.000000,0.107550,0,1
158,125,154,60,91,138,34,60,
561.000000,141.000000,0.055275,233150176.000000,0.342621,0,1
255,180,182,180,200,220,217,239,
525.000000,184.000000,0.051779,622390976.000000,0.288783,0,1
127,134,100,130,101,64,69,51,
556.000000,151.000000,0.054846,2442069760.000000,0.476767,0,1
162,172,152,139,98,79,110,93,
564.000000,159.000000,0.054644,1115265792.000000,0.494279,0,1
58,56,78,34,68,102,46,67,
486.000000,167.000000,0.048077,820648000.000000,0.190871,0,1
153,169,60,226,183,59,249,197,
551.000000,169.000000,0.053996,4280572928.000000,0.317432,0,1
122,226,81,255,123,124,215,104,
538.000000,199.000000,0.072364,1648058752.000000,0.615955,0,1
42,24,58,28,41,87,26,41,
319.000000,198.000000,0.060501,51365296.000000,0.091337,0,1
59,62,60,102,104,75,120,155,
501.000000,156.000000,0.048628,598379712.000000,0.212079,0,1
115,88,150,72,98,119,65,69,
459.000000,143.000000,0.049534,221783392.000000,0.161907,0,1
255,242,227,245,182,153,216,173,
456.000000,144.000000,0.049767,386862848.000000,0.159220,0,1
250,191,245,134,167,216,157,119,
170.000000,176.000000,0.074989,171706256.000000,0.454857,0,1
50,32,63,21,37,40,22,18,
471.000000,123.000000,0.103759,198259632.000000,0.948723,0,1
15,21,23,31,38,38,34,32,
387.000000,135.000000,0.041468,92055760.000000,0.100293,0,1
29,92,31,223,98,32,247,206,
281.000000,151.000000,0.047703,75433504.000000,0.031751,0,1
116,175,63,248,181,18,199,148,
361.000000,159.000000,0.000862,7621070.000000,0.002307,0,1
73,57,71,56,59,63,47,36,
343.000000,166.000000,0.031490,45091276.000000,0.047455,0,1
59,68,68,98,111,132,209,242,
417.000000,171.000000,0.044941,164162688.000000,0.151535,0,1
37,39,37,45,42,37,70,128,
391.000000,172.000000,0.038037,128537472.000000,0.139456,0,1
40,45,46,46,73,96,77,58,
431.000000,173.000000,0.043607,579101184.000000,0.166068,0,1
47,59,80,52,86,118,49,60,
377.000000,180.000000,0.056748,17527918.000000,0.133287,0,1
39,60,43,66,60,58,66,62,
119.000000,190.000000,0.037432,99090112.000000,0.137137,0,1
55,52,57,44,43,46,33,35,
469.000000,197.000000,0.043613,399467232.000000,0.227557,0,1
54,50,50,71,66,69,101,99,
496.000000,198.000000,0.049686,430024416.000000,0.312428,0,1
41,40,28,48,47,48,62,77,
509.000000,198.000000,0.050224,624466624.000000,0.341053,0,1
31,28,27,41,41,42,65,77,
531.000000,198.000000,0.051217,665664384.000000,0.394973,0,1
38,42,58,48,73,74,79,91,
264.000000,199.000000,0.054818,612072832.000000,0.101060,0,1
50,57,74,130,135,161,167,116,
190.000000,200.000000,0.054188,128707976.000000,0.144768,0,1
119,134,135,107,109,111,86,76,
199.000000,200.000000,0.054626,108942640.000000,0.137641,0,1
87,138,139,116,114,113,88,77,
310.000000,200.000000,0.056635,269539072.000000,0.078659,0,1
43,57,81,133,140,167,184,149,
508.000000,205.000000,0.071652,759875584.000000,0.734326,0,1
144,77,75,177,172,163,224,207,
486.000000,217.000000,0.076790,677242880.000000,0.508022,0,1
119,130,132,125,116,98,98,88,
302.000000,231.000000,0.088840,36356668.000000,2.011475,0,1
49,45,51,42,46,45,36,34,
247.000000,236.000000,0.085573,10895747.000000,2.674988,0,1
42,40,50,37,38,40,33,36,
248.000000,236.000000,0.087448,12030000.000000,2.670324,0,1
43,45,51,38,40,39,34,37,
471.000000,242.000000,0.103048,700644160.000000,1.031487,0,1
70,63,60,50,42,39,40,35,
479.000000,242.000000,0.102618,170853104.000000,1.074451,0,1
76,68,69,45,55,62,38,36,
383.000000,244.000000,0.105068,60750576.000000,0.488643,0,1
68,76,70,88,85,76,90,90,
488.000000,244.000000,0.106266,243071376.000000,1.194805,0,1
69,65,64,49,54,54,43,55,
309.000000,245.000000,0.101081,40831456.000000,2.152767,0,1
50,52,61,46,57,61,47,45,
463.000000,246.000000,0.108643,383585568.000000,1.074869,0,1
50,47,46,62,62,63,71,59,
476.000000,251.000000,0.114202,1319106816.000000,1.263856,0,1
67,67,62,84,92,69,115,85,
471.000000,253.000000,0.115831,372293632.000000,0.867014,0,1
63,69,78,76,82,96,84,78,
471.000000,256.000000,0.113189,82093928.000000,0.851267,0,1
89,75,77,66,72,64,60,59,
366.000000,257.000000,0.101945,20388182.000000,1.709086,0,1
44,47,45,44,41,40,36,35,
486.000000,260.000000,0.118821,71974904.000000,1.019407,0,1
57,56,52,50,46,45,45,41,
493.000000,170.000000,0.046960,2959684352.000000,0.280939,0,1
217,119,251,59,186,215,62,39,
492.000000,167.000000,0.047333,3976080896.000000,0.281328,0,1
98,53,193,66,125,252,61,119,
481.000000,146.000000,0.050999,3926674688.000000,0.284554,0,1
171,243,104,252,109,58,200,96,
527.000000,153.000000,0.049944,5512265728.000000,0.510017,0,1
161,135,201,130,139,242,114,129,
176.000000,150.000000,0.032643,492024576.000000,0.082744,0,1
52,57,94,61,98,149,130,193,
416.000000,154.000000,0.045919,870411392.000000,0.151426,0,1
153,70,189,61,152,207,58,113,
416.000000,146.000000,0.046058,901069376.000000,0.151940,0,1
198,142,230,107,211,240,109,193,
263.000000,105.000000,0.092801,439579840.000000,0.150823,0,1
167,236,255,112,139,157,33,21,
264.000000,105.000000,0.092224,343741952.000000,0.148614,0,1
159,248,252,124,151,163,34,21,
445.000000,124.000000,0.115570,4223669760.000000,0.927019,0,1
47,40,195,36,140,230,51,53,
343.000000,135.000000,0.048534,14527158.000000,0.097917,0,1
26,55,61,57,101,108,150,255,
340.000000,136.000000,0.049444,27064838.000000,0.094990,0,1
26,37,57,68,125,150,202,223,
490.000000,138.000000,0.050762,324176256.000000,0.569942,0,1
95,103,123,101,107,114,71,48,
218.000000,150.000000,0.034164,82799608.000000,0.062048,0,1
55,64,59,129,94,78,148,67,
175.000000,153.000000,0.032314,821529216.000000,0.085918,0,1
130,105,193,63,146,191,69,63,
248.000000,160.000000,0.039638,636240000.000000,0.506445,0,1
144,101,156,74,129,171,103,97,
350.000000,177.000000,0.055386,48647692.000000,0.135782,0,1
47,48,51,43,45,40,27,33,
180.000000,179.000000,0.040805,14366563.000000,0.110667,0,1
28,25,22,39,42,28,53,45,
191.000000,179.000000,0.034548,110455200.000000,0.206493,0,1
29,22,32,28,35,62,34,39,
300.000000,183.000000,0.043598,82265512.000000,0.066329,0,1
40,40,50,67,68,68,149,126,
312.000000,183.000000,0.043057,27804988.000000,0.070390,0,1
58,60,63,70,81,90,104,91,
149.000000,190.000000,0.073525,728294656.000000,0.504641,0,1
29,46,16,51,29,9,43,29,
485.000000,191.000000,0.049023,1494354304.000000,0.535907,0,1
58,68,43,63,58,54,76,57,
495.000000,197.000000,0.050821,729567488.000000,0.598462,0,1
57,50,41,53,40,28,48,62,
490.000000,216.000000,0.076249,4043277824.000000,1.007871,0,1
151,141,129,126,105,95,93,88,
456.000000,229.000000,0.088684,455798016.000000,1.034996,0,1
88,90,87,82,80,77,71,70,
448.000000,238.000000,0.098881,1073101888.000000,1.196868,0,1
68,75,76,75,71,70,61,54,
444.000000,240.000000,0.099138,355839648.000000,1.162479,0,1
72,64,65,57,56,54,51,49,
455.000000,240.000000,0.100522,652026368.000000,1.273607,0,1
68,72,76,60,63,57,51,57,
373.000000,243.000000,0.104478,62911520.000000,0.918599,0,1
61,58,61,60,67,68,70,70,
280.000000,258.000000,0.085457,15918584.000000,1.458233,0,1
31,28,28,22,23,24,22,23,
383.000000,134.000000,0.046782,32860050.000000,0.190774,0,1
23,32,35,60,96,115,186,221,
489.000000,159.000000,0.051367,4502411776.000000,0.573324,0,1
43,58,68,51,97,98,73,92,
512.000000,156.000000,0.048329,3268310784.000000,0.611802,0,1
38,58,71,81,69,91,76,87,
481.000000,143.000000,0.050746,5353159168.000000,0.395687,0,1
111,196,84,217,131,61,238,171,
452.000000,150.000000,0.047571,31394728.000000,0.302907,0,1
251,224,236,130,153,152,84,75,
175.000000,151.000000,0.032692,661399680.000000,0.086964,0,1
57,61,98,60,130,191,105,146,
397.000000,161.000000,0.046008,162207792.000000,0.181849,0,1
76,72,102,54,94,86,51,65,
383.000000,150.000000,0.037898,92443288.000000,0.125097,0,1
118,103,127,89,111,123,92,119,
498.000000,127.000000,0.059794,33139604.000000,0.741026,0,1
19,18,18,22,22,22,41,134,
263.000000,103.000000,0.093008,777921920.000000,0.326050,0,1
19,53,40,185,167,147,236,139,
265.000000,103.000000,0.092241,686289152.000000,0.319496,0,1
18,40,30,167,147,113,255,157,
254.000000,104.000000,0.094646,789311104.000000,0.350439,0,1
138,236,230,132,166,196,53,29,
295.000000,138.000000,0.055656,164144384.000000,0.158427,0,1
23,26,53,25,35,136,29,34,
296.000000,138.000000,0.055725,156480928.000000,0.157270,0,1
25,30,82,29,79,129,35,53,
245.000000,148.000000,0.038384,81988728.000000,0.058985,0,1
44,52,58,66,98,110,113,166,
395.000000,172.000000,0.040060,290437120.000000,0.212436,0,1
38,48,37,96,90,100,115,71,
471.000000,176.000000,0.045186,977101056.000000,0.439984,0,1
235,234,214,192,160,144,92,61,
129.000000,177.000000,0.044224,40380388.000000,0.175054,0,1
63,57,55,36,39,36,28,34,
417.000000,180.000000,0.049498,61731116.000000,0.333724,0,1
29,29,24,42,33,36,41,54,
469.000000,191.000000,0.048613,743113664.000000,0.638273,0,1
24,28,27,56,54,58,73,64,
398.000000,195.000000,0.046617,2973678080.000000,0.273206,0,1
117,119,42,124,76,31,136,129,
103.000000,197.000000,0.046110,43483580.000000,0.215810,0,1
17,19,21,28,31,40,47,58,
478.000000,198.000000,0.050286,2265223680.000000,0.710614,0,1
63,84,63,101,83,71,86,81,
280.000000,199.000000,0.054485,694479296.000000,0.186250,0,1
51,43,52,96,116,103,156,106,
458.000000,199.000000,0.048811,345642400.000000,0.452932,0,1
81,80,91,76,81,83,117,141,
284.000000,200.000000,0.054924,173087936.000000,0.112398,0,1
24,87,19,164,79,12,75,75,
247.000000,201.000000,0.053700,346667552.000000,0.107848,0,1
128,159,165,115,117,120,99,91,
251.000000,201.000000,0.053759,451579520.000000,0.106261,0,1
146,171,173,120,121,123,100,93,
259.000000,201.000000,0.054368,401864192.000000,0.105609,0,1
128,174,171,122,121,119,103,94,
380.000000,203.000000,0.060095,648768256.000000,0.326963,0,1
42,50,49,97,80,67,173,158,
424.000000,205.000000,0.064316,895675584.000000,0.686596,0,1
50,56,54,105,105,83,190,175,
391.000000,215.000000,0.073991,724363712.000000,1.138032,0,1
92,92,98,91,88,83,71,62,
423.000000,239.000000,0.101592,2914030336.000000,1.470962,0,1
73,70,76,65,76,88,85,102,
429.000000,239.000000,0.100060,1861130752.000000,1.070190,0,1
66,75,71,90,78,65,63,66,
433.000000,239.000000,0.099296,863721856.000000,1.515075,0,1
65,71,69,65,65,62,53,53,
409.000000,240.000000,0.098440,703022720.000000,1.283549,0,1
73,66,67,59,57,60,51,50,
419.000000,241.000000,0.102310,3977022720.000000,1.455858,0,1
65,69,77,65,81,93,66,57,
426.000000,241.000000,0.100988,3064044288.000000,1.070434,0,1
92,95,75,91,66,65,59,66,
361.000000,242.000000,0.103509,229283408.000000,1.670685,0,1
56,53,53,51,54,57,63,60,
481.000000,195.000000,0.049802,1355760768.000000,0.713500,0,1
57,55,80,56,61,69,58,75,
403.000000,173.000000,0.041492,452260480.000000,0.238219,0,1
41,82,44,94,67,53,53,44,
464.000000,157.000000,0.049461,2350715904.000000,0.620874,0,1
169,133,155,91,107,96,60,37,
480.000000,152.000000,0.050322,3265910528.000000,0.706060,0,1
181,175,120,139,128,94,101,96,
300.000000,161.000000,0.042120,25753598.000000,0.063476,0,1
56,53,78,62,83,100,59,32,
262.000000,147.000000,0.054353,18274982.000000,0.200601,0,1
29,44,44,95,84,91,165,184,
235.000000,95.000000,0.101619,178247520.000000,0.421465,0,1
32,23,26,15,26,20,13,14,
268.000000,95.000000,0.094949,26398816.000000,0.860949,0,1
11,13,11,16,16,11,21,20,
231.000000,101.000000,0.099870,961841024.000000,1.114717,0,1
13,15,21,15,18,81,17,20,
233.000000,102.000000,0.098881,2387802368.000000,0.414326,0,1
39,29,186,18,70,230,22,27,
272.000000,103.000000,0.091656,2495971584.000000,0.834202,0,1
11,13,10,57,14,10,71,16,
272.000000,105.000000,0.091784,1718554240.000000,0.833576,0,1
14,71,11,152,16,10,18,12,
240.000000,117.000000,0.092956,932353344.000000,1.701879,0,1
68,67,64,35,41,43,13,10,
248.000000,117.000000,0.090694,698588736.000000,1.608280,0,1
57,61,57,46,48,48,19,11,
256.000000,118.000000,0.089847,396622656.000000,2.247800,0,1
39,41,36,22,22,21,11,11,
433.000000,131.000000,0.033730,71157312.000000,0.482757,0,1
15,17,17,30,31,30,50,51,
279.000000,135.000000,0.051540,19977816.000000,0.170539,0,1
16,14,14,14,15,13,33,70,
307.000000,135.000000,0.043289,30866698.000000,1.061783,0,1
13,15,15,23,22,22,42,161,
327.000000,135.000000,0.044082,323667584.000000,0.195619,0,1
13,20,21,34,43,36,39,67,
329.000000,135.000000,0.044256,326694784.000000,0.201815,0,1
14,21,20,43,36,30,74,52,
349.000000,135.000000,0.042819,338065728.000000,0.246495,0,1
30,63,74,118,134,126,191,229,
441.000000,135.000000,0.016203,532148992.000000,0.147586,0,1
49,32,35,50,62,79,59,74,
271.000000,138.000000,0.025406,14776578.000000,0.093506,0,1
18,34,22,46,34,20,44,28,
248.000000,139.000000,0.051934,32828654.000000,0.232333,0,1
15,21,28,36,39,46,66,59,
235.000000,142.000000,0.037900,58676364.000000,0.064351,0,1
71,49,74,31,55,51,35,53,
167.000000,143.000000,0.071807,156443248.000000,3.147043,0,1
13,10,12,9,15,23,13,24,
222.000000,143.000000,0.034852,86576040.000000,0.065138,0,1
44,65,26,70,38,32,53,39,
103.000000,149.000000,0.039927,2597031424.000000,0.183471,0,1
29,32,64,25,48,69,32,47,
103.000000,152.000000,0.039828,3028564736.000000,0.183285,0,1
45,33,67,26,48,74,34,44,
335.000000,156.000000,0.043824,1607101824.000000,0.274045,0,1
82,96,106,91,132,126,117,127,
403.000000,156.000000,0.048032,8034654208.000000,0.593642,0,1
179,138,116,102,92,65,49,40,
368.000000,159.000000,0.044844,703544704.000000,0.399065,0,1
74,67,67,55,59,60,48,39,
216.000000,161.000000,0.031911,135445808.000000,0.165752,0,1
51,64,67,53,44,46,31,37,
376.000000,161.000000,0.045602,1863342080.000000,0.349156,0,1
53,58,38,107,38,32,67,70,
214.000000,162.000000,0.028744,52225208.000000,0.055512,0,1
67,62,46,52,40,31,57,52,
431.000000,162.000000,0.047154,801906560.000000,0.722016,0,1
35,29,27,40,44,47,64,63,
200.000000,163.000000,0.032118,173651104.000000,0.193980,0,1
81,60,63,44,52,48,41,48,
279.000000,163.000000,0.041321,309457472.000000,0.144323,0,1
100,140,99,93,73,57,69,42,
264.000000,168.000000,0.039595,309571232.000000,0.845100,0,1
54,66,63,53,53,54,42,39,
277.000000,168.000000,0.041185,132591440.000000,0.808115,0,1
67,54,60,36,33,31,25,29,
297.000000,168.000000,0.055528,566175232.000000,0.227343,0,1
70,78,51,74,62,32,67,51,
224.000000,169.000000,0.026259,32821152.000000,0.047154,0,1
50,61,51,59,49,47,46,35,
282.000000,170.000000,0.055556,501530272.000000,1.633734,0,1
33,33,20,44,33,13,40,26,
174.000000,172.000000,0.037085,51394292.000000,0.103876,0,1
41,40,55,37,57,51,46,63,
217.000000,172.000000,0.033272,39181096.000000,1.816123,0,1
43,33,45,32,43,47,35,38,
184.000000,173.000000,0.028718,52500424.000000,0.073418,0,1
38,39,38,52,55,52,67,47,
193.000000,176.000000,0.036388,201839984.000000,0.087414,0,1
73,57,70,41,60,57,33,39,
214.000000,176.000000,0.052670,169341920.000000,0.280154,0,1
46,48,51,33,38,37,23,23,
216.000000,179.000000,0.052179,211265504.000000,0.262126,0,1
23,20,41,30,36,54,27,35,
283.000000,184.000000,0.049535,77736888.000000,0.165472,0,1
34,49,20,63,38,12,53,37,
189.000000,186.000000,0.036896,99267952.000000,0.222970,0,1
36,28,40,33,41,46,42,44,
340.000000,188.000000,0.043773,632084992.000000,0.577745,0,1
63,67,70,51,62,53,43,43,
206.000000,189.000000,0.031036,249183984.000000,0.178213,0,1
40,38,49,42,51,73,46,48,
208.000000,189.000000,0.031370,351051968.000000,0.179868,0,1
39,49,40,51,73,52,71,65,
170.000000,190.000000,0.074908,717721024.000000,3.217104,0,1
33,25,45,20,33,45,22,30,
316.000000,190.000000,0.040107,1335527168.000000,0.213280,0,1
81,94,92,83,76,51,32,26,
325.000000,190.000000,0.042570,1354306560.000000,0.253938,0,1
74,58,100,40,72,65,44,58,
454.000000,190.000000,0.048073,131730664.000000,0.714645,0,1
22,26,25,31,28,28,58,58,
422.000000,191.000000,0.048269,1386746624.000000,0.708586,0,1
43,49,52,51,62,61,71,76,
340.000000,193.000000,0.043781,1187546624.000000,0.310881,0,1
50,69,38,60,57,28,68,50,
364.000000,193.000000,0.044405,653273984.000000,0.491003,0,1
64,57,61,40,51,54,34,50,
344.000000,194.000000,0.044442,838259904.000000,0.330618,0,1
22,26,30,52,58,62,74,65,
379.000000,194.000000,0.044859,1613878272.000000,0.459536,0,1
34,27,29,38,38,42,57,70,
430.000000,194.000000,0.047539,1599603456.000000,0.738898,0,1
53,71,65,63,51,56,39,32,
391.000000,195.000000,0.046228,1109778560.000000,0.528630,0,1
43,39,45,60,66,61,80,72,
420.000000,195.000000,0.047708,4208659456.000000,0.554788,0,1
67,85,46,56,66,31,63,62,
440.000000,196.000000,0.047844,1867003136.000000,0.644661,0,1
22,34,37,52,63,67,84,88,
180.000000,198.000000,0.046850,1412302848.000000,0.147257,0,1
44,56,49,108,110,105,140,104,
206.000000,198.000000,0.047908,881370368.000000,0.269831,0,1
36,46,48,72,67,71,152,118,
215.000000,199.000000,0.049545,1527057152.000000,0.259647,0,1
29,73,38,142,96,60,104,86,
253.000000,199.000000,0.052671,1752325632.000000,0.130029,0,1
48,71,69,146,135,126,173,123,
437.000000,199.000000,0.049051,1625841536.000000,0.654978,0,1
71,60,81,59,74,78,55,52,
103.000000,200.000000,0.051426,60712184.000000,0.273043,0,1
50,56,59,49,51,53,46,44,
111.000000,200.000000,0.047924,522897472.000000,0.239536,0,1
97,72,77,59,62,63,56,52,
113.000000,200.000000,0.048293,566049920.000000,0.239633,0,1
102,77,78,62,63,66,57,53,
223.000000,201.000000,0.053342,323345984.000000,0.273875,0,1
141,138,146,108,110,110,89,82,
225.000000,201.000000,0.053964,603431424.000000,0.145409,0,1
152,146,147,110,110,106,90,84,
291.000000,201.000000,0.056266,1827563776.000000,1.615918,0,1
12,13,22,36,41,59,63,68,
347.000000,202.000000,0.057880,2097011200.000000,0.495079,0,1
38,59,53,147,133,112,193,143,
364.000000,202.000000,0.058600,859646656.000000,0.369735,0,1
57,72,67,102,101,87,168,168,
122.000000,208.000000,0.057946,39090916.000000,0.296423,0,1
40,38,39,34,35,36,32,31,
176.000000,208.000000,0.059735,60119820.000000,2.873691,0,1
56,54,55,48,49,51,46,44,
256.000000,208.000000,0.067101,137024832.000000,1.351650,0,1
84,80,79,73,72,72,68,63,
294.000000,208.000000,0.063218,80710736.000000,1.700978,0,1
72,66,70,59,65,69,59,60,
334.000000,208.000000,0.064143,1998797312.000000,0.517776,0,1
109,119,118,103,96,93,88,82,
336.000000,208.000000,0.063918,1713144192.000000,0.525021,0,1
115,118,111,96,93,92,87,83,
366.000000,208.000000,0.063363,265956128.000000,1.185920,0,1
109,100,100,97,97,96,92,89,
378.000000,208.000000,0.064508,379143552.000000,1.104431,0,1
127,103,103,96,98,97,94,90,
327.000000,209.000000,0.065196,1425376000.000000,0.902978,0,1
97,104,112,103,93,90,83,79,
204.000000,210.000000,0.063290,65986908.000000,2.620555,0,1
61,56,60,51,53,55,47,48,
236.000000,210.000000,0.067682,101918256.000000,2.328644,0,1
68,67,67,64,62,63,58,53,
317.000000,211.000000,0.067243,989893760.000000,1.623518,0,1
89,97,100,84,83,80,76,75,
216.000000,212.000000,0.066847,61422964.000000,2.531806,0,1
56,55,56,52,52,53,50,44,
151.000000,216.000000,0.074893,265754256.000000,3.625234,0,1
16,21,9,23,15,6,20,14,
391.000000,216.000000,0.073872,5001348096.000000,1.137767,0,1
96,90,86,74,68,67,62,69,
272.000000,220.000000,0.076196,224868096.000000,2.195247,0,1
58,63,63,53,54,50,51,51,
253.000000,224.000000,0.081949,280606528.000000,2.421048,0,1
55,53,52,45,43,42,40,40,
356.000000,224.000000,0.083892,216409136.000000,1.493401,0,1
69,71,74,73,69,63,62,60,
241.000000,227.000000,0.084198,637419904.000000,2.638442,0,1
47,45,41,41,42,41,34,35,
112.000000,228.000000,0.059550,11507607.000000,0.348021,0,1
16,15,15,13,13,13,11,10,
172.000000,228.000000,0.070900,32444816.000000,3.310440,0,1
20,18,23,16,20,22,16,18,
303.000000,232.000000,0.090357,1486924160.000000,2.019407,0,1
51,46,45,36,38,40,34,43,
307.000000,232.000000,0.091028,1522820608.000000,2.000566,0,1
48,46,49,40,42,46,35,45,
343.000000,237.000000,0.094237,557564800.000000,1.751686,0,1
47,40,43,50,49,50,51,52,
345.000000,237.000000,0.095796,925293056.000000,1.724674,0,1
47,43,45,49,50,50,54,54,
272.000000,238.000000,0.090499,127260032.000000,2.447463,0,1
44,43,41,39,36,36,33,34,
380.000000,239.000000,0.097954,678462144.000000,1.022083,0,1
63,60,59,64,58,52,70,75,
390.000000,239.000000,0.100279,1092010240.000000,1.482238,0,1
65,61,64,64,68,69,78,75,
399.000000,239.000000,0.098825,2417534464.000000,1.190040,0,1
84,92,85,78,65,68,61,62,
222.000000,240.000000,0.068563,199548496.000000,2.948225,0,1
30,31,33,30,30,29,27,24,
405.000000,240.000000,0.099557,636678464.000000,1.317919,0,1
75,76,67,66,65,59,59,55,
279.000000,243.000000,0.085139,96203992.000000,2.363752,0,1
31,29,31,33,34,34,42,44,
397.000000,243.000000,0.100868,451416800.000000,1.404164,0,1
68,67,61,60,57,49,53,51,
286.000000,245.000000,0.070233,85187544.000000,2.032354,0,1
28,36,27,42,34,24,38,31,
302.000000,246.000000,0.088661,52366528.000000,2.053077,0,1
41,36,44,30,38,43,31,35,
335.000000,250.000000,0.089942,667205888.000000,1.945418,0,1
42,42,46,37,36,41,30,34,
216.000000,256.000000,0.056048,11569233.000000,1.573089,0,1
16,15,15,13,14,14,13,11,
252.000000,256.000000,0.053098,56095804.000000,2.059333,0,1
22,21,22,19,20,21,19,18,
304.000000,264.000000,0.069427,112545872.000000,2.013397,0,1
23,23,23,20,22,23,19,19,
135.000000,200.000000,0.050645,204439904.000000,0.383987,0,1
132,95,97,76,76,77,63,58,
106.000000,179.000000,0.044386,617659648.000000,0.209966,0,1
45,19,27,18,34,45,34,42,
118.000000,153.000000,0.036582,2386200064.000000,0.151653,0,1
54,51,111,47,117,150,76,98,
110.000000,154.000000,0.040127,920716224.000000,0.176866,0,1
62,88,61,71,69,47,72,65,
177.000000,155.000000,0.033757,331695584.000000,0.091630,0,1
191,134,153,63,84,68,51,55,
456.000000,159.000000,0.049441,1385915264.000000,0.736616,0,1
111,113,112,91,63,87,36,31,
231.000000,162.000000,0.040517,121258000.000000,0.064192,0,1
111,112,136,66,87,88,49,39,
103.000000,169.000000,0.039800,1832372224.000000,0.185565,0,1
35,28,46,23,34,62,26,32,
233.000000,117.000000,0.094667,809683392.000000,1.788306,0,1
68,58,61,22,25,28,10,9,
150.000000,208.000000,0.075320,564575744.000000,3.594037,0,1
33,39,16,38,30,9,34,28,
150.000000,202.000000,0.075891,1050434944.000000,0.512573,0,1
46,58,18,58,40,8,53,37,
103.000000,161.000000,0.039783,2375676416.000000,0.184145,0,1
41,31,58,25,41,71,30,38,
152.000000,200.000000,0.075468,1032558912.000000,0.505820,0,1
8,23,7,46,8,7,18,8,
152.000000,198.000000,0.075532,1107765120.000000,0.506134,0,1
7,18,7,60,8,7,23,8,
429.000000,191.000000,0.045157,838093824.000000,0.683341,0,1
37,43,34,60,51,35,74,71,
106.000000,188.000000,0.044759,2841184000.000000,0.216791,0,1
43,31,59,22,48,68,33,47,
440.000000,156.000000,0.048908,4889838592.000000,0.647324,0,1
91,113,108,134,111,85,89,78,
103.000000,176.000000,0.039858,377758176.000000,0.188086,0,1
29,24,39,20,29,49,22,20,
104.000000,151.000000,0.039871,3346890240.000000,0.182138,0,1
66,45,66,33,67,72,48,68,
438.000000,151.000000,0.048769,15196833792.000000,0.635628,0,1
149,178,87,185,122,89,172,120,
399.000000,153.000000,0.046984,11212249088.000000,0.557819,0,1
130,194,123,138,109,57,131,102,
446.000000,176.000000,0.044983,3702868736.000000,0.610996,0,1
143,54,102,34,64,80,43,46,
167.000000,145.000000,0.072284,538626496.000000,0.455622,0,1
15,13,35,10,24,48,14,22,
415.000000,152.000000,0.047321,19354388480.000000,0.641077,0,1
78,47,156,51,69,190,60,66,
347.000000,155.000000,0.044506,1616021504.000000,0.319433,0,1
99,135,89,123,112,70,91,51,
221.000000,116.000000,0.097631,380951872.000000,2.772653,0,1
49,42,47,26,32,37,11,8,
391.000000,184.000000,0.045574,8762445824.000000,0.510747,0,1
42,33,63,32,42,143,35,45,
379.000000,187.000000,0.045243,1790652544.000000,0.459016,0,1
76,99,62,77,81,54,65,62,
267.000000,162.000000,0.040236,284665664.000000,0.839650,0,1
108,117,121,71,70,61,44,36,
391.000000,182.000000,0.045687,2118640256.000000,0.395932,0,1
37,32,85,36,42,108,33,42,
192.000000,190.000000,0.034227,251018528.000000,0.210980,0,1
54,44,67,44,54,76,56,55,
358.000000,152.000000,0.045069,4640577024.000000,0.912573,0,1
62,42,79,46,64,86,43,59,
333.000000,193.000000,0.043616,1960223616.000000,0.288207,0,1
67,82,70,85,92,42,91,55,
311.000000,163.000000,0.041386,372170272.000000,0.189297,0,1
63,29,52,45,56,61,74,67,
359.000000,186.000000,0.045116,2798284288.000000,0.951872,0,1
54,48,68,41,54,95,51,60,
348.000000,147.000000,0.044953,1936254464.000000,0.255832,0,1
178,244,120,171,146,80,63,56,
358.000000,148.000000,0.044843,7713329152.000000,0.497262,0,1
77,49,107,50,78,130,42,62,
343.000000,157.000000,0.044229,1310851200.000000,0.303633,0,1
134,90,111,54,83,66,31,39,
293.000000,199.000000,0.056293,2354249216.000000,0.937827,0,1
25,17,56,12,42,71,22,59,
327.000000,162.000000,0.043122,1354731392.000000,0.607877,0,1
45,31,52,27,58,67,36,51,
262.000000,192.000000,0.039948,383057184.000000,0.158402,0,1
60,88,43,85,59,40,49,43,
292.000000,183.000000,0.056257,2091200512.000000,0.930694,0,1
30,16,54,13,35,66,17,33,
293.000000,191.000000,0.056463,2533937920.000000,0.933696,0,1
57,30,71,17,54,71,26,47,
292.000000,153.000000,0.056479,3414294272.000000,0.922344,0,1
58,37,59,18,59,73,41,60,
292.000000,171.000000,0.056366,2720871168.000000,0.926155,0,1
44,21,54,14,44,64,21,43,
291.000000,151.000000,0.056488,3612108544.000000,0.927374,0,1
43,19,59,15,41,68,19,40,
291.000000,160.000000,0.056490,3158532352.000000,0.928769,0,1
34,17,59,14,35,69,16,33,
246.000000,165.000000,0.040124,127619600.000000,0.170934,0,1
41,30,68,61,84,77,98,113,
