# timestamp
1608635167888891904

# fx, fy, cx, cy, width, height, npoints
501.480865,501.475677,421.795471,167.661377,800,400,568

# camToWorld: translation vector, rotation quaternion
-16.446891,72.823587,3.720571,0.727295,0.000240,-0.022544,-0.685955

# Exposure time (ms)
4.853479

# Point Cloud Data : 
# u,v,idepth_scaled,idepth_hessian,maxRelBaseline,numGoodRes,status 
# color information 
443.000000,168.000000,0.030640,139498336.000000,0.046175,0,1
169,234,127,255,141,97,223,136,
266.000000,226.000000,0.086697,238937600.000000,0.905074,0,1
110,101,106,89,91,91,79,72,
560.000000,226.000000,0.078274,27437342.000000,0.410051,0,1
89,91,86,79,73,68,70,77,
456.000000,232.000000,0.080605,52233696.000000,0.445239,0,1
74,78,77,70,70,68,66,60,
272.000000,252.000000,0.087062,126065168.000000,0.949710,0,1
52,56,56,45,47,47,40,38,
738.000000,129.000000,0.056079,126903192.000000,1.065426,0,1
86,85,87,60,63,62,34,25,
751.000000,129.000000,0.072751,43936436.000000,1.078760,0,1
84,80,82,58,56,59,27,23,
83.000000,143.000000,0.030826,2309823744.000000,0.407634,0,1
85,113,77,171,152,84,174,135,
743.000000,151.000000,0.054097,2289347072.000000,1.058822,0,1
37,35,43,45,44,49,52,49,
744.000000,151.000000,0.055007,1986765568.000000,1.073567,0,1
40,39,45,40,48,50,55,52,
741.000000,153.000000,0.053284,856785472.000000,0.845113,0,1
45,65,52,65,48,49,52,43,
752.000000,154.000000,0.058907,3464371968.000000,1.149254,0,1
49,51,44,53,51,43,48,46,
241.000000,167.000000,0.047263,1828956416.000000,0.316617,0,1
29,119,32,202,105,27,112,74,
199.000000,175.000000,0.060814,513089792.000000,0.322426,0,1
48,42,81,35,56,168,44,59,
740.000000,179.000000,0.054154,6955471872.000000,0.859977,0,1
65,83,52,90,63,42,82,64,
750.000000,182.000000,0.070711,3852292864.000000,1.289722,0,1
56,48,61,43,56,63,47,53,
753.000000,182.000000,0.068481,101065240.000000,0.520418,0,1
49,61,43,62,51,38,60,50,
740.000000,186.000000,0.053773,4932691456.000000,0.858580,0,1
64,76,47,84,58,44,64,51,
750.000000,194.000000,0.070591,2461702656.000000,1.296721,0,1
62,53,69,35,50,62,33,44,
752.000000,194.000000,0.070313,613802368.000000,1.301108,0,1
63,69,53,50,62,53,34,48,
740.000000,195.000000,0.052689,147744880.000000,0.586242,0,1
39,51,37,67,52,42,55,40,
747.000000,200.000000,0.069520,1149445888.000000,1.056948,0,1
38,60,46,81,55,48,65,75,
752.000000,201.000000,0.071256,2336604160.000000,1.316952,0,1
53,61,59,52,69,80,65,84,
733.000000,211.000000,0.092961,9103352.000000,0.902943,0,1
99,92,96,81,86,88,77,71,
748.000000,216.000000,0.084645,32332574.000000,1.450671,0,1
85,76,80,66,70,73,62,60,
748.000000,224.000000,0.087813,13058400.000000,1.489349,0,1
47,38,40,33,35,37,31,30,
312.000000,233.000000,0.093991,11780364.000000,0.300039,0,1
94,89,108,82,93,98,75,74,
544.000000,256.000000,0.075022,98002464.000000,0.707356,0,1
26,26,25,27,25,24,24,24,
508.000000,260.000000,0.077138,21176044.000000,0.643293,0,1
26,25,25,24,24,23,21,22,
516.000000,260.000000,0.079370,22732092.000000,0.671776,0,1
26,27,28,24,25,26,22,22,
392.000000,264.000000,0.066922,56044820.000000,0.545121,0,1
25,24,23,23,23,23,22,21,
511.000000,127.000000,0.053318,6258755.500000,0.096562,0,1
55,85,91,198,205,211,255,255,
254.000000,220.000000,0.047663,156371072.000000,0.179415,0,1
79,66,90,55,75,95,61,70,
356.000000,162.000000,0.045471,70454520.000000,0.068526,0,1
255,255,255,179,179,204,79,82,
705.000000,117.000000,0.061125,140125712.000000,0.830166,0,1
12,11,20,10,19,29,18,21,
252.000000,124.000000,0.057976,782528.500000,0.717138,0,1
15,15,16,16,16,18,17,18,
705.000000,124.000000,0.062303,74431232.000000,1.020056,0,1
26,25,30,20,21,24,15,18,
473.000000,127.000000,0.060731,54019624.000000,0.091589,0,1
54,122,60,209,117,118,255,255,
415.000000,128.000000,0.049612,7884979.000000,0.074766,0,1
53,71,74,150,157,162,250,255,
416.000000,128.000000,0.049745,8015881.000000,0.074966,0,1
53,73,74,153,161,164,251,255,
428.000000,128.000000,0.053050,8433548.000000,0.079948,0,1
54,81,80,180,182,186,255,255,
439.000000,128.000000,0.054359,25508956.000000,0.081920,0,1
55,86,75,197,199,113,255,255,
351.000000,129.000000,0.055622,7354834.000000,0.083823,0,1
58,84,87,187,189,197,255,255,
361.000000,129.000000,0.053322,4121442.500000,0.080358,0,1
53,89,91,202,203,204,255,255,
370.000000,129.000000,0.057935,3616078.250000,0.087309,0,1
51,91,98,207,210,217,255,255,
714.000000,129.000000,0.061585,7539312128.000000,0.858516,0,1
52,35,81,18,63,91,34,35,
720.000000,130.000000,0.064124,903775808.000000,0.632227,0,1
93,94,76,55,57,35,26,22,
253.000000,131.000000,0.044676,341272192.000000,0.094786,0,1
24,35,44,48,116,166,136,218,
527.000000,135.000000,0.034617,95575112.000000,0.076198,0,1
255,220,254,191,208,249,146,153,
265.000000,139.000000,0.036844,470429824.000000,0.119158,0,1
218,255,165,255,218,129,255,167,
713.000000,139.000000,0.061834,710407168.000000,1.048097,0,1
31,22,35,28,39,41,37,36,
559.000000,140.000000,0.028322,105968096.000000,0.051042,0,1
255,250,209,255,199,151,255,255,
199.000000,142.000000,0.059174,4796449792.000000,0.462414,0,1
71,48,157,36,90,220,46,73,
71.000000,144.000000,0.022471,2081068672.000000,0.169611,0,1
94,125,99,185,139,108,218,126,
720.000000,145.000000,0.063913,93622160.000000,0.634142,0,1
34,35,29,34,38,29,53,55,
413.000000,146.000000,0.101401,268067.656250,0.019258,0,1
240,229,255,223,217,255,207,240,
643.000000,146.000000,0.046110,739507200.000000,0.246083,0,1
71,47,117,53,76,158,49,75,
648.000000,146.000000,0.040838,7280603136.000000,0.493588,0,1
82,111,79,153,93,76,110,83,
605.000000,149.000000,0.039164,98204888.000000,0.147760,0,1
246,253,234,255,228,221,252,236,
162.000000,151.000000,0.037444,493768992.000000,0.121647,0,1
255,255,255,254,192,194,184,160,
419.000000,152.000000,0.062825,1382869.625000,0.095417,0,1
254,238,244,200,226,224,224,255,
688.000000,153.000000,0.046562,447616800.000000,0.164653,0,1
139,176,123,197,170,114,202,178,
611.000000,156.000000,0.037204,477316736.000000,0.093036,0,1
180,135,239,70,171,255,131,162,
713.000000,156.000000,0.061462,1481325056.000000,0.858149,0,1
38,26,49,24,39,61,28,41,
444.000000,159.000000,0.037388,19990484.000000,0.056667,0,1
255,254,252,252,219,217,175,114,
453.000000,159.000000,0.043654,7386801.500000,0.065788,0,1
255,254,255,222,217,212,126,91,
471.000000,160.000000,0.044331,14403317.000000,0.066894,0,1
255,255,255,213,204,197,127,164,
483.000000,160.000000,0.040506,20687276.000000,0.065440,0,1
255,250,254,167,171,178,87,74,
587.000000,161.000000,0.032933,148391552.000000,0.071960,0,1
133,112,85,174,162,95,199,166,
172.000000,162.000000,0.034841,1100594432.000000,0.182077,0,1
171,225,139,242,209,142,255,230,
327.000000,162.000000,0.036899,66897860.000000,0.089408,0,1
186,255,146,226,170,162,141,73,
379.000000,162.000000,0.051044,6142228.000000,0.077424,0,1
255,255,255,211,213,192,113,102,
713.000000,162.000000,0.060663,392760160.000000,0.594225,0,1
41,29,52,28,41,63,32,43,
221.000000,163.000000,0.033087,120419696.000000,0.171362,0,1
110,88,69,96,82,48,74,50,
341.000000,163.000000,0.041662,19024432.000000,0.087144,0,1
255,240,238,141,143,136,69,61,
363.000000,165.000000,0.034787,105126416.000000,0.086567,0,1
173,211,189,128,117,105,97,85,
351.000000,166.000000,0.035850,244613536.000000,0.055534,0,1
218,255,127,219,216,65,205,240,
430.000000,166.000000,0.037215,24384470.000000,0.056084,0,1
255,255,254,217,212,207,135,105,
319.000000,168.000000,0.034463,150007392.000000,0.075861,0,1
93,146,80,169,163,164,239,255,
504.000000,168.000000,0.041694,21960848.000000,0.062834,0,1
227,254,254,223,220,204,122,114,
169.000000,169.000000,0.039388,365293728.000000,0.248528,0,1
61,64,71,97,142,150,179,135,
607.000000,170.000000,0.034486,112942384.000000,0.084807,0,1
95,117,124,181,204,234,255,255,
713.000000,174.000000,0.060835,937394624.000000,0.502381,0,1
50,34,68,27,50,80,31,50,
175.000000,176.000000,0.038287,383387328.000000,0.119338,0,1
255,223,255,122,199,232,107,109,
599.000000,177.000000,0.035864,359935584.000000,0.085311,0,1
104,83,121,108,191,250,161,195,
509.000000,178.000000,0.038414,47925008.000000,0.076377,0,1
72,79,75,127,128,119,227,255,
471.000000,179.000000,0.038423,63294944.000000,0.060745,0,1
82,107,109,149,153,156,222,255,
496.000000,179.000000,0.037944,141986816.000000,0.066769,0,1
88,113,123,176,210,220,253,255,
494.000000,180.000000,0.038192,153813424.000000,0.066178,0,1
110,139,205,190,219,254,220,254,
351.000000,181.000000,0.038792,95331440.000000,0.077670,0,1
113,129,120,156,155,136,213,255,
370.000000,181.000000,0.040345,37200312.000000,0.060801,0,1
110,122,139,157,162,173,227,255,
390.000000,181.000000,0.039542,63712608.000000,0.059591,0,1
88,112,107,145,145,149,246,255,
411.000000,181.000000,0.036786,66540664.000000,0.032924,0,1
94,117,120,183,181,185,255,250,
299.000000,183.000000,0.044126,45885816.000000,0.116723,0,1
140,143,145,196,199,204,248,235,
338.000000,183.000000,0.038375,34414200.000000,0.057870,0,1
118,141,170,209,237,255,252,233,
715.000000,183.000000,0.060183,735112128.000000,0.501241,0,1
78,64,67,44,68,58,47,48,
239.000000,184.000000,0.041118,327358240.000000,0.190080,0,1
106,144,83,198,196,188,229,188,
283.000000,184.000000,0.042155,37127756.000000,0.076173,0,1
96,171,171,237,238,240,231,201,
290.000000,184.000000,0.042188,36149380.000000,0.072637,0,1
103,182,184,242,243,244,230,205,
401.000000,184.000000,0.049463,17789522.000000,0.074778,0,1
255,254,254,226,227,230,192,181,
408.000000,184.000000,0.050503,13912900.000000,0.076393,0,1
255,253,252,229,229,230,199,191,
707.000000,186.000000,0.061527,213833504.000000,1.041037,0,1
31,34,39,22,32,34,18,21,
713.000000,191.000000,0.060907,1686524800.000000,1.061560,0,1
28,23,49,22,33,56,23,37,
688.000000,192.000000,0.047518,145354736.000000,0.171023,0,1
122,124,93,113,91,78,100,80,
718.000000,198.000000,0.057648,179007680.000000,0.485618,0,1
56,65,73,53,62,80,43,43,
724.000000,199.000000,0.064500,290728416.000000,0.564716,0,1
48,57,73,41,61,91,37,47,
616.000000,205.000000,0.065447,86268888.000000,0.771591,0,1
67,75,78,61,69,65,62,59,
543.000000,215.000000,0.083461,50475224.000000,0.626225,0,1
77,70,74,79,76,71,91,95,
540.000000,222.000000,0.091152,23148272.000000,0.408432,0,1
89,84,78,86,80,74,103,93,
544.000000,224.000000,0.086965,23758024.000000,0.407761,0,1
70,92,83,90,86,82,69,67,
223.000000,225.000000,0.080436,24340638.000000,0.230267,0,1
124,117,124,106,108,111,84,72,
272.000000,225.000000,0.085318,43106276.000000,0.479590,0,1
106,117,114,102,99,106,88,84,
304.000000,225.000000,0.084651,17370170.000000,0.277447,0,1
108,115,122,113,126,141,107,106,
504.000000,225.000000,0.082215,1729916.875000,0.500274,0,1
84,82,81,80,80,79,73,72,
206.000000,226.000000,0.066310,96279416.000000,0.361764,0,1
103,92,97,75,82,85,70,68,
303.000000,226.000000,0.082345,22782736.000000,0.275148,0,1
115,113,126,101,107,118,99,98,
312.000000,226.000000,0.085608,19890150.000000,0.225075,0,1
128,144,144,111,113,116,105,101,
446.000000,226.000000,0.079866,46714908.000000,0.236864,0,1
98,89,100,84,94,103,84,81,
450.000000,227.000000,0.083526,118651576.000000,0.352285,0,1
103,101,94,91,85,85,78,74,
326.000000,228.000000,0.091854,178413936.000000,0.549215,0,1
125,117,112,109,102,97,90,75,
365.000000,228.000000,0.089084,66647832.000000,0.434456,0,1
118,114,110,106,103,102,100,92,
375.000000,228.000000,0.086178,47381552.000000,0.280799,0,1
115,112,115,97,100,102,90,90,
382.000000,228.000000,0.086727,14649635.000000,0.186691,0,1
117,112,110,101,94,96,94,91,
384.000000,228.000000,0.088883,13904060.000000,0.190780,0,1
115,110,113,94,96,99,93,89,
398.000000,228.000000,0.090033,33420650.000000,0.266428,0,1
97,112,113,99,103,110,91,84,
346.000000,229.000000,0.092147,102573968.000000,0.494750,0,1
110,112,109,95,96,93,85,77,
407.000000,229.000000,0.085160,38526680.000000,0.252524,0,1
106,115,122,90,92,93,85,81,
412.000000,229.000000,0.088748,24776432.000000,0.176926,0,1
96,113,115,94,96,97,82,76,
416.000000,229.000000,0.088011,62126436.000000,0.255477,0,1
100,114,113,97,94,97,80,75,
430.000000,230.000000,0.085876,46619072.000000,0.253618,0,1
92,101,92,85,82,76,70,63,
436.000000,230.000000,0.079196,55689608.000000,0.422639,0,1
81,89,85,76,78,75,68,61,
224.000000,232.000000,0.080158,306086496.000000,1.067391,0,1
62,60,63,49,52,58,45,49,
295.000000,232.000000,0.083521,67013156.000000,0.620867,0,1
97,87,92,80,82,85,68,66,
298.000000,232.000000,0.086493,18546746.000000,0.300012,0,1
102,94,97,85,82,82,73,68,
387.000000,232.000000,0.083447,23019360.000000,0.270794,0,1
94,93,91,83,80,84,71,60,
543.000000,236.000000,0.053234,64705184.000000,0.290593,0,1
67,67,66,62,61,57,53,49,
544.000000,236.000000,0.053164,63921924.000000,0.291702,0,1
67,67,65,62,59,57,51,47,
279.000000,242.000000,0.093774,6557593.500000,0.221159,0,1
64,62,67,48,46,49,40,40,
352.000000,242.000000,0.038348,4695532.500000,0.113513,0,1
56,54,55,50,49,50,45,45,
324.000000,243.000000,0.097309,12246535.000000,0.302774,0,1
61,60,62,53,55,55,48,46,
329.000000,243.000000,0.090883,7097297.000000,0.235718,0,1
60,60,60,55,54,54,49,45,
300.000000,260.000000,0.082521,10196303.000000,0.828094,0,1
36,34,34,30,31,34,27,26,
472.000000,260.000000,0.064484,54466552.000000,0.521761,0,1
27,26,27,23,25,24,22,22,
320.000000,264.000000,0.105737,21147228.000000,0.729687,0,1
38,34,35,30,31,32,29,27,
471.000000,125.000000,0.063236,174263520.000000,0.095299,0,1
62,229,96,253,199,54,242,209,
510.000000,141.000000,0.037750,358228160.000000,0.069380,0,1
199,255,104,255,158,115,252,160,
349.000000,143.000000,0.036200,143133232.000000,0.054554,0,1
233,248,196,255,206,173,245,192,
440.000000,176.000000,0.039019,51104064.000000,0.058803,0,1
195,169,230,146,185,208,154,130,
696.000000,127.000000,0.060438,3224152832.000000,0.756736,0,1
27,37,26,59,42,23,76,60,
403.000000,128.000000,0.050938,16913462.000000,0.076765,0,1
44,61,61,127,132,135,239,255,
696.000000,130.000000,0.060541,4428715008.000000,0.795546,0,1
54,87,34,95,54,25,44,23,
681.000000,131.000000,0.049145,90964096.000000,0.579547,0,1
133,129,125,76,72,66,46,42,
240.000000,133.000000,0.045844,1340016512.000000,0.202870,0,1
32,72,27,208,69,23,186,79,
65.000000,143.000000,0.030664,146351696.000000,0.296133,0,1
94,80,105,89,109,120,106,105,
688.000000,143.000000,0.047343,220648288.000000,0.544970,0,1
77,82,72,72,71,69,54,55,
696.000000,143.000000,0.059373,1687205632.000000,0.788011,0,1
38,54,29,65,41,24,57,43,
204.000000,149.000000,0.038397,1316537216.000000,0.200796,0,1
112,113,169,114,200,199,218,255,
695.000000,149.000000,0.048568,1285019008.000000,0.577060,0,1
68,87,49,90,72,33,86,72,
104.000000,150.000000,0.029121,2513450496.000000,0.218172,0,1
83,190,86,242,189,82,226,173,
696.000000,151.000000,0.048790,1376210944.000000,0.857106,0,1
50,71,33,84,51,26,76,53,
96.000000,152.000000,0.029624,1509920128.000000,0.228004,0,1
239,255,157,238,210,96,163,69,
104.000000,152.000000,0.028778,6705383936.000000,0.361256,0,1
189,226,103,144,173,90,98,60,
161.000000,152.000000,0.036976,1789805696.000000,0.231553,0,1
255,254,192,253,184,143,253,173,
94.000000,153.000000,0.030174,2066167040.000000,0.233898,0,1
242,205,244,137,175,139,70,52,
490.000000,153.000000,0.034871,201376944.000000,0.067783,0,1
168,145,216,196,157,196,124,150,
593.000000,154.000000,0.033418,1594688512.000000,0.151985,0,1
252,167,255,115,218,255,147,135,
670.000000,155.000000,0.042468,848448192.000000,0.283472,0,1
169,163,145,119,135,101,126,136,
696.000000,156.000000,0.048878,1065076544.000000,0.858157,0,1
54,78,34,92,52,26,64,43,
511.000000,158.000000,0.037429,122410472.000000,0.093719,0,1
255,255,255,200,178,158,105,81,
548.000000,158.000000,0.037203,543606400.000000,0.128014,0,1
199,182,251,242,193,255,143,78,
184.000000,159.000000,0.060573,2578353664.000000,0.367914,0,1
30,81,21,155,44,20,123,65,
553.000000,161.000000,0.046888,947919040.000000,0.172035,0,1
186,68,120,48,146,197,169,210,
318.000000,166.000000,0.034782,273569536.000000,0.097260,0,1
110,208,81,222,180,70,175,168,
688.000000,166.000000,0.045655,3398733056.000000,0.524635,0,1
73,153,87,198,157,91,186,150,
167.000000,169.000000,0.038256,672302592.000000,0.246028,0,1
62,70,64,83,97,142,92,112,
696.000000,170.000000,0.048960,849145344.000000,0.588351,0,1
42,63,33,92,50,29,75,53,
553.000000,175.000000,0.046763,720289344.000000,0.174838,0,1
242,158,250,57,230,244,77,188,
679.000000,176.000000,0.043785,1880093312.000000,0.306350,0,1
197,232,145,225,200,134,203,137,
553.000000,177.000000,0.046653,887495296.000000,0.174982,0,1
230,77,113,50,188,203,147,222,
612.000000,178.000000,0.036458,672445312.000000,0.187741,0,1
101,166,110,245,173,140,253,240,
319.000000,179.000000,0.038149,119214120.000000,0.097844,0,1
255,240,255,128,126,113,73,100,
687.000000,179.000000,0.044990,3216277760.000000,0.518100,0,1
238,229,192,150,171,127,101,96,
404.000000,181.000000,0.034287,93551352.000000,0.035083,0,1
90,105,119,163,165,179,255,253,
696.000000,181.000000,0.048406,1210562560.000000,0.867534,0,1
55,75,44,96,57,41,73,55,
277.000000,183.000000,0.043196,136606704.000000,0.157487,0,1
66,98,95,167,157,171,234,229,
283.000000,183.000000,0.043287,143214032.000000,0.152220,0,1
75,107,96,172,169,175,238,230,
269.000000,184.000000,0.044312,114195864.000000,0.170446,0,1
116,155,162,225,230,232,223,184,
317.000000,184.000000,0.041287,171412640.000000,0.110702,0,1
118,175,177,255,254,254,238,211,
322.000000,184.000000,0.042198,110751216.000000,0.108565,0,1
132,183,180,253,253,253,235,211,
201.000000,186.000000,0.060660,1116269952.000000,0.348690,0,1
63,58,147,47,117,241,63,86,
696.000000,190.000000,0.058666,2472051200.000000,0.742057,0,1
46,63,41,82,49,38,60,43,
668.000000,192.000000,0.056192,253792048.000000,0.642746,0,1
76,74,85,78,84,88,104,95,
687.000000,192.000000,0.044621,374409920.000000,0.516159,0,1
149,131,106,114,104,83,107,85,
551.000000,201.000000,0.065396,47823904.000000,0.314461,0,1
129,131,165,88,118,150,76,71,
614.000000,201.000000,0.060059,17710302.000000,0.371793,0,1
68,70,78,58,68,74,61,64,
545.000000,209.000000,0.072310,20337798.000000,0.481049,0,1
76,83,82,72,75,69,69,63,
310.000000,218.000000,0.081541,21588980.000000,0.298013,0,1
84,83,86,97,100,103,110,123,
525.000000,218.000000,0.082906,15963323.000000,0.575529,0,1
76,75,75,88,88,83,99,87,
279.000000,220.000000,0.082471,72659552.000000,0.448489,0,1
98,111,111,93,93,87,84,92,
280.000000,220.000000,0.082522,87227576.000000,0.447024,0,1
99,120,106,96,88,90,77,91,
491.000000,223.000000,0.084146,28997260.000000,0.293543,0,1
84,75,80,66,69,64,59,58,
228.000000,226.000000,0.079104,23021934.000000,0.464088,0,1
125,115,114,89,89,89,69,66,
328.000000,227.000000,0.089103,128289240.000000,0.370074,0,1
122,123,118,116,109,107,99,83,
456.000000,228.000000,0.069633,42116252.000000,0.345178,0,1
90,85,84,72,76,74,68,74,
340.000000,229.000000,0.087396,54748932.000000,0.353692,0,1
115,109,102,94,91,90,74,75,
356.000000,229.000000,0.080908,33035172.000000,0.305788,0,1
111,102,102,86,88,96,82,87,
366.000000,232.000000,0.077700,22330902.000000,0.540512,0,1
93,86,88,82,81,81,69,61,
375.000000,232.000000,0.074025,33115898.000000,0.264211,0,1
90,86,88,79,79,81,70,62,
422.000000,232.000000,0.079918,24416690.000000,0.206415,0,1
84,75,75,64,65,66,58,53,
424.000000,232.000000,0.080115,24846434.000000,0.207524,0,1
84,75,75,65,66,64,57,52,
443.000000,232.000000,0.083548,15602440.000000,0.228447,0,1
82,67,70,58,60,61,53,46,
352.000000,233.000000,0.075003,46171776.000000,0.455932,0,1
86,89,85,81,80,78,68,62,
394.000000,233.000000,0.075175,30316232.000000,0.257638,0,1
82,78,80,67,66,66,62,56,
507.000000,242.000000,0.024490,1549691.000000,0.563585,0,1
49,47,50,42,44,47,38,35,
287.000000,243.000000,0.096552,18290194.000000,0.463187,0,1
61,49,54,41,47,56,45,50,
124.000000,256.000000,0.064485,3636453.750000,1.310021,0,1
19,17,18,16,16,16,16,15,
593.000000,140.000000,0.033209,2392971008.000000,0.150577,0,1
89,75,219,77,192,255,115,255,
592.000000,145.000000,0.033623,2381707776.000000,0.151845,0,1
150,97,255,100,145,255,109,186,
588.000000,146.000000,0.032123,917537856.000000,0.141157,0,1
160,193,124,207,172,103,202,169,
439.000000,173.000000,0.036925,65873752.000000,0.055647,0,1
240,166,255,116,209,226,131,169,
454.000000,127.000000,0.049607,43438512.000000,0.090361,0,1
44,55,56,94,97,101,225,255,
383.000000,128.000000,0.052702,36685416.000000,0.079423,0,1
43,53,53,99,103,106,217,255,
396.000000,128.000000,0.050516,38664264.000000,0.076128,0,1
41,57,57,119,133,124,236,225,
212.000000,132.000000,0.059187,2113707264.000000,0.482823,0,1
25,59,67,91,205,219,178,181,
472.000000,149.000000,0.041876,267767056.000000,0.101730,0,1
255,255,208,106,123,81,112,152,
100.000000,151.000000,0.029234,3768779520.000000,0.327851,0,1
123,122,210,105,150,233,94,103,
666.000000,151.000000,0.040817,7252115968.000000,0.611360,0,1
79,64,107,55,93,135,73,104,
674.000000,154.000000,0.042169,8413255680.000000,0.657874,0,1
137,101,176,106,151,201,98,112,
551.000000,160.000000,0.046020,614304896.000000,0.263734,0,1
254,193,186,68,67,89,56,53,
682.000000,165.000000,0.043478,6582681600.000000,0.707807,0,1
64,83,110,108,132,173,112,132,
135.000000,169.000000,0.036968,1288905088.000000,0.384025,0,1
114,60,75,95,109,198,118,122,
523.000000,169.000000,0.039954,656943424.000000,0.182054,0,1
255,251,249,188,182,148,107,91,
234.000000,172.000000,0.034878,1474695552.000000,0.234766,0,1
43,54,48,143,92,55,121,87,
159.000000,173.000000,0.046494,7238963712.000000,0.457979,0,1
113,202,66,248,150,75,195,152,
111.000000,175.000000,0.032266,484021504.000000,0.355487,0,1
84,95,115,87,133,157,112,151,
159.000000,177.000000,0.046685,5187782144.000000,0.461222,0,1
152,206,74,251,192,66,244,198,
147.000000,180.000000,0.037680,7517752832.000000,0.376646,0,1
193,130,236,95,154,251,106,130,
160.000000,180.000000,0.046485,6322424832.000000,0.458557,0,1
84,198,64,241,90,82,157,63,
392.000000,181.000000,0.036507,221681776.000000,0.062676,0,1
87,107,112,145,149,156,247,255,
262.000000,184.000000,0.043347,430375200.000000,0.261366,0,1
113,143,147,214,218,222,219,177,
679.000000,184.000000,0.043830,1248328576.000000,0.487860,0,1
76,152,80,166,131,101,91,108,
682.000000,184.000000,0.043493,2436106496.000000,0.715195,0,1
78,69,70,100,127,136,98,74,
667.000000,185.000000,0.052215,2915198720.000000,0.852712,0,1
62,49,68,68,59,109,88,94,
656.000000,188.000000,0.055026,563219008.000000,0.876013,0,1
119,112,108,105,89,84,81,72,
649.000000,189.000000,0.055677,300398080.000000,0.864932,0,1
130,123,123,96,95,92,76,80,
238.000000,212.000000,0.048896,32806122.000000,0.362880,0,1
81,105,87,123,102,84,119,117,
278.000000,212.000000,0.075402,49358036.000000,0.596610,0,1
87,86,84,97,96,91,114,96,
516.000000,212.000000,0.079525,47883404.000000,0.472649,0,1
70,66,66,73,69,69,83,86,
529.000000,213.000000,0.081583,28300490.000000,0.534931,0,1
57,60,60,67,71,70,77,81,
343.000000,216.000000,0.080445,81809984.000000,0.377098,0,1
145,138,133,123,119,101,109,104,
315.000000,217.000000,0.072056,38007172.000000,0.625779,0,1
90,79,84,90,88,93,107,116,
447.000000,218.000000,0.084211,41691372.000000,0.340662,0,1
80,76,81,77,87,90,93,99,
496.000000,218.000000,0.080032,36415016.000000,0.430549,0,1
94,90,102,78,83,90,80,76,
507.000000,218.000000,0.080963,48769876.000000,0.470060,0,1
91,87,91,81,85,81,76,83,
335.000000,219.000000,0.084672,134663904.000000,0.434688,0,1
119,114,113,106,104,100,94,100,
184.000000,226.000000,0.060168,351347456.000000,0.602001,0,1
78,80,60,75,64,42,62,53,
178.000000,227.000000,0.060985,8689002.000000,0.682604,0,1
82,75,78,66,67,67,59,56,
173.000000,229.000000,0.062957,67639296.000000,0.666286,0,1
68,62,61,56,54,56,45,42,
286.000000,232.000000,0.058834,43303492.000000,0.387724,0,1
88,85,86,79,80,82,74,73,
304.000000,232.000000,0.067931,81976576.000000,0.420375,0,1
96,91,87,86,84,85,74,69,
337.000000,233.000000,0.074766,49934444.000000,0.490237,0,1
76,81,80,76,74,72,68,61,
382.000000,233.000000,0.072962,41128132.000000,0.316393,0,1
85,84,84,74,71,75,63,62,
273.000000,234.000000,0.064488,38489772.000000,0.458324,0,1
83,74,76,63,66,68,56,53,
327.000000,234.000000,0.075565,39786960.000000,0.673195,0,1
73,74,74,66,65,70,57,56,
351.000000,234.000000,0.071055,32923416.000000,0.351044,0,1
89,81,80,69,68,67,62,57,
331.000000,235.000000,0.075794,39880256.000000,0.425599,0,1
76,70,70,59,61,63,54,53,
314.000000,262.000000,0.093289,266198368.000000,1.062553,0,1
39,36,38,32,35,36,29,28,
494.000000,151.000000,0.034157,414986560.000000,0.109527,0,1
112,162,137,166,197,210,213,255,
351.000000,173.000000,0.034437,276491360.000000,0.089785,0,1
251,207,83,165,207,55,135,105,
664.000000,129.000000,0.048135,191036000.000000,0.744226,0,1
118,143,141,199,194,184,208,159,
648.000000,195.000000,0.059554,63727984.000000,0.949185,0,1
82,84,86,66,67,69,63,59,
645.000000,195.000000,0.057778,75679632.000000,0.898950,0,1
77,80,82,65,65,66,62,58,
439.000000,127.000000,0.050585,70484944.000000,0.101530,0,1
44,56,55,86,84,66,199,255,
632.000000,127.000000,0.046238,5744827904.000000,0.815906,0,1
43,61,37,95,66,40,120,114,
632.000000,130.000000,0.046311,18961125376.000000,0.817387,0,1
85,175,69,253,153,73,234,166,
631.000000,131.000000,0.046305,14283682816.000000,0.813300,0,1
175,253,153,255,234,121,189,129,
264.000000,134.000000,0.038780,971265216.000000,0.283559,0,1
255,171,254,118,165,204,120,188,
633.000000,141.000000,0.046444,19422074880.000000,0.824628,0,1
177,233,128,250,185,91,223,177,
628.000000,151.000000,0.041465,21440950272.000000,0.695353,0,1
225,255,187,255,204,163,247,185,
644.000000,152.000000,0.046831,1267046528.000000,0.881827,0,1
88,65,101,51,88,99,71,88,
654.000000,152.000000,0.040404,1762039936.000000,0.757656,0,1
70,51,82,51,68,75,54,70,
228.000000,153.000000,0.036364,1286898048.000000,0.328769,0,1
78,93,117,81,126,174,101,169,
628.000000,153.000000,0.041316,24537907200.000000,0.692590,0,1
204,247,155,255,185,137,248,203,
145.000000,154.000000,0.038194,7313485312.000000,0.497445,0,1
253,202,250,137,182,252,139,211,
634.000000,157.000000,0.046417,6265212928.000000,0.831467,0,1
123,159,86,154,111,71,96,49,
455.000000,160.000000,0.039991,86484352.000000,0.116113,0,1
254,221,197,125,121,105,89,55,
633.000000,160.000000,0.046312,1692441216.000000,0.826163,0,1
96,65,49,82,77,43,140,142,
402.000000,162.000000,0.046965,92880920.000000,0.061938,0,1
253,149,250,102,175,165,88,204,
436.000000,164.000000,0.037624,114685032.000000,0.078927,0,1
123,216,115,255,159,183,232,131,
184.000000,168.000000,0.060663,11632474112.000000,0.772829,0,1
36,96,26,221,76,21,175,75,
415.000000,168.000000,0.038390,164266368.000000,0.062876,0,1
220,233,230,202,208,203,118,105,
457.000000,169.000000,0.044621,650507136.000000,0.147635,0,1
117,57,251,81,114,255,59,88,
142.000000,170.000000,0.038252,4434792448.000000,0.506048,0,1
97,237,148,254,205,118,173,137,
626.000000,172.000000,0.036927,1123818368.000000,0.600922,0,1
180,188,189,131,119,132,100,89,
633.000000,173.000000,0.046467,8790024192.000000,0.836183,0,1
176,177,128,118,144,76,95,58,
629.000000,178.000000,0.045448,2614631424.000000,0.799840,0,1
83,122,90,159,136,160,236,174,
633.000000,179.000000,0.046347,13292572672.000000,0.837045,0,1
169,193,115,217,162,61,142,117,
607.000000,185.000000,0.050274,317677600.000000,0.829136,0,1
203,187,186,162,162,159,136,123,
611.000000,185.000000,0.050338,408829600.000000,0.847389,0,1
204,184,185,159,159,160,130,130,
159.000000,188.000000,0.046110,6008466944.000000,0.606679,0,1
99,183,116,229,208,141,178,169,
599.000000,193.000000,0.053651,113183960.000000,0.914780,0,1
108,105,104,93,90,90,84,85,
614.000000,195.000000,0.054601,89969592.000000,0.984244,0,1
90,79,75,70,66,60,69,68,
627.000000,208.000000,0.040042,148929200.000000,0.731625,0,1
52,63,45,70,52,44,57,50,
224.000000,209.000000,0.074334,61825936.000000,0.879395,0,1
99,107,108,124,122,119,139,149,
342.000000,212.000000,0.075535,252829824.000000,0.480685,0,1
90,96,97,113,120,118,136,146,
425.000000,212.000000,0.078663,75554872.000000,0.406713,0,1
90,86,81,85,89,89,103,104,
335.000000,213.000000,0.074767,68827560.000000,0.498332,0,1
99,105,110,107,121,125,128,134,
358.000000,215.000000,0.077825,346954048.000000,0.467469,0,1
130,125,127,99,113,116,80,74,
360.000000,215.000000,0.078287,206546288.000000,0.466482,0,1
127,127,123,113,116,122,88,85,
371.000000,215.000000,0.078417,351868416.000000,0.444058,0,1
112,118,113,103,102,112,75,78,
482.000000,215.000000,0.080901,54142092.000000,0.614154,0,1
80,81,76,89,83,80,99,89,
361.000000,216.000000,0.078630,233556800.000000,0.473848,0,1
123,116,122,88,92,93,85,75,
373.000000,216.000000,0.078334,320560224.000000,0.442766,0,1
114,107,119,75,88,107,82,95,
379.000000,216.000000,0.078491,86579984.000000,0.432825,0,1
117,118,118,106,108,109,98,105,
385.000000,216.000000,0.079474,86111040.000000,0.432333,0,1
109,118,105,107,101,90,97,100,
405.000000,216.000000,0.080138,279640640.000000,0.425033,0,1
122,121,118,105,105,96,94,101,
410.000000,216.000000,0.080591,353979296.000000,0.429906,0,1
110,115,112,94,94,93,81,89,
211.000000,217.000000,0.060706,179834400.000000,0.732875,0,1
124,122,130,113,117,116,105,103,
480.000000,218.000000,0.078905,77599888.000000,0.598171,0,1
101,90,92,87,84,85,75,69,
518.000000,225.000000,0.059463,33977476.000000,0.520990,0,1
82,73,85,70,75,78,72,67,
254.000000,242.000000,0.102646,421363232.000000,1.915830,0,1
34,35,38,27,29,32,24,26,
440.000000,260.000000,0.083929,598433536.000000,0.754764,0,1
26,27,26,24,25,25,23,22,
344.000000,216.000000,0.078072,122591992.000000,0.520765,0,1
143,137,119,122,113,94,102,100,
386.000000,213.000000,0.077828,99073928.000000,0.402224,0,1
103,105,90,117,101,88,109,105,
457.000000,148.000000,0.033539,334449536.000000,0.091312,0,1
227,162,255,125,176,255,104,124,
439.000000,153.000000,0.030787,210860192.000000,0.057152,0,1
169,171,186,168,240,249,210,255,
665.000000,125.000000,0.025338,1959829376.000000,0.449506,0,1
24,35,38,72,80,86,119,115,
387.000000,159.000000,0.039397,285236096.000000,0.061130,0,1
217,134,255,98,203,214,116,115,
429.000000,127.000000,0.049598,79940720.000000,0.112888,0,1
44,54,55,81,80,82,182,255,
138.000000,146.000000,0.036327,8622706688.000000,0.547476,0,1
230,231,219,247,192,210,182,148,
137.000000,155.000000,0.035423,1432976256.000000,0.535328,0,1
228,208,202,132,146,138,123,92,
210.000000,163.000000,0.020492,151572672.000000,0.210950,0,1
54,53,60,53,61,58,57,55,
594.000000,167.000000,0.033020,2178918144.000000,0.577676,0,1
81,112,93,132,87,94,100,77,
593.000000,168.000000,0.032954,2866339840.000000,0.573461,0,1
112,132,87,128,100,80,104,97,
565.000000,171.000000,0.025308,5356246016.000000,0.274483,0,1
175,236,103,250,187,79,239,186,
620.000000,172.000000,0.037595,3378189312.000000,0.785217,0,1
173,231,206,186,160,136,121,94,
572.000000,184.000000,0.046154,233052880.000000,0.809030,0,1
213,199,197,183,182,180,162,143,
580.000000,195.000000,0.049313,64387020.000000,0.953771,0,1
98,94,99,84,84,83,77,75,
578.000000,208.000000,0.043249,54006592.000000,0.794257,0,1
69,70,66,62,58,55,56,53,
459.000000,209.000000,0.075529,399779136.000000,0.620798,0,1
92,86,89,83,94,107,89,93,
494.000000,209.000000,0.075203,44975396.000000,0.807610,0,1
85,82,81,93,89,83,99,95,
285.000000,210.000000,0.072231,166446528.000000,0.779233,0,1
88,92,89,98,88,81,73,90,
502.000000,211.000000,0.071994,41764888.000000,0.799139,0,1
91,92,89,79,79,87,73,76,
470.000000,212.000000,0.075635,176623584.000000,0.690466,0,1
93,88,92,89,82,82,78,74,
481.000000,224.000000,0.068061,108854864.000000,0.679337,0,1
69,64,70,57,63,65,56,55,
505.000000,232.000000,0.023120,44030320.000000,0.202750,0,1
75,68,70,60,62,64,57,55,
444.000000,211.000000,0.075704,152821712.000000,0.570679,0,1
99,96,88,100,108,91,109,95,
591.000000,142.000000,0.033555,22326894592.000000,0.573475,0,1
77,89,115,132,113,255,105,97,
473.000000,166.000000,0.038344,2362027776.000000,0.203379,0,1
148,251,101,252,162,84,248,159,
401.000000,149.000000,0.041298,75774800.000000,0.062238,0,1
231,199,240,146,191,198,166,165,
440.000000,127.000000,0.051668,59341244.000000,0.237453,0,1
44,55,54,86,75,71,199,241,
594.000000,131.000000,0.031361,14003111936.000000,0.714070,0,1
81,114,158,161,209,242,159,157,
543.000000,143.000000,0.037440,3412146688.000000,0.486142,0,1
254,178,191,128,140,255,126,112,
436.000000,150.000000,0.040132,531127104.000000,0.152710,0,1
175,244,157,255,183,161,222,179,
580.000000,150.000000,0.028213,684944768.000000,0.575025,0,1
192,177,194,173,187,201,180,193,
447.000000,160.000000,0.041343,172572704.000000,0.206662,0,1
254,217,217,134,131,130,108,86,
565.000000,167.000000,0.025456,6856027136.000000,0.354631,0,1
163,226,92,232,172,86,210,175,
557.000000,184.000000,0.045117,655091136.000000,0.967368,0,1
213,206,206,190,185,188,172,155,
541.000000,185.000000,0.046993,240529712.000000,0.930108,0,1
199,189,191,172,173,172,156,147,
549.000000,185.000000,0.046268,459335744.000000,0.959314,0,1
183,183,172,169,163,159,150,137,
561.000000,185.000000,0.046068,152765120.000000,1.025347,0,1
202,190,187,173,172,169,154,138,
385.000000,202.000000,0.080431,278714464.000000,0.594529,0,1
118,125,113,113,106,100,105,96,
434.000000,209.000000,0.071991,254458272.000000,0.652674,0,1
110,113,107,107,107,97,99,91,
473.000000,225.000000,0.063686,50397200.000000,0.818059,0,1
66,64,68,59,62,66,55,57,
207.000000,232.000000,0.059269,218541984.000000,1.000399,0,1
64,55,58,46,50,49,42,40,
566.000000,233.000000,0.030794,50332340.000000,0.771543,0,1
50,56,49,48,46,41,42,39,
403.000000,234.000000,0.059198,126460792.000000,0.540698,0,1
70,69,68,65,61,60,56,52,
202.000000,242.000000,0.054432,19794738.000000,1.016563,0,1
28,29,32,24,28,31,23,23,
494.000000,143.000000,0.035766,1883070464.000000,0.300926,0,1
242,199,255,158,217,252,136,105,
544.000000,150.000000,0.036064,6407155200.000000,0.467751,0,1
99,136,153,140,181,192,197,255,
550.000000,175.000000,0.046337,18378876928.000000,0.950785,0,1
97,171,61,160,94,159,111,66,
367.000000,141.000000,0.037592,284102688.000000,0.078241,0,1
251,231,238,180,225,255,170,194,
375.000000,142.000000,0.037344,33984136.000000,0.060383,0,1
225,205,234,157,172,183,144,156,
544.000000,129.000000,0.036162,7140533760.000000,0.785103,0,1
198,216,253,146,199,218,120,106,
355.000000,142.000000,0.039154,437172288.000000,0.111041,0,1
209,229,219,215,222,220,196,184,
568.000000,147.000000,0.026367,2819078912.000000,0.604532,0,1
111,97,140,93,122,160,99,123,
525.000000,149.000000,0.037805,7051871744.000000,0.725134,0,1
70,76,98,160,169,196,226,255,
529.000000,149.000000,0.037862,14961007616.000000,0.749351,0,1
77,152,77,196,156,142,219,186,
536.000000,149.000000,0.035392,2985551616.000000,0.718166,0,1
67,85,78,175,128,138,204,192,
124.000000,150.000000,0.037540,33493065728.000000,0.683789,0,1
170,236,136,255,161,146,246,212,
565.000000,152.000000,0.025404,11742594048.000000,0.460311,0,1
165,249,99,255,176,105,246,165,
128.000000,155.000000,0.038085,4805372928.000000,0.689177,0,1
183,217,197,172,189,191,121,101,
525.000000,167.000000,0.037733,10013668352.000000,0.732225,0,1
115,240,108,255,158,110,249,148,
539.000000,174.000000,0.037725,6096252416.000000,0.816880,0,1
255,248,246,209,174,135,185,116,
128.000000,183.000000,0.037538,12589566976.000000,0.687006,0,1
135,170,118,176,126,85,95,58,
510.000000,184.000000,0.046656,1939022848.000000,0.919439,0,1
236,215,208,198,197,191,176,163,
514.000000,184.000000,0.046467,1601494912.000000,0.945917,0,1
229,203,205,191,191,191,171,162,
524.000000,184.000000,0.046434,1038062336.000000,1.015450,0,1
227,202,202,193,190,188,174,161,
532.000000,184.000000,0.045837,820708160.000000,1.053561,0,1
236,208,209,193,194,190,175,160,
507.000000,192.000000,0.052715,191954128.000000,1.112356,0,1
144,129,133,116,117,126,111,113,
521.000000,192.000000,0.047836,95707960.000000,1.053769,0,1
140,131,130,119,120,117,110,105,
499.000000,195.000000,0.059870,1038281536.000000,1.316402,0,1
118,122,125,119,114,111,106,98,
512.000000,195.000000,0.058316,367334752.000000,1.390554,0,1
129,121,121,111,115,107,102,101,
479.000000,197.000000,0.061093,1348415360.000000,1.184300,0,1
113,116,108,124,118,106,130,113,
482.000000,201.000000,0.067017,3266008064.000000,1.452357,0,1
112,117,112,103,106,102,96,93,
215.000000,232.000000,0.056687,91659760.000000,1.018944,0,1
60,58,57,51,50,51,43,39,
514.000000,232.000000,0.046157,278845632.000000,1.052134,0,1
71,68,67,61,61,61,53,51,
538.000000,240.000000,0.031444,182092096.000000,0.591847,0,1
57,61,60,53,55,53,47,47,
547.000000,241.000000,0.037182,160568656.000000,0.952324,0,1
49,55,52,46,45,46,41,41,
392.000000,242.000000,0.057637,829602432.000000,0.670590,0,1
51,49,49,46,45,45,43,41,
541.000000,129.000000,0.036304,7096959488.000000,0.772544,0,1
187,236,171,245,215,185,196,189,
529.000000,141.000000,0.037728,21754419200.000000,0.744596,0,1
197,117,246,113,186,254,98,109,
569.000000,141.000000,0.026446,1682800000.000000,0.610434,0,1
87,86,109,97,110,133,105,127,
398.000000,160.000000,0.038065,470155104.000000,0.101412,0,1
255,209,211,115,120,127,104,95,
435.000000,185.000000,0.051551,776584576.000000,0.411818,0,1
252,251,229,255,218,201,241,199,
501.000000,148.000000,0.038101,5037057024.000000,0.761268,0,1
121,93,129,66,108,138,104,151,
510.000000,167.000000,0.037915,13967819776.000000,0.825901,0,1
86,136,57,177,119,50,159,110,
427.000000,168.000000,0.036570,550199936.000000,0.257173,0,1
220,154,139,121,115,103,117,120,
122.000000,175.000000,0.037442,5777332224.000000,0.707938,0,1
142,161,135,162,140,120,150,167,
126.000000,178.000000,0.037939,19745345536.000000,0.710326,0,1
116,150,123,224,176,104,232,184,
487.000000,184.000000,0.048111,2139339264.000000,1.014591,0,1
243,225,222,210,203,202,186,172,
467.000000,194.000000,0.059211,2222047488.000000,1.265540,0,1
139,133,131,119,124,122,92,107,
422.000000,202.000000,0.067566,4808026624.000000,0.856498,0,1
151,143,148,122,131,110,117,104,
437.000000,234.000000,0.059117,288132192.000000,0.968344,0,1
59,57,55,50,51,48,46,43,
498.000000,236.000000,0.046897,257203664.000000,1.229235,0,1
52,51,52,43,45,49,41,39,
376.000000,240.000000,0.055142,285392064.000000,0.683309,0,1
60,55,57,50,50,50,49,49,
511.000000,146.000000,0.037881,27298631680.000000,0.821054,0,1
73,136,93,112,123,148,150,220,
496.000000,185.000000,0.049791,1619461248.000000,1.168080,0,1
254,244,252,186,214,243,170,165,
519.000000,169.000000,0.037888,10734817280.000000,0.887847,0,1
182,95,221,84,143,188,85,87,
498.000000,168.000000,0.037649,5157890560.000000,0.740515,0,1
209,193,244,136,182,220,123,121,
519.000000,167.000000,0.037922,12364782592.000000,0.887308,0,1
110,122,197,81,182,248,95,143,
372.000000,148.000000,0.036295,126639072.000000,0.067091,0,1
148,216,134,251,188,158,202,144,
423.000000,127.000000,0.054274,387411136.000000,0.546239,0,1
43,54,55,77,77,80,172,255,
311.000000,132.000000,0.011933,172151584.000000,0.078552,0,1
69,84,132,96,144,126,125,161,
473.000000,169.000000,0.037868,23560542208.000000,0.721621,0,1
161,243,101,247,152,81,218,178,
484.000000,171.000000,0.036651,4446585344.000000,0.765392,0,1
69,81,122,56,114,145,66,122,
470.000000,172.000000,0.037828,2677168384.000000,0.580623,0,1
230,249,235,196,212,172,110,87,
489.000000,172.000000,0.034169,2600974336.000000,0.722080,0,1
94,147,68,120,78,80,113,88,
469.000000,184.000000,0.048295,2401336064.000000,0.867195,0,1
255,238,239,217,221,220,201,190,
473.000000,184.000000,0.048153,2941129216.000000,1.095680,0,1
255,240,236,220,217,214,202,187,
458.000000,190.000000,0.053807,178503136.000000,1.180515,0,1
165,145,160,136,152,160,132,132,
441.000000,192.000000,0.054498,507818432.000000,1.024018,0,1
165,145,149,134,140,140,129,124,
451.000000,195.000000,0.058650,934414656.000000,1.326403,0,1
127,124,123,113,112,108,103,106,
183.000000,197.000000,0.060528,1232488960.000000,1.290254,0,1
112,110,97,93,88,52,72,56,
424.000000,201.000000,0.066367,6172097536.000000,1.095163,0,1
141,156,131,159,125,117,115,109,
445.000000,202.000000,0.066574,1325056896.000000,1.702951,0,1
120,121,113,117,117,104,103,94,
463.000000,241.000000,0.045245,257808256.000000,1.108189,0,1
54,49,53,42,48,53,40,41,
437.000000,195.000000,0.060784,5021942272.000000,1.237579,0,1
136,149,126,169,147,119,150,115,
407.000000,127.000000,0.052426,662505856.000000,0.505635,0,1
40,47,47,62,64,67,137,245,
415.000000,127.000000,0.053107,875903936.000000,0.592425,0,1
43,53,53,70,73,74,153,251,
282.000000,169.000000,0.037988,3085885184.000000,0.321495,0,1
163,128,169,148,219,253,180,238,
455.000000,172.000000,0.035005,8961741824.000000,0.539426,0,1
79,104,59,240,140,68,252,117,
442.000000,184.000000,0.048469,2900273920.000000,1.069250,0,1
255,249,244,230,226,216,212,194,
449.000000,184.000000,0.048077,6221328384.000000,1.124582,0,1
255,240,236,212,210,204,198,187,
418.000000,185.000000,0.051149,522665792.000000,0.894155,0,1
253,234,239,209,211,218,197,184,
429.000000,192.000000,0.056427,2268717312.000000,1.265809,0,1
161,169,159,158,161,148,145,139,
415.000000,195.000000,0.059972,1343208960.000000,1.248437,0,1
131,129,134,130,140,152,144,139,
418.000000,196.000000,0.061230,6939335680.000000,1.365215,0,1
138,152,142,157,145,128,134,143,
404.000000,201.000000,0.067987,718614272.000000,1.162532,0,1
119,132,127,124,115,113,107,100,
374.000000,202.000000,0.070195,1772760704.000000,0.950615,0,1
125,132,132,118,124,130,109,110,
185.000000,217.000000,0.061069,721474880.000000,1.332751,0,1
60,72,47,82,58,37,68,60,
280.000000,139.000000,0.038205,2472489216.000000,0.310932,0,1
252,236,203,234,219,183,235,202,
391.000000,127.000000,0.050098,710094592.000000,0.702949,0,1
35,40,39,51,52,52,112,221,
397.000000,127.000000,0.050693,643622208.000000,0.552794,0,1
35,41,42,57,57,57,133,246,
277.000000,142.000000,0.038922,3040907520.000000,0.328640,0,1
245,237,224,202,209,175,173,170,
264.000000,160.000000,0.021669,125007296.000000,0.179152,0,1
190,159,130,94,88,75,74,72,
367.000000,173.000000,0.031937,416917184.000000,0.180375,0,1
67,71,111,62,62,144,62,89,
278.000000,197.000000,0.061158,559825664.000000,0.819148,0,1
107,104,114,111,127,155,110,105,
184.000000,208.000000,0.060949,4192272384.000000,1.330163,0,1
71,81,54,84,69,42,71,64,
371.000000,127.000000,0.047840,1318140928.000000,0.640917,0,1
39,42,43,51,52,51,94,218,
383.000000,127.000000,0.049735,945923648.000000,0.869691,0,1
38,43,42,52,53,52,100,220,
334.000000,170.000000,0.035872,3582527744.000000,0.172658,0,1
183,89,218,73,181,142,86,148,
387.000000,175.000000,0.037349,774376256.000000,0.583532,0,1
70,69,87,85,84,99,93,114,
397.000000,175.000000,0.036633,361844864.000000,0.646779,0,1
80,90,80,96,86,94,101,97,
364.000000,192.000000,0.055816,1505482368.000000,0.998227,0,1
173,169,158,161,149,144,139,127,
371.000000,193.000000,0.056381,418086560.000000,1.135316,0,1
152,146,146,140,137,135,124,116,
376.000000,193.000000,0.056194,452211136.000000,1.204520,0,1
148,145,145,136,133,128,121,114,
359.000000,202.000000,0.070473,20927746048.000000,1.396530,0,1
118,121,118,113,111,112,101,95,
242.000000,204.000000,0.044207,295306944.000000,0.642446,0,1
78,83,70,83,75,62,77,70,
202.000000,214.000000,0.058988,7783370240.000000,1.228531,0,1
70,59,98,48,80,118,60,76,
340.000000,242.000000,0.044281,454630208.000000,0.723919,0,1
57,56,55,55,51,53,51,47,
369.000000,188.000000,0.051788,6240573952.000000,0.878897,0,1
245,228,196,207,171,150,162,158,
329.000000,149.000000,0.038522,2036124160.000000,0.180870,0,1
211,116,248,109,181,240,102,74,
367.000000,188.000000,0.053010,1992693248.000000,0.663481,0,1
218,203,228,186,207,171,186,158,
388.000000,143.000000,0.037166,1611489280.000000,0.539085,0,1
104,99,130,146,139,166,187,204,
351.000000,127.000000,0.046976,745057024.000000,0.557347,0,1
48,52,52,59,58,58,84,189,
357.000000,127.000000,0.046836,1076874880.000000,0.638805,0,1
46,50,49,56,54,54,87,200,
367.000000,127.000000,0.047291,1244617856.000000,0.789699,0,1
40,44,43,52,51,51,89,206,
39.000000,167.000000,0.034910,1820304896.000000,0.790337,0,1
52,54,53,73,69,71,97,106,
261.000000,169.000000,0.036472,1134629888.000000,0.357745,0,1
111,81,104,101,104,131,85,104,
370.000000,175.000000,0.036549,4821817344.000000,0.560322,0,1
110,142,99,134,122,109,137,145,
376.000000,175.000000,0.036333,646036864.000000,0.605265,0,1
89,99,100,110,113,114,133,132,
352.000000,192.000000,0.053640,359647168.000000,0.989166,0,1
165,157,155,143,140,138,139,134,
205.000000,199.000000,0.060671,3622852352.000000,1.225662,0,1
75,61,74,68,91,103,89,92,
347.000000,202.000000,0.063998,17685667840.000000,1.602794,0,1
107,103,103,109,119,105,134,113,
202.000000,216.000000,0.058780,3744534784.000000,1.245562,0,1
80,60,100,48,76,105,57,68,
307.000000,175.000000,0.038033,4490620416.000000,0.261677,0,1
183,113,255,67,161,251,90,174,
40.000000,167.000000,0.035146,1592412160.000000,0.796851,0,1
52,53,56,70,70,73,98,103,
355.000000,184.000000,0.046687,19021041664.000000,0.723425,0,1
62,163,120,232,139,222,193,184,
367.000000,150.000000,0.037960,3037740544.000000,0.515482,0,1
192,233,190,157,140,92,157,127,
371.000000,152.000000,0.036349,2185464320.000000,0.520291,0,1
124,91,145,118,150,186,174,217,
202.000000,143.000000,0.038201,7843511808.000000,0.529799,0,1
197,220,205,119,138,82,102,89,
353.000000,152.000000,0.037960,5489766912.000000,0.535229,0,1
201,169,129,116,147,89,131,158,
359.000000,175.000000,0.036239,1550683392.000000,0.600287,0,1
54,52,53,72,70,74,111,126,
349.000000,185.000000,0.047967,7690798592.000000,0.913456,0,1
255,249,248,230,229,226,214,204,
185.000000,187.000000,0.061275,27743545344.000000,1.308194,0,1
47,161,22,228,89,18,140,72,
341.000000,193.000000,0.052470,425430272.000000,1.049654,0,1
154,147,146,140,139,141,126,128,
185.000000,206.000000,0.061276,2510697216.000000,1.390369,0,1
54,71,43,82,55,36,68,55,
306.000000,240.000000,0.049311,3943040768.000000,0.965829,0,1
66,63,67,54,57,63,59,61,
354.000000,151.000000,0.037814,5818428416.000000,0.541144,0,1
200,201,199,169,129,133,147,127,
308.000000,153.000000,0.037700,1038952896.000000,0.229645,0,1
213,255,192,220,185,108,165,150,
303.000000,171.000000,0.035913,2526325504.000000,0.245665,0,1
109,187,86,207,122,85,187,141,
341.000000,150.000000,0.038077,1273987712.000000,0.415620,0,1
255,215,215,131,131,134,103,72,
348.000000,153.000000,0.036737,2236573696.000000,0.459509,0,1
59,77,80,97,144,146,158,231,
310.000000,126.000000,0.060300,43008044.000000,0.750367,0,1
19,20,23,20,24,32,25,33,
324.000000,148.000000,0.038528,1774319872.000000,0.401353,0,1
178,195,179,130,129,101,72,69,
325.000000,153.000000,0.037915,4635943424.000000,0.406288,0,1
54,90,89,145,128,132,155,190,
333.000000,156.000000,0.036018,11551421440.000000,0.452766,0,1
139,135,196,131,159,225,96,146,
303.000000,192.000000,0.055237,4972334080.000000,0.875491,0,1
152,145,146,137,136,136,120,117,
305.000000,192.000000,0.055232,3439037696.000000,0.898531,0,1
153,146,147,136,136,138,120,117,
271.000000,242.000000,0.046060,943516160.000000,0.864241,0,1
56,51,54,44,44,45,40,38,
239.000000,216.000000,0.042766,5894348800.000000,0.626555,0,1
109,118,96,132,110,89,125,110,
327.000000,176.000000,0.037659,12698391552.000000,0.491538,0,1
237,255,140,255,185,101,244,145,
328.000000,176.000000,0.037754,9706680320.000000,0.502876,0,1
166,217,101,250,111,90,183,103,
217.000000,144.000000,0.037147,4144620288.000000,0.470436,0,1
254,221,255,151,199,248,121,152,
242.000000,184.000000,0.045858,27322607616.000000,0.587097,0,1
38,80,32,190,114,25,182,140,
202.000000,204.000000,0.059996,22243940352.000000,1.254898,0,1
67,56,81,49,69,92,56,66,
304.000000,142.000000,0.038154,5140556288.000000,0.338775,0,1
144,111,230,105,129,218,104,132,
302.000000,189.000000,0.052243,9481162752.000000,0.937101,0,1
217,218,215,194,173,163,154,145,
307.000000,176.000000,0.037850,7867020288.000000,0.458864,0,1
186,86,251,78,156,249,130,153,
281.000000,150.000000,0.038085,990733632.000000,0.307077,0,1
133,177,145,148,130,144,119,102,
287.000000,152.000000,0.037367,2625662976.000000,0.311461,0,1
135,107,115,60,79,191,61,123,
294.000000,153.000000,0.036116,2183272704.000000,0.364899,0,1
69,70,102,102,119,161,174,141,
217.000000,175.000000,0.037200,10701336576.000000,0.494047,0,1
115,174,110,233,190,111,249,207,
217.000000,176.000000,0.037436,17791887360.000000,0.495188,0,1
143,226,119,255,211,115,247,217,
78.000000,180.000000,0.031507,16811065344.000000,0.641537,0,1
63,72,83,114,164,144,190,176,
275.000000,186.000000,0.048469,10441351168.000000,0.648360,0,1
236,227,229,187,192,195,173,158,
270.000000,192.000000,0.053032,367649536.000000,0.831118,0,1
127,123,122,120,119,118,115,107,
243.000000,214.000000,0.043362,480253024.000000,0.637792,0,1
63,82,59,94,71,53,78,68,
243.000000,224.000000,0.043138,380796000.000000,0.708008,0,1
64,72,52,79,60,43,68,52,
256.000000,231.000000,0.046888,3063047424.000000,0.905163,0,1
59,55,68,47,62,74,52,54,
256.000000,232.000000,0.046654,2772032256.000000,0.909357,0,1
62,55,69,45,59,67,49,49,
255.000000,233.000000,0.046576,2354109184.000000,0.913143,0,1
55,45,59,37,49,57,41,42,
243.000000,218.000000,0.043402,754474496.000000,0.669518,0,1
68,79,58,93,70,51,81,67,
274.000000,146.000000,0.038162,2977115648.000000,0.330134,0,1
144,104,169,82,136,167,112,120,
294.000000,147.000000,0.037076,5488510464.000000,0.373762,0,1
216,204,89,206,167,74,188,142,
295.000000,176.000000,0.036701,3961133056.000000,0.467766,0,1
126,154,99,155,126,69,130,81,
294.000000,174.000000,0.037343,3531692544.000000,0.462389,0,1
136,193,127,205,160,108,168,151,
255.000000,146.000000,0.038374,2888989440.000000,0.386937,0,1
113,88,109,98,132,173,99,95,
258.000000,149.000000,0.039598,2325726208.000000,0.393309,0,1
221,148,191,91,131,122,58,65,
250.000000,152.000000,0.046616,8818034688.000000,0.603709,0,1
77,37,116,29,73,117,35,66,
262.000000,152.000000,0.038319,3181912064.000000,0.368558,0,1
78,75,87,111,142,123,133,119,
199.000000,153.000000,0.060233,16065084416.000000,1.115885,0,1
64,46,96,36,66,148,49,70,
52.000000,156.000000,0.035004,21062555648.000000,0.762800,0,1
130,151,148,149,103,87,115,65,
240.000000,158.000000,0.047015,3523746816.000000,0.575395,0,1
86,104,57,75,65,27,59,50,
251.000000,167.000000,0.046598,7412087296.000000,0.537216,0,1
32,37,99,31,78,157,40,76,
255.000000,224.000000,0.047170,6876573184.000000,0.927371,0,1
80,68,87,55,73,86,59,64,
254.000000,212.000000,0.047376,679663552.000000,0.809711,0,1
70,66,80,62,80,93,71,81,
251.000000,136.000000,0.046568,4687606784.000000,0.519198,0,1
66,52,136,37,97,160,85,119,
251.000000,170.000000,0.046622,6638510080.000000,0.542280,0,1
66,43,125,31,77,141,42,68,
184.000000,141.000000,0.061584,51075153920.000000,1.242347,0,1
17,38,17,175,19,17,58,20,
208.000000,143.000000,0.038485,5996429312.000000,0.515944,0,1
228,185,231,115,181,220,85,81,
46.000000,147.000000,0.035656,84757594112.000000,0.787483,0,1
136,108,162,97,136,186,111,128,
212.000000,154.000000,0.038357,3339903488.000000,0.509784,0,1
158,170,173,94,121,134,60,101,
221.000000,154.000000,0.036867,2518477824.000000,0.458526,0,1
118,102,67,112,60,62,99,137,
47.000000,156.000000,0.035721,59130556416.000000,0.788854,0,1
141,108,141,98,136,156,111,133,
48.000000,164.000000,0.035714,84161552384.000000,0.788963,0,1
139,120,148,90,129,138,96,111,
47.000000,168.000000,0.035631,64527998976.000000,0.789083,0,1
94,70,111,72,88,129,67,65,
224.000000,179.000000,0.036522,7252349952.000000,0.462666,0,1
140,160,111,167,108,71,101,61,
91.000000,180.000000,0.033275,1483660416.000000,0.693743,0,1
76,84,103,71,87,91,72,84,
81.000000,181.000000,0.031588,41953624064.000000,0.640073,0,1
74,144,82,201,125,76,143,98,
199.000000,181.000000,0.059877,23309596672.000000,1.155153,0,1
53,43,84,34,52,134,39,44,
53.000000,182.000000,0.034922,91154079744.000000,0.769184,0,1
85,118,66,133,96,62,137,108,
43.000000,183.000000,0.035739,8196340224.000000,0.806483,0,1
62,50,71,45,61,79,71,82,
185.000000,192.000000,0.061223,68544212992.000000,1.329766,0,1
67,110,24,128,63,18,102,60,
216.000000,195.000000,0.057816,17670377472.000000,1.149213,0,1
126,121,122,109,108,108,97,93,
210.000000,196.000000,0.057816,14024190976.000000,1.136034,0,1
117,108,108,95,95,92,82,80,
248.000000,185.000000,0.046892,30019440640.000000,0.647774,0,1
25,28,31,71,77,84,132,127,
