# timestamp
1608635167558891008

# fx, fy, cx, cy, width, height, npoints
501.480774,501.475708,421.796387,167.661209,800,400,489

# camToWorld: translation vector, rotation quaternion
-16.407927,71.621392,3.713139,0.724814,-0.001667,-0.020463,-0.688639

# Exposure time (ms)
5.086500

# Point Cloud Data : 
# u,v,idepth_scaled,idepth_hessian,maxRelBaseline,numGoodRes,status 
# color information 
700.000000,168.000000,0.047992,91028960.000000,0.269876,0,1
89,72,93,45,64,70,37,56,
705.000000,176.000000,0.049655,1388930432.000000,0.375168,0,1
77,100,63,129,104,61,133,110,
705.000000,184.000000,0.049131,1877072896.000000,0.373239,0,1
103,124,71,121,105,68,113,87,
323.000000,229.000000,0.088241,24057350.000000,0.280840,0,1
103,106,88,90,100,80,96,88,
500.000000,232.000000,0.074003,80665976.000000,0.461250,0,1
82,75,75,74,69,70,66,60,
293.000000,233.000000,0.088960,90798720.000000,0.338949,0,1
88,87,91,77,82,85,62,59,
551.000000,235.000000,0.062683,297249728.000000,0.550221,0,1
58,62,61,51,53,53,48,48,
744.000000,237.000000,0.102071,31201644.000000,1.515199,0,1
26,35,33,26,27,28,20,19,
283.000000,238.000000,0.104955,52563688.000000,0.412353,0,1
52,55,58,69,69,69,86,86,
284.000000,241.000000,0.091272,154499904.000000,0.617832,0,1
87,86,95,68,81,93,66,64,
320.000000,243.000000,0.084880,28992600.000000,0.297230,0,1
76,75,74,68,69,68,64,60,
322.000000,248.000000,0.090624,74378632.000000,0.690219,0,1
61,65,66,55,60,62,45,42,
759.000000,133.000000,0.056003,104659360.000000,0.813782,0,1
114,114,106,55,57,54,24,17,
760.000000,133.000000,0.044649,23295728.000000,0.402070,0,1
115,113,103,56,55,53,23,17,
619.000000,144.000000,0.043082,2827417088.000000,0.230121,0,1
119,175,92,202,130,82,188,134,
755.000000,165.000000,0.056799,1425384320.000000,1.055244,0,1
29,27,36,32,37,45,42,38,
755.000000,174.000000,0.056488,724155456.000000,1.055472,0,1
43,47,55,40,44,48,34,38,
751.000000,179.000000,0.056709,106204224.000000,0.492497,0,1
45,50,39,54,48,36,58,54,
728.000000,215.000000,0.080523,93292816.000000,1.245169,0,1
95,84,90,84,87,95,102,79,
729.000000,217.000000,0.080425,24853108.000000,0.631571,0,1
91,104,106,76,81,84,62,54,
743.000000,217.000000,0.080182,32271426.000000,0.647705,0,1
130,127,136,99,104,108,83,77,
304.000000,234.000000,0.085829,32499372.000000,0.314367,0,1
87,100,94,74,73,72,66,63,
513.000000,224.000000,0.092400,15495297.000000,0.162453,0,1
88,77,83,84,92,100,98,105,
426.000000,224.000000,0.079826,36185896.000000,0.164714,0,1
100,117,107,95,95,88,84,77,
279.000000,221.000000,0.078633,38643892.000000,0.319793,0,1
116,117,118,99,101,101,88,82,
520.000000,139.000000,0.033435,70278800.000000,0.050388,0,1
255,238,254,185,226,255,150,157,
654.000000,178.000000,0.040114,161709328.000000,0.133214,0,1
184,159,168,103,135,106,85,81,
324.000000,134.000000,0.030885,110529264.000000,0.046701,0,1
53,56,123,68,182,234,102,218,
704.000000,134.000000,0.030085,102743600.000000,0.414757,0,1
94,95,90,67,64,58,30,25,
185.000000,135.000000,0.044648,81357696.000000,0.729096,0,1
27,28,28,30,31,30,52,150,
355.000000,142.000000,0.030272,1711271.500000,0.045968,0,1
255,255,255,247,242,253,218,228,
365.000000,143.000000,0.033327,11926832.000000,0.050331,0,1
255,253,255,255,238,243,233,181,
467.000000,143.000000,0.028909,5258066.000000,0.044279,0,1
245,221,255,244,241,255,245,255,
584.000000,144.000000,0.031870,394072416.000000,0.068655,0,1
176,169,255,126,255,255,237,255,
419.000000,149.000000,0.151024,11005342.000000,0.227600,0,1
248,255,243,255,234,235,248,246,
673.000000,151.000000,0.054883,389921280.000000,0.192740,0,1
57,81,36,98,63,29,94,65,
728.000000,153.000000,0.054806,3187060224.000000,0.945910,0,1
28,36,27,43,32,28,44,38,
716.000000,157.000000,0.050316,7848884736.000000,0.858705,0,1
69,70,54,73,59,50,70,63,
212.000000,160.000000,0.055958,1033622464.000000,0.310440,0,1
77,54,84,42,79,105,52,60,
716.000000,162.000000,0.050504,3099287808.000000,0.659928,0,1
67,82,61,80,68,53,65,60,
487.000000,163.000000,0.033896,63495456.000000,0.051451,0,1
209,171,255,115,145,204,88,124,
186.000000,167.000000,0.035224,470357184.000000,0.106285,0,1
246,195,255,122,216,210,116,121,
716.000000,173.000000,0.050575,5799934976.000000,0.866199,0,1
35,60,37,75,55,36,72,57,
720.000000,173.000000,0.064917,2090947840.000000,1.036547,0,1
33,31,39,36,44,46,40,52,
61.000000,174.000000,0.033770,1474428160.000000,0.346280,0,1
87,76,77,100,132,111,130,123,
527.000000,175.000000,0.037670,26943480.000000,0.056769,0,1
255,255,255,254,255,251,200,90,
705.000000,175.000000,0.049636,850328768.000000,0.374457,0,1
81,89,60,103,84,50,128,110,
271.000000,176.000000,0.018522,123162488.000000,0.035487,0,1
93,101,108,95,151,140,139,141,
599.000000,176.000000,0.036539,294491424.000000,0.087831,0,1
253,246,176,247,195,123,149,168,
185.000000,178.000000,0.035731,222323968.000000,0.119673,0,1
253,255,204,227,209,119,155,118,
244.000000,178.000000,0.036733,1381187200.000000,0.184825,0,1
108,63,137,78,155,159,100,141,
720.000000,178.000000,0.064622,2890403328.000000,1.035951,0,1
51,46,55,50,62,62,54,63,
354.000000,183.000000,0.041761,84107208.000000,0.064813,0,1
98,134,80,156,153,70,216,235,
673.000000,184.000000,0.055775,681384384.000000,0.371540,0,1
74,100,53,100,71,45,66,62,
716.000000,184.000000,0.050839,10106326016.000000,0.874689,0,1
70,92,56,95,70,50,88,66,
487.000000,185.000000,0.040818,16180875.000000,0.061514,0,1
244,250,255,214,233,255,192,175,
655.000000,186.000000,0.041199,58337452.000000,0.200988,0,1
128,98,86,139,116,90,138,112,
720.000000,196.000000,0.064688,2341316608.000000,1.047148,0,1
42,42,50,40,58,57,49,65,
697.000000,202.000000,0.064607,850505152.000000,0.976228,0,1
44,60,63,94,94,95,121,102,
552.000000,207.000000,0.056899,26688106.000000,0.218069,0,1
125,115,120,72,88,114,71,66,
301.000000,219.000000,0.078502,17605744.000000,0.280567,0,1
90,99,101,107,108,108,122,126,
524.000000,219.000000,0.079425,13708944.000000,0.254907,0,1
87,106,108,93,94,100,80,84,
536.000000,220.000000,0.080962,14766411.000000,0.279527,0,1
112,114,115,95,104,109,84,87,
221.000000,221.000000,0.065402,19117100.000000,0.188716,0,1
121,117,121,101,104,110,85,83,
423.000000,222.000000,0.089172,36220060.000000,0.285670,0,1
98,104,93,113,107,103,122,96,
424.000000,222.000000,0.084436,8553754.000000,0.175327,0,1
94,97,96,115,101,100,123,95,
406.000000,223.000000,0.079980,24566184.000000,0.165701,0,1
111,128,134,109,110,108,100,94,
414.000000,223.000000,0.080364,27972988.000000,0.164511,0,1
103,124,124,113,111,115,93,88,
423.000000,224.000000,0.080195,37174448.000000,0.165720,0,1
107,122,118,95,96,96,89,78,
432.000000,224.000000,0.076549,98088760.000000,0.342182,0,1
89,100,98,89,91,90,80,75,
510.000000,224.000000,0.095002,6907815.500000,0.165131,0,1
77,78,73,83,82,83,95,103,
541.000000,224.000000,0.071372,75550472.000000,0.541015,0,1
83,85,83,79,74,77,74,70,
501.000000,225.000000,0.076342,128465208.000000,0.451427,0,1
84,88,85,84,82,80,75,69,
278.000000,226.000000,0.083020,25311392.000000,0.341736,0,1
95,102,99,85,90,90,77,66,
281.000000,226.000000,0.084943,46323804.000000,0.571473,0,1
96,98,91,90,87,89,75,70,
308.000000,226.000000,0.082323,16389124.000000,0.287883,0,1
114,107,109,97,93,93,81,85,
388.000000,226.000000,0.080842,9550656.000000,0.187703,0,1
101,96,98,91,87,88,79,78,
448.000000,226.000000,0.081369,177312112.000000,0.370529,0,1
88,92,91,78,81,82,70,67,
267.000000,228.000000,0.066341,62535520.000000,0.525385,0,1
79,77,80,71,71,68,61,59,
528.000000,229.000000,0.056132,9621930.000000,0.204071,0,1
91,92,91,81,79,80,72,83,
380.000000,231.000000,0.075913,9269440.000000,0.188179,0,1
77,83,78,77,78,73,69,67,
387.000000,232.000000,0.085997,139980448.000000,0.441321,0,1
78,75,74,65,64,68,62,58,
459.000000,232.000000,0.088895,2058207.500000,0.136074,0,1
52,58,47,68,57,51,63,63,
521.000000,232.000000,0.048100,40409048.000000,0.174893,0,1
87,88,91,73,76,78,68,65,
231.000000,233.000000,0.086428,265700016.000000,0.985695,0,1
68,62,67,55,61,67,51,53,
509.000000,233.000000,0.066323,222222448.000000,0.355965,0,1
80,72,75,65,67,70,59,58,
333.000000,235.000000,0.089273,5872674.500000,0.208751,0,1
76,70,74,57,61,65,54,54,
336.000000,235.000000,0.084435,3940580.250000,0.202657,0,1
79,75,80,63,66,69,55,61,
359.000000,235.000000,0.042404,47326820.000000,0.131147,0,1
72,70,69,62,66,64,61,55,
560.000000,239.000000,0.066343,151815136.000000,0.604539,0,1
44,45,39,38,37,35,31,28,
452.000000,240.000000,0.090156,765707.500000,0.135868,0,1
52,53,54,46,49,53,42,41,
556.000000,240.000000,0.064808,86572904.000000,0.586724,0,1
47,41,38,33,33,31,33,30,
560.000000,240.000000,0.063410,80225304.000000,0.589613,0,1
42,37,35,31,29,27,29,28,
420.000000,241.000000,0.087921,1552898.875000,0.132983,0,1
50,52,50,49,46,43,41,36,
271.000000,243.000000,0.067779,3846980.250000,0.250932,0,1
54,56,60,46,50,53,43,43,
272.000000,243.000000,0.070903,3895800.500000,0.250398,0,1
55,58,60,48,52,54,44,45,
518.000000,247.000000,0.090163,38197632.000000,0.617569,0,1
48,46,45,39,39,43,35,29,
319.000000,248.000000,0.062097,3527317.500000,0.148855,0,1
61,58,64,48,53,56,43,41,
510.000000,248.000000,0.091379,79603880.000000,0.485204,0,1
43,40,40,33,34,36,28,24,
533.000000,248.000000,0.077251,66881396.000000,0.610435,0,1
45,40,38,33,32,31,28,25,
329.000000,249.000000,0.091402,157302224.000000,0.516527,0,1
52,56,54,52,50,49,42,38,
513.000000,249.000000,0.091202,43864352.000000,0.494187,0,1
40,36,36,29,30,29,25,24,
370.000000,256.000000,0.073126,2357067.000000,0.402738,0,1
30,27,27,25,24,24,22,19,
444.000000,256.000000,0.054240,14426534.000000,0.382400,0,1
25,24,24,21,21,22,18,18,
462.000000,256.000000,0.101059,2104857.750000,0.293875,0,1
27,25,26,22,22,22,21,19,
480.000000,260.000000,0.089046,348741.781250,0.312598,0,1
19,18,17,16,16,15,14,13,
544.000000,260.000000,0.061964,10014332.000000,0.587079,0,1
18,18,17,16,15,13,15,14,
540.000000,264.000000,0.058619,1691354.250000,0.571910,0,1
18,19,16,20,17,14,19,19,
710.000000,217.000000,0.080694,76663208.000000,1.180251,0,1
59,60,66,50,52,54,40,36,
456.000000,163.000000,0.033884,53291600.000000,0.051065,0,1
246,161,255,101,131,212,91,169,
503.000000,143.000000,0.036748,529530144.000000,0.086672,0,1
225,255,126,255,197,141,255,160,
503.000000,145.000000,0.036212,525812864.000000,0.085285,0,1
197,255,111,255,160,129,233,187,
452.000000,184.000000,0.042650,152844512.000000,0.064276,0,1
103,120,227,212,164,235,188,189,
683.000000,120.000000,0.056741,68979328.000000,0.702288,0,1
9,10,12,12,17,17,18,28,
678.000000,126.000000,0.056798,341707040.000000,0.814629,0,1
10,8,21,8,16,30,18,29,
402.000000,132.000000,0.045629,14688094.000000,0.069249,0,1
43,55,56,120,124,129,223,255,
421.000000,132.000000,0.045552,13525822.000000,0.016901,0,1
51,69,71,150,151,155,235,255,
431.000000,132.000000,0.045513,14189503.000000,0.024946,0,1
52,73,72,164,166,168,243,255,
436.000000,132.000000,0.055571,11033973.000000,0.036456,0,1
51,70,61,169,117,126,243,253,
440.000000,132.000000,0.043654,10643863.000000,0.033055,0,1
51,70,71,126,178,183,247,255,
535.000000,136.000000,0.035532,100239896.000000,0.115333,0,1
125,140,129,231,178,183,235,254,
263.000000,137.000000,0.035601,198837328.000000,0.146993,0,1
192,255,248,247,175,181,138,108,
685.000000,140.000000,0.056379,1096696320.000000,0.831231,0,1
33,43,25,46,33,22,42,32,
584.000000,142.000000,0.031860,1098993664.000000,0.144400,0,1
115,87,165,72,176,247,169,255,
688.000000,142.000000,0.057120,650066560.000000,0.718000,0,1
26,23,39,26,28,35,36,40,
698.000000,151.000000,0.059520,708914048.000000,0.785652,0,1
35,28,57,30,38,68,29,42,
463.000000,152.000000,0.039088,11345367.000000,0.050783,0,1
255,255,254,220,189,177,120,171,
466.000000,152.000000,0.038163,44062168.000000,0.052543,0,1
255,253,252,181,179,125,107,160,
536.000000,153.000000,0.034403,479406208.000000,0.112153,0,1
143,125,181,154,173,184,212,255,
478.000000,154.000000,0.034156,8975762.000000,0.058171,0,1
117,107,130,181,176,166,238,255,
443.000000,155.000000,0.029934,12800641.000000,0.023234,0,1
189,138,139,187,190,191,254,255,
385.000000,159.000000,0.033289,207528832.000000,0.050476,0,1
174,114,244,108,174,255,111,180,
632.000000,159.000000,0.039157,813446400.000000,0.517014,0,1
98,103,84,91,83,71,72,70,
695.000000,159.000000,0.059788,939535488.000000,0.490260,0,1
52,63,40,60,56,34,68,50,
705.000000,159.000000,0.048003,1080421120.000000,0.617389,0,1
71,85,60,93,77,52,94,86,
516.000000,160.000000,0.034154,144183680.000000,0.093438,0,1
255,255,255,255,198,106,140,82,
695.000000,160.000000,0.058041,610935552.000000,0.884175,0,1
54,66,41,62,58,35,59,50,
705.000000,161.000000,0.048002,948935872.000000,0.617625,0,1
77,94,67,98,86,67,70,69,
471.000000,163.000000,0.037309,42600216.000000,0.059041,0,1
255,255,255,171,162,157,91,80,
475.000000,163.000000,0.037515,34944068.000000,0.063451,0,1
255,255,248,157,153,148,85,82,
356.000000,165.000000,0.045152,99464888.000000,0.080016,0,1
255,226,236,134,112,147,68,74,
320.000000,167.000000,0.033874,688843584.000000,0.099005,0,1
137,138,92,186,121,65,221,123,
662.000000,167.000000,0.041935,842995264.000000,0.289657,0,1
84,111,76,165,153,92,171,161,
359.000000,168.000000,0.037034,45061332.000000,0.063549,0,1
235,197,205,92,106,105,85,81,
248.000000,169.000000,0.044020,1518209792.000000,0.212848,0,1
29,103,30,183,101,27,104,65,
277.000000,169.000000,0.036051,699483840.000000,0.137402,0,1
82,93,233,71,189,246,98,157,
536.000000,176.000000,0.037094,242721888.000000,0.126603,0,1
255,245,242,136,135,182,78,73,
182.000000,178.000000,0.036918,855132032.000000,0.234389,0,1
254,195,252,120,183,239,107,116,
506.000000,180.000000,0.036655,59117584.000000,0.096709,0,1
90,84,93,138,147,155,235,255,
39.000000,181.000000,0.035772,536669056.000000,0.528097,0,1
70,66,81,65,79,92,90,70,
317.000000,181.000000,0.036260,190305680.000000,0.103753,0,1
255,240,236,126,123,124,87,131,
467.000000,181.000000,0.036277,115837344.000000,0.062169,0,1
93,114,115,178,179,181,239,255,
488.000000,181.000000,0.036427,239417808.000000,0.080190,0,1
100,116,137,166,207,228,190,255,
568.000000,181.000000,0.041484,188423072.000000,0.179506,0,1
135,141,147,213,216,224,252,231,
484.000000,182.000000,0.040369,138889200.000000,0.086450,0,1
124,133,172,154,135,216,233,234,
392.000000,183.000000,0.035022,102818112.000000,0.043877,0,1
93,118,117,189,196,199,255,238,
274.000000,184.000000,0.041797,93951960.000000,0.168823,0,1
67,103,87,158,147,140,218,234,
320.000000,184.000000,0.040873,118315704.000000,0.116586,0,1
82,98,125,159,164,175,255,247,
331.000000,184.000000,0.039196,173495376.000000,0.101030,0,1
109,127,130,176,180,180,250,239,
340.000000,184.000000,0.036243,66333344.000000,0.086140,0,1
84,131,119,187,193,200,255,243,
682.000000,186.000000,0.056204,141859712.000000,0.839337,0,1
32,32,40,20,31,37,15,24,
695.000000,191.000000,0.058739,528919936.000000,0.774418,0,1
34,45,32,59,54,23,53,50,
700.000000,191.000000,0.054103,224985376.000000,0.714837,0,1
53,33,41,33,52,48,60,60,
689.000000,192.000000,0.056454,2073785088.000000,0.868168,0,1
26,24,41,21,32,45,35,40,
681.000000,195.000000,0.057740,135340112.000000,0.852064,0,1
35,46,45,32,35,35,29,35,
554.000000,208.000000,0.047362,9290116.000000,0.216351,0,1
116,98,115,70,86,107,67,64,
304.000000,217.000000,0.073934,46191032.000000,0.445593,0,1
89,85,87,91,93,95,106,112,
363.000000,218.000000,0.075757,131743376.000000,0.311516,0,1
89,96,90,112,111,104,116,118,
434.000000,218.000000,0.079299,15512155.000000,0.186549,0,1
92,95,102,84,92,101,81,91,
452.000000,218.000000,0.081061,29808940.000000,0.269971,0,1
74,82,72,98,87,79,100,101,
285.000000,221.000000,0.076742,55726072.000000,0.357111,0,1
110,116,118,97,100,100,90,86,
319.000000,221.000000,0.077298,69466104.000000,0.292205,0,1
131,144,146,122,125,124,117,111,
320.000000,221.000000,0.077902,81978360.000000,0.292922,0,1
133,147,141,123,124,125,116,109,
444.000000,221.000000,0.077527,71916288.000000,0.266856,0,1
112,116,109,109,105,104,95,87,
399.000000,223.000000,0.079617,55576516.000000,0.198844,0,1
112,116,122,102,106,108,93,87,
351.000000,224.000000,0.080935,67215512.000000,0.372612,0,1
119,110,105,92,92,95,89,88,
415.000000,224.000000,0.079271,83715024.000000,0.195867,0,1
124,111,115,93,92,95,88,83,
240.000000,226.000000,0.072706,124924960.000000,0.850658,0,1
77,75,75,62,63,63,54,65,
302.000000,226.000000,0.073784,82716600.000000,0.470355,0,1
103,99,100,91,92,93,82,82,
530.000000,233.000000,0.049813,37926516.000000,0.203887,0,1
82,86,84,69,68,71,66,61,
537.000000,234.000000,0.051348,45503108.000000,0.220146,0,1
67,70,66,62,56,51,57,55,
221.000000,236.000000,0.064974,63333260.000000,0.647154,0,1
54,49,49,41,44,43,37,36,
308.000000,240.000000,0.028866,12840233.000000,0.110630,0,1
76,72,80,65,69,69,62,61,
220.000000,242.000000,0.063120,28215066.000000,0.401295,0,1
40,38,41,33,35,36,29,26,
478.000000,246.000000,0.042079,824510.687500,0.436832,0,1
42,42,42,41,39,39,35,32,
486.000000,246.000000,0.045106,954170.562500,0.443148,0,1
38,43,42,36,36,35,31,31,
364.000000,254.000000,0.063358,16627989.000000,0.495636,0,1
33,32,33,30,30,30,25,24,
318.000000,256.000000,0.073536,5375686.000000,0.522294,0,1
36,32,33,28,29,30,25,23,
320.000000,256.000000,0.069028,15607752.000000,0.610373,0,1
37,33,33,29,30,30,26,23,
346.000000,256.000000,0.062993,15529110.000000,0.536325,0,1
32,29,29,27,27,26,23,21,
354.000000,256.000000,0.063656,11779351.000000,0.531290,0,1
31,29,28,27,27,27,22,20,
372.000000,133.000000,0.051699,14182391.000000,0.077911,0,1
50,78,84,172,181,182,255,255,
504.000000,141.000000,0.036429,265074336.000000,0.087018,0,1
255,255,251,255,169,216,199,119,
582.000000,144.000000,0.032277,1577554688.000000,0.144668,0,1
72,78,169,94,126,255,104,196,
364.000000,145.000000,0.033656,94699504.000000,0.050798,0,1
240,255,203,255,212,194,245,238,
316.000000,149.000000,0.036955,337585344.000000,0.100451,0,1
197,246,205,220,177,142,218,247,
505.000000,150.000000,0.035663,325580352.000000,0.086168,0,1
104,121,123,179,202,157,227,253,
633.000000,150.000000,0.038885,3914535168.000000,0.387029,0,1
108,144,83,165,120,80,113,93,
301.000000,169.000000,0.033725,374239776.000000,0.153725,0,1
125,140,223,105,175,228,132,175,
420.000000,120.000000,0.022631,397578.562500,0.087451,0,1
24,24,24,26,26,26,29,31,
322.000000,124.000000,0.058362,107643720.000000,0.417971,0,1
19,21,21,22,25,25,26,31,
195.000000,126.000000,0.057490,125427992.000000,0.958894,0,1
11,12,12,16,19,14,24,28,
462.000000,127.000000,0.062093,630221504.000000,0.316916,0,1
32,35,36,42,45,41,153,251,
464.000000,128.000000,0.061551,1008764032.000000,0.220726,0,1
34,43,38,145,88,46,251,225,
664.000000,130.000000,0.055779,2009303808.000000,0.915724,0,1
34,68,48,92,78,52,82,88,
532.000000,131.000000,0.035100,1572586112.000000,0.323021,0,1
57,89,72,200,179,122,255,252,
617.000000,134.000000,0.043597,17883611136.000000,0.733752,0,1
85,155,71,255,158,72,253,184,
628.000000,134.000000,0.044027,19090401280.000000,0.784983,0,1
92,49,168,43,156,249,54,103,
673.000000,134.000000,0.056095,5844675072.000000,0.956516,0,1
48,91,36,101,57,25,62,28,
672.000000,136.000000,0.056088,2158951680.000000,0.953202,0,1
92,70,42,37,33,22,32,31,
616.000000,137.000000,0.043384,7770213376.000000,0.724970,0,1
253,219,184,100,120,137,93,121,
248.000000,143.000000,0.044207,14079225856.000000,0.505961,0,1
40,150,29,255,52,28,180,46,
307.000000,143.000000,0.036660,4843413504.000000,0.208687,0,1
162,123,237,113,205,219,134,201,
231.000000,144.000000,0.034492,5181822464.000000,0.405991,0,1
88,143,184,168,216,237,237,217,
264.000000,144.000000,0.036729,4755432448.000000,0.293479,0,1
244,152,255,171,203,226,159,143,
573.000000,144.000000,0.028486,132897176.000000,0.334658,0,1
114,120,122,135,144,140,158,173,
640.000000,144.000000,0.038322,4721078784.000000,0.691678,0,1
88,74,106,62,97,127,73,90,
281.000000,145.000000,0.036732,1839855488.000000,0.318769,0,1
247,251,243,237,227,197,205,166,
557.000000,146.000000,0.024455,4856085504.000000,0.251499,0,1
184,192,144,161,152,108,149,130,
222.000000,147.000000,0.036495,1439163520.000000,0.456833,0,1
254,249,255,184,187,255,129,132,
434.000000,150.000000,0.035229,188372176.000000,0.070146,0,1
219,166,245,227,197,181,161,167,
560.000000,150.000000,0.024937,3132641792.000000,0.262895,0,1
114,103,133,112,120,159,100,123,
53.000000,151.000000,0.033999,849731328.000000,0.630708,0,1
89,75,96,72,91,101,74,90,
124.000000,151.000000,0.035497,4036954112.000000,0.405970,0,1
162,180,249,126,173,231,123,116,
371.000000,151.000000,0.035245,344072352.000000,0.090634,0,1
173,221,150,245,218,155,221,151,
515.000000,151.000000,0.035783,759166272.000000,0.284085,0,1
101,114,90,140,76,67,140,197,
665.000000,151.000000,0.041274,5426250752.000000,0.850612,0,1
50,59,89,73,84,114,77,101,
248.000000,152.000000,0.044274,3975866368.000000,0.508050,0,1
42,109,28,168,53,28,113,40,
263.000000,152.000000,0.036524,1984769152.000000,0.360726,0,1
240,202,205,117,152,121,71,64,
453.000000,152.000000,0.028041,92437624.000000,0.045871,0,1
255,148,255,117,224,255,103,163,
518.000000,152.000000,0.035828,1143065856.000000,0.292850,0,1
88,67,133,146,151,204,227,255,
365.000000,154.000000,0.036177,359738944.000000,0.110139,0,1
219,177,200,99,142,110,102,151,
535.000000,154.000000,0.034321,6881958400.000000,0.321709,0,1
125,154,173,162,212,253,150,209,
619.000000,154.000000,0.043712,14533667840.000000,0.744606,0,1
132,190,101,196,138,85,183,123,
628.000000,154.000000,0.044292,2426755328.000000,0.792176,0,1
87,55,96,53,82,109,59,85,
354.000000,155.000000,0.036386,295649888.000000,0.138538,0,1
212,183,154,146,110,97,126,174,
655.000000,155.000000,0.040203,11718963200.000000,0.788151,0,1
119,146,89,154,148,103,168,156,
574.000000,156.000000,0.026027,234039200.000000,0.303532,0,1
216,211,211,192,197,200,189,194,
218.000000,157.000000,0.036488,2000465152.000000,0.467503,0,1
153,168,183,98,120,139,60,106,
563.000000,157.000000,0.024542,1126857472.000000,0.264131,0,1
171,151,177,123,153,175,128,154,
615.000000,157.000000,0.039065,4827531264.000000,0.331562,0,1
192,233,142,255,194,172,245,191,
581.000000,158.000000,0.032610,4668270080.000000,0.415993,0,1
117,115,186,162,148,169,228,254,
669.000000,158.000000,0.043118,7406479872.000000,0.671181,0,1
193,208,169,194,198,127,156,151,
148.000000,159.000000,0.034722,9152138240.000000,0.590375,0,1
186,144,166,100,142,209,113,172,
155.000000,159.000000,0.036447,20741181440.000000,0.611322,0,1
246,193,218,217,170,149,233,162,
160.000000,159.000000,0.035892,3448044288.000000,0.480534,0,1
254,173,141,160,99,81,155,121,
148.000000,160.000000,0.034662,13152405504.000000,0.589298,0,1
151,108,190,104,149,234,157,160,
248.000000,160.000000,0.043940,4584468480.000000,0.505264,0,1
42,84,27,108,59,27,93,38,
385.000000,161.000000,0.036223,130774008.000000,0.049274,0,1
174,111,243,120,180,255,110,148,
307.000000,162.000000,0.025614,1774187008.000000,0.167869,0,1
98,79,136,86,107,159,76,95,
502.000000,162.000000,0.035289,2431899392.000000,0.248797,0,1
255,252,185,243,146,104,125,87,
119.000000,164.000000,0.036123,5139949568.000000,0.684706,0,1
118,95,149,69,120,153,90,92,
619.000000,164.000000,0.043697,6973009920.000000,0.747136,0,1
53,108,52,155,110,62,139,117,
52.000000,165.000000,0.034037,1373648128.000000,0.946870,0,1
72,73,84,58,64,91,53,56,
257.000000,165.000000,0.043938,4589040128.000000,0.506956,0,1
98,41,128,30,80,99,31,32,
432.000000,166.000000,0.037633,201345472.000000,0.064161,0,1
177,197,114,255,220,160,255,180,
655.000000,166.000000,0.040281,1194410752.000000,0.415289,0,1
83,82,65,115,109,81,129,123,
399.000000,168.000000,0.032813,220931904.000000,0.059274,0,1
103,94,213,89,101,241,91,100,
516.000000,168.000000,0.035465,988293440.000000,0.290173,0,1
95,102,106,175,190,126,252,255,
637.000000,168.000000,0.038887,1829998720.000000,0.699799,0,1
62,81,56,74,60,58,77,62,
578.000000,169.000000,0.031583,1891347968.000000,0.213697,0,1
144,202,115,200,147,108,182,145,
119.000000,170.000000,0.036481,612620352.000000,0.694598,0,1
88,71,87,65,77,78,50,71,
312.000000,170.000000,0.035532,1150856448.000000,0.242007,0,1
83,91,89,162,134,126,233,255,
440.000000,170.000000,0.034915,475947584.000000,0.105877,0,1
144,213,139,251,128,116,183,108,
503.000000,170.000000,0.035818,2620799744.000000,0.260995,0,1
104,162,66,175,128,54,140,120,
584.000000,170.000000,0.031196,3035260928.000000,0.404370,0,1
104,127,96,130,97,99,105,89,
655.000000,170.000000,0.039750,2397692928.000000,0.412496,0,1
123,147,102,175,172,125,184,176,
285.000000,171.000000,0.036451,3290200320.000000,0.314388,0,1
204,136,167,151,194,245,178,234,
558.000000,171.000000,0.024264,2605380096.000000,0.140581,0,1
136,211,91,235,139,103,237,152,
666.000000,171.000000,0.040957,14280231936.000000,0.623017,0,1
171,146,192,138,218,226,181,229,
309.000000,172.000000,0.036527,5260537856.000000,0.259060,0,1
121,102,236,89,175,255,108,177,
608.000000,172.000000,0.035325,954122304.000000,0.538809,0,1
113,130,111,154,152,149,239,197,
98.000000,173.000000,0.020443,247133136.000000,0.374557,0,1
54,53,49,64,67,55,88,80,
384.000000,173.000000,0.034885,59772324.000000,0.092626,0,1
73,97,70,110,81,87,112,81,
453.000000,173.000000,0.041927,327243168.000000,0.123199,0,1
228,89,232,70,178,253,75,79,
593.000000,173.000000,0.034832,14762452992.000000,0.488967,0,1
158,116,165,116,192,255,122,166,
238.000000,174.000000,0.033865,2021522816.000000,0.317395,0,1
44,48,46,110,106,51,124,113,
289.000000,174.000000,0.036005,2001974016.000000,0.246427,0,1
254,255,211,210,210,166,156,188,
369.000000,174.000000,0.033713,53649080.000000,0.073116,0,1
107,133,101,98,133,98,162,138,
462.000000,174.000000,0.036881,126360360.000000,0.122247,0,1
240,239,254,134,187,232,86,84,
351.000000,175.000000,0.034053,871265536.000000,0.125486,0,1
254,228,138,165,236,58,161,121,
381.000000,175.000000,0.035900,67166744.000000,0.104005,0,1
99,84,113,85,93,115,88,113,
416.000000,175.000000,0.036412,145532720.000000,0.086091,0,1
219,107,254,89,151,129,95,127,
533.000000,175.000000,0.037369,637512960.000000,0.362243,0,1
255,255,255,248,248,245,146,84,
618.000000,175.000000,0.043729,10890779648.000000,0.749214,0,1
186,176,139,115,149,79,87,68,
349.000000,176.000000,0.033828,864004672.000000,0.155338,0,1
161,100,234,71,131,168,85,114,
534.000000,176.000000,0.038162,294579520.000000,0.197890,0,1
255,248,245,146,136,135,84,74,
73.000000,177.000000,0.044210,1359787776.000000,1.018375,0,1
41,49,42,61,48,53,72,59,
238.000000,177.000000,0.033361,2007401216.000000,0.236107,0,1
108,117,85,133,102,57,145,110,
309.000000,177.000000,0.036628,5573116416.000000,0.263928,0,1
176,113,255,71,154,254,88,172,
170.000000,178.000000,0.044035,19631652864.000000,0.598568,0,1
115,210,71,244,141,77,239,147,
136.000000,181.000000,0.036262,14797068288.000000,0.655625,0,1
129,205,120,245,174,97,205,179,
229.000000,181.000000,0.034889,5014872064.000000,0.426445,0,1
158,179,120,179,126,77,104,61,
248.000000,181.000000,0.043390,3638995456.000000,0.508621,0,1
82,130,52,72,47,27,41,42,
324.000000,181.000000,0.038537,458575360.000000,0.152586,0,1
255,242,250,121,137,158,91,134,
63.000000,182.000000,0.033685,9656892416.000000,0.742318,0,1
115,121,80,137,118,65,138,126,
64.000000,182.000000,0.033675,13273492480.000000,0.907204,0,1
94,107,65,134,83,57,122,95,
408.000000,182.000000,0.033248,359784256.000000,0.090075,0,1
112,102,93,141,130,140,213,253,
54.000000,183.000000,0.033495,1986884352.000000,0.943641,0,1
64,54,70,50,59,76,50,65,
90.000000,183.000000,0.030649,11171905536.000000,0.615480,0,1
69,145,86,191,117,77,139,95,
156.000000,183.000000,0.036216,16064868352.000000,0.498603,0,1
209,131,237,97,179,246,101,109,
215.000000,183.000000,0.043192,187867760.000000,0.360889,0,1
252,222,222,113,127,118,63,76,
273.000000,183.000000,0.042127,707577280.000000,0.421569,0,1
93,67,67,98,103,87,158,218,
283.000000,183.000000,0.041029,520244000.000000,0.380578,0,1
102,65,70,76,89,97,144,223,
342.000000,183.000000,0.035054,373567840.000000,0.185446,0,1
94,83,103,118,131,140,197,255,
632.000000,183.000000,0.046372,644881536.000000,0.872708,0,1
88,63,77,74,75,85,142,165,
122.000000,184.000000,0.035575,8696295424.000000,0.671123,0,1
130,118,163,111,143,186,121,87,
156.000000,184.000000,0.036207,13222508544.000000,0.498782,0,1
189,119,230,84,141,180,91,105,
280.000000,184.000000,0.041274,771331200.000000,0.316806,0,1
78,103,76,144,124,144,216,237,
508.000000,184.000000,0.046421,578858816.000000,0.401017,0,1
255,247,242,220,215,214,201,179,
518.000000,184.000000,0.046182,412533824.000000,0.433646,0,1
255,247,248,218,215,218,199,182,
526.000000,184.000000,0.044504,553853376.000000,0.439838,0,1
255,251,245,223,221,216,203,183,
528.000000,184.000000,0.044602,437838976.000000,0.448058,0,1
250,245,236,221,216,215,200,180,
537.000000,184.000000,0.044014,1585958784.000000,0.470936,0,1
255,233,233,208,206,195,193,176,
544.000000,184.000000,0.043457,605948032.000000,0.356083,0,1
255,228,241,197,217,221,198,182,
659.000000,184.000000,0.039710,3286549504.000000,0.799276,0,1
87,71,81,88,138,118,117,89,
248.000000,185.000000,0.043355,6958609408.000000,0.511221,0,1
42,62,38,134,116,28,225,155,
459.000000,185.000000,0.048137,485640992.000000,0.254272,0,1
255,244,248,221,225,230,211,196,
471.000000,185.000000,0.047498,582433344.000000,0.287100,0,1
255,249,248,225,225,224,205,187,
497.000000,185.000000,0.046122,623678592.000000,0.360914,0,1
255,236,234,215,214,214,191,179,
555.000000,185.000000,0.042239,348775552.000000,0.505986,0,1
234,222,219,201,201,196,179,159,
565.000000,185.000000,0.043854,217849568.000000,0.566970,0,1
233,215,213,192,193,193,171,145,
400.000000,186.000000,0.048454,463674688.000000,0.163736,0,1
254,240,240,204,211,210,188,175,
412.000000,186.000000,0.049754,369371488.000000,0.169388,0,1
255,245,246,215,219,221,201,183,
614.000000,186.000000,0.047760,391721952.000000,0.836220,0,1
185,201,202,180,182,181,159,142,
416.000000,187.000000,0.049622,198213184.000000,0.175350,0,1
247,224,229,203,213,215,188,180,
598.000000,187.000000,0.047172,514110848.000000,0.758289,0,1
198,166,165,137,142,152,138,129,
170.000000,188.000000,0.043691,12994414592.000000,0.741016,0,1
72,95,57,203,161,98,219,179,
198.000000,188.000000,0.056810,11571590144.000000,0.748032,0,1
60,175,30,236,108,20,153,80,
370.000000,188.000000,0.049598,301570848.000000,0.224616,0,1
255,251,224,234,199,183,173,163,
641.000000,188.000000,0.051394,636192960.000000,1.053939,0,1
123,119,117,98,102,104,81,75,
476.000000,190.000000,0.046051,124523136.000000,0.300674,0,1
172,172,170,173,166,161,150,142,
78.000000,191.000000,0.044162,9348075520.000000,1.009227,0,1
73,81,91,81,139,174,145,157,
447.000000,191.000000,0.051053,104503248.000000,0.256881,0,1
169,167,161,161,155,152,145,132,
75.000000,192.000000,0.043828,11620921344.000000,1.007758,0,1
70,130,81,191,142,145,148,134,
174.000000,192.000000,0.046249,256283232.000000,0.789868,0,1
184,169,173,153,154,154,139,133,
213.000000,192.000000,0.055619,12912865280.000000,0.867733,0,1
94,54,122,44,76,132,50,68,
300.000000,192.000000,0.049125,168519872.000000,0.439547,0,1
170,164,171,158,152,146,140,130,
328.000000,192.000000,0.050284,59568868.000000,0.361467,0,1
170,163,159,156,156,150,145,134,
353.000000,192.000000,0.051277,72310176.000000,0.293369,0,1
173,165,167,159,156,145,146,142,
400.000000,192.000000,0.052138,78689896.000000,0.206284,0,1
158,142,156,132,136,142,125,125,
415.000000,192.000000,0.053860,71722056.000000,0.217749,0,1
171,160,170,148,154,162,142,143,
426.000000,192.000000,0.052925,114250880.000000,0.225649,0,1
170,173,167,172,169,156,157,146,
445.000000,192.000000,0.052821,79988488.000000,0.267371,0,1
168,158,159,143,148,141,138,128,
455.000000,192.000000,0.053251,65080820.000000,0.300325,0,1
169,156,163,137,145,148,138,133,
498.000000,192.000000,0.050461,127647984.000000,0.425452,0,1
157,141,143,126,126,135,119,120,
511.000000,192.000000,0.051452,57456964.000000,0.488514,0,1
146,134,141,127,127,127,119,111,
531.000000,192.000000,0.048805,92245976.000000,0.529456,0,1
145,136,130,127,126,117,113,110,
589.000000,192.000000,0.051691,227116672.000000,0.826741,0,1
127,112,118,105,106,107,94,86,
665.000000,192.000000,0.041649,907609472.000000,0.877056,0,1
140,97,136,86,105,116,98,92,
674.000000,192.000000,0.054762,1458107392.000000,0.954584,0,1
52,59,38,73,43,32,69,56,
311.000000,193.000000,0.052091,260244800.000000,0.440134,0,1
155,148,146,130,134,133,123,127,
343.000000,193.000000,0.049855,65484236.000000,0.313351,0,1
166,158,157,149,149,148,136,135,
372.000000,193.000000,0.051014,56460512.000000,0.244964,0,1
160,159,156,150,146,145,131,123,
377.000000,193.000000,0.052265,93159360.000000,0.242468,0,1
162,156,157,145,139,138,123,120,
459.000000,193.000000,0.053894,241007152.000000,0.321827,0,1
167,156,161,136,142,140,121,105,
474.000000,193.000000,0.049925,85102664.000000,0.336302,0,1
152,145,143,140,135,135,124,118,
363.000000,194.000000,0.052895,90998808.000000,0.283940,0,1
167,156,148,141,137,134,129,126,
464.000000,194.000000,0.054935,206229760.000000,0.351451,0,1
147,138,141,121,131,131,104,116,
597.000000,194.000000,0.051489,171474848.000000,0.860367,0,1
99,92,92,81,78,77,74,71,
224.000000,195.000000,0.053511,173800880.000000,0.783303,0,1
135,129,128,112,113,112,99,94,
491.000000,195.000000,0.056158,248103904.000000,0.473286,0,1
125,125,128,123,114,114,108,103,
566.000000,195.000000,0.042377,74015112.000000,0.554571,0,1
109,102,106,91,91,90,84,87,
612.000000,195.000000,0.041875,234766080.000000,0.699989,0,1
97,92,87,83,81,75,77,75,
216.000000,196.000000,0.055189,1457494272.000000,0.850984,0,1
123,110,109,75,90,93,72,77,
286.000000,196.000000,0.055653,329383968.000000,0.586236,0,1
121,114,122,111,132,159,143,116,
290.000000,196.000000,0.056348,202663440.000000,0.581096,0,1
129,143,138,159,136,117,133,112,
417.000000,199.000000,0.061531,238405376.000000,0.304529,0,1
136,152,153,142,144,149,128,123,
402.000000,200.000000,0.062025,304704064.000000,0.308649,0,1
121,132,132,126,121,114,107,98,
415.000000,200.000000,0.062382,172264672.000000,0.314546,0,1
145,137,142,119,123,127,113,108,
539.000000,200.000000,0.060186,143750960.000000,0.379973,0,1
126,153,147,98,134,142,82,75,
673.000000,200.000000,0.046060,261945376.000000,0.756348,0,1
63,72,56,80,68,60,79,82,
361.000000,201.000000,0.066076,139982304.000000,0.435925,0,1
121,125,119,116,109,112,104,99,
397.000000,201.000000,0.062714,260284896.000000,0.322512,0,1
111,109,115,100,96,95,96,93,
440.000000,201.000000,0.064626,257953792.000000,0.388913,0,1
123,122,119,120,117,104,106,94,
437.000000,202.000000,0.064012,405938496.000000,0.379590,0,1
114,120,120,113,113,106,101,96,
349.000000,203.000000,0.066156,176885872.000000,0.490737,0,1
119,121,116,107,110,106,101,109,
262.000000,206.000000,0.046539,309756896.000000,0.542930,0,1
80,74,79,70,82,89,77,87,
279.000000,206.000000,0.064845,43029412.000000,0.613114,0,1
92,85,85,89,93,100,100,103,
198.000000,207.000000,0.056484,3399346688.000000,0.965745,0,1
58,68,45,75,55,39,64,51,
375.000000,207.000000,0.066102,82703488.000000,0.423510,0,1
102,100,108,112,110,115,124,132,
430.000000,207.000000,0.069028,300213952.000000,0.439365,0,1
114,117,110,108,108,98,98,99,
239.000000,208.000000,0.066849,435997696.000000,1.040976,0,1
108,119,109,141,125,107,149,132,
283.000000,208.000000,0.067647,40111012.000000,0.653068,0,1
104,109,112,108,94,88,94,95,
614.000000,208.000000,0.039799,204884704.000000,0.672447,0,1
53,56,45,65,53,46,63,53,
670.000000,208.000000,0.053622,35153260.000000,0.939602,0,1
58,52,54,48,49,49,43,39,
301.000000,209.000000,0.070405,104914136.000000,0.606574,0,1
97,96,92,105,109,106,117,111,
216.000000,210.000000,0.054779,707744000.000000,0.860390,0,1
79,77,97,73,103,127,105,121,
341.000000,210.000000,0.068281,416792000.000000,0.580770,0,1
100,107,108,122,128,126,142,139,
214.000000,211.000000,0.055143,2781056768.000000,0.877672,0,1
68,59,88,54,87,120,69,90,
349.000000,212.000000,0.071893,400566176.000000,0.607613,0,1
135,144,130,139,117,106,108,93,
359.000000,212.000000,0.071242,877339072.000000,0.559739,0,1
138,129,131,100,103,114,81,79,
409.000000,212.000000,0.073510,588893440.000000,0.492261,0,1
102,118,111,112,109,99,91,89,
442.000000,214.000000,0.075402,66629140.000000,0.412575,0,1
83,81,87,83,88,97,101,105,
512.000000,214.000000,0.076375,40797524.000000,0.455705,0,1
83,81,80,95,92,87,104,92,
322.000000,215.000000,0.068378,70943464.000000,0.371179,0,1
85,99,98,107,111,109,121,126,
405.000000,215.000000,0.075593,115936208.000000,0.383858,0,1
95,100,93,117,109,108,123,117,
368.000000,217.000000,0.078505,77070592.000000,0.400212,0,1
81,84,89,92,95,98,111,116,
482.000000,218.000000,0.075514,38750676.000000,0.373739,0,1
89,91,85,76,79,76,69,66,
198.000000,219.000000,0.057101,929166208.000000,0.998919,0,1
62,78,51,93,70,40,83,61,
214.000000,219.000000,0.055130,4024225792.000000,0.889735,0,1
78,64,89,50,79,101,60,68,
332.000000,223.000000,0.080424,152551872.000000,0.454183,0,1
121,109,112,96,96,96,86,81,
342.000000,223.000000,0.079116,140969584.000000,0.415223,0,1
138,129,129,111,110,110,90,87,
345.000000,223.000000,0.077872,111315600.000000,0.398808,0,1
135,126,120,110,109,105,89,88,
361.000000,224.000000,0.074787,78450480.000000,0.463716,0,1
119,105,111,93,99,103,98,98,
478.000000,224.000000,0.047849,81189528.000000,0.409403,0,1
67,66,70,60,64,67,56,60,
593.000000,224.000000,0.048792,32589796.000000,0.822151,0,1
41,45,39,59,47,38,52,44,
215.000000,226.000000,0.055609,2004440704.000000,0.909128,0,1
63,50,66,39,57,64,44,47,
199.000000,227.000000,0.057085,570778048.000000,1.007919,0,1
42,53,35,63,43,29,51,41,
370.000000,227.000000,0.070178,62443272.000000,0.430872,0,1
96,90,92,80,84,86,75,73,
401.000000,227.000000,0.067652,78942960.000000,0.277789,0,1
88,87,90,93,93,85,78,74,
399.000000,228.000000,0.068115,74015552.000000,0.278741,0,1
86,82,97,74,76,76,73,68,
484.000000,228.000000,0.049907,200522672.000000,0.463158,0,1
63,64,66,58,60,64,52,50,
628.000000,228.000000,0.054698,17772318.000000,1.143024,0,1
29,27,34,24,29,35,24,25,
249.000000,229.000000,0.041171,391958880.000000,0.524039,0,1
50,53,43,61,51,38,55,48,
328.000000,229.000000,0.068736,104218168.000000,0.560616,0,1
82,80,75,79,72,69,70,69,
447.000000,229.000000,0.070837,28153494.000000,0.314526,0,1
70,60,67,54,59,71,52,51,
567.000000,229.000000,0.028209,21680128.000000,0.362020,0,1
54,53,50,50,46,45,41,41,
200.000000,230.000000,0.056867,385067200.000000,1.003752,0,1
32,41,28,49,33,25,36,30,
288.000000,230.000000,0.047439,66943476.000000,0.431633,0,1
78,74,81,82,88,94,88,87,
199.000000,232.000000,0.056851,240666016.000000,1.010763,0,1
41,42,30,51,38,26,42,33,
215.000000,232.000000,0.054757,592624704.000000,0.899848,0,1
45,38,52,33,45,52,40,42,
408.000000,232.000000,0.048315,209286400.000000,0.335551,0,1
77,77,78,68,71,70,65,59,
454.000000,232.000000,0.051295,206539280.000000,0.418386,0,1
69,65,71,55,61,69,51,50,
317.000000,235.000000,0.048788,165509088.000000,0.479569,0,1
91,88,88,78,80,80,75,73,
431.000000,235.000000,0.048861,113391432.000000,0.366640,0,1
57,56,56,52,51,53,44,43,
249.000000,236.000000,0.041757,97200472.000000,0.544178,0,1
41,45,33,49,36,28,38,31,
363.000000,236.000000,0.049135,79357520.000000,0.392162,0,1
71,66,65,60,61,58,57,52,
261.000000,237.000000,0.042864,192028896.000000,0.535191,0,1
47,44,53,35,43,51,35,38,
342.000000,240.000000,0.042036,45348076.000000,0.358846,0,1
69,61,60,58,58,56,59,52,
406.000000,240.000000,0.054524,61633544.000000,0.433746,0,1
55,54,53,52,50,48,44,42,
510.000000,241.000000,0.025870,67756736.000000,0.251563,0,1
57,61,59,58,54,59,46,43,
540.000000,241.000000,0.035588,77643168.000000,0.434328,0,1
48,49,48,45,44,40,38,35,
276.000000,250.000000,0.042687,38524808.000000,0.696080,0,1
51,46,49,38,40,39,35,34,
284.000000,251.000000,0.077483,26711776.000000,1.231678,0,1
46,46,41,38,37,40,30,27,
294.000000,256.000000,0.091537,259669408.000000,1.173928,0,1
31,28,28,25,26,26,23,22,
408.000000,256.000000,0.085620,25086504.000000,0.514158,0,1
27,25,24,24,23,23,22,21,
259.000000,224.000000,0.044617,411981920.000000,0.547621,0,1
56,48,64,41,54,69,44,47,
249.000000,217.000000,0.041935,1635289088.000000,0.520232,0,1
77,86,58,89,70,51,85,67,
259.000000,215.000000,0.042060,457420864.000000,0.494008,0,1
77,66,89,55,77,98,62,71,
249.000000,215.000000,0.042364,2054967808.000000,0.524611,0,1
77,90,64,97,77,52,86,70,
384.000000,210.000000,0.046671,77847296.000000,0.252583,0,1
112,109,101,120,117,98,121,116,
464.000000,127.000000,0.059899,917001984.000000,0.310142,0,1
31,36,33,45,41,36,117,223,
214.000000,203.000000,0.056187,5094005248.000000,0.890290,0,1
74,64,85,54,75,93,59,67,
537.000000,199.000000,0.059016,71748464.000000,0.363559,0,1
124,142,137,101,132,162,91,80,
433.000000,195.000000,0.057138,365341728.000000,0.279831,0,1
144,158,131,178,158,125,136,116,
317.000000,136.000000,0.029698,793887808.000000,0.177568,0,1
63,137,83,153,129,110,219,208,
515.000000,192.000000,0.050302,114018760.000000,0.488750,0,1
150,137,138,127,128,124,116,110,
323.000000,138.000000,0.030626,1101796224.000000,0.143440,0,1
122,120,215,149,137,252,207,246,
517.000000,140.000000,0.036508,2636105216.000000,0.296217,0,1
237,242,185,255,200,150,229,198,
274.000000,141.000000,0.036301,1780115840.000000,0.330818,0,1
192,197,217,141,163,210,125,112,
284.000000,142.000000,0.035116,1511860992.000000,0.294324,0,1
255,255,220,238,211,201,237,209,
291.000000,142.000000,0.036646,1462740992.000000,0.293337,0,1
246,220,253,209,189,238,178,230,
558.000000,142.000000,0.024483,5429227008.000000,0.253522,0,1
76,141,77,199,120,81,165,139,
583.000000,143.000000,0.031847,3445947648.000000,0.220595,0,1
87,72,176,78,169,255,126,237,
488.000000,186.000000,0.051104,273014080.000000,0.383011,0,1
255,233,255,192,204,246,175,166,
248.000000,144.000000,0.044146,14618958848.000000,0.505077,0,1
48,163,29,255,58,28,117,39,
300.000000,144.000000,0.034737,4479569920.000000,0.253745,0,1
230,222,198,255,143,184,160,88,
569.000000,185.000000,0.043676,204890480.000000,0.577942,0,1
230,214,212,193,191,192,168,145,
277.000000,145.000000,0.036257,6096036352.000000,0.323208,0,1
189,141,213,107,170,237,96,119,
535.000000,147.000000,0.035073,2881351424.000000,0.329461,0,1
235,161,220,129,172,253,129,146,
291.000000,150.000000,0.036462,1233253760.000000,0.292138,0,1
181,177,220,143,158,217,142,151,
536.000000,150.000000,0.035622,6524645888.000000,0.339006,0,1
209,146,253,86,160,224,106,139,
309.000000,151.000000,0.036312,2877760512.000000,0.247125,0,1
211,231,156,190,197,195,173,109,
223.000000,178.000000,0.035941,17060532224.000000,0.454527,0,1
159,245,134,255,196,125,252,202,
303.000000,177.000000,0.033020,913187712.000000,0.244363,0,1
224,184,184,116,134,98,91,117,
503.000000,176.000000,0.035631,1513284224.000000,0.263931,0,1
132,132,83,108,121,69,80,78,
329.000000,176.000000,0.035790,3687032064.000000,0.210418,0,1
143,240,113,255,194,98,244,137,
257.000000,176.000000,0.044014,6927409664.000000,0.510902,0,1
66,36,107,31,66,141,36,63,
503.000000,152.000000,0.035710,1234370176.000000,0.131970,0,1
179,96,227,98,151,253,143,225,
257.000000,172.000000,0.043993,7724274176.000000,0.485077,0,1
68,37,126,31,77,126,37,66,
480.000000,153.000000,0.035667,427345024.000000,0.190585,0,1
87,83,77,115,131,130,186,198,
492.000000,170.000000,0.035350,1192763392.000000,0.228832,0,1
237,196,242,171,233,240,140,130,
557.000000,154.000000,0.024493,9457172480.000000,0.252619,0,1
220,249,124,255,230,106,255,225,
511.000000,168.000000,0.036397,1832740608.000000,0.286340,0,1
87,93,101,104,126,170,102,125,
522.000000,167.000000,0.034889,1528928768.000000,0.158576,0,1
187,92,251,100,157,250,82,177,
226.000000,157.000000,0.035491,1933539072.000000,0.433560,0,1
127,123,77,116,89,63,124,137,
453.000000,165.000000,0.042235,1014776384.000000,0.162415,0,1
99,65,84,57,125,168,90,224,
334.000000,171.000000,0.034672,2859675648.000000,0.186908,0,1
112,71,209,70,113,206,75,101,
431.000000,187.000000,0.051179,281168672.000000,0.205491,0,1
248,255,218,245,227,197,229,198,
432.000000,186.000000,0.049497,400193248.000000,0.194670,0,1
254,248,235,255,218,209,227,193,
356.000000,185.000000,0.044307,1794899584.000000,0.217742,0,1
70,109,157,235,133,238,190,193,
628.000000,195.000000,0.048970,47767780.000000,0.934215,0,1
86,82,83,69,70,73,64,62,
636.000000,194.000000,0.057700,107011120.000000,0.875328,0,1
89,100,103,87,86,86,74,69,
367.000000,175.000000,0.032671,118444640.000000,0.114688,0,1
89,73,154,65,91,138,65,115,
626.000000,183.000000,0.045698,761489216.000000,0.831767,0,1
43,51,43,86,75,74,151,168,
632.000000,184.000000,0.046567,774838976.000000,0.878464,0,1
71,73,82,145,141,136,165,151,
656.000000,130.000000,0.044338,1229813248.000000,0.900863,0,1
33,60,56,110,99,79,101,101,
384.000000,139.000000,0.033255,97172048.000000,0.050117,0,1
213,250,212,255,207,164,215,140,
