# timestamp
1608635247848081920

# fx, fy, cx, cy, width, height, npoints
501.487610,501.475281,421.776001,167.666412,800,400,535

# camToWorld: translation vector, rotation quaternion
-37.621133,65.918870,7.315533,-0.031844,-0.724570,0.688259,0.016833

# Exposure time (ms)
0.435614

# GPS Data
# GPSData: Covariance matrix
0.000013,0.000000,0.000000,0.000000,0.000025,0.000000,0.000000,0.000000,0.000050

# GPSData: GPS point
75.470861,14.176889,6.222698

# Point Cloud Data : 
# u,v,idepth_scaled,idepth_hessian,maxRelBaseline,numGoodRes,status 
# color information 
605.000000,217.000000,0.191258,18515534.000000,0.949923,0,1
42,50,33,49,42,30,51,40,
690.000000,52.000000,0.072726,130189960.000000,0.705774,0,1
105,99,110,72,96,96,76,76,
758.000000,70.000000,0.050788,77950136.000000,0.788862,0,1
46,44,43,43,37,37,32,27,
746.000000,95.000000,0.089594,85456056.000000,1.057211,0,1
27,26,26,26,29,36,39,45,
550.000000,145.000000,0.010031,10564077.000000,0.067899,0,1
58,42,43,43,46,35,38,24,
705.000000,203.000000,0.211719,5633771.000000,1.435444,0,1
20,23,19,25,18,13,22,18,
712.000000,206.000000,0.223348,3742737.750000,1.424892,0,1
12,14,11,18,17,13,23,22,
707.000000,208.000000,0.213354,2968847.750000,1.402621,0,1
14,19,18,14,13,15,9,7,
693.000000,245.000000,0.226019,5182933.000000,1.496718,0,1
47,47,51,30,39,52,30,30,
702.000000,247.000000,0.231207,3085383.000000,1.553878,0,1
46,52,48,41,44,46,34,30,
90.000000,253.000000,0.258205,37680516.000000,2.621853,0,1
65,60,69,63,73,74,72,74,
733.000000,256.000000,0.256386,1167333.125000,1.773570,0,1
50,49,51,36,41,45,30,29,
689.000000,260.000000,0.253049,2552020.000000,1.577854,0,1
17,23,18,40,31,22,43,37,
58.000000,269.000000,0.291209,10028205.000000,3.040071,0,1
75,73,72,67,81,89,85,91,
56.000000,270.000000,0.290864,21209484.000000,3.058149,0,1
81,75,72,69,79,90,76,84,
53.000000,272.000000,0.289676,31011592.000000,3.084157,0,1
71,76,69,86,77,79,87,87,
60.000000,280.000000,0.288951,34646640.000000,3.041445,0,1
87,80,86,77,80,84,77,76,
70.000000,286.000000,0.279636,122146768.000000,2.939779,0,1
76,78,69,79,71,62,71,59,
84.000000,287.000000,0.279246,43096648.000000,8.133439,0,1
49,47,43,57,56,56,67,58,
90.000000,288.000000,0.275083,41609280.000000,7.906887,0,1
44,46,54,45,58,71,60,69,
89.000000,289.000000,0.276330,48878080.000000,7.954473,0,1
46,45,58,46,60,78,59,63,
62.000000,291.000000,0.289775,192348048.000000,3.056096,0,1
73,77,66,81,67,58,72,72,
88.000000,297.000000,0.279241,91594096.000000,8.041758,0,1
61,54,61,45,54,68,48,57,
673.000000,89.000000,0.017025,1751184640.000000,0.263887,0,1
50,75,32,80,48,29,81,53,
582.000000,24.000000,0.049422,167478272.000000,0.518172,0,1
137,141,113,147,124,102,140,116,
585.000000,26.000000,0.047141,247821056.000000,0.373827,0,1
125,108,147,101,120,150,103,104,
587.000000,30.000000,0.047366,278963136.000000,0.372768,0,1
137,115,139,113,111,136,98,93,
607.000000,35.000000,0.198051,296359008.000000,0.709140,0,1
96,119,70,128,100,54,113,76,
659.000000,38.000000,0.068871,337412544.000000,0.335111,0,1
114,129,101,132,121,96,136,135,
599.000000,39.000000,0.046223,143534464.000000,0.448856,0,1
83,78,117,103,95,120,91,112,
577.000000,43.000000,0.044694,126087184.000000,0.328743,0,1
113,142,113,142,129,99,139,124,
577.000000,45.000000,0.045285,183310640.000000,0.426067,0,1
129,139,102,135,124,101,127,109,
556.000000,49.000000,0.033010,61020196.000000,0.278346,0,1
137,138,128,145,137,133,144,143,
376.000000,52.000000,0.006778,17630504.000000,0.204878,0,1
137,137,137,135,136,136,136,134,
594.000000,52.000000,0.047278,348674624.000000,0.451997,0,1
90,117,78,112,88,84,106,99,
468.000000,53.000000,0.017383,203452320.000000,0.203910,0,1
133,131,124,132,126,116,132,114,
477.000000,53.000000,0.021645,52344844.000000,0.229856,0,1
142,132,142,122,137,142,126,135,
348.000000,56.000000,0.007261,7631770.500000,0.256550,0,1
135,134,134,134,133,134,132,131,
474.000000,57.000000,0.020183,115650568.000000,0.213484,0,1
110,112,121,115,124,136,123,130,
455.000000,59.000000,0.018617,87717472.000000,0.224487,0,1
115,113,108,104,111,105,114,98,
478.000000,59.000000,0.018504,98551480.000000,0.189769,0,1
139,136,136,135,124,136,120,113,
424.000000,62.000000,0.019072,99583544.000000,0.294138,0,1
131,127,130,129,119,128,123,108,
488.000000,62.000000,0.015709,35677724.000000,0.151133,0,1
141,136,140,135,138,139,122,137,
575.000000,62.000000,0.049129,148566336.000000,0.386844,0,1
116,120,98,91,116,82,101,103,
471.000000,64.000000,0.018694,115795432.000000,0.196785,0,1
112,97,126,100,116,123,94,103,
483.000000,66.000000,0.018575,57590192.000000,0.169662,0,1
119,101,130,99,109,110,102,95,
486.000000,66.000000,0.012939,63194732.000000,0.123880,0,1
127,126,131,120,126,136,117,123,
438.000000,69.000000,0.016984,182929232.000000,0.224580,0,1
111,118,106,117,105,104,106,89,
563.000000,70.000000,0.051118,51200192.000000,0.364088,0,1
106,118,109,94,104,102,97,98,
556.000000,71.000000,0.047962,90272096.000000,0.328536,0,1
106,95,107,109,100,111,115,114,
663.000000,71.000000,0.075172,237404528.000000,0.396585,0,1
54,66,49,104,80,69,117,101,
454.000000,72.000000,0.019478,152940848.000000,0.210172,0,1
96,104,73,72,78,74,92,74,
477.000000,75.000000,0.020681,75937504.000000,0.172153,0,1
94,94,77,94,78,84,79,72,
539.000000,75.000000,0.058616,73455944.000000,0.332948,0,1
117,119,108,127,116,118,122,122,
476.000000,76.000000,0.021623,72815832.000000,0.177430,0,1
94,94,78,92,79,77,91,71,
497.000000,78.000000,0.024366,53986732.000000,0.164819,0,1
101,92,105,90,106,115,97,107,
488.000000,79.000000,0.018165,56375652.000000,0.135381,0,1
122,109,114,104,104,119,93,106,
491.000000,81.000000,0.017420,107006888.000000,0.124503,0,1
105,107,87,106,92,89,95,94,
583.000000,81.000000,0.045084,93643952.000000,0.093128,0,1
70,81,58,109,77,70,115,108,
404.000000,82.000000,0.047619,194059424.000000,0.263616,0,1
117,102,113,77,76,96,52,51,
447.000000,86.000000,0.015839,48346376.000000,0.185476,0,1
51,81,52,78,58,61,77,59,
496.000000,86.000000,0.017686,68840336.000000,0.113026,0,1
99,90,109,93,105,121,93,104,
569.000000,86.000000,0.045816,330773952.000000,0.324892,0,1
86,72,103,72,84,103,68,76,
526.000000,87.000000,0.046838,16179138.000000,0.263195,0,1
121,124,118,124,115,107,124,122,
590.000000,87.000000,0.048274,297162944.000000,0.383672,0,1
71,82,87,78,90,100,82,102,
452.000000,88.000000,0.019398,34731712.000000,0.184219,0,1
58,48,61,64,58,70,49,56,
504.000000,88.000000,0.015845,36005456.000000,0.096312,0,1
124,121,123,108,117,122,115,112,
535.000000,89.000000,0.050864,81236248.000000,0.272360,0,1
100,104,94,110,97,89,99,100,
452.000000,91.000000,0.020029,78642408.000000,0.184076,0,1
58,46,69,57,65,77,48,68,
461.000000,94.000000,0.017969,19515560.000000,0.145676,0,1
65,56,71,56,63,52,52,48,
584.000000,95.000000,0.049459,119936688.000000,0.366382,0,1
44,64,59,71,75,59,105,107,
431.000000,96.000000,0.065114,12806817.000000,0.500710,0,1
59,71,57,79,66,57,71,69,
510.000000,97.000000,0.017866,65221304.000000,0.090226,0,1
113,105,103,98,101,115,97,91,
736.000000,97.000000,0.069569,445432352.000000,0.891498,0,1
29,33,30,52,41,28,49,35,
81.000000,98.000000,0.001782,51320196.000000,0.018387,0,1
118,115,118,110,110,118,103,114,
240.000000,98.000000,0.008916,249281648.000000,0.211952,0,1
111,112,110,113,107,107,106,95,
255.000000,98.000000,0.008645,42061032.000000,0.190992,0,1
110,106,112,99,104,111,95,95,
272.000000,98.000000,0.007623,180465216.000000,0.152611,0,1
110,111,103,110,103,102,102,93,
483.000000,98.000000,0.020297,29238672.000000,0.112505,0,1
79,83,87,74,92,87,77,90,
81.000000,100.000000,0.001657,86044312.000000,0.017093,0,1
110,103,111,105,114,119,118,117,
250.000000,100.000000,0.008855,361141920.000000,0.199503,0,1
111,110,98,107,98,91,93,84,
270.000000,100.000000,0.007738,311500288.000000,0.156293,0,1
110,105,102,99,97,93,84,90,
467.000000,102.000000,0.019701,100274672.000000,0.129919,0,1
55,58,83,64,70,91,53,82,
480.000000,102.000000,0.019590,32362522.000000,0.106969,0,1
72,67,97,63,84,76,70,88,
719.000000,102.000000,0.058866,617949312.000000,0.765982,0,1
41,42,29,58,55,29,66,60,
67.000000,103.000000,0.001461,118470800.000000,0.017157,0,1
114,108,106,99,94,89,81,65,
445.000000,103.000000,0.020584,40761712.000000,0.186904,0,1
60,45,76,52,55,68,51,54,
476.000000,103.000000,0.018860,56937024.000000,0.108631,0,1
84,85,69,88,90,61,93,68,
501.000000,104.000000,0.017160,56448448.000000,0.074126,0,1
81,85,64,89,71,63,79,66,
555.000000,104.000000,0.030829,46866460.000000,0.185943,0,1
61,67,56,55,50,50,53,39,
376.000000,106.000000,0.030688,57495868.000000,0.555466,0,1
105,102,98,106,99,103,102,98,
579.000000,106.000000,0.046311,191179552.000000,0.141973,0,1
99,67,102,60,73,99,50,45,
107.000000,107.000000,0.001253,57688404.000000,0.013285,0,1
120,119,116,117,112,104,104,96,
395.000000,107.000000,0.025325,16070061.000000,0.150604,0,1
111,107,110,98,104,103,95,97,
668.000000,108.000000,0.045367,73720712.000000,0.519355,0,1
41,31,44,38,46,65,37,33,
742.000000,108.000000,0.071426,202409648.000000,0.914937,0,1
45,35,54,30,41,59,33,30,
109.000000,109.000000,0.001395,152529088.000000,0.013101,0,1
104,98,103,96,103,116,107,113,
129.000000,109.000000,0.006643,442574464.000000,0.147101,0,1
128,124,121,120,108,111,108,96,
244.000000,109.000000,0.008617,264001168.000000,0.199487,0,1
86,90,81,85,81,86,78,77,
652.000000,110.000000,0.045338,169554816.000000,0.495781,0,1
39,51,38,64,45,42,52,40,
730.000000,110.000000,0.063377,191519936.000000,0.823490,0,1
40,38,51,33,44,43,23,16,
434.000000,111.000000,0.016559,52570560.000000,0.176017,0,1
56,53,66,47,58,74,45,42,
684.000000,111.000000,0.075089,123569904.000000,0.670933,0,1
70,53,72,35,58,71,39,35,
198.000000,112.000000,0.006973,238029328.000000,0.208611,0,1
116,104,117,97,105,113,94,92,
522.000000,112.000000,0.021261,51075956.000000,0.102476,0,1
78,77,68,73,62,73,61,48,
121.000000,113.000000,0.006663,328672448.000000,0.150696,0,1
116,113,104,110,98,95,98,88,
207.000000,113.000000,0.007018,175405392.000000,0.199705,0,1
111,107,101,101,96,88,89,80,
238.000000,113.000000,0.008395,266623168.000000,0.200561,0,1
90,92,83,104,94,84,97,93,
216.000000,114.000000,0.007124,206801824.000000,0.193407,0,1
108,98,106,90,99,103,90,91,
232.000000,114.000000,0.007078,105147512.000000,0.176741,0,1
106,97,106,93,99,102,88,85,
393.000000,114.000000,0.017814,29670308.000000,0.310848,0,1
95,92,90,77,82,83,78,80,
479.000000,114.000000,0.016172,38640044.000000,0.079887,0,1
64,70,61,89,64,56,74,69,
488.000000,114.000000,0.018271,18163868.000000,0.067338,0,1
54,49,52,51,62,63,55,60,
683.000000,114.000000,0.071396,44319016.000000,0.749726,0,1
39,59,35,55,35,25,27,17,
581.000000,115.000000,0.050233,41316636.000000,0.155495,0,1
76,82,73,77,77,54,46,66,
153.000000,116.000000,0.006565,247553856.000000,0.131548,0,1
107,102,92,97,88,86,88,82,
508.000000,116.000000,0.017685,52986140.000000,0.069819,0,1
82,66,79,62,65,54,52,50,
143.000000,117.000000,0.006572,97040288.000000,0.139007,0,1
97,88,98,84,86,93,79,82,
214.000000,117.000000,0.007001,163036928.000000,0.192010,0,1
85,80,87,76,79,86,72,74,
260.000000,117.000000,0.008468,366368736.000000,0.177853,0,1
76,92,67,90,88,68,89,81,
410.000000,117.000000,0.013137,29131006.000000,0.196822,0,1
65,71,55,60,60,51,54,49,
560.000000,117.000000,0.027753,121009872.000000,0.186894,0,1
46,43,65,31,48,62,31,35,
591.000000,117.000000,0.048066,198184928.000000,0.363395,0,1
42,59,39,64,51,47,60,47,
649.000000,117.000000,0.069076,38391792.000000,0.634268,0,1
50,46,46,42,38,40,23,22,
220.000000,118.000000,0.007064,160681680.000000,0.187636,0,1
101,95,100,87,92,98,85,78,
674.000000,118.000000,0.016230,69683968.000000,0.215496,0,1
40,30,54,29,40,56,27,34,
180.000000,119.000000,0.007210,153176640.000000,0.232756,0,1
100,97,95,96,87,92,87,75,
415.000000,119.000000,0.013029,38431072.000000,0.182852,0,1
54,62,50,51,56,51,48,43,
479.000000,119.000000,0.015984,27306074.000000,0.068075,0,1
74,84,68,76,67,45,59,54,
513.000000,119.000000,0.016030,52872472.000000,0.043526,0,1
76,84,56,55,65,44,56,47,
524.000000,121.000000,0.023473,40181516.000000,0.108868,0,1
50,38,56,38,44,67,41,56,
675.000000,121.000000,0.026528,799688064.000000,0.370629,0,1
39,34,42,25,47,46,38,51,
575.000000,122.000000,0.044445,15181808.000000,0.323086,0,1
34,43,34,60,43,27,46,35,
595.000000,122.000000,0.037529,33860680.000000,0.309395,0,1
51,46,41,33,36,26,33,27,
120.000000,123.000000,0.006615,705116288.000000,0.149849,0,1
83,94,83,102,95,80,109,100,
279.000000,123.000000,0.008031,224556512.000000,0.149939,0,1
83,79,85,83,85,95,87,98,
126.000000,124.000000,0.005533,326466048.000000,0.124032,0,1
80,76,83,74,87,91,78,78,
235.000000,124.000000,0.006263,389779616.000000,0.154342,0,1
79,74,86,79,82,92,86,89,
250.000000,124.000000,0.008716,181787104.000000,0.193703,0,1
68,71,65,71,67,68,63,54,
443.000000,124.000000,0.010703,53696568.000000,0.115775,0,1
47,51,48,40,52,52,46,56,
53.000000,125.000000,0.001501,140701856.000000,0.007320,0,1
108,114,103,118,108,85,116,111,
87.000000,125.000000,0.005691,54948700.000000,0.059443,0,1
107,107,114,98,105,110,90,94,
169.000000,125.000000,0.005418,118643216.000000,0.101713,0,1
83,78,81,77,81,86,81,96,
177.000000,125.000000,0.006092,2194952448.000000,0.201264,0,1
77,82,70,87,79,65,93,86,
191.000000,125.000000,0.005579,417782720.000000,0.173375,0,1
70,66,82,69,78,86,74,82,
227.000000,125.000000,0.008714,184088384.000000,0.219134,0,1
75,79,70,81,86,76,88,78,
53.000000,126.000000,0.001390,181621760.000000,0.007220,0,1
110,115,98,121,106,79,118,111,
73.000000,126.000000,0.000649,83078320.000000,0.010863,0,1
114,112,104,99,101,93,93,88,
214.000000,126.000000,0.006036,335139488.000000,0.166539,0,1
73,69,72,63,67,68,57,51,
378.000000,126.000000,0.012422,262744080.000000,0.264680,0,1
66,62,59,71,57,58,61,52,
400.000000,126.000000,0.009635,26634612.000000,0.167384,0,1
57,52,46,43,45,45,43,41,
451.000000,126.000000,0.019237,55939388.000000,0.138228,0,1
40,53,33,61,43,34,65,47,
506.000000,126.000000,0.017343,38927996.000000,0.062033,0,1
40,39,48,36,48,53,45,37,
251.000000,127.000000,0.003657,21914942.000000,0.019207,0,1
63,54,70,63,60,64,57,55,
535.000000,127.000000,0.020507,24065922.000000,0.116233,0,1
49,37,52,40,36,36,34,34,
64.000000,128.000000,0.002350,222078400.000000,0.025304,0,1
120,119,113,116,101,98,102,84,
217.000000,128.000000,0.005780,1029238272.000000,0.157331,0,1
76,72,81,57,75,77,55,70,
372.000000,128.000000,0.014687,83782040.000000,0.321498,0,1
85,71,83,72,75,71,62,60,
513.000000,128.000000,0.018062,10020347.000000,0.076194,0,1
34,43,35,35,40,30,34,26,
242.000000,129.000000,0.007065,744470784.000000,0.092210,0,1
95,101,86,93,91,76,83,75,
170.000000,130.000000,0.003082,679352384.000000,0.058398,0,1
87,79,85,85,75,97,65,64,
184.000000,130.000000,0.004483,599424896.000000,0.145465,0,1
78,74,82,66,77,77,67,71,
268.000000,130.000000,0.008668,551396736.000000,0.173171,0,1
68,74,86,81,81,96,63,92,
449.000000,130.000000,0.015863,14463203.000000,0.122583,0,1
61,47,47,52,42,39,37,31,
633.000000,130.000000,0.027379,14575084.000000,0.308430,0,1
28,25,36,24,30,38,24,32,
157.000000,131.000000,0.007499,195831440.000000,0.145977,0,1
82,72,79,60,64,69,58,58,
172.000000,131.000000,0.003246,439844288.000000,0.060913,0,1
96,83,112,69,93,108,72,81,
198.000000,131.000000,0.007409,247865136.000000,0.218631,0,1
70,68,61,58,67,56,55,57,
289.000000,132.000000,0.002158,576659392.000000,0.039621,0,1
93,80,100,80,91,101,81,96,
143.000000,134.000000,0.006774,391808000.000000,0.140111,0,1
60,59,55,65,65,55,74,65,
232.000000,134.000000,0.002475,358177952.000000,0.064114,0,1
78,69,91,68,85,74,66,70,
323.000000,134.000000,0.002683,1030004480.000000,0.037968,0,1
90,88,66,75,66,49,63,48,
342.000000,134.000000,0.002497,160743728.000000,0.155365,0,1
92,90,75,83,75,67,65,60,
78.000000,135.000000,0.002624,66537096.000000,0.027021,0,1
76,74,71,71,68,64,63,61,
271.000000,135.000000,0.000593,333596800.000000,0.006748,0,1
92,101,69,98,82,56,90,75,
453.000000,135.000000,0.013971,1696468.250000,0.098355,0,1
32,31,41,28,33,36,32,32,
87.000000,136.000000,0.004406,32968528.000000,0.049916,0,1
80,78,70,73,69,64,66,58,
107.000000,137.000000,0.003918,69270528.000000,0.041566,0,1
64,62,72,53,64,79,54,58,
484.000000,137.000000,0.015659,9131332.000000,0.039386,0,1
22,24,31,28,38,42,29,30,
134.000000,138.000000,0.321379,8809281.000000,3.103033,0,1
71,65,82,58,64,75,53,50,
266.000000,138.000000,0.007488,110097552.000000,0.033353,0,1
69,51,76,57,78,98,67,62,
119.000000,139.000000,0.006288,223757632.000000,0.142975,0,1
57,64,51,72,57,44,62,55,
295.000000,139.000000,0.001727,528664992.000000,0.030476,0,1
89,96,66,93,80,56,72,51,
305.000000,139.000000,0.002238,440113024.000000,0.036548,0,1
96,93,86,81,83,70,72,61,
433.000000,139.000000,0.007164,3670960.000000,0.096200,0,1
43,43,36,31,33,34,29,29,
476.000000,139.000000,0.020489,1112358.000000,0.075988,0,1
37,40,36,33,35,29,27,23,
282.000000,140.000000,0.002142,356944416.000000,0.041168,0,1
99,87,94,81,85,74,61,62,
90.000000,142.000000,0.006013,21683030.000000,0.060096,0,1
51,53,46,57,49,46,61,55,
729.000000,142.000000,0.055507,116394480.000000,0.754716,0,1
22,32,22,45,31,24,45,42,
64.000000,143.000000,0.003715,175474624.000000,0.045207,0,1
59,60,55,71,59,52,85,87,
369.000000,143.000000,0.005944,736712448.000000,0.149501,0,1
56,57,46,61,52,48,52,49,
682.000000,143.000000,0.044095,42298428.000000,0.559795,0,1
32,31,38,29,36,47,41,52,
64.000000,144.000000,0.004420,160409296.000000,0.050494,0,1
56,64,57,90,80,66,90,66,
167.000000,144.000000,0.004739,548741184.000000,0.090666,0,1
76,58,66,47,61,52,43,36,
364.000000,144.000000,0.007067,161569920.000000,0.064703,0,1
51,37,64,45,48,64,36,46,
567.000000,145.000000,0.024851,49077580.000000,0.177177,0,1
34,46,32,42,45,26,30,20,
235.000000,146.000000,0.003989,564769600.000000,0.100442,0,1
55,43,60,39,50,58,38,39,
265.000000,146.000000,0.005998,344003296.000000,0.124395,0,1
71,68,68,52,53,48,46,36,
578.000000,146.000000,0.024045,7995103.000000,0.195827,0,1
41,31,36,30,30,28,27,25,
142.000000,147.000000,0.005592,121803176.000000,0.116930,0,1
46,58,44,59,47,35,48,33,
117.000000,148.000000,0.004509,188815040.000000,0.104454,0,1
73,77,71,66,67,54,58,48,
729.000000,148.000000,0.054480,94942968.000000,0.610999,0,1
45,42,34,19,21,20,13,14,
244.000000,150.000000,0.001851,69341424.000000,0.045100,0,1
34,40,35,40,38,40,52,52,
342.000000,152.000000,0.022671,228391664.000000,0.593175,0,1
35,32,40,27,42,60,33,57,
119.000000,153.000000,0.006488,88016552.000000,0.148532,0,1
42,57,47,52,47,42,46,44,
292.000000,153.000000,0.012703,127658320.000000,0.210018,0,1
36,32,33,37,44,38,50,48,
303.000000,153.000000,0.021970,76279440.000000,0.309594,0,1
36,33,39,32,51,61,35,40,
324.000000,153.000000,0.024349,93945104.000000,0.725319,0,1
33,41,37,57,53,40,56,49,
336.000000,153.000000,0.023879,158175520.000000,0.645591,0,1
36,60,59,47,44,34,38,40,
363.000000,153.000000,0.009401,116805704.000000,0.240813,0,1
43,34,57,42,45,43,42,34,
376.000000,153.000000,0.018975,60372000.000000,0.377230,0,1
29,29,28,31,34,32,35,42,
316.000000,154.000000,0.023824,134696480.000000,0.756772,0,1
35,53,38,49,34,29,45,41,
385.000000,154.000000,0.035161,57658572.000000,0.535847,0,1
36,42,29,33,36,26,42,37,
715.000000,154.000000,0.018711,200820320.000000,0.324018,0,1
24,30,19,33,23,17,26,19,
618.000000,155.000000,0.195364,68962168.000000,0.948229,0,1
27,36,23,36,27,21,35,27,
674.000000,156.000000,0.034247,88040968.000000,0.449581,0,1
31,25,31,23,24,39,26,29,
560.000000,157.000000,0.012138,21044918.000000,0.091188,0,1
22,19,33,19,26,35,19,23,
481.000000,158.000000,0.080260,2812347.500000,0.162388,0,1
18,27,17,29,24,18,29,29,
756.000000,158.000000,0.039294,148107136.000000,0.651452,0,1
27,32,23,47,30,21,38,31,
231.000000,160.000000,0.024062,7902190.000000,0.521899,0,1
45,41,41,36,36,36,29,29,
514.000000,160.000000,0.112343,2348235.500000,0.287938,0,1
21,20,20,21,26,28,28,29,
41.000000,161.000000,0.025057,98570872.000000,0.273587,0,1
42,44,43,46,51,51,55,71,
57.000000,161.000000,0.025328,90384304.000000,0.262265,0,1
43,46,46,57,60,55,71,62,
217.000000,161.000000,0.024695,411537088.000000,0.570049,0,1
42,48,35,46,40,30,47,41,
43.000000,162.000000,0.025659,116297584.000000,0.275612,0,1
43,51,47,66,67,51,72,54,
483.000000,162.000000,0.082676,2817851.500000,0.169455,0,1
18,26,18,30,22,21,30,29,
560.000000,162.000000,0.011724,23404932.000000,0.093795,0,1
23,20,31,21,25,31,25,25,
605.000000,162.000000,0.193145,199343088.000000,0.879690,0,1
24,22,37,19,23,39,21,26,
698.000000,162.000000,0.057872,41578556.000000,0.703410,0,1
28,22,30,21,27,30,21,21,
707.000000,162.000000,0.023055,90411960.000000,0.383821,0,1
19,18,24,18,20,28,22,20,
217.000000,163.000000,0.024705,471241248.000000,0.570583,0,1
40,47,28,44,41,30,50,47,
375.000000,163.000000,0.025039,30036414.000000,0.472317,0,1
37,40,33,33,31,35,39,31,
103.000000,164.000000,0.026199,37791352.000000,0.566071,0,1
47,48,47,48,40,40,42,34,
345.000000,164.000000,0.033527,24285100.000000,0.768040,0,1
37,44,31,42,40,30,55,58,
531.000000,164.000000,0.116734,7455972.000000,0.381601,0,1
18,18,27,18,25,28,20,28,
386.000000,165.000000,0.037716,14531428.000000,0.560228,0,1
35,38,28,36,34,29,38,34,
530.000000,165.000000,0.121246,5126719.000000,0.386158,0,1
18,18,25,17,20,28,20,26,
161.000000,166.000000,0.025554,346454752.000000,0.764427,0,1
32,43,29,47,37,31,50,47,
312.000000,166.000000,0.031111,235801520.000000,0.946373,0,1
38,31,41,41,47,57,66,77,
400.000000,166.000000,0.046074,16017211.000000,0.546794,0,1
34,36,38,23,28,36,21,21,
279.000000,167.000000,0.043662,157915568.000000,1.473732,0,1
35,30,31,47,43,38,50,35,
320.000000,167.000000,0.025849,491561760.000000,0.782364,0,1
38,56,53,71,82,74,90,92,
264.000000,168.000000,0.027144,27944452.000000,0.478647,0,1
34,42,40,68,64,63,73,80,
618.000000,168.000000,0.195194,81283384.000000,0.952352,0,1
28,36,22,38,27,21,36,31,
273.000000,170.000000,0.063098,5324035.000000,0.126507,0,1
68,74,67,81,63,45,48,41,
439.000000,170.000000,0.065789,6467523.000000,0.405496,0,1
20,28,19,41,34,26,47,49,
285.000000,172.000000,0.053682,116311736.000000,0.691994,0,1
40,44,41,47,42,34,42,36,
415.000000,173.000000,0.055141,17194728.000000,0.517387,0,1
33,36,25,36,29,22,36,28,
440.000000,173.000000,0.056973,5911693.500000,0.404424,0,1
45,49,48,36,43,49,32,32,
465.000000,174.000000,0.083150,3420529.000000,0.309701,0,1
15,14,20,19,18,24,27,27,
218.000000,175.000000,0.035176,11947631.000000,0.758923,0,1
78,82,82,89,88,89,96,97,
393.000000,176.000000,0.039610,9095436.000000,0.547560,0,1
22,24,26,34,28,34,35,31,
486.000000,178.000000,0.093101,3180258.750000,0.198777,0,1
14,13,18,14,14,23,17,21,
538.000000,178.000000,0.157826,21817526.000000,0.482474,0,1
35,28,42,27,31,32,27,30,
187.000000,179.000000,0.033955,102042504.000000,0.848762,0,1
101,106,100,115,104,97,96,95,
234.000000,179.000000,0.036382,114276048.000000,0.708794,0,1
94,97,95,106,110,111,119,107,
425.000000,179.000000,0.062964,19791474.000000,0.501129,0,1
29,21,35,18,29,34,20,28,
477.000000,179.000000,0.093469,4008997.000000,0.287888,0,1
15,16,16,22,18,17,31,37,
253.000000,180.000000,0.086974,153326064.000000,0.730477,0,1
90,88,66,78,52,47,48,48,
402.000000,180.000000,0.046255,11473144.000000,0.552627,0,1
24,20,34,28,24,33,33,34,
440.000000,180.000000,0.068944,9589424.000000,0.434609,0,1
35,28,34,19,23,30,16,14,
250.000000,181.000000,0.089651,141051312.000000,0.758080,0,1
94,90,78,86,63,48,55,52,
452.000000,181.000000,0.067058,3869303.500000,0.363797,0,1
26,21,21,28,20,17,31,30,
471.000000,182.000000,0.077976,1560158.125000,0.299344,0,1
40,46,46,36,41,45,31,30,
557.000000,182.000000,0.134457,2256070.500000,0.534346,0,1
23,32,31,24,21,22,20,19,
463.000000,183.000000,0.063649,1894585.125000,0.309797,0,1
30,29,30,19,24,30,17,23,
217.000000,185.000000,0.041424,163358576.000000,0.852873,0,1
94,97,103,101,112,123,108,102,
496.000000,186.000000,0.097611,4660933.000000,0.275732,0,1
23,31,27,41,41,38,42,45,
489.000000,187.000000,0.092328,970154.687500,0.286488,0,1
41,44,43,34,41,45,32,31,
428.000000,188.000000,0.064311,10504102.000000,0.513301,0,1
28,32,20,32,27,18,32,26,
601.000000,188.000000,0.201171,15817760.000000,0.845393,0,1
20,35,16,40,20,15,36,21,
605.000000,188.000000,0.191537,20251134.000000,0.844638,0,1
20,16,37,15,21,42,17,23,
618.000000,188.000000,0.194548,98980432.000000,0.962031,0,1
30,37,27,41,33,26,40,33,
494.000000,189.000000,0.088374,1743310.000000,0.282645,0,1
43,41,45,32,35,39,30,30,
497.000000,189.000000,0.121478,2421746.000000,0.318916,0,1
42,45,42,38,37,35,28,31,
505.000000,189.000000,0.109519,2362144.250000,0.314580,0,1
26,31,31,38,38,39,44,44,
514.000000,189.000000,0.109059,3214380.000000,0.355100,0,1
23,22,26,29,27,26,37,44,
253.000000,190.000000,0.088457,30765424.000000,2.452914,0,1
49,49,47,49,43,34,37,38,
479.000000,190.000000,0.083712,1292203.750000,0.319200,0,1
29,26,27,35,30,25,32,29,
422.000000,192.000000,0.060611,7297547.500000,0.547548,0,1
18,21,17,30,27,18,29,28,
396.000000,193.000000,0.043338,76717096.000000,0.587933,0,1
33,31,34,17,30,33,17,17,
405.000000,193.000000,0.047060,8132485.500000,0.594151,0,1
31,33,34,23,32,36,25,27,
530.000000,194.000000,0.118840,3808594.250000,0.434177,0,1
21,25,25,37,34,29,44,45,
616.000000,195.000000,0.196092,52836732.000000,0.970990,0,1
49,58,53,48,47,44,44,44,
117.000000,196.000000,0.049592,51585352.000000,1.494777,0,1
102,108,109,111,105,102,101,103,
239.000000,197.000000,0.106585,113397792.000000,2.861288,0,1
61,69,56,62,54,43,54,38,
537.000000,197.000000,0.153042,11455799.000000,0.523672,0,1
27,37,29,40,35,30,39,41,
544.000000,197.000000,0.130402,10890096.000000,0.520020,0,1
21,22,23,29,27,29,36,41,
239.000000,198.000000,0.105782,79132392.000000,2.858722,0,1
67,62,44,56,46,45,41,34,
530.000000,198.000000,0.124445,2030279.500000,0.453804,0,1
45,48,44,41,41,41,31,29,
605.000000,199.000000,0.197315,23999654.000000,0.918395,0,1
24,17,30,17,22,33,15,21,
398.000000,200.000000,0.045837,11731262.000000,0.610739,0,1
21,14,26,13,18,21,16,24,
619.000000,200.000000,0.194232,129240768.000000,0.981539,0,1
36,41,26,39,33,19,37,36,
642.000000,200.000000,0.185237,2492456.750000,1.076189,0,1
24,24,23,24,25,24,36,27,
502.000000,202.000000,0.103531,1189779.000000,0.385516,0,1
29,26,27,22,20,21,19,19,
602.000000,202.000000,0.200972,20608498.000000,0.915335,0,1
19,27,15,38,21,19,31,23,
650.000000,202.000000,0.200550,22089200.000000,1.161578,0,1
26,33,27,26,24,24,23,20,
238.000000,207.000000,0.099553,153457392.000000,2.828456,0,1
54,56,48,55,50,42,51,50,
561.000000,207.000000,0.137655,2847489.500000,0.626741,0,1
48,46,47,38,44,48,31,30,
128.000000,208.000000,0.056031,5803633.000000,1.558149,0,1
100,100,99,96,96,95,93,91,
148.000000,212.000000,0.066580,3873971.250000,1.608382,0,1
98,95,96,93,93,93,91,88,
177.000000,212.000000,0.167540,136625344.000000,1.559029,0,1
90,87,76,84,64,61,63,68,
515.000000,213.000000,0.131382,7849374.000000,0.497079,0,1
23,20,28,21,24,31,26,24,
604.000000,213.000000,0.191588,6654017.500000,0.937242,0,1
18,22,23,35,27,30,46,48,
620.000000,215.000000,0.192906,70747832.000000,1.020321,0,1
27,29,24,31,22,16,28,21,
557.000000,216.000000,0.158018,2274298.750000,0.677021,0,1
21,25,24,33,34,30,32,27,
239.000000,217.000000,0.101187,62715900.000000,1.353860,0,1
51,56,46,57,50,44,50,46,
596.000000,217.000000,0.195845,23859116.000000,0.921668,0,1
42,45,34,35,36,30,29,27,
177.000000,218.000000,0.168804,74995664.000000,0.742881,0,1
68,71,63,72,58,53,63,60,
180.000000,219.000000,0.177033,29600876.000000,4.577503,0,1
63,53,64,45,64,71,64,67,
637.000000,221.000000,0.202431,34956380.000000,1.142344,0,1
14,14,16,18,17,24,29,24,
515.000000,222.000000,0.130954,7928441.500000,0.556544,0,1
26,17,29,19,26,29,17,26,
62.000000,224.000000,0.079701,23635440.000000,2.453393,0,1
92,91,92,88,90,92,86,82,
260.000000,224.000000,0.082739,480698848.000000,2.356258,0,1
49,60,47,76,66,67,81,78,
478.000000,224.000000,0.098210,1896385.125000,0.545107,0,1
17,22,18,28,24,21,31,29,
543.000000,224.000000,0.155337,12802563.000000,0.648776,0,1
26,31,20,29,27,18,31,26,
664.000000,224.000000,0.209549,13732191.000000,1.219187,0,1
11,11,13,12,15,13,21,26,
671.000000,224.000000,0.203904,4041876.500000,1.302292,0,1
16,15,17,14,18,21,25,25,
255.000000,225.000000,0.088274,29968644.000000,0.381056,0,1
42,42,62,41,60,81,61,82,
543.000000,225.000000,0.155843,13449664.000000,0.653643,0,1
26,32,19,28,26,19,30,26,
582.000000,225.000000,0.171187,6167882.000000,0.835723,0,1
22,23,21,36,30,24,35,32,
604.000000,225.000000,0.213079,15379839.000000,1.082493,0,1
32,40,38,27,29,28,25,21,
667.000000,225.000000,0.204981,9726011.000000,1.227141,0,1
10,13,12,26,26,25,26,24,
585.000000,226.000000,0.178813,7235958.500000,0.864808,0,1
21,24,23,37,29,21,36,32,
239.000000,228.000000,0.103732,157642880.000000,2.906485,0,1
50,53,46,55,47,42,49,46,
660.000000,228.000000,0.195701,3562788.750000,1.237764,0,1
16,23,21,40,33,27,42,40,
251.000000,229.000000,0.092501,55123156.000000,0.407064,0,1
43,44,59,43,58,77,59,69,
620.000000,229.000000,0.193169,32819532.000000,1.056205,0,1
21,24,18,30,28,16,28,25,
621.000000,229.000000,0.193760,40089344.000000,1.060550,0,1
16,22,16,33,20,15,26,22,
647.000000,229.000000,0.195162,29253462.000000,1.184772,0,1
16,19,22,27,28,29,34,31,
299.000000,230.000000,0.048454,17635560.000000,0.188505,0,1
21,27,11,29,17,14,27,17,
410.000000,230.000000,0.057665,17156408.000000,0.726176,0,1
17,17,14,25,20,18,33,37,
201.000000,231.000000,0.136520,98955000.000000,1.879750,0,1
64,66,56,66,58,43,55,58,
686.000000,232.000000,0.207070,4320594.500000,1.343169,0,1
19,17,19,17,20,18,21,25,
294.000000,233.000000,0.051765,3131700.750000,0.202605,0,1
29,29,28,29,24,20,21,21,
426.000000,233.000000,0.069649,12201908.000000,0.716713,0,1
20,24,18,32,24,23,35,40,
445.000000,233.000000,0.084649,4286863.000000,0.689989,0,1
22,25,26,19,23,27,15,13,
495.000000,233.000000,0.110800,5142934.500000,0.603982,0,1
18,20,19,28,22,21,30,28,
550.000000,233.000000,0.160547,5481369.500000,0.718845,0,1
23,31,32,19,20,26,20,19,
262.000000,234.000000,0.095659,9686974.000000,2.490716,0,1
41,35,30,32,33,25,35,26,
296.000000,234.000000,0.053030,4956287.000000,0.205402,0,1
28,21,22,17,21,33,26,36,
297.000000,234.000000,0.052212,4904009.000000,0.202366,0,1
26,20,24,15,29,33,31,36,
431.000000,234.000000,0.073608,17555312.000000,0.721169,0,1
18,16,24,28,27,19,35,42,
439.000000,234.000000,0.082624,15060406.000000,0.710851,0,1
26,28,18,24,23,12,29,34,
557.000000,234.000000,0.166439,3946499.000000,0.758956,0,1
15,29,20,22,27,33,17,14,
657.000000,234.000000,0.206351,7068474.000000,1.264173,0,1
45,44,45,30,38,42,25,24,
417.000000,235.000000,0.071177,9745712.000000,0.775048,0,1
39,36,38,28,31,34,27,25,
672.000000,236.000000,0.207933,3238986.000000,1.355137,0,1
24,25,25,28,28,28,34,36,
676.000000,236.000000,0.212577,4600707.500000,1.372059,0,1
24,24,24,28,28,29,34,37,
251.000000,239.000000,0.098914,73676248.000000,2.701437,0,1
32,34,36,44,47,51,59,59,
505.000000,239.000000,0.128288,4794902.500000,0.654994,0,1
17,21,18,30,24,20,31,31,
493.000000,240.000000,0.127715,4757229.000000,0.687641,0,1
25,29,29,20,23,26,15,15,
239.000000,241.000000,0.105038,211848816.000000,2.954942,0,1
41,43,43,43,54,43,56,58,
256.000000,241.000000,0.100468,41686676.000000,2.649194,0,1
49,57,38,54,37,23,36,23,
467.000000,241.000000,0.096375,19705754.000000,0.669576,0,1
20,22,21,36,33,28,41,46,
632.000000,241.000000,0.207197,16269273.000000,1.191622,0,1
17,21,17,31,25,21,35,30,
273.000000,242.000000,0.079869,7295119.000000,0.338906,0,1
28,27,23,28,20,18,25,20,
471.000000,242.000000,0.100381,20934596.000000,0.674239,0,1
21,25,21,40,38,34,45,49,
484.000000,242.000000,0.114953,20061262.000000,0.685354,0,1
20,17,29,22,21,26,31,38,
597.000000,242.000000,0.204112,26295268.000000,1.018901,0,1
20,19,24,28,25,29,33,22,
603.000000,242.000000,0.200239,15362565.000000,1.035956,0,1
27,29,22,30,20,18,30,24,
213.000000,243.000000,0.141260,110532992.000000,3.721957,0,1
56,48,59,44,55,58,49,55,
456.000000,243.000000,0.101411,10116937.000000,0.753466,0,1
45,48,48,35,41,48,33,33,
483.000000,243.000000,0.106867,17351134.000000,0.665267,0,1
17,22,21,33,31,31,39,43,
593.000000,243.000000,0.198850,9090174.000000,0.996030,0,1
22,29,31,17,21,29,19,16,
613.000000,243.000000,0.204753,33827052.000000,1.092874,0,1
20,21,20,25,20,24,36,29,
275.000000,244.000000,0.081469,10252172.000000,0.343041,0,1
18,16,23,20,26,34,34,35,
310.000000,244.000000,0.043734,3576058.250000,0.167161,0,1
22,24,19,24,22,16,24,20,
368.000000,244.000000,0.047759,162594944.000000,0.452203,0,1
26,27,28,29,30,30,32,34,
489.000000,245.000000,0.113809,22791988.000000,0.682878,0,1
17,23,20,40,38,35,44,45,
252.000000,246.000000,0.107118,31470820.000000,2.783624,0,1
54,51,33,45,35,24,31,22,
498.000000,246.000000,0.119519,17685236.000000,0.324927,0,1
13,19,14,40,30,20,43,46,
226.000000,247.000000,0.120601,17500260.000000,3.337606,0,1
54,53,44,53,43,37,43,36,
240.000000,247.000000,0.104295,34875468.000000,2.950053,0,1
54,48,50,40,42,37,36,33,
473.000000,247.000000,0.119284,9824966.000000,0.760053,0,1
49,49,50,36,41,47,34,34,
504.000000,247.000000,0.129246,24687200.000000,0.722759,0,1
21,19,21,36,31,26,44,47,
151.000000,248.000000,0.200795,43857860.000000,5.517851,0,1
57,54,50,53,45,39,41,38,
392.000000,248.000000,0.057643,60808084.000000,0.460701,0,1
21,24,21,30,28,23,32,34,
548.000000,249.000000,0.158552,8251235.500000,0.821922,0,1
23,29,28,19,21,29,17,15,
223.000000,250.000000,0.123205,32845342.000000,3.421510,0,1
53,54,43,54,43,36,43,36,
557.000000,250.000000,0.177913,6987708.500000,0.866113,0,1
17,20,16,29,23,19,28,19,
531.000000,251.000000,0.146091,18595650.000000,0.497693,0,1
14,12,14,19,16,15,34,43,
153.000000,252.000000,0.204650,24273544.000000,1.113276,0,1
40,42,60,47,63,73,65,72,
466.000000,252.000000,0.117338,10111842.000000,0.800714,0,1
25,30,27,33,33,31,35,37,
494.000000,252.000000,0.137379,11920519.000000,0.781860,0,1
52,50,54,37,39,44,36,36,
530.000000,252.000000,0.145914,23880542.000000,0.496457,0,1
12,19,16,38,34,29,45,48,
541.000000,252.000000,0.158177,71366568.000000,0.695121,0,1
19,12,31,16,17,32,20,33,
501.000000,253.000000,0.141834,10180626.000000,0.778330,0,1
53,54,53,40,48,54,37,36,
536.000000,253.000000,0.152534,34704796.000000,0.541898,0,1
12,22,15,38,33,27,45,47,
603.000000,253.000000,0.201279,21014514.000000,1.077543,0,1
23,30,17,30,25,18,32,28,
215.000000,254.000000,0.120853,62611660.000000,3.565465,0,1
56,54,55,50,47,49,42,47,
388.000000,254.000000,0.060099,41632404.000000,0.337510,0,1
36,39,37,44,41,39,44,45,
652.000000,254.000000,0.210612,6683094.500000,1.305362,0,1
26,24,26,16,20,25,12,11,
270.000000,255.000000,0.115090,8691148.000000,2.611378,0,1
53,54,48,54,43,33,38,33,
163.000000,256.000000,0.175017,157240480.000000,2.476398,0,1
70,71,64,71,62,55,59,60,
409.000000,256.000000,0.072434,56909676.000000,0.518389,0,1
26,21,21,31,25,19,33,33,
513.000000,256.000000,0.154549,13738705.000000,0.814139,0,1
53,52,54,39,42,49,39,37,
556.000000,256.000000,0.167210,40230268.000000,0.673331,0,1
13,17,12,29,21,14,42,44,
598.000000,256.000000,0.204781,52608324.000000,1.077717,0,1
24,18,26,17,25,29,18,23,
203.000000,257.000000,0.140426,113306192.000000,3.963764,0,1
57,61,47,61,53,42,52,43,
560.000000,257.000000,0.171315,47829024.000000,0.709417,0,1
12,12,13,34,25,20,42,47,
231.000000,258.000000,0.119419,168729312.000000,3.276383,0,1
50,51,39,51,40,34,42,32,
417.000000,258.000000,0.077107,29261748.000000,0.531758,0,1
29,25,29,19,24,28,23,25,
576.000000,260.000000,0.200346,51925620.000000,1.005235,0,1
21,20,17,35,29,23,44,50,
588.000000,260.000000,0.203785,26925298.000000,1.055199,0,1
21,23,21,30,27,23,27,26,
137.000000,261.000000,0.225932,20736446.000000,1.367655,0,1
40,42,51,44,56,66,60,71,
418.000000,261.000000,0.081254,48250628.000000,0.556521,0,1
23,25,20,31,28,21,34,34,
132.000000,262.000000,0.226861,81392640.000000,6.227118,0,1
51,64,58,65,53,45,49,45,
520.000000,263.000000,0.165033,13664987.000000,0.880604,0,1
41,40,39,29,35,36,27,27,
546.000000,263.000000,0.184237,13975793.000000,0.932805,0,1
57,56,58,44,50,56,39,39,
629.000000,263.000000,0.203465,19459496.000000,1.230465,0,1
9,10,11,13,12,17,20,16,
154.000000,264.000000,0.201762,32286276.000000,2.713249,0,1
60,54,58,53,60,68,62,71,
428.000000,266.000000,0.090194,47821868.000000,0.593473,0,1
21,22,19,31,25,20,32,33,
619.000000,266.000000,0.192119,20577486.000000,1.173591,0,1
20,28,27,22,20,18,20,18,
205.000000,267.000000,0.144457,23140822.000000,3.993001,0,1
40,42,38,46,41,36,42,31,
224.000000,267.000000,0.139343,35254620.000000,3.592793,0,1
45,47,37,48,45,57,57,64,
590.000000,267.000000,0.205447,356577376.000000,1.094487,0,1
57,69,69,94,95,99,116,123,
566.000000,268.000000,0.206121,182065408.000000,1.036604,0,1
60,56,64,43,47,77,41,40,
662.000000,268.000000,0.205236,9609384.000000,1.376673,0,1
19,15,18,13,17,18,9,7,
433.000000,269.000000,0.086937,24526870.000000,0.446473,0,1
24,23,20,31,26,19,32,33,
218.000000,270.000000,0.145638,34601064.000000,1.901101,0,1
50,50,54,52,58,61,60,63,
514.000000,270.000000,0.166954,7269002.500000,0.935016,0,1
38,35,42,33,37,42,34,34,
546.000000,270.000000,0.193714,3266654.250000,0.994327,0,1
38,37,38,30,32,36,28,28,
166.000000,273.000000,0.174773,77035832.000000,2.497017,0,1
68,68,58,65,58,44,56,45,
208.000000,274.000000,0.161930,40299652.000000,4.081075,0,1
35,36,42,40,52,60,59,67,
231.000000,277.000000,0.186927,19692796.000000,0.828572,0,1
72,72,63,70,55,40,47,41,
448.000000,277.000000,0.103216,21556564.000000,0.513547,0,1
19,20,17,27,23,19,30,30,
565.000000,277.000000,0.228784,10653750.000000,1.123659,0,1
35,36,29,38,34,35,44,38,
118.000000,278.000000,0.232296,133847176.000000,2.366406,0,1
53,69,47,69,57,44,69,60,
198.000000,278.000000,0.180691,150603088.000000,2.258682,0,1
34,34,41,36,53,67,64,70,
450.000000,278.000000,0.104777,24775912.000000,0.524638,0,1
21,20,20,28,23,19,30,31,
655.000000,278.000000,0.188797,21590712.000000,1.338848,0,1
21,15,25,13,21,25,15,21,
453.000000,280.000000,0.108707,28065282.000000,0.543684,0,1
19,23,18,30,24,20,32,32,
370.000000,282.000000,0.106378,194442960.000000,0.881988,0,1
47,52,51,55,55,54,56,58,
611.000000,282.000000,0.210726,284490240.000000,1.143621,0,1
36,83,27,102,64,24,99,96,
383.000000,283.000000,0.108830,205924880.000000,0.852613,0,1
51,53,53,57,57,57,63,65,
459.000000,283.000000,0.120798,27860040.000000,0.741328,0,1
17,22,19,30,27,22,32,33,
348.000000,284.000000,0.102361,11925460.000000,0.678243,0,1
50,53,51,55,55,52,59,60,
563.000000,284.000000,0.206092,7716077.500000,1.133729,0,1
48,35,49,32,45,40,34,41,
655.000000,286.000000,0.189120,17508518.000000,1.372232,0,1
18,12,24,11,17,24,12,17,
116.000000,287.000000,0.236757,16895100.000000,2.422603,0,1
69,75,59,71,55,44,52,57,
573.000000,287.000000,0.215683,100623104.000000,1.044382,0,1
55,44,93,42,45,116,43,44,
118.000000,288.000000,0.231269,70026840.000000,6.789733,0,1
50,48,41,48,52,41,65,60,
209.000000,289.000000,0.218650,30958098.000000,1.104611,0,1
84,79,70,77,57,44,48,41,
575.000000,289.000000,0.216068,119611832.000000,0.743775,0,1
116,60,125,44,90,129,45,63,
655.000000,289.000000,0.191880,9995167.000000,1.384706,0,1
16,12,23,10,17,24,10,15,
466.000000,290.000000,0.130255,92210872.000000,0.802743,0,1
33,37,35,42,39,38,44,45,
476.000000,290.000000,0.128164,34792684.000000,0.652655,0,1
18,22,18,29,25,20,30,33,
446.000000,292.000000,0.128265,175871264.000000,0.822561,0,1
48,51,50,56,53,52,58,60,
484.000000,294.000000,0.133844,8077334.500000,0.422015,0,1
19,23,20,32,28,23,34,35,
495.000000,295.000000,0.136537,3464244.000000,0.728282,0,1
31,30,32,23,27,30,20,19,
188.000000,296.000000,0.234877,380033312.000000,4.967868,0,1
85,85,87,90,92,93,112,131,
196.000000,296.000000,0.238574,132536632.000000,1.136635,0,1
82,84,67,95,62,45,83,40,
490.000000,296.000000,0.142283,9529710.000000,0.724977,0,1
23,21,19,29,24,18,30,32,
578.000000,296.000000,0.218510,128726784.000000,1.100582,0,1
123,83,127,48,115,128,54,86,
187.000000,297.000000,0.235647,383848320.000000,4.999003,0,1
85,90,92,106,112,115,127,136,
412.000000,298.000000,0.135188,209198736.000000,0.936648,0,1
59,64,63,64,68,64,69,71,
416.000000,298.000000,0.135035,237502768.000000,0.927218,0,1
60,60,64,64,66,67,70,74,
493.000000,298.000000,0.144402,20181976.000000,0.743738,0,1
19,23,19,30,28,23,33,36,
562.000000,298.000000,0.173587,8275320.500000,1.165145,0,1
34,34,45,34,35,44,33,36,
659.000000,270.000000,0.187668,55309364.000000,1.324025,0,1
16,21,11,24,16,8,20,16,
568.000000,269.000000,0.209134,186110912.000000,0.663717,0,1
69,56,101,41,71,122,40,48,
599.000000,266.000000,0.206689,245289520.000000,1.119319,0,1
33,41,35,72,69,68,100,112,
683.000000,265.000000,0.229378,3913833.000000,1.514621,0,1
27,24,26,14,20,24,12,12,
582.000000,16.000000,0.051640,92194440.000000,0.556911,0,1
145,152,135,154,136,123,144,133,
257.000000,262.000000,0.141569,5397283.500000,0.594920,0,1
66,65,61,63,56,37,47,35,
710.000000,25.000000,0.050449,374201824.000000,0.589438,0,1
95,94,101,87,95,129,97,125,
246.000000,256.000000,0.115988,34534536.000000,1.489741,0,1
41,41,49,43,59,68,64,62,
647.000000,252.000000,0.203388,8157704.500000,1.262311,0,1
26,24,26,18,21,25,13,11,
396.000000,250.000000,0.061173,64300644.000000,0.475139,0,1
21,25,21,32,28,22,33,33,
574.000000,38.000000,0.043988,75660704.000000,0.393338,0,1
101,102,110,118,112,117,126,138,
212.000000,226.000000,0.139815,138558880.000000,3.678435,0,1
48,42,56,43,50,62,44,51,
269.000000,219.000000,0.076784,395716640.000000,2.153041,0,1
47,66,44,80,62,49,81,82,
212.000000,216.000000,0.139929,83860008.000000,3.652855,0,1
37,44,41,47,47,59,45,57,
731.000000,67.000000,0.048031,714863360.000000,0.714791,0,1
44,69,46,84,59,45,69,59,
534.000000,208.000000,0.134395,1523485.750000,0.521331,0,1
24,23,22,36,29,22,33,28,
764.000000,73.000000,0.022371,211405152.000000,0.181566,0,1
33,28,47,28,39,59,27,40,
466.000000,76.000000,0.019059,77388416.000000,0.175822,0,1
75,67,96,80,78,102,65,78,
485.000000,82.000000,0.017187,55374680.000000,0.126390,0,1
93,80,94,89,87,103,77,88,
423.000000,192.000000,0.061934,5691506.000000,0.541059,0,1
17,19,18,30,19,25,30,28,
395.000000,192.000000,0.042591,72634208.000000,0.585559,0,1
32,32,33,17,31,34,17,17,
224.000000,192.000000,0.116723,127395472.000000,1.028452,0,1
100,100,89,95,76,64,68,57,
147.000000,189.000000,0.041878,62592420.000000,1.180224,0,1
108,112,114,117,107,98,101,101,
80.000000,98.000000,0.001743,54944492.000000,0.018045,0,1
117,115,117,111,107,115,103,110,
405.000000,181.000000,0.016874,20225412.000000,0.274779,0,1
27,33,21,33,26,19,33,29,
402.000000,105.000000,0.021022,179484736.000000,0.327646,0,1
80,93,66,105,81,71,102,83,
441.000000,170.000000,0.067159,8390031.000000,0.397505,0,1
22,19,23,34,26,29,45,48,
363.000000,165.000000,0.023852,63746512.000000,0.512795,0,1
34,31,30,48,48,47,57,64,
606.000000,110.000000,0.045986,191138064.000000,0.161073,0,1
90,102,62,90,81,46,74,57,
84.000000,111.000000,0.001323,62743816.000000,0.014533,0,1
107,105,106,104,102,105,91,94,
45.000000,163.000000,0.025963,149604704.000000,0.277088,0,1
46,57,49,68,50,43,51,49,
405.000000,162.000000,0.048325,39164316.000000,0.526506,0,1
35,43,28,42,34,28,42,37,
190.000000,112.000000,0.006493,422978816.000000,0.202525,0,1
122,119,115,116,106,99,102,88,
405.000000,112.000000,0.028889,1274622.500000,0.031690,0,1
91,71,96,62,83,90,68,72,
402.000000,160.000000,0.048107,39462112.000000,0.542087,0,1
32,26,42,37,33,44,44,42,
77.000000,114.000000,0.001337,276082464.000000,0.014316,0,1
104,99,96,93,81,76,71,62,
188.000000,114.000000,0.006406,451605024.000000,0.201370,0,1
116,112,102,107,101,88,97,84,
353.000000,160.000000,0.016486,22320640.000000,0.159055,0,1
25,32,27,30,34,26,42,48,
640.000000,114.000000,0.025857,96621312.000000,0.310169,0,1
52,36,63,31,44,54,39,32,
152.000000,115.000000,0.006355,153907712.000000,0.127645,0,1
120,113,107,106,102,92,97,88,
675.000000,156.000000,0.023273,32634526.000000,0.338187,0,1
33,28,36,23,34,36,32,31,
278.000000,150.000000,0.003783,124589240.000000,0.074634,0,1
74,66,72,47,55,62,44,40,
115.000000,146.000000,0.003655,293641472.000000,0.089132,0,1
57,49,69,46,65,73,61,66,
261.000000,117.000000,0.008419,373424416.000000,0.175855,0,1
66,82,70,94,73,69,87,74,
383.000000,117.000000,0.007731,104511472.000000,0.167788,0,1
99,96,105,94,98,108,92,101,
62.000000,143.000000,0.002747,283922848.000000,0.029680,0,1
70,82,60,90,71,59,96,92,
224.000000,138.000000,0.006079,67281912.000000,0.034663,0,1
90,70,84,54,69,61,48,47,
476.000000,124.000000,0.016110,21303348.000000,0.066461,0,1
52,47,53,51,66,66,76,73,
190.000000,137.000000,0.006998,595496064.000000,0.215157,0,1
72,62,86,63,69,79,54,57,
366.000000,134.000000,0.002744,1139915392.000000,0.074717,0,1
87,88,61,84,66,45,72,52,
341.000000,134.000000,0.002649,123300400.000000,0.032005,0,1
93,91,86,86,79,61,71,55,
310.000000,133.000000,0.001796,392789152.000000,0.028510,0,1
86,72,87,68,77,94,62,68,
285.000000,132.000000,0.002021,789075968.000000,0.038482,0,1
94,101,76,103,86,80,97,79,
109.000000,130.000000,0.005848,611071104.000000,0.143314,0,1
92,83,98,75,91,101,82,85,
201.000000,293.000000,0.234105,7113488.500000,1.098899,0,1
79,79,71,79,64,46,53,42,
180.000000,286.000000,0.200673,28275852.000000,1.058720,0,1
44,45,55,48,66,73,74,77,
134.000000,133.000000,0.006851,455156544.000000,0.146727,0,1
71,70,85,69,72,97,69,74,
324.000000,133.000000,0.002309,813468160.000000,0.032505,0,1
75,90,59,88,66,63,66,47,
300.000000,134.000000,0.001913,404131072.000000,0.032545,0,1
94,79,96,75,83,93,74,83,
58.000000,125.000000,0.001237,676871168.000000,0.013613,0,1
91,87,99,83,104,119,101,116,
570.000000,25.000000,0.049011,195833280.000000,0.443735,0,1
146,119,154,120,143,157,124,131,
42.000000,248.000000,0.106497,3783535.250000,3.050363,0,1
95,95,95,93,92,90,90,87,
200.000000,122.000000,0.007229,857287680.000000,0.211839,0,1
80,82,72,86,79,64,84,75,
177.000000,142.000000,0.003832,929521280.000000,0.129198,0,1
72,84,52,69,63,40,58,49,
557.000000,55.000000,0.044714,17653860.000000,0.133154,0,1
136,142,120,142,135,120,140,133,
265.000000,215.000000,0.081120,87116696.000000,0.687454,0,1
40,42,62,41,61,83,51,75,
581.000000,72.000000,0.049010,289766688.000000,0.383807,0,1
70,88,72,110,83,71,109,98,
560.000000,74.000000,0.043856,79511224.000000,0.126788,0,1
96,95,92,124,106,88,122,122,
550.000000,77.000000,0.048864,121451960.000000,0.310782,0,1
105,111,116,92,102,115,84,88,
542.000000,80.000000,0.046844,62431420.000000,0.121285,0,1
99,102,93,113,104,101,121,119,
394.000000,85.000000,0.048793,117286816.000000,0.288044,0,1
53,58,48,107,93,79,112,113,
286.000000,192.000000,0.054753,160915408.000000,1.606819,0,1
36,38,51,40,52,62,48,74,
477.000000,180.000000,0.092121,5825638.500000,0.287528,0,1
15,19,18,33,29,20,40,36,
523.000000,103.000000,0.020909,95250456.000000,0.108615,0,1
102,107,80,95,79,71,85,66,
540.000000,109.000000,0.027324,54845848.000000,0.136275,0,1
52,57,41,80,48,39,68,46,
