# timestamp
1608635131522805504

# fx, fy, cx, cy, width, height, npoints
501.478943,501.475891,421.798767,167.658585,800,400,582

# camToWorld: translation vector, rotation quaternion
-22.138689,84.435138,3.877470,-0.503935,-0.504454,0.502819,0.488619

# Exposure time (ms)
8.397697

# Point Cloud Data : 
# u,v,idepth_scaled,idepth_hessian,maxRelBaseline,numGoodRes,status 
# color information 
300.000000,32.000000,0.245023,76841.703125,0.714803,0,1
9,6,8,4,6,8,4,4,
351.000000,160.000000,0.052951,655911232.000000,0.470091,0,1
194,193,40,167,165,22,185,175,
474.000000,161.000000,0.050508,226115680.000000,0.076117,0,1
57,198,36,233,103,29,206,152,
179.000000,168.000000,0.053440,1286155904.000000,0.630773,0,1
40,139,41,195,139,79,179,143,
335.000000,209.000000,0.052366,186073872.000000,0.141024,0,1
32,32,44,33,120,132,145,123,
493.000000,221.000000,0.067534,12447248.000000,0.222320,0,1
83,99,122,67,96,93,56,54,
750.000000,228.000000,0.080754,203146128.000000,0.672123,0,1
41,46,52,72,76,81,104,81,
745.000000,253.000000,0.103783,10227490.000000,0.814812,0,1
73,73,75,79,82,85,85,73,
454.000000,274.000000,0.117954,2217594.750000,0.401971,0,1
52,53,47,47,48,40,45,40,
263.000000,276.000000,0.240319,3308390.250000,2.286412,0,1
42,40,54,35,48,63,38,44,
734.000000,289.000000,0.139109,3448529.500000,1.012110,0,1
57,47,54,39,41,49,39,39,
272.000000,34.000000,0.233338,197042.375000,0.788652,0,1
4,7,4,9,7,4,10,10,
562.000000,151.000000,0.054696,262349360.000000,0.129414,0,1
41,139,42,247,144,25,230,105,
420.000000,164.000000,0.048108,108997504.000000,0.072556,0,1
209,248,99,179,161,31,125,37,
419.000000,178.000000,0.048063,32422800.000000,0.070036,0,1
128,245,153,237,172,51,228,70,
441.000000,182.000000,0.058552,24598804.000000,0.068222,0,1
242,99,228,48,96,219,50,58,
485.000000,184.000000,0.061858,21592580.000000,0.100754,0,1
255,151,255,40,141,172,45,43,
338.000000,209.000000,0.051297,242468576.000000,0.239868,0,1
32,49,31,114,122,21,182,91,
717.000000,228.000000,0.080825,70609024.000000,0.621670,0,1
27,32,35,47,51,55,64,51,
743.000000,228.000000,0.080484,143887168.000000,0.660481,0,1
36,41,43,67,71,72,88,80,
727.000000,232.000000,0.082281,89577808.000000,0.649353,0,1
52,47,54,67,74,81,68,69,
728.000000,232.000000,0.082180,100022984.000000,0.650114,0,1
53,50,59,70,78,84,72,71,
706.000000,235.000000,0.086399,12479738.000000,0.638902,0,1
46,40,40,50,51,52,53,54,
703.000000,255.000000,0.106137,3640973.000000,0.753900,0,1
54,61,64,60,60,60,51,47,
711.000000,255.000000,0.106696,6034434.000000,0.767560,0,1
60,67,67,59,60,62,53,51,
718.000000,255.000000,0.107405,10766569.000000,0.785440,0,1
68,69,71,62,61,63,52,53,
725.000000,255.000000,0.107258,16375385.000000,0.799537,0,1
70,75,77,63,62,61,57,52,
740.000000,255.000000,0.102647,9516896.000000,0.834289,0,1
78,83,85,72,72,71,64,62,
703.000000,256.000000,0.105990,4313127.000000,0.748443,0,1
63,60,60,51,51,52,48,48,
713.000000,256.000000,0.106412,7757585.000000,0.774356,0,1
67,62,62,53,53,52,51,51,
727.000000,256.000000,0.107599,24942782.000000,0.805456,0,1
76,61,61,57,56,54,52,51,
704.000000,271.000000,0.125993,2100949.000000,0.866733,0,1
38,39,39,48,42,39,52,55,
511.000000,263.000000,0.080795,11123923.000000,0.303214,0,1
57,59,57,58,63,61,71,57,
170.000000,148.000000,0.053407,1439974400.000000,0.655602,0,1
29,52,92,38,175,177,76,74,
538.000000,194.000000,0.053052,509809952.000000,0.163978,0,1
38,144,50,239,183,38,254,176,
532.000000,150.000000,0.050287,291035776.000000,0.130310,0,1
43,127,33,205,124,62,212,243,
504.000000,151.000000,0.051760,167461728.000000,0.091599,0,1
21,23,39,24,108,113,125,247,
526.000000,188.000000,0.053508,742875520.000000,0.144999,0,1
135,253,66,243,123,45,92,31,
156.000000,153.000000,0.053148,2092371456.000000,0.696730,0,1
84,117,34,139,72,16,91,24,
209.000000,187.000000,0.051676,539975936.000000,0.221523,0,1
242,160,221,50,135,173,43,42,
144.000000,187.000000,0.052461,1577751424.000000,0.732003,0,1
94,120,43,138,92,26,128,108,
234.000000,184.000000,0.052497,453867840.000000,0.263941,0,1
222,145,215,44,92,179,29,28,
531.000000,175.000000,0.053996,131700688.000000,0.121805,0,1
23,91,36,136,84,95,178,186,
134.000000,175.000000,0.052351,309436512.000000,0.418849,0,1
102,110,62,61,57,33,28,17,
464.000000,56.000000,0.172078,203880.187500,0.394345,0,1
4,5,5,5,5,4,4,5,
500.000000,56.000000,0.180992,211502.578125,0.417250,0,1
5,6,4,6,5,4,6,6,
648.000000,126.000000,0.107825,9046873.000000,0.544421,0,1
6,8,8,14,10,7,13,11,
671.000000,133.000000,0.117509,21876892.000000,0.640234,0,1
14,15,18,17,21,31,19,21,
672.000000,133.000000,0.117734,22838042.000000,0.644122,0,1
14,16,20,18,26,32,20,19,
319.000000,135.000000,0.078065,14621396.000000,0.804135,0,1
245,236,243,137,142,143,29,20,
327.000000,135.000000,0.075154,21892878.000000,0.736959,0,1
255,237,230,133,127,119,27,21,
649.000000,135.000000,0.104833,35261572.000000,0.537774,0,1
23,20,20,22,22,23,32,42,
649.000000,136.000000,0.104609,51740052.000000,0.533607,0,1
21,23,23,26,36,24,43,29,
647.000000,139.000000,0.104329,59995484.000000,0.526868,0,1
33,27,38,16,22,14,11,9,
478.000000,140.000000,0.076863,129142216.000000,0.116473,0,1
28,92,65,220,172,111,254,246,
514.000000,143.000000,0.052892,176964672.000000,0.079709,0,1
108,51,248,19,162,252,24,27,
543.000000,143.000000,0.054811,938702976.000000,0.156921,0,1
97,229,36,235,116,18,214,91,
500.000000,144.000000,0.052467,135509072.000000,0.055028,0,1
253,254,96,255,127,26,193,69,
577.000000,145.000000,0.053625,474883424.000000,0.202568,0,1
42,37,51,37,132,65,142,198,
405.000000,147.000000,0.041244,23408022.000000,0.065448,0,1
211,221,138,162,182,40,162,135,
322.000000,148.000000,0.052030,100527736.000000,0.597151,0,1
17,19,26,21,64,98,62,132,
417.000000,150.000000,0.056277,43964428.000000,0.061033,0,1
30,110,30,253,69,32,238,183,
412.000000,151.000000,0.038486,6849705.500000,0.016064,0,1
33,28,179,25,60,255,33,101,
365.000000,157.000000,0.050236,132887888.000000,0.076681,0,1
165,64,254,26,178,255,36,48,
535.000000,158.000000,0.052403,624017536.000000,0.140650,0,1
236,251,84,206,174,28,149,35,
297.000000,159.000000,0.053148,568254016.000000,0.172627,0,1
201,95,243,26,144,243,31,28,
490.000000,160.000000,0.050753,283808384.000000,0.076486,0,1
72,207,44,233,154,27,230,126,
526.000000,164.000000,0.053506,160539472.000000,0.097498,0,1
115,245,50,218,111,53,79,29,
455.000000,168.000000,0.051201,45283096.000000,0.039252,0,1
145,211,57,204,98,31,141,50,
363.000000,170.000000,0.056380,89237792.000000,0.092306,0,1
131,155,116,181,115,35,107,32,
36.000000,176.000000,0.051501,297842624.000000,0.126624,0,1
54,52,113,38,78,125,39,23,
367.000000,178.000000,0.049458,70166032.000000,0.074663,0,1
25,24,95,28,86,233,123,178,
368.000000,178.000000,0.039070,8449830.000000,0.029312,0,1
35,35,143,47,181,175,174,204,
520.000000,180.000000,0.052907,217438624.000000,0.110393,0,1
24,34,79,48,182,206,225,255,
534.000000,180.000000,0.052372,267879936.000000,0.123263,0,1
219,252,153,154,183,45,65,24,
454.000000,182.000000,0.050679,141628144.000000,0.134184,0,1
47,122,47,227,97,44,203,83,
418.000000,184.000000,0.049800,8337688.000000,0.046558,0,1
132,244,67,237,192,49,203,111,
493.000000,188.000000,0.054475,340995616.000000,0.105860,0,1
105,49,199,42,180,255,100,240,
541.000000,190.000000,0.053886,90662864.000000,0.162488,0,1
229,213,226,73,149,179,33,25,
567.000000,190.000000,0.052781,90229496.000000,0.204004,0,1
253,210,214,181,144,103,66,23,
39.000000,191.000000,0.053688,440541120.000000,0.277298,0,1
73,63,125,54,100,147,65,66,
477.000000,191.000000,0.053523,88692728.000000,0.120364,0,1
245,238,203,227,172,69,206,124,
578.000000,191.000000,0.051932,230559728.000000,0.219263,0,1
25,79,40,148,143,48,229,229,
441.000000,195.000000,0.046752,28885966.000000,0.053587,0,1
48,111,46,171,116,50,238,204,
438.000000,196.000000,0.046637,33568044.000000,0.079074,0,1
116,54,171,44,116,238,55,132,
575.000000,196.000000,0.052629,1234925696.000000,0.223357,0,1
45,27,176,23,111,250,80,189,
584.000000,196.000000,0.054794,170913360.000000,0.245604,0,1
78,51,59,46,61,27,32,46,
369.000000,197.000000,0.055528,101860880.000000,0.083707,0,1
63,38,160,31,130,199,44,122,
315.000000,200.000000,0.050622,88841512.000000,0.072137,0,1
246,94,236,32,104,77,32,46,
353.000000,200.000000,0.051174,18199868.000000,0.482757,0,1
121,125,154,104,127,97,63,52,
508.000000,200.000000,0.052837,88913824.000000,0.138761,0,1
248,231,235,128,146,139,50,29,
418.000000,202.000000,0.054705,132589256.000000,0.114913,0,1
242,214,143,103,114,83,53,35,
381.000000,207.000000,0.054839,30857492.000000,0.400537,0,1
38,42,44,30,35,35,53,216,
357.000000,208.000000,0.052318,240989424.000000,0.207042,0,1
33,32,31,36,101,25,184,200,
391.000000,208.000000,0.054731,78719800.000000,0.090799,0,1
46,39,35,92,104,42,180,124,
392.000000,208.000000,0.053959,15667778.000000,0.344346,0,1
47,39,30,100,73,26,196,109,
380.000000,209.000000,0.051939,57296232.000000,0.394027,0,1
33,27,116,23,75,193,28,47,
584.000000,220.000000,0.055630,120291224.000000,0.278021,0,1
44,52,48,73,61,48,76,68,
484.000000,221.000000,0.062846,17440608.000000,0.216829,0,1
82,83,83,57,76,57,54,49,
671.000000,228.000000,0.081805,22127390.000000,0.550280,0,1
20,20,21,27,28,25,43,42,
687.000000,228.000000,0.080925,55970664.000000,0.575506,0,1
24,26,26,38,37,39,59,48,
690.000000,228.000000,0.080892,64210372.000000,0.580554,0,1
25,27,27,38,41,42,61,45,
696.000000,228.000000,0.080915,52873428.000000,0.590792,0,1
25,27,27,41,42,45,64,47,
704.000000,228.000000,0.080918,105026024.000000,0.600894,0,1
27,29,33,49,52,57,63,53,
577.000000,232.000000,0.078895,16786084.000000,0.370804,0,1
61,59,80,41,53,62,40,44,
584.000000,232.000000,0.056609,30277348.000000,0.267252,0,1
71,75,55,59,51,42,40,38,
681.000000,232.000000,0.082366,36480248.000000,0.576968,0,1
44,28,29,28,29,34,47,40,
689.000000,232.000000,0.080714,23087302.000000,0.553861,0,1
46,31,31,44,43,41,51,45,
671.000000,233.000000,0.083147,14482344.000000,0.563821,0,1
31,29,29,34,35,36,38,39,
679.000000,233.000000,0.082554,23715950.000000,0.568978,0,1
28,28,29,40,43,49,39,39,
701.000000,235.000000,0.086016,13256685.000000,0.633156,0,1
41,39,39,47,47,48,51,53,
662.000000,254.000000,0.105951,11966971.000000,0.675448,0,1
39,38,39,45,43,44,53,55,
664.000000,254.000000,0.106099,17646642.000000,0.679629,0,1
39,39,39,43,44,45,51,54,
673.000000,254.000000,0.105637,14264188.000000,0.621505,0,1
45,42,42,46,45,47,52,46,
680.000000,254.000000,0.105622,10157447.000000,0.711751,0,1
48,46,46,48,49,51,55,45,
148.000000,256.000000,0.081842,5313893.500000,1.080641,0,1
34,33,32,30,28,26,23,21,
693.000000,256.000000,0.106264,17212910.000000,0.732638,0,1
57,56,58,49,50,49,45,42,
559.000000,259.000000,0.145092,2038363.250000,0.531922,0,1
43,41,43,41,47,44,49,51,
560.000000,259.000000,0.151881,1828984.500000,0.551102,0,1
43,43,42,44,46,43,53,49,
487.000000,263.000000,0.076145,3572484.500000,0.389925,0,1
46,49,48,52,55,56,61,65,
489.000000,263.000000,0.084860,6188281.000000,0.415076,0,1
46,48,46,55,56,51,63,61,
310.000000,265.000000,0.110195,4752181.000000,1.203569,0,1
39,44,42,48,52,46,54,55,
484.000000,265.000000,0.045645,2481832.250000,0.274135,0,1
51,56,59,52,60,66,53,50,
511.000000,265.000000,0.058369,8076052.500000,0.298754,0,1
63,71,66,54,57,53,61,63,
473.000000,267.000000,0.116249,4364115.500000,0.379009,0,1
42,42,44,45,50,52,54,56,
568.000000,267.000000,0.117431,3439461.250000,0.398307,0,1
32,31,39,35,39,42,40,43,
567.000000,269.000000,0.118371,2729412.750000,0.497020,0,1
36,36,43,31,38,44,34,35,
290.000000,271.000000,0.070584,16755235.000000,1.058617,0,1
42,37,49,30,43,54,33,34,
318.000000,271.000000,0.068889,2324021.750000,0.104379,0,1
45,54,43,65,51,43,65,56,
519.000000,271.000000,0.097149,3486699.250000,0.472437,0,1
49,48,53,40,45,47,38,36,
440.000000,272.000000,0.132557,2293882.250000,0.436011,0,1
34,34,38,34,42,43,38,41,
500.000000,272.000000,0.047100,13396054.000000,0.287593,0,1
60,52,56,49,51,51,45,46,
310.000000,273.000000,0.055961,8795870.000000,0.847823,0,1
48,43,53,38,51,62,44,44,
292.000000,275.000000,0.053664,10136310.000000,0.418795,0,1
42,35,41,37,46,47,50,53,
312.000000,275.000000,0.055327,6206362.500000,0.424386,0,1
62,58,63,44,53,64,43,45,
430.000000,276.000000,0.093373,800110.750000,0.356267,0,1
41,40,40,36,37,36,35,34,
293.000000,283.000000,0.066391,1769285.125000,0.927595,0,1
51,46,47,38,41,40,35,33,
522.000000,146.000000,0.052793,409854304.000000,0.120972,0,1
186,247,74,168,174,26,115,30,
487.000000,162.000000,0.054042,359009920.000000,0.084531,0,1
170,59,229,24,129,215,33,34,
529.000000,215.000000,0.054135,835017536.000000,0.175000,0,1
106,98,163,77,147,201,76,135,
402.000000,183.000000,0.050437,89800560.000000,0.102235,0,1
30,36,40,42,90,51,109,129,
123.000000,184.000000,0.052554,1154878720.000000,0.440353,0,1
57,115,28,142,74,21,113,83,
507.000000,143.000000,0.053496,216800272.000000,0.098701,0,1
22,23,83,21,127,171,96,248,
504.000000,156.000000,0.050531,100435616.000000,0.090924,0,1
245,114,251,23,143,190,25,24,
512.000000,184.000000,0.052749,335742624.000000,0.104352,0,1
222,135,250,42,165,123,54,29,
535.000000,130.000000,0.070085,70370472.000000,0.178791,0,1
178,178,203,138,153,167,48,19,
337.000000,135.000000,0.073130,35343324.000000,0.668866,0,1
253,205,207,87,87,80,24,20,
414.000000,142.000000,0.073164,5019059.500000,0.044963,0,1
20,36,21,96,44,21,132,23,
489.000000,143.000000,0.052390,241769424.000000,0.084257,0,1
99,52,199,20,116,228,25,26,
385.000000,144.000000,0.054492,59285412.000000,0.122424,0,1
109,151,82,122,80,22,83,33,
78.000000,148.000000,0.051110,708158720.000000,0.372638,0,1
15,28,37,34,76,59,68,103,
147.000000,150.000000,0.052815,924817024.000000,0.728188,0,1
161,117,165,35,118,171,28,20,
330.000000,150.000000,0.053018,195872368.000000,0.235162,0,1
188,106,233,23,104,178,21,20,
424.000000,155.000000,0.044981,127439008.000000,0.067787,0,1
33,112,24,165,47,20,64,26,
584.000000,155.000000,0.054903,1565988864.000000,0.218432,0,1
134,163,66,164,102,30,139,78,
301.000000,160.000000,0.053999,363081312.000000,0.709671,0,1
182,239,90,203,181,77,122,28,
409.000000,163.000000,0.051301,4859637.500000,0.022651,0,1
23,27,28,39,65,37,117,108,
184.000000,168.000000,0.053290,1245488512.000000,0.616899,0,1
22,70,44,113,122,48,152,89,
475.000000,169.000000,0.052486,198286720.000000,0.196696,0,1
180,140,221,80,156,164,41,25,
505.000000,176.000000,0.053013,470839968.000000,0.106930,0,1
28,30,142,44,152,246,157,157,
555.000000,184.000000,0.053331,97302296.000000,0.180190,0,1
161,41,59,19,29,28,18,15,
71.000000,188.000000,0.052361,896826112.000000,0.396235,0,1
158,110,175,48,99,140,39,32,
544.000000,192.000000,0.054176,452791616.000000,0.173943,0,1
92,141,38,48,58,24,36,25,
535.000000,193.000000,0.053119,274351296.000000,0.159526,0,1
26,36,54,74,119,144,171,249,
466.000000,195.000000,0.052414,144202544.000000,0.139200,0,1
38,50,87,91,167,178,196,221,
113.000000,196.000000,0.052070,824801600.000000,0.183923,0,1
189,199,138,180,113,33,132,82,
219.000000,196.000000,0.052811,1051426304.000000,0.521085,0,1
197,119,160,43,138,140,40,26,
168.000000,199.000000,0.052553,602135616.000000,0.270150,0,1
19,51,22,135,47,27,143,139,
388.000000,200.000000,0.054707,73590768.000000,0.370919,0,1
38,39,101,34,84,144,42,90,
467.000000,200.000000,0.052107,278530336.000000,0.152225,0,1
188,192,118,195,144,82,127,45,
556.000000,200.000000,0.052554,217468752.000000,0.194389,0,1
180,88,91,20,33,28,19,22,
624.000000,204.000000,0.078029,81776240.000000,0.519256,0,1
14,18,11,20,14,11,18,14,
54.000000,207.000000,0.055394,608098496.000000,0.272475,0,1
66,84,47,83,65,24,36,19,
527.000000,209.000000,0.054244,660494208.000000,0.177693,0,1
72,130,39,202,81,53,132,70,
624.000000,210.000000,0.078054,81044944.000000,0.521605,0,1
14,18,11,20,14,11,18,13,
132.000000,212.000000,0.053174,572756160.000000,0.436012,0,1
21,40,37,68,87,48,127,94,
478.000000,220.000000,0.063491,77502408.000000,0.218343,0,1
77,111,76,125,88,55,87,60,
499.000000,224.000000,0.072028,99744416.000000,0.244569,0,1
120,74,72,63,60,58,56,52,
513.000000,224.000000,0.065853,115198528.000000,0.230918,0,1
77,63,63,50,49,48,47,45,
632.000000,229.000000,0.081740,90908000.000000,0.578688,0,1
17,16,17,17,23,24,26,27,
647.000000,229.000000,0.080661,34959812.000000,0.604010,0,1
18,21,20,30,30,27,36,23,
653.000000,229.000000,0.081037,70617608.000000,0.621444,0,1
17,20,20,29,33,38,37,25,
627.000000,231.000000,0.082377,56621560.000000,0.573572,0,1
13,14,15,22,20,20,29,34,
628.000000,232.000000,0.082107,64422624.000000,0.574177,0,1
15,20,20,29,27,28,34,36,
635.000000,233.000000,0.082722,26243170.000000,0.596307,0,1
25,27,27,36,36,35,39,32,
651.000000,233.000000,0.082861,50271016.000000,0.635560,0,1
21,20,22,36,37,36,37,35,
618.000000,237.000000,0.088153,10093468.000000,0.604076,0,1
25,24,22,44,35,29,47,46,
620.000000,241.000000,0.095521,4968732.500000,0.677994,0,1
46,43,47,36,39,44,36,35,
641.000000,247.000000,0.097149,8738094.000000,0.753770,0,1
44,45,41,53,49,42,52,50,
236.000000,254.000000,0.094158,26270212.000000,1.646784,0,1
57,69,67,67,63,55,58,51,
195.000000,263.000000,0.108548,57955832.000000,2.226703,0,1
30,29,31,33,38,40,44,40,
620.000000,264.000000,0.089837,1095336.250000,0.644605,0,1
34,32,32,31,30,31,30,29,
439.000000,265.000000,0.102898,5197205.000000,0.565485,0,1
50,44,49,36,43,48,34,35,
226.000000,266.000000,0.109118,10293890.000000,0.996723,0,1
28,28,28,33,33,31,39,40,
303.000000,267.000000,0.117262,5600639.500000,1.331601,0,1
39,39,39,42,46,43,47,48,
453.000000,267.000000,0.113984,3071565.750000,0.562515,0,1
32,36,34,42,40,36,45,44,
409.000000,268.000000,0.110337,1309463.625000,0.708775,0,1
34,39,33,46,38,33,43,38,
426.000000,268.000000,0.108866,1610844.000000,0.647427,0,1
30,33,31,34,34,32,36,40,
406.000000,269.000000,0.100903,1887804.375000,0.705379,0,1
42,42,46,36,42,43,36,38,
521.000000,271.000000,0.072785,15013577.000000,0.385618,0,1
50,53,50,45,47,47,40,38,
264.000000,288.000000,0.064981,7315146.000000,1.362127,0,1
28,26,28,25,26,28,24,24,
536.000000,145.000000,0.052998,635884992.000000,0.141659,0,1
177,86,222,21,122,213,22,20,
272.000000,194.000000,0.052463,144691040.000000,0.082695,0,1
178,230,126,237,106,33,141,26,
575.000000,150.000000,0.053318,565416768.000000,0.161977,0,1
32,66,101,107,175,210,209,222,
191.000000,151.000000,0.051955,386269888.000000,0.131430,0,1
80,35,210,26,66,230,20,19,
585.000000,190.000000,0.057267,216714512.000000,0.236656,0,1
29,70,28,47,52,22,46,24,
531.000000,190.000000,0.052805,371724000.000000,0.151457,0,1
23,65,33,111,139,33,222,210,
523.000000,195.000000,0.052593,815303360.000000,0.145083,0,1
236,241,132,147,164,45,97,35,
424.000000,190.000000,0.050684,70785712.000000,0.084790,0,1
71,64,126,55,130,164,88,166,
434.000000,188.000000,0.052349,163916768.000000,0.078891,0,1
103,156,74,188,104,53,160,104,
503.000000,192.000000,0.052501,577890176.000000,0.116965,0,1
168,249,82,160,166,36,124,38,
249.000000,171.000000,0.052820,847241600.000000,0.241221,0,1
84,112,55,179,100,26,134,59,
305.000000,200.000000,0.054873,427057536.000000,0.178906,0,1
58,47,146,77,110,146,45,83,
306.000000,124.000000,0.084296,109153568.000000,0.135203,0,1
19,21,60,20,92,221,30,39,
587.000000,124.000000,0.076594,194574176.000000,0.664084,0,1
21,29,18,30,23,21,30,23,
567.000000,127.000000,0.075651,421417824.000000,0.378704,0,1
128,162,144,202,181,153,217,205,
584.000000,130.000000,0.074745,322824128.000000,0.631699,0,1
32,35,28,28,19,24,22,16,
607.000000,135.000000,0.084154,74477904.000000,0.820960,0,1
6,6,9,7,7,12,16,27,
608.000000,136.000000,0.084271,83809424.000000,0.825969,0,1
9,7,12,16,20,24,27,26,
591.000000,138.000000,0.078813,95375984.000000,0.697011,0,1
21,21,27,28,38,49,48,54,
600.000000,139.000000,0.084180,129132928.000000,0.792913,0,1
33,43,39,50,39,31,29,23,
581.000000,140.000000,0.075420,78987376.000000,0.625943,0,1
11,13,21,22,26,34,42,38,
344.000000,143.000000,0.045632,17082288.000000,0.039748,0,1
20,56,21,117,71,20,119,37,
439.000000,143.000000,0.053262,44665936.000000,0.150011,0,1
20,22,22,23,62,25,97,239,
287.000000,146.000000,0.052847,757606656.000000,0.774183,0,1
148,55,144,24,135,183,57,129,
602.000000,148.000000,0.064038,79205952.000000,0.565825,0,1
15,18,10,18,17,8,19,13,
141.000000,154.000000,0.052771,566416320.000000,0.238362,0,1
13,23,17,47,83,28,150,169,
369.000000,168.000000,0.057127,14773226.000000,0.394771,0,1
247,165,89,49,51,29,31,27,
79.000000,169.000000,0.053221,1964413440.000000,0.297699,0,1
97,116,57,97,85,29,63,25,
557.000000,173.000000,0.054312,471987392.000000,0.242495,0,1
14,17,18,51,72,46,156,174,
87.000000,175.000000,0.053150,1771748992.000000,0.509934,0,1
112,150,148,109,149,107,74,23,
481.000000,176.000000,0.052660,428448960.000000,0.137099,0,1
31,27,107,30,113,199,103,228,
604.000000,178.000000,0.069456,38977000.000000,0.649279,0,1
20,20,15,24,17,11,20,16,
614.000000,190.000000,0.074296,57276144.000000,0.721995,0,1
8,7,13,7,8,16,7,9,
606.000000,194.000000,0.070550,101099120.000000,0.653589,0,1
16,19,12,20,16,9,18,15,
294.000000,195.000000,0.052714,338593952.000000,0.184814,0,1
220,153,187,83,94,176,29,27,
394.000000,195.000000,0.044162,33201760.000000,0.047246,0,1
62,114,54,123,98,44,129,98,
419.000000,197.000000,0.052621,159714528.000000,0.102484,0,1
48,56,56,123,115,137,176,214,
309.000000,199.000000,0.051591,221733232.000000,0.674350,0,1
34,54,29,131,97,26,135,76,
332.000000,200.000000,0.053230,251239616.000000,0.570517,0,1
104,149,50,154,118,28,107,47,
346.000000,202.000000,0.052729,137355888.000000,0.531430,0,1
134,70,168,44,130,158,56,48,
400.000000,203.000000,0.056385,79180768.000000,0.323661,0,1
51,114,99,46,43,40,36,41,
510.000000,214.000000,0.059173,87988808.000000,0.211957,0,1
69,94,85,117,121,104,164,160,
467.000000,216.000000,0.060182,115499312.000000,0.161130,0,1
71,68,77,92,90,101,135,142,
620.000000,223.000000,0.075385,18958116.000000,0.770188,0,1
17,15,18,9,14,19,8,9,
621.000000,224.000000,0.075999,7957169.500000,0.782080,0,1
18,14,19,8,12,14,9,9,
603.000000,235.000000,0.086474,104858440.000000,0.863807,0,1
17,20,18,27,24,23,34,34,
222.000000,254.000000,0.091227,23875876.000000,1.695905,0,1
47,47,51,44,44,52,38,37,
248.000000,257.000000,0.097905,66880092.000000,1.619912,0,1
57,61,50,72,58,52,60,51,
501.000000,257.000000,0.107983,15268692.000000,0.472363,0,1
43,38,40,45,45,44,51,53,
239.000000,259.000000,0.096336,64281412.000000,1.653704,0,1
57,56,56,54,48,46,40,37,
439.000000,262.000000,0.111030,7171681.500000,0.368643,0,1
34,35,36,40,41,41,47,48,
440.000000,262.000000,0.105750,2534499.250000,0.533742,0,1
35,35,36,41,42,39,50,49,
522.000000,263.000000,0.058251,6186428.000000,0.320988,0,1
45,48,45,56,47,41,51,45,
382.000000,265.000000,0.111611,6859508.000000,0.799160,0,1
31,32,32,37,38,37,42,44,
537.000000,265.000000,0.067027,7304182.000000,0.369956,0,1
57,52,54,42,45,46,39,38,
354.000000,268.000000,0.101196,3610078.750000,0.867404,0,1
40,39,39,36,36,37,33,30,
470.000000,269.000000,0.078551,8130286.500000,0.340807,0,1
46,48,52,42,49,52,40,44,
382.000000,272.000000,0.087923,5554218.500000,0.795359,0,1
37,34,37,31,35,35,30,29,
384.000000,272.000000,0.089005,5290384.000000,0.828318,0,1
39,37,35,35,35,29,33,32,
520.000000,272.000000,0.073543,23098650.000000,0.378337,0,1
53,45,47,38,40,43,36,37,
244.000000,288.000000,0.068102,1876043.750000,1.386078,0,1
32,28,30,24,26,28,24,24,
224.000000,256.000000,0.092924,40373420.000000,0.845485,0,1
52,42,50,37,43,50,35,33,
544.000000,222.000000,0.055691,1840325376.000000,0.245654,0,1
76,144,50,182,145,33,189,98,
556.000000,221.000000,0.063489,207500400.000000,0.303212,0,1
45,47,60,33,57,70,41,48,
384.000000,142.000000,0.067918,8289272.000000,0.028235,0,1
19,27,31,57,90,81,107,129,
210.000000,199.000000,0.054809,1014114624.000000,0.560519,0,1
50,37,47,29,70,43,45,84,
379.000000,157.000000,0.058294,4711210.500000,0.132384,0,1
161,152,126,132,87,37,59,25,
555.000000,157.000000,0.053867,1694983808.000000,0.236588,0,1
152,55,173,14,85,194,17,30,
156.000000,165.000000,0.052782,736982976.000000,0.697242,0,1
17,40,35,76,110,34,182,137,
578.000000,121.000000,0.077622,1829259392.000000,0.646723,0,1
36,58,29,58,42,28,55,41,
519.000000,211.000000,0.054144,448955584.000000,0.201515,0,1
135,111,185,55,102,150,56,70,
496.000000,209.000000,0.053500,729135424.000000,0.170034,0,1
84,131,80,169,70,41,104,73,
300.000000,147.000000,0.053673,192214336.000000,0.167906,0,1
20,28,51,24,123,44,99,223,
575.000000,135.000000,0.076666,1521918336.000000,0.916584,0,1
14,24,16,60,44,22,60,41,
572.000000,137.000000,0.075315,2459847424.000000,0.879403,0,1
47,35,72,14,30,43,14,21,
423.000000,141.000000,0.048547,65098044.000000,0.099026,0,1
20,25,27,41,59,60,146,107,
456.000000,142.000000,0.049991,408933792.000000,0.155509,0,1
39,82,37,131,43,20,29,17,
378.000000,143.000000,0.046523,15517585.000000,0.351885,0,1
20,25,30,39,61,67,140,182,
381.000000,148.000000,0.043889,14973958.000000,0.032629,0,1
161,142,189,54,125,164,28,25,
435.000000,153.000000,0.052688,332352704.000000,0.162923,0,1
25,28,58,28,129,144,159,143,
572.000000,153.000000,0.053344,10289731584.000000,0.560826,0,1
86,37,176,16,91,208,23,27,
404.000000,160.000000,0.045482,106578480.000000,0.065045,0,1
25,35,29,71,108,30,169,203,
543.000000,160.000000,0.053889,4719453184.000000,0.335153,0,1
79,193,40,173,115,22,195,114,
584.000000,160.000000,0.053324,1984690944.000000,0.596441,0,1
58,44,26,17,21,22,15,18,
80.000000,162.000000,0.052306,3786551808.000000,0.361562,0,1
124,137,81,141,66,24,61,27,
146.000000,163.000000,0.052560,4871814144.000000,0.727652,0,1
123,129,47,157,87,17,137,120,
576.000000,163.000000,0.053461,7780191232.000000,0.573814,0,1
140,193,122,196,164,46,85,28,
370.000000,166.000000,0.049567,50197408.000000,0.075202,0,1
28,138,29,225,128,24,177,37,
96.000000,169.000000,0.054643,1717562880.000000,0.509380,0,1
23,38,24,146,93,30,190,109,
576.000000,173.000000,0.054099,2166153984.000000,0.582703,0,1
23,23,32,21,108,134,146,222,
573.000000,175.000000,0.053497,5077184512.000000,0.566235,0,1
17,17,57,17,118,203,70,60,
573.000000,176.000000,0.053427,2715617280.000000,0.394192,0,1
26,44,177,20,180,211,25,19,
584.000000,176.000000,0.053821,12337099776.000000,0.603872,0,1
127,169,75,176,100,32,113,59,
579.000000,178.000000,0.052756,2876259840.000000,0.574510,0,1
210,158,198,32,111,169,21,29,
139.000000,182.000000,0.054664,2197104384.000000,0.313434,0,1
31,39,91,42,93,138,98,134,
183.000000,183.000000,0.052724,2636290816.000000,0.619271,0,1
161,120,165,42,129,134,37,22,
373.000000,184.000000,0.051610,98576824.000000,0.392181,0,1
120,50,120,28,72,133,31,48,
84.000000,189.000000,0.053025,2644318720.000000,0.520836,0,1
17,59,19,80,51,17,83,64,
130.000000,189.000000,0.052527,4528970752.000000,0.431067,0,1
33,99,35,136,83,21,98,46,
408.000000,195.000000,0.055034,512809472.000000,0.285802,0,1
126,159,57,147,129,31,177,134,
577.000000,200.000000,0.052165,600443200.000000,0.566485,0,1
226,116,123,30,34,36,23,25,
459.000000,207.000000,0.052925,259023488.000000,0.192762,0,1
36,34,34,77,89,54,101,79,
492.000000,207.000000,0.053347,1600508032.000000,0.249423,0,1
29,22,78,20,58,155,26,79,
571.000000,207.000000,0.057016,1922165888.000000,0.616215,0,1
14,22,27,55,74,82,110,112,
584.000000,207.000000,0.056394,381059776.000000,0.649045,0,1
16,19,16,22,22,19,41,43,
426.000000,208.000000,0.052196,283922176.000000,0.247802,0,1
39,62,36,106,100,34,112,95,
579.000000,208.000000,0.056477,446303392.000000,0.634710,0,1
15,37,31,67,59,45,79,93,
584.000000,208.000000,0.056464,681611904.000000,0.650520,0,1
16,23,20,42,34,25,54,46,
594.000000,210.000000,0.055956,23862260.000000,0.676274,0,1
15,19,16,32,25,20,34,26,
567.000000,221.000000,0.070523,204813168.000000,0.553880,0,1
46,49,47,82,81,80,102,109,
535.000000,224.000000,0.068646,976155136.000000,0.455336,0,1
91,90,94,67,67,67,45,39,
270.000000,258.000000,0.100597,155115232.000000,1.464009,0,1
44,54,52,37,45,31,31,27,
180.000000,261.000000,0.099452,127469024.000000,1.075343,0,1
44,40,41,31,31,30,26,25,
491.000000,264.000000,0.044726,15267009.000000,0.276599,0,1
45,54,46,63,56,47,60,56,
577.000000,265.000000,0.059616,63971664.000000,0.721100,0,1
45,41,49,39,43,51,38,40,
576.000000,129.000000,0.074730,1229807104.000000,0.893545,0,1
73,88,59,96,74,49,32,16,
544.000000,207.000000,0.054305,3064547072.000000,0.351874,0,1
46,126,30,178,69,20,104,62,
496.000000,207.000000,0.052963,786941056.000000,0.254242,0,1
29,71,23,155,84,24,131,70,
570.000000,191.000000,0.053037,1142412416.000000,0.387759,0,1
215,103,227,37,131,136,23,20,
584.000000,151.000000,0.056171,5495825920.000000,0.441947,0,1
51,136,54,183,127,33,184,134,
397.000000,182.000000,0.048863,162558608.000000,0.074202,0,1
63,127,46,106,106,33,90,39,
428.000000,161.000000,0.055037,468815168.000000,0.122889,0,1
26,28,72,27,113,178,98,160,
395.000000,184.000000,0.049079,97604632.000000,0.112541,0,1
106,83,90,36,45,39,32,44,
287.000000,210.000000,0.053753,137375600.000000,0.203356,0,1
27,23,60,22,42,136,22,32,
188.000000,103.000000,0.176959,1894572416.000000,2.752199,0,1
9,9,12,8,15,11,7,6,
211.000000,103.000000,0.177314,5704495104.000000,2.447922,0,1
8,10,15,7,14,7,8,7,
189.000000,104.000000,0.176738,1189441664.000000,2.749420,0,1
12,15,11,7,7,7,6,6,
71.000000,147.000000,0.051763,4680892928.000000,0.422799,0,1
11,15,13,65,59,17,105,54,
358.000000,150.000000,0.051729,25236648.000000,0.058250,0,1
148,51,158,21,85,151,24,26,
87.000000,155.000000,0.052990,7799885824.000000,0.507092,0,1
123,141,82,91,104,39,51,21,
558.000000,161.000000,0.053402,6643379200.000000,0.520725,0,1
203,172,132,77,154,43,72,28,
544.000000,163.000000,0.054552,14712987648.000000,0.657925,0,1
43,114,22,185,40,15,86,36,
391.000000,165.000000,0.050267,149899984.000000,0.109204,0,1
26,78,30,156,121,27,147,47,
398.000000,168.000000,0.055383,196145584.000000,0.300386,0,1
28,29,61,27,42,97,25,33,
384.000000,171.000000,0.055798,245208672.000000,0.335774,0,1
160,136,127,95,85,57,34,27,
150.000000,172.000000,0.052126,1579061632.000000,0.709479,0,1
21,27,38,31,66,97,81,110,
563.000000,180.000000,0.053366,4212468224.000000,0.536696,0,1
14,30,18,93,78,22,159,199,
348.000000,183.000000,0.047413,136509776.000000,0.071969,0,1
146,189,84,179,136,29,178,149,
128.000000,192.000000,0.053605,3133999360.000000,0.368279,0,1
114,73,62,68,110,94,145,161,
558.000000,194.000000,0.053079,12300858368.000000,0.694588,0,1
17,23,45,41,98,144,133,165,
406.000000,198.000000,0.052448,414502528.000000,0.294090,0,1
146,67,169,41,116,131,46,43,
203.000000,200.000000,0.052612,3386481920.000000,0.567456,0,1
63,126,24,112,64,18,112,34,
534.000000,200.000000,0.053673,947261440.000000,0.464784,0,1
203,95,172,42,62,72,24,24,
442.000000,201.000000,0.053513,1438077696.000000,0.237789,0,1
177,196,124,158,140,83,78,37,
232.000000,202.000000,0.052703,3467413248.000000,0.486294,0,1
95,49,159,33,130,196,105,136,
542.000000,205.000000,0.053692,3124795648.000000,0.489574,0,1
25,30,30,60,105,46,157,178,
562.000000,205.000000,0.053832,3847886592.000000,0.547927,0,1
23,20,51,19,74,90,29,87,
250.000000,210.000000,0.053403,783858432.000000,0.997137,0,1
34,38,51,99,105,133,159,134,
178.000000,211.000000,0.053503,978201920.000000,0.653497,0,1
30,27,30,67,78,66,111,108,
243.000000,211.000000,0.051922,988586496.000000,1.026241,0,1
28,24,96,18,58,150,26,58,
256.000000,211.000000,0.052269,1639418880.000000,0.971489,0,1
21,37,18,116,40,16,70,48,
506.000000,237.000000,0.082152,356638208.000000,0.727973,0,1
66,65,68,44,52,50,38,34,
513.000000,237.000000,0.078551,144243040.000000,0.712765,0,1
64,57,57,50,47,43,43,38,
252.000000,250.000000,0.094119,197546800.000000,1.514117,0,1
39,42,40,47,48,45,61,62,
271.000000,251.000000,0.091767,87359752.000000,1.263169,0,1
55,64,53,70,59,33,56,40,
127.000000,260.000000,0.101843,189691856.000000,1.360960,0,1
37,37,38,33,33,31,27,24,
132.000000,260.000000,0.098059,596594496.000000,1.335552,0,1
42,40,44,31,35,38,28,24,
555.000000,212.000000,0.056288,2862991872.000000,0.746671,0,1
51,42,67,39,59,80,51,56,
273.000000,210.000000,0.052231,245605456.000000,0.389420,0,1
21,24,16,27,39,15,66,64,
544.000000,208.000000,0.053915,4648859136.000000,0.499266,0,1
67,141,29,120,55,20,83,74,
542.000000,208.000000,0.053616,2920460544.000000,0.490342,0,1
162,167,141,73,120,55,82,88,
252.000000,201.000000,0.052309,836268032.000000,0.438608,0,1
32,37,90,41,126,175,120,140,
544.000000,147.000000,0.055836,2685467392.000000,0.680170,0,1
37,63,34,49,31,24,24,14,
428.000000,193.000000,0.052908,909472384.000000,0.197858,0,1
177,175,175,185,127,77,78,38,
544.000000,187.000000,0.054796,12227305472.000000,0.665680,0,1
40,151,32,245,90,24,168,81,
387.000000,158.000000,0.050596,202836416.000000,0.084841,0,1
136,67,153,26,94,151,29,27,
560.000000,174.000000,0.053728,2628285440.000000,0.531328,0,1
16,46,35,150,55,27,80,40,
562.000000,165.000000,0.054211,4997453312.000000,0.542441,0,1
21,29,45,31,112,141,94,138,
452.000000,217.000000,0.062967,747210752.000000,0.336740,0,1
103,161,95,166,134,91,147,135,
544.000000,159.000000,0.054015,9938137088.000000,0.649792,0,1
22,79,20,193,40,14,115,43,
561.000000,194.000000,0.053464,2385129216.000000,0.712718,0,1
19,48,28,130,131,31,212,155,
526.000000,127.000000,0.072381,1672786688.000000,0.875744,0,1
59,60,72,57,70,85,65,79,
527.000000,131.000000,0.073618,1503683712.000000,0.899500,0,1
92,70,89,28,33,35,16,15,
492.000000,209.000000,0.053300,4208488448.000000,0.358001,0,1
58,26,133,27,79,169,47,69,
404.000000,169.000000,0.040527,154973504.000000,0.094898,0,1
93,87,144,64,111,144,47,43,
492.000000,168.000000,0.052721,4948220928.000000,0.334340,0,1
39,40,161,27,116,151,50,28,
381.000000,183.000000,0.050381,374372352.000000,0.092576,0,1
26,28,50,29,70,124,52,106,
424.000000,141.000000,0.057110,158122000.000000,0.267263,0,1
20,26,27,54,61,59,155,97,
332.000000,143.000000,0.057058,117849280.000000,0.557085,0,1
23,27,70,23,115,169,32,68,
535.000000,143.000000,0.053171,11408014336.000000,0.805474,0,1
18,18,82,20,81,205,26,45,
337.000000,149.000000,0.047742,197973984.000000,0.072039,0,1
113,174,28,219,83,17,167,119,
534.000000,160.000000,0.053113,2182125056.000000,0.599275,0,1
227,126,99,20,45,24,16,14,
37.000000,163.000000,0.052472,8625606656.000000,0.506924,0,1
170,149,115,130,90,28,75,32,
508.000000,164.000000,0.053325,12250823680.000000,0.675603,0,1
48,204,38,238,103,24,90,31,
424.000000,168.000000,0.052578,1074125184.000000,0.238336,0,1
30,38,68,36,119,147,98,105,
217.000000,172.000000,0.052436,2039006464.000000,0.518274,0,1
33,38,127,27,118,200,56,50,
503.000000,177.000000,0.053075,11589560320.000000,0.651108,0,1
23,23,86,21,87,212,27,33,
389.000000,180.000000,0.050372,415207392.000000,0.146203,0,1
143,117,155,42,105,122,39,32,
379.000000,191.000000,0.053610,591572352.000000,0.365374,0,1
49,37,102,33,75,143,88,117,
289.000000,202.000000,0.050834,147355328.000000,0.786752,0,1
13,19,13,26,18,19,43,35,
439.000000,202.000000,0.053239,1533136512.000000,0.309594,0,1
180,152,158,75,82,78,39,39,
424.000000,207.000000,0.053515,658718208.000000,0.276511,0,1
42,37,39,27,59,50,40,97,
518.000000,207.000000,0.053657,7840766976.000000,0.564978,0,1
45,41,135,20,96,178,28,89,
478.000000,242.000000,0.090211,237912096.000000,1.315093,0,1
36,30,33,32,35,44,33,35,
483.000000,242.000000,0.089899,153900736.000000,1.356355,0,1
38,37,35,44,43,41,54,45,
261.000000,252.000000,0.097687,48653284.000000,1.410429,0,1
34,37,40,42,46,54,47,47,
336.000000,264.000000,0.113572,504989824.000000,1.032408,0,1
33,33,34,36,36,35,41,42,
449.000000,208.000000,0.054479,1737395328.000000,0.353177,0,1
32,28,68,23,61,92,29,65,
301.000000,204.000000,0.053992,910067904.000000,0.321755,0,1
175,143,131,45,64,37,24,22,
484.000000,200.000000,0.054024,4046223104.000000,0.448633,0,1
199,207,115,160,154,74,88,38,
508.000000,191.000000,0.052711,7185443840.000000,0.672024,0,1
24,26,25,31,41,28,82,174,
241.000000,180.000000,0.052929,2078153344.000000,0.453824,0,1
22,129,34,167,129,20,171,38,
524.000000,154.000000,0.053433,8639860736.000000,0.567323,0,1
41,27,191,20,108,127,20,23,
287.000000,188.000000,0.053561,914769536.000000,0.194891,0,1
87,46,88,27,82,87,34,41,
447.000000,216.000000,0.059115,875508864.000000,0.395746,0,1
126,92,125,88,95,162,87,85,
355.000000,187.000000,0.052259,325180576.000000,0.103193,0,1
138,80,142,37,90,72,35,36,
345.000000,185.000000,0.048605,273149184.000000,0.073741,0,1
188,118,172,33,78,162,33,33,
295.000000,143.000000,0.053103,166197872.000000,0.098910,0,1
15,32,24,129,162,36,193,137,
296.000000,143.000000,0.052159,120193968.000000,0.721355,0,1
15,32,18,137,111,21,200,62,
137.000000,148.000000,0.052833,3674541824.000000,0.394063,0,1
100,144,141,94,95,44,39,15,
474.000000,150.000000,0.053252,4909871104.000000,0.730066,0,1
231,201,185,33,145,33,27,22,
481.000000,175.000000,0.053320,10529449984.000000,0.770050,0,1
26,25,38,24,59,110,40,188,
274.000000,181.000000,0.053716,1199728000.000000,0.162026,0,1
20,37,54,51,144,35,137,204,
482.000000,195.000000,0.053288,20210540544.000000,0.786769,0,1
34,33,99,31,107,189,75,178,
493.000000,197.000000,0.053182,16177212416.000000,0.848847,0,1
42,147,36,172,108,25,97,41,
320.000000,200.000000,0.053484,366096512.000000,0.647496,0,1
30,33,59,39,120,155,83,121,
472.000000,207.000000,0.053063,12414226432.000000,0.736495,0,1
32,32,48,28,98,102,79,92,
423.000000,208.000000,0.053809,1607775488.000000,0.368428,0,1
37,27,59,25,40,117,25,42,
483.000000,212.000000,0.057580,1828551168.000000,0.899641,0,1
42,50,49,87,96,82,110,93,
474.000000,224.000000,0.070315,256509728.000000,1.212746,0,1
62,60,64,57,60,61,51,50,
456.000000,226.000000,0.072245,702172032.000000,1.071434,0,1
59,73,55,74,61,52,66,62,
444.000000,232.000000,0.078084,403299136.000000,1.130786,0,1
49,51,52,45,50,49,41,37,
149.000000,157.000000,0.051523,7045331968.000000,0.715684,0,1
16,36,15,119,56,15,108,78,
444.000000,161.000000,0.053100,4197444608.000000,0.404966,0,1
183,137,126,36,98,39,31,21,
454.000000,226.000000,0.071941,1317585792.000000,1.048225,0,1
89,86,73,75,74,61,69,65,
390.000000,191.000000,0.051859,1982939264.000000,0.231164,0,1
147,152,101,97,90,34,44,40,
342.000000,160.000000,0.047328,29843420.000000,0.072531,0,1
226,145,148,30,52,34,25,19,
343.000000,184.000000,0.049867,219103920.000000,0.097537,0,1
164,118,186,37,85,148,31,27,
145.000000,183.000000,0.052533,10560957440.000000,0.733364,0,1
97,129,79,126,87,23,96,46,
369.000000,200.000000,0.052542,1607901184.000000,0.193255,0,1
130,47,184,35,141,188,128,174,
458.000000,150.000000,0.052158,12020334592.000000,0.449666,0,1
50,28,169,20,89,169,27,57,
302.000000,126.000000,0.086861,20403768.000000,0.921794,0,1
17,20,23,22,25,30,26,32,
286.000000,143.000000,0.055262,414834816.000000,0.781595,0,1
13,15,25,15,46,143,25,55,
344.000000,152.000000,0.052676,605114688.000000,0.489524,0,1
25,23,148,20,108,168,33,145,
262.000000,158.000000,0.052758,1586056448.000000,0.916691,0,1
102,153,85,144,94,27,95,31,
450.000000,162.000000,0.052919,7934472192.000000,0.774317,0,1
24,25,77,24,112,185,63,197,
464.000000,175.000000,0.053478,8624811008.000000,0.883887,0,1
27,31,27,71,63,30,177,179,
251.000000,179.000000,0.053925,1787859968.000000,0.979048,0,1
20,24,33,30,98,99,94,142,
96.000000,204.000000,0.053295,21167329280.000000,0.501182,0,1
68,51,113,39,92,145,81,121,
452.000000,207.000000,0.054068,3711819008.000000,0.841218,0,1
40,34,32,68,71,65,92,71,
471.000000,208.000000,0.052962,27384934400.000000,0.945416,0,1
32,28,98,21,79,123,30,62,
263.000000,258.000000,0.088330,186713488.000000,1.516092,0,1
46,45,46,41,40,39,34,29,
463.000000,270.000000,0.052554,154525728.000000,1.004170,0,1
50,49,45,40,43,40,39,38,
456.000000,272.000000,0.051421,166624224.000000,0.932207,0,1
39,42,37,52,40,34,47,40,
473.000000,280.000000,0.041771,59726956.000000,0.804443,0,1
43,39,44,34,39,40,32,33,
231.000000,205.000000,0.053641,2097090176.000000,0.492210,0,1
105,78,136,43,54,58,26,27,
212.000000,200.000000,0.053275,2679294208.000000,0.307169,0,1
27,83,30,81,69,71,120,154,
444.000000,143.000000,0.053549,4924304384.000000,0.576817,0,1
20,18,71,19,69,175,23,52,
250.000000,160.000000,0.053638,2464687616.000000,0.426531,0,1
134,100,159,31,125,189,38,29,
432.000000,162.000000,0.053618,16436762624.000000,0.883169,0,1
31,102,28,165,48,34,120,142,
415.000000,175.000000,0.055542,620722496.000000,0.800974,0,1
27,28,29,30,34,37,103,223,
343.000000,179.000000,0.053209,2271112704.000000,0.506107,0,1
28,24,133,24,79,165,110,181,
251.000000,193.000000,0.053164,787641728.000000,0.986661,0,1
181,189,192,156,120,82,52,24,
339.000000,200.000000,0.053086,3693060608.000000,0.542390,0,1
142,144,78,51,87,23,35,41,
360.000000,210.000000,0.053327,1118979456.000000,0.475129,0,1
23,44,21,151,40,22,64,45,
184.000000,211.000000,0.052213,3473735936.000000,0.626276,0,1
30,36,36,71,78,56,116,104,
434.000000,211.000000,0.055204,5326811648.000000,0.979796,0,1
23,28,31,54,56,63,87,103,
202.000000,212.000000,0.053049,4547462144.000000,0.568385,0,1
30,78,21,122,58,41,68,59,
400.000000,224.000000,0.067469,90155464.000000,1.045350,0,1
54,51,52,47,48,50,45,44,
216.000000,257.000000,0.077102,111404720.000000,1.750119,0,1
45,43,40,39,37,36,32,26,
444.000000,265.000000,0.051995,196356368.000000,1.097023,0,1
39,43,37,47,41,36,43,40,
119.000000,206.000000,0.053971,4457959936.000000,0.498803,0,1
132,113,144,84,92,113,39,22,
408.000000,209.000000,0.052500,6786122752.000000,0.722347,0,1
28,60,28,118,33,54,66,49,
368.000000,224.000000,0.067972,1925437440.000000,1.034482,0,1
61,66,51,68,51,49,48,43,
359.000000,232.000000,0.075646,858002496.000000,1.210141,0,1
53,54,43,54,46,38,49,40,
272.000000,248.000000,0.091918,2069358976.000000,1.232312,0,1
31,33,31,54,42,33,55,53,
108.000000,262.000000,0.098572,45605192.000000,1.557687,0,1
41,40,39,32,31,30,27,29,
391.000000,263.000000,0.055744,92846808.000000,1.051463,0,1
35,33,41,30,38,45,32,36,
288.000000,288.000000,0.049540,16549396.000000,0.941021,0,1
23,22,24,20,21,24,20,20,
73.000000,164.000000,0.053366,12052177920.000000,0.558478,0,1
173,152,159,52,83,142,34,32,
352.000000,134.000000,0.074245,1838118784.000000,1.236706,0,1
103,110,87,87,68,54,27,19,
365.000000,143.000000,0.053207,9580579840.000000,0.774446,0,1
26,140,31,195,145,23,213,32,
345.000000,151.000000,0.052370,1621718656.000000,0.489173,0,1
19,25,37,23,148,93,108,228,
374.000000,212.000000,0.054885,13235867648.000000,0.954598,0,1
22,33,30,60,62,66,107,127,
118.000000,213.000000,0.052946,10716716032.000000,0.499735,0,1
24,79,32,116,75,39,96,55,
374.000000,216.000000,0.060697,3465208576.000000,0.874742,0,1
127,122,101,110,94,82,83,71,
355.000000,231.000000,0.075317,1492286592.000000,1.518951,0,1
41,40,47,39,46,54,45,50,
272.000000,235.000000,0.077408,1916629120.000000,1.167670,0,1
41,55,50,46,43,40,39,35,
296.000000,250.000000,0.079368,261151744.000000,1.078694,0,1
33,34,34,33,35,38,41,44,
108.000000,214.000000,0.052567,14318969856.000000,0.514716,0,1
60,56,116,35,85,126,50,67,
178.000000,201.000000,0.052662,11087468544.000000,0.640829,0,1
128,68,148,33,93,103,37,27,
365.000000,144.000000,0.053163,17628583936.000000,0.771468,0,1
82,238,41,221,89,22,69,22,
362.000000,224.000000,0.066512,2503395840.000000,1.235950,0,1
52,51,62,49,59,76,54,62,
364.000000,222.000000,0.065021,1880224768.000000,0.912577,0,1
58,55,67,52,63,78,62,76,
375.000000,143.000000,0.052187,6886060544.000000,0.840841,0,1
19,19,23,18,24,56,21,55,
330.000000,169.000000,0.053465,2333272576.000000,0.479227,0,1
26,30,69,23,72,137,27,37,
355.000000,171.000000,0.053064,13249545216.000000,0.897117,0,1
95,100,167,44,154,129,35,23,
352.000000,177.000000,0.053016,8256865280.000000,0.868566,0,1
22,28,26,55,69,45,146,45,
296.000000,187.000000,0.053067,1465693824.000000,0.741111,0,1
16,18,17,28,61,20,121,62,
174.000000,189.000000,0.052692,10044591104.000000,0.649004,0,1
57,46,152,36,89,149,40,56,
345.000000,213.000000,0.055103,5863177728.000000,0.928084,0,1
22,27,32,56,53,60,80,89,
43.000000,216.000000,0.053022,9503906816.000000,0.638246,0,1
102,105,106,58,61,55,60,64,
332.000000,224.000000,0.066730,259314736.000000,1.198088,0,1
57,58,55,48,51,49,46,44,
259.000000,180.000000,0.052106,1927013760.000000,0.405976,0,1
25,99,25,151,63,17,140,115,
320.000000,168.000000,0.053309,631632384.000000,0.408850,0,1
178,119,148,40,76,59,37,25,
328.000000,181.000000,0.053473,5266421760.000000,0.483642,0,1
41,122,21,167,89,19,154,121,
308.000000,162.000000,0.053133,19614070784.000000,0.663458,0,1
129,175,35,195,104,20,131,33,
287.000000,171.000000,0.053930,2685419520.000000,0.781569,0,1
35,41,97,31,94,179,41,35,
309.000000,171.000000,0.052449,17427732480.000000,0.665819,0,1
44,42,150,28,131,204,53,35,
243.000000,188.000000,0.053553,1318874880.000000,0.207303,0,1
104,78,219,39,187,213,73,70,
287.000000,192.000000,0.054724,5895006208.000000,0.801705,0,1
41,35,129,27,97,182,46,95,
233.000000,196.000000,0.052697,1297197696.000000,0.484008,0,1
19,23,21,30,67,26,89,160,
37.000000,197.000000,0.053141,29969799168.000000,0.641467,0,1
43,35,65,31,63,109,62,95,
144.000000,201.000000,0.052698,14285550592.000000,0.738400,0,1
23,77,27,130,70,64,123,146,
317.000000,217.000000,0.058469,692736000.000000,1.007625,0,1
101,87,88,78,76,80,64,66,
303.000000,233.000000,0.077504,3135360256.000000,1.700598,0,1
37,36,36,39,39,40,50,38,
304.000000,233.000000,0.077479,3463858176.000000,1.718659,0,1
37,36,37,40,40,40,51,39,
262.000000,230.000000,0.074329,785065408.000000,0.762889,0,1
43,42,46,43,51,64,58,66,
272.000000,228.000000,0.069692,627208704.000000,0.719934,0,1
56,66,59,64,52,39,47,39,
303.000000,135.000000,0.072828,5735913984.000000,1.186225,0,1
60,54,72,39,50,71,23,15,
94.000000,215.000000,0.052505,3097732608.000000,0.544858,0,1
15,19,16,36,28,18,50,66,
329.000000,192.000000,0.052971,9359713280.000000,0.671055,0,1
48,35,154,24,100,182,35,36,
292.000000,152.000000,0.053072,16873363456.000000,0.750567,0,1
182,201,71,100,102,18,32,17,
302.000000,168.000000,0.052956,18075205632.000000,0.816016,0,1
31,152,17,155,51,19,40,18,
300.000000,178.000000,0.053284,19797180416.000000,0.808658,0,1
14,19,25,25,88,75,73,159,
273.000000,184.000000,0.053131,2147045376.000000,0.854557,0,1
137,78,204,27,110,136,27,24,
297.000000,196.000000,0.053335,13199607808.000000,0.735591,0,1
97,176,35,118,73,26,38,19,
271.000000,200.000000,0.052872,5693792768.000000,0.879162,0,1
104,165,26,121,100,19,87,40,
56.000000,207.000000,0.055462,9827577856.000000,0.655303,0,1
26,47,17,65,24,17,21,17,
265.000000,211.000000,0.053190,2862815744.000000,0.917967,0,1
28,24,88,18,74,134,32,57,
304.000000,213.000000,0.054748,11874546688.000000,0.995552,0,1
12,20,23,52,52,57,86,83,
232.000000,214.000000,0.054064,7231927296.000000,0.498575,0,1
20,45,47,88,83,80,98,88,
151.000000,218.000000,0.059143,1117883904.000000,0.778254,0,1
82,92,102,88,84,82,74,64,
295.000000,218.000000,0.060756,4596568064.000000,1.114189,0,1
85,79,83,72,68,66,60,56,
255.000000,233.000000,0.077068,5626301952.000000,1.290467,0,1
43,42,44,43,47,62,50,51,
256.000000,235.000000,0.077060,6351024128.000000,1.285729,0,1
53,57,68,50,53,52,39,38,
298.000000,217.000000,0.059562,9851843584.000000,1.105788,0,1
94,94,93,83,78,74,66,60,
216.000000,180.000000,0.053502,2262544640.000000,0.522887,0,1
23,82,54,156,74,34,68,19,
195.000000,169.000000,0.052265,5180865536.000000,0.578382,0,1
53,38,163,30,92,192,69,129,
138.000000,170.000000,0.051878,10126092288.000000,0.416476,0,1
29,70,22,91,58,17,44,23,
206.000000,181.000000,0.052850,2235581440.000000,0.547335,0,1
31,31,103,30,92,206,105,195,
71.000000,183.000000,0.053212,14647180288.000000,0.574563,0,1
32,42,86,40,98,155,89,149,
271.000000,183.000000,0.052950,10720880640.000000,0.863291,0,1
49,21,68,16,34,151,18,19,
250.000000,190.000000,0.054218,3723916544.000000,1.012130,0,1
21,33,32,75,77,80,182,189,
95.000000,216.000000,0.053087,3978418944.000000,0.550769,0,1
16,28,18,50,46,47,66,71,
247.000000,229.000000,0.072475,2305890048.000000,1.308162,0,1
46,42,41,51,54,47,55,48,
248.000000,229.000000,0.072396,1440171136.000000,1.321161,0,1
43,41,41,53,50,44,56,44,
245.000000,232.000000,0.074065,1550504448.000000,1.384581,0,1
55,56,54,51,47,43,42,48,
150.000000,194.000000,0.053188,11512539136.000000,0.721527,0,1
31,26,55,24,50,94,47,91,
184.000000,273.000000,0.054465,1253142784.000000,0.737461,0,1
21,24,23,46,28,29,38,31,
202.000000,275.000000,0.055162,3417646592.000000,0.817323,0,1
30,29,27,27,22,20,22,23,
233.000000,168.000000,0.052829,2137667840.000000,0.469369,0,1
21,106,22,219,93,18,119,36,
95.000000,207.000000,0.053857,12993488896.000000,0.552275,0,1
81,79,121,51,61,65,24,20,
162.000000,214.000000,0.053672,5629401600.000000,0.698887,0,1
16,25,18,48,37,35,68,85,
119.000000,216.000000,0.053568,6675812864.000000,0.513227,0,1
54,55,38,64,57,56,73,75,
227.000000,217.000000,0.058936,3355077888.000000,0.904911,0,1
101,98,96,85,81,79,73,69,
231.000000,169.000000,0.053520,7610721280.000000,0.604075,0,1
161,206,173,135,147,69,58,30,
243.000000,166.000000,0.052999,13133965312.000000,0.747265,0,1
23,25,76,23,84,193,52,156,
218.000000,219.000000,0.061168,8417098240.000000,0.883485,0,1
87,92,95,79,75,71,64,60,
202.000000,174.000000,0.053693,9118544896.000000,0.491008,0,1
162,172,83,78,80,35,28,20,
204.000000,195.000000,0.052653,11832903680.000000,0.563873,0,1
129,133,93,150,81,32,83,27,
218.000000,200.000000,0.052963,4788815872.000000,0.758167,0,1
24,42,22,105,82,20,154,100,
40.000000,214.000000,0.052594,21991546880.000000,0.640173,0,1
27,29,43,28,66,100,43,49,
210.000000,214.000000,0.054480,11575105536.000000,0.788658,0,1
38,28,38,45,55,64,74,84,
38.000000,216.000000,0.052600,22982301696.000000,0.644917,0,1
28,22,43,25,32,49,45,59,
204.000000,184.000000,0.052856,15305203712.000000,0.552559,0,1
52,37,152,23,91,193,37,42,
192.000000,183.000000,0.052840,4892313088.000000,0.593049,0,1
26,89,18,164,54,17,129,103,
141.000000,206.000000,0.053693,15858130944.000000,0.765251,0,1
142,131,133,72,71,69,24,19,
218.000000,211.000000,0.052993,19858890752.000000,0.818035,0,1
26,23,47,21,54,86,35,58,
180.000000,187.000000,0.053000,16758553600.000000,0.626932,0,1
28,124,21,158,76,18,122,50,
76.000000,192.000000,0.052578,7291507712.000000,0.561534,0,1
103,51,40,23,22,21,20,17,
83.000000,195.000000,0.053184,17428629504.000000,0.556311,0,1
36,33,68,34,73,110,68,94,
139.000000,195.000000,0.052441,3815518720.000000,0.764869,0,1
24,47,18,53,28,16,40,21,
124.000000,200.000000,0.052623,14848382976.000000,0.473370,0,1
23,30,31,72,80,89,138,180,
46.000000,202.000000,0.052863,29478948864.000000,0.627829,0,1
47,72,35,101,62,30,75,37,
152.000000,202.000000,0.052639,11096630272.000000,0.716821,0,1
18,35,15,94,27,14,44,22,
71.000000,208.000000,0.053405,18582564864.000000,0.595431,0,1
73,32,59,19,26,30,18,19,
49.000000,213.000000,0.053036,18196905984.000000,0.628967,0,1
24,26,23,46,50,34,86,90,
143.000000,215.000000,0.053889,20693168128.000000,0.756423,0,1
18,25,22,50,47,50,68,74,
135.000000,216.000000,0.054720,18618439680.000000,0.522975,0,1
30,36,35,57,52,59,73,73,
142.000000,216.000000,0.053687,13200412672.000000,0.758894,0,1
25,50,47,67,68,70,75,74,
56.000000,217.000000,0.055121,11006130176.000000,0.656196,0,1
14,18,14,33,22,20,39,56,
121.000000,226.000000,0.064417,9124573184.000000,0.783322,0,1
73,66,64,58,56,57,47,46,
110.000000,227.000000,0.066030,13996915712.000000,0.803595,0,1
57,58,65,56,59,58,49,45,
140.000000,230.000000,0.068319,1285488640.000000,1.104733,0,1
50,46,47,40,40,40,36,34,
128.000000,201.000000,0.052723,24267884544.000000,0.467948,0,1
26,60,30,138,65,31,122,60,
118.000000,226.000000,0.064627,3525089024.000000,0.702448,0,1
59,68,67,61,59,57,48,45,
124.000000,215.000000,0.054102,15943879680.000000,0.504609,0,1
16,16,18,32,31,32,57,72,
103.000000,197.000000,0.052805,18907998208.000000,0.515296,0,1
28,28,66,24,61,143,44,59,
97.000000,208.000000,0.053538,27456972800.000000,0.550039,0,1
136,64,62,24,25,23,20,23,
125.000000,216.000000,0.054143,14305084416.000000,0.505837,0,1
18,31,32,57,58,59,72,75,
