# timestamp
1608635219666014720

# fx, fy, cx, cy, width, height, npoints
501.484711,501.475464,421.788879,167.664627,800,400,527

# camToWorld: translation vector, rotation quaternion
-15.590593,61.137786,6.931828,0.721545,0.001472,-0.023595,-0.691964

# Exposure time (ms)
0.257854

# GPS Data
# GPSData: Covariance matrix
0.000014,0.000000,0.000000,0.000000,0.000035,0.000000,0.000000,0.000000,0.000067

# GPSData: GPS point
62.336527,-3.511445,6.270101

# Point Cloud Data : 
# u,v,idepth_scaled,idepth_hessian,maxRelBaseline,numGoodRes,status 
# color information 
48.000000,247.000000,0.095982,5899373.500000,2.747364,0,1
72,77,75,65,66,65,60,61,
62.000000,279.000000,0.137574,17469928.000000,3.040092,0,1
55,57,57,61,61,61,72,74,
606.000000,151.000000,0.345088,40337056.000000,1.435105,0,1
20,12,25,10,22,26,12,22,
743.000000,191.000000,0.081941,5909059.000000,1.170934,0,1
15,15,15,20,20,18,31,41,
744.000000,191.000000,0.072288,71476008.000000,1.657013,0,1
14,15,15,20,19,18,30,41,
745.000000,192.000000,0.075747,99324328.000000,1.695518,0,1
15,19,18,30,28,26,41,39,
752.000000,192.000000,0.079093,61571684.000000,1.761863,0,1
15,17,17,26,26,25,37,39,
738.000000,193.000000,0.083379,309505952.000000,1.732319,0,1
19,21,29,16,27,39,22,29,
735.000000,197.000000,0.083627,85655656.000000,1.726261,0,1
15,17,22,20,21,28,20,27,
564.000000,206.000000,0.081284,140232288.000000,0.849847,0,1
49,53,40,48,45,28,38,32,
731.000000,215.000000,0.081540,155097936.000000,1.786258,0,1
24,27,21,31,23,17,26,18,
731.000000,216.000000,0.081411,194209776.000000,1.705914,0,1
23,28,18,29,21,14,22,19,
47.000000,228.000000,0.081957,4774342.000000,2.567664,0,1
63,66,65,63,62,61,58,58,
53.000000,228.000000,0.080030,8977076.000000,2.501285,0,1
63,68,70,60,59,60,57,60,
72.000000,244.000000,0.100916,11961919.000000,2.612880,0,1
64,63,63,65,64,63,79,71,
87.000000,244.000000,0.098173,23191608.000000,2.488863,0,1
63,63,63,71,72,73,79,73,
71.000000,246.000000,0.100441,7511341.000000,1.948826,0,1
65,78,80,73,71,72,64,64,
60.000000,247.000000,0.100088,10169849.000000,2.698577,0,1
74,76,76,64,64,63,61,61,
704.000000,255.000000,0.126209,7385906.000000,0.649690,0,1
24,32,24,53,38,25,49,51,
711.000000,259.000000,0.128745,7216589.500000,0.680990,0,1
23,30,23,50,34,24,49,53,
724.000000,267.000000,0.134801,7469757.500000,0.744297,0,1
23,30,23,51,35,24,51,55,
99.000000,268.000000,0.123145,1967521.375000,1.614116,0,1
48,47,48,53,53,53,56,56,
730.000000,271.000000,0.139518,14181899.000000,0.595667,0,1
24,34,24,52,40,27,54,53,
115.000000,278.000000,0.137483,8525760.000000,2.618587,0,1
58,59,59,61,62,62,68,65,
120.000000,278.000000,0.136367,10291902.000000,2.573509,0,1
58,60,60,63,65,69,67,66,
80.000000,279.000000,0.137043,11602302.000000,2.893659,0,1
56,56,57,58,61,64,66,64,
88.000000,279.000000,0.136180,10514905.000000,2.825192,0,1
55,55,56,65,62,63,68,63,
103.000000,279.000000,0.136496,7510339.000000,2.708895,0,1
58,59,60,67,67,67,69,62,
104.000000,279.000000,0.136627,6659669.000000,2.701825,0,1
58,59,61,67,68,65,71,60,
728.000000,279.000000,0.152137,9446688.000000,2.249153,0,1
20,24,21,20,27,26,21,21,
104.000000,280.000000,0.134874,5300803.500000,2.695143,0,1
60,67,67,69,69,65,62,58,
116.000000,280.000000,0.134865,6505148.000000,2.602330,0,1
62,69,68,64,65,66,60,58,
83.000000,281.000000,0.134669,8942639.000000,2.861157,0,1
63,68,67,63,64,64,57,56,
91.000000,281.000000,0.135101,5274706.000000,2.800720,0,1
63,69,68,63,63,63,59,60,
103.000000,281.000000,0.133985,7074523.500000,2.700615,0,1
67,69,69,61,62,59,59,58,
729.000000,281.000000,0.149367,14965411.000000,1.701811,0,1
31,28,35,19,28,30,16,15,
78.000000,282.000000,0.137151,4911975.500000,2.918540,0,1
65,64,64,58,58,56,57,55,
675.000000,287.000000,0.153554,10918348.000000,1.492485,0,1
22,29,25,46,37,27,52,53,
680.000000,287.000000,0.155273,6938090.000000,1.522867,0,1
18,22,20,26,24,23,34,43,
678.000000,288.000000,0.154183,14996158.000000,1.511253,0,1
22,27,25,48,39,30,51,53,
689.000000,292.000000,0.158238,28689024.000000,2.091846,0,1
24,31,26,49,41,31,52,54,
701.000000,295.000000,0.163234,67188600.000000,2.187954,0,1
23,25,24,34,30,27,44,50,
704.000000,295.000000,0.164172,56882164.000000,2.208482,0,1
21,24,22,29,26,24,37,44,
667.000000,284.000000,0.149997,4732261.000000,1.718633,0,1
26,34,26,49,42,32,51,53,
256.000000,28.000000,0.000058,67528784.000000,0.007572,0,1
140,140,140,139,139,138,138,137,
656.000000,28.000000,0.000863,82288384.000000,0.040657,0,1
93,92,91,91,90,91,88,90,
758.000000,41.000000,0.028291,764941568.000000,0.807699,0,1
97,92,91,74,73,69,30,19,
760.000000,41.000000,0.028287,787963264.000000,0.812662,0,1
97,91,91,73,69,65,30,18,
679.000000,42.000000,0.028349,6570978304.000000,0.917936,0,1
93,88,90,69,73,74,42,24,
683.000000,42.000000,0.028791,340188064.000000,0.648575,0,1
93,88,88,74,72,70,36,24,
695.000000,42.000000,0.028356,7393399296.000000,0.946109,0,1
92,87,85,66,68,66,35,23,
696.000000,42.000000,0.028444,6148190720.000000,0.949726,0,1
92,86,85,67,67,64,34,22,
719.000000,42.000000,0.028419,1109001472.000000,0.727691,0,1
89,84,83,55,55,55,31,20,
722.000000,42.000000,0.028401,1103177216.000000,0.734043,0,1
90,82,80,55,56,55,26,18,
732.000000,42.000000,0.028287,2564192768.000000,0.972964,0,1
92,82,81,48,46,46,25,18,
744.000000,42.000000,0.028444,1316798336.000000,0.784063,0,1
90,78,78,41,39,38,22,19,
665.000000,43.000000,0.028236,4468826624.000000,0.888340,0,1
90,80,81,51,48,46,27,22,
707.000000,43.000000,0.028478,7384130560.000000,0.968921,0,1
81,59,61,34,32,29,21,22,
260.000000,44.000000,0.001667,22316350.000000,0.059448,0,1
126,125,124,125,124,126,125,124,
638.000000,46.000000,0.018954,75054488.000000,0.567132,0,1
85,85,85,84,83,83,81,77,
703.000000,48.000000,0.028389,102356720.000000,0.957915,0,1
28,31,30,25,24,23,17,15,
704.000000,48.000000,0.028317,133156928.000000,0.955303,0,1
28,30,29,24,23,23,16,15,
715.000000,48.000000,0.028188,237752592.000000,0.970369,0,1
30,31,30,22,22,21,16,13,
720.000000,48.000000,0.028477,550699456.000000,0.985266,0,1
30,29,28,21,21,22,15,16,
734.000000,48.000000,0.028632,317125728.000000,1.010384,0,1
30,27,26,21,20,19,17,14,
740.000000,48.000000,0.028298,579217408.000000,1.011296,0,1
32,26,27,18,17,22,14,13,
751.000000,48.000000,0.028072,914367488.000000,1.019552,0,1
32,30,29,40,40,39,44,38,
672.000000,49.000000,0.028453,153710112.000000,0.900746,0,1
31,27,26,22,21,20,17,15,
687.000000,49.000000,0.028309,298499488.000000,0.925569,0,1
30,27,26,20,20,23,16,17,
694.000000,49.000000,0.028358,172828624.000000,0.938317,0,1
30,26,26,20,20,19,16,15,
631.000000,50.000000,0.021373,7362554880.000000,0.669253,0,1
77,69,70,38,35,36,20,16,
632.000000,50.000000,0.021377,8765651968.000000,0.671153,0,1
77,69,68,36,35,37,20,16,
663.000000,50.000000,0.028155,661730176.000000,0.875304,0,1
28,27,25,30,33,21,38,35,
364.000000,56.000000,0.000609,21218288.000000,0.012879,0,1
130,128,128,129,127,127,128,126,
348.000000,60.000000,0.000536,36468592.000000,0.011245,0,1
126,126,125,124,125,125,124,120,
661.000000,60.000000,0.028085,1399611904.000000,0.860259,0,1
34,27,40,23,34,37,25,34,
666.000000,62.000000,0.028356,821602944.000000,0.781645,0,1
24,20,33,30,22,31,20,20,
444.000000,64.000000,0.000091,25003624.000000,0.001306,0,1
102,101,100,100,99,98,98,98,
664.000000,64.000000,0.027976,1506017408.000000,0.860928,0,1
30,37,20,39,29,20,36,28,
661.000000,66.000000,0.028101,1236631680.000000,0.854952,0,1
33,24,38,23,34,37,24,33,
593.000000,85.000000,0.021178,160109056.000000,0.552283,0,1
36,42,30,35,34,25,38,32,
551.000000,87.000000,0.015691,58030524.000000,0.077003,0,1
81,80,79,77,78,76,65,31,
573.000000,87.000000,0.016928,112516312.000000,0.095306,0,1
100,102,103,96,96,98,60,30,
580.000000,87.000000,0.016427,149144576.000000,0.096037,0,1
102,103,106,100,99,99,55,25,
508.000000,88.000000,0.000041,473916416.000000,0.000871,0,1
83,85,83,87,86,84,92,94,
566.000000,88.000000,0.016874,147308800.000000,0.090981,0,1
96,94,94,67,65,63,33,29,
575.000000,88.000000,0.015946,171025872.000000,0.090315,0,1
103,97,98,59,58,55,30,31,
579.000000,88.000000,0.016079,191512032.000000,0.093189,0,1
103,100,99,55,55,57,26,32,
584.000000,88.000000,0.016321,190581488.000000,0.097312,0,1
107,99,95,59,58,45,26,30,
759.000000,89.000000,0.024885,54628524.000000,0.955450,0,1
24,24,23,21,19,15,11,7,
760.000000,89.000000,0.016835,5977211.000000,0.759609,0,1
24,24,22,20,17,14,9,7,
745.000000,92.000000,0.039887,69451480.000000,1.249246,0,1
21,19,18,12,10,16,7,6,
68.000000,94.000000,0.012608,6150728192.000000,0.749129,0,1
61,64,53,56,53,42,43,47,
348.000000,94.000000,0.001615,10337710.000000,0.030218,0,1
92,90,90,89,89,89,89,83,
77.000000,95.000000,0.012336,1871290624.000000,0.715422,0,1
27,24,28,28,30,33,50,60,
78.000000,96.000000,0.013555,379649632.000000,0.774367,0,1
28,30,33,50,51,51,60,62,
92.000000,96.000000,0.012661,436413280.000000,0.415818,0,1
35,36,38,53,55,56,64,65,
746.000000,98.000000,0.039167,1356820352.000000,1.227912,0,1
11,7,18,6,12,22,8,12,
438.000000,102.000000,0.000331,205993072.000000,0.002603,0,1
81,82,87,89,92,94,99,106,
472.000000,102.000000,0.000633,1340047488.000000,0.008493,0,1
100,106,107,113,116,118,127,137,
551.000000,102.000000,0.017741,119397472.000000,0.369128,0,1
24,28,28,33,35,29,37,38,
558.000000,102.000000,0.012947,87001360.000000,0.301351,0,1
22,23,21,30,27,25,33,29,
302.000000,103.000000,0.004131,561247936.000000,0.094796,0,1
82,81,82,76,74,81,48,48,
343.000000,103.000000,0.006421,1152223872.000000,0.099729,0,1
69,82,71,81,78,65,67,49,
440.000000,103.000000,0.000443,198612368.000000,0.003398,0,1
88,93,95,99,100,100,106,115,
455.000000,103.000000,0.000700,198290496.000000,0.005933,0,1
93,97,98,103,104,108,114,125,
460.000000,103.000000,0.000810,242540848.000000,0.007229,0,1
96,101,103,109,112,116,123,133,
705.000000,103.000000,0.034454,1602804224.000000,1.052406,0,1
15,8,20,6,16,23,9,17,
559.000000,104.000000,0.015564,65881036.000000,0.347988,0,1
26,33,25,30,24,21,25,31,
86.000000,105.000000,0.013392,388400192.000000,0.740292,0,1
63,61,61,48,50,56,34,30,
116.000000,105.000000,0.013375,1907884544.000000,0.668607,0,1
62,58,62,41,50,58,36,45,
120.000000,105.000000,0.013438,4196244736.000000,0.661733,0,1
61,58,53,58,43,37,47,38,
444.000000,105.000000,0.000614,260786592.000000,0.004516,0,1
100,106,106,115,117,118,127,135,
705.000000,105.000000,0.034414,1629045120.000000,1.050759,0,1
16,9,21,7,17,24,9,17,
63.000000,106.000000,0.013604,3070881024.000000,0.805569,0,1
59,55,53,50,39,37,34,27,
72.000000,106.000000,0.013506,230802336.000000,0.544374,0,1
50,51,43,53,35,30,45,33,
348.000000,106.000000,0.005950,624006272.000000,0.087285,0,1
44,30,52,35,50,59,34,52,
432.000000,106.000000,0.000097,394804896.000000,0.001095,0,1
104,113,115,126,126,126,140,142,
146.000000,107.000000,0.013031,5563657216.000000,0.586265,0,1
57,56,37,61,43,34,54,45,
157.000000,107.000000,0.012316,828118528.000000,0.536582,0,1
63,54,61,27,36,56,22,26,
208.000000,108.000000,0.009710,1270057472.000000,0.352683,0,1
32,31,33,48,41,35,55,51,
244.000000,108.000000,0.006888,1074844416.000000,0.217967,0,1
73,70,69,67,52,48,49,37,
754.000000,110.000000,0.039645,1127564544.000000,1.250169,0,1
21,26,18,28,24,16,27,23,
360.000000,111.000000,0.004456,92814736.000000,0.009741,0,1
64,62,67,54,43,87,36,52,
410.000000,111.000000,0.004860,15381600.000000,0.005347,0,1
109,149,84,162,106,130,132,61,
476.000000,111.000000,0.002265,92816712.000000,0.014224,0,1
135,123,120,116,97,110,87,63,
62.000000,112.000000,0.013512,10101715968.000000,0.802672,0,1
36,48,28,51,37,23,49,39,
185.000000,112.000000,0.010774,505396640.000000,0.426568,0,1
60,43,50,24,23,37,30,22,
519.000000,112.000000,0.013361,126884568.000000,0.178333,0,1
26,24,36,24,24,37,24,27,
649.000000,112.000000,0.027722,710733248.000000,0.791507,0,1
22,26,17,26,22,14,25,20,
204.000000,114.000000,0.009855,806693760.000000,0.362624,0,1
61,58,61,36,43,58,26,24,
245.000000,115.000000,0.006887,234201504.000000,0.218139,0,1
32,32,29,35,31,31,40,40,
335.000000,115.000000,0.005867,151389120.000000,0.063187,0,1
96,97,94,97,96,66,98,98,
391.000000,115.000000,0.001356,409423168.000000,0.011334,0,1
167,160,162,150,150,148,136,123,
468.000000,115.000000,0.002217,64498268.000000,0.013305,0,1
106,98,95,92,81,85,85,66,
511.000000,116.000000,0.011012,36425628.000000,0.158235,0,1
37,36,31,35,33,30,32,33,
250.000000,117.000000,0.007182,1015282880.000000,0.216313,0,1
47,39,54,33,47,46,34,43,
672.000000,117.000000,0.030724,1224757376.000000,0.902024,0,1
16,10,20,8,18,24,11,19,
107.000000,118.000000,0.013471,2856311808.000000,0.692162,0,1
39,32,50,30,37,52,43,55,
498.000000,118.000000,0.006003,77539608.000000,0.078568,0,1
29,34,26,40,34,29,42,36,
671.000000,118.000000,0.030634,662713344.000000,0.796821,0,1
10,8,18,8,11,23,9,11,
53.000000,119.000000,0.013524,5259502080.000000,0.824257,0,1
34,46,28,46,36,26,49,55,
85.000000,119.000000,0.013308,1267883904.000000,0.744894,0,1
28,27,27,31,30,32,40,44,
93.000000,119.000000,0.013449,1773813888.000000,0.723848,0,1
26,33,28,41,32,35,49,53,
97.000000,119.000000,0.013463,2353402112.000000,0.714787,0,1
33,30,46,35,39,51,49,52,
115.000000,119.000000,0.013503,2325302528.000000,0.673225,0,1
30,31,37,40,45,53,55,59,
151.000000,119.000000,0.012765,1714392704.000000,0.563012,0,1
35,47,26,46,39,28,57,61,
440.000000,119.000000,0.003850,127428648.000000,0.018085,0,1
83,66,65,66,50,63,44,48,
577.000000,119.000000,0.019995,199433840.000000,0.374648,0,1
25,19,23,11,19,19,11,19,
53.000000,120.000000,0.013535,3429021952.000000,0.824699,0,1
35,47,29,48,44,40,57,59,
85.000000,120.000000,0.014643,65737628.000000,0.164708,0,1
27,30,29,40,41,42,43,46,
96.000000,120.000000,0.013566,1252082432.000000,0.721694,0,1
30,35,39,49,49,51,52,51,
104.000000,120.000000,0.013870,496756320.000000,0.717622,0,1
31,38,41,48,50,53,55,57,
114.000000,120.000000,0.015791,237509760.000000,0.764075,0,1
31,40,45,51,55,59,57,57,
152.000000,120.000000,0.012843,847209280.000000,0.563411,0,1
26,39,28,57,47,43,61,62,
498.000000,120.000000,0.006966,66769808.000000,0.083616,0,1
34,42,31,40,36,31,36,32,
672.000000,120.000000,0.030633,1627510528.000000,0.899616,0,1
19,10,24,9,19,26,12,19,
702.000000,120.000000,0.034585,266906608.000000,1.044043,0,1
9,8,10,8,9,14,8,9,
754.000000,120.000000,0.039612,1032804352.000000,1.247725,0,1
23,26,18,29,23,17,26,23,
357.000000,121.000000,0.003354,51163976.000000,0.007147,0,1
60,67,45,73,66,33,58,47,
705.000000,121.000000,0.034241,2310658816.000000,1.043472,0,1
20,14,26,10,21,28,14,21,
175.000000,122.000000,0.011547,1166094592.000000,0.470296,0,1
32,41,24,51,43,33,60,61,
187.000000,122.000000,0.010770,1059236416.000000,0.420827,0,1
26,22,38,26,26,32,36,53,
488.000000,122.000000,0.010894,287183968.000000,0.100508,0,1
56,66,45,72,55,39,67,41,
671.000000,122.000000,0.030735,967227840.000000,0.899185,0,1
11,9,19,8,11,23,10,12,
336.000000,123.000000,0.005438,1561163648.000000,0.088300,0,1
97,94,74,96,76,49,80,44,
394.000000,123.000000,0.003792,107328376.000000,0.026024,0,1
93,79,81,66,72,70,56,57,
265.000000,124.000000,0.006762,821715264.000000,0.193661,0,1
63,57,63,46,45,57,29,30,
344.000000,124.000000,0.005605,158339280.000000,0.030305,0,1
48,60,35,66,49,32,45,32,
487.000000,124.000000,0.010892,84608488.000000,0.098296,0,1
69,71,51,56,51,37,38,27,
201.000000,125.000000,0.010270,1006200000.000000,0.379354,0,1
26,41,26,50,43,38,59,60,
457.000000,125.000000,0.002547,21682356.000000,0.014664,0,1
79,75,79,63,70,74,63,63,
246.000000,126.000000,0.007600,212460176.000000,0.231605,0,1
45,40,41,33,35,33,30,30,
530.000000,126.000000,0.015784,35998304.000000,0.217111,0,1
25,24,24,16,13,24,11,11,
746.000000,126.000000,0.038937,1908296320.000000,1.218228,0,1
16,10,21,9,16,24,10,17,
251.000000,127.000000,0.007263,1086522496.000000,0.215601,0,1
49,38,45,31,40,33,32,39,
376.000000,127.000000,0.005430,168888576.000000,0.049732,0,1
75,71,71,56,67,68,47,45,
416.000000,127.000000,0.004130,17943692.000000,0.015383,0,1
68,63,68,40,62,67,53,63,
448.000000,127.000000,0.005195,9208101.000000,0.023576,0,1
59,58,41,51,47,33,44,37,
577.000000,127.000000,0.019887,339257024.000000,0.370232,0,1
21,12,27,11,22,21,12,20,
311.000000,128.000000,0.001575,124858280.000000,0.019958,0,1
65,50,40,50,42,34,48,41,
636.000000,128.000000,0.054156,116067240.000000,0.963367,0,1
15,10,20,12,16,19,10,16,
702.000000,128.000000,0.034585,273241504.000000,1.042989,0,1
9,9,10,8,9,14,9,9,
376.000000,129.000000,0.005310,229944272.000000,0.047985,0,1
67,47,60,29,45,61,34,45,
453.000000,129.000000,0.005555,60276784.000000,0.025764,0,1
48,36,50,31,44,55,41,34,
110.000000,130.000000,0.013483,2550935808.000000,0.683538,0,1
46,51,43,47,35,28,42,31,
128.000000,130.000000,0.013388,4789377536.000000,0.637180,0,1
60,49,58,30,49,56,37,44,
149.000000,130.000000,0.012799,361586112.000000,0.577622,0,1
61,57,59,47,42,50,28,35,
705.000000,130.000000,0.034248,2387004160.000000,1.042807,0,1
21,14,26,9,21,28,14,20,
84.000000,131.000000,0.013519,2397825792.000000,0.747754,0,1
45,47,46,39,29,27,27,23,
336.000000,131.000000,0.001629,705250560.000000,0.027010,0,1
38,52,33,68,44,39,56,45,
384.000000,131.000000,0.005707,115055568.000000,0.043633,0,1
61,58,56,53,46,46,41,35,
64.000000,132.000000,0.011847,2911051520.000000,0.715175,0,1
51,46,37,44,30,24,34,29,
181.000000,132.000000,0.011084,843493312.000000,0.441375,0,1
60,45,55,26,33,44,19,24,
472.000000,132.000000,0.005960,83421816.000000,0.043444,0,1
26,39,28,38,29,27,41,37,
624.000000,132.000000,0.025294,1066921472.000000,0.678181,0,1
18,11,24,9,18,26,11,17,
746.000000,132.000000,0.038951,1964070016.000000,1.218000,0,1
17,11,21,9,16,25,10,16,
286.000000,133.000000,0.004507,174116544.000000,0.115485,0,1
70,58,69,41,55,66,37,35,
296.000000,133.000000,0.001757,1446088192.000000,0.045083,0,1
67,64,44,61,53,34,48,36,
315.000000,133.000000,0.003068,41520216.000000,0.061036,0,1
37,48,34,39,41,39,51,50,
216.000000,134.000000,0.009464,1014891840.000000,0.327706,0,1
60,56,58,27,41,51,22,31,
278.000000,134.000000,0.005410,53705664.000000,0.024917,0,1
69,63,60,57,52,43,44,39,
292.000000,134.000000,0.002849,444246528.000000,0.069325,0,1
73,65,64,52,48,46,44,42,
463.000000,134.000000,0.004827,39696568.000000,0.027884,0,1
42,44,48,28,34,43,21,21,
464.000000,134.000000,0.004856,44039968.000000,0.028884,0,1
39,46,48,31,40,43,21,20,
172.000000,135.000000,0.011642,1985169024.000000,0.477647,0,1
31,39,22,36,33,26,40,35,
233.000000,135.000000,0.008561,720344640.000000,0.275232,0,1
60,57,57,43,34,41,35,24,
672.000000,135.000000,0.030587,1485753472.000000,0.897166,0,1
18,13,25,9,18,26,12,19,
255.000000,136.000000,0.007414,630696512.000000,0.213544,0,1
60,59,59,53,48,48,41,32,
319.000000,136.000000,0.003416,162778400.000000,0.065423,0,1
46,44,55,31,39,52,26,25,
472.000000,136.000000,0.006395,52430444.000000,0.044146,0,1
37,45,35,34,27,27,22,19,
672.000000,136.000000,0.030575,1521846656.000000,0.896913,0,1
18,12,25,9,18,26,13,19,
54.000000,137.000000,0.013470,8662688768.000000,0.817914,0,1
34,45,28,43,34,23,44,35,
271.000000,137.000000,0.006411,249729648.000000,0.169376,0,1
61,59,60,43,46,56,28,24,
272.000000,137.000000,0.006375,496741472.000000,0.167405,0,1
60,60,60,44,52,57,30,32,
286.000000,137.000000,0.004333,244142448.000000,0.106632,0,1
35,29,36,33,39,45,34,36,
321.000000,137.000000,0.003390,167116848.000000,0.063590,0,1
54,50,54,28,38,45,26,26,
335.000000,137.000000,0.004793,358788288.000000,0.075636,0,1
40,52,44,52,56,33,53,35,
671.000000,137.000000,0.030639,1058883136.000000,0.895730,0,1
12,9,18,9,13,26,10,13,
289.000000,139.000000,0.005088,128196960.000000,0.120847,0,1
52,44,51,37,43,35,28,23,
646.000000,140.000000,0.027568,1852498432.000000,0.776601,0,1
22,15,27,10,22,29,14,22,
606.000000,141.000000,0.023195,928028096.000000,0.591238,0,1
22,11,28,10,22,26,12,22,
525.000000,142.000000,0.014507,46109260.000000,0.198246,0,1
19,14,25,18,20,20,15,20,
92.000000,143.000000,0.013356,1419512320.000000,0.724773,0,1
30,37,27,40,36,24,43,43,
98.000000,143.000000,0.013441,1134246912.000000,0.709670,0,1
29,26,40,25,30,43,33,45,
150.000000,143.000000,0.012827,272339712.000000,0.227218,0,1
39,32,47,43,42,45,53,58,
213.000000,143.000000,0.009730,695188800.000000,0.340266,0,1
18,22,20,23,20,21,37,56,
216.000000,143.000000,0.009363,1468497408.000000,0.324387,0,1
28,20,31,21,28,38,37,57,
705.000000,143.000000,0.034193,2708348160.000000,1.042027,0,1
21,15,26,11,22,30,14,20,
54.000000,144.000000,0.013494,5271476224.000000,0.819077,0,1
38,46,30,39,37,26,41,43,
102.000000,144.000000,0.013393,950120064.000000,0.698772,0,1
33,41,27,46,38,32,49,47,
148.000000,144.000000,0.012898,146611712.000000,0.116703,0,1
36,52,39,59,55,54,58,57,
215.000000,144.000000,0.009405,659200320.000000,0.327277,0,1
20,21,28,36,37,45,56,59,
233.000000,144.000000,0.008596,735251200.000000,0.276554,0,1
23,37,25,43,35,37,55,60,
706.000000,144.000000,0.034181,2309414656.000000,1.044157,0,1
26,22,30,14,26,31,20,25,
56.000000,145.000000,0.013651,97025640.000000,0.165707,0,1
25,30,25,37,29,31,42,41,
77.000000,145.000000,0.017646,490215552.000000,0.940334,0,1
24,25,26,31,33,32,33,37,
88.000000,145.000000,0.013330,247867200.000000,0.741976,0,1
28,29,36,41,42,44,49,43,
258.000000,145.000000,0.007086,219662288.000000,0.201279,0,1
24,31,34,52,51,55,59,60,
40.000000,146.000000,0.015917,4969755.500000,0.203224,0,1
22,25,26,37,38,39,53,56,
671.000000,146.000000,0.030526,1174393472.000000,0.894213,0,1
15,10,19,9,13,26,9,13,
428.000000,148.000000,0.010917,8412244.000000,0.016453,0,1
30,32,31,34,47,46,53,53,
252.000000,150.000000,0.007650,263375680.000000,0.223707,0,1
58,58,58,52,46,53,32,23,
266.000000,150.000000,0.006741,347643776.000000,0.183021,0,1
59,56,58,35,40,47,24,27,
105.000000,151.000000,0.018282,626853696.000000,0.879091,0,1
45,46,39,50,43,35,49,44,
240.000000,151.000000,0.008301,753192128.000000,0.257377,0,1
59,55,53,41,30,30,28,24,
423.000000,151.000000,0.025005,1010042.000000,0.043105,0,1
30,28,31,34,34,37,44,50,
444.000000,151.000000,0.024792,2260738.000000,0.050630,0,1
28,26,27,43,42,44,49,49,
456.000000,151.000000,0.024990,1699888.375000,0.085417,0,1
29,32,32,46,45,46,48,49,
142.000000,152.000000,0.018073,456941760.000000,0.762372,0,1
46,41,48,39,43,46,37,34,
200.000000,152.000000,0.010170,441287200.000000,0.376514,0,1
59,57,58,35,36,47,20,20,
380.000000,152.000000,0.018237,1325188.750000,0.130961,0,1
36,36,35,39,40,40,48,51,
386.000000,152.000000,0.018753,1896602.625000,0.110725,0,1
36,35,36,41,41,41,49,51,
424.000000,152.000000,0.023839,1266749.625000,0.039176,0,1
31,34,37,44,45,47,50,51,
171.000000,153.000000,0.011866,998775104.000000,0.487349,0,1
59,56,58,33,34,44,20,20,
157.000000,154.000000,0.012425,120769392.000000,0.108575,0,1
59,52,55,37,38,37,43,34,
646.000000,154.000000,0.027595,1118087168.000000,0.780735,0,1
21,14,26,9,21,28,13,20,
95.000000,155.000000,0.013426,1466876672.000000,0.719951,0,1
49,47,43,43,37,39,28,23,
103.000000,155.000000,0.015509,1128475520.000000,0.781311,0,1
51,51,47,48,43,33,44,38,
104.000000,155.000000,0.015382,1114147328.000000,0.773668,0,1
49,50,42,47,36,32,38,26,
151.000000,155.000000,0.012919,223741680.000000,0.115667,0,1
49,35,44,27,37,33,25,32,
165.000000,155.000000,0.011885,620715392.000000,0.508363,0,1
42,38,22,31,31,19,34,26,
45.000000,156.000000,0.013736,714196672.000000,0.517225,0,1
51,51,47,50,39,33,38,31,
320.000000,156.000000,0.014411,9320781.000000,0.140856,0,1
18,18,22,30,31,46,77,87,
415.000000,156.000000,0.029140,5200803.500000,0.060045,0,1
52,51,48,51,43,48,49,39,
702.000000,156.000000,0.034435,266440512.000000,1.042593,0,1
9,8,9,8,8,13,8,8,
417.000000,157.000000,0.027898,7660392.000000,0.055680,0,1
50,38,51,41,47,50,33,44,
705.000000,158.000000,0.034193,2452619264.000000,1.044957,0,1
20,13,26,9,20,29,13,20,
469.000000,159.000000,0.026779,15298100.000000,0.136050,0,1
44,42,44,38,39,40,29,24,
482.000000,159.000000,0.024917,40503312.000000,0.167723,0,1
42,43,31,37,36,27,28,21,
746.000000,159.000000,0.038886,1718857216.000000,1.219630,0,1
17,13,22,11,17,25,13,16,
101.000000,160.000000,0.013546,113158408.000000,0.144176,0,1
42,33,40,28,35,33,28,28,
328.000000,160.000000,0.022631,32822692.000000,0.299888,0,1
51,49,50,42,42,48,36,39,
454.000000,160.000000,0.027842,9116470.000000,0.097041,0,1
46,44,45,39,38,37,26,22,
463.000000,160.000000,0.028032,11649929.000000,0.123490,0,1
45,43,43,35,35,34,23,20,
406.000000,161.000000,0.030643,5770356.000000,0.098581,0,1
49,48,48,42,42,38,32,30,
422.000000,161.000000,0.029479,7356259.000000,0.059964,0,1
47,47,42,39,37,36,29,27,
428.000000,161.000000,0.026628,9267310.000000,0.052802,0,1
50,47,48,37,34,33,29,27,
432.000000,161.000000,0.027928,8099625.000000,0.054659,0,1
48,45,45,33,36,35,28,28,
208.000000,162.000000,0.030751,825720384.000000,0.381394,0,1
65,62,80,40,70,75,42,43,
352.000000,162.000000,0.030332,69459928.000000,0.280339,0,1
47,41,45,25,36,36,23,22,
383.000000,162.000000,0.030712,9178501.000000,0.173690,0,1
49,46,46,34,34,34,29,30,
503.000000,162.000000,0.033275,3213100.000000,0.276989,0,1
21,18,18,25,25,26,30,34,
504.000000,162.000000,0.027557,3924788.750000,0.280122,0,1
20,18,18,24,26,27,31,34,
519.000000,162.000000,0.031979,3148839.750000,0.358278,0,1
18,19,18,27,26,25,29,31,
161.000000,163.000000,0.022247,1153876608.000000,0.824946,0,1
29,24,32,22,32,38,26,33,
280.000000,163.000000,0.029775,105620616.000000,0.147848,0,1
70,44,66,31,42,48,26,25,
466.000000,163.000000,0.030037,5789817.500000,0.114005,0,1
22,19,18,29,29,26,41,43,
482.000000,163.000000,0.023350,11088631.000000,0.195462,0,1
21,23,20,36,35,23,42,42,
58.000000,164.000000,0.026562,22619612.000000,1.335668,0,1
22,25,26,33,33,34,44,42,
142.000000,164.000000,0.023826,81077984.000000,0.942232,0,1
31,27,34,22,28,30,22,20,
672.000000,164.000000,0.030593,1021937920.000000,0.902514,0,1
17,12,25,10,17,27,14,18,
754.000000,164.000000,0.039309,662687680.000000,1.246258,0,1
23,27,21,28,23,19,27,23,
624.000000,165.000000,0.025097,66136412.000000,0.680369,0,1
18,15,23,20,21,27,25,23,
647.000000,165.000000,0.027475,134169448.000000,0.790866,0,1
26,21,26,15,20,23,15,16,
340.000000,166.000000,0.030495,21313762.000000,0.328731,0,1
24,23,22,31,31,29,43,45,
370.000000,166.000000,0.022762,47325508.000000,0.182558,0,1
27,29,30,40,38,34,43,43,
532.000000,166.000000,0.030213,64648860.000000,0.357479,0,1
19,25,17,31,25,20,30,25,
51.000000,168.000000,0.036271,2075447168.000000,1.659342,0,1
47,54,39,55,46,31,48,43,
289.000000,168.000000,0.029562,52513508.000000,0.522843,0,1
24,23,27,34,33,39,35,42,
272.000000,169.000000,0.030614,78657568.000000,0.585867,0,1
23,28,25,43,34,43,43,43,
280.000000,169.000000,0.029858,73360624.000000,0.557110,0,1
25,32,34,34,42,44,33,38,
203.000000,170.000000,0.029792,52704624.000000,0.558094,0,1
25,24,27,25,34,33,33,32,
218.000000,170.000000,0.030632,35823824.000000,0.220339,0,1
26,25,28,32,31,39,34,28,
317.000000,171.000000,0.021613,11940592.000000,0.210791,0,1
44,44,43,34,32,31,21,16,
248.000000,172.000000,0.019651,25620014.000000,0.307507,0,1
43,42,43,27,30,31,19,22,
297.000000,172.000000,0.021719,19512918.000000,0.248825,0,1
44,36,38,23,26,30,21,26,
322.000000,172.000000,0.021447,105551888.000000,0.200128,0,1
44,33,45,22,30,46,22,28,
352.000000,172.000000,0.029349,44919512.000000,0.298287,0,1
47,39,45,29,44,43,32,44,
476.000000,172.000000,0.029748,36732544.000000,0.192952,0,1
35,32,27,41,37,34,44,47,
258.000000,173.000000,0.014697,52147208.000000,0.155251,0,1
43,35,37,26,29,27,20,23,
493.000000,173.000000,0.031091,31003504.000000,0.190918,0,1
18,18,17,32,31,31,51,58,
511.000000,173.000000,0.029855,51344888.000000,0.293921,0,1
16,24,22,41,40,39,53,57,
512.000000,173.000000,0.030076,48774248.000000,0.298474,0,1
16,23,22,41,40,38,53,58,
520.000000,173.000000,0.030663,33813320.000000,0.251341,0,1
24,25,26,40,40,40,50,54,
532.000000,173.000000,0.031381,24055814.000000,0.205924,0,1
27,32,22,40,32,24,43,47,
460.000000,174.000000,0.031879,16714212.000000,0.153361,0,1
41,44,44,48,48,48,56,62,
156.000000,175.000000,0.022155,222567056.000000,0.842675,0,1
18,24,19,34,23,19,25,20,
172.000000,175.000000,0.020700,394358304.000000,0.753688,0,1
32,34,25,25,30,18,19,19,
334.000000,175.000000,0.031519,17981180.000000,0.367032,0,1
40,39,40,45,46,46,53,62,
336.000000,175.000000,0.031342,21241048.000000,0.357728,0,1
39,40,40,46,46,45,55,62,
364.000000,175.000000,0.030653,50610180.000000,0.255469,0,1
38,46,45,50,49,48,61,58,
425.000000,175.000000,0.030926,16621380.000000,0.107435,0,1
44,49,48,53,53,54,58,61,
442.000000,175.000000,0.030606,21278078.000000,0.116068,0,1
44,49,50,53,57,62,60,60,
544.000000,175.000000,0.030952,5017597.000000,0.143382,0,1
17,17,18,20,15,15,31,43,
45.000000,176.000000,0.031979,14036233.000000,0.276226,0,1
38,38,39,39,44,47,47,51,
333.000000,176.000000,0.031055,23645588.000000,0.366923,0,1
39,45,46,53,53,55,62,66,
349.000000,176.000000,0.030777,76105072.000000,0.308565,0,1
39,46,31,53,47,46,57,56,
361.000000,176.000000,0.031084,37565056.000000,0.269242,0,1
47,49,50,55,60,61,69,71,
370.000000,176.000000,0.031139,15841546.000000,0.240254,0,1
46,48,49,53,53,54,56,57,
413.000000,176.000000,0.030469,18240656.000000,0.122449,0,1
48,52,52,57,57,57,61,61,
447.000000,178.000000,0.032098,6253013.500000,0.104166,0,1
66,74,73,62,71,80,62,58,
450.000000,178.000000,0.033965,9891270.000000,0.113167,0,1
60,68,62,80,71,61,71,60,
215.000000,179.000000,0.028074,30797152.000000,0.514629,0,1
22,26,24,38,35,35,51,60,
403.000000,180.000000,0.036532,15832848.000000,0.080788,0,1
81,67,80,59,61,61,55,56,
472.000000,181.000000,0.038080,6137272.000000,0.223468,0,1
65,68,62,74,68,61,70,65,
560.000000,181.000000,0.042693,9038540.000000,0.684343,0,1
31,29,29,38,37,35,45,46,
154.000000,182.000000,0.030655,86281072.000000,1.060826,0,1
23,34,31,47,44,47,54,57,
471.000000,182.000000,0.041284,6300810.500000,0.240540,0,1
68,74,68,65,70,66,64,63,
479.000000,186.000000,0.045115,4281132.000000,0.289429,0,1
59,70,62,61,67,72,57,58,
499.000000,187.000000,0.047082,11267541.000000,0.396420,0,1
62,66,66,57,57,58,55,54,
328.000000,191.000000,0.047129,9128333.000000,0.528501,0,1
59,59,59,61,60,60,67,75,
331.000000,192.000000,0.047241,40431424.000000,0.507427,0,1
58,60,58,70,62,58,66,58,
491.000000,192.000000,0.051366,16979450.000000,0.369919,0,1
57,73,59,56,60,58,53,50,
537.000000,192.000000,0.056273,72746872.000000,0.669976,0,1
56,58,60,52,53,54,48,51,
615.000000,193.000000,0.053090,49230404.000000,1.048637,0,1
23,35,28,31,29,24,23,25,
548.000000,194.000000,0.058565,68257160.000000,0.393483,0,1
56,54,54,49,48,49,42,42,
529.000000,196.000000,0.055598,32770830.000000,0.633635,0,1
54,54,53,52,49,48,42,43,
562.000000,196.000000,0.071229,8658567.000000,0.127203,0,1
52,49,48,47,43,39,40,38,
319.000000,198.000000,0.054436,20479892.000000,0.617592,0,1
60,60,68,60,69,77,69,69,
503.000000,199.000000,0.058759,18648964.000000,0.520052,0,1
46,46,47,51,54,52,54,55,
504.000000,199.000000,0.058339,21060604.000000,0.522889,0,1
47,47,47,53,53,52,56,58,
519.000000,199.000000,0.056446,15596992.000000,0.515379,0,1
45,45,42,52,52,49,56,56,
521.000000,199.000000,0.056751,16345411.000000,0.608714,0,1
44,42,41,52,49,48,55,57,
320.000000,200.000000,0.056184,12771773.000000,0.628698,0,1
76,73,69,72,64,62,62,62,
413.000000,200.000000,0.055758,50038396.000000,0.285755,0,1
58,66,58,78,69,58,80,79,
405.000000,202.000000,0.060681,22019034.000000,0.330572,0,1
58,52,60,55,62,78,63,76,
554.000000,203.000000,0.063072,30733044.000000,0.467503,0,1
36,38,41,46,46,48,53,54,
416.000000,205.000000,0.061491,20200652.000000,0.241152,0,1
74,74,71,68,62,60,61,59,
623.000000,205.000000,0.092955,24088900.000000,0.823345,0,1
33,34,30,51,37,30,52,52,
311.000000,206.000000,0.061285,65257768.000000,0.712683,0,1
73,81,71,84,74,57,70,56,
538.000000,207.000000,0.066282,14861211.000000,0.419940,0,1
54,49,52,42,43,46,39,42,
608.000000,207.000000,0.095207,39341260.000000,0.981912,0,1
53,47,52,29,40,48,28,27,
642.000000,207.000000,0.069832,23190470.000000,1.333815,0,1
26,27,27,32,33,32,37,41,
530.000000,208.000000,0.066792,50141764.000000,0.632253,0,1
57,54,48,58,47,41,59,61,
559.000000,208.000000,0.076992,82996640.000000,0.811814,0,1
45,44,39,50,45,36,53,55,
607.000000,208.000000,0.095286,50020216.000000,1.141538,0,1
47,29,40,25,28,42,25,25,
550.000000,209.000000,0.069890,72935928.000000,0.873126,0,1
51,42,46,45,48,50,54,57,
184.000000,210.000000,0.064943,21114156.000000,1.487423,0,1
62,60,60,64,66,66,75,64,
543.000000,210.000000,0.069908,38355984.000000,0.582989,0,1
42,44,42,54,55,50,58,59,
611.000000,210.000000,0.096159,74322872.000000,1.171064,0,1
44,40,48,26,37,48,26,26,
254.000000,211.000000,0.065129,21181032.000000,0.759454,0,1
67,71,71,64,63,63,61,61,
303.000000,212.000000,0.067164,33906128.000000,0.441675,0,1
93,89,80,81,73,59,69,62,
712.000000,212.000000,0.073550,5051321.500000,1.299554,0,1
26,30,28,35,35,32,37,38,
618.000000,215.000000,0.099171,47052408.000000,1.233522,0,1
48,37,46,26,32,46,27,26,
296.000000,216.000000,0.071824,43867376.000000,0.873630,0,1
79,86,85,86,81,67,74,62,
418.000000,216.000000,0.072122,15604395.000000,0.237004,0,1
61,73,60,83,66,60,80,72,
572.000000,216.000000,0.081495,103065352.000000,0.915164,0,1
24,21,22,19,30,22,31,33,
578.000000,216.000000,0.082183,86650488.000000,0.951384,0,1
44,36,38,23,30,27,22,23,
620.000000,216.000000,0.100029,58209056.000000,1.250473,0,1
48,41,47,27,36,47,26,26,
725.000000,216.000000,0.080442,32209076.000000,1.435105,0,1
35,41,37,35,35,34,29,26,
624.000000,219.000000,0.102048,68400688.000000,1.288828,0,1
47,36,47,26,31,44,25,25,
661.000000,219.000000,0.081842,56858088.000000,1.523682,0,1
46,41,43,33,34,34,28,26,
274.000000,221.000000,0.078511,48063624.000000,1.048650,0,1
58,58,59,60,59,60,72,69,
217.000000,222.000000,0.078824,58591640.000000,1.399633,0,1
59,60,59,61,61,62,74,68,
224.000000,222.000000,0.078734,74582904.000000,0.997870,0,1
58,59,59,62,63,64,71,70,
191.000000,223.000000,0.079100,58665328.000000,1.567533,0,1
57,57,59,64,65,66,72,60,
193.000000,223.000000,0.078574,67149192.000000,1.560602,0,1
58,59,59,65,66,66,76,63,
632.000000,223.000000,0.104861,48987512.000000,1.176579,0,1
51,46,51,31,46,49,29,29,
111.000000,224.000000,0.079087,40847100.000000,2.104766,0,1
59,58,58,60,60,60,69,66,
146.000000,224.000000,0.078687,57541480.000000,1.853207,0,1
60,60,60,65,65,66,74,63,
215.000000,224.000000,0.079730,70227296.000000,1.437099,0,1
61,73,74,66,68,68,60,60,
216.000000,224.000000,0.079369,87911128.000000,1.414734,0,1
61,74,73,67,68,68,60,60,
237.000000,224.000000,0.078658,57639420.000000,1.275473,0,1
64,72,73,66,66,66,62,61,
246.000000,224.000000,0.078534,66774904.000000,1.234950,0,1
64,76,76,63,63,62,61,60,
248.000000,224.000000,0.078363,57786912.000000,1.203972,0,1
65,76,75,63,62,61,60,60,
631.000000,224.000000,0.105790,66132148.000000,1.177190,0,1
46,31,46,25,29,43,23,23,
168.000000,225.000000,0.079271,39413164.000000,1.722901,0,1
61,69,68,63,63,64,58,58,
176.000000,225.000000,0.078618,61825272.000000,1.652860,0,1
63,68,67,64,64,64,58,58,
192.000000,225.000000,0.079250,82121712.000000,1.563560,0,1
66,73,76,60,63,62,59,59,
200.000000,225.000000,0.079399,61991276.000000,1.507766,0,1
68,71,71,61,61,62,59,59,
275.000000,227.000000,0.084317,47981244.000000,0.623649,0,1
61,60,67,62,74,94,83,92,
660.000000,228.000000,0.110003,24141626.000000,0.794894,0,1
27,35,28,52,40,31,52,52,
557.000000,229.000000,0.088278,16778552.000000,0.645662,0,1
33,38,33,56,47,37,61,60,
560.000000,230.000000,0.090780,28096794.000000,0.684215,0,1
32,37,32,59,50,40,61,60,
642.000000,231.000000,0.110632,130694832.000000,1.328344,0,1
40,35,44,23,32,44,22,23,
716.000000,231.000000,0.092508,12035376.000000,1.848477,0,1
27,28,28,34,30,30,39,39,
273.000000,232.000000,0.091581,39341492.000000,0.707444,0,1
93,93,89,95,84,64,75,61,
567.000000,232.000000,0.093107,25127210.000000,0.739320,0,1
27,36,30,56,49,39,57,59,
570.000000,233.000000,0.093784,35201728.000000,0.857027,0,1
28,39,32,54,50,42,58,59,
647.000000,234.000000,0.112647,110823144.000000,1.398973,0,1
48,40,47,23,36,47,23,23,
665.000000,235.000000,0.130294,329297728.000000,1.498268,0,1
42,51,32,43,40,26,43,39,
592.000000,236.000000,0.099670,7380980.000000,1.000990,0,1
14,16,16,20,18,17,23,25,
650.000000,236.000000,0.113688,87904624.000000,1.439691,0,1
48,41,49,23,35,48,23,23,
712.000000,237.000000,0.093884,16323328.000000,1.863807,0,1
37,37,36,29,32,33,27,26,
655.000000,240.000000,0.115463,16001033.000000,0.844953,0,1
46,30,45,24,28,43,23,22,
165.000000,242.000000,0.099833,181962592.000000,1.462818,0,1
59,58,58,58,58,62,78,76,
168.000000,242.000000,0.099947,170496704.000000,1.446974,0,1
57,58,60,59,65,69,79,78,
199.000000,242.000000,0.099190,319093024.000000,1.119093,0,1
59,62,62,77,77,77,80,69,
200.000000,242.000000,0.099090,290842240.000000,1.113227,0,1
60,62,62,77,76,75,80,69,
675.000000,242.000000,0.130980,677353472.000000,1.566531,0,1
28,24,42,18,36,51,24,34,
127.000000,243.000000,0.099825,61020608.000000,2.200382,0,1
60,60,61,64,64,65,83,70,
129.000000,243.000000,0.099991,63053608.000000,2.186631,0,1
60,61,60,64,65,67,86,71,
143.000000,243.000000,0.099803,283545600.000000,2.083609,0,1
60,60,60,73,72,73,79,68,
147.000000,243.000000,0.099754,280231840.000000,2.054018,0,1
60,62,64,73,73,72,81,66,
238.000000,243.000000,0.099687,231544768.000000,1.440782,0,1
73,71,73,63,62,62,58,59,
93.000000,244.000000,0.099727,62597896.000000,1.823228,0,1
62,64,64,73,74,73,85,68,
111.000000,244.000000,0.099805,62400508.000000,1.348872,0,1
61,64,66,80,79,76,81,65,
185.000000,244.000000,0.099616,239561728.000000,1.189486,0,1
71,88,88,70,70,68,62,61,
208.000000,244.000000,0.099138,150051520.000000,1.634182,0,1
74,78,76,64,64,63,63,61,
662.000000,244.000000,0.119232,16412705.000000,0.909482,0,1
48,39,46,22,35,44,21,21,
247.000000,245.000000,0.103617,95390256.000000,0.989766,0,1
65,63,78,62,86,97,82,84,
96.000000,246.000000,0.100100,59178084.000000,2.412265,0,1
72,83,81,68,67,67,65,62,
252.000000,246.000000,0.103132,69593344.000000,0.964329,0,1
91,94,81,87,68,62,60,55,
448.000000,246.000000,0.105403,7334589.000000,0.676749,0,1
61,59,63,57,59,62,54,54,
692.000000,248.000000,0.123226,50005992.000000,1.331379,0,1
26,37,26,50,44,28,55,50,
602.000000,252.000000,0.114482,89695752.000000,1.242634,0,1
33,53,35,58,47,33,58,59,
239.000000,255.000000,0.113671,54198592.000000,1.209023,0,1
87,86,83,89,78,61,73,57,
437.000000,255.000000,0.115833,7474799.500000,0.743012,0,1
63,66,65,64,62,63,56,62,
610.000000,255.000000,0.118233,88326792.000000,1.360009,0,1
26,34,30,50,46,38,55,57,
616.000000,255.000000,0.120292,52702672.000000,1.431670,0,1
23,25,24,31,27,25,39,50,
378.000000,256.000000,0.113271,22279290.000000,0.826286,0,1
62,61,61,57,58,60,54,55,
384.000000,256.000000,0.111852,14825947.000000,0.806898,0,1
63,60,61,59,59,60,58,58,
615.000000,256.000000,0.119851,62040212.000000,1.420666,0,1
25,31,27,47,39,33,55,57,
623.000000,259.000000,0.121638,56188100.000000,1.509724,0,1
26,36,29,53,44,34,55,54,
631.000000,262.000000,0.124332,49410340.000000,1.741179,0,1
34,44,36,49,43,30,48,48,
633.000000,263.000000,0.126086,45957388.000000,1.762912,0,1
30,36,28,45,37,28,47,48,
463.000000,265.000000,0.128652,22059732.000000,0.600919,0,1
48,52,47,55,51,45,57,56,
472.000000,269.000000,0.132023,950881.750000,0.290172,0,1
55,50,56,45,51,57,48,49,
469.000000,270.000000,0.130633,1658942.125000,0.783270,0,1
46,50,45,56,52,48,57,57,
207.000000,271.000000,0.131094,107572040.000000,1.784043,0,1
56,57,58,58,59,61,63,82,
209.000000,271.000000,0.130810,137894160.000000,1.765156,0,1
56,58,59,59,61,71,71,81,
648.000000,271.000000,0.135612,21810412.000000,1.711263,0,1
25,34,26,46,33,27,46,44,
208.000000,272.000000,0.130643,103670664.000000,1.771022,0,1
58,59,61,63,71,77,82,83,
471.000000,272.000000,0.136117,2734005.500000,0.933565,0,1
48,53,49,57,54,49,57,57,
478.000000,273.000000,0.135764,1293606.500000,0.310310,0,1
57,55,58,48,54,57,47,49,
652.000000,275.000000,0.134712,31696220.000000,1.547144,0,1
27,31,27,47,39,29,52,52,
143.000000,277.000000,0.135522,75647832.000000,2.393476,0,1
56,57,57,60,62,64,72,69,
147.000000,277.000000,0.135070,93890448.000000,2.359336,0,1
56,58,58,64,68,70,75,70,
156.000000,277.000000,0.134684,86599776.000000,2.289957,0,1
55,58,59,67,67,66,74,66,
128.000000,278.000000,0.135374,58312248.000000,2.506647,0,1
57,59,59,69,65,67,69,61,
184.000000,278.000000,0.135165,242587984.000000,2.058162,0,1
61,70,72,70,73,71,58,54,
183.000000,279.000000,0.135179,487534976.000000,2.068784,0,1
70,70,73,60,58,57,55,53,
196.000000,279.000000,0.135258,114814000.000000,1.584244,0,1
82,70,86,62,87,98,88,96,
205.000000,279.000000,0.139325,31881556.000000,1.248763,0,1
92,90,77,97,75,55,68,52,
483.000000,279.000000,0.141363,2032937.875000,0.731100,0,1
50,51,47,57,52,48,59,59,
123.000000,280.000000,0.134940,55125164.000000,2.540716,0,1
70,72,71,66,65,62,59,58,
130.000000,280.000000,0.134786,33934812.000000,1.943211,0,1
67,71,71,61,62,62,59,59,
143.000000,280.000000,0.134574,51535716.000000,2.395528,0,1
74,68,68,63,62,60,60,58,
147.000000,280.000000,0.134636,74999640.000000,2.366096,0,1
76,68,68,60,60,60,59,59,
484.000000,280.000000,0.143519,2373867.000000,0.741411,0,1
47,52,48,59,54,52,59,59,
193.000000,281.000000,0.142019,18047904.000000,1.153837,0,1
59,56,74,59,80,97,90,102,
201.000000,281.000000,0.142787,20276792.000000,1.133076,0,1
95,98,98,96,91,60,83,56,
452.000000,282.000000,0.146733,1465315.125000,1.004012,0,1
53,55,53,60,58,55,60,60,
492.000000,282.000000,0.137889,1129107.750000,0.775484,0,1
56,53,59,50,54,59,49,50,
190.000000,283.000000,0.144265,16853928.000000,1.196490,0,1
55,56,73,58,85,102,94,101,
183.000000,287.000000,0.150102,11605928.000000,1.305538,0,1
55,56,65,57,71,94,79,101,
342.000000,287.000000,0.151412,2290234.000000,1.240601,0,1
53,55,52,58,57,58,60,60,
179.000000,290.000000,0.151040,34718588.000000,1.341751,0,1
57,58,74,61,87,107,93,105,
189.000000,290.000000,0.153002,14775213.000000,1.326263,0,1
104,104,86,100,80,59,73,57,
173.000000,294.000000,0.156553,21677294.000000,1.451691,0,1
58,59,76,62,86,104,95,103,
216.000000,272.000000,0.129793,107844584.000000,1.824965,0,1
73,73,61,77,60,58,59,56,
422.000000,54.000000,0.000083,49081148.000000,0.001324,0,1
121,118,117,118,117,116,115,112,
735.000000,61.000000,0.013176,14704592.000000,0.146134,0,1
14,16,21,22,34,46,54,60,
96.000000,212.000000,0.066025,12147343.000000,1.073101,0,1
59,58,60,60,61,61,67,61,
565.000000,211.000000,0.081457,629671424.000000,0.868406,0,1
33,46,28,54,35,23,49,37,
585.000000,76.000000,0.019714,1987800064.000000,0.306182,0,1
39,54,37,84,69,36,87,83,
730.000000,94.000000,0.019877,12615201.000000,0.721092,0,1
22,22,20,16,14,11,8,5,
571.000000,192.000000,0.081936,84887896.000000,0.724600,0,1
35,21,42,20,36,41,22,34,
599.000000,95.000000,0.021337,55083872.000000,0.556371,0,1
27,27,24,27,30,32,36,37,
504.000000,99.000000,0.004306,964207680.000000,0.060353,0,1
118,119,124,101,105,132,74,84,
495.000000,101.000000,0.000864,730062400.000000,0.013965,0,1
112,113,117,117,121,124,128,139,
480.000000,102.000000,0.000556,1161109376.000000,0.007715,0,1
103,113,111,124,124,122,134,140,
80.000000,186.000000,0.042237,1378592.000000,0.533064,0,1
28,30,32,38,41,42,48,55,
303.000000,104.000000,0.003999,902133056.000000,0.090877,0,1
82,74,81,48,62,80,48,55,
519.000000,104.000000,0.013720,676421312.000000,0.050083,0,1
73,139,49,139,73,42,112,41,
99.000000,184.000000,0.033499,69841008.000000,1.402193,0,1
27,29,30,36,38,40,46,51,
304.000000,105.000000,0.003928,987069120.000000,0.088495,0,1
81,62,80,48,71,79,55,71,
425.000000,113.000000,0.000284,191635968.000000,0.001588,0,1
145,141,140,135,133,131,124,114,
209.000000,114.000000,0.009824,4372902400.000000,0.353379,0,1
40,51,32,58,41,32,53,46,
397.000000,115.000000,0.001161,519967296.000000,0.008790,0,1
169,159,157,145,143,140,129,118,
264.000000,116.000000,0.006354,3344240896.000000,0.178312,0,1
63,49,72,45,62,73,58,59,
342.000000,116.000000,0.006409,769340864.000000,0.095453,0,1
71,71,67,75,67,42,64,74,
48.000000,165.000000,0.036556,115759504.000000,1.680998,0,1
26,28,30,40,41,40,52,58,
263.000000,124.000000,0.006965,1475436928.000000,0.193406,0,1
63,61,57,56,46,45,54,40,
320.000000,124.000000,0.001491,680004032.000000,0.029483,0,1
90,81,88,43,63,89,37,41,
304.000000,126.000000,0.005627,95928008.000000,0.021347,0,1
61,53,80,41,56,69,38,41,
389.000000,148.000000,0.001981,3402508.250000,0.016084,0,1
24,24,23,28,27,28,35,36,
297.000000,127.000000,0.001659,2608028928.000000,0.039804,0,1
79,78,65,79,53,38,70,45,
277.000000,148.000000,0.006308,2961184512.000000,0.160114,0,1
38,53,24,57,40,23,53,41,
264.000000,131.000000,0.007035,1098016256.000000,0.193090,0,1
27,44,30,58,38,45,58,60,
415.000000,136.000000,0.000720,15500819.000000,0.002568,0,1
36,26,47,23,28,45,23,24,
222.000000,262.000000,0.118780,37442560.000000,1.699045,0,1
56,58,63,58,72,77,76,76,
606.000000,256.000000,0.114676,44969340.000000,1.555101,0,1
44,56,53,55,56,55,54,55,
240.000000,255.000000,0.112089,35094928.000000,1.178036,0,1
89,88,73,85,67,60,61,57,
271.000000,233.000000,0.089883,40447308.000000,0.697964,0,1
90,96,93,92,86,64,76,65,
403.000000,128.000000,0.005080,95209936.000000,0.025371,0,1
40,44,32,52,40,26,38,32,
321.000000,128.000000,0.001364,2247247616.000000,0.026573,0,1
50,41,75,36,48,78,41,48,
501.000000,101.000000,0.003948,2328260608.000000,0.053444,0,1
116,119,83,128,105,76,136,134,
55.000000,188.000000,0.036603,175606784.000000,1.657163,0,1
29,31,30,39,38,39,47,53,
346.000000,103.000000,0.006314,1275178624.000000,0.095349,0,1
59,67,42,75,51,49,51,33,
488.000000,113.000000,0.009862,164781952.000000,0.024961,0,1
83,88,40,113,63,42,96,65,
352.000000,115.000000,0.004994,130222760.000000,0.025578,0,1
43,60,46,65,74,59,81,83,
304.000000,118.000000,0.006426,113743632.000000,0.024760,0,1
80,61,82,48,72,84,60,67,
351.000000,118.000000,0.005756,723906944.000000,0.077689,0,1
81,54,83,38,60,77,38,43,
475.000000,159.000000,0.029947,38588668.000000,0.165835,0,1
40,43,26,40,36,24,29,21,
388.000000,120.000000,0.001330,99692384.000000,0.011049,0,1
115,106,104,98,98,97,95,88,
