# timestamp
1608635299163203328

# fx, fy, cx, cy, width, height, npoints
501.494293,501.474915,421.770752,167.670639,800,400,622

# camToWorld: translation vector, rotation quaternion
-37.907283,69.082696,4.458673,-0.051895,-0.726984,0.683721,0.036431

# Exposure time (ms)
11.951656

# Point Cloud Data : 
# u,v,idepth_scaled,idepth_hessian,maxRelBaseline,numGoodRes,status 
# color information 
108.000000,18.000000,0.245322,409552.687500,0.998803,0,1
6,7,6,10,7,6,12,12,
736.000000,34.000000,0.280238,2093788.875000,1.634016,0,1
9,9,9,9,9,10,10,16,
736.000000,36.000000,0.295066,1185202.750000,1.655654,0,1
9,10,12,14,16,19,23,24,
639.000000,80.000000,0.182095,948227968.000000,0.735079,0,1
60,115,56,240,112,49,241,197,
593.000000,103.000000,0.157445,260552272.000000,0.344601,0,1
45,40,137,49,89,236,90,120,
622.000000,104.000000,0.173540,1273964544.000000,0.645474,0,1
195,255,107,255,195,58,255,216,
742.000000,126.000000,0.229496,400318336.000000,1.192875,0,1
255,251,211,215,142,77,78,36,
524.000000,128.000000,0.125288,340893184.000000,0.291641,0,1
41,42,157,56,165,252,216,255,
716.000000,129.000000,0.221618,2170064384.000000,1.330527,0,1
233,252,201,255,226,186,254,219,
501.000000,130.000000,0.114068,112319368.000000,0.183007,0,1
54,51,85,45,134,104,154,178,
654.000000,141.000000,0.186200,2263367168.000000,0.925936,0,1
122,201,82,252,168,55,220,183,
597.000000,143.000000,0.157549,422142240.000000,0.347706,0,1
231,107,253,61,161,252,52,77,
612.000000,144.000000,0.165548,1327832192.000000,0.706609,0,1
74,70,210,34,178,252,90,175,
647.000000,144.000000,0.185806,2060412160.000000,0.897075,0,1
156,75,180,31,100,188,43,64,
611.000000,146.000000,0.165616,1350977280.000000,0.703420,0,1
90,36,183,25,80,250,30,72,
746.000000,152.000000,0.232646,1170414080.000000,1.492361,0,1
26,26,36,26,43,96,46,94,
620.000000,155.000000,0.170222,688862208.000000,0.628519,0,1
129,219,72,244,160,79,252,255,
687.000000,175.000000,0.201454,2713466880.000000,1.119066,0,1
218,233,122,247,155,64,185,106,
732.000000,183.000000,0.225188,3745206016.000000,1.378397,0,1
129,84,166,54,128,207,86,142,
743.000000,190.000000,0.238683,8364311.500000,1.247774,0,1
190,150,159,88,103,119,34,24,
652.000000,203.000000,0.181398,2267246080.000000,1.026870,0,1
84,140,80,143,97,42,97,47,
575.000000,204.000000,0.149459,1321452160.000000,0.598796,0,1
30,33,90,29,94,137,74,117,
581.000000,207.000000,0.147527,809762560.000000,0.669405,0,1
104,144,61,147,101,32,115,78,
614.000000,212.000000,0.162480,204299440.000000,0.639467,0,1
20,37,23,97,59,24,114,116,
690.000000,215.000000,0.204748,1739400960.000000,1.265690,0,1
36,25,66,17,50,104,21,27,
648.000000,216.000000,0.177693,1657210880.000000,1.031393,0,1
58,74,35,73,48,24,59,50,
692.000000,217.000000,0.204796,1349464832.000000,1.198133,0,1
104,73,138,27,84,153,26,19,
496.000000,223.000000,0.123479,50743912.000000,0.190848,0,1
146,153,97,131,131,73,133,116,
496.000000,225.000000,0.121874,48308440.000000,0.191279,0,1
131,133,88,114,116,65,112,101,
607.000000,226.000000,0.165088,928759296.000000,0.791160,0,1
34,29,63,25,65,120,47,81,
723.000000,227.000000,0.224111,490009088.000000,1.470571,0,1
91,111,67,102,72,41,86,62,
587.000000,229.000000,0.179222,38286912.000000,0.764504,0,1
120,86,126,40,67,82,30,27,
642.000000,259.000000,0.175808,148587424.000000,1.131788,0,1
31,61,35,105,70,37,113,106,
637.000000,260.000000,0.175543,1460791040.000000,1.117569,0,1
57,57,91,47,91,113,89,126,
622.000000,263.000000,0.168536,155360768.000000,0.937688,0,1
55,78,38,68,79,31,47,33,
693.000000,265.000000,0.198772,464862144.000000,1.388889,0,1
30,50,28,84,41,24,60,40,
728.000000,273.000000,0.225309,147977520.000000,1.604602,0,1
23,26,24,33,37,31,54,71,
708.000000,276.000000,0.209346,631070976.000000,1.384745,0,1
57,113,51,171,117,46,143,136,
746.000000,297.000000,0.230604,510456352.000000,1.748949,0,1
40,28,58,27,37,87,27,33,
734.000000,60.000000,0.258407,6380673.500000,1.539151,0,1
19,21,24,27,33,40,46,41,
715.000000,89.000000,0.219684,988667712.000000,1.080611,0,1
215,250,132,253,181,64,227,158,
684.000000,90.000000,0.200838,2127150592.000000,1.104084,0,1
142,179,66,226,93,38,139,73,
701.000000,104.000000,0.211697,1326921472.000000,1.194864,0,1
129,52,196,26,91,238,27,35,
703.000000,107.000000,0.212382,2358251776.000000,1.203652,0,1
184,73,196,29,107,246,39,66,
720.000000,107.000000,0.219800,1283267584.000000,1.350808,0,1
29,49,27,100,38,26,63,41,
738.000000,111.000000,0.231631,49050984.000000,0.819962,0,1
28,33,63,55,129,226,214,255,
727.000000,114.000000,0.221492,536904000.000000,1.118050,0,1
41,81,104,122,174,219,187,225,
692.000000,116.000000,0.210726,217748176.000000,1.201131,0,1
23,23,27,22,29,101,31,90,
694.000000,119.000000,0.205871,1465739776.000000,1.198967,0,1
173,155,249,124,219,255,195,246,
656.000000,130.000000,0.185997,999885056.000000,0.933182,0,1
255,251,224,242,178,83,136,62,
732.000000,137.000000,0.225127,1888671616.000000,1.145345,0,1
173,169,91,227,139,56,158,100,
703.000000,139.000000,0.211797,203335840.000000,1.006643,0,1
255,215,246,62,146,201,28,25,
729.000000,149.000000,0.224930,317133824.000000,1.136477,0,1
190,187,140,126,130,68,75,28,
559.000000,157.000000,0.141289,693697792.000000,0.457318,0,1
130,238,82,250,162,35,171,66,
702.000000,157.000000,0.209670,313033952.000000,1.002255,0,1
36,92,48,219,131,62,244,248,
708.000000,163.000000,0.212936,3011278336.000000,1.288755,0,1
92,185,78,242,152,59,197,144,
711.000000,164.000000,0.213205,1829499392.000000,1.243533,0,1
32,59,26,99,38,21,61,37,
733.000000,179.000000,0.224496,1731541504.000000,1.377609,0,1
53,58,119,50,129,199,116,170,
728.000000,185.000000,0.225048,153281424.000000,1.150602,0,1
25,33,39,90,86,98,124,140,
728.000000,189.000000,0.229829,4082420.250000,0.804367,0,1
140,114,124,51,61,71,24,21,
736.000000,189.000000,0.234950,8715454.000000,0.831798,0,1
185,151,159,97,112,126,48,25,
584.000000,192.000000,0.151194,144566176.000000,0.332408,0,1
24,22,102,17,48,208,22,38,
602.000000,200.000000,0.158732,850338048.000000,0.707970,0,1
77,146,50,192,111,35,178,150,
738.000000,214.000000,0.223527,356579616.000000,1.431894,0,1
10,16,11,47,25,17,45,31,
730.000000,223.000000,0.221245,647289600.000000,1.180400,0,1
121,108,78,80,66,39,41,22,
729.000000,225.000000,0.218083,496964320.000000,1.476569,0,1
76,47,36,35,25,20,22,17,
737.000000,242.000000,0.226031,390366976.000000,1.242264,0,1
19,18,33,17,30,53,27,48,
717.000000,250.000000,0.216472,78234200.000000,0.789064,0,1
82,76,108,39,70,86,37,30,
721.000000,251.000000,0.220519,129126192.000000,1.416192,0,1
94,85,70,62,56,42,44,34,
719.000000,252.000000,0.217713,72163792.000000,1.171492,0,1
86,59,60,30,43,40,19,18,
720.000000,253.000000,0.216731,35048748.000000,1.501947,0,1
60,43,40,19,31,33,18,19,
697.000000,257.000000,0.225000,6956701.500000,0.376774,0,1
19,23,20,47,31,22,67,39,
711.000000,278.000000,0.210730,924440960.000000,1.404852,0,1
32,62,28,113,53,24,96,76,
648.000000,228.000000,0.178144,827981312.000000,1.064070,0,1
73,61,49,62,41,26,29,18,
691.000000,124.000000,0.204627,1856862080.000000,0.945072,0,1
141,87,200,39,132,250,77,137,
600.000000,28.000000,0.177383,2255048.000000,0.678622,0,1
16,15,15,16,15,15,17,15,
693.000000,69.000000,0.208576,380486208.000000,0.988837,0,1
39,58,57,108,100,64,199,245,
692.000000,70.000000,0.209048,438683712.000000,0.986153,0,1
58,108,100,188,199,135,255,255,
264.000000,76.000000,0.183248,227704.906250,1.034097,0,1
7,7,7,8,8,8,9,11,
694.000000,76.000000,0.210966,269583456.000000,0.677452,0,1
255,252,134,247,167,53,133,41,
687.000000,83.000000,0.201950,736266112.000000,0.940091,0,1
243,248,130,246,141,52,164,67,
631.000000,89.000000,0.177597,132060096.000000,0.692825,0,1
239,195,204,148,137,88,72,40,
143.000000,90.000000,0.158663,514954112.000000,1.632410,0,1
125,108,139,108,128,137,109,123,
154.000000,94.000000,0.155321,68724544.000000,0.569901,0,1
63,60,60,52,40,38,27,20,
674.000000,106.000000,0.196990,625665728.000000,0.871890,0,1
255,191,255,93,164,206,67,35,
675.000000,106.000000,0.197454,448056672.000000,0.876451,0,1
255,237,255,124,192,204,75,33,
638.000000,107.000000,0.182081,564049792.000000,0.858176,0,1
29,30,59,31,89,192,89,198,
610.000000,109.000000,0.170364,314061792.000000,0.737690,0,1
247,105,172,36,41,72,33,31,
666.000000,122.000000,0.193794,1983161216.000000,0.996209,0,1
35,73,28,152,42,25,81,43,
630.000000,125.000000,0.176019,1185577600.000000,0.835366,0,1
145,137,250,105,201,255,150,211,
666.000000,126.000000,0.193036,1594632192.000000,0.993523,0,1
43,71,27,106,33,21,41,22,
691.000000,126.000000,0.205016,2098318848.000000,1.128941,0,1
132,77,196,35,137,250,73,114,
608.000000,129.000000,0.164085,957544704.000000,0.687067,0,1
255,255,194,252,191,67,177,72,
684.000000,143.000000,0.200607,457275424.000000,1.142456,0,1
21,27,24,62,40,27,117,120,
679.000000,144.000000,0.199317,570939520.000000,1.064919,0,1
23,35,60,54,124,162,159,249,
501.000000,150.000000,0.116819,21758608.000000,0.205435,0,1
25,41,36,36,81,41,89,121,
657.000000,150.000000,0.187787,1697028224.000000,0.945810,0,1
154,226,89,250,144,45,186,117,
127.000000,151.000000,0.024751,4939685376.000000,0.449380,0,1
250,251,203,216,184,72,59,50,
672.000000,151.000000,0.194637,963698240.000000,0.857163,0,1
133,115,230,76,182,252,123,151,
462.000000,153.000000,0.092319,13140462.000000,0.073783,0,1
176,183,97,78,98,59,67,46,
534.000000,153.000000,0.125900,200950576.000000,0.289884,0,1
174,209,99,81,120,34,38,25,
129.000000,154.000000,0.024468,4604715520.000000,0.441658,0,1
43,63,76,67,181,220,110,93,
683.000000,157.000000,0.200556,576562240.000000,0.911956,0,1
206,239,153,253,206,111,235,252,
634.000000,158.000000,0.176120,696382208.000000,0.688570,0,1
64,133,45,200,110,31,176,115,
654.000000,158.000000,0.185167,1368999680.000000,0.930433,0,1
189,218,126,201,135,52,94,30,
120.000000,165.000000,0.024649,2781398528.000000,0.460339,0,1
161,112,222,64,140,157,55,48,
141.000000,171.000000,0.154845,1801309056.000000,1.618856,0,1
64,79,39,97,62,29,79,51,
698.000000,171.000000,0.200182,90095616.000000,1.223260,0,1
61,49,48,38,37,36,35,33,
114.000000,174.000000,0.029884,65227472.000000,0.556692,0,1
89,81,88,69,76,77,63,60,
118.000000,180.000000,0.029040,135227616.000000,0.549916,0,1
83,68,64,57,54,58,48,46,
557.000000,186.000000,0.136663,64301536.000000,0.259344,0,1
16,27,28,63,115,86,195,253,
561.000000,188.000000,0.144525,133983344.000000,0.218094,0,1
46,183,81,252,175,103,241,194,
156.000000,197.000000,0.153737,244813552.000000,0.569465,0,1
49,73,32,84,53,22,77,54,
308.000000,197.000000,0.023263,1063631360.000000,0.180594,0,1
43,69,65,158,147,44,198,80,
156.000000,198.000000,0.153839,240909840.000000,0.570150,0,1
51,77,33,85,53,22,75,52,
635.000000,200.000000,0.179165,1627873280.000000,0.882583,0,1
39,50,111,28,80,141,63,114,
603.000000,202.000000,0.158637,1026199808.000000,0.714974,0,1
64,137,44,180,101,31,158,133,
511.000000,207.000000,0.118495,89353360.000000,0.405659,0,1
57,44,103,40,87,106,69,56,
478.000000,225.000000,0.124600,66704356.000000,0.187895,0,1
123,62,159,49,120,148,56,105,
585.000000,234.000000,0.180441,32141400.000000,0.320739,0,1
39,77,55,89,93,54,103,107,
557.000000,238.000000,0.139399,397931360.000000,0.695379,0,1
59,40,87,36,74,117,41,72,
673.000000,239.000000,0.193598,694717376.000000,1.228930,0,1
22,50,42,58,87,92,84,115,
693.000000,242.000000,0.202616,1577092352.000000,1.336042,0,1
48,86,39,118,65,28,100,77,
595.000000,258.000000,0.156446,460516352.000000,0.928412,0,1
106,105,127,98,122,165,117,149,
576.000000,260.000000,0.177177,242870560.000000,0.434650,0,1
91,161,58,224,95,52,157,89,
576.000000,261.000000,0.176510,229333136.000000,0.434560,0,1
94,164,58,210,93,50,148,85,
667.000000,262.000000,0.193444,251904272.000000,1.274310,0,1
89,79,94,54,73,94,43,39,
682.000000,270.000000,0.199960,296027392.000000,1.032984,0,1
53,24,72,22,25,71,22,22,
592.000000,271.000000,0.163014,113034120.000000,0.686669,0,1
207,191,206,65,142,201,48,38,
686.000000,271.000000,0.200903,163435696.000000,0.744044,0,1
150,120,152,34,81,106,27,24,
701.000000,274.000000,0.207648,188611008.000000,0.754134,0,1
52,37,82,26,61,111,37,58,
478.000000,286.000000,0.153374,27073062.000000,0.938729,0,1
112,113,113,121,119,119,127,131,
489.000000,286.000000,0.150488,17324600.000000,0.923317,0,1
120,122,120,132,130,127,139,138,
544.000000,290.000000,0.157409,23278164.000000,0.975258,0,1
118,107,119,82,99,116,81,81,
639.000000,290.000000,0.189007,30573964.000000,0.602471,0,1
162,175,173,65,140,179,44,33,
538.000000,294.000000,0.167043,29552172.000000,1.015386,0,1
86,76,84,98,81,86,99,101,
650.000000,295.000000,0.194438,46392264.000000,0.646052,0,1
182,155,183,41,88,157,34,30,
556.000000,296.000000,0.163082,75667360.000000,0.671573,0,1
117,105,115,80,96,112,73,68,
617.000000,296.000000,0.169335,47941956.000000,0.534011,0,1
16,23,18,105,59,22,146,175,
657.000000,296.000000,0.197377,316096128.000000,1.227255,0,1
181,171,171,155,164,163,121,80,
681.000000,296.000000,0.200043,610218816.000000,1.453654,0,1
19,45,27,95,75,61,112,131,
502.000000,297.000000,0.165294,9332926.000000,1.016819,0,1
137,134,142,130,137,147,126,129,
557.000000,297.000000,0.164446,96337928.000000,0.679790,0,1
115,96,112,73,85,103,68,66,
575.000000,297.000000,0.173602,54917552.000000,0.481573,0,1
58,80,49,99,78,35,101,92,
655.000000,297.000000,0.197252,51327784.000000,0.665712,0,1
173,134,165,49,95,141,34,30,
504.000000,298.000000,0.164686,9912566.000000,0.600724,0,1
144,145,146,131,143,141,134,132,
602.000000,298.000000,0.185896,49859312.000000,0.836983,0,1
62,66,81,27,40,86,25,24,
683.000000,48.000000,0.251561,4420547.000000,1.326662,0,1
12,15,17,20,25,30,32,37,
685.000000,150.000000,0.201303,2544071936.000000,1.151411,0,1
116,201,79,247,135,49,206,131,
665.000000,182.000000,0.193636,7918053.000000,0.605243,0,1
195,163,169,90,113,134,30,24,
548.000000,48.000000,0.194178,754701.375000,0.671011,0,1
18,17,16,15,14,13,13,12,
304.000000,60.000000,0.163533,4610048.000000,0.801705,0,1
10,11,11,9,10,10,6,5,
340.000000,60.000000,0.162990,2235649.750000,0.636601,0,1
15,13,13,12,12,13,11,7,
354.000000,60.000000,0.161899,4001843.250000,0.369956,0,1
14,14,14,12,13,13,13,8,
360.000000,62.000000,0.158666,6827893.000000,0.540285,0,1
13,14,13,9,9,9,7,6,
400.000000,62.000000,0.154356,6820580.500000,0.304093,0,1
16,15,15,14,14,14,10,8,
418.000000,62.000000,0.155083,3530530.250000,0.360339,0,1
17,15,15,15,15,15,12,8,
488.000000,62.000000,0.148876,1698579.375000,0.472521,0,1
18,19,19,18,17,17,18,14,
506.000000,62.000000,0.158926,1472276.500000,0.579147,0,1
17,16,15,16,14,14,14,11,
446.000000,64.000000,0.151057,7568857.500000,0.360679,0,1
16,16,16,10,10,10,7,8,
472.000000,64.000000,0.149114,8041587.500000,0.421669,0,1
18,17,17,14,14,14,9,8,
244.000000,76.000000,0.149621,358252.375000,2.185663,0,1
6,7,7,7,8,8,8,9,
292.000000,76.000000,0.171627,389724.437500,0.889791,0,1
8,8,8,8,8,9,10,11,
657.000000,76.000000,0.190027,482010944.000000,0.998759,0,1
56,63,133,51,110,251,105,255,
118.000000,77.000000,0.148704,39736032.000000,1.735083,0,1
37,34,45,36,44,49,41,47,
635.000000,78.000000,0.175096,102314824.000000,1.240009,0,1
31,44,51,82,116,93,218,255,
116.000000,80.000000,0.149611,54009264.000000,1.131614,0,1
40,44,45,47,50,52,54,60,
611.000000,80.000000,0.169777,15679006.000000,1.067374,0,1
25,25,28,26,29,35,34,79,
629.000000,80.000000,0.175961,60205136.000000,0.804132,0,1
41,56,93,80,148,221,170,253,
114.000000,82.000000,0.150210,75528104.000000,1.141284,0,1
47,50,54,54,57,60,60,67,
585.000000,87.000000,0.153619,22457756.000000,0.339541,0,1
43,73,86,147,168,187,255,255,
106.000000,88.000000,0.149595,101488464.000000,1.804345,0,1
56,57,61,58,62,66,62,68,
153.000000,89.000000,0.167552,535554336.000000,1.618501,0,1
13,27,13,76,34,13,75,69,
574.000000,89.000000,0.148745,336019168.000000,0.732077,0,1
36,48,80,63,156,232,198,255,
104.000000,90.000000,0.149540,107448120.000000,1.814992,0,1
58,59,62,60,64,68,64,68,
511.000000,90.000000,0.138682,1498491.875000,0.451178,0,1
21,25,25,22,19,17,14,12,
612.000000,90.000000,0.165541,3875813376.000000,1.022942,0,1
254,169,232,58,159,240,88,146,
631.000000,90.000000,0.174912,59988452.000000,0.827529,0,1
206,144,120,93,55,41,49,34,
131.000000,91.000000,0.149279,52380300.000000,1.648237,0,1
87,87,93,89,92,98,95,93,
68.000000,92.000000,0.148031,9765550.000000,2.029841,0,1
23,23,25,23,25,26,25,27,
350.000000,93.000000,0.153017,1934189.000000,1.053686,0,1
9,9,9,12,11,11,16,16,
354.000000,93.000000,0.153006,2023280.875000,1.019013,0,1
9,9,9,11,11,11,17,16,
360.000000,93.000000,0.152449,2200697.000000,0.969381,0,1
9,9,9,12,12,12,17,17,
378.000000,93.000000,0.150985,2037821.875000,0.825348,0,1
11,10,10,12,12,12,18,18,
394.000000,93.000000,0.149104,2524453.000000,0.704818,0,1
12,11,11,11,11,12,18,20,
584.000000,93.000000,0.155745,824936320.000000,0.599392,0,1
255,255,162,255,159,56,196,67,
84.000000,94.000000,0.150093,38965400.000000,1.941492,0,1
36,37,38,38,40,42,40,43,
150.000000,94.000000,0.151522,115515424.000000,0.383066,0,1
69,81,61,113,74,52,118,128,
403.000000,94.000000,0.147948,3144659.750000,0.634269,0,1
11,12,12,18,18,18,20,20,
411.000000,94.000000,0.147184,3252623.000000,0.579882,0,1
13,12,12,18,17,17,21,21,
428.000000,94.000000,0.145643,3637865.500000,0.472321,0,1
13,14,13,17,16,17,22,24,
440.000000,94.000000,0.144556,4861590.000000,0.403988,0,1
13,12,12,16,15,15,22,24,
445.000000,94.000000,0.143684,4117474.750000,0.377426,0,1
13,13,13,15,15,15,21,25,
467.000000,95.000000,0.142369,4232848.000000,0.317177,0,1
12,13,13,20,20,20,24,23,
487.000000,95.000000,0.139426,8252060.500000,0.370167,0,1
10,11,11,17,16,16,24,27,
569.000000,95.000000,0.143758,641521792.000000,0.674759,0,1
46,50,110,54,175,231,190,254,
164.000000,97.000000,0.149121,728687616.000000,1.450365,0,1
38,60,69,41,88,107,56,82,
171.000000,98.000000,0.147135,628695424.000000,0.902892,0,1
15,24,16,95,32,16,101,99,
476.000000,98.000000,0.128426,63417160.000000,0.297167,0,1
25,24,31,20,43,37,24,42,
527.000000,98.000000,0.129907,151184384.000000,0.454100,0,1
24,39,57,52,83,102,96,107,
602.000000,98.000000,0.163738,2243154944.000000,0.953985,0,1
28,27,56,27,42,173,31,83,
152.000000,99.000000,0.152032,4550685184.000000,1.535201,0,1
67,108,24,105,69,17,96,70,
534.000000,99.000000,0.130132,759286784.000000,0.476106,0,1
55,43,205,43,177,255,85,204,
551.000000,99.000000,0.138315,987860736.000000,0.574483,0,1
245,255,129,254,146,41,178,55,
153.000000,100.000000,0.152105,3584162816.000000,1.532150,0,1
24,69,17,96,26,17,70,27,
476.000000,100.000000,0.127756,77518248.000000,0.292541,0,1
43,24,47,19,42,40,22,39,
499.000000,103.000000,0.125553,92194792.000000,0.234760,0,1
19,17,55,14,42,88,18,44,
530.000000,104.000000,0.129879,836256768.000000,0.458170,0,1
140,189,87,157,148,43,96,29,
548.000000,104.000000,0.136845,2062001792.000000,0.552059,0,1
241,255,101,255,157,42,209,99,
568.000000,104.000000,0.145215,1162612736.000000,0.506108,0,1
247,146,254,82,187,255,63,57,
180.000000,105.000000,0.147991,224690176.000000,2.948547,0,1
14,33,18,40,44,23,53,60,
512.000000,107.000000,0.118491,331930944.000000,0.354901,0,1
30,29,60,28,50,199,80,249,
607.000000,107.000000,0.164862,2165891072.000000,0.979547,0,1
255,205,255,59,170,245,42,35,
612.000000,107.000000,0.167030,350467744.000000,0.681573,0,1
255,255,255,247,249,255,172,72,
639.000000,107.000000,0.180103,919268864.000000,0.858077,0,1
32,40,81,45,149,218,165,248,
153.000000,108.000000,0.152061,2462617344.000000,1.524720,0,1
35,72,21,81,38,16,71,40,
535.000000,108.000000,0.129348,1071252288.000000,0.468497,0,1
235,85,248,29,122,186,30,32,
575.000000,108.000000,0.149377,2475080704.000000,0.724089,0,1
255,177,251,51,144,253,45,50,
580.000000,111.000000,0.151772,1004087168.000000,0.758525,0,1
243,255,166,216,217,54,113,35,
438.000000,113.000000,0.084985,74367880.000000,0.103496,0,1
31,57,55,119,142,82,255,255,
617.000000,113.000000,0.169486,2552642560.000000,1.064305,0,1
229,128,246,39,152,212,44,38,
503.000000,114.000000,0.115465,305002496.000000,0.314734,0,1
26,26,59,30,63,141,51,60,
516.000000,114.000000,0.122057,1634637312.000000,0.375372,0,1
120,234,60,255,139,32,250,136,
181.000000,115.000000,0.149475,118079720.000000,2.931273,0,1
67,58,66,28,25,38,14,14,
428.000000,115.000000,0.076219,26134826.000000,0.075725,0,1
37,39,148,62,158,239,102,149,
445.000000,115.000000,0.086576,231197712.000000,0.130923,0,1
40,40,142,42,158,255,100,227,
556.000000,115.000000,0.139949,2421208064.000000,0.590108,0,1
198,85,248,34,150,255,52,89,
511.000000,116.000000,0.117679,906991744.000000,0.343269,0,1
249,125,255,30,186,255,34,31,
528.000000,116.000000,0.126432,115901304.000000,0.428423,0,1
25,26,28,27,54,37,116,245,
543.000000,116.000000,0.133038,621872512.000000,0.348832,0,1
242,147,251,111,195,254,95,69,
561.000000,116.000000,0.144379,1514378112.000000,0.469300,0,1
153,228,66,255,168,43,244,160,
512.000000,117.000000,0.118236,715412928.000000,0.347586,0,1
255,186,255,34,175,231,31,28,
661.000000,117.000000,0.191224,3061707520.000000,0.998194,0,1
88,210,83,255,197,72,255,253,
514.000000,118.000000,0.121675,116404288.000000,0.258754,0,1
254,207,212,50,137,97,31,26,
526.000000,120.000000,0.124910,1645175040.000000,0.413713,0,1
77,38,223,27,143,255,51,147,
557.000000,120.000000,0.138341,488473536.000000,0.245237,0,1
154,62,234,33,158,235,43,84,
154.000000,121.000000,0.152054,858620224.000000,3.348828,0,1
21,40,14,44,22,13,41,23,
600.000000,121.000000,0.161104,1170708992.000000,0.908824,0,1
42,89,49,215,129,87,238,255,
458.000000,122.000000,0.090879,298417536.000000,0.142370,0,1
226,92,254,48,140,253,37,35,
575.000000,122.000000,0.149778,2013711872.000000,0.719318,0,1
48,168,63,244,168,51,234,193,
419.000000,123.000000,0.078472,6462432.500000,0.023201,0,1
68,210,45,255,156,62,255,179,
468.000000,123.000000,0.096044,56484600.000000,0.120509,0,1
26,32,41,25,136,38,108,199,
501.000000,123.000000,0.113948,185534672.000000,0.207964,0,1
53,28,76,25,55,73,29,52,
449.000000,124.000000,0.087116,112931672.000000,0.131289,0,1
254,142,164,35,156,53,40,36,
610.000000,124.000000,0.165784,4669650944.000000,0.992823,0,1
66,182,65,254,160,48,240,206,
216.000000,125.000000,0.103859,46640928.000000,2.152295,0,1
11,18,11,23,18,11,35,62,
413.000000,125.000000,0.071204,6230505.500000,0.043442,0,1
31,30,44,30,48,54,52,78,
612.000000,125.000000,0.166046,5190756352.000000,1.004258,0,1
41,86,33,182,57,30,121,48,
629.000000,125.000000,0.176148,1206334976.000000,0.830783,0,1
93,85,206,79,145,254,118,164,
154.000000,126.000000,0.151983,662353024.000000,3.345726,0,1
24,40,17,40,26,14,41,27,
417.000000,126.000000,0.070140,68898752.000000,0.105705,0,1
250,105,254,41,135,157,36,42,
575.000000,126.000000,0.149970,1060352320.000000,0.528755,0,1
193,249,115,255,209,62,254,207,
150.000000,127.000000,0.150412,375352256.000000,3.401106,0,1
31,19,39,19,31,42,22,30,
612.000000,127.000000,0.166055,5008679424.000000,1.003734,0,1
57,121,40,176,48,29,61,31,
40.000000,128.000000,0.077866,266088624.000000,1.489798,0,1
17,18,25,20,30,38,28,26,
512.000000,128.000000,0.117913,510660544.000000,0.341839,0,1
39,133,53,237,202,44,255,255,
659.000000,129.000000,0.189213,387744864.000000,0.973662,0,1
255,250,222,224,165,86,83,35,
447.000000,130.000000,0.087300,139346528.000000,0.131567,0,1
35,41,64,60,179,62,223,255,
551.000000,132.000000,0.136606,1781048576.000000,0.547777,0,1
127,41,230,27,111,253,31,58,
429.000000,133.000000,0.077625,191182112.000000,0.116986,0,1
45,45,178,47,117,255,88,215,
469.000000,133.000000,0.126518,169528176.000000,0.165267,0,1
121,232,53,255,156,26,254,198,
536.000000,133.000000,0.129770,747057472.000000,0.462809,0,1
234,223,132,217,123,36,105,39,
400.000000,134.000000,0.067506,4679444.000000,0.022038,0,1
28,30,52,31,98,92,100,230,
477.000000,134.000000,0.126611,137281616.000000,0.265580,0,1
58,34,58,19,59,57,33,60,
629.000000,134.000000,0.175153,4679520768.000000,1.171283,0,1
191,145,224,107,176,254,122,100,
639.000000,134.000000,0.180339,302231488.000000,0.887315,0,1
255,255,255,214,248,255,119,68,
629.000000,135.000000,0.175152,3107784704.000000,1.171146,0,1
180,135,224,101,155,214,93,56,
638.000000,135.000000,0.180580,197280400.000000,0.838834,0,1
255,214,248,99,119,210,37,30,
527.000000,137.000000,0.126514,290804352.000000,0.418988,0,1
248,191,246,83,137,247,37,33,
405.000000,139.000000,0.063783,176172480.000000,0.109437,0,1
242,164,254,93,146,203,73,52,
458.000000,139.000000,0.091524,418738528.000000,0.138457,0,1
189,245,69,249,153,37,216,129,
59.000000,141.000000,0.025775,1065820992.000000,0.330094,0,1
25,38,32,93,107,64,163,138,
47.000000,142.000000,0.024293,866629376.000000,0.159516,0,1
26,54,36,164,138,67,225,163,
188.000000,142.000000,0.145538,136873328.000000,0.462962,0,1
24,32,50,43,42,167,36,37,
392.000000,143.000000,0.061151,15563601.000000,0.064089,0,1
94,126,80,83,133,63,209,189,
477.000000,143.000000,0.126573,249565776.000000,0.264621,0,1
64,32,74,19,64,73,31,62,
548.000000,143.000000,0.136526,709937536.000000,0.535979,0,1
25,36,28,112,67,28,166,141,
188.000000,144.000000,0.145499,248853952.000000,0.459793,0,1
42,36,85,43,37,114,33,26,
397.000000,145.000000,0.061446,56285632.000000,0.129050,0,1
79,84,77,52,154,46,119,184,
544.000000,146.000000,0.132784,1009192128.000000,0.503330,0,1
57,50,168,61,152,232,150,236,
600.000000,147.000000,0.159942,1064634624.000000,0.895874,0,1
255,192,255,59,200,200,45,27,
52.000000,148.000000,0.025670,1475806208.000000,0.330701,0,1
255,239,255,110,152,198,72,85,
466.000000,148.000000,0.095397,66758348.000000,0.163016,0,1
22,34,30,56,88,31,102,169,
41.000000,149.000000,0.025581,589131392.000000,0.163897,0,1
255,235,248,118,159,173,96,78,
231.000000,149.000000,0.079565,191147536.000000,1.741410,0,1
12,22,12,25,19,12,26,24,
451.000000,149.000000,0.090591,145232544.000000,0.123708,0,1
62,189,48,239,143,45,253,235,
523.000000,150.000000,0.123460,271192192.000000,0.394460,0,1
20,32,47,48,121,71,81,182,
116.000000,151.000000,0.024838,2994242816.000000,0.470440,0,1
248,254,200,236,186,54,88,39,
439.000000,151.000000,0.081993,42508816.000000,0.124662,0,1
255,220,255,125,187,202,99,123,
442.000000,151.000000,0.085050,204478016.000000,0.128176,0,1
209,254,102,200,165,40,97,56,
468.000000,151.000000,0.093969,288521152.000000,0.164869,0,1
39,114,26,180,49,21,107,51,
656.000000,151.000000,0.187199,2962912768.000000,0.947989,0,1
226,250,144,252,186,70,213,170,
90.000000,152.000000,0.024800,4970242560.000000,0.515633,0,1
255,244,184,206,137,45,48,34,
477.000000,152.000000,0.126579,341283392.000000,0.266490,0,1
65,29,87,19,65,90,29,65,
588.000000,152.000000,0.155438,267817536.000000,0.809921,0,1
21,26,22,44,63,36,178,223,
38.000000,153.000000,0.025937,2578109184.000000,0.166245,0,1
168,227,141,217,125,44,96,40,
61.000000,153.000000,0.025183,1715998848.000000,0.314139,0,1
255,215,222,158,168,94,53,35,
63.000000,153.000000,0.025667,2225962496.000000,0.316732,0,1
240,222,137,168,94,41,42,46,
376.000000,154.000000,0.065009,9476862.000000,0.541584,0,1
44,39,54,31,36,51,24,25,
412.000000,154.000000,0.072619,38922960.000000,0.051291,0,1
136,215,65,192,129,49,204,119,
420.000000,154.000000,0.070058,163820208.000000,0.105582,0,1
110,216,49,238,124,32,211,163,
105.000000,155.000000,0.024808,4985314816.000000,0.489164,0,1
34,43,79,65,133,214,127,161,
354.000000,156.000000,0.061989,380639.125000,0.674062,0,1
12,14,14,18,18,19,23,26,
404.000000,156.000000,0.068174,32950396.000000,0.128037,0,1
94,101,117,51,59,70,40,35,
451.000000,157.000000,0.088124,201869408.000000,0.122464,0,1
167,219,82,217,161,38,189,138,
80.000000,158.000000,0.024972,500005472.000000,0.102790,0,1
228,198,241,97,160,133,71,42,
114.000000,158.000000,0.024942,1978659328.000000,0.480148,0,1
28,59,44,135,129,95,196,250,
594.000000,158.000000,0.156151,221573808.000000,0.633380,0,1
27,55,25,47,27,17,25,20,
511.000000,159.000000,0.113467,83758128.000000,0.245351,0,1
52,37,60,27,50,80,35,46,
468.000000,160.000000,0.102416,58347600.000000,0.186615,0,1
26,25,27,62,52,30,137,116,
39.000000,162.000000,0.025623,1658251520.000000,0.153298,0,1
62,107,61,182,148,79,212,112,
113.000000,162.000000,0.024816,11053159424.000000,0.476199,0,1
211,145,233,67,133,141,69,61,
465.000000,162.000000,0.111752,22996388.000000,0.139470,0,1
69,108,138,47,91,108,37,31,
87.000000,163.000000,0.024739,7934665728.000000,0.520800,0,1
224,176,220,88,136,115,62,66,
90.000000,163.000000,0.024932,7405337088.000000,0.519310,0,1
201,208,131,132,108,92,42,32,
573.000000,163.000000,0.146081,1119597696.000000,0.688418,0,1
49,51,65,47,129,146,145,222,
61.000000,164.000000,0.025163,1492648704.000000,0.319135,0,1
227,182,196,89,107,96,48,35,
63.000000,164.000000,0.025256,2696962560.000000,0.313104,0,1
190,196,142,107,96,90,46,41,
379.000000,164.000000,0.064418,22817802.000000,0.193089,0,1
55,58,53,36,41,32,48,36,
408.000000,164.000000,0.068045,133530696.000000,0.131579,0,1
37,155,43,166,112,27,175,80,
414.000000,164.000000,0.076790,37258308.000000,0.382579,0,1
23,27,35,33,60,66,85,102,
477.000000,164.000000,0.126460,340058048.000000,0.272744,0,1
57,27,86,21,56,94,27,57,
585.000000,164.000000,0.151675,1826023040.000000,0.774422,0,1
52,82,47,218,109,40,202,92,
502.000000,165.000000,0.123669,90213408.000000,0.338283,0,1
79,75,87,38,66,85,26,20,
608.000000,165.000000,0.163264,756838144.000000,0.964821,0,1
36,47,51,61,91,83,159,166,
457.000000,170.000000,0.090892,49502188.000000,0.146511,0,1
28,29,27,51,45,26,122,123,
547.000000,170.000000,0.136374,81100392.000000,0.540308,0,1
224,181,186,82,100,114,33,24,
549.000000,170.000000,0.136769,171105376.000000,0.549314,0,1
166,186,159,100,114,125,41,24,
566.000000,170.000000,0.145535,352856000.000000,0.661649,0,1
34,69,57,124,138,159,150,81,
616.000000,170.000000,0.167719,498347648.000000,1.044019,0,1
255,162,251,39,129,243,35,35,
83.000000,171.000000,0.028151,378793600.000000,0.591780,0,1
73,80,81,59,65,67,57,62,
548.000000,171.000000,0.139258,53182680.000000,0.559776,0,1
186,100,114,33,41,49,24,23,
163.000000,172.000000,0.150382,175430576.000000,3.213845,0,1
28,29,35,28,47,37,42,58,
378.000000,172.000000,0.064700,47656992.000000,0.205166,0,1
49,30,52,27,53,50,30,51,
391.000000,172.000000,0.060251,76360912.000000,0.165931,0,1
63,43,144,29,92,79,47,71,
149.000000,173.000000,0.152137,207483792.000000,3.438122,0,1
29,32,30,44,54,29,57,53,
187.000000,173.000000,0.148785,355628960.000000,2.861164,0,1
30,29,52,27,40,61,28,27,
418.000000,173.000000,0.070708,72320208.000000,0.363753,0,1
55,50,118,49,101,94,52,100,
103.000000,174.000000,0.028210,71285768.000000,0.559623,0,1
71,64,75,54,63,66,50,49,
175.000000,174.000000,0.149249,148150880.000000,3.046866,0,1
28,40,30,56,53,49,42,54,
660.000000,174.000000,0.187534,2578860544.000000,0.972007,0,1
63,52,151,35,118,206,70,120,
477.000000,175.000000,0.126370,256984096.000000,0.282375,0,1
51,27,79,23,50,89,26,47,
197.000000,176.000000,0.147340,606457216.000000,2.715041,0,1
47,61,35,62,49,31,61,46,
332.000000,177.000000,0.039350,10822917.000000,0.629636,0,1
11,16,16,23,24,20,32,38,
298.000000,178.000000,0.038256,1597026.750000,0.322080,0,1
7,9,10,14,15,16,18,22,
318.000000,178.000000,0.036348,4520156.500000,0.703061,0,1
10,16,18,21,22,24,28,33,
372.000000,178.000000,0.044225,18880022.000000,0.025929,0,1
68,99,62,144,90,105,199,153,
153.000000,179.000000,0.150875,43126192.000000,3.381836,0,1
49,44,47,41,42,42,29,25,
209.000000,179.000000,0.088309,51333672.000000,0.247558,0,1
98,112,81,124,74,29,64,25,
501.000000,180.000000,0.121776,381924480.000000,0.340161,0,1
45,29,77,22,51,85,27,31,
419.000000,181.000000,0.085086,39480904.000000,0.098430,0,1
118,73,92,55,67,52,51,65,
441.000000,181.000000,0.082141,84029728.000000,0.123793,0,1
42,52,50,65,121,47,150,125,
107.000000,182.000000,0.033683,65668564.000000,0.660019,0,1
50,55,64,44,51,54,43,40,
427.000000,183.000000,0.089832,17713252.000000,0.106928,0,1
104,109,71,66,87,57,54,67,
478.000000,183.000000,0.125999,187023376.000000,0.293321,0,1
71,44,79,25,68,78,43,65,
351.000000,185.000000,0.044126,116841488.000000,0.117163,0,1
23,38,48,74,57,65,79,64,
530.000000,185.000000,0.130272,392861056.000000,0.376061,0,1
45,37,85,41,49,158,63,170,
154.000000,187.000000,0.153006,348007232.000000,1.007020,0,1
25,27,27,44,46,29,71,72,
400.000000,187.000000,0.051939,14704147.000000,0.430814,0,1
64,56,68,53,76,73,80,91,
513.000000,187.000000,0.115122,951226752.000000,0.354070,0,1
30,62,26,133,34,26,65,32,
216.000000,188.000000,0.080516,86886200.000000,1.950107,0,1
15,20,17,22,31,19,32,23,
254.000000,188.000000,0.028681,48217836.000000,0.073845,0,1
12,16,15,44,51,39,163,252,
319.000000,188.000000,0.025372,296943872.000000,0.174341,0,1
33,20,39,29,28,42,27,87,
440.000000,189.000000,0.094367,33722648.000000,0.178494,0,1
67,47,54,60,68,47,71,99,
477.000000,189.000000,0.126330,152341552.000000,0.305648,0,1
42,25,65,23,40,70,25,39,
503.000000,189.000000,0.114569,208955264.000000,0.328317,0,1
39,26,59,22,30,80,22,25,
553.000000,189.000000,0.136435,733836480.000000,0.389254,0,1
41,53,145,34,158,242,101,178,
447.000000,193.000000,0.093159,38646432.000000,0.187084,0,1
49,55,73,50,85,119,75,95,
462.000000,194.000000,0.112107,73955032.000000,0.230626,0,1
92,86,52,59,81,35,39,35,
325.000000,195.000000,0.026114,125559664.000000,0.047610,0,1
53,146,44,188,121,50,196,169,
199.000000,196.000000,0.101034,38866492.000000,1.014274,0,1
44,43,33,40,32,14,26,15,
264.000000,197.000000,0.024401,652122112.000000,0.064781,0,1
9,27,9,61,39,9,113,60,
272.000000,197.000000,0.024380,156441328.000000,0.134317,0,1
14,10,15,10,19,16,44,99,
287.000000,197.000000,0.022029,264117024.000000,0.106682,0,1
23,28,27,47,55,47,245,255,
603.000000,197.000000,0.158250,2038927360.000000,0.925428,0,1
32,55,23,115,36,20,77,50,
628.000000,197.000000,0.177054,34318704.000000,1.216386,0,1
12,13,12,23,23,18,29,30,
635.000000,197.000000,0.178775,288549280.000000,0.839323,0,1
15,13,14,15,14,15,33,84,
198.000000,198.000000,0.105449,32018652.000000,2.401112,0,1
39,35,18,30,17,15,18,18,
259.000000,198.000000,0.024389,456642176.000000,0.068772,0,1
18,58,26,205,133,96,255,245,
261.000000,198.000000,0.024100,452082656.000000,0.066991,0,1
18,26,61,133,96,113,226,194,
275.000000,198.000000,0.023932,207699344.000000,0.124377,0,1
16,16,17,54,72,69,102,107,
283.000000,198.000000,0.022505,754950848.000000,0.112442,0,1
23,24,41,66,170,236,112,137,
404.000000,198.000000,0.051725,5742637.000000,0.060045,0,1
91,67,107,62,90,106,69,90,
477.000000,198.000000,0.125792,119124016.000000,0.358404,0,1
36,25,55,24,37,61,25,36,
561.000000,198.000000,0.142412,275910112.000000,0.647972,0,1
124,40,82,20,38,74,22,33,
305.000000,199.000000,0.023972,299357632.000000,0.049594,0,1
186,203,200,91,166,83,78,43,
450.000000,199.000000,0.084029,107234656.000000,0.350055,0,1
85,51,97,42,82,94,49,76,
357.000000,200.000000,0.042918,26734592.000000,0.118803,0,1
77,50,61,34,76,42,39,39,
540.000000,200.000000,0.130279,311182144.000000,0.512127,0,1
17,37,16,69,29,16,57,31,
579.000000,202.000000,0.147299,171099152.000000,0.509825,0,1
19,32,28,59,83,40,117,138,
629.000000,203.000000,0.175835,1031530624.000000,0.916931,0,1
32,44,54,41,69,106,70,102,
367.000000,204.000000,0.058422,28008722.000000,0.076550,0,1
38,41,41,52,68,36,99,93,
394.000000,204.000000,0.057336,11347776.000000,0.094282,0,1
62,66,55,100,67,65,73,65,
441.000000,204.000000,0.081469,32374436.000000,0.124229,0,1
48,56,59,94,87,108,139,179,
218.000000,206.000000,0.087422,12884697.000000,0.858587,0,1
24,19,25,18,22,25,17,16,
370.000000,206.000000,0.053707,112620848.000000,0.582880,0,1
34,38,32,44,41,31,57,84,
552.000000,206.000000,0.134883,193915072.000000,0.535994,0,1
22,31,25,61,59,25,114,108,
592.000000,207.000000,0.158368,593795200.000000,0.891150,0,1
43,28,61,19,40,72,23,34,
275.000000,208.000000,0.024013,6195804.500000,0.744322,0,1
24,25,26,30,32,33,41,43,
241.000000,210.000000,0.070065,91559864.000000,1.602708,0,1
19,16,30,14,23,34,19,26,
309.000000,211.000000,0.023909,260484048.000000,0.046003,0,1
233,254,197,183,188,80,157,111,
392.000000,211.000000,0.071917,38691252.000000,0.596510,0,1
55,52,54,33,40,47,26,30,
409.000000,212.000000,0.064191,27857068.000000,0.096740,0,1
50,59,41,73,57,52,116,61,
496.000000,212.000000,0.123532,147428720.000000,0.259346,0,1
132,167,93,167,157,85,183,161,
523.000000,212.000000,0.136638,21559170.000000,0.229625,0,1
70,68,79,34,58,76,26,24,
366.000000,213.000000,0.047325,35456632.000000,0.068792,0,1
87,66,65,37,70,74,34,41,
403.000000,213.000000,0.084521,44030028.000000,0.278063,0,1
43,77,41,74,59,61,68,48,
343.000000,214.000000,0.043660,69799000.000000,0.072809,0,1
45,57,54,112,95,53,136,65,
383.000000,214.000000,0.070545,71317640.000000,0.657917,0,1
27,23,43,37,40,39,54,48,
539.000000,214.000000,0.131569,337436864.000000,0.533558,0,1
57,40,74,36,61,87,59,70,
629.000000,214.000000,0.174090,1260400640.000000,1.212822,0,1
126,124,150,95,115,124,100,68,
280.000000,215.000000,0.023349,20306534.000000,0.061402,0,1
49,53,57,58,67,58,78,84,
633.000000,215.000000,0.175222,148749024.000000,0.824527,0,1
156,147,144,62,123,135,36,26,
68.000000,216.000000,0.062260,2676594.750000,1.203189,0,1
35,35,35,34,34,35,33,29,
84.000000,216.000000,0.068444,17949650.000000,1.209854,0,1
37,36,37,34,35,35,32,29,
342.000000,216.000000,0.043163,78956528.000000,0.073086,0,1
127,118,102,53,75,52,43,26,
358.000000,216.000000,0.051793,12314240.000000,0.669822,0,1
143,83,55,53,59,57,44,21,
414.000000,216.000000,0.096267,77287744.000000,0.603409,0,1
49,40,37,37,35,35,31,25,
444.000000,216.000000,0.119384,150989248.000000,0.255654,0,1
150,59,169,37,112,169,44,59,
362.000000,217.000000,0.058167,235412288.000000,0.680342,0,1
53,60,63,47,52,46,22,18,
377.000000,217.000000,0.069568,120848720.000000,0.677809,0,1
50,55,57,44,46,45,24,18,
387.000000,217.000000,0.074692,98679640.000000,0.655401,0,1
45,46,42,38,37,34,25,18,
398.000000,217.000000,0.082768,96459456.000000,0.636361,0,1
50,42,44,33,34,34,24,20,
271.000000,219.000000,0.023239,296796864.000000,0.058960,0,1
67,114,59,139,85,44,136,116,
300.000000,222.000000,0.026414,61038324.000000,0.042269,0,1
207,249,198,221,186,103,155,77,
639.000000,222.000000,0.180181,391778016.000000,0.772842,0,1
142,63,146,22,77,112,23,25,
231.000000,223.000000,0.084131,42558848.000000,1.891380,0,1
14,23,13,23,16,13,23,20,
246.000000,223.000000,0.060693,24887300.000000,1.507645,0,1
12,17,20,25,28,30,35,43,
237.000000,225.000000,0.065748,192082736.000000,0.220427,0,1
160,48,52,29,35,34,38,36,
280.000000,225.000000,0.027548,139452160.000000,0.150981,0,1
117,54,67,36,45,37,33,32,
447.000000,225.000000,0.122822,115035296.000000,0.291072,0,1
150,57,163,34,106,164,37,54,
469.000000,225.000000,0.119215,335126272.000000,0.320424,0,1
74,137,49,133,92,45,108,87,
248.000000,226.000000,0.077194,5277865.000000,0.441170,0,1
36,41,36,41,33,26,28,24,
299.000000,227.000000,0.035506,128312776.000000,0.302792,0,1
71,68,72,50,52,48,42,41,
536.000000,229.000000,0.125911,599238272.000000,0.516877,0,1
33,47,41,75,93,50,121,142,
196.000000,233.000000,0.142664,94893632.000000,2.811561,0,1
18,22,15,26,17,12,22,15,
660.000000,233.000000,0.187983,730274624.000000,1.023134,0,1
74,53,93,23,74,95,34,47,
337.000000,234.000000,0.053412,57064456.000000,0.802649,0,1
14,23,19,32,30,27,36,36,
342.000000,234.000000,0.056691,52228708.000000,0.817621,0,1
10,15,13,26,22,18,30,34,
449.000000,234.000000,0.124599,98826800.000000,0.321538,0,1
70,31,119,25,38,147,27,30,
450.000000,234.000000,0.124521,119915624.000000,0.322960,0,1
135,51,151,29,97,156,32,50,
478.000000,234.000000,0.126647,223802368.000000,0.404860,0,1
74,38,105,32,66,103,35,60,
660.000000,234.000000,0.187469,757041920.000000,1.020531,0,1
79,44,96,19,58,95,28,39,
613.000000,236.000000,0.192379,156764304.000000,0.888029,0,1
140,106,115,38,64,85,32,30,
195.000000,237.000000,0.142104,83995928.000000,1.320699,0,1
22,26,16,27,24,11,28,24,
509.000000,237.000000,0.121366,187068928.000000,0.438902,0,1
126,116,142,49,85,128,36,32,
202.000000,238.000000,0.136786,15329501.000000,2.738446,0,1
12,8,15,7,14,17,10,14,
461.000000,239.000000,0.123372,374266208.000000,0.349993,0,1
151,162,167,147,145,128,118,109,
468.000000,239.000000,0.122449,267007952.000000,0.408139,0,1
119,128,112,111,99,89,98,94,
514.000000,239.000000,0.126034,405333408.000000,0.476881,0,1
143,118,121,50,83,84,37,34,
528.000000,240.000000,0.129228,632478976.000000,0.531325,0,1
83,95,100,121,123,132,155,174,
535.000000,240.000000,0.125660,126971104.000000,0.530585,0,1
44,69,36,143,86,40,150,148,
486.000000,241.000000,0.120443,129359296.000000,0.426579,0,1
84,71,79,49,65,76,39,48,
540.000000,242.000000,0.132607,102458080.000000,0.658276,0,1
21,33,23,90,44,28,101,118,
377.000000,243.000000,0.085534,97659784.000000,0.410905,0,1
14,19,17,28,25,22,32,34,
452.000000,243.000000,0.126871,148350688.000000,0.426750,0,1
90,39,108,23,81,108,35,73,
474.000000,243.000000,0.121279,153720336.000000,0.610050,0,1
40,63,26,73,39,25,60,39,
521.000000,243.000000,0.127672,112698200.000000,0.510249,0,1
123,63,110,38,46,81,35,34,
526.000000,244.000000,0.129579,99606592.000000,0.535230,0,1
165,137,166,55,100,151,41,37,
640.000000,244.000000,0.209495,20127656.000000,1.121336,0,1
46,56,76,29,33,47,29,28,
485.000000,247.000000,0.124107,43817952.000000,0.622596,0,1
31,36,38,44,38,57,58,65,
486.000000,247.000000,0.124323,47805480.000000,0.622976,0,1
35,32,39,45,43,55,61,65,
662.000000,247.000000,0.188238,514158400.000000,1.197712,0,1
36,30,46,41,48,62,68,70,
400.000000,248.000000,0.103562,69454672.000000,0.832260,0,1
15,18,17,24,23,21,29,33,
414.000000,248.000000,0.109563,17079110.000000,0.786532,0,1
9,12,10,16,15,13,18,19,
218.000000,250.000000,0.142607,8671460.000000,2.603251,0,1
29,30,29,31,32,31,34,36,
506.000000,251.000000,0.131908,67430408.000000,0.510446,0,1
17,17,15,89,35,13,66,44,
543.000000,251.000000,0.136140,105478432.000000,0.633638,0,1
172,146,172,59,116,164,42,38,
474.000000,252.000000,0.119043,96736784.000000,0.664119,0,1
37,54,22,61,35,22,49,32,
478.000000,252.000000,0.128377,22386880.000000,0.671901,0,1
36,28,51,22,37,52,26,32,
547.000000,253.000000,0.140483,132116664.000000,0.676963,0,1
185,142,186,49,100,164,41,38,
570.000000,254.000000,0.147014,238592128.000000,0.798346,0,1
23,72,28,189,142,70,231,249,
195.000000,255.000000,0.144236,98777768.000000,1.368590,0,1
21,25,14,26,21,7,25,20,
462.000000,256.000000,0.123436,141934048.000000,0.710765,0,1
81,77,68,69,53,40,39,33,
201.000000,257.000000,0.141359,189951392.000000,2.810036,0,1
17,14,27,8,26,35,16,25,
488.000000,257.000000,0.124614,240792480.000000,0.680312,0,1
24,34,35,57,56,58,69,71,
412.000000,258.000000,0.123447,72808536.000000,0.881387,0,1
40,44,41,49,48,46,54,53,
447.000000,258.000000,0.126762,67892120.000000,0.765385,0,1
9,14,12,24,22,21,29,32,
562.000000,259.000000,0.145052,171919552.000000,0.767543,0,1
212,179,208,54,110,196,43,40,
434.000000,260.000000,0.127136,121110104.000000,0.816222,0,1
28,34,32,46,42,39,52,58,
538.000000,260.000000,0.128971,213210672.000000,0.410662,0,1
24,20,23,23,28,22,76,157,
593.000000,260.000000,0.157324,493831840.000000,0.811402,0,1
98,81,117,41,89,149,65,148,
230.000000,261.000000,0.140561,81212912.000000,0.780169,0,1
30,40,23,41,31,17,38,31,
419.000000,261.000000,0.127818,91237816.000000,0.880485,0,1
41,45,43,52,55,55,58,60,
431.000000,261.000000,0.127035,123454968.000000,0.832542,0,1
36,48,46,56,55,52,59,64,
462.000000,261.000000,0.128135,200164016.000000,0.746267,0,1
40,53,46,76,69,59,84,87,
508.000000,261.000000,0.129491,145579968.000000,0.711666,0,1
20,36,24,55,40,29,64,72,
566.000000,261.000000,0.148952,111425432.000000,0.813629,0,1
214,140,207,49,82,167,40,38,
567.000000,261.000000,0.148245,134089216.000000,0.811704,0,1
221,184,218,60,122,201,46,41,
664.000000,261.000000,0.191550,452626112.000000,1.257061,0,1
74,43,74,32,51,79,37,39,
201.000000,262.000000,0.141294,315985824.000000,2.826610,0,1
25,13,31,7,23,32,12,23,
495.000000,262.000000,0.129703,119137816.000000,0.717464,0,1
59,55,49,77,65,56,77,69,
270.000000,264.000000,0.119495,8208036.500000,1.913969,0,1
17,15,19,13,16,21,14,14,
304.000000,264.000000,0.125639,5995678.500000,1.640832,0,1
19,19,25,19,21,28,20,21,
412.000000,264.000000,0.131999,50348716.000000,0.937001,0,1
57,55,59,61,62,63,67,71,
356.000000,268.000000,0.141132,25908268.000000,1.299517,0,1
47,48,49,49,51,52,53,56,
360.000000,268.000000,0.141315,27658456.000000,1.274056,0,1
47,48,49,52,52,50,55,58,
449.000000,268.000000,0.136137,254545216.000000,0.841970,0,1
63,51,59,57,60,76,77,86,
450.000000,268.000000,0.136184,250737984.000000,0.839189,0,1
61,55,63,55,69,78,79,88,
476.000000,269.000000,0.135076,185259680.000000,0.793766,0,1
102,94,93,86,75,71,69,69,
478.000000,269.000000,0.135190,243967808.000000,0.562716,0,1
99,93,90,75,71,70,56,60,
201.000000,270.000000,0.141375,208701520.000000,2.855683,0,1
21,12,28,9,20,30,12,19,
456.000000,270.000000,0.135817,46019520.000000,0.833884,0,1
80,88,88,89,81,74,85,88,
298.000000,271.000000,0.141211,8267130.000000,1.789328,0,1
21,19,25,19,24,29,26,30,
509.000000,271.000000,0.136539,39581296.000000,0.795273,0,1
69,67,72,53,66,77,54,52,
296.000000,272.000000,0.140345,10559115.000000,1.820743,0,1
18,18,21,22,24,28,27,28,
460.000000,272.000000,0.140563,53610180.000000,0.850009,0,1
81,66,81,81,81,93,94,94,
231.000000,273.000000,0.139730,80126336.000000,2.486915,0,1
24,30,14,32,20,9,28,14,
355.000000,273.000000,0.133775,18374976.000000,1.324687,0,1
58,55,56,50,51,53,47,50,
621.000000,273.000000,0.169835,111321008.000000,0.827435,0,1
23,63,28,174,107,47,183,181,
196.000000,274.000000,0.144837,72835008.000000,2.960449,0,1
14,20,10,22,15,8,19,15,
316.000000,274.000000,0.136682,23749360.000000,1.632037,0,1
35,30,37,24,31,39,26,36,
513.000000,274.000000,0.140294,28125474.000000,0.822388,0,1
77,68,75,54,61,70,48,51,
503.000000,276.000000,0.145043,108193264.000000,0.836403,0,1
54,64,60,73,72,68,80,84,
539.000000,276.000000,0.145507,152154336.000000,0.862704,0,1
17,30,23,49,40,29,56,63,
559.000000,276.000000,0.160012,115684032.000000,0.619218,0,1
15,23,15,104,52,17,84,61,
630.000000,276.000000,0.172452,837191104.000000,1.009742,0,1
83,108,136,178,173,185,221,223,
213.000000,277.000000,0.139255,40938036.000000,2.729639,0,1
28,26,25,16,14,14,12,13,
332.000000,277.000000,0.148538,5630773.500000,1.577605,0,1
41,39,40,40,41,44,47,49,
311.000000,278.000000,0.147931,44804692.000000,0.926051,0,1
19,20,22,22,25,30,31,37,
309.000000,279.000000,0.146258,24391740.000000,1.792093,0,1
21,22,24,25,28,33,34,37,
467.000000,279.000000,0.147965,23095406.000000,0.899018,0,1
89,86,84,90,93,83,99,106,
611.000000,279.000000,0.173483,168010192.000000,0.778868,0,1
183,162,174,51,104,159,37,31,
632.000000,279.000000,0.172246,62211064.000000,0.826379,0,1
239,244,251,202,229,253,197,189,
305.000000,280.000000,0.148328,13583977.000000,1.812074,0,1
23,25,24,26,28,33,33,37,
406.000000,280.000000,0.143438,14735297.000000,1.121153,0,1
68,64,67,52,54,64,51,61,
506.000000,280.000000,0.148234,110776712.000000,0.868146,0,1
84,81,82,94,90,94,98,101,
286.000000,281.000000,0.146866,14884020.000000,2.014801,0,1
22,17,20,22,22,23,28,29,
198.000000,282.000000,0.149005,21797978.000000,2.974533,0,1
10,12,14,15,17,19,19,24,
553.000000,282.000000,0.152127,115049704.000000,0.764278,0,1
15,33,20,51,40,27,58,65,
378.000000,283.000000,0.142136,3480498.500000,1.285829,0,1
62,63,62,57,58,57,52,53,
166.000000,284.000000,0.150767,5234143.500000,3.461118,0,1
8,10,11,12,14,15,15,17,
390.000000,284.000000,0.153740,4000597.250000,1.217152,0,1
58,53,57,55,58,60,60,63,
623.000000,284.000000,0.179240,39913804.000000,0.546757,0,1
143,126,141,39,83,137,31,28,
288.000000,285.000000,0.148276,130122976.000000,2.023366,0,1
29,31,31,26,27,26,21,25,
498.000000,285.000000,0.151665,48399804.000000,0.908770,0,1
108,115,110,128,119,114,130,131,
534.000000,285.000000,0.153320,13146077.000000,0.920192,0,1
103,92,107,75,89,107,75,77,
589.000000,285.000000,0.175640,169749536.000000,1.079363,0,1
31,70,26,66,52,24,47,30,
360.000000,286.000000,0.150465,29376342.000000,1.421267,0,1
55,54,53,48,48,48,36,33,
269.000000,287.000000,0.159740,71523472.000000,2.252808,0,1
15,15,17,15,20,26,22,29,
323.000000,287.000000,0.149320,32839946.000000,1.707072,0,1
43,42,42,37,39,40,31,28,
330.000000,287.000000,0.151696,33048324.000000,1.653601,0,1
46,46,46,42,40,40,31,29,
540.000000,287.000000,0.152428,26412108.000000,0.756597,0,1
115,114,117,95,111,117,87,82,
326.000000,288.000000,0.152514,32858096.000000,1.693257,0,1
44,40,42,32,33,32,27,27,
354.000000,288.000000,0.151980,30686692.000000,0.833543,0,1
52,51,45,45,40,35,33,32,
367.000000,288.000000,0.157981,12978351.000000,0.561690,0,1
38,37,38,36,42,49,43,53,
369.000000,288.000000,0.158676,15251301.000000,0.796920,0,1
34,38,44,42,49,52,51,54,
566.000000,288.000000,0.158973,126433592.000000,1.003127,0,1
16,31,19,53,39,26,58,62,
629.000000,288.000000,0.180913,112322992.000000,1.213884,0,1
111,41,80,28,32,48,28,27,
336.000000,290.000000,0.156415,22966752.000000,1.651777,0,1
47,44,45,37,36,33,27,36,
636.000000,290.000000,0.186664,89943344.000000,0.904146,0,1
160,84,156,31,43,100,29,28,
313.000000,291.000000,0.155287,14102860.000000,1.845936,0,1
37,38,37,32,31,28,26,32,
250.000000,292.000000,0.161977,22416842.000000,2.481973,0,1
16,16,19,18,22,25,24,27,
323.000000,292.000000,0.159603,14250237.000000,0.976884,0,1
25,26,25,31,30,30,37,39,
350.000000,292.000000,0.159189,18249304.000000,0.611619,0,1
30,29,31,35,36,41,43,47,
296.000000,294.000000,0.160700,18606144.000000,2.021909,0,1
24,22,23,29,29,30,34,36,
298.000000,294.000000,0.161569,19666054.000000,1.998137,0,1
23,23,22,29,30,29,34,35,
257.000000,295.000000,0.159375,88578384.000000,2.427023,0,1
29,28,26,23,21,18,18,20,
278.000000,295.000000,0.162172,15852427.000000,2.206772,0,1
24,19,20,21,24,27,31,34,
279.000000,295.000000,0.161555,19164922.000000,2.197659,0,1
22,19,21,22,26,27,31,35,
259.000000,297.000000,0.161577,13638771.000000,2.448815,0,1
18,17,19,20,24,25,27,29,
261.000000,297.000000,0.160023,8814529.000000,2.411332,0,1
21,19,20,24,25,26,30,30,
202.000000,298.000000,0.155564,3792037.750000,3.078523,0,1
24,23,21,21,19,16,17,16,
333.000000,287.000000,0.150089,45703044.000000,1.625374,0,1
47,47,46,40,41,45,31,39,
197.000000,283.000000,0.149585,18389084.000000,3.014374,0,1
12,15,17,19,19,22,22,26,
450.000000,281.000000,0.148352,86521640.000000,0.951543,0,1
50,55,61,77,77,83,89,91,
444.000000,280.000000,0.146865,26156586.000000,0.959661,0,1
72,81,62,92,76,62,94,96,
449.000000,277.000000,0.144907,72568952.000000,0.919829,0,1
91,86,88,75,77,83,62,48,
476.000000,271.000000,0.137232,62990464.000000,0.810237,0,1
75,69,56,90,69,60,92,95,
610.000000,269.000000,0.164645,112960848.000000,0.758474,0,1
29,79,38,201,134,60,219,231,
440.000000,261.000000,0.128571,134084504.000000,0.805016,0,1
30,37,35,45,45,39,56,64,
158.000000,252.000000,0.146379,25017822.000000,3.416531,0,1
13,12,14,11,12,18,12,12,
158.000000,248.000000,0.146151,18432460.000000,3.396170,0,1
15,14,16,13,14,20,13,13,
554.000000,247.000000,0.135575,1068791808.000000,0.655015,0,1
57,112,119,189,168,159,243,251,
296.000000,227.000000,0.031854,82796128.000000,0.276920,0,1
60,60,63,48,50,51,39,39,
329.000000,216.000000,0.036982,130666592.000000,0.139802,0,1
90,84,86,63,60,61,36,22,
519.000000,215.000000,0.121895,58267608.000000,0.298971,0,1
27,52,29,62,80,36,90,87,
562.000000,211.000000,0.142362,573211456.000000,0.667132,0,1
50,31,62,22,57,66,28,32,
490.000000,206.000000,0.097563,29714222.000000,0.183404,0,1
33,30,30,52,39,31,73,101,
588.000000,199.000000,0.154704,350334528.000000,0.836536,0,1
168,131,125,30,104,88,25,27,
415.000000,199.000000,0.080349,71115584.000000,0.121092,0,1
170,153,175,86,125,162,69,69,
468.000000,197.000000,0.114983,33556668.000000,0.255887,0,1
54,82,69,33,50,71,29,26,
422.000000,196.000000,0.070466,173715808.000000,0.411627,0,1
71,63,95,67,90,121,105,183,
366.000000,180.000000,0.047392,477901824.000000,0.514181,0,1
221,155,106,55,74,75,42,39,
71.000000,171.000000,0.028867,1090788736.000000,0.347829,0,1
36,65,40,76,59,27,52,53,
392.000000,170.000000,0.060541,60736268.000000,0.161216,0,1
27,31,52,34,105,51,100,120,
241.000000,169.000000,0.052902,9345644.000000,1.349378,0,1
14,15,18,21,23,23,25,33,
62.000000,115.000000,0.154659,3818981.750000,4.937447,0,1
39,35,36,22,23,23,13,11,
71.000000,115.000000,0.161335,3008328.750000,4.754730,0,1
49,44,46,23,23,24,14,11,
79.000000,115.000000,0.161213,8293444.000000,1.354214,0,1
58,50,50,25,27,27,15,12,
449.000000,160.000000,0.094586,64616484.000000,0.130913,0,1
193,162,159,91,109,120,47,41,
439.000000,117.000000,0.082550,198822848.000000,0.124408,0,1
213,252,84,249,152,43,215,92,
93.000000,157.000000,0.024834,3988131328.000000,0.510485,0,1
129,138,180,64,101,67,43,30,
546.000000,117.000000,0.136054,842870336.000000,0.532723,0,1
236,254,117,214,142,41,96,30,
557.000000,153.000000,0.138371,1092711680.000000,0.579204,0,1
58,186,67,255,196,61,255,253,
201.000000,153.000000,0.023406,877158912.000000,0.077670,0,1
55,177,32,252,152,32,203,110,
558.000000,152.000000,0.138435,1164729728.000000,0.582913,0,1
29,58,29,186,67,27,196,175,
68.000000,144.000000,0.026364,1771039488.000000,0.320181,0,1
26,113,30,192,97,29,241,238,
617.000000,142.000000,0.169908,1582423808.000000,1.060238,0,1
37,112,56,230,160,62,227,253,
162.000000,140.000000,0.146928,177090736.000000,3.186610,0,1
30,24,34,19,29,37,23,28,
400.000000,135.000000,0.068814,6235140.500000,0.018858,0,1
40,50,130,42,191,127,139,234,
637.000000,59.000000,0.221255,1258391.375000,1.164748,0,1
12,15,17,20,24,29,27,27,
625.000000,61.000000,0.211444,1086331.125000,1.038775,0,1
12,12,13,15,18,21,26,25,
620.000000,62.000000,0.210978,1164695.250000,1.013391,0,1
11,12,13,15,18,22,25,28,
591.000000,69.000000,0.192754,4039471.500000,1.195118,0,1
11,12,14,16,21,26,30,32,
310.000000,226.000000,0.033494,61269116.000000,0.267955,0,1
67,69,55,48,49,38,37,34,
262.000000,225.000000,0.038237,388027712.000000,0.107208,0,1
82,31,72,22,44,64,24,31,
599.000000,210.000000,0.158245,211116256.000000,0.621336,0,1
156,117,139,27,86,81,21,19,
306.000000,199.000000,0.022958,207594464.000000,0.041917,0,1
158,238,198,189,96,80,65,44,
80.000000,171.000000,0.028362,1439304192.000000,0.599548,0,1
58,45,73,33,52,64,42,53,
399.000000,172.000000,0.059300,6486039.500000,0.038663,0,1
53,96,41,96,54,42,89,54,
602.000000,173.000000,0.162793,108756552.000000,0.937786,0,1
19,28,28,105,105,97,158,160,
359.000000,174.000000,0.045647,165113360.000000,0.103809,0,1
107,135,139,112,163,135,207,211,
630.000000,152.000000,0.174456,303000736.000000,1.170347,0,1
17,19,17,23,24,23,47,116,
629.000000,180.000000,0.177244,42418712.000000,1.207141,0,1
136,37,50,23,23,25,21,20,
583.000000,71.000000,0.179316,4686694.000000,1.027959,0,1
12,14,17,19,24,28,31,31,
560.000000,76.000000,0.176004,2304517.250000,0.881491,0,1
11,12,14,16,21,26,30,32,
322.000000,222.000000,0.034425,144709184.000000,0.248414,0,1
28,41,21,57,35,19,38,22,
294.000000,212.000000,0.023531,77375432.000000,0.113423,0,1
69,69,77,67,89,85,96,118,
521.000000,85.000000,0.154023,1746964.500000,0.565550,0,1
9,9,10,11,15,21,24,28,
412.000000,204.000000,0.067565,92127736.000000,0.101825,0,1
70,72,74,80,101,78,106,137,
251.000000,200.000000,0.048361,511757088.000000,0.102748,0,1
201,79,255,36,160,253,62,115,
