# timestamp
1608635151520852992

# fx, fy, cx, cy, width, height, npoints
501.478912,501.475739,421.799164,167.660492,800,400,618

# camToWorld: translation vector, rotation quaternion
-29.456424,35.205528,3.777064,0.169915,-0.702901,0.667942,-0.175823

# Exposure time (ms)
5.334937

# Point Cloud Data : 
# u,v,idepth_scaled,idepth_hessian,maxRelBaseline,numGoodRes,status 
# color information 
552.000000,124.000000,0.084968,394522656.000000,0.166409,0,1
30,93,48,188,121,29,183,51,
669.000000,128.000000,0.095420,680727680.000000,0.263542,0,1
229,85,249,29,161,255,34,46,
584.000000,154.000000,0.090147,451289408.000000,0.233107,0,1
26,37,103,37,158,200,155,217,
417.000000,165.000000,0.077407,4165949184.000000,0.869574,0,1
143,149,75,147,103,26,124,54,
724.000000,213.000000,0.100069,252375296.000000,0.322538,0,1
255,219,250,65,161,217,30,23,
722.000000,217.000000,0.099905,621726528.000000,0.321384,0,1
17,31,101,17,131,236,51,46,
722.000000,225.000000,0.104226,3548150.750000,0.335490,0,1
13,14,14,32,30,27,50,38,
721.000000,237.000000,0.102904,57784124.000000,0.333730,0,1
15,23,21,153,135,116,210,145,
718.000000,261.000000,0.135734,1176442.625000,0.431905,0,1
79,83,83,82,82,80,69,66,
719.000000,275.000000,0.110518,25758964.000000,0.717203,0,1
71,68,71,62,64,67,57,55,
448.000000,24.000000,0.256179,147633440.000000,0.334329,0,1
69,133,73,242,170,77,255,255,
451.000000,26.000000,0.253535,133205280.000000,0.329948,0,1
60,140,57,252,153,56,255,225,
452.000000,27.000000,0.252927,94093936.000000,0.328214,0,1
57,153,56,255,128,44,225,75,
440.000000,29.000000,0.250107,121982544.000000,0.311598,0,1
255,209,247,120,166,226,105,94,
233.000000,31.000000,0.365918,724529.812500,4.244388,0,1
15,13,15,7,9,12,6,6,
446.000000,31.000000,0.245138,105792776.000000,0.308042,0,1
255,227,231,126,162,124,92,74,
251.000000,32.000000,0.337486,1931313.625000,3.885193,0,1
16,15,16,17,16,17,24,23,
242.000000,33.000000,0.354632,1153509.625000,4.063431,0,1
18,15,19,9,11,15,7,6,
252.000000,35.000000,0.344244,1753042.250000,3.872662,0,1
22,23,23,10,16,18,9,8,
261.000000,35.000000,0.337172,1993544.750000,2.784549,0,1
19,20,20,27,26,22,28,21,
250.000000,36.000000,0.355946,1691625.250000,3.925065,0,1
19,9,14,7,8,9,7,7,
260.000000,37.000000,0.342102,2784278.750000,2.803166,0,1
26,26,32,12,16,25,8,8,
264.000000,37.000000,0.338995,2643210.750000,2.742893,0,1
21,28,26,25,32,39,15,9,
692.000000,116.000000,0.103929,33796596.000000,0.454408,0,1
16,16,18,20,23,26,37,90,
708.000000,116.000000,0.099538,16055742.000000,0.305458,0,1
18,23,28,40,71,95,154,255,
678.000000,121.000000,0.098677,335181568.000000,0.215257,0,1
254,255,159,255,175,51,217,87,
719.000000,124.000000,0.100545,332192320.000000,0.314641,0,1
255,212,251,78,175,249,48,35,
689.000000,125.000000,0.099607,1046551488.000000,0.289989,0,1
119,35,216,25,141,255,41,139,
720.000000,125.000000,0.100877,449417792.000000,0.316259,0,1
251,175,249,48,157,245,35,31,
701.000000,132.000000,0.099142,174172160.000000,0.191992,0,1
50,128,55,239,155,74,251,255,
702.000000,132.000000,0.099129,154536304.000000,0.192559,0,1
35,83,41,201,109,55,231,252,
718.000000,133.000000,0.100917,172256576.000000,0.245911,0,1
32,81,55,217,173,72,251,242,
709.000000,143.000000,0.099353,286824608.000000,0.196814,0,1
252,255,167,255,199,71,253,157,
633.000000,144.000000,0.092419,579298816.000000,0.322566,0,1
178,63,216,23,83,197,23,21,
674.000000,148.000000,0.098886,103364648.000000,0.274728,0,1
21,23,29,29,60,95,142,255,
564.000000,160.000000,0.090319,389733376.000000,0.197646,0,1
106,244,65,236,154,26,142,32,
710.000000,161.000000,0.100798,207438032.000000,0.467038,0,1
21,20,25,20,27,51,30,161,
673.000000,167.000000,0.074868,6603314.000000,0.175324,0,1
255,253,255,154,157,166,53,29,
711.000000,167.000000,0.096364,35166732.000000,0.230397,0,1
255,240,255,77,112,126,39,28,
582.000000,188.000000,0.090262,269208704.000000,0.187047,0,1
24,29,117,28,159,255,141,164,
718.000000,188.000000,0.100009,111174232.000000,0.241818,0,1
19,21,27,27,91,178,162,255,
720.000000,188.000000,0.099649,68747304.000000,0.204038,0,1
21,27,52,91,178,200,232,255,
699.000000,190.000000,0.097314,448303744.000000,0.187722,0,1
207,70,240,18,137,255,36,122,
707.000000,192.000000,0.100122,443945344.000000,0.238445,0,1
133,239,81,252,151,45,150,51,
669.000000,195.000000,0.092395,31113904.000000,0.162902,0,1
31,50,37,199,122,46,243,254,
679.000000,195.000000,0.097150,44588252.000000,0.214232,0,1
26,30,35,52,121,151,204,255,
684.000000,197.000000,0.098317,665996672.000000,0.285360,0,1
99,231,95,255,190,46,226,99,
684.000000,198.000000,0.098154,390146464.000000,0.220312,0,1
172,251,103,254,158,40,152,46,
701.000000,198.000000,0.099289,66663316.000000,0.193250,0,1
171,87,159,18,38,42,15,14,
674.000000,205.000000,0.096236,623091456.000000,0.273774,0,1
246,210,140,182,102,42,77,34,
708.000000,206.000000,0.099794,338553472.000000,0.238208,0,1
17,18,71,17,98,231,91,243,
672.000000,207.000000,0.096613,992865152.000000,0.273836,0,1
182,214,77,244,116,34,136,45,
707.000000,210.000000,0.099113,392546144.000000,0.236950,0,1
142,86,253,22,170,255,39,23,
701.000000,215.000000,0.098708,182976432.000000,0.302216,0,1
12,12,14,10,18,80,11,28,
711.000000,218.000000,0.098979,940835264.000000,0.311030,0,1
26,103,29,233,78,25,185,63,
709.000000,220.000000,0.099187,634180608.000000,0.310897,0,1
233,254,185,245,194,63,91,28,
701.000000,221.000000,0.098149,875755264.000000,0.302007,0,1
36,17,130,13,51,199,30,57,
692.000000,224.000000,0.103893,11694229.000000,0.495561,0,1
9,12,13,23,22,21,31,22,
701.000000,225.000000,0.096823,72188368.000000,0.468576,0,1
57,58,59,41,55,58,31,20,
719.000000,225.000000,0.102424,3510698.500000,0.330469,0,1
13,16,15,36,33,31,49,35,
702.000000,226.000000,0.099499,13180113.000000,0.307904,0,1
59,55,58,31,36,40,20,18,
719.000000,237.000000,0.101879,96104208.000000,0.328601,0,1
14,24,23,169,153,135,205,134,
668.000000,260.000000,0.122483,17835056.000000,0.618999,0,1
66,64,64,62,59,57,58,55,
699.000000,285.000000,0.156083,3422048.250000,0.849571,0,1
55,52,56,52,57,63,62,60,
700.000000,288.000000,0.152712,9561329.000000,0.867418,0,1
63,60,58,56,55,54,50,47,
702.000000,288.000000,0.155522,7834187.000000,0.866987,0,1
62,58,56,55,54,53,50,47,
65.000000,25.000000,0.247707,7145218.000000,0.712576,0,1
7,8,9,10,16,19,23,24,
53.000000,28.000000,0.242482,14549052.000000,0.531878,0,1
8,10,12,16,20,29,35,26,
54.000000,28.000000,0.242853,13814186.000000,0.531109,0,1
8,11,13,18,24,32,39,23,
96.000000,28.000000,0.242154,2585460.500000,5.172060,0,1
6,6,7,7,8,11,13,15,
32.000000,33.000000,0.234440,79931504.000000,0.744189,0,1
10,14,16,23,33,43,50,33,
26.000000,34.000000,0.231797,79492112.000000,0.742913,0,1
10,12,16,20,26,35,41,39,
447.000000,36.000000,0.228979,15615915.000000,0.346142,0,1
60,53,50,48,47,44,42,37,
273.000000,40.000000,0.330497,10450807.000000,2.594919,0,1
33,33,37,16,24,32,10,8,
286.000000,42.000000,0.320762,20112394.000000,1.629052,0,1
28,39,30,47,55,56,28,12,
45.000000,44.000000,0.217960,148973536.000000,0.641855,0,1
75,61,52,54,26,17,17,18,
296.000000,44.000000,0.312101,80152032.000000,0.470342,0,1
30,43,33,72,84,53,68,41,
297.000000,44.000000,0.311443,73067464.000000,0.469351,0,1
30,38,31,78,71,45,92,56,
287.000000,45.000000,0.320103,22898744.000000,2.381248,0,1
45,12,24,9,9,13,8,8,
296.000000,46.000000,0.312366,65180296.000000,0.470743,0,1
84,68,96,19,41,69,10,9,
304.000000,48.000000,0.305882,58233080.000000,0.460971,0,1
78,85,103,19,41,74,11,10,
309.000000,49.000000,0.301450,52480144.000000,0.454291,0,1
70,100,106,23,52,83,11,10,
99.000000,51.000000,0.195800,71369952.000000,0.827227,0,1
23,22,20,25,31,38,70,72,
323.000000,52.000000,0.290095,68680048.000000,0.437179,0,1
59,89,92,44,75,95,21,12,
350.000000,52.000000,0.286952,3470806.000000,1.613561,0,1
38,41,39,43,40,38,44,44,
325.000000,53.000000,0.289244,292401216.000000,0.522276,0,1
81,90,94,29,51,77,13,11,
334.000000,53.000000,0.281862,210381968.000000,0.526191,0,1
48,52,50,83,68,58,97,67,
99.000000,54.000000,0.193847,57772456.000000,0.818443,0,1
64,74,60,56,41,40,43,30,
323.000000,54.000000,0.290189,212990528.000000,1.880848,0,1
75,21,38,11,12,15,11,11,
331.000000,54.000000,0.284830,249014176.000000,0.521849,0,1
64,95,83,53,78,97,19,12,
62.000000,55.000000,0.191922,181714624.000000,0.509686,0,1
95,78,89,44,48,42,25,25,
341.000000,57.000000,0.276080,239715184.000000,0.514437,0,1
73,96,114,22,48,86,14,13,
80.000000,58.000000,0.184786,96112520.000000,0.516429,0,1
68,60,79,37,31,32,25,25,
352.000000,60.000000,0.266645,213604736.000000,0.511480,0,1
83,74,97,18,30,57,14,13,
127.000000,61.000000,0.175746,9365155.000000,3.943291,0,1
13,14,15,18,21,23,28,23,
361.000000,62.000000,0.259529,201636320.000000,0.863025,0,1
62,75,78,25,38,56,15,14,
370.000000,62.000000,0.252036,107495104.000000,0.795190,0,1
41,43,42,69,54,43,67,42,
359.000000,63.000000,0.261224,149771728.000000,1.442142,0,1
67,20,31,14,14,17,13,13,
365.000000,63.000000,0.256217,178370400.000000,0.829148,0,1
68,68,79,23,37,55,15,14,
370.000000,64.000000,0.252475,117384824.000000,0.789239,0,1
54,67,66,28,42,59,16,14,
147.000000,65.000000,0.167894,7204597.000000,0.589385,0,1
15,19,18,17,15,11,9,11,
67.000000,66.000000,0.178164,60028820.000000,0.448594,0,1
44,64,57,178,138,105,234,255,
139.000000,66.000000,0.167862,8161974.000000,3.688708,0,1
15,21,23,15,16,15,12,11,
378.000000,66.000000,0.246186,94486160.000000,0.725791,0,1
49,61,59,27,39,51,17,15,
76.000000,67.000000,0.177085,53512516.000000,0.489628,0,1
46,73,63,151,124,97,255,255,
106.000000,71.000000,0.166889,99356472.000000,0.695937,0,1
45,81,64,193,170,146,253,255,
108.000000,71.000000,0.167308,87880424.000000,0.691599,0,1
39,64,52,170,146,112,243,255,
117.000000,71.000000,0.166613,53768052.000000,0.663783,0,1
21,24,20,43,28,21,97,181,
398.000000,71.000000,0.227714,28660878.000000,1.668270,0,1
32,34,34,20,25,29,17,16,
394.000000,72.000000,0.232786,20257572.000000,1.714846,0,1
27,16,18,15,16,16,16,15,
401.000000,72.000000,0.225062,20766012.000000,1.630907,0,1
31,29,30,18,20,22,16,15,
89.000000,73.000000,0.173252,72985216.000000,0.451586,0,1
255,238,252,126,148,170,85,69,
100.000000,74.000000,0.170428,69482408.000000,0.425510,0,1
255,239,250,142,172,194,80,62,
116.000000,75.000000,0.166747,306333888.000000,0.401714,0,1
204,249,217,215,172,53,60,35,
117.000000,75.000000,0.167140,612790784.000000,0.663147,0,1
181,241,138,207,102,31,48,31,
29.000000,78.000000,0.182356,460572032.000000,0.511053,0,1
123,101,154,86,125,165,103,130,
53.000000,80.000000,0.176716,21684444.000000,0.455256,0,1
128,133,139,150,145,152,151,159,
54.000000,80.000000,0.176158,27105960.000000,0.452005,0,1
132,135,143,141,149,147,153,164,
52.000000,86.000000,0.173741,29607690.000000,0.443948,0,1
170,188,170,201,187,174,209,207,
25.000000,87.000000,0.182107,282819136.000000,0.511354,0,1
163,195,149,219,187,158,218,183,
29.000000,87.000000,0.182771,324844992.000000,0.507555,0,1
153,148,179,158,174,209,173,192,
54.000000,87.000000,0.176932,31489222.000000,0.450356,0,1
171,177,182,200,191,197,205,203,
66.000000,88.000000,0.169992,103422608.000000,0.410849,0,1
128,154,130,178,144,131,172,161,
80.000000,88.000000,0.166862,52498508.000000,0.454142,0,1
85,105,85,123,104,89,125,124,
63.000000,90.000000,0.168108,137201152.000000,0.408615,0,1
188,202,181,210,194,169,200,196,
108.000000,97.000000,0.158956,14835460.000000,0.651283,0,1
59,66,61,75,72,65,78,66,
90.000000,98.000000,0.162387,20544834.000000,0.419412,0,1
128,138,133,112,119,125,29,19,
99.000000,98.000000,0.161307,25259364.000000,0.404707,0,1
95,101,92,111,102,94,61,26,
92.000000,99.000000,0.160225,24569944.000000,0.419512,0,1
129,124,120,34,43,49,19,14,
99.000000,99.000000,0.160610,25274644.000000,0.404140,0,1
96,106,97,59,62,66,25,15,
108.000000,100.000000,0.159310,33024646.000000,0.651352,0,1
78,68,64,35,33,30,15,12,
117.000000,101.000000,0.157988,279069472.000000,5.342203,0,1
45,33,33,17,18,19,13,12,
126.000000,101.000000,0.155131,117674744.000000,5.123404,0,1
26,27,24,20,19,18,12,10,
353.000000,120.000000,0.150180,2005427.625000,1.783196,0,1
12,12,13,14,16,18,28,29,
361.000000,120.000000,0.160504,70463744.000000,1.741099,0,1
14,15,15,19,20,22,28,31,
631.000000,120.000000,0.095967,221278992.000000,0.321236,0,1
28,56,51,159,160,129,241,191,
329.000000,121.000000,0.167030,13196813.000000,2.101816,0,1
13,13,13,14,16,17,32,33,
335.000000,121.000000,0.153816,2853056.500000,2.000752,0,1
13,14,15,19,20,23,32,34,
345.000000,121.000000,0.148271,1858294.000000,1.134323,0,1
11,12,13,25,26,27,31,34,
313.000000,122.000000,0.135338,2463877.750000,2.131058,0,1
11,12,12,15,16,18,27,29,
319.000000,122.000000,0.141754,3771440.500000,2.096709,0,1
12,13,13,21,23,25,30,31,
656.000000,122.000000,0.096183,578229504.000000,0.344778,0,1
246,149,247,26,125,248,27,27,
533.000000,124.000000,0.087308,346916992.000000,0.323527,0,1
21,27,44,34,131,181,165,230,
471.000000,125.000000,0.096249,4468846.500000,0.259934,0,1
18,20,20,26,28,27,60,250,
503.000000,125.000000,0.081574,78002200.000000,0.421880,0,1
20,24,34,32,45,143,49,154,
506.000000,125.000000,0.086859,43728344.000000,0.281174,0,1
26,45,55,99,165,171,240,255,
562.000000,125.000000,0.086964,497007296.000000,0.216152,0,1
35,29,130,24,138,249,98,236,
602.000000,125.000000,0.091758,219780208.000000,0.461210,0,1
23,26,35,34,108,156,188,255,
667.000000,125.000000,0.097895,102376040.000000,0.364395,0,1
255,255,255,169,210,255,83,38,
605.000000,126.000000,0.093064,1323864192.000000,0.474138,0,1
37,156,63,238,206,49,255,210,
475.000000,127.000000,0.089320,125570000.000000,0.244300,0,1
27,75,42,237,151,108,255,246,
561.000000,127.000000,0.087521,1499851904.000000,0.368230,0,1
51,33,201,24,154,255,85,203,
420.000000,129.000000,0.075371,167491360.000000,0.139911,0,1
25,85,27,194,91,28,133,28,
431.000000,129.000000,0.081160,126686264.000000,0.123412,0,1
27,25,110,22,56,242,23,31,
630.000000,129.000000,0.095956,1565825408.000000,0.313665,0,1
72,170,43,253,101,30,199,98,
647.000000,129.000000,0.094642,97978992.000000,0.328807,0,1
28,44,39,162,126,55,249,255,
384.000000,130.000000,0.075900,157837312.000000,0.114382,0,1
29,74,44,182,174,45,255,187,
620.000000,130.000000,0.090709,231649632.000000,0.285497,0,1
255,234,254,99,175,216,45,33,
648.000000,130.000000,0.095573,380356384.000000,0.332848,0,1
39,126,55,249,189,57,255,252,
597.000000,132.000000,0.091074,1987554816.000000,0.447444,0,1
95,40,221,29,161,255,59,184,
323.000000,133.000000,0.074238,62954796.000000,0.447140,0,1
20,31,32,91,117,74,216,255,
499.000000,133.000000,0.082635,368981984.000000,0.255341,0,1
247,104,251,23,125,232,24,23,
625.000000,133.000000,0.092814,279731264.000000,0.296852,0,1
255,220,255,51,190,203,35,28,
278.000000,134.000000,0.067134,93367680.000000,1.807732,0,1
16,17,16,20,21,18,58,184,
296.000000,134.000000,0.067879,259372352.000000,0.513592,0,1
15,15,17,19,29,48,39,153,
301.000000,134.000000,0.068645,18867576.000000,0.499294,0,1
14,21,18,64,66,51,188,255,
306.000000,134.000000,0.068962,12194145.000000,0.103927,0,1
14,19,18,45,76,29,84,34,
326.000000,134.000000,0.072078,23917672.000000,0.043676,0,1
25,74,45,220,169,58,255,255,
524.000000,134.000000,0.084169,390495712.000000,0.296152,0,1
22,28,40,36,109,90,165,227,
455.000000,135.000000,0.080407,557219392.000000,0.191269,0,1
78,33,233,22,108,255,29,53,
526.000000,135.000000,0.086181,525151648.000000,0.306981,0,1
36,119,49,203,172,36,224,178,
605.000000,135.000000,0.093465,504708448.000000,0.208111,0,1
60,159,46,237,104,45,192,222,
280.000000,136.000000,0.063369,90806320.000000,0.098121,0,1
18,51,27,184,139,23,251,205,
341.000000,136.000000,0.070472,84576048.000000,0.108001,0,1
255,119,255,35,154,255,41,32,
511.000000,136.000000,0.085476,627514176.000000,0.282069,0,1
205,242,69,207,125,23,126,28,
293.000000,137.000000,0.068372,114077952.000000,0.103038,0,1
26,29,89,25,123,222,89,210,
351.000000,137.000000,0.071231,236698112.000000,0.107347,0,1
107,214,29,255,107,23,216,104,
521.000000,137.000000,0.084621,1265072896.000000,0.293287,0,1
32,23,120,19,47,188,25,70,
250.000000,138.000000,0.138814,3798322.500000,0.255208,0,1
12,12,15,11,12,26,12,13,
378.000000,138.000000,0.071629,81213720.000000,0.108817,0,1
255,194,239,62,132,230,45,54,
572.000000,138.000000,0.089008,305940064.000000,0.392498,0,1
33,82,51,198,160,108,250,250,
583.000000,138.000000,0.091229,1499520000.000000,0.422792,0,1
42,114,55,217,148,43,235,182,
637.000000,138.000000,0.092662,128980760.000000,0.309447,0,1
29,36,66,76,171,205,235,255,
273.000000,139.000000,0.066258,107877024.000000,0.108981,0,1
191,139,254,41,146,247,36,25,
557.000000,139.000000,0.087013,655999680.000000,0.358258,0,1
23,25,48,27,114,188,131,227,
350.000000,140.000000,0.069139,43387808.000000,0.061015,0,1
216,203,104,85,128,24,52,24,
203.000000,141.000000,0.052580,40470960.000000,0.041498,0,1
22,130,51,202,125,14,79,29,
326.000000,141.000000,0.069877,23788352.000000,0.040766,0,1
88,180,32,238,142,22,248,62,
540.000000,142.000000,0.086951,881351168.000000,0.331024,0,1
32,135,24,249,58,20,133,29,
403.000000,143.000000,0.082113,458402880.000000,0.984874,0,1
42,33,48,26,43,52,34,46,
539.000000,143.000000,0.086181,921366656.000000,0.326149,0,1
135,249,58,252,133,23,131,30,
592.000000,143.000000,0.090599,1212609408.000000,0.254805,0,1
92,48,235,27,116,233,37,56,
269.000000,144.000000,0.062412,145677328.000000,0.095545,0,1
71,184,27,244,128,18,253,207,
578.000000,144.000000,0.090010,632836480.000000,0.407409,0,1
247,249,190,249,145,67,129,42,
501.000000,145.000000,0.084313,207531216.000000,0.154717,0,1
255,251,160,240,150,38,138,39,
593.000000,145.000000,0.091078,1206732928.000000,0.257185,0,1
199,88,214,29,127,216,32,31,
388.000000,146.000000,0.078951,139624816.000000,0.109961,0,1
34,137,42,118,157,25,212,112,
515.000000,146.000000,0.084350,941497920.000000,0.283067,0,1
125,44,155,21,104,151,27,28,
647.000000,146.000000,0.093923,207671072.000000,0.243927,0,1
255,219,255,66,179,255,43,32,
482.000000,147.000000,0.081970,907831488.000000,0.229430,0,1
176,79,237,26,156,249,37,45,
107.000000,148.000000,0.052069,161911392.000000,0.135528,0,1
62,60,102,32,72,86,40,44,
374.000000,148.000000,0.072533,463151744.000000,0.268986,0,1
127,252,51,250,119,25,103,27,
49.000000,149.000000,0.057918,27210526.000000,0.125360,0,1
14,15,16,21,25,29,37,47,
71.000000,149.000000,0.050000,42121376.000000,0.098484,0,1
15,25,24,50,51,36,79,60,
562.000000,149.000000,0.089148,116510152.000000,0.375972,0,1
250,176,238,44,119,136,26,23,
620.000000,149.000000,0.090048,493282752.000000,0.281549,0,1
24,28,65,37,106,241,79,178,
549.000000,151.000000,0.087438,224915936.000000,0.346993,0,1
20,25,34,39,99,62,184,237,
410.000000,152.000000,0.077806,88218456.000000,0.175376,0,1
23,32,23,59,31,23,97,146,
509.000000,152.000000,0.083909,594210368.000000,0.272791,0,1
28,103,29,229,103,25,235,192,
547.000000,152.000000,0.087365,165147744.000000,0.202120,0,1
21,25,66,29,140,208,188,226,
575.000000,152.000000,0.089557,1672448384.000000,0.399775,0,1
145,192,60,187,107,27,90,26,
651.000000,152.000000,0.094198,768558656.000000,0.330057,0,1
162,50,223,24,164,255,53,176,
493.000000,153.000000,0.082978,592476096.000000,0.247358,0,1
207,75,215,31,100,220,27,27,
509.000000,153.000000,0.084214,788889728.000000,0.273901,0,1
53,194,44,251,158,31,242,188,
551.000000,153.000000,0.087638,1599478912.000000,0.351066,0,1
62,199,57,237,161,37,228,168,
91.000000,154.000000,0.051698,96792400.000000,0.093517,0,1
25,46,27,99,84,42,129,112,
411.000000,154.000000,0.077168,283108576.000000,0.171953,0,1
26,84,27,152,81,24,165,129,
444.000000,154.000000,0.079126,162618320.000000,0.119244,0,1
23,26,65,29,111,192,118,200,
495.000000,154.000000,0.083149,312683680.000000,0.250670,0,1
240,176,236,52,158,138,43,26,
588.000000,154.000000,0.090080,526999456.000000,0.249022,0,1
34,91,37,200,131,35,206,169,
53.000000,155.000000,0.051175,124656160.000000,0.108378,0,1
27,44,36,57,79,60,79,102,
476.000000,155.000000,0.080737,280135200.000000,0.217854,0,1
22,28,37,32,93,69,129,227,
29.000000,156.000000,0.050581,150795008.000000,0.116502,0,1
26,30,37,34,56,75,53,67,
515.000000,156.000000,0.085026,140089568.000000,0.285555,0,1
17,22,29,31,93,69,127,210,
67.000000,158.000000,0.047301,224781248.000000,0.074931,0,1
76,98,44,105,54,22,76,42,
113.000000,158.000000,0.051422,107910080.000000,0.129682,0,1
102,62,108,30,67,106,31,26,
450.000000,158.000000,0.081698,87411544.000000,0.296513,0,1
27,40,53,95,99,155,151,199,
483.000000,158.000000,0.083606,153965888.000000,0.235960,0,1
26,31,62,44,109,169,163,231,
530.000000,158.000000,0.086130,940169984.000000,0.312111,0,1
144,45,190,19,80,177,19,18,
62.000000,159.000000,0.045219,116814808.000000,0.091988,0,1
117,96,117,56,77,100,39,31,
347.000000,159.000000,0.073390,68722480.000000,0.062330,0,1
37,34,196,28,189,253,149,223,
603.000000,159.000000,0.091539,889506112.000000,0.272060,0,1
34,98,26,163,53,18,55,18,
88.000000,160.000000,0.049550,105092464.000000,0.090799,0,1
102,73,106,37,73,98,40,36,
134.000000,160.000000,0.059347,184561680.000000,0.092109,0,1
22,28,72,24,67,164,38,67,
153.000000,160.000000,0.055440,19955812.000000,0.205999,0,1
11,14,15,18,30,14,36,41,
544.000000,160.000000,0.087061,1241290752.000000,0.337595,0,1
137,62,148,21,86,184,26,56,
169.000000,161.000000,0.057320,5908850.500000,0.195495,0,1
12,14,12,17,21,12,27,35,
205.000000,161.000000,0.059962,805790080.000000,2.407370,0,1
12,20,11,19,14,11,27,40,
151.000000,162.000000,0.055385,43297004.000000,0.207982,0,1
18,15,36,14,27,41,17,27,
297.000000,162.000000,0.074116,5787556.500000,0.041598,0,1
74,34,143,24,100,193,61,138,
360.000000,162.000000,0.073478,58725664.000000,0.075011,0,1
26,101,22,172,47,22,93,24,
459.000000,162.000000,0.080798,1474720768.000000,0.640856,0,1
32,93,21,117,28,18,32,20,
486.000000,162.000000,0.082261,191576048.000000,0.235924,0,1
206,176,125,129,60,40,38,24,
205.000000,163.000000,0.059984,3163427072.000000,2.408292,0,1
14,27,17,25,40,14,47,48,
346.000000,163.000000,0.068379,93402176.000000,0.057436,0,1
154,50,205,26,138,255,55,180,
454.000000,163.000000,0.079495,140717264.000000,0.665568,0,1
194,178,161,131,98,76,45,24,
543.000000,163.000000,0.088778,178888672.000000,0.155394,0,1
26,27,56,61,76,131,124,184,
594.000000,163.000000,0.089553,603570688.000000,0.252468,0,1
141,122,43,115,44,21,49,23,
115.000000,164.000000,0.052433,192192544.000000,0.132580,0,1
23,54,27,127,75,24,144,107,
170.000000,164.000000,0.057248,4481110528.000000,2.753273,0,1
18,35,14,33,31,12,46,42,
472.000000,164.000000,0.080293,1323146112.000000,0.569258,0,1
47,33,124,42,118,188,134,172,
50.000000,165.000000,0.041118,59663268.000000,0.069026,0,1
34,49,31,58,45,28,57,47,
294.000000,165.000000,0.070383,2605545.500000,0.046050,0,1
24,22,73,18,60,145,23,26,
386.000000,165.000000,0.073201,110868496.000000,0.111483,0,1
233,248,163,234,135,47,161,49,
387.000000,165.000000,0.075067,243591648.000000,0.240530,0,1
202,215,106,203,75,33,74,39,
36.000000,166.000000,0.054554,90437752.000000,0.097017,0,1
21,28,21,82,32,23,60,30,
207.000000,166.000000,0.060147,5786680832.000000,2.390387,0,1
14,29,12,46,15,11,22,12,
134.000000,167.000000,0.055488,297973376.000000,0.084752,0,1
119,97,248,45,162,219,56,29,
575.000000,167.000000,0.093696,342748160.000000,0.229428,0,1
20,17,52,26,34,120,48,28,
59.000000,168.000000,0.049149,41443208.000000,0.101903,0,1
75,81,57,64,53,37,43,33,
437.000000,168.000000,0.078607,1998806784.000000,0.758717,0,1
124,63,145,43,111,134,44,27,
276.000000,169.000000,0.066928,48245552.000000,0.108169,0,1
157,128,141,101,138,124,36,20,
446.000000,169.000000,0.079153,211599088.000000,0.710518,0,1
175,168,167,72,85,73,32,24,
268.000000,176.000000,0.061814,9338603.000000,0.060719,0,1
16,20,19,39,76,25,188,239,
290.000000,177.000000,0.067039,90222880.000000,0.101030,0,1
21,55,77,113,169,160,173,223,
432.000000,177.000000,0.077850,135998320.000000,0.159361,0,1
22,28,26,105,98,60,253,141,
485.000000,177.000000,0.084872,81434192.000000,0.095574,0,1
23,26,30,41,95,91,159,197,
666.000000,177.000000,0.095377,176803328.000000,0.392027,0,1
20,22,19,58,23,16,57,18,
427.000000,178.000000,0.077419,325087520.000000,0.152990,0,1
26,57,108,69,197,254,107,227,
522.000000,178.000000,0.084155,662451584.000000,0.294113,0,1
25,40,60,34,179,189,150,253,
104.000000,179.000000,0.050678,589687424.000000,0.136518,0,1
195,237,93,252,148,26,239,130,
147.000000,179.000000,0.054874,434050816.000000,0.082697,0,1
216,246,79,253,144,19,207,102,
196.000000,179.000000,0.058608,260425968.000000,0.097808,0,1
219,250,61,252,80,17,199,51,
332.000000,179.000000,0.069859,63287896.000000,0.062544,0,1
31,33,171,38,202,255,180,211,
344.000000,179.000000,0.070637,147543200.000000,0.106452,0,1
177,247,105,211,218,27,221,57,
361.000000,179.000000,0.072099,231798304.000000,0.109427,0,1
63,40,202,33,138,255,139,218,
496.000000,179.000000,0.084294,575148416.000000,0.258059,0,1
52,168,42,243,126,24,236,203,
557.000000,179.000000,0.087605,481931264.000000,0.362238,0,1
20,20,25,19,29,115,67,251,
559.000000,179.000000,0.088479,562279040.000000,0.369553,0,1
24,25,113,29,115,255,212,255,
593.000000,179.000000,0.091181,1238856960.000000,0.441271,0,1
23,38,99,27,104,252,37,134,
610.000000,179.000000,0.091808,2315056896.000000,0.475767,0,1
34,139,39,255,113,26,200,116,
638.000000,179.000000,0.092400,495550208.000000,0.309893,0,1
16,17,30,17,21,93,27,126,
658.000000,179.000000,0.096422,527851328.000000,0.348088,0,1
93,218,151,217,126,55,77,26,
147.000000,180.000000,0.054574,452910688.000000,0.119528,0,1
180,228,42,255,118,18,192,117,
158.000000,180.000000,0.056038,169922800.000000,0.085987,0,1
213,177,255,59,142,195,38,21,
207.000000,180.000000,0.060796,301566368.000000,0.167557,0,1
93,65,242,24,123,209,28,18,
558.000000,180.000000,0.087849,654829568.000000,0.365113,0,1
25,29,115,67,212,255,251,254,
423.000000,181.000000,0.077181,136097312.000000,0.148686,0,1
41,50,79,147,132,206,215,255,
594.000000,182.000000,0.091535,1550370304.000000,0.445389,0,1
203,134,254,49,182,254,31,26,
279.000000,183.000000,0.067584,88515808.000000,0.109016,0,1
17,21,42,23,116,158,125,211,
348.000000,184.000000,0.070808,264732384.000000,0.356640,0,1
23,26,58,27,130,194,125,227,
612.000000,184.000000,0.092352,2523514368.000000,0.483338,0,1
38,136,39,244,105,40,227,153,
420.000000,185.000000,0.076603,157165728.000000,0.145155,0,1
253,127,192,30,140,203,32,31,
478.000000,185.000000,0.081102,169939296.000000,0.224843,0,1
22,34,32,115,170,50,246,255,
530.000000,185.000000,0.085627,1954728448.000000,0.312783,0,1
206,255,63,255,131,29,234,119,
314.000000,186.000000,0.065552,21147524.000000,0.040402,0,1
194,255,65,228,176,26,54,41,
498.000000,186.000000,0.082556,936719616.000000,0.256037,0,1
198,255,96,255,173,30,158,35,
518.000000,186.000000,0.083635,285216320.000000,0.287634,0,1
242,133,255,27,177,249,30,29,
567.000000,186.000000,0.088354,152364832.000000,0.225403,0,1
255,158,255,29,137,255,26,31,
351.000000,187.000000,0.071617,50915956.000000,0.072100,0,1
255,244,166,126,118,35,88,187,
440.000000,187.000000,0.078189,268821952.000000,0.171368,0,1
26,159,25,217,153,21,127,53,
539.000000,187.000000,0.086527,440145024.000000,0.330465,0,1
19,28,27,40,116,45,220,212,
589.000000,187.000000,0.089582,206743120.000000,0.191406,0,1
27,105,38,241,183,37,255,193,
258.000000,188.000000,0.059221,11058561.000000,0.029574,0,1
18,36,19,59,49,25,100,107,
507.000000,188.000000,0.082073,88289632.000000,0.123686,0,1
28,158,34,247,154,28,159,48,
541.000000,188.000000,0.086596,391246112.000000,0.334003,0,1
21,87,22,254,118,22,207,58,
611.000000,188.000000,0.091588,1593418880.000000,0.477539,0,1
224,230,124,204,140,44,86,32,
666.000000,188.000000,0.093680,346006528.000000,0.388316,0,1
13,15,12,28,18,12,48,49,
31.000000,189.000000,0.049993,726030592.000000,0.115896,0,1
78,217,74,248,149,43,229,199,
426.000000,189.000000,0.078641,26496824.000000,0.157141,0,1
220,89,113,34,40,55,30,29,
589.000000,189.000000,0.089468,387479712.000000,0.191182,0,1
183,255,109,236,193,47,145,50,
610.000000,189.000000,0.090702,691252352.000000,0.470634,0,1
230,204,140,96,86,39,37,38,
179.000000,190.000000,0.054821,193030944.000000,0.105739,0,1
45,31,141,22,109,254,51,104,
306.000000,190.000000,0.067610,7300998144.000000,1.585503,0,1
20,30,18,167,73,18,138,122,
449.000000,191.000000,0.078763,113903336.000000,0.184172,0,1
32,32,46,37,92,229,193,255,
450.000000,191.000000,0.079402,165705744.000000,0.187001,0,1
33,35,74,47,172,238,235,255,
465.000000,191.000000,0.079902,458694400.000000,0.206356,0,1
62,40,53,43,166,84,81,55,
158.000000,192.000000,0.054622,324813440.000000,0.082316,0,1
58,165,22,247,115,20,184,110,
207.000000,192.000000,0.054282,44119960.000000,0.048092,0,1
56,168,28,222,115,15,94,21,
538.000000,192.000000,0.087731,460200960.000000,0.197613,0,1
55,45,90,27,168,213,50,82,
543.000000,192.000000,0.085905,110901600.000000,0.334813,0,1
36,75,41,203,152,46,254,255,
169.000000,193.000000,0.060968,411798176.000000,0.211566,0,1
139,225,35,241,145,23,211,105,
511.000000,193.000000,0.085329,171610752.000000,0.285496,0,1
36,45,67,95,153,171,237,255,
552.000000,193.000000,0.087357,497769984.000000,0.355447,0,1
31,37,85,81,148,244,229,255,
620.000000,193.000000,0.094476,196880896.000000,0.299030,0,1
82,36,45,40,79,72,159,255,
404.000000,194.000000,0.083134,244858176.000000,0.521583,0,1
45,36,51,33,47,53,37,47,
488.000000,194.000000,0.081344,170003232.000000,0.240435,0,1
29,59,29,177,118,27,255,224,
558.000000,194.000000,0.087388,1906173312.000000,0.365301,0,1
32,121,26,237,49,23,130,37,
622.000000,194.000000,0.093174,180621760.000000,0.296812,0,1
46,82,51,240,197,51,255,252,
58.000000,196.000000,0.047830,333896544.000000,0.101445,0,1
197,247,137,228,167,59,136,50,
106.000000,196.000000,0.050568,169473376.000000,0.088329,0,1
26,64,31,155,146,59,229,181,
265.000000,197.000000,0.055293,12051104.000000,0.031546,0,1
86,176,36,106,145,20,97,23,
409.000000,197.000000,0.078360,524083008.000000,0.219038,0,1
95,60,201,53,110,255,59,101,
499.000000,197.000000,0.083792,670903808.000000,0.264119,0,1
43,47,163,41,163,255,108,251,
55.000000,198.000000,0.048787,202696560.000000,0.104916,0,1
219,118,159,63,96,73,66,25,
108.000000,198.000000,0.050944,401412288.000000,0.088485,0,1
59,176,34,181,54,24,50,34,
163.000000,198.000000,0.057491,166899584.000000,0.117491,0,1
32,129,20,248,132,19,219,120,
259.000000,198.000000,0.062648,541641088.000000,1.127085,0,1
97,61,37,19,19,26,13,15,
264.000000,198.000000,0.053270,8042881.000000,0.031035,0,1
176,106,145,40,97,22,49,41,
619.000000,198.000000,0.093444,3300412160.000000,0.505554,0,1
176,85,255,50,177,255,84,174,
336.000000,199.000000,0.068936,135958720.000000,0.105281,0,1
25,28,28,35,104,32,137,235,
388.000000,199.000000,0.074422,426294208.000000,0.113361,0,1
47,193,34,255,115,33,219,76,
637.000000,199.000000,0.093947,714434752.000000,0.316475,0,1
54,206,44,254,131,40,248,242,
188.000000,200.000000,0.058752,57064784.000000,0.186448,0,1
14,30,13,38,25,14,30,12,
490.000000,201.000000,0.082108,512663264.000000,0.247368,0,1
31,39,43,40,162,68,131,245,
579.000000,201.000000,0.090119,625054784.000000,0.243953,0,1
60,40,140,58,141,255,190,255,
284.000000,202.000000,0.060916,14819407.000000,0.038200,0,1
131,255,60,255,146,32,160,43,
663.000000,202.000000,0.095968,1208454144.000000,0.354004,0,1
44,49,152,43,175,249,156,255,
175.000000,203.000000,0.061800,883891520.000000,2.826352,0,1
19,19,20,19,29,30,27,19,
515.000000,203.000000,0.084356,1691847680.000000,0.289945,0,1
222,231,103,255,123,36,210,89,
575.000000,203.000000,0.093887,888242752.000000,0.428020,0,1
41,40,53,38,42,138,40,42,
639.000000,203.000000,0.093901,1393492864.000000,0.319042,0,1
77,164,42,213,72,28,79,32,
51.000000,204.000000,0.049517,179897152.000000,0.108758,0,1
24,32,32,39,76,71,72,66,
539.000000,204.000000,0.085765,768677248.000000,0.330875,0,1
234,97,253,28,116,252,30,29,
540.000000,204.000000,0.085904,429165504.000000,0.332984,0,1
255,202,255,49,206,255,47,35,
621.000000,204.000000,0.093350,705697536.000000,0.297696,0,1
168,54,196,40,151,254,66,38,
90.000000,206.000000,0.052574,241143616.000000,0.100316,0,1
24,48,24,119,41,20,112,38,
404.000000,206.000000,0.081350,2180817152.000000,1.022000,0,1
46,35,51,33,45,55,34,44,
525.000000,206.000000,0.084260,311668960.000000,0.304592,0,1
27,29,29,32,41,34,138,248,
552.000000,206.000000,0.086979,745697856.000000,0.356700,0,1
241,94,255,33,154,255,33,30,
565.000000,206.000000,0.088054,317425664.000000,0.382464,0,1
23,66,27,198,105,28,249,239,
606.000000,206.000000,0.091407,1424879488.000000,0.470831,0,1
41,155,41,254,154,34,248,218,
52.000000,207.000000,0.051187,63533096.000000,0.112626,0,1
119,66,59,35,42,36,48,50,
59.000000,207.000000,0.053191,44671860.000000,0.114472,0,1
35,35,54,36,52,71,47,50,
90.000000,207.000000,0.052849,335074912.000000,0.101033,0,1
29,92,26,151,47,19,81,36,
267.000000,207.000000,0.066720,13667217.000000,0.073450,0,1
32,98,33,76,69,32,36,19,
345.000000,207.000000,0.071788,620539456.000000,0.389772,0,1
114,220,41,148,68,28,40,30,
553.000000,207.000000,0.086842,398451008.000000,0.357888,0,1
255,154,255,33,135,156,30,25,
624.000000,207.000000,0.092717,248946864.000000,0.299140,0,1
254,145,254,31,107,255,29,30,
662.000000,207.000000,0.096096,716352832.000000,0.354053,0,1
225,100,255,28,130,244,30,25,
107.000000,208.000000,0.054404,6104597.500000,0.119336,0,1
17,16,19,18,25,37,30,43,
108.000000,208.000000,0.054726,7246911.500000,0.097225,0,1
18,17,21,20,35,34,35,46,
124.000000,208.000000,0.051767,172796864.000000,0.085056,0,1
24,46,95,46,166,205,97,96,
129.000000,208.000000,0.054565,161309024.000000,0.139907,0,1
22,62,28,197,123,25,206,79,
389.000000,208.000000,0.076118,106309744.000000,0.571500,0,1
25,23,28,23,28,30,39,44,
404.000000,208.000000,0.084049,136476480.000000,0.545293,0,1
45,34,51,32,44,53,32,41,
413.000000,208.000000,0.076260,461157504.000000,0.221831,0,1
213,92,247,34,162,182,47,39,
145.000000,209.000000,0.054794,24625456.000000,0.217745,0,1
18,21,17,44,33,19,41,38,
312.000000,209.000000,0.068395,95582960.000000,0.105076,0,1
255,247,252,135,149,146,57,33,
414.000000,209.000000,0.076305,338660096.000000,0.221521,0,1
247,162,182,47,124,55,39,27,
154.000000,210.000000,0.055156,27998234.000000,0.210022,0,1
14,22,14,47,28,17,39,44,
168.000000,210.000000,0.058057,42711380.000000,0.205849,0,1
15,17,31,16,59,62,34,40,
171.000000,210.000000,0.058825,40660420.000000,0.205106,0,1
19,28,23,82,23,22,39,20,
504.000000,210.000000,0.083039,1052363200.000000,0.271856,0,1
59,227,41,255,100,34,223,62,
607.000000,211.000000,0.091675,1276657792.000000,0.475463,0,1
96,211,50,252,124,80,254,255,
614.000000,211.000000,0.093189,1429977344.000000,0.497490,0,1
48,107,57,245,134,51,230,169,
645.000000,211.000000,0.093820,314511552.000000,0.326551,0,1
25,50,49,126,193,126,246,255,
180.000000,212.000000,0.057723,78558720.000000,2.672914,0,1
12,14,15,33,31,29,41,41,
189.000000,212.000000,0.059768,14130362.000000,0.193111,0,1
12,15,13,27,25,23,37,38,
503.000000,212.000000,0.083023,860274048.000000,0.271076,0,1
241,254,85,255,179,38,221,50,
592.000000,212.000000,0.090394,2822005248.000000,0.441631,0,1
162,236,58,254,127,30,167,44,
633.000000,212.000000,0.093540,2520664576.000000,0.355052,0,1
92,206,45,255,114,29,222,108,
648.000000,212.000000,0.094737,472965088.000000,0.333539,0,1
32,126,38,247,161,42,252,247,
205.000000,213.000000,0.061523,75117936.000000,2.471771,0,1
11,15,14,30,28,27,37,39,
280.000000,214.000000,0.069093,16748886.000000,0.122479,0,1
16,15,16,18,29,33,149,96,
540.000000,214.000000,0.086298,1325338880.000000,0.337510,0,1
126,239,43,181,84,21,43,22,
259.000000,215.000000,0.058259,8054944.500000,0.087811,0,1
11,18,16,31,32,31,45,50,
278.000000,215.000000,0.066212,31049340.000000,0.119070,0,1
15,15,25,37,70,154,59,68,
561.000000,215.000000,0.087498,2254578176.000000,0.375821,0,1
64,28,206,24,141,255,105,246,
596.000000,215.000000,0.090079,1317059072.000000,0.447698,0,1
26,34,75,62,144,230,216,251,
260.000000,216.000000,0.066048,188702640.000000,1.995263,0,1
16,32,31,45,44,46,50,49,
267.000000,216.000000,0.068118,354341920.000000,1.962229,0,1
15,30,19,45,30,22,41,50,
294.000000,216.000000,0.068727,283386816.000000,1.729218,0,1
16,17,16,36,35,35,62,68,
299.000000,216.000000,0.068259,356470848.000000,1.680746,0,1
16,15,16,34,37,43,59,66,
458.000000,216.000000,0.081060,401319808.000000,0.209138,0,1
254,165,201,67,80,94,51,40,
504.000000,216.000000,0.083507,101997920.000000,0.275518,0,1
37,38,30,67,47,40,104,68,
560.000000,216.000000,0.087637,1463950464.000000,0.375199,0,1
28,24,141,24,105,251,122,249,
595.000000,216.000000,0.089907,1576196480.000000,0.445268,0,1
34,62,144,80,216,255,132,131,
628.000000,216.000000,0.092421,724036672.000000,0.303836,0,1
235,128,255,26,162,248,30,26,
314.000000,217.000000,0.070046,72446312.000000,0.493257,0,1
15,15,15,46,43,39,64,63,
485.000000,217.000000,0.082646,32920920.000000,0.247803,0,1
55,96,112,73,83,96,49,41,
494.000000,217.000000,0.082811,72578760.000000,0.260051,0,1
255,212,244,122,152,170,58,51,
495.000000,217.000000,0.083574,83554640.000000,0.264048,0,1
255,240,245,136,163,171,61,52,
557.000000,217.000000,0.088029,382446304.000000,0.372622,0,1
20,20,24,23,30,122,123,109,
614.000000,217.000000,0.093052,2991355648.000000,0.498293,0,1
168,238,79,255,169,53,240,138,
630.000000,217.000000,0.093259,355792768.000000,0.309157,0,1
255,229,216,57,113,64,33,22,
341.000000,218.000000,0.072433,394743776.000000,1.400119,0,1
19,22,21,46,45,44,66,68,
342.000000,218.000000,0.072492,456268672.000000,1.393296,0,1
19,21,21,46,45,43,65,65,
530.000000,218.000000,0.084535,347411872.000000,0.316500,0,1
255,250,218,178,180,140,75,46,
531.000000,218.000000,0.085231,496847520.000000,0.320866,0,1
242,249,106,177,165,120,76,46,
640.000000,218.000000,0.093316,1199478784.000000,0.320356,0,1
174,67,252,26,165,223,55,199,
666.000000,218.000000,0.095700,1275755520.000000,0.412590,0,1
22,46,18,108,24,15,32,17,
223.000000,219.000000,0.125642,19143912.000000,0.189782,0,1
28,42,16,50,33,11,49,35,
358.000000,219.000000,0.073603,424701312.000000,1.289859,0,1
22,25,24,51,48,45,63,63,
360.000000,219.000000,0.073820,389548192.000000,1.277797,0,1
23,24,23,48,45,44,60,63,
370.000000,219.000000,0.074698,404494016.000000,1.216444,0,1
23,23,23,36,35,33,56,62,
379.000000,220.000000,0.074827,339574144.000000,1.158594,0,1
21,29,28,49,48,47,58,58,
605.000000,220.000000,0.090712,809159808.000000,0.468703,0,1
250,132,251,77,184,248,138,79,
655.000000,220.000000,0.095205,1005083776.000000,0.344614,0,1
255,250,192,244,142,60,118,60,
390.000000,221.000000,0.077752,534691456.000000,1.112186,0,1
21,35,22,43,30,20,35,35,
413.000000,221.000000,0.078462,320742144.000000,0.973521,0,1
19,19,19,36,36,33,57,63,
414.000000,221.000000,0.078501,341016160.000000,0.967796,0,1
20,19,19,36,34,31,58,63,
426.000000,222.000000,0.079476,439761088.000000,0.905858,0,1
20,22,22,46,42,39,60,66,
396.000000,223.000000,0.079220,173475728.000000,1.088363,0,1
20,21,21,32,31,31,44,40,
443.000000,223.000000,0.080926,477970464.000000,0.821956,0,1
22,26,25,50,47,44,70,73,
98.000000,224.000000,0.046363,10451787.000000,0.087945,0,1
55,53,49,49,50,42,47,40,
122.000000,224.000000,0.060622,2216684.500000,0.143961,0,1
44,41,45,38,40,46,36,35,
159.000000,225.000000,0.053589,8507238.000000,0.203308,0,1
49,51,43,48,46,40,62,55,
326.000000,225.000000,0.078128,146892128.000000,1.589107,0,1
28,50,52,60,62,64,64,64,
388.000000,225.000000,0.080425,280732448.000000,1.153587,0,1
42,42,35,46,44,48,62,57,
467.000000,225.000000,0.082815,636343040.000000,0.712779,0,1
22,40,38,71,69,67,84,90,
474.000000,225.000000,0.083762,675160832.000000,0.683406,0,1
21,32,29,62,58,55,85,91,
480.000000,225.000000,0.084328,710108672.000000,0.657711,0,1
22,25,24,52,48,45,80,90,
653.000000,225.000000,0.095026,106045752.000000,0.342593,0,1
106,57,54,27,26,25,26,39,
223.000000,226.000000,0.124234,22789740.000000,0.308269,0,1
31,40,19,46,38,14,53,48,
494.000000,226.000000,0.085509,819512256.000000,0.603025,0,1
23,30,27,57,53,50,79,86,
495.000000,226.000000,0.085688,823905728.000000,0.599439,0,1
22,28,26,55,52,46,79,86,
376.000000,227.000000,0.081733,30441064.000000,1.249480,0,1
65,72,70,66,62,55,55,63,
508.000000,227.000000,0.086634,722789888.000000,0.552876,0,1
21,31,29,57,55,52,75,84,
513.000000,227.000000,0.087118,682383104.000000,0.535335,0,1
21,25,24,50,47,44,74,81,
188.000000,228.000000,0.058489,430805024.000000,2.611779,0,1
51,56,48,51,47,38,43,42,
189.000000,228.000000,0.057540,287947008.000000,2.578820,0,1
46,53,42,50,43,38,41,40,
258.000000,228.000000,0.124845,18415508.000000,0.251315,0,1
50,37,49,28,50,54,38,51,
269.000000,228.000000,0.081294,2711836.250000,0.165030,0,1
57,63,62,56,52,53,49,48,
530.000000,228.000000,0.088805,590351744.000000,0.484450,0,1
19,25,22,49,45,41,69,76,
539.000000,229.000000,0.088966,538851264.000000,0.461021,0,1
19,31,27,64,61,57,76,78,
546.000000,229.000000,0.090180,445326592.000000,0.444881,0,1
18,21,19,50,45,42,73,79,
431.000000,230.000000,0.086180,8138198.000000,0.251492,0,1
84,85,88,76,80,82,72,69,
432.000000,230.000000,0.087084,7901065.500000,0.251980,0,1
84,87,87,78,80,81,73,69,
557.000000,230.000000,0.090905,261044736.000000,0.390945,0,1
16,26,22,59,58,57,79,82,
560.000000,230.000000,0.091130,259397696.000000,0.396962,0,1
16,21,19,58,55,50,79,84,
590.000000,230.000000,0.093644,120887936.000000,0.461849,0,1
21,21,21,80,67,29,117,84,
171.000000,231.000000,0.062510,526779072.000000,2.924680,0,1
39,47,35,41,36,30,34,33,
283.000000,231.000000,0.077858,5767780.000000,0.117333,0,1
94,96,89,83,85,72,72,72,
458.000000,231.000000,0.081947,96699680.000000,0.769459,0,1
85,80,95,77,91,107,79,81,
70.000000,232.000000,0.081825,11365682.000000,0.181727,0,1
36,33,36,22,29,38,24,32,
206.000000,232.000000,0.067540,277920416.000000,2.611134,0,1
46,44,52,40,45,46,38,36,
209.000000,232.000000,0.068143,349552928.000000,2.588490,0,1
47,51,43,48,44,37,40,35,
225.000000,232.000000,0.124440,1613746816.000000,3.172041,0,1
15,23,13,42,14,12,24,15,
303.000000,232.000000,0.079545,3987822.000000,0.148615,0,1
87,80,85,74,75,69,67,67,
412.000000,232.000000,0.077856,905133696.000000,0.998388,0,1
69,67,81,63,77,95,74,87,
621.000000,232.000000,0.092900,205683584.000000,0.301760,0,1
19,16,21,22,92,139,40,59,
356.000000,233.000000,0.093072,16957566.000000,1.518536,0,1
70,72,66,70,62,54,58,55,
416.000000,233.000000,0.075309,18433592.000000,0.157317,0,1
77,95,75,98,87,71,97,88,
630.000000,233.000000,0.093204,280688576.000000,0.312177,0,1
17,54,19,139,47,22,82,66,
68.000000,234.000000,0.082521,1879971.250000,0.185306,0,1
22,24,24,31,31,32,34,39,
223.000000,234.000000,0.124090,847307200.000000,2.136048,0,1
42,44,24,42,42,15,62,53,
330.000000,234.000000,0.088823,113451432.000000,1.681431,0,1
71,71,76,66,70,66,63,61,
495.000000,234.000000,0.094252,85899896.000000,0.309927,0,1
124,124,111,117,105,102,96,86,
574.000000,234.000000,0.095324,346228928.000000,0.443917,0,1
21,37,36,67,61,61,69,70,
576.000000,234.000000,0.095139,470839456.000000,0.446493,0,1
24,36,48,61,61,67,68,67,
618.000000,234.000000,0.095882,456723776.000000,0.400109,0,1
20,37,36,57,55,56,67,65,
225.000000,235.000000,0.124183,893563584.000000,2.117710,0,1
15,26,13,68,17,12,32,15,
257.000000,236.000000,0.121119,414893088.000000,2.733699,0,1
32,25,40,23,31,44,24,29,
280.000000,236.000000,0.080875,7671326.500000,0.153085,0,1
87,84,80,66,71,71,56,61,
439.000000,236.000000,0.079986,84334440.000000,0.872458,0,1
73,69,80,66,79,87,71,79,
458.000000,236.000000,0.083015,180889088.000000,0.788397,0,1
83,76,91,73,80,99,73,78,
489.000000,236.000000,0.097091,106095432.000000,0.312370,0,1
122,120,117,117,102,92,89,80,
666.000000,236.000000,0.099157,151484736.000000,0.282828,0,1
52,139,69,107,103,63,63,59,
349.000000,238.000000,0.096193,7690679.000000,0.139448,0,1
59,58,63,57,67,76,70,75,
485.000000,238.000000,0.099007,60771444.000000,0.314313,0,1
110,111,107,111,97,82,89,82,
534.000000,238.000000,0.097252,27490268.000000,0.540465,0,1
95,91,88,83,83,82,76,74,
354.000000,239.000000,0.084563,5927523.500000,0.131022,0,1
71,77,68,76,68,58,63,55,
125.000000,240.000000,0.086560,162403472.000000,4.187722,0,1
43,42,44,37,37,36,33,32,
126.000000,240.000000,0.085938,247401552.000000,4.156843,0,1
44,44,42,37,37,35,33,32,
306.000000,240.000000,0.096657,16336534.000000,1.982242,0,1
59,66,56,70,60,52,59,49,
388.000000,240.000000,0.074496,224337936.000000,0.618881,0,1
56,61,48,72,59,45,69,56,
472.000000,241.000000,0.099946,57424876.000000,0.810764,0,1
86,84,85,78,89,102,92,97,
196.000000,242.000000,0.072489,7092259.000000,0.231850,0,1
42,40,39,40,45,43,51,59,
198.000000,242.000000,0.067193,5670856.000000,0.212027,0,1
39,39,37,45,43,40,55,48,
207.000000,242.000000,0.072930,1514192.375000,0.219740,0,1
42,44,46,41,42,39,36,34,
303.000000,242.000000,0.102003,53205564.000000,2.069428,0,1
73,71,63,69,59,52,56,47,
384.000000,242.000000,0.070859,2999994.000000,0.125836,0,1
64,61,68,53,60,65,52,52,
302.000000,243.000000,0.101430,41743852.000000,2.075992,0,1
71,69,59,59,56,49,51,45,
349.000000,243.000000,0.104462,2764667.250000,0.133423,0,1
66,58,65,56,69,73,68,69,
414.000000,244.000000,0.076589,30968322.000000,0.285504,0,1
86,77,81,68,75,74,64,62,
284.000000,245.000000,0.096259,71781992.000000,1.366781,0,1
60,64,52,55,53,44,46,44,
544.000000,245.000000,0.107683,27283182.000000,0.456731,0,1
90,94,90,88,84,80,79,73,
554.000000,246.000000,0.106341,35873352.000000,0.539353,0,1
80,76,79,67,67,69,62,63,
369.000000,247.000000,0.094335,7406368.000000,0.162356,0,1
59,55,47,62,61,48,71,61,
431.000000,247.000000,0.077887,13891952.000000,0.185906,0,1
63,70,59,81,71,57,73,67,
363.000000,248.000000,0.110757,17700580.000000,0.541253,0,1
54,47,49,45,56,63,51,53,
584.000000,249.000000,0.101874,12028122.000000,0.505254,0,1
104,100,106,87,94,100,84,82,
585.000000,249.000000,0.099869,12950130.000000,0.495757,0,1
107,102,107,92,97,101,87,82,
621.000000,250.000000,0.115490,186354640.000000,0.514738,0,1
95,96,82,94,85,82,84,74,
432.000000,251.000000,0.077398,18324506.000000,0.293161,0,1
59,70,55,80,59,54,67,58,
513.000000,251.000000,0.088917,59269300.000000,0.354864,0,1
87,93,90,84,83,81,76,74,
620.000000,251.000000,0.116238,164873056.000000,0.520636,0,1
96,94,85,86,84,79,85,74,
148.000000,252.000000,0.105670,1601318.625000,4.143344,0,1
29,29,30,26,26,26,23,22,
224.000000,252.000000,0.125764,2844648192.000000,3.241348,0,1
25,29,16,28,21,10,23,20,
458.000000,252.000000,0.112362,55161776.000000,0.547358,0,1
81,78,75,73,65,62,59,59,
618.000000,254.000000,0.117239,174161952.000000,0.536153,0,1
86,84,79,78,75,68,73,66,
628.000000,254.000000,0.128202,135327232.000000,0.563998,0,1
90,85,85,76,76,78,69,67,
630.000000,254.000000,0.106176,12008043.000000,0.549520,0,1
88,85,82,76,78,76,70,69,
444.000000,255.000000,0.117633,23799522.000000,1.067571,0,1
58,57,62,58,67,74,66,65,
33.000000,256.000000,0.107657,1465671.500000,0.286470,0,1
30,30,29,27,27,25,22,21,
214.000000,256.000000,0.098048,17199228.000000,3.063877,0,1
27,26,26,23,23,23,21,19,
503.000000,256.000000,0.094700,139905152.000000,0.705622,0,1
73,68,80,65,71,82,63,64,
560.000000,256.000000,0.126867,36456972.000000,0.598931,0,1
59,59,59,66,63,59,72,68,
225.000000,257.000000,0.125593,1192861056.000000,3.237856,0,1
14,19,10,21,14,9,18,13,
507.000000,257.000000,0.088582,52462840.000000,0.389667,0,1
77,83,80,73,77,69,68,68,
513.000000,257.000000,0.097172,49175972.000000,0.682100,0,1
69,76,72,68,70,66,63,59,
242.000000,258.000000,0.125712,51273808.000000,3.014695,0,1
10,9,13,9,10,16,9,9,
438.000000,258.000000,0.119777,19362472.000000,0.387551,0,1
54,53,59,54,63,67,67,64,
547.000000,258.000000,0.117449,11593533.000000,0.649906,0,1
71,71,72,64,66,68,60,58,
608.000000,258.000000,0.123876,34682592.000000,0.571715,0,1
64,63,73,61,69,76,65,72,
364.000000,260.000000,0.110366,35576988.000000,0.979986,0,1
47,42,46,39,42,44,38,38,
555.000000,260.000000,0.088077,4625571.000000,0.387146,0,1
68,69,70,62,65,67,60,57,
440.000000,261.000000,0.116021,70666992.000000,1.127246,0,1
68,65,59,60,54,50,50,47,
441.000000,261.000000,0.115093,67220752.000000,1.117025,0,1
66,63,55,57,50,49,49,48,
326.000000,263.000000,0.115746,42862420.000000,2.011630,0,1
40,38,46,35,40,37,35,30,
613.000000,263.000000,0.123677,121023336.000000,0.593021,0,1
73,74,65,73,69,56,68,59,
112.000000,264.000000,0.094275,18010216.000000,4.630662,0,1
27,25,25,24,24,24,23,23,
310.000000,264.000000,0.113230,26082696.000000,2.148878,0,1
34,31,35,29,32,39,31,31,
528.000000,264.000000,0.086240,20793132.000000,0.340843,0,1
67,74,65,68,69,61,68,65,
428.000000,266.000000,0.121990,55236168.000000,1.248127,0,1
58,55,56,51,51,46,45,42,
386.000000,268.000000,0.120195,33198692.000000,1.546054,0,1
45,45,40,47,43,39,49,43,
266.000000,270.000000,0.123211,11865336.000000,2.727123,0,1
24,26,27,23,25,26,19,18,
384.000000,270.000000,0.122527,29439256.000000,1.580171,0,1
47,46,49,38,43,43,36,36,
421.000000,270.000000,0.124073,20528608.000000,1.318821,0,1
48,48,45,47,43,38,38,34,
570.000000,270.000000,0.094229,5533787.500000,0.448484,0,1
63,61,57,61,59,53,63,59,
622.000000,270.000000,0.130647,17063746.000000,0.643460,0,1
62,58,57,51,52,52,50,49,
274.000000,272.000000,0.118596,21946870.000000,2.600711,0,1
25,27,28,21,25,25,20,20,
608.000000,272.000000,0.128781,17363162.000000,0.650280,0,1
61,64,59,58,58,52,54,53,
641.000000,274.000000,0.133261,11011322.000000,0.678671,0,1
62,60,66,51,57,63,51,51,
404.000000,278.000000,0.121057,8219334.000000,0.880083,0,1
36,35,36,34,34,31,31,28,
448.000000,280.000000,0.123260,10330585.000000,1.187249,0,1
46,42,44,37,40,42,36,35,
479.000000,280.000000,0.132925,39011668.000000,1.054371,0,1
58,59,58,51,53,54,47,43,
466.000000,282.000000,0.136996,40319148.000000,1.146042,0,1
50,49,51,47,48,42,47,41,
592.000000,284.000000,0.152373,16180272.000000,0.873480,0,1
44,46,51,46,50,56,48,53,
374.000000,286.000000,0.147633,6591437.500000,1.182793,0,1
35,35,36,30,31,32,27,26,
378.000000,286.000000,0.147203,10733683.000000,1.154652,0,1
35,36,36,32,32,33,26,27,
509.000000,287.000000,0.134471,6709621.500000,0.957870,0,1
54,53,52,45,47,48,42,38,
490.000000,288.000000,0.143437,22954824.000000,1.073879,0,1
50,44,49,42,43,46,40,38,
506.000000,288.000000,0.142571,14788280.000000,0.968673,0,1
52,44,45,39,41,42,36,35,
463.000000,297.000000,0.156649,25873184.000000,0.835448,0,1
47,46,46,37,40,38,31,28,
462.000000,250.000000,0.109775,62885952.000000,0.519942,0,1
87,82,79,77,70,66,66,62,
575.000000,233.000000,0.095758,408720736.000000,0.447603,0,1
20,21,24,37,36,48,61,68,
440.000000,223.000000,0.080482,482477408.000000,0.835668,0,1
21,28,26,56,52,49,71,75,
466.000000,213.000000,0.082101,562118272.000000,0.220714,0,1
253,208,150,225,120,41,84,94,
469.000000,212.000000,0.081145,417277856.000000,0.221163,0,1
254,235,179,150,102,39,41,32,
485.000000,211.000000,0.081737,690597248.000000,0.242703,0,1
37,39,59,39,147,245,165,240,
292.000000,208.000000,0.067479,101522088.000000,0.106310,0,1
255,225,248,130,188,180,68,37,
602.000000,204.000000,0.090092,1263641600.000000,0.455578,0,1
26,40,53,52,155,118,192,246,
580.000000,197.000000,0.088992,2403467520.000000,0.409938,0,1
219,93,255,35,166,255,60,125,
181.000000,193.000000,0.056265,212814464.000000,0.183316,0,1
255,186,255,53,120,165,32,23,
72.000000,191.000000,0.049283,483254880.000000,0.098798,0,1
236,167,251,76,160,179,60,38,
45.000000,62.000000,0.186224,46238724.000000,0.510885,0,1
37,44,43,65,60,55,130,201,
39.000000,63.000000,0.187917,75141960.000000,0.525092,0,1
55,88,74,206,181,161,243,255,
57.000000,65.000000,0.182248,64478256.000000,0.477233,0,1
49,81,72,194,170,140,255,255,
389.000000,69.000000,0.237271,59887360.000000,1.121686,0,1
45,42,49,20,28,36,16,15,
98.000000,74.000000,0.170016,74511472.000000,0.373154,0,1
255,223,239,121,142,172,75,59,
331.000000,181.000000,0.069828,47235876.000000,0.062596,0,1
109,67,254,21,134,223,24,21,
76.000000,179.000000,0.051127,339179456.000000,0.099956,0,1
166,147,198,70,151,129,52,29,
507.000000,165.000000,0.081573,102984808.000000,0.262077,0,1
209,178,183,74,122,177,35,46,
351.000000,160.000000,0.072617,43321052.000000,0.065421,0,1
47,211,33,255,151,84,252,250,
467.000000,155.000000,0.080974,623743296.000000,0.593794,0,1
142,135,73,81,69,26,29,19,
574.000000,153.000000,0.089360,735595392.000000,0.397083,0,1
192,187,107,109,90,32,37,18,
448.000000,127.000000,0.081484,100662384.000000,0.186482,0,1
22,35,29,122,109,38,230,184,
83.000000,147.000000,0.055451,83536736.000000,0.104396,0,1
13,17,16,54,45,26,83,76,
472.000000,146.000000,0.082287,288190016.000000,0.217315,0,1
252,233,191,206,145,45,67,25,
431.000000,252.000000,0.075658,18837600.000000,0.182870,0,1
70,80,59,82,67,54,75,64,
443.000000,137.000000,0.077556,386147680.000000,0.169532,0,1
197,96,244,35,171,216,56,45,
410.000000,140.000000,0.075235,142875968.000000,0.127645,0,1
255,215,255,52,173,130,38,29,
278.000000,216.000000,0.068173,20968242.000000,0.122751,0,1
18,44,149,57,70,96,65,71,
35.000000,209.000000,0.049526,8105415.500000,0.115273,0,1
19,31,31,46,46,46,58,65,
461.000000,204.000000,0.078227,263198512.000000,0.200400,0,1
36,138,37,254,124,35,254,250,
468.000000,202.000000,0.080316,821969280.000000,0.214192,0,1
52,38,213,31,125,255,50,77,
482.000000,200.000000,0.081075,1048124736.000000,0.233398,0,1
255,252,163,255,141,55,201,90,
144.000000,196.000000,0.053511,193894432.000000,0.080642,0,1
19,35,76,44,161,124,141,244,
32.000000,62.000000,0.189489,71401208.000000,0.542080,0,1
51,84,76,187,161,134,253,255,
36.000000,62.000000,0.189042,66725244.000000,0.534369,0,1
45,67,60,134,109,88,225,251,
422.000000,143.000000,0.078877,386678208.000000,0.147847,0,1
28,26,72,27,51,196,70,216,
492.000000,185.000000,0.081843,449315488.000000,0.245413,0,1
231,102,255,29,170,255,40,45,
422.000000,144.000000,0.078694,370832512.000000,0.147416,0,1
32,33,113,42,122,237,151,225,
492.000000,131.000000,0.084927,467175488.000000,0.253671,0,1
32,116,40,197,150,24,197,99,
453.000000,180.000000,0.078766,441305504.000000,0.186467,0,1
24,29,95,23,151,250,83,142,
471.000000,179.000000,0.080434,551771584.000000,0.212883,0,1
49,186,32,255,92,22,161,38,
115.000000,145.000000,0.054675,47519112.000000,0.087957,0,1
14,19,20,36,55,47,85,102,
82.000000,178.000000,0.049161,226859584.000000,0.093444,0,1
59,113,44,111,75,37,59,40,
86.000000,98.000000,0.163134,28122678.000000,0.357167,0,1
149,145,146,92,104,112,24,17,
80.000000,99.000000,0.163959,32404388.000000,0.367658,0,1
150,74,81,21,22,22,16,15,
461.000000,130.000000,0.080044,558264064.000000,0.198279,0,1
36,181,31,255,148,23,252,172,
408.000000,129.000000,0.079926,198439424.000000,0.135611,0,1
30,37,77,32,165,180,109,242,
482.000000,164.000000,0.081277,452468032.000000,0.227696,0,1
198,201,106,206,124,34,155,54,
418.000000,159.000000,0.077726,790567104.000000,0.411532,0,1
27,100,33,161,101,42,154,120,
446.000000,152.000000,0.078111,140906928.000000,0.696873,0,1
20,21,22,23,28,23,65,192,
453.000000,149.000000,0.081034,223424304.000000,0.189627,0,1
245,107,239,25,124,236,27,26,
