# timestamp
1608635260982112768

# fx, fy, cx, cy, width, height, npoints
501.490570,501.475067,421.770325,167.668747,800,400,500

# camToWorld: translation vector, rotation quaternion
-22.935662,32.610046,4.273315,0.568931,-0.440028,0.414627,-0.557474

# Exposure time (ms)
11.298375

# Point Cloud Data : 
# u,v,idepth_scaled,idepth_hessian,maxRelBaseline,numGoodRes,status 
# color information 
498.000000,139.000000,0.090023,140932080.000000,0.135669,0,1
116,63,190,66,161,255,227,255,
737.000000,160.000000,0.054808,4070585088.000000,0.339532,0,1
153,251,106,239,153,55,144,58,
453.000000,175.000000,0.197797,5555665.000000,0.298091,0,1
16,18,21,18,26,51,22,27,
769.000000,200.000000,0.056722,698211328.000000,0.381739,0,1
249,198,207,100,127,136,54,45,
673.000000,203.000000,0.053978,5972056064.000000,0.375230,0,1
89,90,201,42,189,255,85,126,
571.000000,32.000000,0.380865,4442662.500000,0.934127,0,1
43,43,41,41,38,35,36,33,
553.000000,33.000000,0.382073,1632660.875000,0.917350,0,1
41,38,40,33,34,35,31,30,
468.000000,36.000000,0.402040,56304.195312,0.605897,0,1
16,16,17,16,16,16,14,12,
488.000000,36.000000,0.397619,115689.976562,1.126568,0,1
21,21,21,19,18,19,16,15,
534.000000,36.000000,0.359858,554241.875000,0.614192,0,1
33,29,32,27,30,36,28,29,
408.000000,44.000000,0.384941,59705.125000,0.580128,0,1
13,12,13,9,12,13,9,9,
737.000000,139.000000,0.055001,45338040.000000,0.096900,0,1
29,35,27,67,58,27,81,72,
751.000000,140.000000,0.056289,1408274176.000000,0.480631,0,1
20,28,38,39,66,101,73,101,
759.000000,141.000000,0.056219,1424910080.000000,0.448827,0,1
74,99,172,91,108,205,61,45,
728.000000,143.000000,0.054656,3427348992.000000,0.439958,0,1
240,249,161,161,184,81,97,42,
728.000000,154.000000,0.053659,1196975744.000000,0.434571,0,1
41,45,55,108,162,102,232,255,
725.000000,155.000000,0.053817,3158146048.000000,0.431587,0,1
33,36,108,44,148,232,135,243,
731.000000,164.000000,0.055654,1794013312.000000,0.452749,0,1
244,251,168,235,204,130,106,46,
751.000000,175.000000,0.055978,2838722816.000000,0.483545,0,1
58,66,69,86,137,145,191,251,
751.000000,176.000000,0.056610,1903261056.000000,0.363758,0,1
66,119,146,113,224,231,221,251,
759.000000,190.000000,0.057149,1910233472.000000,0.460296,0,1
146,188,135,225,176,157,255,255,
671.000000,203.000000,0.053926,2506250496.000000,0.372487,0,1
57,38,90,34,42,189,36,71,
718.000000,204.000000,0.055121,896582784.000000,0.331162,0,1
51,26,84,28,103,209,66,102,
759.000000,207.000000,0.056245,487137632.000000,0.372948,0,1
63,65,84,54,84,166,81,112,
722.000000,213.000000,0.063523,180507616.000000,0.511037,0,1
153,162,154,159,146,140,137,129,
728.000000,216.000000,0.066663,34158456.000000,0.540348,0,1
116,112,118,133,133,139,143,143,
732.000000,224.000000,0.056373,136713664.000000,0.487460,0,1
122,130,116,134,119,107,122,116,
725.000000,225.000000,0.070165,44485960.000000,0.565431,0,1
140,124,133,111,121,132,110,108,
736.000000,238.000000,0.054928,57799224.000000,0.492995,0,1
90,92,85,78,74,72,65,67,
753.000000,252.000000,0.106893,138808768.000000,0.838134,0,1
80,60,78,29,49,75,47,59,
736.000000,261.000000,0.039107,31692994.000000,0.339248,0,1
69,80,67,71,70,60,68,62,
691.000000,278.000000,0.148108,2906294.750000,0.933574,0,1
65,68,68,56,56,57,56,52,
687.000000,280.000000,0.136772,1977097.125000,0.912860,0,1
58,54,56,47,48,51,45,44,
689.000000,280.000000,0.130831,2084644.500000,0.925777,0,1
56,56,56,48,51,52,44,43,
711.000000,144.000000,0.054149,1270325504.000000,0.314002,0,1
40,73,105,113,236,169,214,255,
481.000000,179.000000,0.048787,18614852.000000,0.073525,0,1
86,82,72,46,62,49,45,34,
725.000000,164.000000,0.055255,392465472.000000,0.189147,0,1
221,137,252,102,205,236,60,51,
83.000000,113.000000,0.129227,136204512.000000,1.351003,0,1
11,12,11,16,25,11,27,33,
88.000000,120.000000,0.127929,957181120.000000,1.313739,0,1
23,24,58,21,57,78,58,73,
544.000000,122.000000,0.077960,16941718.000000,0.203857,0,1
19,23,22,42,38,35,64,66,
85.000000,123.000000,0.128542,1086548480.000000,1.332015,0,1
23,23,56,19,45,71,45,72,
472.000000,124.000000,0.093265,73637.625000,0.410940,0,1
14,15,16,18,18,19,20,22,
686.000000,126.000000,0.122164,10290516.000000,0.658070,0,1
16,18,13,23,17,15,20,29,
79.000000,127.000000,0.129944,368213632.000000,1.371203,0,1
15,17,21,19,19,45,21,30,
311.000000,127.000000,0.078290,9752723.000000,0.609608,0,1
13,12,12,12,13,12,23,55,
319.000000,127.000000,0.079960,11892167.000000,0.580845,0,1
13,13,12,13,13,15,30,75,
327.000000,127.000000,0.081693,6849901.000000,0.551512,0,1
13,12,13,17,17,18,43,87,
331.000000,127.000000,0.080885,4102261.500000,0.530808,0,1
13,12,13,18,19,17,46,80,
336.000000,127.000000,0.079220,4339513.000000,0.497742,0,1
13,12,12,18,18,18,43,69,
344.000000,127.000000,0.074802,1465781.375000,0.444532,0,1
12,11,11,16,16,16,32,42,
354.000000,127.000000,0.069472,342279.812500,0.386015,0,1
11,11,11,14,15,14,21,22,
511.000000,127.000000,0.087422,27401924.000000,0.159430,0,1
94,91,137,120,101,154,99,123,
319.000000,128.000000,0.078884,20211686.000000,0.572470,0,1
12,13,13,30,33,35,70,89,
336.000000,128.000000,0.078727,5524553.000000,0.506868,0,1
12,17,18,43,43,40,72,83,
344.000000,128.000000,0.068385,2683410.000000,0.420825,0,1
11,16,16,33,30,28,45,50,
352.000000,128.000000,0.065590,785264.625000,0.373731,0,1
11,14,15,22,21,20,26,28,
303.000000,129.000000,0.073047,25150966.000000,0.615969,0,1
11,16,19,27,38,36,42,49,
321.000000,129.000000,0.080543,23964604.000000,0.580414,0,1
15,33,37,75,79,83,93,106,
269.000000,130.000000,0.073754,5738221.500000,0.784001,0,1
10,13,13,19,20,20,23,25,
284.000000,130.000000,0.067339,14018251.000000,0.671044,0,1
12,26,22,49,44,35,60,58,
76.000000,131.000000,0.131137,328907616.000000,1.394162,0,1
27,26,45,21,45,59,22,22,
536.000000,132.000000,0.068613,61627796.000000,0.265014,0,1
186,199,175,169,144,114,57,33,
84.000000,133.000000,0.132103,409675072.000000,1.359472,0,1
66,68,79,38,61,64,26,18,
495.000000,133.000000,0.069410,19608664.000000,0.210896,0,1
59,56,65,46,52,58,35,30,
311.000000,135.000000,0.064576,79451912.000000,0.533526,0,1
98,103,116,104,121,134,111,104,
331.000000,135.000000,0.059328,16588358.000000,0.417764,0,1
140,158,152,175,164,155,176,105,
330.000000,137.000000,0.063437,58854372.000000,0.442636,0,1
171,182,161,135,117,100,42,9,
336.000000,137.000000,0.068860,12202678.000000,0.052831,0,1
142,143,118,89,78,63,24,9,
353.000000,138.000000,0.063309,194782976.000000,0.357909,0,1
29,20,18,15,63,57,76,89,
511.000000,138.000000,0.087019,147430208.000000,0.132221,0,1
100,188,50,255,139,53,231,255,
144.000000,139.000000,0.065651,33257304.000000,0.636497,0,1
25,34,26,24,19,16,12,13,
472.000000,140.000000,0.050164,190387504.000000,0.257346,0,1
25,40,34,128,126,73,229,199,
518.000000,140.000000,0.046487,251649344.000000,0.097870,0,1
41,104,52,255,185,42,239,70,
661.000000,140.000000,0.053514,3782759424.000000,0.370844,0,1
37,36,120,36,129,255,93,232,
433.000000,141.000000,0.052055,450215072.000000,0.473847,0,1
25,44,34,117,117,37,255,201,
606.000000,141.000000,0.069868,29485650.000000,0.396419,0,1
21,20,25,25,44,56,59,52,
722.000000,141.000000,0.053855,91218160.000000,0.244922,0,1
255,220,248,95,149,200,38,31,
188.000000,143.000000,0.065749,7396874.000000,0.510148,0,1
6,8,7,12,13,6,17,16,
215.000000,143.000000,0.083622,15128094.000000,1.183025,0,1
9,6,15,6,11,18,6,6,
220.000000,143.000000,0.086186,16779376.000000,1.176871,0,1
10,15,9,19,12,7,13,6,
263.000000,143.000000,0.069094,2577011.000000,0.775822,0,1
21,19,22,15,17,21,10,8,
271.000000,143.000000,0.071019,63919136.000000,0.752123,0,1
40,36,47,29,36,48,17,10,
440.000000,143.000000,0.049284,311260288.000000,0.075152,0,1
73,66,246,30,211,255,64,90,
538.000000,143.000000,0.050390,1147510144.000000,0.128067,0,1
202,245,61,255,135,36,244,149,
546.000000,143.000000,0.051149,379959936.000000,0.201381,0,1
29,44,38,142,160,45,245,239,
189.000000,144.000000,0.064657,11799863.000000,0.500560,0,1
7,13,6,17,10,6,16,11,
271.000000,144.000000,0.070583,36752940.000000,0.747480,0,1
42,33,41,16,19,26,9,13,
478.000000,144.000000,0.051505,209733696.000000,0.231730,0,1
23,28,36,33,129,97,213,255,
584.000000,144.000000,0.051887,4291283200.000000,0.253419,0,1
179,230,61,255,126,37,219,98,
666.000000,144.000000,0.052845,9354747904.000000,0.372640,0,1
172,217,70,255,131,42,228,216,
630.000000,145.000000,0.052069,5376355840.000000,0.316170,0,1
94,217,59,255,142,36,192,62,
536.000000,146.000000,0.050882,556099712.000000,0.187779,0,1
255,254,245,90,212,98,62,39,
569.000000,146.000000,0.051053,937076672.000000,0.229655,0,1
32,72,40,195,131,40,253,238,
512.000000,147.000000,0.049478,282193088.000000,0.153862,0,1
254,153,255,39,182,224,36,31,
616.000000,147.000000,0.051117,888752512.000000,0.211200,0,1
101,237,64,255,154,57,252,255,
558.000000,148.000000,0.051089,728915904.000000,0.215894,0,1
255,243,194,86,164,58,41,36,
103.000000,149.000000,0.077966,2995749888.000000,0.461011,0,1
212,102,255,28,128,227,32,25,
342.000000,149.000000,0.058326,22267184.000000,0.371955,0,1
18,11,26,9,22,26,11,24,
448.000000,149.000000,0.047738,191227424.000000,0.362722,0,1
253,163,249,41,128,65,35,23,
456.000000,149.000000,0.048560,1087652096.000000,0.327267,0,1
255,86,255,25,127,248,31,69,
504.000000,149.000000,0.050921,234147696.000000,0.149254,0,1
32,42,42,120,120,119,192,190,
551.000000,150.000000,0.049522,145943024.000000,0.200072,0,1
44,78,70,223,210,126,255,255,
313.000000,151.000000,0.063744,21656868.000000,0.512871,0,1
9,18,8,23,14,7,21,16,
345.000000,151.000000,0.058392,18004800.000000,0.364049,0,1
26,17,28,28,28,36,19,38,
607.000000,151.000000,0.052390,2525108736.000000,0.286723,0,1
35,50,89,60,87,253,41,60,
415.000000,152.000000,0.046582,87597384.000000,0.070201,0,1
144,213,93,84,154,82,83,63,
436.000000,152.000000,0.050175,272886048.000000,0.446360,0,1
228,233,147,147,166,135,99,79,
459.000000,152.000000,0.049160,107222312.000000,0.320799,0,1
244,215,192,143,150,130,102,72,
475.000000,152.000000,0.050456,307304768.000000,0.244505,0,1
65,26,110,30,55,116,80,65,
140.000000,153.000000,0.044828,141340880.000000,0.469767,0,1
14,15,13,22,24,17,56,52,
455.000000,153.000000,0.050285,127944352.000000,0.339467,0,1
53,101,134,56,88,98,63,42,
466.000000,153.000000,0.049622,65921832.000000,0.281372,0,1
98,129,123,91,87,54,69,28,
485.000000,153.000000,0.048946,149814480.000000,0.193327,0,1
62,116,65,89,81,34,59,28,
494.000000,153.000000,0.051577,184430352.000000,0.162961,0,1
24,26,58,24,57,95,29,34,
597.000000,153.000000,0.054717,2226774528.000000,0.236898,0,1
161,44,233,28,150,234,41,99,
302.000000,154.000000,0.061682,29236234.000000,0.543387,0,1
33,25,32,16,26,26,16,17,
304.000000,154.000000,0.062540,9800471.000000,0.539445,0,1
34,32,25,26,26,22,19,19,
160.000000,155.000000,0.063060,29211112.000000,0.563183,0,1
12,18,11,26,13,11,21,12,
312.000000,155.000000,0.063536,14545043.000000,0.513974,0,1
22,28,17,26,25,15,25,21,
154.000000,156.000000,0.045690,526398464.000000,0.440414,0,1
21,76,25,131,72,29,80,43,
45.000000,157.000000,0.044105,1294119680.000000,0.252256,0,1
114,109,142,103,161,205,178,236,
63.000000,157.000000,0.044077,316232320.000000,0.239990,0,1
108,138,127,172,196,195,235,237,
72.000000,157.000000,0.043443,451653056.000000,0.230230,0,1
114,130,130,190,185,148,242,214,
80.000000,157.000000,0.043642,559310592.000000,0.301387,0,1
76,98,109,134,176,198,187,188,
360.000000,157.000000,0.061000,4399221.500000,0.322796,0,1
42,49,43,57,53,49,64,63,
526.000000,157.000000,0.050440,343440224.000000,0.173940,0,1
255,199,255,52,145,255,38,36,
546.000000,157.000000,0.049611,280229440.000000,0.194538,0,1
254,145,255,60,162,255,39,38,
31.000000,158.000000,0.043872,347690912.000000,0.260048,0,1
101,157,164,175,199,227,191,188,
513.000000,158.000000,0.048589,300654368.000000,0.152085,0,1
25,26,47,26,92,128,83,165,
53.000000,159.000000,0.043914,1963147776.000000,0.245772,0,1
139,238,141,245,212,131,198,153,
104.000000,159.000000,0.041537,145421520.000000,0.071757,0,1
46,113,40,150,52,44,92,49,
687.000000,159.000000,0.053982,2539298560.000000,0.376465,0,1
39,114,46,251,125,41,211,74,
31.000000,160.000000,0.043633,613823616.000000,0.258543,0,1
199,191,239,178,188,209,155,176,
63.000000,160.000000,0.044433,332857152.000000,0.242139,0,1
241,240,234,211,194,178,169,156,
345.000000,160.000000,0.059622,32135078.000000,0.370358,0,1
37,28,54,44,43,58,30,43,
438.000000,160.000000,0.049614,38573440.000000,0.430766,0,1
44,24,52,19,35,54,21,30,
572.000000,160.000000,0.052807,393883200.000000,0.128096,0,1
155,221,65,117,131,35,78,29,
588.000000,160.000000,0.053079,2742782464.000000,0.265239,0,1
37,139,47,240,163,37,245,175,
614.000000,160.000000,0.052117,2508785152.000000,0.294594,0,1
40,116,45,255,151,40,235,83,
642.000000,160.000000,0.052614,900311616.000000,0.336513,0,1
255,211,241,64,157,113,38,33,
663.000000,160.000000,0.052888,4757116928.000000,0.368425,0,1
77,219,95,255,222,68,242,106,
202.000000,162.000000,0.065341,9782103.000000,0.472655,0,1
13,15,10,16,14,7,16,14,
428.000000,162.000000,0.048468,16514557.000000,0.486421,0,1
19,27,23,44,31,39,48,48,
578.000000,163.000000,0.052963,1724806528.000000,0.203094,0,1
80,31,146,42,79,237,154,244,
600.000000,163.000000,0.052695,3106748160.000000,0.279343,0,1
64,33,149,33,106,255,168,255,
620.000000,163.000000,0.052576,3202210304.000000,0.305823,0,1
48,42,188,32,127,237,35,40,
719.000000,163.000000,0.054010,2046659200.000000,0.426314,0,1
38,43,74,38,109,120,77,50,
563.000000,164.000000,0.051093,2501473024.000000,0.222595,0,1
255,255,153,252,149,45,165,63,
599.000000,164.000000,0.052775,2152849920.000000,0.278527,0,1
33,33,106,32,168,255,142,165,
670.000000,164.000000,0.053980,2512713728.000000,0.348012,0,1
39,42,165,30,152,255,61,56,
129.000000,165.000000,0.044928,95678800.000000,0.259321,0,1
42,48,34,53,37,27,44,35,
364.000000,165.000000,0.059867,8879290.000000,0.305872,0,1
60,54,51,47,35,43,49,50,
282.000000,166.000000,0.059155,3730093.750000,0.610218,0,1
17,19,19,14,16,21,13,15,
359.000000,166.000000,0.060927,9457041.000000,0.328945,0,1
58,57,46,63,50,44,58,58,
508.000000,166.000000,0.049408,453902816.000000,0.149863,0,1
35,42,110,30,120,161,48,36,
628.000000,166.000000,0.052905,439806240.000000,0.319212,0,1
254,190,238,67,134,154,43,40,
471.000000,167.000000,0.047622,8730127.000000,0.257925,0,1
90,72,75,46,72,35,38,21,
491.000000,167.000000,0.044991,40770580.000000,0.117924,0,1
83,57,96,32,62,84,34,22,
531.000000,167.000000,0.050119,1095949952.000000,0.179429,0,1
214,156,255,46,171,180,39,31,
359.000000,168.000000,0.060536,5669306.500000,0.328603,0,1
50,58,54,50,58,52,44,50,
429.000000,168.000000,0.048545,12774774.000000,0.478255,0,1
39,43,30,37,37,24,26,19,
471.000000,168.000000,0.051435,69410952.000000,0.272733,0,1
88,64,56,36,38,31,22,20,
492.000000,168.000000,0.049956,50171216.000000,0.178597,0,1
96,62,84,34,42,36,22,21,
514.000000,168.000000,0.051322,44838836.000000,0.102676,0,1
227,151,168,41,50,46,27,25,
559.000000,168.000000,0.049617,158975360.000000,0.210948,0,1
241,99,119,36,43,40,32,28,
366.000000,169.000000,0.063149,4451262.000000,0.314234,0,1
40,42,45,30,36,44,44,44,
53.000000,170.000000,0.043361,722317696.000000,0.242733,0,1
205,227,196,221,199,176,215,232,
153.000000,170.000000,0.048145,18838220.000000,0.463591,0,1
34,36,40,35,44,55,60,63,
42.000000,171.000000,0.044064,417910976.000000,0.254368,0,1
217,237,190,247,222,194,249,254,
117.000000,171.000000,0.044533,300365216.000000,0.268235,0,1
49,69,41,116,91,79,148,144,
145.000000,171.000000,0.045822,158192352.000000,0.460444,0,1
28,34,28,69,56,53,71,61,
288.000000,171.000000,0.062024,29615094.000000,0.609412,0,1
11,17,7,21,12,6,17,13,
31.000000,172.000000,0.043760,179335872.000000,0.259702,0,1
168,204,189,236,235,250,251,234,
648.000000,172.000000,0.051498,704416128.000000,0.299602,0,1
47,68,40,93,49,28,35,29,
479.000000,173.000000,0.049099,12544291.000000,0.235151,0,1
21,24,22,46,44,29,83,80,
587.000000,173.000000,0.051271,605573504.000000,0.254874,0,1
22,21,24,21,30,29,79,103,
597.000000,173.000000,0.053878,250411616.000000,0.200887,0,1
37,38,189,31,137,253,42,57,
672.000000,173.000000,0.052588,4323529216.000000,0.348028,0,1
136,239,87,250,157,52,160,62,
415.000000,174.000000,0.051939,12309058.000000,0.142576,0,1
18,21,20,27,32,33,34,40,
417.000000,174.000000,0.051243,31348774.000000,0.575867,0,1
18,20,20,32,33,19,39,41,
437.000000,174.000000,0.055105,36804504.000000,0.478250,0,1
18,20,21,36,38,38,41,51,
457.000000,174.000000,0.056876,17661334.000000,0.373224,0,1
19,21,22,30,37,35,49,42,
480.000000,174.000000,0.040843,16662356.000000,0.061864,0,1
22,44,29,83,64,33,80,84,
657.000000,174.000000,0.053051,4283503616.000000,0.361794,0,1
48,41,171,32,131,235,36,36,
344.000000,175.000000,0.061918,26470920.000000,0.393374,0,1
41,35,45,21,42,41,33,35,
440.000000,175.000000,0.051583,58874328.000000,0.445048,0,1
20,38,29,43,28,19,35,23,
344.000000,176.000000,0.061788,25857308.000000,0.392744,0,1
43,34,45,20,40,41,30,31,
431.000000,176.000000,0.050661,60124644.000000,0.486701,0,1
17,17,25,18,33,45,31,42,
453.000000,176.000000,0.053136,17491172.000000,0.377954,0,1
19,19,38,20,33,57,23,25,
415.000000,178.000000,0.049424,22085896.000000,0.579483,0,1
40,34,44,24,30,43,21,20,
554.000000,178.000000,0.051350,976515712.000000,0.214211,0,1
30,38,38,54,131,77,217,255,
646.000000,178.000000,0.052469,3629589504.000000,0.342259,0,1
39,63,96,71,208,205,159,231,
648.000000,178.000000,0.052318,2623841024.000000,0.343948,0,1
36,96,57,208,205,70,255,251,
145.000000,179.000000,0.045064,1232001792.000000,0.454674,0,1
42,40,85,37,88,103,56,73,
548.000000,179.000000,0.049583,372521824.000000,0.199066,0,1
255,242,231,55,103,64,39,33,
578.000000,179.000000,0.051432,1469858688.000000,0.244994,0,1
30,143,40,253,178,37,255,239,
63.000000,180.000000,0.044376,973144512.000000,0.242711,0,1
222,211,248,170,194,212,136,138,
445.000000,180.000000,0.048270,23311174.000000,0.397966,0,1
19,30,17,43,35,21,53,50,
526.000000,180.000000,0.051108,1208513664.000000,0.179405,0,1
236,91,252,45,175,255,60,70,
586.000000,180.000000,0.051768,586209984.000000,0.257244,0,1
24,25,26,35,52,34,162,160,
74.000000,181.000000,0.044260,519900608.000000,0.234633,0,1
102,137,142,166,191,163,221,251,
85.000000,181.000000,0.045180,1575110784.000000,0.232236,0,1
147,217,133,244,198,117,193,168,
461.000000,181.000000,0.051277,29051568.000000,0.334476,0,1
45,39,53,28,50,48,42,47,
510.000000,181.000000,0.051368,153062944.000000,0.084493,0,1
107,242,87,193,186,53,124,184,
575.000000,181.000000,0.051330,1687582848.000000,0.240955,0,1
223,91,254,33,184,247,42,36,
668.000000,181.000000,0.052042,1068040832.000000,0.343568,0,1
255,229,217,82,134,108,50,48,
51.000000,182.000000,0.043483,2374176256.000000,0.245463,0,1
154,200,135,250,177,154,240,198,
156.000000,182.000000,0.045208,150206272.000000,0.434478,0,1
43,58,54,71,74,53,92,76,
421.000000,182.000000,0.050578,15628591.000000,0.134513,0,1
23,22,34,25,29,45,40,36,
466.000000,182.000000,0.055269,15790090.000000,0.328884,0,1
37,31,51,40,56,63,52,50,
126.000000,183.000000,0.044455,41130504.000000,0.262713,0,1
63,83,61,95,77,61,107,156,
288.000000,183.000000,0.061656,37280376.000000,0.610292,0,1
13,18,8,22,14,5,21,16,
335.000000,183.000000,0.062307,9481368.000000,0.427046,0,1
13,17,13,24,19,11,27,23,
514.000000,183.000000,0.049119,179784064.000000,0.135845,0,1
43,86,82,201,208,209,254,255,
658.000000,183.000000,0.052592,3627008000.000000,0.329443,0,1
121,164,81,255,174,55,236,182,
672.000000,183.000000,0.054070,4256931328.000000,0.360587,0,1
154,76,170,51,157,255,83,219,
692.000000,183.000000,0.054137,1296503552.000000,0.388457,0,1
68,70,125,57,140,251,154,255,
32.000000,184.000000,0.044864,493988192.000000,0.266836,0,1
158,180,204,242,229,248,255,255,
544.000000,184.000000,0.050802,1114913664.000000,0.200608,0,1
52,183,50,255,159,38,236,82,
672.000000,184.000000,0.052871,253142368.000000,0.205679,0,1
113,78,240,56,153,255,132,255,
341.000000,185.000000,0.059543,7967292.500000,0.405270,0,1
12,11,15,9,20,17,19,25,
477.000000,185.000000,0.048911,134572128.000000,0.118325,0,1
50,83,35,117,87,37,89,40,
646.000000,185.000000,0.052924,5749318656.000000,0.346436,0,1
65,64,195,41,151,255,89,175,
55.000000,186.000000,0.043955,181138784.000000,0.246007,0,1
178,208,185,240,233,236,255,255,
63.000000,186.000000,0.044105,896630336.000000,0.241570,0,1
194,219,166,255,203,165,249,255,
119.000000,186.000000,0.045094,176668240.000000,0.265438,0,1
98,141,153,89,76,97,49,48,
719.000000,187.000000,0.052476,1192406784.000000,0.238806,0,1
159,83,236,42,128,252,45,41,
270.000000,188.000000,0.059646,1669182.875000,0.690306,0,1
16,18,19,22,20,21,24,25,
415.000000,188.000000,0.048077,9197485.000000,0.148201,0,1
19,23,21,30,30,25,40,48,
480.000000,188.000000,0.046368,36266020.000000,0.243799,0,1
41,32,46,69,52,48,74,62,
494.000000,188.000000,0.050610,745327744.000000,0.142678,0,1
221,247,171,250,136,59,179,81,
576.000000,188.000000,0.051478,1353455232.000000,0.244273,0,1
227,117,255,28,173,237,30,30,
154.000000,189.000000,0.044722,315433984.000000,0.439303,0,1
61,56,88,49,68,93,55,52,
511.000000,189.000000,0.050005,486549920.000000,0.160082,0,1
255,250,248,135,192,133,61,35,
587.000000,189.000000,0.051471,2906708736.000000,0.258437,0,1
197,250,77,224,155,39,96,31,
287.000000,190.000000,0.059324,40240460.000000,0.599819,0,1
24,30,18,34,26,11,31,27,
288.000000,190.000000,0.059829,55674216.000000,0.599485,0,1
17,25,10,31,19,7,26,20,
335.000000,190.000000,0.058210,11991460.000000,0.444231,0,1
23,33,17,35,32,13,30,16,
468.000000,190.000000,0.049216,89927584.000000,0.308059,0,1
81,75,76,49,59,63,39,39,
517.000000,190.000000,0.049412,213224080.000000,0.119292,0,1
255,195,204,63,145,75,50,42,
567.000000,190.000000,0.051294,949173568.000000,0.232436,0,1
29,41,47,52,147,87,231,255,
568.000000,190.000000,0.051909,791601216.000000,0.236802,0,1
28,50,37,111,137,46,255,255,
143.000000,191.000000,0.045376,1508828928.000000,0.463507,0,1
101,120,40,109,79,28,114,114,
344.000000,191.000000,0.075269,5782839.000000,0.466763,0,1
28,22,33,25,31,28,22,30,
434.000000,191.000000,0.049357,95232776.000000,0.477190,0,1
27,27,29,25,36,46,36,68,
684.000000,191.000000,0.053443,2666772992.000000,0.381624,0,1
90,77,183,79,176,252,184,252,
127.000000,192.000000,0.043998,95451472.000000,0.259150,0,1
89,115,77,116,94,70,107,83,
333.000000,192.000000,0.066208,8183871.000000,0.478593,0,1
35,19,30,13,16,16,13,14,
648.000000,192.000000,0.052750,3044237568.000000,0.349032,0,1
38,60,34,239,83,34,226,86,
143.000000,193.000000,0.045276,641442368.000000,0.465549,0,1
79,114,42,101,114,38,103,64,
443.000000,193.000000,0.048225,164394080.000000,0.424378,0,1
29,49,29,101,72,28,108,47,
536.000000,193.000000,0.050605,796744384.000000,0.192399,0,1
250,165,249,46,162,151,43,43,
671.000000,193.000000,0.052274,2426624256.000000,0.356222,0,1
74,225,98,253,198,71,144,68,
703.000000,193.000000,0.052407,3762259968.000000,0.405616,0,1
244,255,190,186,176,78,98,66,
721.000000,193.000000,0.053797,2802705664.000000,0.438720,0,1
87,211,83,237,181,75,155,71,
553.000000,194.000000,0.050768,2717298688.000000,0.213665,0,1
211,255,112,254,174,45,172,84,
576.000000,194.000000,0.051519,1724621312.000000,0.245793,0,1
138,252,122,159,159,41,60,45,
695.000000,194.000000,0.054414,2229890048.000000,0.405630,0,1
244,255,177,255,194,79,206,117,
288.000000,195.000000,0.058230,58517260.000000,0.596663,0,1
20,27,12,33,21,7,28,21,
643.000000,195.000000,0.051142,744277376.000000,0.243522,0,1
255,255,223,255,164,72,161,63,
565.000000,196.000000,0.051367,1039874432.000000,0.231753,0,1
248,119,255,74,184,200,68,38,
571.000000,196.000000,0.051441,1875255936.000000,0.239591,0,1
255,255,169,200,168,51,76,30,
415.000000,197.000000,0.052547,63553172.000000,0.174715,0,1
56,40,73,31,61,73,30,25,
201.000000,199.000000,0.064569,12795683.000000,0.485209,0,1
11,15,9,17,13,10,17,17,
230.000000,199.000000,0.059686,32999882.000000,0.869362,0,1
9,6,15,6,10,16,6,9,
287.000000,199.000000,0.055494,36361480.000000,0.597735,0,1
28,34,22,36,28,12,34,29,
40.000000,200.000000,0.046278,179373376.000000,0.271994,0,1
234,210,212,183,178,176,191,221,
39.000000,202.000000,0.045944,354796032.000000,0.270773,0,1
181,200,182,246,228,214,255,255,
120.000000,202.000000,0.046044,163614992.000000,0.270677,0,1
100,99,108,58,57,72,28,28,
696.000000,202.000000,0.053255,4824009216.000000,0.405663,0,1
71,71,109,48,161,239,130,233,
51.000000,203.000000,0.046265,202209264.000000,0.264694,0,1
160,157,152,214,205,196,248,255,
109.000000,203.000000,0.045561,693771904.000000,0.288490,0,1
116,119,70,107,86,40,97,63,
575.000000,203.000000,0.052863,637788608.000000,0.221128,0,1
35,24,58,16,50,114,28,56,
580.000000,203.000000,0.051647,296426944.000000,0.223409,0,1
32,62,24,170,91,22,205,115,
58.000000,204.000000,0.045923,398404672.000000,0.257877,0,1
144,164,149,219,208,192,237,242,
487.000000,204.000000,0.050772,50159568.000000,0.116808,0,1
28,24,55,23,35,81,48,64,
498.000000,204.000000,0.048109,120534776.000000,0.230849,0,1
29,55,28,198,104,26,123,71,
695.000000,204.000000,0.053341,5271777792.000000,0.406056,0,1
76,57,234,39,174,250,78,127,
72.000000,205.000000,0.046178,220442736.000000,0.249820,0,1
140,120,124,162,145,130,187,167,
419.000000,205.000000,0.049972,105051168.000000,0.592769,0,1
18,19,19,31,33,33,53,57,
523.000000,205.000000,0.051813,86048088.000000,0.188309,0,1
25,24,25,49,53,53,68,68,
619.000000,205.000000,0.053101,218347872.000000,0.314163,0,1
27,30,29,51,49,49,86,96,
647.000000,205.000000,0.052628,2711360512.000000,0.349272,0,1
243,216,255,98,166,176,100,101,
435.000000,206.000000,0.050066,51170208.000000,0.500704,0,1
20,29,23,41,37,38,50,45,
68.000000,207.000000,0.046357,184534352.000000,0.253973,0,1
185,208,193,200,188,177,181,174,
87.000000,207.000000,0.046918,833335040.000000,0.319959,0,1
68,100,69,136,107,91,151,155,
231.000000,207.000000,0.059982,21899884.000000,0.872896,0,1
15,8,17,6,13,15,7,6,
235.000000,207.000000,0.062148,6622303.500000,0.880193,0,1
18,17,18,15,16,17,9,6,
240.000000,207.000000,0.063457,6060238.500000,0.863422,0,1
20,17,17,18,18,17,9,6,
260.000000,207.000000,0.066226,8588077.000000,0.789793,0,1
24,22,22,20,19,19,13,7,
277.000000,207.000000,0.066065,16329652.000000,0.708144,0,1
31,26,27,28,29,31,16,8,
288.000000,207.000000,0.058944,24201286.000000,0.610616,0,1
22,26,13,30,22,7,20,7,
88.000000,208.000000,0.046890,527233664.000000,0.321292,0,1
69,107,91,151,123,114,155,114,
131.000000,208.000000,0.046277,67702368.000000,0.268723,0,1
55,61,54,81,79,83,94,91,
246.000000,208.000000,0.061639,8616391.000000,0.816536,0,1
18,18,18,10,11,11,6,6,
254.000000,208.000000,0.063412,10495289.000000,0.794608,0,1
21,20,21,13,13,14,7,6,
256.000000,208.000000,0.063841,9830170.000000,0.788885,0,1
21,21,20,13,14,13,7,7,
279.000000,208.000000,0.064300,20575920.000000,0.686172,0,1
27,31,32,16,17,18,8,7,
287.000000,208.000000,0.060803,18134252.000000,0.632941,0,1
26,30,22,20,20,10,8,7,
416.000000,208.000000,0.052348,87696376.000000,0.632869,0,1
57,69,56,59,51,56,41,40,
465.000000,208.000000,0.053546,18902664.000000,0.377213,0,1
43,41,49,37,36,41,37,30,
591.000000,208.000000,0.054683,53968808.000000,0.286889,0,1
40,68,61,91,84,79,91,83,
437.000000,209.000000,0.052984,16749529.000000,0.514201,0,1
44,44,39,41,34,29,32,30,
476.000000,210.000000,0.055375,30088496.000000,0.343256,0,1
61,53,57,41,46,50,37,32,
480.000000,210.000000,0.055546,39254932.000000,0.328234,0,1
66,60,62,50,49,49,40,34,
491.000000,210.000000,0.056603,38163644.000000,0.293777,0,1
69,65,66,53,56,59,45,41,
515.000000,210.000000,0.056918,38609828.000000,0.231530,0,1
92,81,85,67,73,76,59,53,
554.000000,210.000000,0.055984,34397044.000000,0.245047,0,1
78,77,76,75,69,70,65,57,
562.000000,210.000000,0.054483,30583586.000000,0.248005,0,1
74,73,72,71,68,67,61,56,
96.000000,211.000000,0.049077,59588228.000000,0.325459,0,1
105,86,99,111,112,114,120,108,
425.000000,211.000000,0.056562,32183736.000000,0.616381,0,1
52,45,46,38,38,39,31,27,
500.000000,211.000000,0.057005,39491400.000000,0.269871,0,1
69,63,63,50,53,53,44,39,
407.000000,212.000000,0.058639,61355060.000000,0.757049,0,1
52,47,50,42,38,30,30,20,
454.000000,212.000000,0.053358,5683497.500000,0.453720,0,1
37,36,29,30,26,24,28,23,
594.000000,212.000000,0.059111,24609940.000000,0.318997,0,1
82,76,78,61,66,70,53,49,
623.000000,212.000000,0.059526,58516520.000000,0.365563,0,1
94,85,82,69,70,70,54,65,
624.000000,212.000000,0.059703,60862204.000000,0.368344,0,1
94,84,83,70,69,70,52,61,
265.000000,213.000000,0.060376,5992205.500000,0.732775,0,1
7,7,7,13,14,14,17,19,
320.000000,213.000000,0.060393,14159602.000000,0.513192,0,1
9,9,9,10,11,12,30,33,
446.000000,213.000000,0.055549,4988597.000000,0.523709,0,1
30,35,34,25,30,33,24,23,
298.000000,214.000000,0.060161,15204406.000000,0.589146,0,1
8,9,9,18,18,19,25,27,
310.000000,214.000000,0.061567,22919544.000000,0.548135,0,1
9,9,9,19,17,16,31,36,
319.000000,214.000000,0.060550,18667060.000000,0.507136,0,1
9,10,11,30,30,29,31,33,
334.000000,214.000000,0.060492,22742872.000000,0.453142,0,1
11,14,13,25,25,24,35,36,
337.000000,214.000000,0.060452,25562684.000000,0.441260,0,1
11,13,11,24,23,11,34,32,
375.000000,214.000000,0.061781,12091973.000000,0.325934,0,1
14,14,13,16,17,17,26,33,
383.000000,214.000000,0.060267,13565321.000000,0.297183,0,1
14,13,14,16,17,17,27,31,
168.000000,215.000000,0.061774,14302059.000000,0.557380,0,1
9,10,9,16,16,14,25,25,
206.000000,215.000000,0.063241,11306970.000000,0.469580,0,1
8,10,8,15,12,11,17,18,
215.000000,215.000000,0.063650,2734590.750000,0.462221,0,1
7,7,7,10,10,10,16,18,
216.000000,215.000000,0.063103,2581386.750000,0.453427,0,1
7,7,7,9,10,11,17,17,
291.000000,215.000000,0.062327,15471665.000000,0.636447,0,1
10,15,18,17,21,31,19,20,
395.000000,215.000000,0.062238,24868412.000000,0.274525,0,1
14,16,18,27,28,32,37,37,
675.000000,215.000000,0.054233,10735049.000000,0.081732,0,1
118,80,89,107,98,105,125,124,
190.000000,216.000000,0.059663,5066079.000000,0.480090,0,1
19,18,19,15,15,16,10,9,
192.000000,216.000000,0.059537,4613844.500000,0.474674,0,1
20,19,20,15,16,16,10,9,
214.000000,216.000000,0.063742,3660022.500000,0.457045,0,1
7,10,10,15,16,17,15,16,
268.000000,216.000000,0.062896,7861992.000000,0.731605,0,1
19,20,20,14,15,14,10,11,
274.000000,216.000000,0.063596,7047746.000000,0.710412,0,1
21,21,21,15,16,16,11,12,
283.000000,216.000000,0.063689,5118322.000000,0.671446,0,1
22,20,20,17,18,18,12,11,
374.000000,216.000000,0.062211,10495746.000000,0.338959,0,1
16,19,30,18,28,34,21,23,
294.000000,217.000000,0.063466,14926320.000000,0.628795,0,1
31,28,29,21,20,22,12,10,
302.000000,217.000000,0.064007,12712911.000000,0.600912,0,1
26,28,29,22,23,23,14,10,
310.000000,217.000000,0.062805,21255872.000000,0.570085,0,1
32,34,34,24,27,29,14,10,
318.000000,217.000000,0.063541,14217966.000000,0.529250,0,1
31,30,33,20,20,21,15,13,
320.000000,217.000000,0.063211,14955688.000000,0.522698,0,1
33,33,31,20,21,21,15,13,
335.000000,217.000000,0.062365,14822884.000000,0.476135,0,1
35,36,34,26,27,25,17,16,
336.000000,217.000000,0.061895,13090323.000000,0.466478,0,1
34,36,32,27,27,20,18,16,
399.000000,217.000000,0.063442,24182266.000000,0.273705,0,1
42,42,39,38,34,20,27,20,
400.000000,217.000000,0.062812,23302856.000000,0.268509,0,1
42,43,30,39,27,17,22,18,
606.000000,217.000000,0.056466,20217370.000000,0.293066,0,1
79,73,83,62,75,76,61,59,
162.000000,218.000000,0.060619,9687134.000000,0.554551,0,1
26,28,27,23,20,20,18,19,
216.000000,218.000000,0.062545,3067773.250000,0.988453,0,1
17,18,16,16,15,13,10,8,
376.000000,218.000000,0.064772,14811348.000000,0.344474,0,1
34,33,32,23,25,25,19,18,
388.000000,218.000000,0.064898,16707901.000000,0.307086,0,1
36,33,34,24,25,26,18,18,
162.000000,224.000000,0.059978,48572100.000000,0.551983,0,1
15,18,12,23,14,11,20,14,
220.000000,224.000000,0.077133,808836.625000,1.101479,0,1
7,7,7,9,7,7,8,11,
228.000000,224.000000,0.071359,571510.437500,1.022438,0,1
7,7,7,7,8,9,10,12,
284.000000,224.000000,0.074815,668785.750000,0.770675,0,1
10,11,10,11,11,12,13,15,
304.000000,224.000000,0.072574,724806.750000,0.673854,0,1
9,10,10,12,13,14,15,14,
320.000000,224.000000,0.069559,1207791.250000,0.571074,0,1
10,13,12,15,16,16,16,16,
602.000000,226.000000,0.051070,36063960.000000,0.285323,0,1
59,53,58,49,56,61,51,54,
699.000000,227.000000,0.075142,5816074.500000,0.348255,0,1
127,135,127,98,102,101,97,96,
546.000000,230.000000,0.068777,1868856.875000,0.308050,0,1
46,49,47,49,48,48,52,58,
59.000000,231.000000,0.069774,46865820.000000,0.416584,0,1
64,82,79,76,72,62,60,62,
528.000000,231.000000,0.076246,3120603.250000,0.316267,0,1
43,42,43,45,48,46,53,57,
526.000000,232.000000,0.061884,5010148.000000,0.304426,0,1
41,45,46,48,52,55,52,52,
570.000000,232.000000,0.046628,12997129.000000,0.244775,0,1
50,53,50,55,52,46,52,49,
712.000000,233.000000,0.054439,19908212.000000,0.465648,0,1
121,120,125,106,121,120,91,94,
46.000000,236.000000,0.079435,24854882.000000,0.501408,0,1
60,70,75,64,66,63,54,58,
48.000000,240.000000,0.082308,26849500.000000,0.521643,0,1
59,66,66,62,61,54,51,52,
40.000000,245.000000,0.084537,92134096.000000,0.550721,0,1
94,86,72,84,71,50,54,42,
685.000000,247.000000,0.098012,13625770.000000,0.663326,0,1
71,69,69,78,76,73,94,92,
412.000000,252.000000,0.088536,274346.812500,0.391879,0,1
19,19,20,19,20,22,19,19,
416.000000,252.000000,0.089736,1390163.000000,1.041878,0,1
24,24,24,22,25,25,24,23,
558.000000,252.000000,0.093507,2490172.000000,0.470008,0,1
52,54,50,48,48,45,45,42,
504.000000,256.000000,0.082608,502852.218750,0.330735,0,1
32,31,32,29,30,32,29,29,
568.000000,256.000000,0.070807,5539471.000000,0.407300,0,1
48,44,47,41,42,44,39,37,
685.000000,256.000000,0.073105,8893264.000000,0.466770,0,1
89,75,84,61,69,78,59,61,
528.000000,260.000000,0.103639,2694155.500000,0.563112,0,1
46,43,43,39,40,40,37,36,
692.000000,260.000000,0.101864,2477482.000000,0.162856,0,1
85,84,90,65,74,77,60,58,
626.000000,264.000000,0.082943,1727070.250000,0.578061,0,1
44,41,43,38,39,41,36,37,
39.000000,265.000000,0.109849,178899568.000000,0.769425,0,1
29,32,30,42,43,44,62,38,
48.000000,265.000000,0.110160,75751424.000000,0.781617,0,1
27,26,27,38,37,33,48,36,
67.000000,265.000000,0.111506,29542122.000000,0.734665,0,1
26,26,26,27,28,28,42,39,
125.000000,266.000000,0.113783,23698004.000000,1.100699,0,1
27,25,25,32,29,28,36,31,
139.000000,266.000000,0.110034,18112652.000000,1.022587,0,1
19,19,20,26,23,22,34,29,
57.000000,267.000000,0.111368,74250416.000000,0.752671,0,1
32,41,38,36,38,36,25,23,
98.000000,268.000000,0.113396,18923070.000000,1.214647,0,1
29,35,35,27,27,27,24,24,
111.000000,268.000000,0.112832,28924808.000000,1.160328,0,1
38,42,45,31,31,33,25,24,
112.000000,268.000000,0.112917,28770046.000000,1.171944,0,1
38,43,45,31,32,34,26,24,
144.000000,269.000000,0.119730,26038676.000000,1.109454,0,1
31,30,29,21,20,19,19,19,
555.000000,271.000000,0.105390,1270991.250000,0.473006,0,1
44,41,43,36,38,38,32,31,
604.000000,272.000000,0.099160,2030887.000000,0.650722,0,1
38,36,37,34,34,34,32,32,
282.000000,273.000000,0.123074,2609557.250000,1.176422,0,1
18,20,19,19,16,13,14,13,
628.000000,274.000000,0.114808,1126567.375000,0.695705,0,1
39,38,38,34,36,36,33,32,
30.000000,276.000000,0.119517,18480492.000000,0.880682,0,1
34,31,32,27,27,29,23,23,
34.000000,276.000000,0.120888,21927774.000000,0.898907,0,1
37,33,34,29,30,29,24,22,
686.000000,279.000000,0.126841,1964266.875000,0.891539,0,1
61,56,58,51,54,56,47,45,
260.000000,284.000000,0.127000,1626057.500000,1.368356,0,1
18,18,17,18,17,13,15,12,
252.000000,288.000000,0.135408,2047605.875000,1.488492,0,1
18,17,18,17,15,13,13,11,
116.000000,294.000000,0.135128,745070.062500,0.242232,0,1
22,25,22,29,26,23,30,29,
222.000000,298.000000,0.153435,4181821.750000,1.932141,0,1
11,11,12,11,13,16,14,17,
40.000000,267.000000,0.111227,104026208.000000,0.781100,0,1
44,62,58,37,39,39,31,31,
31.000000,218.000000,0.034357,1568676.250000,0.075919,0,1
217,207,202,189,183,177,161,140,
700.000000,211.000000,0.060356,242841840.000000,0.460570,0,1
144,145,120,151,135,110,153,159,
599.000000,206.000000,0.053781,580328192.000000,0.291708,0,1
25,35,42,41,59,71,67,85,
160.000000,206.000000,0.059324,185623872.000000,0.192815,0,1
46,51,27,76,65,19,90,73,
103.000000,204.000000,0.044877,199231568.000000,0.187305,0,1
62,43,100,33,67,114,54,84,
650.000000,203.000000,0.052255,2241863680.000000,0.350207,0,1
58,153,52,250,177,54,253,173,
88.000000,200.000000,0.046842,900754048.000000,0.241540,0,1
168,177,137,178,91,75,92,63,
88.000000,199.000000,0.046185,588526080.000000,0.237711,0,1
169,185,155,218,151,125,121,67,
96.000000,134.000000,0.088624,4594318.500000,0.478839,0,1
70,64,65,39,41,44,23,19,
87.000000,199.000000,0.046530,1103571456.000000,0.240362,0,1
183,205,168,244,177,137,178,92,
161.000000,198.000000,0.060876,589244352.000000,0.551255,0,1
28,51,15,66,29,11,51,29,
112.000000,197.000000,0.046815,301020992.000000,0.223421,0,1
90,88,101,104,145,161,126,118,
660.000000,194.000000,0.052903,5913184256.000000,0.367467,0,1
87,50,215,47,184,255,171,185,
137.000000,139.000000,0.063846,333414336.000000,0.631977,0,1
40,56,37,54,35,24,37,16,
623.000000,194.000000,0.052144,5084547072.000000,0.310793,0,1
218,254,110,251,148,54,149,98,
628.000000,193.000000,0.051818,1326541568.000000,0.315145,0,1
243,155,255,59,209,236,51,47,
96.000000,193.000000,0.045817,1781298944.000000,0.229186,0,1
80,72,148,64,136,220,97,151,
683.000000,192.000000,0.053001,2983489280.000000,0.378295,0,1
77,79,176,117,184,252,217,255,
566.000000,140.000000,0.051513,1580976768.000000,0.228451,0,1
81,254,92,248,163,36,92,31,
676.000000,192.000000,0.052302,2028516608.000000,0.385149,0,1
247,162,255,71,216,255,66,54,
612.000000,192.000000,0.051882,2601301504.000000,0.294022,0,1
119,66,232,72,201,255,202,255,
623.000000,191.000000,0.052190,1910997760.000000,0.310541,0,1
52,118,58,254,164,57,255,207,
144.000000,191.000000,0.045533,1811156992.000000,0.462707,0,1
65,83,30,106,36,32,96,53,
686.000000,141.000000,0.054265,1216530304.000000,0.373784,0,1
24,49,76,50,154,142,169,230,
90.000000,191.000000,0.045564,711839360.000000,0.231825,0,1
201,174,158,144,133,95,101,100,
534.000000,190.000000,0.047404,267733024.000000,0.124598,0,1
255,212,252,74,148,254,50,61,
658.000000,189.000000,0.052858,4237310720.000000,0.363482,0,1
223,254,136,207,158,99,67,45,
655.000000,189.000000,0.051982,251968224.000000,0.352580,0,1
255,206,254,61,165,203,43,39,
625.000000,188.000000,0.051842,400310720.000000,0.310410,0,1
255,221,251,63,136,250,50,51,
629.000000,143.000000,0.052641,394645504.000000,0.168793,0,1
38,100,54,212,160,48,255,226,
135.000000,188.000000,0.044725,1481630208.000000,0.473087,0,1
85,60,114,43,93,147,60,67,
84.000000,188.000000,0.045639,927984768.000000,0.236165,0,1
192,149,225,133,203,254,241,232,
615.000000,187.000000,0.051992,1373739648.000000,0.297822,0,1
53,83,52,171,169,63,253,255,
650.000000,144.000000,0.054096,1948835712.000000,0.310174,0,1
254,125,240,37,127,255,32,38,
698.000000,144.000000,0.051583,267487904.000000,0.218041,0,1
255,205,253,68,128,223,40,35,
79.000000,187.000000,0.044487,1610667264.000000,0.233031,0,1
136,235,164,255,227,113,251,252,
670.000000,186.000000,0.053734,2998862080.000000,0.357334,0,1
56,53,132,62,188,255,175,252,
541.000000,186.000000,0.051116,838460096.000000,0.198788,0,1
255,251,247,234,176,124,91,52,
137.000000,183.000000,0.044968,349602176.000000,0.470483,0,1
56,62,85,61,90,106,88,123,
565.000000,147.000000,0.052202,1671882368.000000,0.230194,0,1
37,37,146,33,149,255,78,207,
582.000000,147.000000,0.051530,787421440.000000,0.248763,0,1
255,226,178,88,120,51,35,27,
599.000000,180.000000,0.051861,2139398784.000000,0.274741,0,1
32,32,93,34,56,247,36,57,
634.000000,148.000000,0.053686,2302329856.000000,0.286853,0,1
38,32,157,33,89,246,126,255,
658.000000,148.000000,0.052946,3240620032.000000,0.361731,0,1
35,35,59,36,162,236,172,243,
567.000000,180.000000,0.050869,317385216.000000,0.228389,0,1
255,191,255,39,158,252,34,44,
111.000000,149.000000,0.076536,2626795520.000000,0.814091,0,1
246,248,183,208,166,46,87,24,
534.000000,178.000000,0.051398,1147745024.000000,0.189825,0,1
37,45,103,51,197,239,219,255,
597.000000,150.000000,0.054367,3151547392.000000,0.284832,0,1
31,35,157,29,147,252,45,152,
606.000000,177.000000,0.051882,1549408384.000000,0.283723,0,1
44,80,53,204,185,59,255,254,
631.000000,175.000000,0.052867,4388685312.000000,0.323846,0,1
36,36,139,31,119,255,55,54,
505.000000,152.000000,0.050238,78647200.000000,0.148205,0,1
235,190,197,136,137,129,111,78,
632.000000,174.000000,0.052919,4096400128.000000,0.325498,0,1
32,36,99,36,139,253,119,217,
600.000000,174.000000,0.051450,1487299200.000000,0.234664,0,1
162,253,94,215,148,37,82,33,
92.000000,174.000000,0.045090,1196056576.000000,0.226283,0,1
206,244,193,198,182,112,113,108,
564.000000,173.000000,0.052465,1572915072.000000,0.231469,0,1
30,34,148,30,123,250,158,253,
609.000000,154.000000,0.051583,867732544.000000,0.284452,0,1
250,181,255,36,166,251,35,35,
567.000000,155.000000,0.050241,183077952.000000,0.223031,0,1
255,206,251,87,134,240,41,35,
120.000000,156.000000,0.045193,172400048.000000,0.205900,0,1
28,29,39,44,56,75,67,72,
640.000000,156.000000,0.052421,2622673408.000000,0.332271,0,1
255,142,255,41,163,255,60,126,
713.000000,156.000000,0.053928,3633206016.000000,0.386186,0,1
180,52,209,43,121,255,45,91,
104.000000,168.000000,0.044137,780014464.000000,0.212393,0,1
62,92,54,115,69,54,98,76,
66.000000,157.000000,0.044150,568884928.000000,0.238388,0,1
80,110,76,205,169,138,244,212,
78.000000,168.000000,0.044130,1235203840.000000,0.230379,0,1
169,219,171,233,191,141,181,159,
160.000000,167.000000,0.061457,99006848.000000,0.551882,0,1
16,30,12,39,18,11,33,21,
116.000000,157.000000,0.045278,823752960.000000,0.209269,0,1
78,177,79,116,107,64,80,51,
516.000000,166.000000,0.049047,123514208.000000,0.082479,0,1
225,220,131,227,183,47,168,46,
159.000000,166.000000,0.061280,97108080.000000,0.553005,0,1
26,35,16,38,30,12,39,33,
580.000000,157.000000,0.052890,1722826752.000000,0.253397,0,1
27,28,73,28,126,223,102,240,
116.000000,166.000000,0.044468,292887744.000000,0.205498,0,1
62,71,46,66,56,34,61,60,
603.000000,158.000000,0.053471,1285000960.000000,0.242199,0,1
31,35,63,40,177,233,170,255,
78.000000,166.000000,0.044105,1438353152.000000,0.230153,0,1
148,173,120,216,169,124,219,191,
95.000000,159.000000,0.045940,1506344576.000000,0.228084,0,1
181,141,255,77,139,167,69,72,
66.000000,165.000000,0.044255,1177064448.000000,0.239180,0,1
150,182,143,229,186,159,197,168,
95.000000,160.000000,0.046007,1187707008.000000,0.228469,0,1
204,106,168,68,76,81,64,89,
707.000000,162.000000,0.053565,8473614336.000000,0.405600,0,1
200,245,123,253,166,66,135,75,
692.000000,162.000000,0.053265,2449493248.000000,0.380793,0,1
43,52,224,36,130,255,38,43,
397.000000,160.000000,0.060627,24153804.000000,0.202787,0,1
27,19,35,15,25,37,18,25,
538.000000,160.000000,0.051193,519403712.000000,0.191677,0,1
44,156,48,255,129,122,253,255,
672.000000,162.000000,0.051721,1148636800.000000,0.198098,0,1
83,41,196,39,127,253,165,255,
552.000000,162.000000,0.052361,1440481792.000000,0.214471,0,1
41,39,129,40,124,249,167,215,
649.000000,160.000000,0.052892,5743706112.000000,0.348417,0,1
105,54,228,38,114,248,44,116,
33.000000,298.000000,0.151052,8240989.000000,1.215132,0,1
36,39,38,37,31,25,25,19,
453.000000,162.000000,0.036875,31604344.000000,0.280685,0,1
20,26,33,32,49,48,44,63,
503.000000,160.000000,0.050682,330135328.000000,0.147655,0,1
68,36,89,26,66,92,33,35,
503.000000,159.000000,0.050740,323182560.000000,0.147767,0,1
76,40,84,26,65,91,35,59,
444.000000,166.000000,0.048073,45341464.000000,0.390509,0,1
19,22,28,23,41,56,40,40,
160.000000,169.000000,0.060729,157069104.000000,0.546632,0,1
18,33,14,42,21,13,36,23,
549.000000,174.000000,0.051430,1150620672.000000,0.207747,0,1
80,230,55,255,145,38,254,249,
495.000000,176.000000,0.050184,699051328.000000,0.178491,0,1
31,37,100,37,107,180,64,87,
409.000000,208.000000,0.056682,77954240.000000,0.715973,0,1
26,27,44,31,49,76,54,61,
412.000000,206.000000,0.053628,109511552.000000,0.666355,0,1
29,29,40,30,49,75,60,77,
503.000000,180.000000,0.050736,249291552.000000,0.078752,0,1
136,218,81,221,169,61,173,88,
445.000000,147.000000,0.048010,45574548.000000,0.076002,0,1
255,220,253,83,128,233,37,28,
296.000000,145.000000,0.064840,173250576.000000,0.588677,0,1
49,60,26,41,38,32,16,9,
485.000000,143.000000,0.050488,253781936.000000,0.125935,0,1
42,45,117,84,192,248,249,255,
448.000000,189.000000,0.050201,74957824.000000,0.404775,0,1
72,88,64,91,53,47,40,28,
