# timestamp
1608635174587907584

# fx, fy, cx, cy, width, height, npoints
501.482208,501.475677,421.796448,167.661331,800,400,494

# camToWorld: translation vector, rotation quaternion
-30.092239,83.255945,3.886403,0.363923,0.626393,-0.603811,-0.332573

# Exposure time (ms)
9.605562

# Point Cloud Data : 
# u,v,idepth_scaled,idepth_hessian,maxRelBaseline,numGoodRes,status 
# color information 
628.000000,20.000000,0.225071,26667398.000000,0.758435,0,1
19,24,18,29,23,18,28,27,
590.000000,73.000000,0.177544,112285424.000000,0.486823,0,1
184,197,193,214,210,209,230,243,
640.000000,109.000000,0.095226,1730429696.000000,0.366019,0,1
40,97,36,220,53,29,78,34,
598.000000,129.000000,0.089321,1167028864.000000,0.277197,0,1
110,67,173,42,146,216,126,224,
668.000000,146.000000,0.096096,795259136.000000,0.309820,0,1
33,38,124,34,125,207,95,162,
644.000000,148.000000,0.094677,480271424.000000,0.364957,0,1
29,87,48,192,145,62,213,208,
585.000000,149.000000,0.085236,512442496.000000,0.213680,0,1
94,160,61,239,147,106,231,215,
661.000000,158.000000,0.096257,2583211008.000000,0.405393,0,1
77,78,185,51,138,202,75,42,
620.000000,170.000000,0.093065,134728656.000000,0.326734,0,1
19,40,24,85,51,19,26,15,
639.000000,173.000000,0.095144,1365709824.000000,0.365029,0,1
22,30,59,42,87,127,95,126,
729.000000,175.000000,0.099995,1535674624.000000,0.544323,0,1
30,31,117,37,107,218,97,169,
600.000000,182.000000,0.089823,179543888.000000,0.277899,0,1
195,127,183,32,104,175,26,24,
617.000000,230.000000,0.093516,471603328.000000,0.385107,0,1
44,28,56,25,59,101,35,52,
621.000000,230.000000,0.089680,222147520.000000,0.380115,0,1
62,61,44,101,81,37,84,68,
700.000000,24.000000,0.217731,573807.625000,0.917386,0,1
12,12,11,12,11,9,11,11,
581.000000,26.000000,0.219720,165206448.000000,0.517084,0,1
48,73,52,82,79,56,89,93,
596.000000,28.000000,0.219722,125186968.000000,0.539837,0,1
64,46,70,29,49,69,30,30,
469.000000,29.000000,0.222857,1710386.750000,0.351670,0,1
15,19,16,26,22,18,28,27,
494.000000,29.000000,0.220241,4642206.500000,0.765675,0,1
20,24,22,33,27,24,37,39,
538.000000,29.000000,0.213131,40673812.000000,0.431161,0,1
37,46,41,62,52,45,68,74,
562.000000,29.000000,0.213147,114798896.000000,0.469735,0,1
34,54,38,79,60,41,86,92,
610.000000,29.000000,0.205069,184286528.000000,0.665101,0,1
24,34,24,47,32,24,44,41,
610.000000,31.000000,0.202681,137155776.000000,0.651476,0,1
32,44,31,57,41,29,52,49,
536.000000,35.000000,0.211923,6436185.500000,0.279667,0,1
75,78,86,69,86,97,77,84,
690.000000,106.000000,0.095970,125064896.000000,0.462018,0,1
23,41,20,65,22,15,19,15,
672.000000,120.000000,0.097620,478210240.000000,0.432618,0,1
196,114,204,39,116,140,29,24,
460.000000,129.000000,0.080167,27404648.000000,0.060964,0,1
25,48,25,205,38,21,161,70,
729.000000,135.000000,0.102177,671489984.000000,0.543178,0,1
205,125,224,29,61,97,23,20,
705.000000,154.000000,0.098732,489683232.000000,0.488128,0,1
48,65,131,38,115,181,35,24,
723.000000,160.000000,0.098575,107680360.000000,0.521440,0,1
201,116,117,32,34,35,22,20,
699.000000,169.000000,0.103058,58063648.000000,0.501050,0,1
20,22,20,61,51,32,166,164,
700.000000,169.000000,0.101728,401684096.000000,0.498391,0,1
20,21,20,59,42,24,132,106,
411.000000,191.000000,0.067710,10651567.000000,0.049495,0,1
120,62,182,33,117,153,43,45,
730.000000,199.000000,0.099615,597954752.000000,0.385170,0,1
215,212,128,120,78,46,44,24,
350.000000,202.000000,0.072696,60985924.000000,0.102053,0,1
167,186,196,134,151,159,56,38,
724.000000,211.000000,0.099302,2206984704.000000,0.558587,0,1
146,160,109,136,107,55,84,32,
729.000000,220.000000,0.097090,36656820.000000,0.379713,0,1
150,111,117,44,48,53,23,20,
709.000000,229.000000,0.100148,215097008.000000,0.556302,0,1
22,16,24,14,23,57,17,32,
711.000000,230.000000,0.099506,441605344.000000,0.375569,0,1
30,39,73,29,80,120,54,61,
720.000000,232.000000,0.097343,438643488.000000,0.377030,0,1
77,116,65,111,82,54,42,26,
729.000000,240.000000,0.108144,52022384.000000,0.632721,0,1
37,58,52,96,96,95,80,86,
690.000000,257.000000,0.123898,23586856.000000,0.654942,0,1
89,84,85,75,78,79,70,66,
680.000000,264.000000,0.124001,7623424.000000,0.654502,0,1
72,73,68,76,69,63,70,65,
712.000000,288.000000,0.145888,2877443.750000,0.827596,0,1
50,49,50,45,47,48,44,43,
599.000000,109.000000,0.092334,455996736.000000,0.291636,0,1
36,51,40,137,86,42,214,207,
380.000000,195.000000,0.069109,38216356.000000,0.066337,0,1
35,43,77,74,125,177,147,214,
554.000000,139.000000,0.083063,210303616.000000,0.125178,0,1
242,167,254,39,176,251,41,34,
499.000000,35.000000,0.208718,21572856.000000,0.687117,0,1
47,40,52,24,36,51,24,24,
569.000000,35.000000,0.202182,124717912.000000,0.598876,0,1
52,85,56,116,95,65,127,143,
479.000000,36.000000,0.204707,24599738.000000,0.413933,0,1
31,36,37,21,32,42,18,18,
510.000000,38.000000,0.203930,29320538.000000,0.471279,0,1
42,50,47,67,60,54,68,65,
507.000000,39.000000,0.201007,27077348.000000,0.455842,0,1
60,55,67,34,50,68,33,34,
556.000000,39.000000,0.187843,170323360.000000,0.517452,0,1
79,88,78,125,95,75,148,182,
575.000000,39.000000,0.194226,116337384.000000,0.293425,0,1
54,109,61,209,142,71,244,248,
575.000000,43.000000,0.193154,54918248.000000,0.573030,0,1
248,245,214,226,188,146,147,91,
463.000000,46.000000,0.190205,44225688.000000,0.615184,0,1
18,22,21,30,27,24,32,28,
479.000000,46.000000,0.183761,148616032.000000,0.638405,0,1
40,37,45,20,30,44,18,18,
500.000000,46.000000,0.187042,51405260.000000,0.397978,0,1
78,73,86,34,59,83,31,33,
536.000000,47.000000,0.181155,69769160.000000,0.273209,0,1
238,232,232,133,186,194,92,72,
220.000000,48.000000,0.213002,340904.531250,0.420499,0,1
7,7,7,8,9,9,11,12,
600.000000,49.000000,0.172031,45338480.000000,0.547432,0,1
76,85,76,89,79,71,103,148,
467.000000,50.000000,0.178420,66250900.000000,0.570869,0,1
31,29,33,17,23,30,15,14,
489.000000,50.000000,0.178685,43308124.000000,0.353852,0,1
64,62,78,26,49,79,22,21,
620.000000,50.000000,0.173347,9134722.000000,0.589834,0,1
24,25,22,29,26,26,32,35,
449.000000,51.000000,0.180814,9051014.000000,0.525164,0,1
20,24,24,14,18,24,15,14,
599.000000,51.000000,0.180410,105499456.000000,0.544573,0,1
83,107,99,154,149,141,228,253,
509.000000,53.000000,0.170813,90961384.000000,0.662693,0,1
56,53,57,39,49,47,38,38,
567.000000,54.000000,0.165489,35599444.000000,0.459284,0,1
104,119,127,155,164,175,228,255,
268.000000,56.000000,0.184904,599589.562500,0.495572,0,1
7,9,8,11,10,9,12,13,
556.000000,56.000000,0.167615,53294052.000000,0.441723,0,1
110,143,148,194,203,209,249,255,
544.000000,57.000000,0.173887,80926464.000000,0.435933,0,1
103,127,137,171,189,207,243,255,
534.000000,58.000000,0.173391,67061212.000000,0.415009,0,1
103,123,131,160,179,195,227,255,
519.000000,59.000000,0.163714,11913443.000000,0.361553,0,1
90,91,106,102,124,144,162,244,
525.000000,59.000000,0.164255,33097536.000000,0.387292,0,1
101,120,127,161,170,183,242,255,
613.000000,59.000000,0.171095,65614592.000000,0.561261,0,1
56,63,61,72,71,67,82,91,
284.000000,60.000000,0.181453,605162.687500,1.089060,0,1
9,11,10,13,13,12,14,14,
565.000000,61.000000,0.182194,11801206.000000,0.500647,0,1
255,255,252,227,219,211,192,173,
513.000000,62.000000,0.165826,290433760.000000,0.439019,0,1
69,64,117,62,162,234,128,190,
530.000000,65.000000,0.167681,26773268.000000,0.387130,0,1
254,241,230,190,184,177,151,135,
600.000000,67.000000,0.176705,67625552.000000,0.517928,0,1
119,127,119,135,130,124,142,147,
575.000000,74.000000,0.179406,35478176.000000,0.452894,0,1
212,221,219,238,237,238,251,255,
601.000000,74.000000,0.173268,106585176.000000,0.504427,0,1
164,182,182,201,199,199,223,232,
610.000000,78.000000,0.170025,172292880.000000,0.541468,0,1
182,198,183,220,202,185,232,223,
528.000000,88.000000,0.156411,96064552.000000,0.615016,0,1
203,202,210,168,166,157,64,38,
509.000000,89.000000,0.153536,82179168.000000,0.543991,0,1
71,68,78,63,71,84,48,29,
509.000000,90.000000,0.154292,88383136.000000,0.546592,0,1
72,68,77,47,48,51,29,24,
515.000000,90.000000,0.156029,144306400.000000,0.572225,0,1
127,116,115,55,53,45,30,27,
520.000000,90.000000,0.157023,153119824.000000,0.592001,0,1
149,92,87,41,38,36,31,28,
498.000000,91.000000,0.154414,11400829.000000,0.514481,0,1
36,34,37,27,28,29,19,19,
600.000000,109.000000,0.091147,494296768.000000,0.291610,0,1
34,46,35,125,55,36,160,110,
659.000000,109.000000,0.098809,560118656.000000,0.413778,0,1
26,24,31,25,62,149,88,204,
609.000000,113.000000,0.090500,513832416.000000,0.239037,0,1
51,42,202,35,109,255,41,50,
504.000000,114.000000,0.089109,68670480.000000,0.155434,0,1
38,43,74,44,156,218,192,232,
659.000000,115.000000,0.097904,694054208.000000,0.408233,0,1
255,180,246,54,126,194,38,28,
660.000000,115.000000,0.097405,75390424.000000,0.147112,0,1
255,222,254,88,168,197,53,34,
332.000000,116.000000,0.147921,81917.210938,1.156522,0,1
22,23,22,22,22,23,21,19,
518.000000,117.000000,0.085519,547192256.000000,0.277533,0,1
255,255,153,255,177,59,150,49,
498.000000,118.000000,0.089672,122130840.000000,0.261551,0,1
23,23,25,21,23,29,22,23,
515.000000,120.000000,0.083999,324417088.000000,0.154372,0,1
255,255,167,255,201,51,216,66,
523.000000,120.000000,0.084407,508183552.000000,0.280299,0,1
36,35,152,33,75,254,38,105,
535.000000,120.000000,0.083548,121912584.000000,0.125909,0,1
255,109,255,41,117,245,52,49,
579.000000,124.000000,0.092088,177699520.000000,0.253884,0,1
234,185,206,79,117,161,42,36,
426.000000,128.000000,0.077479,166165584.000000,0.131429,0,1
38,31,139,19,107,192,30,66,
608.000000,128.000000,0.092898,63283292.000000,0.461413,0,1
37,47,70,84,158,232,195,248,
637.000000,130.000000,0.095101,925460544.000000,0.350713,0,1
30,34,89,33,103,173,75,121,
397.000000,135.000000,0.073582,1102653696.000000,0.648892,0,1
73,36,150,25,96,216,56,169,
470.000000,135.000000,0.074171,109213504.000000,0.121938,0,1
22,73,25,227,95,25,223,126,
576.000000,135.000000,0.089481,1055770304.000000,0.385071,0,1
171,227,99,190,105,35,75,30,
424.000000,136.000000,0.069927,5339180.000000,0.027235,0,1
27,37,94,37,179,204,158,245,
381.000000,137.000000,0.074838,473480832.000000,0.765465,0,1
24,39,32,110,120,51,203,213,
249.000000,138.000000,0.066434,27867376.000000,0.590098,0,1
48,57,49,33,32,24,23,20,
347.000000,138.000000,0.066867,23173954.000000,0.075892,0,1
63,53,145,100,178,243,202,250,
469.000000,138.000000,0.076617,211074320.000000,0.115464,0,1
223,225,126,214,133,32,114,32,
641.000000,138.000000,0.096404,415069568.000000,0.362187,0,1
212,135,214,44,118,221,33,26,
107.000000,139.000000,0.052159,327621280.000000,0.114640,0,1
29,41,56,42,110,156,94,99,
110.000000,139.000000,0.050586,323550720.000000,0.109512,0,1
27,53,32,144,119,39,165,112,
167.000000,139.000000,0.057244,113232800.000000,0.114459,0,1
27,32,28,48,74,34,114,124,
520.000000,139.000000,0.085646,622856192.000000,0.278112,0,1
251,128,254,32,154,253,37,33,
521.000000,140.000000,0.085927,410376416.000000,0.280602,0,1
254,154,253,37,158,250,33,29,
163.000000,144.000000,0.055983,515355488.000000,0.289571,0,1
23,73,32,194,128,30,242,172,
267.000000,144.000000,0.064285,1473473152.000000,0.508848,0,1
171,228,126,219,136,36,102,30,
513.000000,144.000000,0.085012,101521920.000000,0.265144,0,1
25,35,42,68,120,73,222,255,
570.000000,145.000000,0.089186,766137152.000000,0.372876,0,1
213,216,128,158,134,49,65,25,
387.000000,146.000000,0.073811,2077262.500000,0.031178,0,1
24,32,28,64,78,31,134,152,
534.000000,146.000000,0.086642,149688192.000000,0.303133,0,1
235,166,204,50,102,86,34,22,
194.000000,147.000000,0.058698,286747136.000000,0.088459,0,1
200,233,124,235,146,25,172,86,
79.000000,148.000000,0.049189,849791360.000000,0.120611,0,1
97,76,156,71,157,211,152,211,
311.000000,148.000000,0.068099,2193760.750000,0.044087,0,1
26,30,101,34,134,239,47,119,
379.000000,148.000000,0.073027,57837648.000000,0.071081,0,1
123,163,61,158,113,29,80,27,
594.000000,148.000000,0.088203,354746784.000000,0.268133,0,1
26,56,39,128,118,57,159,162,
41.000000,149.000000,0.046204,216047392.000000,0.128652,0,1
29,61,41,111,104,68,133,120,
30.000000,150.000000,0.044252,75413824.000000,0.127162,0,1
34,56,86,92,116,126,133,124,
78.000000,150.000000,0.048284,740637696.000000,0.118724,0,1
113,97,201,70,164,247,93,78,
307.000000,150.000000,0.066818,263604320.000000,0.388646,0,1
158,196,72,99,104,28,37,21,
472.000000,150.000000,0.080690,429276416.000000,0.121602,0,1
143,56,214,26,146,240,83,207,
390.000000,152.000000,0.080787,101877384.000000,0.739689,0,1
34,65,51,129,95,105,152,141,
69.000000,153.000000,0.048374,481160000.000000,0.122984,0,1
138,89,139,43,89,126,45,41,
258.000000,156.000000,0.064300,631036928.000000,0.541719,0,1
79,117,43,95,88,23,45,25,
659.000000,157.000000,0.096441,1108032896.000000,0.401742,0,1
20,18,44,17,40,131,33,61,
28.000000,158.000000,0.042969,408070016.000000,0.124141,0,1
56,103,58,153,119,67,154,104,
439.000000,158.000000,0.077731,556520640.000000,0.422276,0,1
36,30,113,27,100,240,57,110,
297.000000,159.000000,0.062910,6736353.000000,0.019203,0,1
69,181,63,255,152,28,211,99,
58.000000,160.000000,0.043846,497623584.000000,0.115352,0,1
139,137,92,114,78,49,91,54,
186.000000,160.000000,0.056702,578859520.000000,0.260138,0,1
83,123,49,188,103,22,146,56,
550.000000,160.000000,0.087630,285911904.000000,0.332983,0,1
252,227,193,137,120,87,35,23,
295.000000,161.000000,0.065543,2372088.750000,0.020629,0,1
255,250,211,196,186,99,62,23,
36.000000,163.000000,0.042702,355668544.000000,0.120515,0,1
88,137,80,118,98,58,43,26,
125.000000,163.000000,0.051934,80647600.000000,0.131707,0,1
137,96,111,45,59,47,21,17,
40.000000,168.000000,0.046748,45763984.000000,0.131134,0,1
21,25,26,39,48,39,65,76,
72.000000,168.000000,0.046499,59971816.000000,0.117180,0,1
24,25,23,45,45,30,64,69,
82.000000,168.000000,0.050152,36911088.000000,0.146813,0,1
21,24,22,45,61,41,90,124,
209.000000,168.000000,0.061136,179186432.000000,0.245528,0,1
20,24,23,72,84,60,156,183,
175.000000,169.000000,0.053984,71067328.000000,0.083215,0,1
22,45,61,63,141,117,174,219,
193.000000,169.000000,0.054739,155662720.000000,0.082493,0,1
19,58,27,112,80,19,131,101,
259.000000,169.000000,0.063576,104574272.000000,0.183990,0,1
17,22,44,26,81,160,44,124,
304.000000,169.000000,0.062988,30946710.000000,0.095344,0,1
21,43,53,93,119,100,135,163,
323.000000,169.000000,0.074320,94847104.000000,0.118758,0,1
20,29,53,29,105,161,71,186,
359.000000,169.000000,0.067221,102598920.000000,0.101579,0,1
23,39,23,178,95,24,221,122,
378.000000,169.000000,0.072513,329697248.000000,0.778661,0,1
25,41,28,108,85,28,161,137,
399.000000,169.000000,0.072021,271976832.000000,0.636244,0,1
27,37,48,45,104,124,114,160,
465.000000,169.000000,0.078695,412457728.000000,0.304654,0,1
23,35,22,144,59,22,152,67,
525.000000,169.000000,0.086265,98578352.000000,0.167035,0,1
17,25,30,49,120,65,159,230,
570.000000,169.000000,0.088140,671899136.000000,0.368965,0,1
21,26,20,100,45,21,128,62,
597.000000,169.000000,0.090880,635467904.000000,0.429734,0,1
20,17,20,18,35,55,42,82,
610.000000,169.000000,0.099279,39589340.000000,0.325727,0,1
21,23,22,65,57,48,166,161,
94.000000,170.000000,0.054016,125014888.000000,0.150963,0,1
44,29,51,20,39,53,27,36,
47.000000,171.000000,0.047129,399339680.000000,0.129520,0,1
56,55,83,49,89,111,71,84,
452.000000,172.000000,0.078289,374080384.000000,0.165134,0,1
120,56,218,24,135,254,34,39,
679.000000,172.000000,0.096958,1522708992.000000,0.447299,0,1
24,21,74,17,42,112,21,29,
50.000000,173.000000,0.039564,81605568.000000,0.059761,0,1
95,114,69,98,87,44,72,53,
66.000000,173.000000,0.047305,16826218.000000,0.122164,0,1
31,36,35,45,51,48,68,78,
281.000000,173.000000,0.065330,267630320.000000,0.471055,0,1
185,165,173,67,100,132,26,19,
610.000000,173.000000,0.091717,1407423616.000000,0.458609,0,1
161,186,96,190,103,33,106,43,
483.000000,174.000000,0.084506,31097260.000000,0.246443,0,1
34,39,50,23,75,59,56,90,
519.000000,174.000000,0.086650,251755008.000000,0.282091,0,1
19,18,50,16,38,153,17,18,
538.000000,174.000000,0.085501,905267392.000000,0.306682,0,1
203,200,113,186,104,35,83,31,
411.000000,177.000000,0.076598,94748672.000000,0.593374,0,1
22,23,21,25,38,25,59,91,
461.000000,177.000000,0.081108,285283520.000000,0.184357,0,1
226,128,247,42,168,251,58,50,
311.000000,178.000000,0.064842,11311073.000000,0.044361,0,1
35,36,139,26,123,219,70,182,
649.000000,178.000000,0.096010,335503744.000000,0.392177,0,1
195,149,190,38,99,159,25,24,
35.000000,179.000000,0.044606,141642848.000000,0.127289,0,1
54,57,73,56,80,89,75,97,
76.000000,179.000000,0.049723,125699792.000000,0.124718,0,1
53,46,42,54,71,54,82,93,
503.000000,179.000000,0.086172,401209920.000000,0.257460,0,1
23,29,42,26,73,106,40,79,
329.000000,180.000000,0.068174,244107936.000000,0.739458,0,1
100,184,47,115,78,22,34,26,
532.000000,180.000000,0.085412,333961408.000000,0.168910,0,1
172,100,185,28,141,209,69,114,
649.000000,180.000000,0.095541,451203744.000000,0.391770,0,1
99,25,78,20,24,87,19,19,
674.000000,180.000000,0.096921,87982392.000000,0.201574,0,1
29,79,59,177,165,87,230,212,
171.000000,181.000000,0.056358,83829816.000000,0.091174,0,1
64,59,43,133,111,50,137,105,
313.000000,181.000000,0.066893,14119958.000000,0.045556,0,1
231,247,131,136,141,45,47,25,
57.000000,183.000000,0.046857,34996568.000000,0.125373,0,1
88,74,70,46,50,49,35,29,
258.000000,183.000000,0.065089,39116176.000000,0.554310,0,1
22,26,22,34,37,23,67,66,
411.000000,183.000000,0.074312,68990480.000000,0.113421,0,1
119,74,157,34,101,108,31,28,
82.000000,184.000000,0.050229,74113208.000000,0.150068,0,1
25,33,26,62,49,45,92,92,
386.000000,184.000000,0.075306,371430112.000000,0.755410,0,1
103,54,43,68,68,65,170,170,
390.000000,184.000000,0.078415,88560344.000000,0.471436,0,1
29,33,29,65,55,34,152,155,
517.000000,184.000000,0.085407,338920352.000000,0.276501,0,1
21,28,57,53,137,150,186,185,
309.000000,185.000000,0.066332,82699464.000000,0.100058,0,1
41,42,157,30,158,242,86,142,
576.000000,186.000000,0.089243,1060955008.000000,0.387086,0,1
147,98,215,42,135,186,48,52,
219.000000,187.000000,0.059072,93950248.000000,0.227766,0,1
155,122,123,79,67,114,34,26,
372.000000,187.000000,0.072056,690613824.000000,0.834192,0,1
102,154,66,136,100,28,53,30,
451.000000,187.000000,0.082217,233830336.000000,0.409287,0,1
36,62,51,152,148,145,208,195,
44.000000,188.000000,0.043982,188085856.000000,0.122623,0,1
69,82,50,91,67,48,93,54,
149.000000,188.000000,0.055457,125619736.000000,0.311162,0,1
33,55,42,77,79,72,122,134,
469.000000,188.000000,0.079816,378851872.000000,0.194029,0,1
41,60,72,82,167,177,190,229,
32.000000,190.000000,0.046947,6768697.000000,0.136345,0,1
65,64,59,50,46,44,43,36,
424.000000,190.000000,0.075293,584214720.000000,0.527701,0,1
76,142,46,167,110,34,155,127,
561.000000,190.000000,0.086729,638752256.000000,0.351177,0,1
39,111,39,227,131,31,238,99,
343.000000,191.000000,0.068900,247982848.000000,0.305701,0,1
173,94,177,39,123,127,43,38,
308.000000,193.000000,0.067437,42911688.000000,0.136261,0,1
29,51,81,113,120,165,167,204,
520.000000,193.000000,0.084480,666159744.000000,0.188634,0,1
69,157,45,208,106,34,173,124,
554.000000,193.000000,0.085994,320583712.000000,0.195406,0,1
255,237,218,228,124,101,113,48,
148.000000,194.000000,0.054906,120483576.000000,0.310034,0,1
136,150,140,112,129,128,45,24,
188.000000,195.000000,0.060106,44671224.000000,0.267779,0,1
25,28,32,104,84,50,72,31,
198.000000,195.000000,0.057785,160485440.000000,0.254537,0,1
42,48,27,102,60,48,124,38,
239.000000,197.000000,0.064195,69404336.000000,0.222188,0,1
18,25,19,131,73,18,74,23,
279.000000,198.000000,0.066302,64829364.000000,0.172833,0,1
22,22,34,77,86,139,104,47,
264.000000,200.000000,0.065081,96543776.000000,0.541593,0,1
119,64,63,25,26,25,20,16,
279.000000,200.000000,0.066502,218978864.000000,0.498405,0,1
86,104,131,42,47,53,23,20,
412.000000,200.000000,0.073424,318873280.000000,0.603237,0,1
62,128,52,153,107,33,77,39,
90.000000,201.000000,0.051433,30194636.000000,0.149984,0,1
46,47,37,47,39,28,32,45,
146.000000,201.000000,0.054254,98576144.000000,0.311127,0,1
25,42,24,56,35,20,39,40,
156.000000,201.000000,0.054610,116049352.000000,0.298557,0,1
25,51,30,86,68,27,72,38,
326.000000,201.000000,0.071171,144816304.000000,0.372236,0,1
167,182,186,111,124,130,46,29,
122.000000,202.000000,0.051776,10650725.000000,0.132565,0,1
26,21,22,36,36,37,55,71,
134.000000,202.000000,0.051730,21811740.000000,0.129027,0,1
16,20,17,28,26,25,65,54,
407.000000,202.000000,0.076943,162960176.000000,0.122208,0,1
173,170,108,155,98,48,142,127,
553.000000,202.000000,0.084626,887167104.000000,0.222213,0,1
166,197,85,212,125,41,150,62,
604.000000,202.000000,0.091365,128117512.000000,0.314429,0,1
27,53,34,111,82,38,138,138,
116.000000,203.000000,0.051307,23311216.000000,0.136864,0,1
25,39,38,58,55,53,71,83,
547.000000,203.000000,0.089198,167011536.000000,0.223939,0,1
180,74,233,38,134,237,47,44,
165.000000,204.000000,0.055914,30504598.000000,0.292865,0,1
18,17,20,44,43,39,64,69,
446.000000,204.000000,0.078165,81860048.000000,0.167890,0,1
39,39,39,60,58,54,142,153,
590.000000,205.000000,0.088325,1087127040.000000,0.287613,0,1
97,134,58,163,97,33,125,56,
433.000000,206.000000,0.078933,146813216.000000,0.155863,0,1
194,192,193,105,111,116,57,49,
458.000000,207.000000,0.081633,256577808.000000,0.417327,0,1
159,199,200,108,114,120,59,50,
507.000000,207.000000,0.084718,70791504.000000,0.266475,0,1
23,25,21,44,35,29,92,80,
519.000000,207.000000,0.086547,288537152.000000,0.290536,0,1
28,25,45,27,29,66,59,74,
224.000000,208.000000,0.060562,71039504.000000,0.232694,0,1
22,34,23,59,52,45,71,68,
257.000000,208.000000,0.063893,120033464.000000,0.563595,0,1
20,17,44,13,29,51,17,30,
199.000000,210.000000,0.060723,30515100.000000,0.267665,0,1
61,75,73,96,97,97,102,103,
532.000000,210.000000,0.089346,279449312.000000,0.322480,0,1
107,121,189,43,140,171,39,37,
573.000000,210.000000,0.088281,408948256.000000,0.383681,0,1
141,133,93,179,137,80,220,161,
643.000000,210.000000,0.095038,1134873344.000000,0.407241,0,1
65,41,111,34,86,150,76,133,
661.000000,210.000000,0.094101,1006436864.000000,0.432666,0,1
185,185,103,145,110,52,85,38,
253.000000,211.000000,0.064643,83847448.000000,0.585869,0,1
15,26,27,49,53,55,72,78,
392.000000,213.000000,0.072990,563357376.000000,0.742251,0,1
44,88,36,122,66,32,109,68,
348.000000,215.000000,0.071546,164900800.000000,0.687335,0,1
26,43,37,71,70,68,89,101,
357.000000,215.000000,0.072413,173849232.000000,0.646724,0,1
24,28,27,64,59,55,81,99,
448.000000,215.000000,0.077826,263692416.000000,0.466240,0,1
55,61,63,98,116,103,122,145,
184.000000,217.000000,0.077107,8311203.500000,0.371381,0,1
83,87,89,81,76,74,66,60,
460.000000,217.000000,0.077604,236811920.000000,0.418751,0,1
43,68,34,143,63,28,101,43,
484.000000,218.000000,0.081088,86997504.000000,0.346266,0,1
41,56,34,69,62,39,97,98,
433.000000,219.000000,0.079252,260434048.000000,0.554349,0,1
22,25,25,57,51,44,91,95,
296.000000,220.000000,0.072529,12499102.000000,0.176190,0,1
112,119,125,98,111,103,90,92,
330.000000,220.000000,0.078027,22358804.000000,0.871692,0,1
122,123,110,106,94,90,93,89,
439.000000,220.000000,0.079714,262782704.000000,0.528840,0,1
24,37,33,80,74,69,91,106,
419.000000,221.000000,0.078244,166387888.000000,0.628681,0,1
82,90,86,110,114,118,118,136,
422.000000,221.000000,0.078828,200785824.000000,0.615179,0,1
79,86,85,117,116,111,137,116,
463.000000,222.000000,0.081370,172388192.000000,0.433833,0,1
26,43,41,68,68,67,80,86,
508.000000,222.000000,0.082966,156127120.000000,0.302566,0,1
89,89,84,57,61,61,29,37,
214.000000,223.000000,0.081974,8215901.500000,0.327637,0,1
68,80,75,68,64,62,61,58,
308.000000,223.000000,0.081463,15704992.000000,0.181230,0,1
87,79,84,79,97,120,112,78,
358.000000,224.000000,0.083990,27078442.000000,0.725166,0,1
95,86,91,81,83,84,74,70,
148.000000,227.000000,0.082305,4519893.500000,0.457349,0,1
45,48,51,50,45,39,37,42,
163.000000,227.000000,0.082323,4248944.000000,0.425579,0,1
42,44,41,52,53,51,59,56,
186.000000,228.000000,0.085487,6553980.000000,0.400099,0,1
65,66,67,59,58,56,52,50,
399.000000,228.000000,0.088978,62041488.000000,0.835083,0,1
89,86,90,90,104,116,117,96,
135.000000,229.000000,0.084998,4577634.500000,0.496414,0,1
36,36,35,37,41,42,44,41,
279.000000,229.000000,0.086660,10225435.000000,0.656741,0,1
59,54,52,54,56,60,67,77,
280.000000,229.000000,0.086943,14014790.000000,0.647067,0,1
59,54,53,54,57,61,74,73,
402.000000,229.000000,0.091756,85570064.000000,0.827625,0,1
102,116,120,118,105,90,85,80,
174.000000,230.000000,0.087337,3464372.500000,0.429477,0,1
55,66,62,58,55,53,51,47,
392.000000,230.000000,0.093470,28265014.000000,0.929433,0,1
84,82,86,77,89,102,87,87,
565.000000,230.000000,0.091634,88020808.000000,0.394637,0,1
54,73,70,118,106,91,93,88,
578.000000,230.000000,0.093743,227486416.000000,0.427695,0,1
31,52,53,76,72,71,100,96,
281.000000,231.000000,0.085912,28890560.000000,0.632130,0,1
60,76,71,77,69,63,57,56,
152.000000,232.000000,0.087461,3932969.000000,0.487380,0,1
51,41,44,38,45,54,59,51,
279.000000,232.000000,0.087423,23430416.000000,0.649899,0,1
74,78,73,63,58,57,48,52,
524.000000,232.000000,0.095221,233283840.000000,0.344074,0,1
130,134,116,134,111,92,103,90,
599.000000,232.000000,0.097215,202547648.000000,0.486155,0,1
18,29,29,57,51,51,69,71,
162.000000,233.000000,0.086903,6580951.000000,0.450948,0,1
64,59,57,46,47,49,43,41,
640.000000,234.000000,0.099957,191838224.000000,0.449181,0,1
29,40,39,71,65,61,101,97,
134.000000,235.000000,0.091556,2283397.500000,0.537561,0,1
34,31,35,34,38,43,48,42,
509.000000,235.000000,0.099111,60154436.000000,0.387805,0,1
84,84,87,81,88,106,88,97,
378.000000,237.000000,0.098797,30186340.000000,1.070618,0,1
71,75,74,68,62,58,55,54,
451.000000,237.000000,0.114030,7519897.000000,0.652782,0,1
83,86,81,102,89,73,74,79,
539.000000,237.000000,0.102710,17759000.000000,0.405311,0,1
105,103,111,90,93,96,86,81,
541.000000,237.000000,0.101645,24839982.000000,0.404050,0,1
108,111,112,93,96,96,88,83,
185.000000,238.000000,0.091955,4292619.000000,0.429644,0,1
46,44,43,39,37,35,33,32,
449.000000,238.000000,0.102481,46808536.000000,0.640026,0,1
84,101,97,80,77,72,67,73,
247.000000,239.000000,0.088793,12774123.000000,0.806706,0,1
36,43,45,44,38,35,36,34,
462.000000,239.000000,0.103286,13694497.000000,0.575086,0,1
71,70,68,79,70,59,68,73,
32.000000,240.000000,0.087251,4613150.000000,0.278355,0,1
30,29,30,23,25,28,23,22,
652.000000,240.000000,0.105206,566978176.000000,0.498427,0,1
127,123,149,120,143,164,140,156,
660.000000,240.000000,0.108252,387079968.000000,0.519595,0,1
137,152,122,159,134,115,145,128,
239.000000,241.000000,0.100925,10769160.000000,0.930068,0,1
45,49,47,47,43,38,39,36,
448.000000,241.000000,0.105304,24560478.000000,0.650451,0,1
67,67,73,63,81,93,74,80,
48.000000,242.000000,0.091738,6771709.000000,0.282692,0,1
29,30,32,23,24,25,21,20,
51.000000,242.000000,0.092698,7471088.000000,0.283642,0,1
28,32,31,24,25,27,21,21,
70.000000,242.000000,0.098035,3314017.000000,0.300528,0,1
23,24,25,29,28,27,34,31,
69.000000,244.000000,0.093955,4342213.500000,0.288282,0,1
29,33,34,27,29,32,23,22,
86.000000,244.000000,0.097375,2158249.250000,0.277761,0,1
22,22,22,27,29,27,33,31,
227.000000,244.000000,0.102592,4258220.500000,1.024709,0,1
44,51,49,44,38,36,37,36,
500.000000,244.000000,0.109926,66322424.000000,0.472609,0,1
84,79,79,76,70,60,64,54,
93.000000,246.000000,0.098850,5325763.500000,0.278985,0,1
19,18,15,25,23,22,26,22,
284.000000,246.000000,0.094079,12262080.000000,0.685202,0,1
50,46,48,42,42,42,39,36,
342.000000,246.000000,0.107792,18174992.000000,1.502814,0,1
47,45,48,45,52,59,57,61,
649.000000,247.000000,0.112783,241962160.000000,0.532314,0,1
120,110,134,101,122,141,109,115,
208.000000,248.000000,0.105172,7929617.000000,0.436607,0,1
41,54,55,47,43,39,36,33,
210.000000,248.000000,0.104370,7087515.000000,0.432035,0,1
49,55,51,43,39,37,34,33,
337.000000,248.000000,0.109700,21586894.000000,1.074325,0,1
45,44,48,42,56,61,56,56,
458.000000,248.000000,0.110614,21801512.000000,0.645896,0,1
57,54,47,54,37,35,51,51,
195.000000,249.000000,0.106570,4144422.000000,0.485902,0,1
34,35,35,37,40,43,46,41,
555.000000,249.000000,0.108663,27698322.000000,0.472098,0,1
86,87,86,78,77,77,71,71,
340.000000,250.000000,0.108962,36480276.000000,1.049228,0,1
63,60,55,52,46,43,41,39,
490.000000,250.000000,0.113861,50010172.000000,0.539719,0,1
68,70,62,69,60,51,55,49,
187.000000,251.000000,0.109004,2986938.000000,0.498967,0,1
35,35,35,37,41,47,46,41,
196.000000,251.000000,0.106666,3907357.250000,0.472644,0,1
41,48,46,43,39,37,37,35,
332.000000,252.000000,0.111399,23037952.000000,1.140463,0,1
57,64,58,61,50,42,43,41,
514.000000,252.000000,0.116982,5501837.000000,0.517357,0,1
70,72,72,64,67,69,57,56,
327.000000,254.000000,0.113574,23736132.000000,1.190239,0,1
61,61,57,52,45,42,41,40,
481.000000,255.000000,0.116637,103075992.000000,0.598198,0,1
83,83,69,81,63,49,55,46,
150.000000,256.000000,0.109285,10518960.000000,0.592765,0,1
37,42,39,38,38,38,30,31,
479.000000,256.000000,0.118199,102176448.000000,0.613789,0,1
86,86,73,80,65,49,57,46,
629.000000,256.000000,0.122701,6317293.500000,0.550900,0,1
73,73,74,65,67,69,63,62,
163.000000,258.000000,0.111586,9472350.000000,0.577594,0,1
38,40,41,34,37,40,31,31,
220.000000,258.000000,0.101449,30732440.000000,1.061040,0,1
41,43,41,43,37,35,36,29,
306.000000,258.000000,0.118934,10637723.000000,1.397988,0,1
36,35,38,37,43,50,48,48,
314.000000,258.000000,0.117050,22503842.000000,1.321622,0,1
55,58,54,52,47,40,39,35,
467.000000,258.000000,0.124304,103393848.000000,0.690881,0,1
48,50,59,56,68,78,76,80,
579.000000,258.000000,0.117874,8406283.000000,0.579772,0,1
75,69,71,64,65,65,60,59,
588.000000,259.000000,0.109478,11825356.000000,0.550861,0,1
72,68,68,62,61,63,57,56,
660.000000,259.000000,0.127119,17042880.000000,0.618876,0,1
79,74,75,65,66,69,62,62,
176.000000,260.000000,0.114190,7520761.000000,0.553764,0,1
40,41,40,35,35,37,32,30,
310.000000,260.000000,0.117711,18129384.000000,1.373321,0,1
53,49,43,42,36,35,35,34,
199.000000,261.000000,0.117679,21310372.000000,0.511624,0,1
30,34,32,43,44,44,47,40,
470.000000,261.000000,0.124112,134638784.000000,0.691824,0,1
79,79,68,74,61,47,54,43,
212.000000,262.000000,0.120320,58438904.000000,0.491399,0,1
34,35,36,50,54,45,66,58,
301.000000,262.000000,0.119393,11165998.000000,1.460375,0,1
45,47,46,46,40,34,33,32,
209.000000,264.000000,0.120513,63912392.000000,0.501450,0,1
48,54,63,44,52,57,34,29,
465.000000,264.000000,0.127129,106156600.000000,0.737227,0,1
80,77,70,73,61,48,56,45,
650.000000,264.000000,0.131913,249494416.000000,0.630376,0,1
98,98,89,94,91,77,72,64,
230.000000,265.000000,0.123263,32472020.000000,1.164459,0,1
31,44,36,63,50,40,56,34,
240.000000,266.000000,0.124899,24511668.000000,1.116520,0,1
24,26,25,38,34,30,38,32,
289.000000,266.000000,0.125208,37032160.000000,1.628435,0,1
51,59,49,51,45,35,33,26,
413.000000,267.000000,0.133681,12442571.000000,1.083834,0,1
30,31,33,38,39,36,43,41,
649.000000,267.000000,0.138012,82159584.000000,0.663985,0,1
72,77,64,91,81,65,91,84,
259.000000,268.000000,0.133380,10387418.000000,1.068753,0,1
25,24,25,30,30,29,33,34,
447.000000,269.000000,0.134138,61911996.000000,0.873244,0,1
41,42,48,44,53,62,58,63,
457.000000,269.000000,0.132007,101044048.000000,0.813881,0,1
70,68,59,63,53,44,47,40,
639.000000,269.000000,0.138308,166098064.000000,0.647691,0,1
55,50,63,48,56,71,52,65,
258.000000,270.000000,0.119454,19295704.000000,0.991487,0,1
30,32,35,29,32,35,23,22,
445.000000,270.000000,0.135249,58876624.000000,0.893057,0,1
41,42,48,42,51,62,55,63,
278.000000,273.000000,0.128749,22521550.000000,1.791648,0,1
41,42,41,33,35,36,28,26,
650.000000,273.000000,0.140823,226719040.000000,0.680825,0,1
68,75,60,83,63,58,69,61,
671.000000,273.000000,0.126346,2139658.000000,0.679226,0,1
69,67,67,58,61,61,53,52,
286.000000,274.000000,0.131410,30281718.000000,1.734065,0,1
44,44,45,33,37,40,29,29,
394.000000,274.000000,0.136222,7607105.500000,1.275070,0,1
28,28,30,27,30,35,30,35,
438.000000,274.000000,0.139934,58548032.000000,0.969972,0,1
39,39,45,41,50,58,53,59,
310.000000,277.000000,0.134832,41590340.000000,1.525781,0,1
55,52,53,34,40,41,30,31,
337.000000,277.000000,0.142362,13548122.000000,1.907264,0,1
33,35,32,39,36,34,44,42,
342.000000,279.000000,0.142376,9654390.000000,1.858798,0,1
28,32,25,40,27,34,35,30,
429.000000,279.000000,0.145760,40201176.000000,1.073620,0,1
40,38,44,38,46,53,48,55,
437.000000,280.000000,0.142363,59298584.000000,1.012946,0,1
57,57,52,54,49,41,44,37,
358.000000,283.000000,0.141456,11223636.000000,1.685604,0,1
41,40,41,34,36,38,31,29,
635.000000,283.000000,0.152001,105706640.000000,0.721769,0,1
55,54,65,48,62,71,54,62,
379.000000,286.000000,0.145893,18604822.000000,1.510796,0,1
42,40,42,34,36,38,29,28,
406.000000,287.000000,0.154159,30936126.000000,1.315963,0,1
34,33,33,43,39,36,45,47,
425.000000,287.000000,0.150176,52357460.000000,1.155787,0,1
53,57,49,52,46,36,39,32,
410.000000,288.000000,0.155047,46363768.000000,1.292357,0,1
31,34,31,43,41,42,45,47,
398.000000,289.000000,0.149460,44802284.000000,1.370957,0,1
43,41,42,31,34,39,28,29,
406.000000,290.000000,0.151676,37106424.000000,1.319478,0,1
44,47,46,38,42,47,33,32,
319.000000,291.000000,0.143922,44317820.000000,1.533515,0,1
39,39,37,35,34,30,29,26,
419.000000,292.000000,0.152756,53354452.000000,1.233513,0,1
54,47,48,36,41,45,30,29,
425.000000,293.000000,0.152176,71475688.000000,1.198129,0,1
46,46,48,35,39,45,30,28,
444.000000,296.000000,0.158500,56660604.000000,1.108027,0,1
64,62,70,39,47,54,36,37,
450.000000,296.000000,0.158690,46540164.000000,1.073528,0,1
66,71,66,61,61,60,42,37,
480.000000,298.000000,0.165302,15339131.000000,0.955930,0,1
33,36,34,48,47,45,49,51,
369.000000,285.000000,0.145366,26480156.000000,1.601909,0,1
41,38,37,28,28,33,24,29,
380.000000,282.000000,0.147368,43920348.000000,1.495011,0,1
27,27,27,31,31,32,38,42,
326.000000,276.000000,0.139234,27440590.000000,2.020058,0,1
27,24,27,37,35,36,42,43,
175.000000,254.000000,0.109935,5363512.000000,0.533048,0,1
28,30,31,35,38,44,45,37,
484.000000,249.000000,0.116169,63025808.000000,0.559919,0,1
55,57,57,61,66,67,81,84,
660.000000,235.000000,0.101408,248169712.000000,0.489075,0,1
39,51,54,81,81,79,118,130,
383.000000,235.000000,0.097843,38892424.000000,1.019014,0,1
77,81,84,77,78,70,63,58,
491.000000,51.000000,0.177371,31838424.000000,0.353330,0,1
78,67,81,25,45,67,21,21,
265.000000,233.000000,0.089987,20534050.000000,0.725397,0,1
51,51,52,54,69,77,74,61,
519.000000,231.000000,0.094197,324262976.000000,0.331322,0,1
79,85,103,95,120,136,128,132,
667.000000,229.000000,0.096047,761155328.000000,0.472866,0,1
97,79,122,37,92,123,37,29,
604.000000,228.000000,0.093483,184002480.000000,0.359770,0,1
17,18,17,26,28,22,53,67,
580.000000,225.000000,0.088624,728410880.000000,0.402449,0,1
88,74,120,40,90,106,36,28,
632.000000,81.000000,0.178985,7514212.500000,0.622830,0,1
58,40,34,27,24,23,21,18,
514.000000,88.000000,0.155720,115595112.000000,0.569340,0,1
101,95,109,94,114,136,106,55,
324.000000,221.000000,0.078590,31127908.000000,0.155756,0,1
110,118,122,105,96,95,77,74,
510.000000,220.000000,0.082628,130878760.000000,0.291265,0,1
32,56,23,89,57,28,84,61,
680.000000,215.000000,0.098859,177825600.000000,0.486371,0,1
34,25,29,82,78,77,162,113,
239.000000,212.000000,0.065389,117573344.000000,0.644719,0,1
40,46,34,55,52,49,65,73,
201.000000,210.000000,0.060113,31727962.000000,0.265340,0,1
62,73,73,97,97,94,109,104,
469.000000,205.000000,0.081955,356229376.000000,0.205942,0,1
139,122,82,147,97,57,192,143,
179.000000,205.000000,0.057216,34804636.000000,0.280256,0,1
15,23,23,50,48,43,65,62,
379.000000,203.000000,0.075003,156419792.000000,0.242503,0,1
169,203,206,166,176,168,82,52,
258.000000,127.000000,0.064167,343540768.000000,0.542528,0,1
16,33,21,141,124,26,238,205,
349.000000,202.000000,0.073494,75122960.000000,0.104057,0,1
141,156,195,124,143,156,53,36,
351.000000,128.000000,0.058260,5776791.000000,0.021340,0,1
45,210,38,255,142,43,234,131,
295.000000,129.000000,0.067849,11276897.000000,0.053950,0,1
232,251,53,255,176,20,245,97,
406.000000,198.000000,0.071719,131451680.000000,0.110216,0,1
37,43,58,64,94,123,123,180,
307.000000,131.000000,0.065823,108863248.000000,0.099519,0,1
199,115,243,34,167,220,51,56,
543.000000,136.000000,0.086027,194492192.000000,0.180974,0,1
252,252,154,232,135,48,94,31,
504.000000,192.000000,0.082965,521254624.000000,0.215987,0,1
76,61,145,50,113,174,76,106,
519.000000,138.000000,0.086163,792367232.000000,0.278554,0,1
196,80,251,27,128,254,32,37,
539.000000,138.000000,0.086665,329724128.000000,0.179816,0,1
255,252,181,253,158,50,172,64,
135.000000,192.000000,0.051599,128586704.000000,0.123538,0,1
85,99,68,127,79,41,116,65,
152.000000,139.000000,0.054813,189911232.000000,0.096420,0,1
31,71,38,148,94,27,162,109,
217.000000,139.000000,0.058866,30778674.000000,0.091576,0,1
36,61,32,105,68,20,30,16,
367.000000,139.000000,0.069465,60526672.000000,0.104899,0,1
28,30,103,36,131,237,82,217,
119.000000,190.000000,0.052613,130029664.000000,0.135041,0,1
110,91,114,68,89,102,66,65,
66.000000,141.000000,0.046606,416210624.000000,0.119464,0,1
21,98,33,203,98,35,138,83,
107.000000,189.000000,0.049797,279451968.000000,0.136669,0,1
84,64,126,37,82,114,36,33,
580.000000,186.000000,0.088642,936362752.000000,0.390903,0,1
207,225,142,186,157,66,82,53,
289.000000,145.000000,0.065865,200385488.000000,0.147617,0,1
247,202,98,191,86,25,128,42,
472.000000,145.000000,0.083520,161354704.000000,0.115747,0,1
33,44,161,28,167,232,92,174,
197.000000,185.000000,0.053722,102093888.000000,0.096472,0,1
167,135,159,63,102,139,34,27,
66.000000,184.000000,0.048862,67211176.000000,0.127234,0,1
89,79,86,59,71,72,55,50,
435.000000,183.000000,0.077384,488848512.000000,0.467313,0,1
125,59,156,28,110,90,44,33,
481.000000,149.000000,0.081446,68825640.000000,0.208448,0,1
17,23,33,34,88,104,109,192,
115.000000,150.000000,0.050449,353046912.000000,0.106726,0,1
190,147,202,85,150,167,69,36,
157.000000,150.000000,0.051626,69365376.000000,0.087765,0,1
251,187,233,70,73,155,32,25,
580.000000,179.000000,0.090297,136937312.000000,0.397927,0,1
18,19,19,27,29,22,104,178,
647.000000,150.000000,0.094982,1377440768.000000,0.369458,0,1
39,107,42,185,101,31,135,57,
80.000000,152.000000,0.047739,182938256.000000,0.116452,0,1
247,173,199,78,103,135,47,43,
349.000000,153.000000,0.070718,187230896.000000,0.276443,0,1
26,80,32,203,158,28,221,162,
80.000000,174.000000,0.047342,115604904.000000,0.142520,0,1
112,71,105,45,68,91,38,33,
224.000000,156.000000,0.061005,147552688.000000,0.091936,0,1
40,167,48,228,141,27,131,39,
617.000000,156.000000,0.092637,1124402176.000000,0.475788,0,1
28,30,70,33,115,192,96,153,
129.000000,172.000000,0.052425,283779936.000000,0.122598,0,1
68,45,119,21,46,80,21,18,
555.000000,170.000000,0.087409,1310294144.000000,0.341047,0,1
21,27,73,31,119,193,99,158,
539.000000,159.000000,0.085741,565295680.000000,0.307609,0,1
189,123,252,59,186,222,77,28,
230.000000,160.000000,0.061471,325324640.000000,0.217578,0,1
38,36,112,28,95,210,58,56,
409.000000,160.000000,0.074512,436112064.000000,0.581499,0,1
49,28,113,43,62,139,48,27,
410.000000,160.000000,0.075099,476096064.000000,0.578458,0,1
108,53,170,47,101,138,51,28,
477.000000,160.000000,0.085018,149266944.000000,0.253775,0,1
123,80,52,74,51,36,39,20,
539.000000,160.000000,0.085279,543096704.000000,0.305804,0,1
209,116,216,63,97,122,26,21,
462.000000,298.000000,0.159252,24044340.000000,1.020655,0,1
59,69,59,58,63,56,47,44,
346.000000,281.000000,0.141436,23485602.000000,1.810726,0,1
38,39,39,32,33,34,26,25,
338.000000,280.000000,0.139255,18710408.000000,1.886610,0,1
42,42,40,36,37,36,31,28,
105.000000,169.000000,0.052351,268505184.000000,0.116841,0,1
20,30,49,28,62,92,42,67,
303.000000,274.000000,0.136306,55246320.000000,0.855455,0,1
28,35,33,49,50,52,52,39,
299.000000,273.000000,0.135586,32615084.000000,0.869124,0,1
25,27,27,40,38,37,43,44,
272.000000,269.000000,0.130417,19469486.000000,0.973227,0,1
30,33,35,42,46,45,53,49,
569.000000,265.000000,0.134545,30615540.000000,0.660086,0,1
64,50,64,39,53,62,53,58,
271.000000,161.000000,0.065520,603428544.000000,0.503699,0,1
165,105,240,86,171,196,48,22,
348.000000,169.000000,0.069175,19644826.000000,0.080743,0,1
23,27,53,26,171,233,121,252,
370.000000,240.000000,0.100652,40287304.000000,1.158350,0,1
72,72,66,63,55,53,51,49,
328.000000,235.000000,0.093855,5772117.500000,0.499313,0,1
61,63,62,59,53,50,49,49,
571.000000,54.000000,0.163903,39535184.000000,0.457262,0,1
116,139,152,175,193,212,241,255,
297.000000,232.000000,0.080116,7609200.000000,0.541614,0,1
75,79,69,74,67,58,61,62,
522.000000,229.000000,0.091225,328957152.000000,0.324360,0,1
64,84,89,82,98,116,113,137,
115.000000,173.000000,0.050947,444484928.000000,0.108959,0,1
84,65,148,40,105,161,52,47,
499.000000,226.000000,0.087585,133898536.000000,0.347886,0,1
27,29,38,41,46,57,55,59,
618.000000,225.000000,0.092858,1064069632.000000,0.493335,0,1
28,43,70,30,76,110,65,95,
108.000000,174.000000,0.048240,234155392.000000,0.106112,0,1
95,110,80,65,80,54,46,33,
579.000000,225.000000,0.089307,927053504.000000,0.404297,0,1
57,42,103,21,68,100,23,22,
485.000000,221.000000,0.082534,77652576.000000,0.356484,0,1
86,98,67,45,50,39,29,36,
296.000000,175.000000,0.067103,275784064.000000,0.431400,0,1
20,36,23,120,110,23,234,185,
474.000000,219.000000,0.079641,359644736.000000,0.378084,0,1
107,75,143,35,103,135,46,38,
506.000000,218.000000,0.087314,192147680.000000,0.278882,0,1
45,45,44,44,69,49,80,96,
406.000000,217.000000,0.076859,173927504.000000,0.687728,0,1
23,24,24,46,40,36,73,80,
316.000000,214.000000,0.071048,85581864.000000,0.413852,0,1
35,21,38,37,40,58,72,85,
525.000000,210.000000,0.086589,416379712.000000,0.300731,0,1
212,184,208,86,114,104,47,38,
238.000000,204.000000,0.064263,116957160.000000,0.223609,0,1
29,30,24,50,50,25,82,86,
587.000000,125.000000,0.089652,1034068992.000000,0.233686,0,1
90,165,62,213,118,37,140,55,
200.000000,203.000000,0.057933,131354360.000000,0.252913,0,1
27,27,31,28,60,50,49,38,
448.000000,177.000000,0.078893,190440800.000000,0.162739,0,1
27,58,38,153,136,42,197,197,
139.000000,178.000000,0.052904,193618048.000000,0.101615,0,1
171,125,150,60,93,62,37,30,
478.000000,201.000000,0.081056,423403136.000000,0.213289,0,1
113,59,140,38,91,151,47,55,
310.000000,201.000000,0.068388,83998592.000000,0.139550,0,1
133,164,132,80,82,74,29,24,
207.000000,197.000000,0.059951,116225560.000000,0.249457,0,1
108,126,137,59,71,78,25,21,
475.000000,194.000000,0.080996,309439712.000000,0.313061,0,1
202,135,199,46,103,202,41,41,
169.000000,180.000000,0.055445,158519280.000000,0.280465,0,1
24,30,45,40,57,52,106,131,
159.000000,193.000000,0.055363,387216864.000000,0.296362,0,1
90,58,117,57,95,144,119,74,
543.000000,180.000000,0.084887,793804032.000000,0.312836,0,1
24,26,98,27,111,224,94,190,
439.000000,192.000000,0.077839,494333472.000000,0.462282,0,1
38,39,110,36,93,172,72,119,
80.000000,192.000000,0.054781,371444480.000000,0.137649,0,1
77,45,78,25,52,82,26,30,
441.000000,190.000000,0.078765,364703360.000000,0.157917,0,1
38,33,84,38,96,160,110,172,
166.000000,190.000000,0.055369,269517760.000000,0.285938,0,1
24,56,30,107,77,23,118,56,
402.000000,181.000000,0.074460,219612928.000000,0.641539,0,1
178,130,163,33,109,105,31,34,
90.000000,190.000000,0.052092,226761792.000000,0.125501,0,1
38,62,27,59,34,21,43,39,
258.000000,141.000000,0.068243,192499968.000000,0.102844,0,1
71,44,145,40,131,213,131,236,
137.000000,148.000000,0.053325,314904352.000000,0.101623,0,1
160,203,92,174,95,52,92,28,
111.000000,183.000000,0.052225,188064416.000000,0.114847,0,1
137,103,128,47,69,88,35,33,
339.000000,184.000000,0.073799,68826448.000000,0.111218,0,1
30,48,63,89,126,146,146,176,
422.000000,186.000000,0.074623,35109080.000000,0.126674,0,1
80,68,58,127,132,60,193,168,
83.000000,146.000000,0.048576,329154432.000000,0.117215,0,1
32,74,30,142,102,50,177,174,
121.000000,146.000000,0.051115,434993760.000000,0.105210,0,1
33,99,41,172,105,28,164,104,
