# timestamp
1608635179339919104

# fx, fy, cx, cy, width, height, npoints
501.482239,501.475647,421.795532,167.661758,800,400,462

# camToWorld: translation vector, rotation quaternion
-31.867455,68.002391,3.828541,-0.045542,0.723586,-0.686662,0.053330

# Exposure time (ms)
20.499365

# Point Cloud Data : 
# u,v,idepth_scaled,idepth_hessian,maxRelBaseline,numGoodRes,status 
# color information 
738.000000,30.000000,0.259784,394183.781250,2.023803,0,1
16,18,18,21,21,22,24,25,
106.000000,66.000000,0.242561,18300982.000000,2.452516,0,1
142,146,140,152,146,143,153,152,
751.000000,85.000000,0.210761,41476864.000000,1.856534,0,1
91,89,93,82,86,88,77,76,
584.000000,146.000000,0.054227,2349340416.000000,0.370958,0,1
242,255,148,242,194,109,199,97,
472.000000,152.000000,0.020082,883852352.000000,0.066962,0,1
140,250,110,255,111,73,162,180,
136.000000,26.000000,0.242183,1244961.250000,1.773194,0,1
27,30,30,36,36,34,42,41,
732.000000,30.000000,0.224701,805990.500000,1.828924,0,1
17,17,18,19,20,21,22,24,
668.000000,32.000000,0.217990,225138.515625,1.432616,0,1
12,13,13,14,15,15,16,17,
684.000000,32.000000,0.219048,341037.781250,1.613776,0,1
14,15,15,17,17,17,18,19,
588.000000,36.000000,0.136996,91333.476562,0.312091,0,1
10,11,12,12,13,13,13,14,
728.000000,60.000000,0.219476,1665318.500000,1.804577,0,1
39,39,40,39,41,42,41,43,
64.000000,80.000000,0.197969,23059096.000000,5.598572,0,1
119,109,119,79,88,99,87,105,
72.000000,81.000000,0.196800,10484096.000000,0.697279,0,1
128,125,131,134,133,135,142,143,
62.000000,82.000000,0.200282,202598256.000000,1.946401,0,1
79,76,87,79,91,105,95,110,
743.000000,92.000000,0.218150,13808191.000000,0.714595,0,1
85,78,82,54,56,57,29,18,
63.000000,95.000000,0.203131,45235972.000000,5.615124,0,1
119,111,115,88,89,93,67,72,
72.000000,95.000000,0.196801,32341708.000000,0.693116,0,1
147,144,142,122,136,135,108,123,
72.000000,96.000000,0.196027,47262116.000000,0.690298,0,1
144,130,140,98,119,131,118,126,
62.000000,98.000000,0.200824,203324016.000000,5.620173,0,1
67,71,72,85,85,89,96,101,
64.000000,98.000000,0.199454,253184528.000000,5.561717,0,1
66,72,75,85,89,96,98,103,
772.000000,172.000000,0.066279,5248785408.000000,1.032770,0,1
240,203,255,123,224,253,95,143,
52.000000,236.000000,0.092285,4961025.000000,1.919925,0,1
32,40,40,34,34,34,28,26,
748.000000,264.000000,0.138500,1501502.000000,1.443677,0,1
13,12,13,10,14,15,10,10,
599.000000,268.000000,0.137370,10334274.000000,0.324186,0,1
71,66,75,76,70,89,72,72,
140.000000,154.000000,0.030628,357189792.000000,0.637966,0,1
34,46,32,63,58,38,72,71,
599.000000,135.000000,0.060352,240221968.000000,0.290303,0,1
255,255,255,255,232,228,199,131,
126.000000,42.000000,0.186249,5442639.000000,1.594967,0,1
55,54,52,51,49,47,45,40,
320.000000,44.000000,0.198330,286720.125000,0.725987,0,1
8,9,8,10,9,9,11,12,
210.000000,48.000000,0.193178,1201101.125000,2.893741,0,1
13,14,13,17,16,15,19,21,
284.000000,48.000000,0.225127,1945356.125000,1.143362,0,1
13,13,14,14,14,15,15,15,
141.000000,55.000000,0.199434,17381450.000000,1.547933,0,1
45,51,50,59,59,58,68,77,
182.000000,58.000000,0.217658,3474662.500000,1.803098,0,1
39,43,40,48,45,43,50,51,
126.000000,66.000000,0.205783,38022544.000000,1.647902,0,1
136,137,140,142,144,149,148,153,
128.000000,66.000000,0.207062,23511648.000000,1.637988,0,1
141,140,149,144,149,157,153,159,
147.000000,66.000000,0.194261,43827452.000000,1.055901,0,1
110,121,107,141,123,111,147,148,
142.000000,72.000000,0.184875,20312334.000000,0.944565,0,1
177,183,169,184,183,178,189,195,
155.000000,77.000000,0.189339,20934908.000000,0.902934,0,1
164,176,165,202,185,167,194,190,
160.000000,80.000000,0.184618,49272504.000000,0.961844,0,1
158,170,160,181,171,162,184,182,
174.000000,99.000000,0.174699,7514243.000000,3.186979,0,1
138,139,131,132,126,119,119,115,
192.000000,105.000000,0.196785,50478040.000000,2.973101,0,1
110,116,104,81,76,71,36,27,
481.000000,139.000000,0.023606,77011296.000000,0.045141,0,1
115,218,117,255,193,169,254,255,
143.000000,143.000000,0.037608,6176777728.000000,0.740777,0,1
41,42,52,39,116,149,65,118,
144.000000,143.000000,0.037654,4300216832.000000,0.738929,0,1
42,47,56,57,144,151,180,172,
143.000000,145.000000,0.037979,1669173632.000000,0.482704,0,1
116,65,244,29,118,192,27,24,
210.000000,154.000000,0.021821,535206080.000000,0.131690,0,1
250,255,208,254,211,87,120,84,
486.000000,160.000000,0.023204,105046344.000000,0.048843,0,1
239,172,218,109,176,249,108,134,
456.000000,161.000000,0.020377,118398096.000000,0.052275,0,1
251,141,207,116,161,234,109,114,
698.000000,173.000000,0.054225,115628992.000000,0.181271,0,1
32,36,41,68,96,100,182,202,
704.000000,173.000000,0.055020,133279704.000000,0.187684,0,1
41,72,110,128,156,155,222,254,
743.000000,177.000000,0.059933,587215808.000000,0.231232,0,1
242,241,171,177,171,101,169,118,
713.000000,183.000000,0.058533,206634000.000000,0.842688,0,1
248,240,217,103,114,116,83,49,
87.000000,234.000000,0.094416,3479498.500000,1.737106,0,1
24,23,23,26,25,26,30,34,
584.000000,240.000000,0.118390,17636254.000000,0.914657,0,1
85,85,81,81,77,71,76,77,
591.000000,250.000000,0.113205,7477482.000000,0.253709,0,1
70,83,75,86,85,72,86,75,
584.000000,260.000000,0.151046,5178404.500000,1.079123,0,1
75,67,75,63,69,76,67,72,
380.000000,266.000000,0.082317,854080.312500,0.793636,0,1
33,33,30,32,31,27,30,27,
608.000000,273.000000,0.100718,9777456.000000,1.034492,0,1
54,58,53,62,55,48,58,55,
599.000000,290.000000,0.162432,4658524.000000,1.213223,0,1
67,62,61,50,59,52,51,47,
144.000000,55.000000,0.199886,12567277.000000,1.096885,0,1
45,51,50,58,58,56,66,74,
166.000000,62.000000,0.232728,42156500.000000,3.656846,0,1
64,69,66,73,71,68,77,80,
137.000000,64.000000,0.205625,19695120.000000,1.084524,0,1
131,141,139,151,151,150,158,166,
45.000000,188.000000,0.038735,23428582.000000,0.411824,0,1
46,49,49,64,66,69,111,124,
693.000000,94.000000,0.219436,3225277.000000,1.058052,0,1
39,34,33,23,22,23,17,16,
264.000000,163.000000,0.021435,540714624.000000,0.095963,0,1
251,255,179,120,152,115,49,56,
583.000000,147.000000,0.054614,670131008.000000,0.243647,0,1
255,242,194,202,199,115,144,78,
171.000000,78.000000,0.184535,47650180.000000,3.335130,0,1
105,113,105,125,114,107,126,124,
443.000000,78.000000,0.204391,3327022.000000,0.753665,0,1
15,13,20,15,17,21,20,22,
208.000000,84.000000,0.180976,9765613.000000,2.734327,0,1
54,56,54,59,56,54,59,61,
171.000000,86.000000,0.179037,35357300.000000,1.690766,0,1
138,147,139,157,150,139,155,152,
554.000000,94.000000,0.216474,8549088.000000,1.734710,0,1
15,15,16,18,18,19,26,28,
572.000000,94.000000,0.190258,5253900.500000,1.481629,0,1
16,17,17,22,23,23,27,26,
500.000000,95.000000,0.203015,6435072.500000,0.972823,0,1
16,16,16,18,18,18,24,30,
510.000000,95.000000,0.207285,3287315.750000,1.115252,0,1
15,15,15,18,19,19,25,27,
516.000000,95.000000,0.209802,4691196.500000,1.206817,0,1
15,15,15,19,19,19,25,26,
520.000000,95.000000,0.211161,5579663.000000,1.266419,0,1
15,15,15,19,20,19,26,25,
534.000000,95.000000,0.198729,769944.312500,0.715068,0,1
15,16,17,21,22,22,26,25,
542.000000,95.000000,0.201705,1689476.625000,0.803994,0,1
15,17,17,23,24,24,28,26,
549.000000,95.000000,0.202359,2643146.250000,1.442648,0,1
15,17,18,25,26,26,27,26,
672.000000,100.000000,0.104927,435734848.000000,0.917151,0,1
87,89,70,107,65,45,49,40,
665.000000,102.000000,0.105991,143131456.000000,0.384624,0,1
254,252,206,212,152,87,74,72,
226.000000,104.000000,0.200764,94123808.000000,2.463072,0,1
53,58,57,48,47,45,32,25,
243.000000,104.000000,0.201956,79334576.000000,2.224432,0,1
41,44,44,37,34,34,24,22,
200.000000,105.000000,0.198110,150699648.000000,2.849208,0,1
99,93,86,64,57,52,29,25,
208.000000,105.000000,0.198425,109849144.000000,2.727465,0,1
83,72,69,47,43,43,28,25,
216.000000,105.000000,0.198885,64927584.000000,2.606964,0,1
66,58,54,39,38,37,27,25,
666.000000,106.000000,0.096422,663694528.000000,0.796179,0,1
63,84,53,79,63,47,69,51,
615.000000,107.000000,0.092610,1847275264.000000,0.802024,0,1
33,36,49,37,33,107,38,38,
269.000000,110.000000,0.096734,74279168.000000,0.547097,0,1
91,86,102,45,65,86,22,20,
288.000000,114.000000,0.085337,38538496.000000,0.407458,0,1
103,119,109,22,32,64,19,19,
681.000000,116.000000,0.102278,1450656896.000000,1.068335,0,1
43,76,68,108,91,74,104,91,
655.000000,118.000000,0.089149,825618624.000000,0.911871,0,1
46,47,54,69,95,129,135,179,
656.000000,120.000000,0.089002,1782506752.000000,0.879205,0,1
112,157,194,161,194,216,176,183,
677.000000,120.000000,0.100617,2722699520.000000,1.045747,0,1
136,147,118,154,128,103,136,118,
688.000000,120.000000,0.104254,302413248.000000,1.099641,0,1
47,47,37,43,34,28,33,36,
496.000000,122.000000,0.069894,5685266.500000,0.263687,0,1
29,29,30,29,29,30,39,54,
491.000000,123.000000,0.074937,13672050.000000,0.258154,0,1
29,29,29,42,44,40,69,64,
624.000000,123.000000,0.096068,546074944.000000,0.280508,0,1
249,253,173,254,159,96,196,62,
647.000000,123.000000,0.086614,1134307840.000000,0.868461,0,1
71,66,80,59,68,87,61,62,
464.000000,124.000000,0.073722,7409461.500000,0.166424,0,1
25,33,32,48,49,46,62,51,
368.000000,125.000000,0.078764,14847205.000000,0.488837,0,1
36,37,37,45,45,44,79,72,
446.000000,125.000000,0.081072,30171804.000000,0.122209,0,1
40,38,83,49,60,105,46,41,
451.000000,125.000000,0.077240,47371424.000000,0.127447,0,1
54,91,45,98,83,51,68,43,
680.000000,125.000000,0.101142,655436672.000000,1.055437,0,1
62,62,57,70,65,67,81,79,
333.000000,126.000000,0.077808,26058094.000000,0.737195,0,1
25,27,31,43,49,57,70,57,
376.000000,127.000000,0.079342,8436221.000000,0.436672,0,1
44,61,59,56,53,50,32,29,
352.000000,128.000000,0.077407,20200304.000000,0.601759,0,1
79,85,81,50,48,46,27,26,
361.000000,128.000000,0.077421,18938004.000000,0.538448,0,1
72,71,69,48,44,42,32,28,
369.000000,128.000000,0.078983,14647472.000000,0.488228,0,1
69,72,66,36,34,33,26,27,
655.000000,128.000000,0.089263,1421106944.000000,0.907349,0,1
143,124,144,111,129,144,116,115,
657.000000,128.000000,0.089893,867762240.000000,0.917360,0,1
165,144,160,129,144,154,127,130,
666.000000,128.000000,0.095800,2467508480.000000,0.826378,0,1
117,164,91,169,141,107,149,124,
675.000000,128.000000,0.099455,522870528.000000,1.029701,0,1
88,81,81,86,94,92,103,100,
624.000000,133.000000,0.080437,771139264.000000,0.758135,0,1
104,116,95,121,100,82,106,90,
473.000000,135.000000,0.034622,14973536.000000,0.107348,0,1
59,70,58,70,86,73,93,150,
480.000000,135.000000,0.026346,32481760.000000,0.103405,0,1
59,59,59,84,80,73,120,162,
688.000000,136.000000,0.104617,309610240.000000,1.099059,0,1
38,39,32,38,28,20,22,17,
60.000000,137.000000,0.044278,20382856.000000,0.762419,0,1
43,44,44,59,58,51,68,65,
102.000000,139.000000,0.046393,105700704.000000,1.047836,0,1
38,41,44,42,46,53,51,58,
386.000000,139.000000,0.023355,105162104.000000,0.160389,0,1
42,57,59,90,143,91,210,196,
436.000000,139.000000,0.012214,4788755.000000,0.003380,0,1
78,117,79,214,174,81,244,170,
446.000000,139.000000,0.025392,11949836.000000,0.014137,0,1
85,131,87,219,162,109,199,106,
556.000000,139.000000,0.022901,388703648.000000,0.060296,0,1
106,109,169,91,188,254,131,136,
680.000000,139.000000,0.101238,699172864.000000,1.054860,0,1
59,61,50,57,40,25,29,17,
495.000000,142.000000,0.022609,112057328.000000,0.086653,0,1
155,130,244,156,183,255,209,222,
672.000000,142.000000,0.097775,1005506048.000000,1.010451,0,1
87,87,71,80,55,29,33,17,
248.000000,143.000000,0.022032,994531776.000000,0.283659,0,1
41,50,47,75,90,91,209,231,
358.000000,143.000000,0.023802,244577824.000000,0.045354,0,1
38,46,40,67,74,79,98,220,
669.000000,143.000000,0.096644,814955456.000000,0.994543,0,1
94,93,80,84,66,33,32,17,
474.000000,144.000000,0.020990,99961656.000000,0.036089,0,1
118,123,150,167,205,224,171,253,
592.000000,144.000000,0.057626,1592087296.000000,0.528665,0,1
152,139,88,112,79,58,69,53,
624.000000,144.000000,0.078540,137510512.000000,0.744829,0,1
59,60,52,63,54,48,57,53,
667.000000,144.000000,0.095381,751464512.000000,0.980836,0,1
93,88,78,79,50,24,26,17,
672.000000,144.000000,0.096849,546489600.000000,1.003121,0,1
55,33,19,20,17,16,17,16,
77.000000,145.000000,0.034455,31243522.000000,0.889088,0,1
55,49,44,49,41,36,35,31,
301.000000,145.000000,0.021626,534435552.000000,0.434582,0,1
34,35,29,43,82,31,161,151,
662.000000,146.000000,0.092818,485517024.000000,0.950187,0,1
90,81,71,69,37,20,22,16,
189.000000,147.000000,0.022274,6005389312.000000,0.396315,0,1
38,114,56,214,140,51,252,246,
501.000000,147.000000,0.022377,191996480.000000,0.046064,0,1
205,133,196,111,163,249,124,153,
512.000000,147.000000,0.021274,243325216.000000,0.037175,0,1
150,102,255,107,213,242,130,175,
655.000000,147.000000,0.090058,136090928.000000,0.912443,0,1
69,65,71,61,64,66,55,24,
62.000000,148.000000,0.038277,2012979968.000000,1.009209,0,1
48,66,50,85,75,44,94,81,
132.000000,148.000000,0.032974,100411896.000000,0.697657,0,1
25,36,25,48,34,33,52,49,
433.000000,148.000000,0.022567,10490149.000000,0.012149,0,1
185,103,255,83,184,255,89,91,
505.000000,148.000000,0.023687,88267160.000000,0.038203,0,1
255,248,200,197,176,129,115,104,
407.000000,150.000000,0.020979,41995152.000000,0.031616,0,1
255,248,227,154,194,113,96,85,
64.000000,151.000000,0.038309,4680859136.000000,1.003522,0,1
46,66,40,79,47,36,66,46,
647.000000,151.000000,0.085258,81024568.000000,0.858757,0,1
42,39,41,35,31,23,22,13,
438.000000,152.000000,0.021497,52785884.000000,0.025404,0,1
97,95,216,79,224,255,186,242,
645.000000,152.000000,0.083658,61201040.000000,0.843038,0,1
37,35,34,29,25,19,18,12,
408.000000,153.000000,0.023443,81237768.000000,0.035398,0,1
100,85,190,78,183,255,115,179,
311.000000,154.000000,0.021313,1549022080.000000,0.387311,0,1
41,48,58,49,120,133,146,255,
321.000000,154.000000,0.021622,1547670784.000000,0.353676,0,1
50,55,77,57,188,205,178,214,
348.000000,154.000000,0.022230,537143552.000000,0.260665,0,1
72,68,152,53,184,255,87,113,
510.000000,154.000000,0.021625,33713896.000000,0.024599,0,1
254,160,255,115,210,196,106,114,
541.000000,154.000000,0.023489,777163648.000000,0.074528,0,1
252,215,185,118,108,242,117,112,
314.000000,155.000000,0.022906,2522519552.000000,0.396810,0,1
50,133,77,255,158,48,224,114,
54.000000,156.000000,0.038644,307589504.000000,0.659401,0,1
84,88,97,93,104,112,101,114,
250.000000,156.000000,0.021407,2876312832.000000,0.277017,0,1
58,85,54,235,147,58,254,209,
56.000000,157.000000,0.038276,635035904.000000,0.649068,0,1
103,121,99,106,98,82,106,98,
419.000000,157.000000,0.018299,82276120.000000,0.027915,0,1
103,219,84,251,154,84,243,182,
482.000000,157.000000,0.022560,188040800.000000,0.073121,0,1
187,116,241,125,221,252,170,250,
224.000000,158.000000,0.021676,3667131904.000000,0.123193,0,1
84,185,69,255,146,102,239,241,
395.000000,158.000000,0.021850,27611904.000000,0.015914,0,1
170,152,255,78,180,255,114,193,
64.000000,159.000000,0.038326,3898550528.000000,1.004264,0,1
53,74,44,85,55,38,71,56,
118.000000,159.000000,0.032747,362787840.000000,0.733790,0,1
31,36,22,37,32,20,36,32,
366.000000,159.000000,0.023959,805270464.000000,0.095663,0,1
133,99,251,55,214,254,89,98,
64.000000,160.000000,0.038320,3649744896.000000,1.004256,0,1
55,75,45,82,56,38,67,53,
255.000000,160.000000,0.021601,2015543808.000000,0.176542,0,1
196,95,155,206,170,77,254,217,
315.000000,160.000000,0.021849,1351016448.000000,0.370366,0,1
152,75,232,51,141,255,68,120,
412.000000,160.000000,0.019354,14495260.000000,0.009831,0,1
86,106,95,219,150,111,255,247,
435.000000,160.000000,0.023136,13230783.000000,0.017189,0,1
255,180,253,169,186,188,106,95,
618.000000,160.000000,0.081961,118101624.000000,0.751614,0,1
31,30,39,29,31,45,30,31,
288.000000,161.000000,0.022003,1683463168.000000,0.085694,0,1
226,106,250,48,205,246,71,63,
310.000000,161.000000,0.021831,806442816.000000,0.068754,0,1
162,254,133,247,186,64,220,141,
342.000000,162.000000,0.021275,239942624.000000,0.047096,0,1
68,91,119,212,177,127,250,179,
391.000000,162.000000,0.021679,189398672.000000,0.032672,0,1
149,94,239,65,175,255,88,76,
423.000000,162.000000,0.021998,40833032.000000,0.019589,0,1
152,254,149,239,182,98,134,102,
424.000000,162.000000,0.021983,35455104.000000,0.032001,0,1
144,223,129,230,120,105,107,106,
344.000000,163.000000,0.021367,373743712.000000,0.080160,0,1
176,183,77,250,134,53,140,64,
495.000000,163.000000,0.019698,64438576.000000,0.038609,0,1
100,121,116,153,159,99,251,241,
513.000000,163.000000,0.022728,1097957888.000000,0.135099,0,1
141,148,169,109,211,249,218,250,
523.000000,163.000000,0.022857,700169536.000000,0.160274,0,1
122,114,166,139,239,191,233,247,
231.000000,164.000000,0.021757,264963136.000000,0.199020,0,1
81,96,101,182,198,138,254,255,
465.000000,164.000000,0.021409,38677956.000000,0.054060,0,1
120,126,112,172,201,158,246,244,
550.000000,165.000000,0.038783,838639488.000000,0.140111,0,1
218,254,186,249,171,134,206,120,
103.000000,166.000000,0.037731,228353840.000000,0.884420,0,1
34,35,51,33,45,51,35,31,
242.000000,166.000000,0.021381,1897267328.000000,0.292202,0,1
201,253,165,210,160,91,99,71,
286.000000,166.000000,0.021146,259440032.000000,0.490121,0,1
175,179,110,79,83,56,51,94,
104.000000,167.000000,0.036141,276027264.000000,0.868371,0,1
51,45,51,35,48,40,31,31,
118.000000,167.000000,0.033060,832605824.000000,0.740448,0,1
37,45,27,49,40,21,46,41,
223.000000,167.000000,0.021740,291376832.000000,0.124587,0,1
253,255,238,179,177,106,109,96,
103.000000,168.000000,0.036796,352422208.000000,0.862382,0,1
45,35,48,29,31,34,28,26,
135.000000,168.000000,0.031942,129281256.000000,0.675314,0,1
40,33,42,28,34,38,28,27,
136.000000,168.000000,0.032198,130442504.000000,0.676038,0,1
44,38,41,31,39,38,28,28,
288.000000,168.000000,0.021373,167365280.000000,0.083768,0,1
56,57,73,94,150,109,144,123,
298.000000,168.000000,0.023934,50504988.000000,0.087817,0,1
60,68,106,115,148,175,152,138,
305.000000,168.000000,0.021680,75101152.000000,0.124059,0,1
63,79,87,133,144,158,144,122,
351.000000,168.000000,0.024695,45702256.000000,0.078784,0,1
151,199,192,159,168,146,135,125,
370.000000,168.000000,0.023973,48636380.000000,0.093995,0,1
159,140,138,101,106,106,113,105,
519.000000,168.000000,0.024418,78781216.000000,0.075067,0,1
223,233,203,248,251,217,255,255,
570.000000,168.000000,0.049799,70831640.000000,0.428732,0,1
72,78,78,57,57,59,48,44,
226.000000,169.000000,0.021497,1400103168.000000,0.210432,0,1
89,102,92,123,220,115,233,219,
235.000000,169.000000,0.021569,703218304.000000,0.197959,0,1
66,86,63,149,163,74,227,171,
256.000000,169.000000,0.021699,517461856.000000,0.173796,0,1
66,61,52,233,108,127,164,133,
530.000000,169.000000,0.022794,134842432.000000,0.178517,0,1
204,234,214,255,235,229,255,251,
206.000000,170.000000,0.021130,781047936.000000,0.131427,0,1
108,103,151,123,173,211,189,200,
396.000000,170.000000,0.028954,82450096.000000,0.172310,0,1
186,169,217,152,184,203,138,133,
431.000000,170.000000,0.026681,99267888.000000,0.080606,0,1
217,216,193,181,184,161,155,131,
441.000000,170.000000,0.027992,100576640.000000,0.070570,0,1
209,224,196,192,183,189,151,130,
624.000000,170.000000,0.078106,19818896.000000,0.749546,0,1
42,40,40,38,36,35,32,22,
389.000000,171.000000,0.026993,58061336.000000,0.183735,0,1
155,143,141,119,122,119,107,104,
414.000000,171.000000,0.026523,42624908.000000,0.118284,0,1
168,149,179,143,148,157,125,121,
436.000000,171.000000,0.028864,84254520.000000,0.079507,0,1
255,214,217,153,195,153,151,145,
466.000000,171.000000,0.027934,120420424.000000,0.070863,0,1
244,254,218,202,199,189,181,165,
475.000000,171.000000,0.022614,28363478.000000,0.034080,0,1
249,224,254,194,217,219,175,171,
483.000000,172.000000,0.023166,8636570.000000,0.035450,0,1
254,227,255,215,216,242,173,165,
492.000000,172.000000,0.021748,56541792.000000,0.033734,0,1
232,213,255,200,221,243,170,173,
502.000000,172.000000,0.024210,40591500.000000,0.064086,0,1
251,224,255,215,228,246,186,194,
104.000000,173.000000,0.029857,39873904.000000,0.721047,0,1
29,26,32,28,37,41,31,36,
694.000000,174.000000,0.051897,290026432.000000,0.191996,0,1
34,38,49,61,99,145,127,155,
336.000000,175.000000,0.031484,58148728.000000,0.447788,0,1
125,127,132,82,91,91,59,59,
560.000000,175.000000,0.048259,1574758016.000000,0.396605,0,1
84,107,68,132,85,68,109,87,
685.000000,175.000000,0.052869,349402304.000000,0.728980,0,1
27,29,31,38,47,51,99,150,
713.000000,175.000000,0.054800,803077440.000000,0.339293,0,1
142,163,129,211,172,119,236,247,
218.000000,176.000000,0.023920,160815120.000000,0.103583,0,1
177,177,205,163,185,180,159,153,
310.000000,176.000000,0.032637,57414844.000000,0.554218,0,1
91,94,85,77,69,67,49,37,
313.000000,176.000000,0.032587,77815176.000000,0.523788,0,1
91,87,84,66,66,58,45,36,
380.000000,176.000000,0.028919,44746032.000000,0.227188,0,1
93,88,98,78,82,90,72,66,
506.000000,176.000000,0.033037,106384296.000000,0.190159,0,1
196,217,223,236,240,250,251,255,
683.000000,176.000000,0.051298,836616512.000000,0.392185,0,1
29,34,42,61,89,98,147,168,
103.000000,177.000000,0.036297,396526304.000000,0.851985,0,1
30,25,35,22,30,38,25,29,
289.000000,177.000000,0.031289,14781278.000000,0.607623,0,1
77,71,81,67,70,71,56,47,
300.000000,177.000000,0.033982,53207040.000000,0.637666,0,1
93,89,84,70,71,61,50,43,
497.000000,177.000000,0.036962,112627056.000000,0.177282,0,1
188,197,207,212,225,239,234,249,
285.000000,178.000000,0.029857,16133592.000000,0.680925,0,1
73,62,71,48,59,59,48,46,
434.000000,178.000000,0.034898,17709308.000000,0.110846,0,1
126,102,116,91,99,114,87,97,
735.000000,180.000000,0.057242,3009081088.000000,0.739546,0,1
169,172,190,183,214,253,199,240,
210.000000,181.000000,0.022406,282247744.000000,0.385720,0,1
165,150,171,125,135,130,106,98,
125.000000,182.000000,0.033718,175196240.000000,0.739715,0,1
22,22,32,22,33,40,25,24,
201.000000,182.000000,0.022030,642072448.000000,0.141641,0,1
186,163,153,122,148,117,104,106,
407.000000,182.000000,0.039355,21175288.000000,0.195580,0,1
111,111,102,107,99,88,91,79,
753.000000,182.000000,0.062439,1468849024.000000,0.446873,0,1
114,146,103,234,184,108,250,254,
325.000000,183.000000,0.035906,99866768.000000,0.514571,0,1
41,52,34,68,50,32,59,54,
337.000000,183.000000,0.033718,16480260.000000,0.472518,0,1
72,92,82,79,81,71,73,64,
484.000000,183.000000,0.045164,43849480.000000,0.182200,0,1
181,169,177,188,190,194,206,205,
219.000000,184.000000,0.035511,81746896.000000,0.218993,0,1
115,109,112,94,108,99,91,100,
226.000000,184.000000,0.026295,49148144.000000,0.163655,0,1
119,114,123,100,96,91,87,90,
741.000000,184.000000,0.059590,1645560320.000000,0.763136,0,1
212,236,150,250,188,119,239,246,
478.000000,185.000000,0.045460,63658300.000000,0.179383,0,1
155,148,169,161,174,188,181,188,
399.000000,187.000000,0.045223,67341784.000000,0.260892,0,1
112,106,98,88,75,78,63,57,
400.000000,187.000000,0.044924,62193344.000000,0.255573,0,1
121,103,87,82,76,76,62,58,
82.000000,188.000000,0.037604,518487328.000000,0.937687,0,1
31,36,34,44,37,27,35,33,
121.000000,188.000000,0.033004,35077640.000000,0.736498,0,1
21,24,22,31,29,29,34,36,
207.000000,188.000000,0.036886,25499262.000000,0.219931,0,1
103,105,93,90,88,78,81,77,
240.000000,190.000000,0.040917,15474695.000000,0.232806,0,1
76,78,78,74,67,68,56,51,
95.000000,191.000000,0.036676,38340620.000000,0.880233,0,1
26,28,25,32,31,31,40,43,
610.000000,191.000000,0.030788,250663072.000000,0.380682,0,1
38,49,51,54,75,50,98,174,
703.000000,191.000000,0.050880,3386801152.000000,0.421224,0,1
42,43,49,40,77,94,80,153,
95.000000,192.000000,0.037051,24521670.000000,0.887474,0,1
27,32,30,40,39,39,43,41,
185.000000,192.000000,0.049951,391929920.000000,0.777801,0,1
69,67,72,61,65,61,46,48,
256.000000,192.000000,0.022212,11160392.000000,0.300010,0,1
44,39,34,37,36,31,37,38,
690.000000,192.000000,0.049343,249991744.000000,0.281054,0,1
56,64,110,44,72,102,30,23,
733.000000,193.000000,0.059082,1798019968.000000,0.397086,0,1
71,136,67,175,115,54,91,59,
293.000000,194.000000,0.056225,2834683.000000,0.347025,0,1
29,29,29,31,31,33,41,38,
491.000000,194.000000,0.043936,5417999.500000,0.255009,0,1
200,188,199,182,187,198,178,173,
502.000000,195.000000,0.045805,12084124.000000,0.293876,0,1
236,228,232,214,222,228,207,205,
705.000000,195.000000,0.053233,2043560832.000000,0.448055,0,1
184,165,119,84,118,93,44,34,
74.000000,197.000000,0.040859,15400315.000000,1.029028,0,1
43,44,42,49,49,49,53,49,
484.000000,197.000000,0.055160,21719368.000000,0.260545,0,1
169,162,163,153,157,160,150,142,
208.000000,198.000000,0.035386,14598008.000000,0.427929,0,1
69,78,67,61,59,55,59,55,
717.000000,198.000000,0.059024,126786752.000000,0.482560,0,1
61,63,61,45,61,75,35,33,
511.000000,199.000000,0.063820,58990016.000000,0.363160,0,1
237,222,230,208,213,218,199,187,
515.000000,199.000000,0.060778,44386064.000000,0.365663,0,1
248,235,239,218,225,229,207,194,
523.000000,199.000000,0.060790,41066368.000000,0.390634,0,1
255,247,252,232,237,245,220,209,
530.000000,199.000000,0.062703,61580744.000000,0.410543,0,1
255,252,253,243,243,246,230,218,
541.000000,199.000000,0.063242,93324040.000000,0.442533,0,1
255,252,254,243,245,251,236,222,
547.000000,199.000000,0.063497,178674928.000000,0.464537,0,1
255,253,252,247,245,242,231,219,
684.000000,199.000000,0.050120,142508272.000000,0.714375,0,1
22,29,28,37,42,37,48,56,
420.000000,200.000000,0.054304,6886909.500000,0.268074,0,1
73,72,73,67,70,72,59,60,
580.000000,200.000000,0.060623,115204272.000000,0.550012,0,1
37,52,38,75,57,41,76,79,
729.000000,200.000000,0.058965,561423488.000000,0.886257,0,1
84,79,102,74,91,90,49,37,
377.000000,201.000000,0.050590,19788174.000000,0.392850,0,1
57,57,55,54,46,45,41,43,
407.000000,201.000000,0.056147,9769977.000000,0.308394,0,1
66,62,64,52,53,53,50,51,
479.000000,201.000000,0.058061,28729216.000000,0.269768,0,1
139,131,134,122,122,119,116,113,
481.000000,201.000000,0.057386,38986680.000000,0.270020,0,1
140,134,134,122,119,121,114,108,
494.000000,201.000000,0.059819,29339702.000000,0.308937,0,1
166,157,162,145,150,153,135,133,
533.000000,201.000000,0.064589,166639792.000000,0.432356,0,1
248,233,241,217,222,228,195,180,
155.000000,202.000000,0.076442,413374528.000000,1.174810,0,1
30,35,26,39,31,23,37,32,
177.000000,202.000000,0.072303,404980128.000000,1.032707,0,1
57,47,60,37,54,55,42,48,
374.000000,202.000000,0.061280,6066654.000000,0.497155,0,1
53,54,54,54,50,41,49,47,
462.000000,202.000000,0.055603,6146379.000000,0.252120,0,1
107,104,105,98,98,103,94,91,
503.000000,202.000000,0.062003,133072744.000000,0.338661,0,1
184,166,170,147,149,144,135,130,
510.000000,202.000000,0.063469,195441488.000000,0.363268,0,1
199,183,187,144,153,163,119,124,
519.000000,202.000000,0.063328,158596112.000000,0.390473,0,1
220,203,209,174,184,190,150,146,
526.000000,202.000000,0.064260,217553712.000000,0.413260,0,1
234,216,218,191,194,196,159,152,
536.000000,202.000000,0.064742,170849200.000000,0.445486,0,1
238,228,224,199,205,208,188,181,
556.000000,202.000000,0.066438,223672032.000000,0.513113,0,1
221,217,213,209,201,204,200,188,
584.000000,202.000000,0.062398,99263144.000000,0.574001,0,1
33,45,31,65,48,34,69,71,
290.000000,203.000000,0.040778,2418088.500000,0.818403,0,1
30,31,31,33,35,35,43,39,
560.000000,203.000000,0.066786,237687216.000000,0.528889,0,1
201,200,190,191,184,184,180,172,
343.000000,205.000000,0.061410,12437494.000000,0.644718,0,1
46,49,48,42,40,40,37,36,
350.000000,205.000000,0.062197,16054576.000000,0.628137,0,1
48,48,52,40,41,42,35,35,
367.000000,206.000000,0.061855,8276631.500000,0.501328,0,1
50,50,50,48,48,38,43,40,
711.000000,207.000000,0.052719,611734592.000000,0.794891,0,1
54,67,93,40,84,89,42,55,
206.000000,208.000000,0.052025,7833487.500000,0.763987,0,1
54,41,40,36,39,37,33,35,
591.000000,208.000000,0.068229,72295400.000000,0.637294,0,1
45,60,49,70,62,51,69,69,
472.000000,210.000000,0.065260,12889505.000000,0.316113,0,1
101,96,96,89,91,92,86,84,
543.000000,210.000000,0.075993,66508956.000000,0.525565,0,1
163,156,158,149,150,154,140,134,
576.000000,210.000000,0.072839,122493896.000000,0.623912,0,1
124,126,116,133,121,116,130,123,
518.000000,211.000000,0.073537,19339090.000000,0.449616,0,1
145,135,140,126,130,134,122,123,
532.000000,211.000000,0.074659,41341096.000000,0.493574,0,1
154,144,146,138,137,142,129,126,
547.000000,211.000000,0.077633,40685124.000000,0.548006,0,1
163,155,158,146,147,148,139,135,
559.000000,213.000000,0.082344,127155488.000000,0.609257,0,1
154,152,155,144,147,153,139,127,
562.000000,214.000000,0.081113,145483616.000000,0.621179,0,1
150,153,145,138,139,134,128,121,
510.000000,215.000000,0.075895,35927980.000000,0.446328,0,1
117,111,113,104,106,107,99,95,
570.000000,215.000000,0.080495,85281936.000000,0.649512,0,1
132,127,129,119,120,122,109,102,
567.000000,216.000000,0.080720,138215984.000000,0.641111,0,1
126,124,119,118,113,109,109,108,
571.000000,216.000000,0.080247,78728856.000000,0.655304,0,1
129,120,122,109,111,110,102,103,
577.000000,216.000000,0.079278,77695040.000000,0.673132,0,1
120,117,115,106,108,105,102,100,
695.000000,216.000000,0.050920,413819776.000000,0.754130,0,1
117,80,108,62,65,88,55,50,
534.000000,217.000000,0.079563,53619664.000000,0.536015,0,1
119,115,112,107,109,108,98,94,
558.000000,217.000000,0.081310,101603776.000000,0.616849,0,1
129,122,120,115,113,110,105,101,
618.000000,218.000000,0.084323,12991296.000000,0.830273,0,1
25,26,26,39,36,36,40,40,
490.000000,219.000000,0.078408,12898363.000000,0.418106,0,1
83,75,81,66,72,78,63,64,
547.000000,219.000000,0.082759,66479620.000000,0.591944,0,1
112,108,108,106,101,103,99,92,
627.000000,219.000000,0.076954,6332788.000000,0.798468,0,1
20,25,22,38,31,26,41,40,
346.000000,220.000000,0.078845,1728157.250000,0.775757,0,1
52,52,48,52,46,38,41,37,
430.000000,220.000000,0.079632,11089257.000000,0.406905,0,1
58,56,58,54,53,56,48,41,
335.000000,223.000000,0.086198,4723974.000000,0.889735,0,1
36,35,35,37,40,50,45,53,
336.000000,223.000000,0.085903,6567904.000000,0.882615,0,1
35,35,40,37,45,52,49,52,
360.000000,224.000000,0.086110,933212.000000,0.425216,0,1
41,42,42,41,43,43,42,42,
418.000000,224.000000,0.088702,6257598.500000,0.478935,0,1
40,40,43,40,42,49,42,49,
428.000000,224.000000,0.087063,13154744.000000,0.448606,0,1
40,44,46,52,52,52,52,51,
701.000000,224.000000,0.050478,1724768128.000000,0.426384,0,1
35,48,43,83,177,96,127,195,
580.000000,225.000000,0.090322,18367850.000000,0.753887,0,1
89,90,85,99,94,90,107,108,
588.000000,227.000000,0.086751,15842546.000000,0.790348,0,1
84,86,80,91,88,82,94,92,
538.000000,228.000000,0.087863,10410561.000000,0.608818,0,1
81,79,79,76,77,76,74,69,
593.000000,228.000000,0.085799,24401608.000000,0.796723,0,1
79,79,72,86,79,71,87,81,
720.000000,232.000000,0.064398,75266720.000000,0.607359,0,1
42,39,38,27,31,32,19,17,
134.000000,234.000000,0.092491,40008612.000000,1.486590,0,1
25,24,24,29,28,28,39,30,
140.000000,234.000000,0.092700,29879568.000000,1.461247,0,1
26,25,26,27,29,30,36,32,
151.000000,234.000000,0.092972,22114558.000000,1.405260,0,1
28,28,29,32,32,31,38,32,
160.000000,234.000000,0.092801,29551302.000000,2.808908,0,1
29,27,26,28,29,30,38,31,
175.000000,234.000000,0.093589,25046986.000000,2.645303,0,1
31,30,31,33,33,32,42,34,
205.000000,234.000000,0.095143,48915840.000000,1.126147,0,1
29,29,30,31,31,32,39,40,
238.000000,234.000000,0.095295,42734244.000000,0.961808,0,1
37,35,33,36,35,34,46,44,
247.000000,234.000000,0.095228,43787860.000000,0.925387,0,1
35,35,34,36,39,41,53,49,
248.000000,234.000000,0.095179,44150204.000000,0.919030,0,1
33,34,35,37,39,41,55,49,
256.000000,234.000000,0.095363,43171156.000000,1.710438,0,1
38,38,38,41,40,39,47,47,
268.000000,234.000000,0.093670,34449644.000000,1.532355,0,1
36,32,32,34,35,35,45,42,
274.000000,234.000000,0.094786,31018648.000000,0.829762,0,1
35,35,35,35,35,36,44,43,
322.000000,235.000000,0.094273,11040445.000000,1.079003,0,1
51,49,51,48,48,41,44,37,
157.000000,236.000000,0.092874,31553126.000000,2.848269,0,1
29,40,39,32,31,31,28,26,
177.000000,236.000000,0.093348,39683580.000000,2.582117,0,1
32,43,42,34,33,34,26,26,
191.000000,236.000000,0.093540,44667220.000000,2.395164,0,1
35,42,41,39,38,38,31,31,
199.000000,236.000000,0.093665,41140864.000000,2.291693,0,1
33,43,41,37,37,39,32,31,
223.000000,236.000000,0.094177,40968428.000000,2.023428,0,1
35,45,42,40,41,40,34,32,
228.000000,236.000000,0.093826,33522254.000000,1.978685,0,1
37,41,43,41,42,43,31,33,
582.000000,236.000000,0.102735,3224791.750000,0.883756,0,1
93,84,92,83,86,94,82,86,
209.000000,237.000000,0.092606,34483068.000000,2.164199,0,1
40,41,41,33,33,34,32,31,
303.000000,237.000000,0.094903,28346136.000000,1.237349,0,1
42,43,43,35,35,36,34,32,
400.000000,238.000000,0.089791,3481299.250000,0.616622,0,1
45,44,43,43,43,40,42,37,
492.000000,238.000000,0.087215,4887553.500000,0.524162,0,1
55,52,54,46,50,51,48,43,
494.000000,240.000000,0.084119,4973411.500000,0.531601,0,1
51,48,54,43,46,54,46,44,
672.000000,240.000000,0.099978,26501246.000000,1.107315,0,1
19,25,17,32,27,18,33,33,
708.000000,240.000000,0.108918,8986009.000000,1.250282,0,1
18,18,18,33,29,26,34,27,
304.000000,243.000000,0.101486,3131585.000000,1.296190,0,1
33,33,38,31,39,45,38,42,
396.000000,244.000000,0.097999,3031158.750000,0.689614,0,1
43,42,41,41,40,36,40,36,
460.000000,244.000000,0.089519,3175093.750000,0.545004,0,1
49,49,48,50,48,48,49,46,
304.000000,248.000000,0.104297,4954638.500000,1.332075,0,1
43,42,35,40,32,31,30,30,
690.000000,248.000000,0.110165,11411060.000000,1.234590,0,1
11,14,11,22,16,11,23,24,
300.000000,250.000000,0.106359,5059723.500000,1.392143,0,1
42,41,37,40,33,30,30,28,
402.000000,250.000000,0.111082,2009094.500000,0.727386,0,1
32,31,37,30,35,39,34,38,
578.000000,253.000000,0.134671,12535379.000000,1.007040,0,1
73,75,80,67,76,80,66,66,
575.000000,255.000000,0.144476,5377116.000000,1.008209,0,1
65,75,66,75,75,67,88,87,
288.000000,256.000000,0.112032,2539876.500000,1.536603,0,1
31,31,31,29,31,29,29,24,
700.000000,256.000000,0.116106,4584611.000000,1.308450,0,1
13,17,13,19,16,13,18,17,
573.000000,257.000000,0.147625,3735501.250000,1.028936,0,1
75,75,88,65,81,87,66,66,
287.000000,258.000000,0.112054,2267708.750000,1.515871,0,1
31,29,28,28,25,24,22,22,
582.000000,258.000000,0.145194,3506357.250000,1.053927,0,1
80,76,80,70,70,75,66,63,
517.000000,261.000000,0.120009,3791195.250000,0.789006,0,1
38,37,31,37,32,29,36,35,
239.000000,264.000000,0.128649,16206616.000000,1.200965,0,1
25,26,26,28,29,29,34,33,
247.000000,264.000000,0.130797,15617001.000000,1.142316,0,1
26,27,27,31,32,32,38,37,
583.000000,264.000000,0.147247,3128371.000000,1.087158,0,1
70,64,71,56,61,65,54,53,
589.000000,265.000000,0.148451,2661783.750000,1.114297,0,1
65,69,66,59,65,69,59,63,
252.000000,266.000000,0.124095,14871002.000000,2.086996,0,1
32,39,37,36,35,31,30,26,
220.000000,268.000000,0.120996,12526569.000000,1.270810,0,1
27,23,23,22,22,22,21,22,
706.000000,217.000000,0.052364,1158286976.000000,0.783331,0,1
107,121,75,188,134,76,162,128,
695.000000,207.000000,0.049570,1719822336.000000,0.402617,0,1
47,40,85,48,73,130,42,76,
592.000000,206.000000,0.066453,41915940.000000,0.626039,0,1
28,36,29,51,40,32,54,57,
744.000000,201.000000,0.059140,887481792.000000,0.918428,0,1
77,99,61,121,76,48,96,80,
175.000000,192.000000,0.072316,719817984.000000,1.032967,0,1
54,40,62,35,45,59,37,41,
715.000000,186.000000,0.057895,3773651456.000000,0.843133,0,1
95,61,135,36,87,142,40,37,
679.000000,185.000000,0.050186,2560834304.000000,0.378790,0,1
56,30,86,33,58,107,29,54,
680.000000,184.000000,0.050126,2856809472.000000,0.379441,0,1
58,56,87,30,86,107,58,87,
671.000000,183.000000,0.049883,274867488.000000,0.675781,0,1
28,29,37,30,47,36,40,56,
199.000000,182.000000,0.022142,1120824192.000000,0.143654,0,1
158,112,163,87,122,148,82,86,
556.000000,180.000000,0.043413,77037448.000000,0.170731,0,1
133,141,151,101,105,134,79,80,
679.000000,178.000000,0.050349,3776562176.000000,0.693652,0,1
36,41,97,42,99,152,67,76,
250.000000,176.000000,0.020145,102711408.000000,0.100709,0,1
158,153,137,126,115,102,123,114,
235.000000,104.000000,0.201329,66565576.000000,2.331754,0,1
44,45,42,36,39,37,26,23,
737.000000,173.000000,0.058934,1576433152.000000,0.254235,0,1
136,122,230,114,192,255,127,161,
192.000000,170.000000,0.021917,2717923328.000000,0.385817,0,1
77,128,74,168,168,69,218,181,
213.000000,168.000000,0.022755,911383552.000000,0.137495,0,1
254,199,176,102,116,95,69,103,
233.000000,166.000000,0.021312,1039091008.000000,0.115530,0,1
138,238,153,255,170,68,118,87,
192.000000,165.000000,0.022042,8927992832.000000,0.387297,0,1
165,252,79,212,163,75,180,89,
635.000000,110.000000,0.081526,2738115072.000000,0.559281,0,1
58,53,90,71,143,255,100,172,
628.000000,112.000000,0.080455,971591168.000000,0.431094,0,1
51,77,117,102,195,175,202,255,
640.000000,115.000000,0.081975,2765985024.000000,0.785641,0,1
245,254,139,251,149,75,159,53,
638.000000,117.000000,0.081738,2421712128.000000,0.776543,0,1
251,236,159,138,140,53,85,55,
632.000000,120.000000,0.080937,1724502272.000000,0.789363,0,1
97,131,72,149,85,60,100,68,
340.000000,126.000000,0.078305,37916996.000000,0.688970,0,1
31,36,37,67,75,81,83,58,
353.000000,126.000000,0.080344,22238684.000000,0.594879,0,1
32,39,39,81,78,77,82,48,
302.000000,157.000000,0.022492,1249105920.000000,0.078581,0,1
255,203,252,150,127,236,78,38,
611.000000,128.000000,0.069105,534894752.000000,0.285316,0,1
255,255,225,255,191,97,152,88,
236.000000,154.000000,0.022037,396951424.000000,0.115899,0,1
255,255,228,199,185,103,94,71,
619.000000,153.000000,0.082148,269157600.000000,0.752423,0,1
43,31,49,30,42,52,31,41,
603.000000,136.000000,0.064496,2613926144.000000,0.352074,0,1
248,249,134,159,133,69,99,50,
619.000000,136.000000,0.081661,2199233536.000000,0.512845,0,1
78,41,99,36,70,102,38,64,
430.000000,139.000000,0.024869,4170956.750000,0.010954,0,1
78,109,85,141,236,105,249,250,
262.000000,145.000000,0.021833,2901757952.000000,0.256167,0,1
182,143,170,44,136,44,37,32,
262.000000,143.000000,0.022033,1197589376.000000,0.258198,0,1
35,56,46,90,182,53,143,136,
306.000000,143.000000,0.024216,217985584.000000,0.081664,0,1
70,88,136,39,76,60,33,31,
287.000000,144.000000,0.021869,92290336.000000,0.491205,0,1
89,43,69,27,31,30,27,27,
339.000000,142.000000,0.022339,570693120.000000,0.129991,0,1
42,46,52,67,134,77,121,255,
546.000000,141.000000,0.022678,301192608.000000,0.055126,0,1
160,107,255,109,175,255,112,169,
559.000000,199.000000,0.062553,307268320.000000,0.499631,0,1
219,229,211,226,218,204,217,206,
531.000000,146.000000,0.022519,379677280.000000,0.064778,0,1
191,128,143,92,114,243,96,110,
57.000000,188.000000,0.038261,35322348.000000,0.388481,0,1
45,52,53,83,87,91,122,113,
510.000000,136.000000,0.023253,200462256.000000,0.064083,0,1
70,105,124,132,182,253,251,252,
272.000000,186.000000,0.046617,270484256.000000,0.948937,0,1
32,48,24,53,33,30,43,26,
271.000000,186.000000,0.046393,230585216.000000,0.953231,0,1
45,52,33,54,48,23,49,34,
292.000000,150.000000,0.021851,2113961984.000000,0.464114,0,1
32,100,31,130,110,28,236,82,
552.000000,184.000000,0.045189,318961888.000000,0.175234,0,1
89,129,76,227,139,97,234,229,
336.000000,152.000000,0.023104,227188832.000000,0.058516,0,1
255,235,250,74,116,77,55,51,
490.000000,182.000000,0.043321,129794960.000000,0.192592,0,1
212,199,214,180,209,234,212,227,
472.000000,182.000000,0.039419,40916508.000000,0.147378,0,1
154,195,154,182,159,149,144,135,
562.000000,180.000000,0.048922,612837632.000000,0.410418,0,1
71,71,63,90,52,52,57,39,
469.000000,180.000000,0.039531,100119624.000000,0.135651,0,1
133,138,144,137,175,170,178,171,
569.000000,131.000000,0.048860,266807440.000000,0.096583,0,1
174,213,255,164,163,255,151,171,
272.000000,178.000000,0.047078,592576576.000000,0.949216,0,1
31,56,26,64,31,31,46,30,
271.000000,178.000000,0.046942,642250176.000000,0.954200,0,1
56,69,31,67,53,26,55,42,
560.000000,129.000000,0.049175,2073304576.000000,0.193118,0,1
185,95,248,61,204,254,127,199,
559.000000,129.000000,0.049119,2659973376.000000,0.193602,0,1
86,59,200,68,103,252,103,125,
549.000000,175.000000,0.038554,1786498304.000000,0.312945,0,1
161,238,142,241,182,131,203,166,
542.000000,175.000000,0.037474,112669120.000000,0.293848,0,1
216,245,175,254,241,170,255,224,
416.000000,174.000000,0.033008,40024420.000000,0.133812,0,1
140,127,129,125,144,144,172,137,
272.000000,172.000000,0.046912,1377421056.000000,0.221340,0,1
31,86,27,123,33,31,72,30,
553.000000,171.000000,0.043293,711914688.000000,0.163686,0,1
221,164,245,140,155,197,127,153,
557.000000,165.000000,0.043518,1657516416.000000,0.355055,0,1
192,200,177,214,146,116,144,113,
387.000000,156.000000,0.024714,19572490.000000,0.022185,0,1
55,96,74,157,145,146,235,255,
560.000000,127.000000,0.049257,2608605696.000000,0.195952,0,1
103,76,166,60,185,182,95,204,
559.000000,127.000000,0.049265,1586711936.000000,0.194557,0,1
65,61,151,72,86,213,59,103,
567.000000,160.000000,0.049048,5891196416.000000,0.410709,0,1
206,238,120,243,163,82,177,121,
533.000000,125.000000,0.066857,4166734.000000,0.381518,0,1
40,45,46,56,59,61,69,71,
383.000000,161.000000,0.021960,51076272.000000,0.028662,0,1
61,84,70,174,130,105,235,155,
340.000000,148.000000,0.022265,375095232.000000,0.049074,0,1
255,123,255,154,120,253,124,59,
526.000000,150.000000,0.022905,584204928.000000,0.062986,0,1
120,87,151,82,149,251,103,159,
360.000000,167.000000,0.024215,256105152.000000,0.047828,0,1
58,149,52,171,116,42,100,86,
334.000000,182.000000,0.032688,129426912.000000,0.205903,0,1
56,47,65,39,65,92,51,62,
325.000000,168.000000,0.033347,223205824.000000,0.050255,0,1
43,124,34,189,92,32,145,82,
333.000000,168.000000,0.033899,317115296.000000,0.067780,0,1
73,54,175,41,129,213,53,89,
