# timestamp
1608635182507926528

# fx, fy, cx, cy, width, height, npoints
501.482422,501.475647,421.795410,167.661819,800,400,503

# camToWorld: translation vector, rotation quaternion
-30.470317,54.537988,3.815030,-0.021140,0.724893,-0.687901,0.029571

# Exposure time (ms)
8.460145

# Point Cloud Data : 
# u,v,idepth_scaled,idepth_hessian,maxRelBaseline,numGoodRes,status 
# color information 
666.000000,27.000000,0.217176,296051.593750,1.151067,0,1
24,19,20,23,24,24,29,30,
677.000000,27.000000,0.221975,427588.000000,1.209048,0,1
23,20,21,26,26,27,33,29,
689.000000,27.000000,0.214922,590129.312500,1.233355,0,1
22,22,22,28,28,28,34,27,
759.000000,93.000000,0.138909,209865520.000000,1.098960,0,1
59,78,94,91,111,108,120,129,
760.000000,102.000000,0.139770,316832480.000000,1.467577,0,1
97,86,107,112,122,122,145,143,
759.000000,105.000000,0.139070,442123744.000000,1.095333,0,1
145,165,143,173,150,123,144,132,
760.000000,109.000000,0.138901,33291780.000000,0.739020,0,1
129,148,140,116,117,115,65,63,
759.000000,134.000000,0.137638,1199182464.000000,0.728770,0,1
202,228,181,246,206,158,229,206,
759.000000,138.000000,0.137716,1111631488.000000,0.729009,0,1
206,228,186,246,210,163,231,211,
759.000000,144.000000,0.137696,1069302528.000000,0.728992,0,1
211,231,187,248,208,165,230,210,
761.000000,154.000000,0.137314,4526389248.000000,1.087730,0,1
167,191,141,217,167,115,193,166,
759.000000,162.000000,0.136995,1327480704.000000,0.727616,0,1
204,222,179,237,201,154,216,195,
759.000000,169.000000,0.136904,2886014720.000000,1.082119,0,1
189,203,168,220,184,144,198,177,
759.000000,179.000000,0.136693,6023472128.000000,1.442322,0,1
157,169,136,182,154,117,170,153,
759.000000,184.000000,0.136650,7304153600.000000,1.444404,0,1
147,158,120,168,135,95,146,121,
760.000000,185.000000,0.136726,13127475200.000000,1.864271,0,1
120,135,95,146,109,73,121,95,
761.000000,196.000000,0.136248,1556373120.000000,1.874424,0,1
53,65,57,59,48,41,49,41,
758.000000,288.000000,0.148324,16700745.000000,2.072145,0,1
51,61,54,73,67,59,77,79,
761.000000,289.000000,0.149630,13613631.000000,2.098705,0,1
48,59,52,72,64,57,74,75,
572.000000,31.000000,0.214930,1825482.375000,0.792174,0,1
22,24,23,18,19,19,15,17,
100.000000,36.000000,0.227127,260433280.000000,1.407437,0,1
25,28,25,30,27,25,29,27,
735.000000,63.000000,0.145315,11535703.000000,0.725453,0,1
58,70,67,54,51,47,48,37,
735.000000,64.000000,0.144591,14880138.000000,0.721777,0,1
69,53,49,57,38,23,42,40,
747.000000,64.000000,0.147731,91222368.000000,1.488874,0,1
15,21,14,36,24,11,23,8,
719.000000,67.000000,0.138334,11290166.000000,0.661548,0,1
61,64,67,48,44,41,24,26,
746.000000,95.000000,0.141480,2290809600.000000,1.824535,0,1
25,15,39,13,26,46,17,29,
752.000000,102.000000,0.138131,35152748.000000,0.721568,0,1
71,72,76,101,103,103,146,170,
747.000000,105.000000,0.140497,1521023744.000000,0.719637,0,1
102,54,145,26,118,169,58,100,
754.000000,115.000000,0.138966,136673776.000000,1.433479,0,1
94,116,114,140,138,134,165,184,
747.000000,119.000000,0.140550,2185129216.000000,0.717149,0,1
138,85,197,32,149,216,89,154,
747.000000,127.000000,0.140429,2447052288.000000,0.715726,0,1
156,96,224,44,167,248,96,166,
747.000000,134.000000,0.140289,2473444608.000000,0.714579,0,1
173,98,229,51,177,255,97,180,
747.000000,140.000000,0.140225,2442316544.000000,0.714063,0,1
184,100,231,54,184,255,98,181,
747.000000,144.000000,0.140215,2498271744.000000,0.714138,0,1
181,101,230,56,184,255,103,188,
568.000000,148.000000,0.034399,179772464.000000,0.154778,0,1
194,149,207,59,116,116,49,41,
747.000000,160.000000,0.140038,2482127360.000000,0.714786,0,1
187,105,231,58,183,253,104,180,
746.000000,168.000000,0.139995,5204153344.000000,1.058381,0,1
102,56,165,34,99,203,56,99,
747.000000,176.000000,0.139940,5962158080.000000,1.063889,0,1
153,95,186,53,145,203,95,145,
749.000000,186.000000,0.140909,752457408.000000,0.541609,0,1
186,170,190,132,179,189,160,170,
746.000000,192.000000,0.139708,13985756160.000000,1.813194,0,1
92,49,126,36,90,144,48,81,
756.000000,194.000000,0.136383,3709320192.000000,1.848778,0,1
110,111,94,110,95,86,90,79,
728.000000,203.000000,0.124527,36773720.000000,0.627708,0,1
28,32,28,92,50,34,94,72,
746.000000,208.000000,0.139639,2254107904.000000,1.827113,0,1
54,40,64,31,46,53,38,45,
752.000000,208.000000,0.136032,291167008.000000,1.428679,0,1
68,68,59,44,46,49,33,31,
732.000000,232.000000,0.131647,75758272.000000,1.343060,0,1
28,29,33,44,37,37,49,48,
746.000000,234.000000,0.137680,260385360.000000,1.846278,0,1
27,30,23,33,26,22,30,24,
745.000000,246.000000,0.137382,525306176.000000,1.856854,0,1
30,36,24,38,30,20,35,29,
746.000000,256.000000,0.137069,823824640.000000,1.876495,0,1
19,25,13,29,17,9,25,18,
735.000000,270.000000,0.133361,250376752.000000,1.820430,0,1
14,26,15,40,28,17,41,42,
91.000000,273.000000,0.132232,4841098.000000,1.728486,0,1
18,20,20,15,15,15,12,12,
730.000000,277.000000,0.142033,287562496.000000,1.864247,0,1
90,99,90,107,98,89,104,103,
741.000000,280.000000,0.141517,140435472.000000,1.924507,0,1
60,69,60,80,72,63,80,81,
560.000000,172.000000,0.032475,27767596.000000,0.061658,0,1
54,91,39,136,97,65,148,142,
484.000000,63.000000,0.238203,2793788.250000,0.698204,0,1
8,7,12,6,13,16,11,14,
483.000000,64.000000,0.222872,1675356.625000,0.549363,0,1
7,6,13,6,11,16,9,13,
628.000000,64.000000,0.146989,3421722.750000,1.214430,0,1
23,23,23,22,23,23,22,23,
710.000000,67.000000,0.138969,34976548.000000,0.796085,0,1
58,60,58,42,43,45,28,26,
663.000000,68.000000,0.137309,39395644.000000,1.250568,0,1
28,29,30,23,24,24,21,20,
679.000000,68.000000,0.137794,10364451.000000,1.145264,0,1
31,35,37,24,23,23,21,21,
682.000000,68.000000,0.137390,12006205.000000,1.155608,0,1
35,37,36,23,23,24,23,22,
701.000000,68.000000,0.137604,21440002.000000,0.927398,0,1
48,44,43,24,25,26,26,25,
468.000000,88.000000,0.159241,1061006.750000,0.449036,0,1
6,6,11,6,10,14,8,13,
448.000000,124.000000,0.062430,604320.500000,0.130005,0,1
15,18,16,18,17,18,19,20,
707.000000,131.000000,0.054916,1857667968.000000,0.433894,0,1
92,47,122,37,52,108,30,75,
517.000000,132.000000,0.044479,520890080.000000,0.129196,0,1
49,48,57,30,99,114,43,164,
688.000000,134.000000,0.051023,1403957760.000000,0.372246,0,1
28,45,36,133,98,46,216,194,
398.000000,135.000000,0.042828,34713268.000000,0.065005,0,1
30,25,25,27,28,27,58,204,
410.000000,135.000000,0.044300,4810846.000000,0.019043,0,1
29,25,27,28,33,34,68,202,
419.000000,135.000000,0.046069,2754923.500000,0.011652,0,1
33,27,29,30,36,34,65,191,
426.000000,135.000000,0.040411,50976528.000000,0.060900,0,1
29,27,28,40,45,38,159,205,
438.000000,135.000000,0.049784,3986378.500000,0.022920,0,1
29,28,33,46,60,74,170,255,
440.000000,135.000000,0.045385,11104855.000000,0.022852,0,1
34,33,36,60,74,54,182,255,
452.000000,135.000000,0.026784,58513424.000000,0.044538,0,1
32,34,36,41,75,79,69,112,
462.000000,135.000000,0.033538,80617136.000000,0.050543,0,1
27,35,32,63,89,45,208,228,
469.000000,135.000000,0.033802,33228170.000000,0.041479,0,1
29,38,35,83,103,50,187,202,
483.000000,135.000000,0.034768,98177616.000000,0.055549,0,1
30,53,44,144,138,52,240,243,
503.000000,135.000000,0.033433,140438000.000000,0.086488,0,1
30,58,77,63,132,137,107,209,
539.000000,135.000000,0.033018,720511552.000000,0.121545,0,1
27,41,58,37,82,82,29,34,
582.000000,135.000000,0.032936,1017209216.000000,0.241078,0,1
33,37,73,28,71,56,27,26,
668.000000,135.000000,0.047307,4347888128.000000,0.316042,0,1
61,143,49,220,100,35,193,93,
700.000000,135.000000,0.053462,5161975296.000000,0.410222,0,1
102,209,76,254,150,43,217,98,
714.000000,136.000000,0.056746,1038984192.000000,0.274824,0,1
191,199,134,176,138,61,122,59,
727.000000,136.000000,0.058203,5645005312.000000,0.496113,0,1
193,233,105,229,126,54,140,71,
499.000000,137.000000,0.032270,342330688.000000,0.064566,0,1
120,249,78,223,143,49,100,66,
525.000000,137.000000,0.033247,312284448.000000,0.089432,0,1
151,208,133,50,155,41,38,31,
572.000000,137.000000,0.032965,968865280.000000,0.129253,0,1
38,27,159,30,91,246,124,206,
353.000000,138.000000,0.032357,184376272.000000,0.060785,0,1
27,46,72,44,184,193,111,113,
437.000000,138.000000,0.030003,45448084.000000,0.045216,0,1
170,148,255,48,162,243,51,93,
627.000000,138.000000,0.039160,700174464.000000,0.151209,0,1
38,23,117,24,58,104,23,49,
450.000000,139.000000,0.033675,21480844.000000,0.023989,0,1
39,55,51,170,137,66,241,255,
207.000000,140.000000,0.032589,683297600.000000,0.405425,0,1
11,13,13,17,19,20,30,28,
379.000000,140.000000,0.030505,218344224.000000,0.045971,0,1
109,223,36,242,128,36,249,249,
422.000000,140.000000,0.046247,957004.875000,0.004288,0,1
37,61,45,188,123,93,255,255,
458.000000,141.000000,0.032591,57736692.000000,0.029836,0,1
46,44,159,54,134,255,52,78,
63.000000,142.000000,0.045088,8476852224.000000,0.869937,0,1
21,23,29,26,69,102,59,150,
267.000000,142.000000,0.031797,719440384.000000,0.141505,0,1
158,153,214,50,143,143,36,30,
306.000000,142.000000,0.031858,1161896064.000000,0.099565,0,1
113,229,36,155,140,26,219,217,
368.000000,142.000000,0.031453,100431384.000000,0.047401,0,1
36,81,31,229,124,29,254,177,
70.000000,143.000000,0.044455,5569996800.000000,0.436894,0,1
27,86,28,255,143,28,197,84,
158.000000,143.000000,0.031823,4639987712.000000,0.489629,0,1
17,30,27,51,70,42,72,57,
173.000000,143.000000,0.032396,1594955008.000000,0.467534,0,1
17,27,21,42,24,12,20,11,
260.000000,143.000000,0.032607,951460864.000000,0.142359,0,1
23,48,31,61,185,43,187,255,
542.000000,144.000000,0.033017,413667616.000000,0.103368,0,1
46,184,47,246,120,120,252,255,
553.000000,144.000000,0.032724,1266747392.000000,0.133514,0,1
32,35,88,32,174,124,91,208,
595.000000,144.000000,0.032684,1506729984.000000,0.147621,0,1
59,45,164,32,111,196,43,55,
629.000000,144.000000,0.039567,1491194368.000000,0.247831,0,1
50,27,83,26,69,97,32,50,
160.000000,145.000000,0.032006,10400235520.000000,0.488503,0,1
42,109,16,57,52,13,19,15,
464.000000,145.000000,0.033029,52498148.000000,0.035508,0,1
255,177,237,69,170,103,53,40,
659.000000,145.000000,0.045075,1933734912.000000,0.288230,0,1
88,32,107,29,81,108,46,115,
462.000000,147.000000,0.034029,73307720.000000,0.035017,0,1
69,118,53,240,127,40,235,76,
338.000000,148.000000,0.031917,155624592.000000,0.072609,0,1
255,142,243,43,133,83,30,23,
474.000000,148.000000,0.033378,103601392.000000,0.044926,0,1
145,250,146,255,178,48,90,53,
669.000000,148.000000,0.047299,2060791808.000000,0.317134,0,1
95,49,96,34,123,165,75,94,
101.000000,149.000000,0.032091,4060033536.000000,0.277896,0,1
39,120,50,231,149,32,199,86,
127.000000,149.000000,0.032121,2863623168.000000,0.255475,0,1
30,83,40,201,130,37,228,139,
175.000000,149.000000,0.031695,704110336.000000,0.456511,0,1
11,23,14,23,38,13,19,12,
232.000000,149.000000,0.032166,1298320768.000000,0.164559,0,1
255,211,255,73,176,177,80,45,
116.000000,150.000000,0.031975,2519136512.000000,0.263780,0,1
105,197,127,195,140,64,123,40,
128.000000,150.000000,0.031980,4573877248.000000,0.253405,0,1
40,130,37,228,76,23,139,48,
303.000000,150.000000,0.031321,236242032.000000,0.100411,0,1
53,40,34,143,133,44,244,242,
87.000000,151.000000,0.031442,2362069504.000000,0.190778,0,1
87,202,90,242,144,44,175,89,
402.000000,151.000000,0.033320,62682492.000000,0.051044,0,1
253,255,139,255,178,49,174,54,
680.000000,151.000000,0.049503,355585088.000000,0.348817,0,1
201,152,125,48,65,57,26,25,
47.000000,152.000000,0.031704,2993029888.000000,0.320956,0,1
70,120,64,131,89,45,99,78,
95.000000,152.000000,0.032481,2420902400.000000,0.286929,0,1
237,206,242,92,151,204,44,40,
304.000000,152.000000,0.032209,609071168.000000,0.102753,0,1
93,246,140,255,211,44,87,35,
327.000000,152.000000,0.032067,550748160.000000,0.082620,0,1
55,33,154,35,105,234,147,154,
374.000000,152.000000,0.031341,90037832.000000,0.048539,0,1
252,254,155,243,111,48,143,41,
231.000000,153.000000,0.032101,2146006400.000000,0.176504,0,1
63,55,153,30,129,158,47,45,
332.000000,153.000000,0.031192,215041632.000000,0.076129,0,1
255,254,159,249,103,36,131,31,
359.000000,153.000000,0.032497,191024368.000000,0.056369,0,1
250,245,124,128,155,47,63,37,
147.000000,154.000000,0.031916,28409647104.000000,0.511133,0,1
25,103,22,118,64,18,124,73,
175.000000,154.000000,0.031838,7171217920.000000,0.458419,0,1
12,44,16,62,68,14,89,66,
232.000000,154.000000,0.032061,1796421632.000000,0.175738,0,1
153,129,158,47,129,36,45,26,
342.000000,154.000000,0.032280,279998048.000000,0.070562,0,1
236,219,240,65,128,122,37,29,
461.000000,154.000000,0.033763,86175008.000000,0.035053,0,1
56,61,88,55,196,217,204,242,
466.000000,154.000000,0.031004,47312356.000000,0.035886,0,1
64,95,73,218,210,60,255,207,
576.000000,154.000000,0.032984,1618764928.000000,0.133022,0,1
173,228,85,214,135,37,199,108,
159.000000,155.000000,0.031814,18990278656.000000,0.488112,0,1
44,51,81,32,113,100,63,102,
377.000000,156.000000,0.034518,112304592.000000,0.060756,0,1
39,39,47,39,108,126,122,179,
491.000000,156.000000,0.033654,297205824.000000,0.061355,0,1
198,255,121,254,181,48,219,124,
417.000000,157.000000,0.033060,56165448.000000,0.049967,0,1
48,44,157,38,172,255,45,47,
584.000000,158.000000,0.032972,428501408.000000,0.166170,0,1
25,46,67,98,112,75,167,189,
52.000000,159.000000,0.032046,11973830656.000000,0.491191,0,1
128,164,111,158,107,59,89,41,
208.000000,159.000000,0.031293,2099862912.000000,0.391288,0,1
17,19,19,30,22,19,100,126,
260.000000,159.000000,0.031225,443860928.000000,0.146175,0,1
27,36,42,48,120,128,139,201,
713.000000,159.000000,0.055603,1966853376.000000,0.449578,0,1
49,125,66,143,118,49,132,61,
47.000000,160.000000,0.031553,4824731136.000000,0.491147,0,1
155,117,156,84,91,98,61,33,
49.000000,160.000000,0.032350,563582912.000000,0.326509,0,1
206,156,158,91,98,89,50,30,
63.000000,160.000000,0.031418,309931712.000000,0.210687,0,1
196,151,215,92,129,111,52,31,
77.000000,160.000000,0.031857,450272768.000000,0.199450,0,1
229,187,181,103,117,78,46,33,
219.000000,160.000000,0.032417,997123264.000000,0.177824,0,1
23,39,39,66,144,92,188,235,
232.000000,160.000000,0.032105,3459576832.000000,0.253396,0,1
25,36,67,38,138,187,113,135,
249.000000,160.000000,0.031897,2657262336.000000,0.228822,0,1
29,88,36,180,113,24,193,170,
307.000000,160.000000,0.032821,615680896.000000,0.103011,0,1
101,231,58,195,141,24,86,29,
412.000000,161.000000,0.027414,89043584.000000,0.041314,0,1
41,119,57,212,189,103,241,250,
443.000000,161.000000,0.030921,15308722.000000,0.021646,0,1
52,92,64,175,181,63,255,255,
551.000000,161.000000,0.032487,1353040896.000000,0.132072,0,1
50,31,110,23,72,169,45,79,
571.000000,161.000000,0.032664,5082518528.000000,0.225152,0,1
128,174,78,175,107,39,117,49,
709.000000,161.000000,0.055336,361990272.000000,0.263182,0,1
156,181,137,118,131,98,71,48,
537.000000,162.000000,0.032432,268032064.000000,0.098466,0,1
66,40,132,31,103,140,34,34,
295.000000,164.000000,0.031424,994538496.000000,0.115783,0,1
39,36,126,28,86,184,30,51,
495.000000,164.000000,0.032469,314729376.000000,0.063956,0,1
217,131,255,43,148,147,56,87,
715.000000,164.000000,0.056012,1975751680.000000,0.456975,0,1
33,34,53,38,98,98,108,175,
68.000000,165.000000,0.031523,10696969216.000000,0.464500,0,1
47,56,107,51,119,162,58,43,
270.000000,165.000000,0.031570,492732032.000000,0.200168,0,1
30,37,53,124,121,119,178,197,
434.000000,165.000000,0.033484,10039388.000000,0.021677,0,1
47,122,52,135,178,66,237,236,
136.000000,166.000000,0.031754,266512832.000000,0.071226,0,1
236,206,245,78,166,176,52,37,
228.000000,166.000000,0.032027,736838016.000000,0.180851,0,1
26,47,37,141,117,64,175,180,
257.000000,166.000000,0.031618,186860944.000000,0.098850,0,1
28,62,27,140,132,29,168,156,
302.000000,166.000000,0.031458,1242878080.000000,0.103342,0,1
110,216,57,245,138,25,243,210,
333.000000,166.000000,0.029397,462360128.000000,0.072427,0,1
136,216,45,255,128,31,227,183,
393.000000,166.000000,0.032309,60510520.000000,0.032715,0,1
45,90,44,208,99,49,249,193,
379.000000,167.000000,0.030549,91479840.000000,0.047516,0,1
36,55,35,117,87,43,253,255,
451.000000,167.000000,0.035202,38529860.000000,0.034270,0,1
46,49,61,81,177,62,153,111,
669.000000,167.000000,0.047900,300366464.000000,0.216987,0,1
57,66,141,66,149,220,84,134,
337.000000,168.000000,0.031611,290429024.000000,0.075522,0,1
29,69,33,101,140,56,226,255,
399.000000,168.000000,0.033473,172975520.000000,0.050445,0,1
172,58,228,52,114,198,43,53,
404.000000,168.000000,0.032037,48594944.000000,0.026888,0,1
43,47,121,68,162,196,88,169,
446.000000,168.000000,0.032547,175684976.000000,0.049050,0,1
83,44,205,39,174,236,71,88,
487.000000,168.000000,0.032719,435148256.000000,0.059079,0,1
71,40,213,34,96,251,50,54,
503.000000,168.000000,0.031712,528098496.000000,0.069690,0,1
154,60,245,58,185,234,94,61,
634.000000,168.000000,0.039989,1024318848.000000,0.227231,0,1
57,95,69,91,137,86,130,161,
424.000000,169.000000,0.031368,108645352.000000,0.047272,0,1
124,205,103,120,193,49,137,70,
473.000000,169.000000,0.032832,153264368.000000,0.049479,0,1
121,121,254,46,151,123,51,64,
505.000000,169.000000,0.034171,197482640.000000,0.077582,0,1
255,229,210,123,137,78,65,55,
608.000000,169.000000,0.036434,326158752.000000,0.180448,0,1
133,112,165,56,74,104,45,46,
327.000000,170.000000,0.032989,334897696.000000,0.088074,0,1
101,56,53,199,102,23,229,63,
348.000000,170.000000,0.030917,339388032.000000,0.065622,0,1
73,60,229,110,182,255,167,104,
437.000000,170.000000,0.031951,45261484.000000,0.025510,0,1
232,198,183,101,164,55,89,56,
308.000000,171.000000,0.032354,659021504.000000,0.102359,0,1
36,196,27,255,140,25,180,41,
335.000000,171.000000,0.031835,805544640.000000,0.078460,0,1
126,44,231,28,140,255,56,57,
362.000000,171.000000,0.031171,328689760.000000,0.055756,0,1
169,98,251,44,196,247,83,51,
595.000000,171.000000,0.033308,361639488.000000,0.152662,0,1
23,56,62,22,78,86,31,74,
75.000000,172.000000,0.032122,4337311232.000000,0.301881,0,1
82,73,149,69,165,238,160,187,
352.000000,172.000000,0.033360,122085200.000000,0.068564,0,1
255,255,253,118,201,82,61,37,
517.000000,172.000000,0.031146,119499328.000000,0.080233,0,1
54,89,47,193,138,38,217,148,
536.000000,172.000000,0.032860,339041472.000000,0.121303,0,1
50,37,89,38,51,152,88,124,
551.000000,172.000000,0.032537,995806144.000000,0.198103,0,1
48,31,56,43,46,111,106,134,
579.000000,172.000000,0.033227,368571648.000000,0.164364,0,1
36,26,73,63,71,98,134,156,
46.000000,173.000000,0.032114,1341709440.000000,0.197400,0,1
99,119,188,96,178,245,102,111,
265.000000,173.000000,0.031704,764025280.000000,0.136167,0,1
107,243,173,241,149,42,92,32,
294.000000,173.000000,0.036629,217107456.000000,0.131187,0,1
203,240,195,155,125,55,63,26,
53.000000,174.000000,0.031462,5338155520.000000,0.314089,0,1
122,216,96,226,139,43,185,143,
63.000000,174.000000,0.031715,2749942272.000000,0.308206,0,1
181,190,242,85,138,146,55,65,
110.000000,175.000000,0.030926,446158784.000000,0.126109,0,1
98,111,205,54,144,245,74,76,
119.000000,175.000000,0.031473,502312576.000000,0.155802,0,1
252,178,240,103,167,144,62,42,
696.000000,175.000000,0.053214,267461088.000000,0.404714,0,1
28,30,32,38,52,37,88,112,
79.000000,176.000000,0.031493,529110592.000000,0.176507,0,1
251,202,212,124,177,125,65,54,
150.000000,176.000000,0.031103,3124712192.000000,0.228899,0,1
74,44,171,34,126,250,49,42,
210.000000,176.000000,0.031764,943325248.000000,0.283556,0,1
220,73,75,33,42,34,25,23,
301.000000,176.000000,0.032442,204970192.000000,0.232570,0,1
26,24,25,47,49,50,80,93,
308.000000,176.000000,0.032659,516343072.000000,0.220474,0,1
24,25,20,53,42,33,75,74,
335.000000,176.000000,0.032610,41410836.000000,0.081943,0,1
31,34,37,98,103,109,110,104,
343.000000,176.000000,0.031938,52794632.000000,0.073764,0,1
31,44,47,114,117,119,123,121,
353.000000,176.000000,0.031816,60064052.000000,0.065694,0,1
37,56,60,119,125,129,133,121,
360.000000,176.000000,0.030774,44837884.000000,0.058348,0,1
37,61,62,112,111,108,119,108,
397.000000,176.000000,0.031664,87951984.000000,0.053216,0,1
45,77,88,98,107,113,101,93,
441.000000,176.000000,0.033570,17206528.000000,0.050591,0,1
185,116,132,108,117,130,94,93,
518.000000,176.000000,0.034054,633390272.000000,0.233173,0,1
128,125,119,108,108,104,96,87,
604.000000,176.000000,0.035798,217351872.000000,0.297893,0,1
58,64,53,91,82,75,101,97,
152.000000,177.000000,0.030985,1542852864.000000,0.226396,0,1
216,207,218,83,123,48,47,25,
281.000000,177.000000,0.038749,539358592.000000,0.224900,0,1
24,27,22,39,56,19,75,88,
664.000000,177.000000,0.046233,586856064.000000,0.184223,0,1
172,140,179,107,144,112,49,32,
673.000000,177.000000,0.047576,2312644864.000000,0.327259,0,1
62,41,127,58,122,134,121,112,
87.000000,178.000000,0.031079,2221173504.000000,0.281623,0,1
253,246,174,184,177,63,73,37,
57.000000,179.000000,0.031716,1993756160.000000,0.313772,0,1
246,190,225,95,147,121,47,41,
320.000000,180.000000,0.036564,94104952.000000,0.159954,0,1
92,80,96,75,81,91,65,56,
119.000000,181.000000,0.031359,1437304704.000000,0.257571,0,1
36,53,64,82,171,175,167,98,
428.000000,181.000000,0.037642,121099584.000000,0.093056,0,1
93,96,100,111,113,103,130,134,
469.000000,181.000000,0.036567,202629088.000000,0.150803,0,1
87,94,95,108,111,109,127,137,
484.000000,181.000000,0.036927,167779440.000000,0.124608,0,1
76,82,85,91,103,94,108,132,
242.000000,182.000000,0.034182,235057456.000000,0.259774,0,1
92,80,97,73,87,93,69,64,
615.000000,182.000000,0.076303,2184063488.000000,0.443385,0,1
79,102,75,141,238,112,255,255,
47.000000,184.000000,0.031426,213400768.000000,0.152757,0,1
42,43,71,46,60,127,65,77,
79.000000,184.000000,0.031030,1108020864.000000,0.288389,0,1
186,211,229,121,166,151,100,86,
83.000000,184.000000,0.032217,1454882816.000000,0.296880,0,1
171,217,148,151,119,85,95,82,
92.000000,184.000000,0.031752,745184704.000000,0.284510,0,1
195,173,130,103,100,85,89,79,
118.000000,184.000000,0.031386,2127026816.000000,0.402688,0,1
167,88,98,78,82,85,73,66,
219.000000,184.000000,0.031149,25657018.000000,0.173045,0,1
79,69,80,61,65,65,52,54,
242.000000,184.000000,0.034233,242288720.000000,0.363177,0,1
87,69,84,57,64,62,54,52,
452.000000,184.000000,0.032760,42604784.000000,0.079225,0,1
97,85,118,84,96,103,82,95,
279.000000,185.000000,0.043014,261056288.000000,0.252495,0,1
36,41,38,52,51,48,60,55,
343.000000,186.000000,0.032587,28724870.000000,0.079080,0,1
100,92,116,81,98,106,75,78,
344.000000,186.000000,0.034080,22837270.000000,0.082228,0,1
106,107,114,86,107,93,83,87,
160.000000,187.000000,0.031459,106996960.000000,0.224606,0,1
65,65,69,70,81,76,83,87,
227.000000,187.000000,0.032029,72858304.000000,0.188107,0,1
71,66,64,52,58,51,51,48,
298.000000,187.000000,0.037305,15811798.000000,0.145953,0,1
69,72,72,53,62,56,53,53,
317.000000,187.000000,0.041970,65801992.000000,0.261568,0,1
65,62,65,49,54,55,47,47,
150.000000,188.000000,0.033733,82098432.000000,0.151474,0,1
61,77,67,100,104,65,119,78,
173.000000,189.000000,0.032511,129451664.000000,0.237615,0,1
65,55,66,43,53,54,41,40,
470.000000,190.000000,0.038997,37397412.000000,0.085695,0,1
129,113,106,92,97,85,84,83,
481.000000,190.000000,0.046278,7921457.500000,0.094330,0,1
116,96,113,78,87,92,72,76,
122.000000,191.000000,0.031360,290188704.000000,0.256217,0,1
84,107,88,114,95,78,88,75,
118.000000,192.000000,0.031254,408588480.000000,0.258751,0,1
84,83,112,77,94,94,72,60,
120.000000,192.000000,0.030955,295128544.000000,0.254414,0,1
107,112,107,94,94,82,81,67,
136.000000,192.000000,0.032264,142904368.000000,0.270487,0,1
67,79,58,62,52,50,49,43,
160.000000,192.000000,0.032433,95351000.000000,0.232905,0,1
76,62,73,49,60,61,46,40,
222.000000,192.000000,0.032774,14171863.000000,0.181778,0,1
52,50,44,43,43,35,42,43,
280.000000,192.000000,0.038100,95015632.000000,0.321920,0,1
49,47,42,45,42,35,43,41,
412.000000,192.000000,0.046944,77706848.000000,0.131643,0,1
64,54,56,51,53,57,49,46,
616.000000,192.000000,0.075663,332162240.000000,0.265450,0,1
176,243,109,234,166,81,181,93,
358.000000,193.000000,0.053908,40008856.000000,0.222803,0,1
62,68,72,58,59,54,55,51,
502.000000,193.000000,0.028269,19020456.000000,0.085526,0,1
87,80,96,71,82,93,72,72,
511.000000,193.000000,0.041494,43991024.000000,0.129804,0,1
98,91,98,85,87,84,75,70,
526.000000,193.000000,0.042733,189159040.000000,0.312638,0,1
100,103,95,89,88,81,83,75,
539.000000,193.000000,0.029438,30703354.000000,0.096957,0,1
92,83,97,76,83,90,73,74,
544.000000,193.000000,0.044413,14655676.000000,0.157789,0,1
100,96,101,89,92,96,80,78,
79.000000,194.000000,0.032109,355895712.000000,0.322835,0,1
91,84,91,72,82,78,64,59,
82.000000,194.000000,0.031096,312005056.000000,0.314670,0,1
78,87,75,82,73,65,64,60,
386.000000,194.000000,0.050602,22041224.000000,0.163425,0,1
56,59,58,59,57,54,51,46,
469.000000,194.000000,0.047974,85873400.000000,0.207149,0,1
82,81,86,75,65,78,64,64,
487.000000,194.000000,0.051460,60162476.000000,0.258949,0,1
82,75,87,74,73,93,65,63,
488.000000,194.000000,0.051758,61233148.000000,0.262799,0,1
88,79,93,71,83,96,66,65,
381.000000,195.000000,0.052567,48603024.000000,0.178476,0,1
60,66,63,62,61,55,52,46,
473.000000,195.000000,0.051218,121085512.000000,0.227851,0,1
89,81,92,68,78,79,61,61,
668.000000,195.000000,0.100212,9968106496.000000,0.883505,0,1
57,50,140,39,121,179,82,132,
423.000000,196.000000,0.053059,45761128.000000,0.158257,0,1
61,63,66,56,57,55,44,48,
428.000000,196.000000,0.052115,111673936.000000,0.159600,0,1
75,71,74,56,58,56,48,47,
51.000000,197.000000,0.031876,136009744.000000,0.322488,0,1
77,73,77,58,67,65,55,52,
440.000000,197.000000,0.054897,56626816.000000,0.181534,0,1
70,61,67,52,58,59,48,48,
448.000000,197.000000,0.053866,37806096.000000,0.190997,0,1
72,69,68,57,60,59,52,51,
364.000000,199.000000,0.058718,78048200.000000,0.233803,0,1
46,46,48,46,50,55,57,80,
463.000000,199.000000,0.060614,50964200.000000,0.174496,0,1
64,67,63,63,65,68,78,107,
667.000000,200.000000,0.100153,12159809536.000000,1.171572,0,1
87,47,126,40,81,139,48,75,
672.000000,200.000000,0.099913,13271550976.000000,1.192639,0,1
106,136,64,137,90,46,117,79,
60.000000,202.000000,0.031356,93785984.000000,0.309805,0,1
73,76,66,62,57,47,48,58,
358.000000,202.000000,0.061313,41476404.000000,0.196408,0,1
52,58,59,68,74,77,82,86,
368.000000,202.000000,0.059711,101595400.000000,0.235192,0,1
49,68,55,85,66,55,66,56,
181.000000,203.000000,0.058991,75758336.000000,0.731975,0,1
47,41,42,30,34,27,24,19,
362.000000,204.000000,0.059432,98686624.000000,0.188038,0,1
90,88,80,75,68,57,56,45,
475.000000,204.000000,0.062724,119047008.000000,0.207735,0,1
55,68,58,87,78,56,71,53,
335.000000,205.000000,0.063466,18578416.000000,0.198689,0,1
46,46,52,45,53,68,44,38,
449.000000,205.000000,0.066709,11672622.000000,0.185075,0,1
49,45,49,42,56,54,49,48,
301.000000,206.000000,0.065028,45365364.000000,0.434172,0,1
43,42,40,36,36,34,28,27,
306.000000,206.000000,0.061664,46851500.000000,0.400885,0,1
38,40,37,33,33,29,25,27,
594.000000,206.000000,0.069328,238444288.000000,0.499872,0,1
103,107,107,127,124,122,144,156,
263.000000,207.000000,0.061081,42882172.000000,0.388921,0,1
34,32,44,26,32,31,24,20,
265.000000,207.000000,0.063480,36195608.000000,0.395198,0,1
39,44,33,32,31,27,24,21,
349.000000,207.000000,0.060712,53275728.000000,0.217816,0,1
57,48,50,35,40,46,32,32,
572.000000,207.000000,0.071188,464995936.000000,0.621410,0,1
108,113,115,119,123,123,128,136,
588.000000,207.000000,0.069866,552095936.000000,0.669099,0,1
113,124,124,140,140,138,149,163,
329.000000,208.000000,0.056054,35077984.000000,0.327008,0,1
44,44,49,36,37,37,31,30,
575.000000,208.000000,0.071761,445472128.000000,0.636334,0,1
116,123,121,133,130,124,144,151,
623.000000,208.000000,0.076161,619202240.000000,0.275966,0,1
156,205,109,187,164,56,103,62,
576.000000,209.000000,0.072829,386979168.000000,0.647224,0,1
121,130,124,144,138,133,151,158,
669.000000,209.000000,0.100300,908659136.000000,0.898587,0,1
101,94,105,49,92,102,41,44,
370.000000,210.000000,0.060099,31483404.000000,0.255238,0,1
44,42,44,40,41,36,36,30,
566.000000,210.000000,0.072788,480299072.000000,0.613784,0,1
118,115,122,125,127,132,134,133,
276.000000,211.000000,0.071978,12482730.000000,0.410032,0,1
22,21,23,23,26,24,38,32,
459.000000,212.000000,0.066175,20440844.000000,0.285131,0,1
48,51,54,42,48,48,36,36,
352.000000,214.000000,0.066052,32972252.000000,0.238705,0,1
60,62,49,47,39,33,31,29,
548.000000,214.000000,0.078442,37263512.000000,0.337402,0,1
91,80,91,81,81,99,85,107,
558.000000,214.000000,0.079615,40613176.000000,0.364516,0,1
126,124,130,112,117,127,103,114,
587.000000,215.000000,0.079371,77479080.000000,0.425979,0,1
146,157,153,171,167,156,188,204,
589.000000,217.000000,0.079313,60795788.000000,0.431834,0,1
156,173,168,204,194,184,207,212,
543.000000,218.000000,0.075345,10900381.000000,0.316144,0,1
101,108,95,116,109,89,118,120,
558.000000,218.000000,0.080364,12877834.000000,0.373398,0,1
114,114,117,87,103,113,82,86,
357.000000,219.000000,0.066302,20565216.000000,0.242833,0,1
32,37,46,33,39,31,26,25,
548.000000,220.000000,0.084912,65722488.000000,0.380432,0,1
88,106,99,112,115,114,117,128,
703.000000,220.000000,0.107030,102845088.000000,1.011248,0,1
65,64,90,39,40,53,34,31,
488.000000,222.000000,0.078665,10925696.000000,0.241567,0,1
56,51,55,42,45,52,38,39,
562.000000,222.000000,0.085490,76849264.000000,0.417658,0,1
98,88,88,116,105,104,138,144,
492.000000,224.000000,0.076986,2361566.250000,0.244621,0,1
58,50,57,42,48,51,41,42,
520.000000,224.000000,0.083840,13695885.000000,0.322633,0,1
87,81,87,67,77,86,61,64,
567.000000,224.000000,0.087837,326758624.000000,0.535473,0,1
102,122,118,135,141,131,151,162,
568.000000,224.000000,0.087957,363922080.000000,0.538590,0,1
107,120,116,139,137,132,155,165,
592.000000,224.000000,0.087336,164101600.000000,0.502444,0,1
213,201,208,175,190,205,176,194,
612.000000,224.000000,0.085054,1302083072.000000,0.649283,0,1
120,161,114,190,152,111,173,178,
469.000000,225.000000,0.092991,115224440.000000,0.419349,0,1
53,56,56,63,62,61,68,68,
606.000000,225.000000,0.086513,78685456.000000,0.530930,0,1
194,203,195,219,205,190,199,202,
502.000000,226.000000,0.082284,18226088.000000,0.285987,0,1
65,55,65,44,53,64,44,45,
529.000000,226.000000,0.089685,67536640.000000,0.374252,0,1
97,81,91,84,90,96,97,102,
590.000000,226.000000,0.088244,102476096.000000,0.506640,0,1
175,179,176,198,191,194,203,197,
668.000000,226.000000,0.100517,136915104.000000,1.211563,0,1
56,57,58,37,50,63,34,32,
518.000000,227.000000,0.090477,69206504.000000,0.356676,0,1
58,54,61,60,66,75,65,70,
537.000000,229.000000,0.087160,8827502.000000,0.473818,0,1
119,113,118,106,107,113,102,102,
477.000000,231.000000,0.092349,27308614.000000,0.298812,0,1
43,60,40,66,56,42,60,42,
578.000000,231.000000,0.094207,38423612.000000,0.608608,0,1
179,180,182,173,176,179,166,170,
640.000000,231.000000,0.091618,53205504.000000,0.666155,0,1
56,95,70,147,117,86,173,195,
679.000000,231.000000,0.104015,106935336.000000,0.908057,0,1
60,47,69,30,36,50,24,19,
467.000000,232.000000,0.087935,49178216.000000,0.319932,0,1
60,46,61,36,50,56,36,37,
478.000000,232.000000,0.091704,31312326.000000,0.300060,0,1
40,56,42,60,46,38,42,39,
574.000000,232.000000,0.092661,16244614.000000,0.597972,0,1
178,170,171,159,165,167,154,151,
603.000000,232.000000,0.096970,25314068.000000,0.615810,0,1
231,232,237,212,225,233,208,211,
626.000000,232.000000,0.086596,25244306.000000,0.587114,0,1
205,216,209,228,223,217,232,235,
639.000000,232.000000,0.091880,51860376.000000,0.667072,0,1
95,147,117,195,173,143,210,219,
642.000000,232.000000,0.091375,37278724.000000,0.670151,0,1
61,100,74,159,128,97,183,196,
589.000000,233.000000,0.097377,81000008.000000,0.582603,0,1
199,186,202,179,190,206,190,198,
462.000000,234.000000,0.099502,14521589.000000,0.348108,0,1
30,31,32,38,37,37,42,42,
648.000000,234.000000,0.096937,59733736.000000,0.836045,0,1
59,99,76,149,123,102,164,182,
520.000000,235.000000,0.101376,82062416.000000,0.477835,0,1
71,66,75,51,67,78,56,69,
656.000000,235.000000,0.099160,34916112.000000,0.875839,0,1
35,60,48,93,77,64,111,122,
495.000000,236.000000,0.091209,8035954.000000,0.334689,0,1
52,47,53,41,42,48,39,37,
244.000000,237.000000,0.106631,43703560.000000,0.865105,0,1
16,15,17,16,17,17,24,22,
249.000000,237.000000,0.106672,17682958.000000,0.859216,0,1
17,16,17,17,17,19,26,23,
277.000000,237.000000,0.098408,19626740.000000,0.712969,0,1
18,17,17,18,21,21,30,26,
283.000000,237.000000,0.097650,20539588.000000,0.547423,0,1
17,16,16,19,20,20,27,26,
316.000000,237.000000,0.116138,3039874.250000,0.567302,0,1
16,15,16,19,20,26,24,27,
594.000000,237.000000,0.098547,29744272.000000,0.611457,0,1
208,201,202,186,187,193,180,183,
159.000000,238.000000,0.094722,19063372.000000,1.119710,0,1
12,12,12,16,14,15,21,14,
160.000000,238.000000,0.094667,18715900.000000,1.116279,0,1
11,12,12,15,15,15,21,14,
180.000000,238.000000,0.083444,10477897.000000,0.966943,0,1
10,11,11,16,16,15,18,12,
184.000000,238.000000,0.090678,15140201.000000,0.772886,0,1
11,11,11,15,15,15,20,12,
550.000000,238.000000,0.102234,87494448.000000,0.522670,0,1
109,96,102,89,101,112,103,111,
267.000000,239.000000,0.096188,26800968.000000,0.735834,0,1
21,27,28,22,21,21,16,16,
294.000000,239.000000,0.096549,27816176.000000,0.504584,0,1
19,24,25,18,19,19,14,15,
302.000000,239.000000,0.096177,38913612.000000,0.483599,0,1
22,33,31,19,19,19,15,15,
304.000000,239.000000,0.096274,29587990.000000,0.472995,0,1
22,31,30,19,19,18,15,15,
555.000000,239.000000,0.100931,21889804.000000,0.528695,0,1
116,117,117,113,109,118,107,102,
611.000000,239.000000,0.100521,171891872.000000,0.678540,0,1
227,228,243,206,229,242,205,202,
664.000000,239.000000,0.101219,676447424.000000,1.216240,0,1
45,72,48,108,78,55,116,126,
80.000000,240.000000,0.091025,11355815.000000,1.382611,0,1
23,26,24,21,20,21,16,16,
120.000000,240.000000,0.091976,10022665.000000,1.325413,0,1
19,25,25,20,20,19,16,16,
160.000000,240.000000,0.095239,16022301.000000,1.119619,0,1
15,21,21,14,14,13,12,12,
184.000000,240.000000,0.094432,26756188.000000,0.797084,0,1
15,20,19,12,12,12,11,11,
234.000000,240.000000,0.094585,22282596.000000,0.644061,0,1
21,21,22,14,15,15,13,13,
256.000000,240.000000,0.094557,24019656.000000,0.768318,0,1
25,25,23,16,16,16,15,16,
611.000000,240.000000,0.103313,46999616.000000,0.705233,0,1
239,217,239,200,214,226,197,192,
663.000000,240.000000,0.102234,244507200.000000,0.923435,0,1
72,108,78,136,116,88,145,155,
556.000000,241.000000,0.106064,59338444.000000,0.571808,0,1
112,101,111,109,107,113,108,116,
434.000000,242.000000,0.108874,4573450.000000,0.359837,0,1
26,29,29,26,28,32,30,34,
466.000000,242.000000,0.100938,12356963.000000,0.351290,0,1
41,43,39,42,36,32,36,38,
526.000000,242.000000,0.113060,130619904.000000,0.710911,0,1
84,79,82,72,75,80,73,73,
606.000000,242.000000,0.106828,34994580.000000,0.725640,0,1
207,206,211,190,201,207,184,178,
668.000000,242.000000,0.104927,195998880.000000,0.958923,0,1
54,92,63,129,105,75,139,146,
577.000000,243.000000,0.105732,16390804.000000,0.670767,0,1
162,154,161,137,151,156,140,140,
584.000000,243.000000,0.106996,37568748.000000,0.702854,0,1
175,167,175,156,163,170,148,153,
430.000000,244.000000,0.111988,3131063.250000,0.380271,0,1
25,25,27,25,27,31,29,31,
454.000000,244.000000,0.107509,12815268.000000,0.374542,0,1
33,30,29,34,32,30,39,40,
495.000000,244.000000,0.108311,39998776.000000,0.442959,0,1
37,42,36,40,39,37,51,48,
624.000000,244.000000,0.109987,37327384.000000,0.815580,0,1
236,231,235,220,227,231,216,218,
458.000000,245.000000,0.109141,18562736.000000,0.396905,0,1
28,29,29,38,35,39,39,40,
473.000000,245.000000,0.111056,24841574.000000,0.426338,0,1
29,31,30,41,37,33,45,45,
616.000000,245.000000,0.108069,313627840.000000,0.773006,0,1
209,190,213,190,197,219,199,201,
640.000000,245.000000,0.105005,36994600.000000,0.815924,0,1
213,218,216,226,223,222,234,231,
498.000000,247.000000,0.110890,11495523.000000,0.472804,0,1
49,48,56,35,43,58,39,43,
677.000000,247.000000,0.109270,110882184.000000,0.984038,0,1
66,97,73,136,110,82,144,146,
680.000000,247.000000,0.107803,96479128.000000,1.023394,0,1
48,64,51,95,72,54,110,125,
400.000000,248.000000,0.112592,3392382.250000,0.407795,0,1
19,19,20,21,22,23,23,25,
679.000000,248.000000,0.110541,87551816.000000,1.007720,0,1
64,95,72,134,110,86,140,139,
484.000000,249.000000,0.115489,17834100.000000,0.477399,0,1
34,34,30,41,40,33,47,50,
494.000000,249.000000,0.121435,16858552.000000,0.534112,0,1
40,37,37,45,42,42,50,51,
664.000000,250.000000,0.116952,173625584.000000,1.038788,0,1
191,195,194,211,205,196,221,207,
686.000000,250.000000,0.111421,32915744.000000,1.045024,0,1
43,65,50,104,83,64,115,115,
633.000000,251.000000,0.119179,53474536.000000,0.956522,0,1
219,231,228,216,219,223,207,205,
660.000000,252.000000,0.118303,181350304.000000,1.044504,0,1
225,230,228,220,216,214,213,214,
600.000000,253.000000,0.118159,52862172.000000,0.835200,0,1
182,177,184,166,171,176,164,160,
598.000000,255.000000,0.119003,80231816.000000,0.841149,0,1
166,166,164,152,155,160,144,140,
625.000000,256.000000,0.116690,71684320.000000,0.910540,0,1
198,198,207,187,201,211,192,192,
676.000000,256.000000,0.121034,278323520.000000,1.144921,0,1
155,172,156,186,170,157,179,180,
648.000000,257.000000,0.124111,92920184.000000,1.081496,0,1
225,226,220,217,215,214,202,197,
564.000000,258.000000,0.111292,19230624.000000,0.894183,0,1
114,112,114,103,108,112,100,103,
622.000000,258.000000,0.119220,51334844.000000,0.931887,0,1
185,183,191,180,184,190,180,182,
680.000000,258.000000,0.123438,499400128.000000,1.196148,0,1
147,155,145,171,156,143,163,154,
671.000000,260.000000,0.126650,117835568.000000,0.845054,0,1
203,196,195,186,186,180,177,189,
646.000000,261.000000,0.128181,116829272.000000,1.133381,0,1
201,204,200,198,195,194,187,188,
596.000000,262.000000,0.126665,36117968.000000,0.929265,0,1
146,135,145,128,131,141,120,124,
432.000000,264.000000,0.113496,17482482.000000,0.582599,0,1
35,34,34,33,33,33,31,30,
643.000000,264.000000,0.130888,78312624.000000,1.162999,0,1
189,191,192,177,183,185,171,175,
622.000000,266.000000,0.130986,151666752.000000,1.085873,0,1
165,161,159,150,151,158,143,142,
629.000000,267.000000,0.132417,297031424.000000,1.133638,0,1
170,170,168,163,164,163,158,151,
704.000000,267.000000,0.131884,75296192.000000,1.652868,0,1
104,114,101,131,120,107,125,122,
364.000000,268.000000,0.118047,872052.812500,0.509216,0,1
21,20,21,20,19,20,19,19,
534.000000,268.000000,0.127434,9512894.000000,0.692128,0,1
72,68,68,68,67,64,67,62,
478.000000,270.000000,0.125205,44772120.000000,0.606068,0,1
45,44,48,41,43,47,41,38,
590.000000,271.000000,0.132505,17304054.000000,1.129968,0,1
126,120,124,114,117,119,109,105,
599.000000,272.000000,0.138592,28675032.000000,0.937665,0,1
131,122,129,119,121,124,115,112,
613.000000,272.000000,0.137763,15403064.000000,0.757626,0,1
146,143,146,130,131,134,127,130,
247.000000,273.000000,0.131071,26023632.000000,1.048958,0,1
19,18,18,12,12,13,10,10,
671.000000,278.000000,0.158088,20555948.000000,1.307657,0,1
168,166,168,178,172,172,175,169,
632.000000,279.000000,0.144142,20125764.000000,1.095547,0,1
140,148,136,157,154,135,154,151,
698.000000,280.000000,0.149463,25027386.000000,1.379183,0,1
164,171,164,161,161,156,153,151,
637.000000,283.000000,0.145964,27579400.000000,1.138598,0,1
132,145,132,151,151,133,155,154,
645.000000,288.000000,0.155344,19406516.000000,1.214874,0,1
139,140,136,156,144,135,154,152,
703.000000,290.000000,0.158166,1966077.250000,0.762439,0,1
154,157,153,165,163,159,172,175,
676.000000,292.000000,0.160529,1854439.000000,0.413031,0,1
175,172,176,165,171,172,163,160,
656.000000,258.000000,0.124726,269544224.000000,1.121605,0,1
220,219,218,211,208,205,200,197,
501.000000,239.000000,0.104677,33715020.000000,0.449760,0,1
57,48,59,39,54,63,48,57,
426.000000,229.000000,0.064446,6285090.500000,0.227467,0,1
39,36,36,33,33,31,31,28,
580.000000,219.000000,0.082305,110323328.000000,0.434141,0,1
189,177,190,155,159,173,145,162,
574.000000,219.000000,0.082811,144028960.000000,0.424076,0,1
158,146,171,120,139,153,125,140,
351.000000,214.000000,0.065851,47333984.000000,0.240490,0,1
62,61,56,46,44,36,33,31,
617.000000,207.000000,0.074276,699231744.000000,0.447305,0,1
162,149,184,76,151,199,47,45,
624.000000,206.000000,0.076595,1019560896.000000,0.278204,0,1
79,138,54,189,99,53,171,105,
468.000000,204.000000,0.064995,14390256.000000,0.097949,0,1
80,65,90,78,90,104,62,47,
187.000000,201.000000,0.064581,1148010112.000000,0.758687,0,1
24,29,14,31,24,11,25,17,
512.000000,193.000000,0.042642,140115584.000000,0.194906,0,1
101,96,93,84,88,82,76,70,
136.000000,190.000000,0.032075,373490464.000000,0.268744,0,1
65,79,64,90,67,59,79,52,
671.000000,123.000000,0.066685,1074457984.000000,0.477553,0,1
42,26,59,18,44,47,28,46,
186.000000,184.000000,0.064559,594892480.000000,0.407983,0,1
42,51,22,52,39,12,46,41,
292.000000,178.000000,0.039206,490937792.000000,0.148725,0,1
42,44,79,29,71,90,42,58,
611.000000,135.000000,0.034849,145994160.000000,0.173121,0,1
36,38,34,50,40,47,135,228,
639.000000,135.000000,0.040415,1610593536.000000,0.233885,0,1
53,36,119,41,85,172,72,155,
672.000000,135.000000,0.047829,2396925952.000000,0.325162,0,1
31,29,77,35,68,183,42,85,
383.000000,176.000000,0.031104,74138832.000000,0.063864,0,1
43,65,70,98,95,102,99,90,
217.000000,176.000000,0.031579,1141318656.000000,0.176127,0,1
133,66,209,39,66,99,29,27,
211.000000,174.000000,0.031850,2175427584.000000,0.182603,0,1
160,252,93,119,170,62,117,37,
594.000000,137.000000,0.033412,1006393216.000000,0.150422,0,1
36,29,102,33,110,114,32,65,
218.000000,172.000000,0.031717,2300067840.000000,0.175623,0,1
36,49,145,149,175,235,123,245,
605.000000,138.000000,0.034487,2023247360.000000,0.165633,0,1
117,206,65,213,148,63,197,106,
525.000000,171.000000,0.032639,420215232.000000,0.090756,0,1
50,51,56,46,115,59,191,209,
647.000000,139.000000,0.042866,1807360000.000000,0.258756,0,1
204,102,178,30,141,129,45,45,
228.000000,170.000000,0.030554,291820224.000000,0.096451,0,1
180,240,185,194,149,98,64,25,
616.000000,169.000000,0.036816,1083735552.000000,0.190227,0,1
168,152,89,140,124,48,72,39,
584.000000,141.000000,0.033329,1011040064.000000,0.246276,0,1
30,33,50,46,72,67,164,178,
86.000000,142.000000,0.033925,12340671.000000,0.309115,0,1
23,24,24,25,25,25,26,36,
630.000000,168.000000,0.039020,906399552.000000,0.217041,0,1
158,60,138,48,96,91,68,58,
617.000000,167.000000,0.036763,1466777728.000000,0.190635,0,1
54,135,53,142,96,51,155,71,
629.000000,166.000000,0.039007,2156441088.000000,0.215696,0,1
139,80,198,39,115,151,37,59,
636.000000,165.000000,0.040274,1260728064.000000,0.230798,0,1
169,155,148,60,158,81,56,62,
585.000000,144.000000,0.033030,1308174976.000000,0.140676,0,1
89,178,94,222,174,86,243,172,
584.000000,162.000000,0.029132,95938632.000000,0.122891,0,1
189,142,152,78,91,103,32,29,
582.000000,162.000000,0.032954,410680960.000000,0.236654,0,1
171,152,142,74,78,91,35,25,
635.000000,145.000000,0.040391,722294080.000000,0.229273,0,1
60,40,101,48,49,81,57,66,
557.000000,161.000000,0.032825,1040757312.000000,0.139203,0,1
150,180,155,192,105,74,100,54,
274.000000,161.000000,0.030743,156650592.000000,0.075635,0,1
172,186,249,80,151,213,35,33,
231.000000,146.000000,0.031987,3175163648.000000,0.164372,0,1
111,77,152,43,203,249,110,211,
415.000000,146.000000,0.029982,1107128.875000,0.007103,0,1
49,89,54,134,172,60,255,253,
606.000000,146.000000,0.034594,1124279168.000000,0.167055,0,1
128,80,140,62,78,99,55,61,
544.000000,147.000000,0.033412,516672544.000000,0.106525,0,1
237,255,226,235,96,54,74,52,
336.000000,160.000000,0.031776,169449440.000000,0.075201,0,1
240,215,245,86,134,207,40,36,
258.000000,148.000000,0.032167,974437184.000000,0.142059,0,1
238,207,253,63,132,172,39,28,
323.000000,160.000000,0.032100,517398624.000000,0.086995,0,1
202,231,101,252,150,24,195,92,
698.000000,159.000000,0.053490,4871692800.000000,0.408007,0,1
112,169,81,172,103,39,144,81,
643.000000,148.000000,0.042266,2313915648.000000,0.280086,0,1
61,34,111,33,98,133,49,37,
672.000000,158.000000,0.048145,534841472.000000,0.197244,0,1
34,29,110,22,71,141,27,28,
595.000000,157.000000,0.032346,2058500352.000000,0.146441,0,1
92,53,197,34,145,192,63,99,
548.000000,156.000000,0.032889,1081995776.000000,0.130432,0,1
219,134,201,36,136,118,37,69,
251.000000,154.000000,0.032219,2517624320.000000,0.158686,0,1
82,73,211,39,148,226,45,35,
244.000000,154.000000,0.031708,1242445184.000000,0.151994,0,1
173,227,154,236,101,37,129,38,
346.000000,152.000000,0.032193,192583712.000000,0.066737,0,1
219,255,179,255,162,36,207,58,
318.000000,152.000000,0.031696,999194752.000000,0.089165,0,1
91,238,54,255,119,23,146,36,
476.000000,215.000000,0.081593,7712699.500000,0.200692,0,1
50,43,58,41,53,62,43,44,
404.000000,160.000000,0.033159,51431040.000000,0.049971,0,1
255,202,226,64,119,127,45,40,
615.000000,207.000000,0.075330,482511040.000000,0.450878,0,1
125,105,149,44,76,151,48,64,
654.000000,72.000000,0.140120,4345106.000000,1.239668,0,1
18,19,19,21,22,23,25,25,
473.000000,80.000000,0.181242,2153417.000000,0.634282,0,1
6,6,11,6,9,16,8,13,
522.000000,146.000000,0.033647,421032928.000000,0.087820,0,1
46,38,106,33,74,201,82,134,
488.000000,169.000000,0.032502,382980832.000000,0.059767,0,1
213,96,251,50,186,184,54,56,
364.000000,141.000000,0.031654,143009632.000000,0.049969,0,1
31,143,38,186,139,110,255,254,
318.000000,166.000000,0.031828,708473088.000000,0.091324,0,1
49,204,29,220,141,24,178,32,
486.000000,142.000000,0.032283,220412912.000000,0.053340,0,1
170,143,254,54,226,245,58,48,
