# timestamp
1608635236892055808

# fx, fy, cx, cy, width, height, npoints
501.487183,501.475311,421.779266,167.666153,800,400,569

# camToWorld: translation vector, rotation quaternion
-14.805198,44.063633,7.042702,-0.717759,0.041584,-0.010759,0.694965

# Exposure time (ms)
0.256968

# GPS Data
# GPSData: Covariance matrix
0.000021,0.000000,0.000000,0.000000,0.000042,0.000000,0.000000,0.000000,0.000085

# GPSData: GPS point
46.789908,2.585183,6.283683

# Point Cloud Data : 
# u,v,idepth_scaled,idepth_hessian,maxRelBaseline,numGoodRes,status 
# color information 
755.000000,48.000000,0.045613,57411504.000000,0.489696,0,1
11,12,12,13,14,19,24,37,
743.000000,56.000000,0.044328,29871910.000000,0.457856,0,1
47,46,43,41,37,30,25,22,
748.000000,88.000000,0.042573,79269624.000000,0.423777,0,1
21,20,17,20,14,10,16,13,
749.000000,88.000000,0.042141,19420786.000000,0.395150,0,1
21,19,16,17,12,9,12,10,
747.000000,93.000000,0.042897,333348352.000000,0.421745,0,1
18,22,14,26,19,13,24,20,
747.000000,99.000000,0.043027,351444608.000000,0.419531,0,1
20,26,16,27,20,14,26,21,
737.000000,100.000000,0.043197,311646880.000000,0.404633,0,1
13,6,19,6,13,24,6,13,
700.000000,112.000000,0.033737,33093362.000000,0.284762,0,1
11,12,11,12,11,9,11,12,
738.000000,113.000000,0.042926,535048704.000000,0.398351,0,1
20,12,25,9,21,28,13,21,
748.000000,120.000000,0.042825,227454960.000000,0.411713,0,1
18,23,16,26,19,15,23,18,
738.000000,124.000000,0.042858,433332000.000000,0.394560,0,1
20,12,23,9,19,25,12,19,
737.000000,126.000000,0.043108,248406368.000000,0.394166,0,1
12,9,19,9,12,23,9,12,
747.000000,126.000000,0.042874,270691456.000000,0.409197,0,1
22,26,19,28,23,16,27,23,
588.000000,130.000000,0.550739,6387035.000000,0.901014,0,1
19,13,24,12,19,26,13,18,
738.000000,139.000000,0.042848,474850208.000000,0.392560,0,1
18,11,24,8,17,26,12,18,
738.000000,149.000000,0.042949,367833696.000000,0.393662,0,1
17,11,22,8,16,24,11,16,
97.000000,153.000000,0.234640,19802930.000000,1.259734,0,1
25,26,28,31,33,35,42,44,
738.000000,155.000000,0.042961,338785152.000000,0.394619,0,1
15,11,22,8,15,25,10,15,
738.000000,171.000000,0.043024,66784852.000000,0.400364,0,1
15,13,19,9,14,22,10,14,
734.000000,202.000000,0.077386,14425571.000000,0.624559,0,1
12,10,11,11,13,15,16,20,
696.000000,250.000000,0.134147,27750604.000000,0.856308,0,1
17,20,14,18,17,11,20,17,
696.000000,252.000000,0.133926,29441988.000000,0.858480,0,1
17,20,13,18,17,11,19,17,
720.000000,268.000000,0.134045,104712776.000000,0.981187,0,1
14,14,16,19,19,20,28,33,
724.000000,268.000000,0.133612,129276152.000000,0.989286,0,1
11,15,14,20,23,25,32,36,
730.000000,268.000000,0.133355,136245888.000000,1.002826,0,1
11,16,17,26,28,28,34,37,
707.000000,272.000000,0.135378,168697872.000000,0.968921,0,1
23,24,28,30,32,34,39,41,
36.000000,281.000000,0.130933,3669711.750000,1.074796,0,1
59,55,53,68,71,75,72,63,
734.000000,283.000000,0.147983,31920986.000000,0.748185,0,1
42,48,47,57,59,61,70,71,
713.000000,285.000000,0.149744,48544756.000000,0.720343,0,1
48,51,51,62,69,72,79,80,
714.000000,285.000000,0.149730,41796804.000000,0.722029,0,1
47,52,48,65,72,72,80,77,
692.000000,286.000000,0.150294,124479872.000000,0.972443,0,1
54,54,55,59,61,63,80,86,
694.000000,286.000000,0.150493,38520916.000000,0.690948,0,1
53,55,55,61,63,68,85,89,
704.000000,286.000000,0.149797,41535796.000000,0.705846,0,1
44,54,55,69,69,71,78,74,
693.000000,287.000000,0.150038,46009624.000000,0.688735,0,1
55,61,63,80,85,84,86,87,
718.000000,287.000000,0.151623,13468533.000000,0.418512,0,1
71,83,79,76,74,72,62,54,
735.000000,287.000000,0.150791,16680173.000000,1.004162,0,1
72,60,63,53,51,52,48,45,
712.000000,288.000000,0.152242,28372824.000000,0.731615,0,1
79,81,80,67,65,63,59,53,
700.000000,289.000000,0.152998,37515100.000000,0.713188,0,1
80,82,79,69,68,66,57,60,
414.000000,298.000000,0.158948,3827208.250000,0.676468,0,1
62,66,62,65,64,59,62,58,
737.000000,91.000000,0.043612,169857360.000000,0.413080,0,1
18,12,18,7,11,21,7,11,
726.000000,158.000000,0.055598,12580353.000000,0.458480,0,1
8,8,9,9,11,13,13,15,
705.000000,21.000000,0.037291,316261632.000000,0.405803,0,1
29,30,38,26,39,39,29,37,
713.000000,169.000000,0.077269,115164904.000000,0.569864,0,1
13,8,17,7,12,20,7,11,
693.000000,176.000000,0.068993,23147454.000000,0.494623,0,1
10,14,8,20,14,12,23,23,
713.000000,176.000000,0.077150,79972264.000000,0.571074,0,1
12,8,17,8,13,21,11,19,
713.000000,194.000000,0.077222,40802356.000000,0.539256,0,1
12,8,17,6,10,19,6,8,
714.000000,198.000000,0.078114,37299588.000000,0.546799,0,1
14,8,18,6,15,19,9,17,
710.000000,208.000000,0.069243,31392600.000000,0.536280,0,1
11,16,9,21,12,8,18,18,
686.000000,212.000000,0.136833,15686364.000000,0.793601,0,1
27,34,27,24,23,20,21,19,
30.000000,252.000000,0.098764,3906623.000000,0.859034,0,1
60,60,60,64,65,65,69,67,
657.000000,259.000000,0.119647,21654804.000000,0.732991,0,1
17,29,20,38,33,31,40,41,
659.000000,259.000000,0.120958,23997400.000000,0.742131,0,1
19,20,18,33,31,22,39,42,
669.000000,262.000000,0.124946,24469902.000000,0.783692,0,1
21,21,19,35,24,16,41,41,
674.000000,264.000000,0.127144,4893600.000000,0.691333,0,1
18,20,17,38,31,22,42,45,
40.000000,278.000000,0.130486,2399680.750000,1.059189,0,1
59,58,60,59,60,60,60,66,
57.000000,278.000000,0.127727,12309515.000000,0.992582,0,1
58,59,59,60,60,58,67,72,
54.000000,279.000000,0.127996,25581600.000000,1.003654,0,1
60,60,60,65,66,67,77,74,
62.000000,281.000000,0.128325,10785439.000000,0.981589,0,1
72,74,75,68,68,65,63,62,
49.000000,282.000000,0.129005,19426706.000000,1.024522,0,1
78,76,76,68,66,63,59,60,
730.000000,59.000000,0.043047,15977436.000000,0.431393,0,1
46,46,44,43,40,33,26,22,
714.000000,190.000000,0.077877,106155552.000000,0.581747,0,1
14,8,19,6,16,19,12,18,
470.000000,107.000000,0.011811,258656576.000000,0.023703,0,1
163,160,155,106,103,99,36,35,
712.000000,166.000000,0.076745,62784604.000000,0.566113,0,1
15,12,13,9,9,17,9,8,
714.000000,23.000000,0.037824,1065302848.000000,0.363724,0,1
24,35,21,45,24,19,33,24,
679.000000,29.000000,0.034695,28365338.000000,0.353327,0,1
38,37,34,34,31,30,26,21,
710.000000,39.000000,0.037509,623093760.000000,0.384962,0,1
36,32,49,34,35,45,31,37,
704.000000,41.000000,0.037325,456914048.000000,0.374702,0,1
27,21,34,24,25,38,21,24,
705.000000,44.000000,0.037376,597470336.000000,0.372024,0,1
33,24,37,21,32,37,22,32,
705.000000,49.000000,0.037385,557659840.000000,0.364820,0,1
32,23,37,20,31,36,23,30,
710.000000,54.000000,0.037139,450489376.000000,0.364561,0,1
32,29,45,31,31,39,27,32,
710.000000,57.000000,0.038219,268618464.000000,0.346670,0,1
31,27,42,30,32,38,26,30,
693.000000,97.000000,0.036984,98296336.000000,0.305845,0,1
21,20,18,20,12,8,18,14,
693.000000,118.000000,0.037436,254927280.000000,0.303902,0,1
19,24,16,28,19,14,25,19,
693.000000,119.000000,0.037426,241837456.000000,0.303661,0,1
19,26,15,28,19,14,24,19,
693.000000,171.000000,0.058743,50109568.000000,0.436989,0,1
12,21,10,25,13,8,17,10,
677.000000,185.000000,0.066928,87410408.000000,0.523526,0,1
15,19,10,20,16,11,20,16,
633.000000,208.000000,0.116182,2301969.750000,0.888504,0,1
22,25,23,15,17,20,16,18,
680.000000,208.000000,0.067060,9270767.000000,0.538966,0,1
15,16,17,21,19,19,23,23,
614.000000,242.000000,0.109469,10327604.000000,0.790026,0,1
19,19,23,16,21,25,16,18,
629.000000,252.000000,0.111439,93494048.000000,0.871448,0,1
30,25,28,33,37,38,34,33,
636.000000,252.000000,0.111852,22750530.000000,0.899319,0,1
17,22,16,34,31,24,40,42,
55.000000,253.000000,0.098411,25354570.000000,0.825456,0,1
70,78,77,68,68,67,62,61,
615.000000,265.000000,0.124465,19045530.000000,0.978997,0,1
55,53,51,56,49,45,55,55,
618.000000,265.000000,0.125765,20619748.000000,1.004519,0,1
55,53,56,43,51,55,51,55,
63.000000,278.000000,0.127807,35672380.000000,1.163837,0,1
60,59,60,60,63,64,72,75,
73.000000,278.000000,0.127169,44932728.000000,1.129619,0,1
58,58,59,63,64,66,74,70,
91.000000,279.000000,0.127625,46881572.000000,1.086635,0,1
68,72,74,68,69,70,63,62,
76.000000,280.000000,0.127499,31619522.000000,1.126870,0,1
68,77,74,69,64,62,61,61,
77.000000,280.000000,0.127369,42274760.000000,1.122611,0,1
68,76,73,67,63,63,60,61,
84.000000,280.000000,0.127905,41582940.000000,1.109897,0,1
73,70,69,63,63,62,61,62,
68.000000,281.000000,0.128829,39441432.000000,1.166085,0,1
70,70,71,63,63,63,61,60,
190.000000,297.000000,0.151002,62425932.000000,1.084614,0,1
96,100,78,100,76,63,76,63,
98.000000,280.000000,0.126813,41323636.000000,1.059969,0,1
78,69,68,64,65,64,64,62,
364.000000,276.000000,0.131832,5624342.000000,1.157730,0,1
58,59,59,61,59,60,62,64,
101.000000,276.000000,0.126550,41843824.000000,1.043222,0,1
63,63,64,64,69,71,78,77,
55.000000,251.000000,0.097867,23475890.000000,0.818685,0,1
61,63,64,68,70,70,78,68,
713.000000,27.000000,0.037765,1427573504.000000,0.360358,0,1
33,46,25,49,35,20,50,35,
714.000000,28.000000,0.037839,1594045440.000000,0.407312,0,1
25,35,20,50,25,18,35,26,
705.000000,30.000000,0.037311,734138368.000000,0.391441,0,1
37,28,42,23,37,42,27,35,
694.000000,74.000000,0.042693,7184744.000000,0.356379,0,1
27,26,24,23,18,14,10,7,
670.000000,175.000000,0.067662,15509087.000000,0.449292,0,1
9,13,12,21,20,19,25,22,
84.000000,278.000000,0.126933,43673736.000000,1.096298,0,1
60,62,63,72,73,76,70,63,
710.000000,46.000000,0.037241,619088064.000000,0.343900,0,1
36,26,43,32,35,45,26,34,
685.000000,103.000000,0.037527,442563680.000000,0.455295,0,1
11,7,17,6,12,21,8,11,
686.000000,104.000000,0.037410,509756448.000000,0.455121,0,1
17,12,21,8,18,24,11,20,
686.000000,107.000000,0.037286,593389504.000000,0.452750,0,1
19,12,23,9,21,26,13,22,
419.000000,111.000000,0.000294,115969424.000000,0.003943,0,1
106,111,115,119,123,127,130,135,
686.000000,113.000000,0.037288,542693440.000000,0.451564,0,1
21,13,23,9,21,27,14,21,
426.000000,118.000000,0.008903,226330576.000000,0.055647,0,1
109,101,102,93,90,89,57,36,
686.000000,119.000000,0.037238,558741568.000000,0.449765,0,1
21,14,25,9,21,27,14,20,
685.000000,143.000000,0.037175,484980896.000000,0.444707,0,1
12,8,19,8,11,25,8,11,
685.000000,158.000000,0.037040,319938464.000000,0.442757,0,1
9,7,16,7,9,22,7,9,
685.000000,175.000000,0.037208,128839592.000000,0.445644,0,1
9,10,15,14,13,23,20,25,
516.000000,184.000000,0.067850,4776911.000000,0.231294,0,1
32,32,32,21,27,29,21,23,
608.000000,200.000000,0.107882,26156452.000000,1.288506,0,1
27,29,27,23,24,24,24,20,
554.000000,202.000000,0.087415,4582201.500000,0.414937,0,1
18,21,17,27,23,19,29,30,
605.000000,218.000000,0.107496,164565904.000000,1.288566,0,1
19,11,20,10,17,21,10,17,
574.000000,244.000000,0.103526,36346104.000000,1.099621,0,1
23,26,24,34,28,26,42,49,
574.000000,245.000000,0.103500,53968792.000000,1.101425,0,1
25,29,26,45,39,32,50,52,
581.000000,248.000000,0.106699,50978016.000000,1.197452,0,1
26,30,28,47,39,31,52,54,
588.000000,250.000000,0.109073,67491400.000000,1.282204,0,1
26,30,27,43,36,32,49,50,
603.000000,250.000000,0.111200,60715632.000000,1.408739,0,1
17,19,17,23,21,20,32,38,
85.000000,251.000000,0.097536,139665008.000000,1.182595,0,1
63,76,76,74,74,73,63,60,
77.000000,252.000000,0.098215,91922072.000000,1.220230,0,1
69,72,73,66,66,66,61,60,
84.000000,252.000000,0.097681,112690624.000000,1.189364,0,1
76,74,74,66,63,62,59,58,
591.000000,252.000000,0.109244,93658320.000000,1.306924,0,1
31,44,41,49,49,47,51,53,
64.000000,253.000000,0.098568,51417720.000000,1.268517,0,1
73,72,70,64,64,63,61,61,
352.000000,262.000000,0.116219,10207767.000000,1.124969,0,1
67,65,64,64,64,64,60,59,
486.000000,268.000000,0.126678,6239523.000000,0.582789,0,1
59,59,59,61,60,59,64,67,
132.000000,274.000000,0.125238,375235360.000000,1.958229,0,1
61,60,61,67,70,71,83,82,
110.000000,276.000000,0.126540,212455344.000000,1.683299,0,1
62,63,65,73,77,79,78,70,
138.000000,276.000000,0.126118,444834112.000000,1.553328,0,1
75,89,89,77,77,76,66,61,
140.000000,276.000000,0.125932,471441728.000000,1.541035,0,1
77,89,89,77,76,74,64,62,
256.000000,276.000000,0.130767,2163171.500000,2.246289,0,1
61,62,61,59,62,62,61,64,
116.000000,278.000000,0.126768,286781568.000000,1.666885,0,1
79,78,76,65,65,65,62,62,
198.000000,280.000000,0.134144,49674948.000000,1.450796,0,1
61,62,75,63,77,95,81,98,
206.000000,281.000000,0.133848,97138664.000000,1.412116,0,1
96,97,82,95,81,65,79,66,
195.000000,283.000000,0.137300,102431880.000000,1.587343,0,1
63,64,81,64,84,95,85,93,
194.000000,293.000000,0.147257,33002976.000000,1.020484,0,1
94,97,75,97,77,63,78,62,
200.000000,287.000000,0.140339,46538704.000000,0.921486,0,1
92,96,78,97,79,62,81,64,
125.000000,277.000000,0.126656,470344704.000000,1.622957,0,1
79,84,86,70,69,68,63,60,
672.000000,32.000000,0.034251,154200144.000000,0.418337,0,1
39,38,33,32,30,27,22,24,
552.000000,206.000000,0.083464,30990860.000000,0.390142,0,1
31,23,32,18,26,32,19,22,
685.000000,108.000000,0.037373,546942720.000000,0.452022,0,1
12,9,21,7,13,25,9,14,
686.000000,175.000000,0.037207,181065936.000000,0.447316,0,1
14,10,21,13,17,25,20,25,
685.000000,119.000000,0.037300,460314880.000000,0.448981,0,1
14,9,21,8,14,25,9,14,
686.000000,160.000000,0.036969,410085088.000000,0.443283,0,1
17,9,22,7,16,22,9,16,
685.000000,138.000000,0.037274,389010720.000000,0.446361,0,1
12,9,17,9,12,25,8,12,
686.000000,139.000000,0.037176,581509632.000000,0.446606,0,1
17,12,25,8,19,26,12,19,
686.000000,144.000000,0.037116,654715264.000000,0.445500,0,1
19,11,25,8,19,27,11,18,
55.000000,232.000000,0.077782,36545304.000000,0.926527,0,1
58,59,60,64,67,67,75,72,
664.000000,43.000000,0.033451,501053504.000000,0.559643,0,1
26,19,28,18,24,24,19,21,
552.000000,83.000000,0.017437,220934224.000000,0.115383,0,1
92,89,88,76,78,77,36,22,
574.000000,94.000000,0.049146,117524848.000000,0.390457,0,1
28,23,32,22,35,45,29,36,
247.000000,134.000000,0.003465,29360330.000000,0.014948,0,1
76,64,75,46,53,49,36,40,
660.000000,142.000000,0.032836,113963792.000000,0.503123,0,1
12,13,9,15,11,7,14,12,
661.000000,174.000000,0.031350,28900016.000000,0.479463,0,1
12,15,9,21,17,14,27,23,
649.000000,197.000000,0.043936,59681748.000000,0.690388,0,1
19,15,13,23,21,20,21,19,
64.000000,229.000000,0.071503,9881106.000000,1.138969,0,1
59,58,59,60,62,64,67,63,
567.000000,230.000000,0.087697,22523082.000000,1.285978,0,1
14,15,13,24,20,15,28,29,
557.000000,232.000000,0.088952,95691696.000000,1.255608,0,1
21,23,21,33,29,26,46,49,
574.000000,232.000000,0.083923,17940926.000000,1.247770,0,1
15,14,13,26,19,14,29,29,
72.000000,235.000000,0.079649,107648464.000000,1.305622,0,1
66,68,67,61,61,60,59,60,
583.000000,235.000000,0.091883,7302980.000000,1.511739,0,1
14,15,13,22,18,15,23,24,
563.000000,238.000000,0.094753,103526872.000000,1.458188,0,1
26,34,26,49,35,27,45,46,
573.000000,245.000000,0.103404,40126240.000000,1.793965,0,1
26,34,28,49,42,35,51,53,
111.000000,248.000000,0.096432,211972208.000000,1.592152,0,1
64,61,61,64,66,68,72,68,
114.000000,248.000000,0.096221,138733952.000000,1.573208,0,1
63,61,61,66,67,67,73,67,
400.000000,248.000000,0.102048,4532307.500000,0.698388,0,1
58,57,58,58,58,59,61,62,
97.000000,249.000000,0.096577,246214240.000000,1.660220,0,1
61,59,59,68,70,71,75,69,
129.000000,249.000000,0.095905,117978712.000000,1.500318,0,1
67,75,73,70,68,67,62,61,
120.000000,250.000000,0.096104,80075024.000000,1.547479,0,1
68,70,71,63,63,62,60,60,
352.000000,250.000000,0.106778,9698417.000000,1.031072,0,1
60,60,61,62,63,61,63,67,
336.000000,256.000000,0.109173,17404214.000000,1.186482,0,1
60,60,58,64,61,60,64,66,
284.000000,262.000000,0.114565,6414785.000000,1.727107,0,1
59,59,59,59,61,63,63,66,
216.000000,263.000000,0.114974,70988824.000000,1.585343,0,1
66,64,69,67,73,91,74,94,
209.000000,269.000000,0.121009,172827824.000000,1.815603,0,1
65,67,70,67,70,85,77,78,
187.000000,271.000000,0.122704,2269419264.000000,2.011821,0,1
62,61,61,73,77,80,93,88,
151.000000,272.000000,0.124158,813329472.000000,2.297066,0,1
63,61,62,62,63,64,71,95,
176.000000,272.000000,0.123239,729339072.000000,1.331899,0,1
61,62,63,81,84,89,95,77,
193.000000,273.000000,0.124152,526099072.000000,1.278121,0,1
82,94,94,77,74,72,66,64,
196.000000,273.000000,0.123648,512113088.000000,1.257722,0,1
83,91,86,73,72,68,66,63,
203.000000,273.000000,0.124097,413872640.000000,1.422090,0,1
85,79,78,70,69,74,65,70,
179.000000,274.000000,0.124513,742235584.000000,1.346115,0,1
89,98,97,76,73,70,66,64,
155.000000,275.000000,0.125272,598010240.000000,1.464295,0,1
76,93,95,86,84,82,66,64,
182.000000,274.000000,0.124522,652531008.000000,1.333400,0,1
90,96,93,71,71,68,65,64,
159.000000,272.000000,0.123799,1420753152.000000,2.232431,0,1
62,60,64,62,64,64,82,94,
570.000000,231.000000,0.088004,29683712.000000,1.314928,0,1
14,15,14,27,23,16,32,31,
213.000000,274.000000,0.125663,33741648.000000,1.223274,0,1
91,92,80,94,79,63,74,64,
479.000000,105.000000,0.014806,837330368.000000,0.053899,0,1
56,134,36,159,64,34,134,46,
643.000000,43.000000,0.031039,137588768.000000,0.634770,0,1
36,33,30,31,27,20,27,25,
551.000000,75.000000,0.002476,25631918.000000,0.022292,0,1
87,88,92,92,96,98,97,100,
573.000000,95.000000,0.049047,219451520.000000,0.567585,0,1
23,22,35,27,29,45,24,23,
644.000000,104.000000,0.033203,283803712.000000,0.650206,0,1
21,21,20,18,15,20,10,8,
651.000000,108.000000,0.033287,636026688.000000,0.669280,0,1
16,22,13,23,17,12,21,17,
645.000000,114.000000,0.032975,904760896.000000,0.643421,0,1
13,9,19,9,13,22,10,13,
651.000000,114.000000,0.033271,628859072.000000,0.666682,0,1
19,23,14,25,19,13,24,19,
645.000000,122.000000,0.032923,1111926400.000000,0.639774,0,1
14,10,21,9,14,26,10,15,
646.000000,139.000000,0.032863,1183519232.000000,0.637529,0,1
20,13,25,9,19,27,13,20,
651.000000,144.000000,0.033177,379954592.000000,0.657912,0,1
24,28,20,27,24,16,27,23,
646.000000,152.000000,0.032873,789720192.000000,0.636877,0,1
18,12,24,10,17,24,11,15,
647.000000,156.000000,0.032852,755953792.000000,0.638898,0,1
20,15,23,11,22,24,17,23,
260.000000,163.000000,0.020643,177795328.000000,0.226566,0,1
22,37,33,64,60,56,74,64,
556.000000,226.000000,0.082040,258910048.000000,1.612811,0,1
14,16,13,36,29,17,39,36,
545.000000,227.000000,0.082561,114979512.000000,1.540260,0,1
25,32,21,45,37,28,47,48,
104.000000,233.000000,0.077988,255161920.000000,1.594443,0,1
62,70,70,67,66,64,61,59,
139.000000,249.000000,0.095597,485699456.000000,2.088715,0,1
72,75,75,66,65,65,63,61,
332.000000,252.000000,0.101446,72475480.000000,1.164900,0,1
64,66,63,64,61,60,60,61,
231.000000,257.000000,0.107206,112205616.000000,1.296549,0,1
84,89,69,89,69,61,71,63,
238.000000,241.000000,0.092637,514858880.000000,0.947005,0,1
59,61,61,67,66,75,78,84,
94.000000,234.000000,0.078582,145796448.000000,1.661147,0,1
67,72,70,63,64,63,61,60,
645.000000,108.000000,0.032986,1206203648.000000,0.645999,0,1
13,7,19,7,13,22,8,12,
651.000000,122.000000,0.033259,590064768.000000,0.663908,0,1
20,25,16,27,22,15,26,22,
647.000000,167.000000,0.032775,1084323200.000000,0.637901,0,1
23,16,26,11,23,28,16,24,
437.000000,116.000000,0.012551,238970336.000000,0.039110,0,1
79,90,38,111,69,41,94,60,
643.000000,72.000000,0.030894,538795264.000000,0.737591,0,1
21,27,18,27,22,17,27,23,
94.000000,222.000000,0.067081,86967592.000000,1.600451,0,1
66,70,71,70,70,65,64,62,
591.000000,222.000000,0.052450,231676272.000000,1.181864,0,1
17,19,16,25,18,13,26,27,
525.000000,223.000000,0.079634,390288864.000000,1.684554,0,1
15,18,16,22,19,17,32,45,
532.000000,225.000000,0.080792,883768064.000000,1.815615,0,1
14,21,19,35,32,30,49,53,
188.000000,244.000000,0.094135,278196448.000000,2.249050,0,1
62,60,60,61,63,65,68,65,
164.000000,245.000000,0.094821,1154476416.000000,2.484834,0,1
65,66,65,66,66,66,75,68,
210.000000,245.000000,0.093425,1073878912.000000,1.555857,0,1
71,80,79,68,67,66,64,62,
171.000000,247.000000,0.094574,698948736.000000,2.424127,0,1
66,73,72,65,64,63,58,63,
230.000000,250.000000,0.101277,373494432.000000,1.707038,0,1
62,64,70,63,70,93,68,79,
231.000000,250.000000,0.101654,553780160.000000,1.711050,0,1
64,65,81,66,84,93,77,81,
308.000000,242.000000,0.093914,215763008.000000,1.280320,0,1
60,61,61,67,66,64,69,67,
531.000000,225.000000,0.080715,837731456.000000,1.801596,0,1
15,22,20,37,34,30,50,54,
303.000000,124.000000,0.004472,154782016.000000,0.019087,0,1
104,116,124,103,83,129,81,73,
304.000000,242.000000,0.094651,63463692.000000,1.325298,0,1
61,59,61,59,64,67,61,66,
342.000000,122.000000,0.003803,102725600.000000,0.009416,0,1
170,146,152,106,120,130,74,77,
517.000000,224.000000,0.078181,785112512.000000,2.039936,0,1
23,36,32,46,46,44,45,47,
248.000000,240.000000,0.089861,884671616.000000,2.067213,0,1
97,98,73,100,72,61,72,61,
225.000000,242.000000,0.092786,4863919616.000000,2.485747,0,1
62,62,61,66,67,68,76,66,
202.000000,243.000000,0.093689,3634713088.000000,2.796415,0,1
62,62,63,64,65,67,71,69,
210.000000,243.000000,0.092992,3366548736.000000,2.013382,0,1
63,64,65,70,71,74,80,67,
223.000000,244.000000,0.093095,2115532416.000000,1.921137,0,1
66,75,76,70,68,66,65,64,
206.000000,245.000000,0.093783,2928469504.000000,2.094859,0,1
69,80,82,69,69,68,64,63,
244.000000,237.000000,0.088087,169388688.000000,1.526724,0,1
61,61,64,61,68,98,69,98,
522.000000,224.000000,0.079429,839417472.000000,2.179292,0,1
18,25,22,43,37,32,49,50,
518.000000,223.000000,0.078361,659527872.000000,2.058288,0,1
18,23,19,36,32,27,46,45,
583.000000,169.000000,0.048116,687378752.000000,1.169111,0,1
10,13,18,13,17,26,16,16,
574.000000,116.000000,0.048865,1145093888.000000,1.404485,0,1
20,20,17,20,12,9,19,12,
618.000000,117.000000,0.030061,2082097024.000000,0.859530,0,1
21,25,16,26,21,14,24,20,
618.000000,126.000000,0.029984,1951068032.000000,0.852175,0,1
22,27,18,28,22,16,27,23,
619.000000,161.000000,0.029623,1320717568.000000,0.836742,0,1
22,28,19,30,23,17,28,23,
96.000000,162.000000,0.012505,470029120.000000,0.217357,0,1
52,50,50,43,46,40,30,22,
565.000000,208.000000,0.048631,168609392.000000,1.344527,0,1
16,19,15,26,21,14,27,27,
573.000000,212.000000,0.049256,284383520.000000,1.439006,0,1
15,17,14,24,18,14,24,25,
119.000000,213.000000,0.058137,163375728.000000,1.680125,0,1
67,64,64,64,65,70,72,69,
515.000000,215.000000,0.068684,460972928.000000,1.923133,0,1
21,24,26,17,20,23,15,15,
505.000000,217.000000,0.070845,368249280.000000,1.936954,0,1
26,36,26,47,39,27,52,52,
170.000000,229.000000,0.076646,1477167872.000000,2.452152,0,1
64,63,63,67,68,67,72,66,
245.000000,237.000000,0.088915,642368704.000000,2.015113,0,1
61,61,74,61,82,100,85,101,
252.000000,238.000000,0.087060,355473824.000000,1.863895,0,1
78,78,62,77,62,62,62,61,
255.000000,233.000000,0.082272,1109098624.000000,2.040216,0,1
88,90,79,93,82,62,82,62,
341.000000,113.000000,0.001836,222486432.000000,0.020198,0,1
81,60,91,57,85,100,87,121,
621.000000,108.000000,0.030141,433605984.000000,0.879846,0,1
22,20,19,18,14,12,11,10,
60.000000,204.000000,0.045326,129111248.000000,1.332406,0,1
61,69,70,63,64,63,60,58,
604.000000,56.000000,0.027314,190092720.000000,0.925023,0,1
32,36,33,34,28,23,25,21,
614.000000,119.000000,0.029477,4118768896.000000,0.999279,0,1
22,13,25,10,22,26,13,21,
614.000000,137.000000,0.029420,4180479488.000000,0.987756,0,1
20,13,26,10,20,27,13,19,
614.000000,144.000000,0.029400,5040872448.000000,0.984784,0,1
19,12,27,9,19,28,12,19,
614.000000,148.000000,0.029446,6592264704.000000,0.986102,0,1
19,12,27,10,23,28,15,23,
104.000000,207.000000,0.049794,218200576.000000,1.677730,0,1
62,67,68,62,62,60,58,58,
156.000000,217.000000,0.064765,1480617216.000000,2.347040,0,1
62,62,61,62,62,63,71,67,
266.000000,224.000000,0.071741,217355264.000000,1.354463,0,1
81,81,63,78,63,60,63,64,
248.000000,225.000000,0.074602,4665992192.000000,1.636121,0,1
62,63,61,63,64,65,75,62,
221.000000,226.000000,0.075538,5123355648.000000,2.647874,0,1
64,64,63,66,66,67,72,68,
258.000000,230.000000,0.078872,404098304.000000,1.796594,0,1
89,88,81,86,82,64,78,63,
334.000000,224.000000,0.074051,74982504.000000,0.989590,0,1
64,65,65,65,64,61,63,59,
502.000000,215.000000,0.068245,896815424.000000,2.429567,0,1
27,40,30,46,38,28,45,49,
336.000000,224.000000,0.074885,52207956.000000,1.006476,0,1
64,65,63,64,61,60,61,57,
52.000000,133.000000,0.011708,1464641792.000000,0.298960,0,1
38,43,51,55,57,57,60,61,
54.000000,154.000000,0.011303,324492224.000000,0.335895,0,1
40,34,46,35,41,41,49,48,
584.000000,184.000000,0.032762,547625408.000000,1.202457,0,1
11,16,13,20,14,18,21,21,
544.000000,196.000000,0.043451,462626720.000000,1.552985,0,1
18,24,21,32,27,23,32,31,
488.000000,208.000000,0.062161,294314880.000000,2.353589,0,1
15,17,14,24,21,19,39,47,
490.000000,209.000000,0.062520,526713312.000000,2.434383,0,1
15,21,18,37,29,24,46,44,
489.000000,210.000000,0.062382,829193792.000000,2.408617,0,1
21,37,29,48,46,39,47,44,
266.000000,219.000000,0.067735,1508621696.000000,1.558982,0,1
63,63,73,67,81,83,87,89,
264.000000,224.000000,0.074402,1175339392.000000,2.041217,0,1
91,90,81,89,78,63,77,65,
57.000000,142.000000,0.011926,2547961088.000000,0.300477,0,1
57,52,50,47,38,34,34,27,
401.000000,123.000000,0.002250,226751888.000000,0.019482,0,1
94,89,87,85,75,78,78,64,
433.000000,109.000000,0.003637,1132032384.000000,0.026791,0,1
128,120,132,106,94,133,75,89,
421.000000,176.000000,0.033544,735125632.000000,0.255838,0,1
41,54,30,53,39,31,46,36,
410.000000,121.000000,0.002728,518414208.000000,0.021271,0,1
97,68,100,60,82,98,67,85,
466.000000,180.000000,0.050936,378141984.000000,1.134335,0,1
25,21,30,22,29,33,23,26,
537.000000,192.000000,0.042537,354806976.000000,1.774478,0,1
19,21,16,29,24,18,29,30,
528.000000,204.000000,0.044506,247568176.000000,1.845090,0,1
22,21,23,15,19,22,15,15,
436.000000,208.000000,0.061849,89197840.000000,1.482093,0,1
53,53,53,55,54,54,55,56,
271.000000,213.000000,0.062371,5346714624.000000,1.585512,0,1
63,61,68,65,72,78,71,78,
475.000000,204.000000,0.057836,625370240.000000,2.342179,0,1
25,28,24,41,36,27,47,47,
271.000000,134.000000,0.002492,1030593216.000000,0.022256,0,1
87,81,80,70,66,62,54,43,
300.000000,123.000000,0.005165,736405248.000000,0.035597,0,1
67,42,101,55,84,116,59,86,
305.000000,128.000000,0.005637,338571168.000000,0.038341,0,1
99,69,101,59,66,84,35,30,
585.000000,63.000000,0.025718,625006784.000000,1.213325,0,1
32,36,34,34,30,27,26,25,
573.000000,64.000000,0.024434,33456082944.000000,0.948202,0,1
78,71,37,92,66,50,92,95,
588.000000,69.000000,0.024577,5552657408.000000,1.141156,0,1
28,36,27,43,31,27,40,31,
588.000000,77.000000,0.024651,5587188224.000000,1.133012,0,1
30,42,28,44,30,27,39,28,
588.000000,124.000000,0.026704,7860784640.000000,1.211050,0,1
19,12,23,10,18,24,12,17,
588.000000,139.000000,0.026634,9459838976.000000,1.196832,0,1
18,13,24,11,18,26,12,17,
135.000000,160.000000,0.010620,705187392.000000,0.278050,0,1
52,51,52,43,48,52,34,30,
589.000000,167.000000,0.026648,6109806592.000000,1.200456,0,1
22,15,26,11,22,27,18,19,
469.000000,202.000000,0.055120,202158032.000000,2.407753,0,1
30,28,28,39,32,28,46,47,
573.000000,62.000000,0.024387,22910709760.000000,1.064664,0,1
91,92,85,92,78,43,71,66,
468.000000,203.000000,0.054993,712695168.000000,2.375532,0,1
28,39,32,51,46,40,50,50,
574.000000,62.000000,0.024395,19445393408.000000,1.070352,0,1
90,90,75,88,61,31,49,59,
587.000000,76.000000,0.024612,7353421824.000000,1.126296,0,1
41,47,30,45,42,28,44,39,
276.000000,208.000000,0.057432,1199504896.000000,1.898103,0,1
66,65,78,64,77,88,73,79,
581.000000,92.000000,0.024487,3388577792.000000,1.227675,0,1
22,20,25,25,30,41,43,46,
65.000000,131.000000,0.011768,4825416704.000000,0.399328,0,1
35,43,29,51,38,32,49,51,
237.000000,140.000000,0.003384,904356096.000000,0.047783,0,1
47,55,44,49,47,41,46,38,
53.000000,145.000000,0.011743,4919313408.000000,0.411347,0,1
37,29,42,23,35,46,27,34,
433.000000,190.000000,0.042288,554233088.000000,0.835776,0,1
26,32,27,45,37,31,53,56,
278.000000,210.000000,0.058781,4918270464.000000,2.753264,0,1
88,86,76,79,74,64,71,63,
475.000000,97.000000,0.001380,197585536.000000,0.022068,0,1
85,85,90,90,95,98,103,114,
576.000000,67.000000,0.024448,132838866944.000000,1.242836,0,1
52,71,35,94,53,29,82,58,
518.000000,180.000000,0.037871,1731944960.000000,1.965603,0,1
18,23,24,29,25,24,29,30,
441.000000,184.000000,0.039624,3697284608.000000,0.961521,0,1
38,31,38,24,32,38,23,22,
462.000000,195.000000,0.048626,3186860288.000000,2.447169,0,1
22,21,21,32,27,22,34,37,
252.000000,205.000000,0.053682,10195460096.000000,2.344099,0,1
62,61,63,64,65,66,72,67,
37.000000,188.000000,0.024374,312238688.000000,1.322302,0,1
28,31,34,45,48,49,54,57,
452.000000,104.000000,0.000299,545017792.000000,0.008065,0,1
119,124,128,131,135,141,152,166,
565.000000,117.000000,0.024532,7763440640.000000,1.341986,0,1
21,20,20,16,14,22,9,9,
566.000000,119.000000,0.024428,18918076416.000000,1.337627,0,1
17,9,22,8,14,24,9,14,
272.000000,132.000000,0.003730,1842465408.000000,0.045456,0,1
92,91,90,87,86,84,81,63,
566.000000,133.000000,0.024364,18718724096.000000,1.318120,0,1
15,10,24,9,16,27,10,15,
566.000000,156.000000,0.024355,10985466880.000000,1.307683,0,1
12,10,19,9,13,26,10,13,
567.000000,159.000000,0.024324,15866225664.000000,1.312317,0,1
20,13,28,9,20,29,12,19,
567.000000,165.000000,0.024328,9564037120.000000,1.313486,0,1
19,12,26,10,18,28,12,18,
535.000000,168.000000,0.032184,686636288.000000,1.776888,0,1
27,26,26,19,21,23,15,16,
566.000000,168.000000,0.024352,3602065664.000000,1.309016,0,1
12,11,18,18,17,26,22,21,
567.000000,168.000000,0.024351,4527357952.000000,1.316225,0,1
18,12,25,17,21,27,22,21,
512.000000,177.000000,0.037034,1607216256.000000,2.052016,0,1
21,25,21,36,28,21,35,32,
40.000000,180.000000,0.023956,452945632.000000,1.356049,0,1
23,24,24,25,24,23,28,32,
419.000000,186.000000,0.034747,344694016.000000,0.645692,0,1
43,48,42,56,50,41,56,57,
455.000000,195.000000,0.045832,674038400.000000,2.304569,0,1
33,37,34,47,42,34,49,51,
292.000000,118.000000,0.005407,542224704.000000,0.057546,0,1
59,50,55,57,62,74,79,77,
56.000000,186.000000,0.025147,391060384.000000,1.401544,0,1
27,30,32,41,43,44,52,57,
434.000000,111.000000,0.003691,5820319232.000000,0.047891,0,1
121,85,133,79,110,136,113,134,
573.000000,83.000000,0.017947,18061494272.000000,0.920386,0,1
90,86,86,68,68,67,33,23,
81.000000,154.000000,0.011906,1301797504.000000,0.486559,0,1
38,33,40,40,46,51,42,49,
452.000000,180.000000,0.045388,1146953472.000000,2.685727,0,1
28,23,31,24,29,33,23,28,
286.000000,202.000000,0.049928,19628978176.000000,2.756772,0,1
97,93,76,86,71,60,70,61,
513.000000,83.000000,0.015112,27232892928.000000,0.526361,0,1
79,71,78,41,66,75,41,45,
232.000000,134.000000,0.001844,3356577792.000000,0.032435,0,1
81,79,72,64,57,56,44,34,
299.000000,129.000000,0.005281,1234645248.000000,0.050784,0,1
60,48,74,53,49,49,38,30,
440.000000,182.000000,0.039957,19592278016.000000,1.280909,0,1
37,25,38,25,34,38,25,27,
418.000000,121.000000,0.006018,403180736.000000,0.066049,0,1
102,101,94,94,73,41,48,39,
292.000000,173.000000,0.020072,383381792.000000,0.302716,0,1
45,42,42,49,52,50,65,62,
440.000000,191.000000,0.042897,20376213504.000000,2.419837,0,1
22,24,24,41,39,38,52,54,
294.000000,116.000000,0.005010,753220352.000000,0.059336,0,1
88,84,88,59,79,93,55,74,
558.000000,167.000000,0.022664,1289058816.000000,1.385918,0,1
11,15,9,17,13,10,21,23,
294.000000,196.000000,0.042481,3000745472.000000,1.414552,0,1
77,82,58,82,60,61,61,60,
49.000000,120.000000,0.012082,8838238208.000000,0.630406,0,1
62,56,58,39,36,42,28,28,
241.000000,124.000000,0.005284,6033291264.000000,0.105109,0,1
72,66,60,75,61,60,61,55,
40.000000,132.000000,0.011719,3799987968.000000,0.619852,0,1
28,27,29,40,38,42,51,59,
397.000000,161.000000,0.020109,427774720.000000,0.205442,0,1
47,39,46,32,39,37,28,33,
408.000000,163.000000,0.026394,30942212.000000,0.419946,0,1
30,27,27,32,33,34,37,37,
556.000000,83.000000,0.018071,26793607168.000000,1.130614,0,1
94,88,88,77,76,73,36,22,
560.000000,84.000000,0.018111,32216289280.000000,1.155561,0,1
87,73,71,38,39,38,23,28,
547.000000,120.000000,0.022479,10362567680.000000,1.614676,0,1
21,20,20,13,11,21,8,8,
375.000000,125.000000,0.002746,663219776.000000,0.032785,0,1
94,90,87,85,81,83,70,60,
46.000000,128.000000,0.011900,26242883584.000000,0.671961,0,1
41,51,33,50,42,25,52,45,
548.000000,130.000000,0.022411,35581808640.000000,1.601069,0,1
17,9,24,8,17,27,9,16,
38.000000,133.000000,0.011979,8191392256.000000,0.689402,0,1
32,44,37,55,52,52,59,60,
34.000000,154.000000,0.011785,12127176704.000000,0.680748,0,1
29,26,36,28,33,46,44,55,
549.000000,166.000000,0.022380,12920340480.000000,1.594177,0,1
19,11,27,12,20,26,19,24,
549.000000,158.000000,0.022372,23228710912.000000,1.590927,0,1
21,10,27,10,21,26,10,20,
88.000000,184.000000,0.024222,804649152.000000,1.786439,0,1
25,31,31,41,43,44,54,58,
523.000000,83.000000,0.018171,20501747712.000000,1.043402,0,1
83,77,81,72,69,71,39,23,
396.000000,159.000000,0.019976,1236269952.000000,0.246261,0,1
47,39,48,45,40,47,35,34,
96.000000,170.000000,0.023975,13826722816.000000,1.838400,0,1
38,32,33,28,29,34,27,28,
100.000000,170.000000,0.023972,92941647872.000000,1.815194,0,1
44,41,56,34,55,61,43,55,
100.000000,178.000000,0.023957,101778923520.000000,1.816810,0,1
49,37,54,31,46,55,35,43,
98.000000,183.000000,0.023876,19167959040.000000,1.820505,0,1
30,29,34,37,39,45,51,57,
301.000000,185.000000,0.033414,2320008192.000000,0.999500,0,1
62,62,75,61,77,70,80,75,
427.000000,188.000000,0.039583,20635691008.000000,2.969843,0,1
27,35,29,49,44,35,56,56,
419.000000,170.000000,0.019482,646713280.000000,0.386616,0,1
29,28,30,45,44,35,55,56,
289.000000,124.000000,0.005209,1032227712.000000,0.073671,0,1
55,41,67,44,64,74,39,49,
545.000000,83.000000,0.018093,39697227776.000000,1.261658,0,1
92,88,88,73,74,75,41,23,
542.000000,84.000000,0.018200,42841546752.000000,1.249443,0,1
87,71,73,42,42,41,24,27,
112.000000,167.000000,0.024003,35886194688.000000,1.878496,0,1
33,32,32,40,38,40,52,48,
46.000000,168.000000,0.011618,1854747520.000000,0.752195,0,1
38,30,39,26,34,34,28,26,
404.000000,168.000000,0.015448,1683743744.000000,0.223348,0,1
31,40,26,41,33,29,41,43,
113.000000,182.000000,0.023895,13564328960.000000,1.864351,0,1
28,30,30,39,38,35,51,55,
241.000000,173.000000,0.016552,770859712.000000,0.541219,0,1
46,45,45,35,37,40,31,41,
526.000000,83.000000,0.018217,37478404096.000000,1.228139,0,1
86,81,84,72,72,74,40,23,
524.000000,84.000000,0.018256,38920597504.000000,1.214970,0,1
81,69,71,39,38,41,23,25,
527.000000,84.000000,0.018276,51779031040.000000,1.352415,0,1
84,72,74,40,41,42,23,24,
38.000000,143.000000,0.012003,18007793664.000000,0.826336,0,1
58,52,44,52,40,28,45,38,
278.000000,124.000000,0.006175,2865684992.000000,0.110804,0,1
98,98,93,94,80,68,81,81,
299.000000,187.000000,0.035293,8275574272.000000,1.534405,0,1
61,63,80,63,81,75,81,73,
111.000000,181.000000,0.023509,6184471552.000000,1.997449,0,1
29,28,28,29,29,30,38,51,
551.000000,84.000000,0.018133,98435014656.000000,1.624783,0,1
89,76,78,37,36,36,22,29,
39.000000,109.000000,0.011279,32190324736.000000,0.821956,0,1
50,57,43,60,49,36,45,43,
71.000000,109.000000,0.011586,9280477184.000000,0.856768,0,1
62,71,67,63,61,58,48,48,
31.000000,132.000000,0.011822,14826086400.000000,0.926982,0,1
27,28,31,32,32,39,51,59,
123.000000,160.000000,0.022057,60021211136.000000,1.939873,0,1
40,38,46,36,44,48,35,31,
124.000000,161.000000,0.022075,84262150144.000000,1.935827,0,1
46,44,48,35,45,36,31,29,
531.000000,165.000000,0.020604,3620132096.000000,1.822716,0,1
9,10,10,16,13,15,20,22,
240.000000,133.000000,0.005070,15120447488.000000,0.135392,0,1
62,77,51,76,57,47,54,39,
508.000000,83.000000,0.015050,50515337216.000000,0.992610,0,1
77,68,69,44,42,41,20,16,
437.000000,104.000000,0.001690,347879168.000000,0.050373,0,1
102,106,110,110,113,117,120,132,
414.000000,130.000000,0.008857,8421689344.000000,0.167250,0,1
65,69,44,73,54,38,65,46,
535.000000,88.000000,0.018242,12649717760.000000,1.872252,0,1
25,26,26,22,20,19,19,15,
519.000000,125.000000,0.019427,51709628416.000000,1.810225,0,1
21,16,22,10,15,19,8,14,
388.000000,130.000000,0.002476,403821056.000000,0.045272,0,1
73,69,83,70,74,84,70,69,
520.000000,142.000000,0.019373,60179095552.000000,1.786425,0,1
22,11,26,9,23,19,11,23,
356.000000,184.000000,0.033457,30907168768.000000,1.299238,0,1
82,80,79,61,71,68,61,60,
505.000000,84.000000,0.015084,24414939136.000000,1.047703,0,1
72,64,44,55,33,20,39,22,
293.000000,128.000000,0.005275,1513308800.000000,0.094605,0,1
78,75,73,56,64,55,56,53,
170.000000,169.000000,0.018372,5631666176.000000,1.350488,0,1
50,44,46,36,35,38,26,25,
516.000000,93.000000,0.018321,185118638080.000000,1.981421,0,1
35,27,38,24,35,28,26,33,
516.000000,99.000000,0.018314,184052629504.000000,1.954686,0,1
33,25,36,23,31,27,25,31,
342.000000,126.000000,0.003638,228139648.000000,0.027086,0,1
77,50,102,61,56,101,41,42,
287.000000,134.000000,0.005333,1480219392.000000,0.105396,0,1
29,33,25,29,31,25,27,24,
518.000000,97.000000,0.018323,235539808256.000000,1.990533,0,1
26,37,24,33,27,28,36,27,
282.000000,126.000000,0.005818,1818967296.000000,0.128530,0,1
73,71,69,77,63,45,69,69,
518.000000,100.000000,0.018323,230809042944.000000,1.977924,0,1
26,37,21,30,26,27,36,25,
62.000000,108.000000,0.011197,88598552576.000000,1.039780,0,1
44,37,52,31,45,65,41,38,
469.000000,124.000000,0.022380,2649466368.000000,2.335528,0,1
30,28,24,20,17,18,14,16,
366.000000,155.000000,0.008815,84173000.000000,0.042171,0,1
27,37,31,60,47,35,57,51,
389.000000,164.000000,0.020975,2590775040.000000,0.506952,0,1
31,28,29,42,41,42,46,46,
309.000000,132.000000,0.005446,1143154816.000000,0.080711,0,1
87,46,81,27,51,72,29,32,
297.000000,167.000000,0.020138,4276977152.000000,0.654172,0,1
29,27,27,35,36,36,46,47,
357.000000,181.000000,0.029301,33682415616.000000,1.354762,0,1
60,66,59,80,68,57,82,79,
301.000000,173.000000,0.020778,5777432576.000000,0.728714,0,1
42,43,43,52,53,54,62,62,
498.000000,152.000000,0.017019,78417387520.000000,1.831219,0,1
21,11,24,10,21,20,11,18,
496.000000,162.000000,0.017013,12989940736.000000,1.799444,0,1
10,14,12,17,14,18,16,21,
494.000000,128.000000,0.017178,24905969664.000000,1.847656,0,1
22,22,20,18,14,12,9,8,
280.000000,121.000000,0.006402,1111489920.000000,0.163684,0,1
71,71,60,91,68,61,93,86,
468.000000,124.000000,0.020107,1827682048.000000,2.173047,0,1
30,28,27,23,18,22,14,15,
443.000000,104.000000,0.001245,1576510976.000000,0.043655,0,1
110,115,118,119,122,124,131,145,
346.000000,126.000000,0.002919,1581109120.000000,0.025983,0,1
75,99,35,101,64,39,86,48,
486.000000,129.000000,0.016139,16527913984.000000,1.666245,0,1
23,23,22,21,17,19,11,8,
363.000000,154.000000,0.010489,219350096.000000,0.131232,0,1
31,31,29,29,38,37,45,57,
480.000000,139.000000,0.015227,71283277824.000000,1.532147,0,1
15,10,22,13,16,17,11,16,
349.000000,173.000000,0.020022,4783421952.000000,0.332847,0,1
47,56,53,73,61,59,59,57,
305.000000,180.000000,0.028456,11243286528.000000,3.049247,0,1
59,58,62,57,63,70,61,69,
475.000000,131.000000,0.014530,23647467520.000000,1.501913,0,1
25,25,23,25,17,13,17,14,
476.000000,131.000000,0.014497,20216520704.000000,1.509074,0,1
24,24,22,21,15,12,13,12,
347.000000,134.000000,0.003763,225631072.000000,0.027729,0,1
39,51,30,45,35,41,44,30,
384.000000,164.000000,0.020612,5252378112.000000,0.775681,0,1
34,29,29,40,41,42,46,46,
308.000000,180.000000,0.027374,32740366336.000000,2.632328,0,1
60,65,59,70,62,58,62,57,
408.000000,135.000000,0.004015,947473920.000000,0.107086,0,1
62,60,52,54,48,40,38,25,
318.000000,173.000000,0.020506,10047697920.000000,0.638010,0,1
40,46,47,54,57,63,57,58,
354.000000,128.000000,0.000679,873348800.000000,0.015349,0,1
102,100,100,91,91,90,81,74,
421.000000,134.000000,0.009042,121276688.000000,0.405649,0,1
35,34,31,31,26,22,22,22,
449.000000,135.000000,0.012089,18567909376.000000,1.033759,0,1
27,27,28,25,21,19,15,15,
83.000000,141.000000,0.011777,65535127552.000000,1.130828,0,1
45,43,41,44,34,29,36,31,
388.000000,171.000000,0.020815,13500251136.000000,1.536425,0,1
41,46,47,52,53,53,59,63,
444.000000,136.000000,0.011663,26721468416.000000,0.913142,0,1
28,28,29,24,20,21,17,17,
396.000000,171.000000,0.020522,23996889088.000000,1.719383,0,1
36,45,46,54,52,55,59,60,
251.000000,175.000000,0.020822,30537234432.000000,1.714524,0,1
30,29,29,45,47,50,60,61,
356.000000,160.000000,0.019994,10430104576.000000,0.426021,0,1
50,44,51,45,44,49,36,37,
378.000000,171.000000,0.020436,13758201856.000000,1.390961,0,1
41,45,46,53,52,52,61,60,
432.000000,131.000000,0.011553,1891782400.000000,0.902577,0,1
36,38,34,33,30,27,23,19,
454.000000,97.000000,0.000112,4600815104.000000,0.010259,0,1
78,83,82,88,88,89,95,101,
373.000000,162.000000,0.019794,9935491072.000000,1.284381,0,1
49,47,46,40,38,37,29,35,
364.000000,171.000000,0.020269,16997485568.000000,1.158021,0,1
42,41,42,49,49,50,56,61,
410.000000,130.000000,0.002592,5615064064.000000,0.124687,0,1
82,70,80,71,74,73,61,66,
403.000000,142.000000,0.005680,9555891200.000000,0.275533,0,1
35,42,31,44,40,29,34,29,
354.000000,162.000000,0.020006,9591380992.000000,0.923884,0,1
45,46,36,43,40,37,31,26,
349.000000,165.000000,0.020211,24600598528.000000,0.814772,0,1
33,27,25,33,33,36,44,46,
413.000000,134.000000,0.004945,9891245056.000000,0.272782,0,1
63,62,46,53,46,37,37,24,
373.000000,156.000000,0.016266,1580427648.000000,0.875162,0,1
30,31,32,39,39,41,49,50,
400.000000,110.000000,0.000917,4760766976.000000,0.045423,0,1
93,98,99,106,108,111,118,128,
394.000000,111.000000,0.000819,6923643392.000000,0.037088,0,1
97,104,104,114,115,116,125,131,
376.000000,133.000000,0.004035,10760037376.000000,0.115504,0,1
60,45,67,43,55,66,43,42,
397.000000,137.000000,0.002573,1062458944.000000,0.119161,0,1
64,59,59,46,47,46,45,40,
389.000000,111.000000,0.000995,4642063360.000000,0.042341,0,1
91,96,100,106,109,111,116,126,
401.000000,126.000000,0.002761,12012353536.000000,0.140282,0,1
61,77,61,81,76,80,82,77,
336.000000,163.000000,0.020412,21248655360.000000,0.608837,0,1
48,46,46,37,36,36,26,28,
391.000000,140.000000,0.004339,3992938496.000000,0.193533,0,1
52,45,50,31,38,46,30,29,
383.000000,111.000000,0.000833,2842976768.000000,0.032308,0,1
91,94,95,101,102,102,110,119,
332.000000,163.000000,0.020466,17940432896.000000,0.487989,0,1
49,47,46,38,38,37,26,26,
378.000000,140.000000,0.003443,1644687232.000000,0.115147,0,1
38,44,33,46,37,30,33,28,
349.000000,141.000000,0.006059,2092674688.000000,0.138931,0,1
23,21,27,21,25,39,19,21,
267.000000,147.000000,0.003140,761392256.000000,0.091323,0,1
58,49,51,31,38,46,26,24,
322.000000,168.000000,0.019328,17465812992.000000,0.447358,0,1
23,26,35,38,36,42,39,39,
368.000000,143.000000,0.004013,2641747200.000000,0.135654,0,1
39,40,37,51,36,32,34,25,
339.000000,134.000000,0.003975,1412411776.000000,0.065825,0,1
60,64,41,59,52,31,53,41,
361.000000,134.000000,0.004450,1943536128.000000,0.137240,0,1
48,60,45,65,56,46,57,51,
373.000000,113.000000,0.000728,4614109184.000000,0.028168,0,1
99,105,106,115,116,116,126,131,
365.000000,111.000000,0.000482,2830113024.000000,0.016586,0,1
86,91,92,97,98,100,106,117,
367.000000,113.000000,0.000462,6675049984.000000,0.016033,0,1
100,106,107,117,117,116,129,137,
326.000000,158.000000,0.016629,758958400.000000,0.230584,0,1
33,34,34,43,44,45,50,51,
361.000000,111.000000,0.000260,5393588224.000000,0.008393,0,1
81,87,87,95,97,97,106,119,
329.000000,132.000000,0.003315,1686494720.000000,0.057158,0,1
81,76,72,70,61,56,60,52,
334.000000,137.000000,0.005256,673098432.000000,0.097255,0,1
51,41,40,35,37,47,31,25,
322.000000,139.000000,0.005069,1060210560.000000,0.057459,0,1
65,64,55,54,47,44,41,31,
321.000000,140.000000,0.004959,935615680.000000,0.057246,0,1
64,54,47,49,41,30,39,36,
322.000000,140.000000,0.004921,826602112.000000,0.054639,0,1
59,54,42,44,35,31,35,30,
315.000000,147.000000,0.004777,256998128.000000,0.057949,0,1
46,33,38,21,24,25,22,25,
133.000000,161.000000,0.010543,16948263936.000000,0.822685,0,1
50,42,45,30,31,39,22,21,
312.000000,163.000000,0.020401,15676051456.000000,0.640205,0,1
49,36,48,35,42,43,27,23,
328.000000,132.000000,0.003303,2551903488.000000,0.051458,0,1
83,77,74,70,66,58,63,52,
314.000000,147.000000,0.004865,349936640.000000,0.061895,0,1
41,23,39,20,23,24,21,23,
314.000000,144.000000,0.005139,644790336.000000,0.070355,0,1
28,22,29,21,30,32,28,33,
338.000000,111.000000,0.003807,9096628224.000000,0.114286,0,1
80,81,78,83,67,71,75,62,
321.000000,139.000000,0.005033,920662784.000000,0.058925,0,1
67,62,59,55,54,42,44,35,
259.000000,175.000000,0.021024,38916866048.000000,1.750223,0,1
29,35,36,62,64,64,70,62,
146.000000,130.000000,0.009709,64577806336.000000,0.711471,0,1
31,26,37,27,30,39,26,30,
99.000000,147.000000,0.011750,366141865984.000000,1.076738,0,1
39,30,44,26,37,44,29,33,
285.000000,110.000000,0.005430,16053813248.000000,0.148153,0,1
79,82,68,80,69,55,70,62,
295.000000,133.000000,0.004702,5285843456.000000,0.096717,0,1
58,47,45,34,40,29,30,36,
282.000000,137.000000,0.004901,2110518784.000000,0.113142,0,1
33,34,28,34,33,26,42,38,
288.000000,111.000000,0.005625,6169388544.000000,0.145962,0,1
67,55,69,56,62,74,50,59,
245.000000,118.000000,0.004953,16518581248.000000,0.178891,0,1
77,70,78,67,73,79,67,70,
245.000000,125.000000,0.005098,16253027328.000000,0.181380,0,1
74,67,80,59,74,85,63,72,
243.000000,130.000000,0.004933,6810667008.000000,0.196967,0,1
58,54,66,53,57,67,51,53,
251.000000,131.000000,0.001605,19921084416.000000,0.049179,0,1
85,82,83,81,63,73,58,42,
260.000000,139.000000,0.001817,395272864.000000,0.054950,0,1
71,67,70,57,61,69,48,43,
265.000000,140.000000,0.002436,2726635520.000000,0.066898,0,1
69,68,58,58,59,58,44,43,
246.000000,143.000000,0.003898,3237454592.000000,0.132060,0,1
41,36,45,37,41,46,36,38,
265.000000,147.000000,0.003118,499883744.000000,0.089873,0,1
54,42,49,29,31,38,26,25,
74.000000,160.000000,0.015075,123699568640.000000,1.703240,0,1
39,35,45,38,43,48,36,40,
239.000000,112.000000,0.003916,17607940096.000000,0.145473,0,1
80,80,80,78,75,78,64,53,
254.000000,132.000000,0.001494,9214599168.000000,0.043890,0,1
87,73,85,45,59,83,42,48,
252.000000,144.000000,0.003775,2511547136.000000,0.117218,0,1
47,50,48,43,37,34,30,29,
280.000000,175.000000,0.020600,89566306304.000000,1.287758,0,1
30,46,47,61,60,60,59,57,
237.000000,114.000000,0.003998,31749185536.000000,0.151855,0,1
78,77,64,77,69,53,76,74,
219.000000,131.000000,0.005810,10093923328.000000,0.265724,0,1
78,67,78,60,69,78,66,71,
229.000000,141.000000,0.002385,6310707712.000000,0.105648,0,1
59,66,46,60,55,41,46,39,
217.000000,135.000000,0.005894,21220628480.000000,0.273646,0,1
65,62,66,45,50,70,45,48,
188.000000,119.000000,0.006593,42215505920.000000,0.403469,0,1
70,67,65,53,56,37,39,33,
189.000000,119.000000,0.006570,51225276416.000000,0.399573,0,1
70,66,64,57,41,37,40,31,
210.000000,134.000000,0.006236,9870140416.000000,0.318227,0,1
63,54,61,36,41,52,28,37,
201.000000,147.000000,0.007008,23065610240.000000,0.392854,0,1
46,36,26,40,31,22,37,32,
188.000000,158.000000,0.007795,14609424384.000000,0.490905,0,1
59,59,60,57,51,48,40,29,
203.000000,123.000000,0.006171,31766013952.000000,0.336835,0,1
70,43,71,33,49,62,32,33,
209.000000,158.000000,0.006692,12883287040.000000,0.349068,0,1
59,56,55,43,31,39,28,23,
190.000000,118.000000,0.006499,36979625984.000000,0.392625,0,1
72,70,70,66,64,63,41,34,
191.000000,178.000000,0.021343,63100026880.000000,2.922085,0,1
22,25,26,39,42,45,62,64,
181.000000,119.000000,0.007805,10524912640.000000,0.540866,0,1
70,47,60,36,35,43,32,30,
160.000000,128.000000,0.009017,316244983808.000000,0.710477,0,1
47,27,53,26,40,58,26,37,
161.000000,131.000000,0.009037,325580193792.000000,0.708748,0,1
51,37,58,26,50,53,36,48,
161.000000,135.000000,0.009035,208494166016.000000,0.707180,0,1
48,35,58,32,49,55,51,60,
116.000000,147.000000,0.011390,437851389952.000000,1.046723,0,1
36,45,34,48,35,34,43,35,
169.000000,150.000000,0.008528,42877726720.000000,0.632302,0,1
27,21,33,20,26,38,20,30,
77.000000,164.000000,0.011932,21802893312.000000,1.227310,0,1
47,39,38,34,26,25,29,27,
166.000000,152.000000,0.009096,40605990912.000000,0.698930,0,1
21,30,20,38,27,26,45,54,
40.000000,103.000000,0.011208,260449943552.000000,1.273377,0,1
70,67,65,63,59,54,52,43,
65.000000,119.000000,0.011889,329393700864.000000,1.367569,0,1
58,59,57,53,48,47,42,32,
36.000000,121.000000,0.012008,456865906688.000000,1.391264,0,1
58,56,47,47,43,27,51,44,
97.000000,127.000000,0.011711,531998605312.000000,1.310857,0,1
50,42,52,30,39,59,30,36,
146.000000,133.000000,0.009555,83529367552.000000,0.849569,0,1
30,27,37,28,30,39,38,56,
98.000000,140.000000,0.011706,234917740544.000000,1.226927,0,1
56,51,52,43,45,49,27,34,
117.000000,141.000000,0.011468,294020579328.000000,1.161745,0,1
60,55,57,49,40,44,37,36,
66.000000,142.000000,0.011898,268936904704.000000,1.363056,0,1
50,48,42,45,34,29,34,28,
142.000000,150.000000,0.009934,143771058176.000000,0.900579,0,1
29,21,33,21,29,37,22,32,
84.000000,152.000000,0.011872,191361187840.000000,1.206896,0,1
26,33,25,40,28,25,38,47,
164.000000,169.000000,0.017524,240033988608.000000,2.320184,0,1
42,40,45,30,37,39,25,25,
115.000000,119.000000,0.011457,340199342080.000000,1.248230,0,1
64,63,64,62,55,56,53,38,
114.000000,126.000000,0.011445,482161065984.000000,1.244690,0,1
54,59,40,62,54,39,60,56,
149.000000,160.000000,0.009797,57617940480.000000,0.867309,0,1
59,58,56,50,42,37,35,27,
157.000000,160.000000,0.009211,34429140992.000000,0.776182,0,1
60,54,55,34,37,43,21,25,
98.000000,119.000000,0.011728,229832392704.000000,1.315661,0,1
63,62,63,42,58,62,46,57,
148.000000,114.000000,0.008910,45140246528.000000,0.772854,0,1
70,67,67,47,44,45,31,35,
154.000000,114.000000,0.008923,51161161728.000000,0.721965,0,1
70,66,66,43,42,41,35,36,
94.000000,118.000000,0.011748,63856381952.000000,1.323915,0,1
63,61,63,59,59,61,39,34,
122.000000,120.000000,0.010028,123026702336.000000,1.023913,0,1
63,58,61,39,46,57,27,25,
85.000000,118.000000,0.011897,62018375680.000000,1.356613,0,1
62,62,61,58,58,58,47,31,
77.000000,118.000000,0.011716,137675767808.000000,1.333604,0,1
62,61,62,57,59,61,45,30,
57.000000,112.000000,0.011814,55478116352.000000,1.361191,0,1
34,47,48,58,59,59,63,63,
47.000000,102.000000,0.011173,87456481280.000000,1.267707,0,1
71,68,70,57,62,66,46,42,
42.000000,112.000000,0.011909,42489733120.000000,1.378710,0,1
33,41,41,60,60,61,63,64,
