# timestamp
1608635310383230208

# fx, fy, cx, cy, width, height, npoints
501.494202,501.474915,421.770752,167.671234,800,400,626

# camToWorld: translation vector, rotation quaternion
-30.122539,32.029548,1.189989,0.173068,-0.702317,0.666852,-0.179185

# Exposure time (ms)
1.565093

# Point Cloud Data : 
# u,v,idepth_scaled,idepth_hessian,maxRelBaseline,numGoodRes,status 
# color information 
610.000000,134.000000,0.126901,497379840.000000,0.711761,0,1
9,9,43,12,35,53,45,55,
612.000000,171.000000,0.121928,2373531392.000000,0.533939,0,1
49,39,124,20,120,141,90,138,
87.000000,191.000000,0.082712,3762112512.000000,0.858300,0,1
32,69,14,80,38,8,71,44,
710.000000,112.000000,0.131409,2608230400.000000,1.124085,0,1
10,9,43,4,16,59,4,6,
711.000000,113.000000,0.131199,1395874816.000000,0.838292,0,1
43,16,59,4,36,61,6,30,
720.000000,114.000000,0.130846,301073792.000000,0.473348,0,1
23,45,18,60,35,11,47,36,
711.000000,120.000000,0.131183,2648530688.000000,0.985958,0,1
31,6,48,3,27,54,5,8,
735.000000,122.000000,0.133384,2039642624.000000,1.072924,0,1
21,7,33,4,20,34,5,9,
739.000000,125.000000,0.133413,35421964.000000,0.690792,0,1
38,28,44,21,34,47,20,29,
729.000000,130.000000,0.134653,1206745088.000000,1.205174,0,1
4,8,14,14,26,32,34,38,
725.000000,132.000000,0.132296,2870415104.000000,1.178107,0,1
5,5,24,4,26,36,13,29,
746.000000,134.000000,0.137422,8946949.000000,0.718020,0,1
42,38,38,28,27,25,13,5,
44.000000,225.000000,0.131460,307256128.000000,1.382533,0,1
49,18,28,11,14,19,9,9,
53.000000,238.000000,0.140029,253952960.000000,2.409789,0,1
16,16,19,12,13,17,7,7,
54.000000,238.000000,0.139954,410027840.000000,2.402162,0,1
18,18,19,12,15,17,9,9,
52.000000,269.000000,0.143597,337560096.000000,2.495779,0,1
7,7,12,7,13,20,14,20,
53.000000,272.000000,0.143969,428306016.000000,2.497340,0,1
21,20,23,17,17,17,7,5,
528.000000,298.000000,0.158348,23338354.000000,0.643242,0,1
69,81,84,60,68,78,58,56,
494.000000,292.000000,0.149605,128496760.000000,0.551566,0,1
92,88,93,64,72,77,58,58,
437.000000,288.000000,0.154442,27121642.000000,0.263439,0,1
71,71,80,76,87,92,95,99,
430.000000,284.000000,0.141316,82949824.000000,0.466362,0,1
99,105,96,104,90,75,82,69,
413.000000,280.000000,0.139004,130925368.000000,0.698453,0,1
108,112,101,110,107,81,109,105,
179.000000,130.000000,0.088614,142910064.000000,0.275916,0,1
64,50,82,14,38,89,11,10,
37.000000,170.000000,0.079149,6250956288.000000,0.958094,0,1
80,58,106,30,72,106,32,23,
584.000000,80.000000,0.349841,685209.375000,1.013116,0,1
6,11,7,11,11,5,6,5,
594.000000,80.000000,0.337368,2268903.250000,1.079502,0,1
9,15,11,7,9,5,5,6,
604.000000,80.000000,0.296281,393916.531250,1.046584,0,1
11,10,10,4,5,4,4,6,
583.000000,81.000000,0.329011,1547252.000000,0.986920,0,1
11,11,11,4,6,5,4,7,
474.000000,85.000000,0.347808,8526581.000000,0.776333,0,1
6,7,16,8,13,20,8,7,
430.000000,87.000000,0.328953,4110653.500000,0.495753,0,1
6,7,10,9,15,16,10,8,
448.000000,87.000000,0.340157,7630399.500000,0.578606,0,1
10,11,17,8,15,14,8,8,
398.000000,88.000000,0.333407,5842925.500000,0.527364,0,1
6,7,7,10,12,10,20,10,
407.000000,88.000000,0.336531,12465793.000000,0.507174,0,1
6,8,8,17,13,13,16,9,
377.000000,89.000000,0.331796,13897173.000000,0.637086,0,1
6,7,7,11,14,15,30,22,
378.000000,89.000000,0.331137,13046833.000000,0.630829,0,1
6,7,7,12,15,14,35,19,
400.000000,90.000000,0.331330,4268978.500000,0.505570,0,1
10,14,17,10,13,10,8,12,
482.000000,92.000000,0.333516,404969.718750,0.738264,0,1
16,15,14,12,12,12,8,6,
657.000000,116.000000,0.126248,2633805312.000000,0.790498,0,1
43,91,17,106,32,7,40,9,
89.000000,133.000000,0.081687,306841472.000000,0.358831,0,1
39,28,72,15,27,38,10,7,
161.000000,136.000000,0.087760,210041920.000000,0.294694,0,1
26,15,48,9,26,60,14,22,
126.000000,164.000000,0.086668,116259504.000000,0.170240,0,1
26,48,27,88,69,31,105,91,
45.000000,166.000000,0.083692,143571792.000000,0.210148,0,1
13,24,7,69,20,7,39,14,
99.000000,173.000000,0.084569,10674865152.000000,1.539777,0,1
20,52,11,83,41,10,70,47,
242.000000,245.000000,0.098170,48795384.000000,0.252443,0,1
72,52,58,64,74,74,91,84,
58.000000,248.000000,0.139865,236700912.000000,2.388878,0,1
15,13,13,18,18,17,22,23,
215.000000,252.000000,0.093133,182924976.000000,0.144997,0,1
108,54,118,28,61,126,37,58,
62.000000,268.000000,0.141240,17715368.000000,0.966576,0,1
7,9,9,16,14,19,23,28,
447.000000,284.000000,0.151162,2819710.500000,0.350907,0,1
77,71,79,70,79,86,74,73,
549.000000,285.000000,0.145293,54003432.000000,0.611913,0,1
105,103,104,78,94,99,61,61,
380.000000,287.000000,0.156338,26536910.000000,0.544346,0,1
79,80,81,80,82,87,88,90,
378.000000,289.000000,0.163379,5527081.000000,0.401552,0,1
80,77,88,73,81,90,78,82,
540.000000,290.000000,0.152019,76082216.000000,0.625400,0,1
97,99,96,78,90,88,60,56,
93.000000,291.000000,0.124030,123385336.000000,2.102012,0,1
31,34,27,37,29,23,28,22,
308.000000,292.000000,0.149221,4170045.000000,0.225335,0,1
104,104,101,102,97,88,89,82,
428.000000,293.000000,0.160517,7896173.000000,0.386864,0,1
68,70,74,62,71,83,65,77,
496.000000,293.000000,0.150218,30592538.000000,0.408024,0,1
92,76,77,59,61,60,58,57,
402.000000,294.000000,0.164545,26158682.000000,0.563902,0,1
74,73,81,79,84,88,86,92,
505.000000,294.000000,0.152395,75040664.000000,0.578923,0,1
84,83,88,61,69,75,57,57,
527.000000,296.000000,0.159724,14796758.000000,0.475247,0,1
57,63,59,76,66,75,80,64,
405.000000,298.000000,0.151094,77980824.000000,0.545232,0,1
91,89,83,81,74,68,67,63,
523.000000,84.000000,0.367205,7279198.000000,1.276228,0,1
20,19,22,7,9,8,6,10,
539.000000,290.000000,0.151614,66918316.000000,0.622169,0,1
98,96,98,73,86,91,60,55,
409.000000,90.000000,0.335749,7773982.000000,0.505996,0,1
13,19,16,9,9,8,10,15,
45.000000,171.000000,0.080891,183454272.000000,0.202622,0,1
13,30,7,59,10,6,26,8,
177.000000,200.000000,0.091539,193315776.000000,0.152106,0,1
25,29,85,27,100,117,69,144,
514.000000,290.000000,0.141798,51265932.000000,0.659280,0,1
89,88,77,90,72,66,83,74,
422.000000,289.000000,0.144604,19663266.000000,0.248448,0,1
85,88,81,88,77,68,71,66,
410.000000,278.000000,0.143006,63394572.000000,0.562448,0,1
89,91,93,89,102,106,100,108,
365.000000,89.000000,0.325899,41458848.000000,0.989301,0,1
5,5,6,6,6,6,10,15,
418.000000,89.000000,0.292736,929126.562500,0.463629,0,1
9,15,11,14,13,9,8,12,
376.000000,91.000000,0.328522,28656014.000000,0.901889,0,1
12,26,35,11,16,19,8,12,
389.000000,91.000000,0.328577,48284784.000000,0.835029,0,1
28,30,28,11,10,10,10,14,
422.000000,91.000000,0.298336,619684.125000,0.452637,0,1
9,8,8,13,13,13,16,17,
429.000000,91.000000,0.301810,690271.750000,0.457546,0,1
8,9,9,14,14,14,17,16,
320.000000,92.000000,0.318633,12412348.000000,1.358673,0,1
5,6,6,12,11,8,18,13,
291.000000,93.000000,0.307931,5995013.000000,1.566407,0,1
6,5,6,6,7,7,12,11,
305.000000,93.000000,0.316284,26115682.000000,1.501160,0,1
5,6,7,8,14,18,9,7,
454.000000,94.000000,0.322659,420621.218750,0.518264,0,1
15,13,12,9,9,8,7,7,
502.000000,95.000000,0.320564,49476540.000000,1.660717,0,1
13,16,14,8,13,13,7,6,
512.000000,95.000000,0.316665,25059830.000000,1.747761,0,1
15,14,16,11,11,16,8,7,
515.000000,95.000000,0.324720,42372156.000000,1.905030,0,1
16,16,17,14,13,13,9,7,
512.000000,116.000000,0.144091,15706447.000000,0.265463,0,1
17,23,27,46,64,78,113,192,
38.000000,161.000000,0.079367,1249132288.000000,1.291431,0,1
6,7,7,8,11,11,19,65,
261.000000,196.000000,0.096123,136629440.000000,0.220761,0,1
118,85,104,51,116,121,98,109,
39.000000,204.000000,0.079386,299145184.000000,0.416986,0,1
79,55,100,37,77,102,42,30,
41.000000,218.000000,0.079722,171326768.000000,0.419545,0,1
6,9,15,14,31,32,36,53,
81.000000,221.000000,0.081752,462609952.000000,0.388964,0,1
98,90,93,40,66,83,26,22,
229.000000,252.000000,0.097552,50540072.000000,0.402179,0,1
125,138,107,128,98,68,77,54,
189.000000,254.000000,0.094464,20997942.000000,0.338827,0,1
48,65,49,63,52,37,45,37,
342.000000,272.000000,0.124859,125041064.000000,0.483008,0,1
117,119,117,113,105,101,97,86,
351.000000,280.000000,0.134442,62570568.000000,0.650582,0,1
105,103,100,103,91,80,80,73,
559.000000,281.000000,0.147506,77287464.000000,0.628816,0,1
58,67,62,94,84,70,100,102,
314.000000,282.000000,0.132752,19702242.000000,0.395211,0,1
100,103,108,95,100,96,89,80,
315.000000,282.000000,0.133071,21076478.000000,0.393698,0,1
106,107,106,99,99,94,86,81,
348.000000,282.000000,0.134102,26979642.000000,0.357258,0,1
106,103,89,94,84,74,76,70,
360.000000,284.000000,0.145310,9643090.000000,0.369817,0,1
67,69,68,74,76,68,89,72,
451.000000,286.000000,0.125650,46200520.000000,0.671558,0,1
80,84,80,72,71,77,69,71,
373.000000,297.000000,0.133156,35520276.000000,0.370530,0,1
73,74,79,63,70,70,63,64,
297.000000,298.000000,0.160780,9762768.000000,0.507008,0,1
68,65,78,64,76,95,77,94,
354.000000,289.000000,0.149256,10748854.000000,0.381008,0,1
79,83,81,74,76,73,71,70,
442.000000,288.000000,0.152985,94300968.000000,0.612757,0,1
73,83,78,92,89,85,95,88,
378.000000,91.000000,0.326565,33851584.000000,0.874753,0,1
15,35,32,16,19,16,8,13,
432.000000,94.000000,0.324987,482153.187500,0.491948,0,1
17,17,16,14,13,13,10,8,
548.000000,285.000000,0.143310,22725844.000000,0.483693,0,1
104,101,104,72,87,98,59,57,
433.000000,278.000000,0.143671,19938390.000000,0.550050,0,1
88,88,90,87,97,98,97,106,
275.000000,278.000000,0.130124,261278256.000000,0.667872,0,1
109,102,113,87,101,113,85,100,
603.000000,119.000000,0.121194,223425376.000000,0.668767,0,1
82,108,71,155,70,21,57,11,
451.000000,273.000000,0.128762,93591800.000000,0.609709,0,1
110,104,109,96,101,113,88,86,
278.000000,267.000000,0.126482,20448544.000000,0.353082,0,1
81,93,97,89,109,120,107,104,
462.000000,266.000000,0.122214,15328841.000000,0.378009,0,1
128,123,125,119,115,121,111,109,
40.000000,207.000000,0.078814,30186940.000000,0.600233,0,1
65,30,32,12,12,11,7,6,
324.000000,92.000000,0.316516,16483989.000000,1.292103,0,1
5,6,6,8,8,9,11,8,
193.000000,173.000000,0.091535,499392032.000000,0.288230,0,1
43,77,14,67,64,10,84,66,
484.000000,289.000000,0.146169,230599760.000000,0.624432,0,1
98,97,98,82,90,94,68,65,
433.000000,282.000000,0.139778,95583080.000000,0.557261,0,1
106,103,95,99,89,82,87,71,
605.000000,116.000000,0.122574,980334464.000000,0.622044,0,1
33,72,18,79,41,10,75,34,
414.000000,278.000000,0.140019,17053368.000000,0.310663,0,1
87,92,86,106,98,82,111,90,
456.000000,268.000000,0.121490,15774146.000000,0.378453,0,1
127,125,120,116,112,108,114,112,
539.000000,126.000000,0.003675,163716576.000000,0.009872,0,1
255,213,248,182,169,236,147,144,
649.000000,152.000000,0.126914,128185104.000000,1.047796,0,1
7,25,10,60,28,20,57,25,
657.000000,161.000000,0.124976,977821312.000000,1.062133,0,1
7,15,6,47,13,6,39,24,
145.000000,162.000000,0.087296,1427043712.000000,0.724471,0,1
13,16,36,14,49,47,34,78,
368.000000,276.000000,0.125858,29235188.000000,0.574128,0,1
93,90,90,85,82,80,76,74,
355.000000,278.000000,0.133395,46559376.000000,0.498170,0,1
95,105,93,103,90,77,85,75,
324.000000,279.000000,0.127983,35799580.000000,0.545450,0,1
104,102,98,96,87,83,84,78,
527.000000,281.000000,0.135085,55492356.000000,0.748818,0,1
80,79,89,72,78,86,71,69,
518.000000,284.000000,0.154857,133140392.000000,0.742940,0,1
71,72,68,89,79,70,93,90,
343.000000,291.000000,0.160761,90322032.000000,0.662115,0,1
70,75,73,82,82,73,81,88,
476.000000,276.000000,0.131682,41553020.000000,0.530376,0,1
94,88,99,77,85,86,77,73,
356.000000,122.000000,0.109014,26626862.000000,0.127033,0,1
15,30,34,61,83,99,96,114,
183.000000,138.000000,0.090332,1860122112.000000,0.848552,0,1
45,23,69,11,44,74,18,22,
283.000000,293.000000,0.137180,30316102.000000,0.894101,0,1
86,91,87,88,82,70,72,67,
296.000000,289.000000,0.138663,23796116.000000,0.606630,0,1
87,86,86,84,79,72,74,71,
647.000000,114.000000,0.126266,1034058816.000000,1.040846,0,1
13,7,42,5,16,65,5,6,
485.000000,272.000000,0.127624,137083472.000000,0.517269,0,1
108,111,94,113,100,86,99,85,
332.000000,272.000000,0.132813,13786665.000000,0.468995,0,1
85,87,93,89,100,110,102,98,
563.000000,126.000000,0.012391,519761952.000000,0.039055,0,1
160,208,119,250,155,112,204,116,
568.000000,161.000000,0.121984,1530078208.000000,0.499355,0,1
72,134,26,158,82,14,135,82,
657.000000,118.000000,0.125535,788193536.000000,1.073918,0,1
32,40,9,26,9,5,7,5,
338.000000,270.000000,0.131893,100604304.000000,0.640251,0,1
84,90,96,97,107,115,116,116,
236.000000,196.000000,0.095086,1084814336.000000,0.528347,0,1
103,117,34,101,54,12,44,13,
531.000000,148.000000,0.010516,384712160.000000,0.026032,0,1
113,92,218,70,124,214,75,89,
279.000000,266.000000,0.124851,33559276.000000,0.508099,0,1
81,81,85,93,97,115,109,115,
385.000000,122.000000,0.076113,1431760.875000,0.085050,0,1
32,65,91,63,94,99,76,88,
206.000000,128.000000,0.092536,550142272.000000,0.779557,0,1
23,22,76,9,40,120,10,9,
81.000000,151.000000,0.087011,257622864.000000,0.959432,0,1
80,66,39,16,25,15,9,7,
71.000000,161.000000,0.082190,242274560.000000,1.213301,0,1
6,8,7,11,16,27,19,38,
71.000000,162.000000,0.082197,478924384.000000,0.917629,0,1
8,12,21,14,31,63,22,39,
71.000000,173.000000,0.081865,97431128.000000,1.235778,0,1
19,16,27,16,23,43,18,23,
112.000000,180.000000,0.084663,1806073728.000000,0.634325,0,1
57,49,104,33,86,121,51,72,
375.000000,257.000000,0.124063,4639213.000000,0.648509,0,1
103,101,106,102,108,115,110,111,
438.000000,260.000000,0.104990,10556503.000000,0.522268,0,1
119,111,120,101,112,120,107,110,
419.000000,262.000000,0.115774,9886944.000000,0.546393,0,1
105,107,106,108,100,96,95,95,
401.000000,263.000000,0.114347,24152810.000000,0.579895,0,1
118,112,121,106,111,119,104,102,
351.000000,266.000000,0.129647,23911932.000000,0.525453,0,1
89,92,89,102,95,96,110,109,
553.000000,266.000000,0.119100,48902300.000000,0.747312,0,1
112,103,94,108,94,86,106,97,
292.000000,268.000000,0.129133,48764876.000000,0.645602,0,1
82,83,84,87,97,91,107,113,
377.000000,268.000000,0.117048,26263954.000000,0.440869,0,1
101,94,102,91,92,98,85,82,
98.000000,269.000000,0.083762,28100348.000000,0.914835,0,1
28,26,32,25,33,41,31,34,
99.000000,269.000000,0.086762,30826996.000000,0.731226,0,1
29,29,34,29,37,42,37,36,
290.000000,272.000000,0.123082,46234488.000000,0.619098,0,1
107,109,108,98,94,85,89,82,
521.000000,272.000000,0.131368,84581696.000000,0.751531,0,1
87,88,95,78,84,82,74,71,
525.000000,272.000000,0.129799,65581156.000000,0.751178,0,1
93,82,93,82,80,89,71,70,
486.000000,279.000000,0.144645,74890568.000000,0.778126,0,1
77,77,70,80,71,72,90,98,
498.000000,285.000000,0.134824,152390192.000000,0.755451,0,1
92,82,90,70,79,86,68,70,
206.000000,288.000000,0.135300,179489264.000000,1.516338,0,1
28,34,40,29,34,31,29,25,
336.000000,288.000000,0.142522,34735456.000000,0.719237,0,1
99,101,96,95,83,72,74,70,
333.000000,284.000000,0.151152,44032652.000000,0.773392,0,1
73,76,75,85,77,91,93,96,
340.000000,269.000000,0.131907,43708648.000000,0.566345,0,1
83,85,92,92,102,111,112,118,
510.000000,267.000000,0.123270,56235520.000000,0.642384,0,1
103,101,94,96,97,85,87,84,
488.000000,262.000000,0.119219,71859576.000000,0.544475,0,1
119,111,117,87,105,111,104,116,
396.000000,260.000000,0.113885,16563673.000000,0.570593,0,1
123,125,123,124,123,118,115,102,
172.000000,253.000000,0.097998,59729860.000000,1.402716,0,1
62,57,54,43,44,37,36,33,
224.000000,162.000000,0.093644,1337434496.000000,0.539190,0,1
47,82,25,89,52,15,79,25,
74.000000,167.000000,0.082541,533731936.000000,0.687580,0,1
72,86,47,44,41,8,27,9,
568.000000,169.000000,0.121846,2717337088.000000,0.663826,0,1
85,133,27,140,80,13,114,82,
80.000000,204.000000,0.082491,721657600.000000,0.879759,0,1
8,11,27,13,36,76,30,47,
568.000000,199.000000,0.121754,2163927040.000000,0.688840,0,1
107,143,44,138,104,17,124,85,
544.000000,273.000000,0.129467,85361880.000000,0.821935,0,1
101,96,92,82,82,82,72,67,
441.000000,267.000000,0.114772,15313075.000000,0.449593,0,1
103,100,97,95,89,88,93,91,
393.000000,262.000000,0.116656,42518724.000000,0.455266,0,1
122,125,119,123,109,102,104,96,
606.000000,138.000000,0.122392,819409984.000000,1.231842,0,1
19,8,62,7,43,58,9,8,
526.000000,141.000000,0.006255,528778144.000000,0.018473,0,1
185,122,212,80,164,196,84,92,
83.000000,143.000000,0.080163,1108066688.000000,0.645205,0,1
12,26,23,49,37,32,61,59,
170.000000,253.000000,0.095959,65703588.000000,0.656946,0,1
59,54,57,41,43,44,34,33,
541.000000,255.000000,0.116548,803169664.000000,0.960876,0,1
66,63,58,88,83,82,115,116,
197.000000,134.000000,0.092499,1309021696.000000,1.102283,0,1
14,17,42,18,50,69,49,74,
209.000000,138.000000,0.093183,218047072.000000,1.059748,0,1
8,18,10,62,40,11,66,66,
144.000000,145.000000,0.088058,996797504.000000,0.791635,0,1
69,71,42,69,44,11,41,13,
133.000000,148.000000,0.087317,1774639232.000000,1.014121,0,1
19,17,42,17,46,69,41,54,
221.000000,160.000000,0.093808,1033252864.000000,0.609455,0,1
12,26,42,48,63,71,44,69,
89.000000,170.000000,0.085880,471798272.000000,1.196072,0,1
21,16,25,11,19,28,12,11,
134.000000,185.000000,0.086604,1807813248.000000,1.009305,0,1
17,16,43,16,50,99,49,97,
94.000000,193.000000,0.083762,3747391744.000000,1.139938,0,1
18,18,55,18,55,90,34,63,
97.000000,207.000000,0.083980,1541424384.000000,1.142795,0,1
91,45,64,22,30,27,13,9,
79.000000,215.000000,0.083918,410216128.000000,1.207647,0,1
7,8,8,23,23,22,69,98,
81.000000,215.000000,0.084629,470947744.000000,1.215366,0,1
7,8,8,23,22,20,60,93,
80.000000,234.000000,0.082125,551632896.000000,1.184728,0,1
95,73,79,58,60,63,41,36,
83.000000,234.000000,0.082714,579175552.000000,1.186881,0,1
98,81,84,61,64,67,46,40,
96.000000,243.000000,0.083141,601593792.000000,1.162484,0,1
59,45,61,32,47,55,32,33,
86.000000,252.000000,0.083290,39419580.000000,1.208737,0,1
27,33,25,37,29,21,31,25,
425.000000,253.000000,0.113367,91093552.000000,0.544090,0,1
97,89,97,106,104,107,119,120,
444.000000,254.000000,0.116680,73917936.000000,0.610218,0,1
104,99,97,107,104,103,116,122,
523.000000,254.000000,0.115291,738288384.000000,0.865966,0,1
69,65,62,86,81,82,113,110,
554.000000,254.000000,0.114245,416311552.000000,0.988896,0,1
95,80,79,54,52,53,58,89,
466.000000,255.000000,0.117931,73623272.000000,0.684881,0,1
97,97,97,112,107,107,124,133,
414.000000,257.000000,0.105259,17326472.000000,0.523667,0,1
124,121,119,120,120,112,106,113,
386.000000,258.000000,0.106473,12885995.000000,0.565551,0,1
131,132,120,131,120,117,123,121,
502.000000,271.000000,0.122115,168903888.000000,1.292326,0,1
92,90,92,80,81,80,79,80,
321.000000,276.000000,0.138726,161227840.000000,0.964502,0,1
85,83,87,84,93,100,98,101,
487.000000,278.000000,0.115948,202119056.000000,0.828611,0,1
80,77,81,77,70,77,71,83,
438.000000,119.000000,0.117228,59480560.000000,0.269283,0,1
15,25,28,51,67,74,95,122,
504.000000,270.000000,0.123410,105170504.000000,1.322365,0,1
97,93,86,94,86,81,82,81,
566.000000,257.000000,0.119273,316930656.000000,1.123062,0,1
41,49,48,88,89,49,98,89,
478.000000,256.000000,0.122005,37588268.000000,0.766933,0,1
98,108,100,123,112,99,122,123,
476.000000,255.000000,0.117083,30070226.000000,0.709283,0,1
101,105,99,120,115,105,126,125,
98.000000,144.000000,0.084324,537085056.000000,1.545167,0,1
40,16,35,8,13,15,7,6,
83.000000,229.000000,0.082219,4868787712.000000,1.172615,0,1
14,44,15,99,49,23,102,113,
531.000000,269.000000,0.122766,43834852.000000,1.473478,0,1
105,104,103,90,103,99,83,77,
413.000000,258.000000,0.109347,27953502.000000,0.534896,0,1
121,120,120,107,106,114,100,97,
73.000000,134.000000,0.081185,4307718144.000000,1.152321,0,1
21,44,7,49,23,6,23,12,
451.000000,254.000000,0.116209,62687960.000000,0.623569,0,1
99,99,97,112,111,109,122,127,
95.000000,242.000000,0.082970,424502880.000000,1.161283,0,1
55,41,59,30,45,61,32,32,
78.000000,220.000000,0.081985,2244218112.000000,0.918564,0,1
93,72,99,30,63,90,21,15,
95.000000,224.000000,0.083462,7393150464.000000,1.153318,0,1
42,28,86,22,61,118,45,101,
94.000000,227.000000,0.083230,5544582144.000000,1.154821,0,1
45,34,101,26,84,133,82,124,
177.000000,161.000000,0.090469,1761969408.000000,0.870398,0,1
16,22,52,14,49,69,25,81,
135.000000,185.000000,0.086691,2027533184.000000,1.005632,0,1
26,25,71,27,84,103,83,112,
80.000000,226.000000,0.082027,5592908288.000000,1.175903,0,1
19,53,17,109,62,17,102,100,
539.000000,255.000000,0.116218,541309312.000000,0.949207,0,1
67,66,63,95,88,83,115,114,
93.000000,201.000000,0.083483,5863695872.000000,1.143093,0,1
49,40,100,29,76,123,31,21,
80.000000,137.000000,0.080608,3559569408.000000,0.872076,0,1
6,19,8,42,28,9,51,47,
531.000000,270.000000,0.125400,138937152.000000,1.532735,0,1
105,97,103,82,88,95,77,75,
405.000000,264.000000,0.119455,14913213.000000,0.435690,0,1
111,116,108,115,111,105,104,96,
350.000000,266.000000,0.129185,25566228.000000,0.524636,0,1
88,91,90,102,99,94,111,114,
384.000000,267.000000,0.119675,45179356.000000,0.448265,0,1
116,113,116,104,105,102,89,82,
128.000000,196.000000,0.086627,9895272448.000000,1.359327,0,1
62,108,45,121,78,32,112,80,
197.000000,201.000000,0.093871,84273264.000000,1.123877,0,1
9,11,10,14,40,11,39,58,
108.000000,207.000000,0.084805,230074496.000000,1.413308,0,1
49,38,27,19,18,17,10,9,
116.000000,224.000000,0.084800,11137651712.000000,1.396591,0,1
85,99,38,97,83,19,107,87,
113.000000,231.000000,0.084532,5416692224.000000,1.411409,0,1
34,49,28,103,70,49,112,115,
121.000000,231.000000,0.085240,462169664.000000,1.395270,0,1
16,19,35,56,76,108,109,121,
258.000000,240.000000,0.093841,982397312.000000,0.761477,0,1
149,129,126,74,89,70,63,62,
472.000000,249.000000,0.107534,946479424.000000,0.810675,0,1
133,126,127,88,97,102,72,76,
563.000000,250.000000,0.108629,58661048.000000,1.306161,0,1
134,123,127,111,112,114,104,106,
512.000000,251.000000,0.110983,829480576.000000,1.059285,0,1
105,102,109,66,69,76,62,61,
116.000000,257.000000,0.083124,35279928.000000,1.403482,0,1
35,33,39,27,31,30,24,22,
182.000000,265.000000,0.117169,40832056.000000,2.056683,0,1
43,46,47,41,39,37,33,32,
171.000000,268.000000,0.120812,41696484.000000,2.272065,0,1
41,45,45,42,38,33,31,28,
518.000000,269.000000,0.122977,72030504.000000,1.391866,0,1
105,99,102,91,98,91,84,81,
252.000000,272.000000,0.123373,222211936.000000,1.353492,0,1
47,42,44,35,33,39,27,29,
308.000000,269.000000,0.121787,589038976.000000,1.434843,0,1
98,90,99,81,82,80,82,83,
116.000000,131.000000,0.086855,6273070080.000000,1.408576,0,1
11,12,35,8,24,107,11,12,
533.000000,251.000000,0.111811,201377632.000000,1.189273,0,1
110,103,103,100,98,102,80,61,
477.000000,249.000000,0.107875,880555008.000000,0.835945,0,1
129,126,126,101,100,100,70,72,
119.000000,146.000000,0.083700,1878106624.000000,1.312884,0,1
53,43,36,34,26,16,16,7,
258.000000,152.000000,0.096647,2832547840.000000,0.652859,0,1
98,42,143,39,96,160,43,57,
117.000000,176.000000,0.085462,673861056.000000,1.082430,0,1
8,11,16,18,39,32,65,102,
100.000000,207.000000,0.083986,2433477376.000000,1.426575,0,1
49,54,21,30,22,16,13,9,
118.000000,205.000000,0.085106,7259692544.000000,1.375204,0,1
102,72,124,29,89,118,40,37,
108.000000,204.000000,0.086234,111203280.000000,1.510547,0,1
8,9,8,11,20,10,31,48,
108.000000,196.000000,0.084242,5461630464.000000,1.389952,0,1
9,26,8,69,17,7,36,10,
104.000000,198.000000,0.083907,1841235456.000000,1.400272,0,1
89,93,72,78,40,26,18,9,
500.000000,250.000000,0.109065,368553696.000000,0.963104,0,1
120,103,111,86,92,95,65,58,
126.000000,217.000000,0.086001,482793984.000000,1.087791,0,1
9,12,11,40,70,21,89,93,
104.000000,218.000000,0.084136,4498226176.000000,1.423997,0,1
18,22,70,16,52,92,29,40,
119.000000,219.000000,0.085501,4340500480.000000,1.105540,0,1
72,99,44,98,47,16,48,14,
355.000000,126.000000,0.045959,40251680.000000,0.094374,0,1
97,85,113,83,94,116,84,84,
144.000000,131.000000,0.088371,11152392192.000000,1.633030,0,1
113,94,170,21,101,112,16,10,
134.000000,143.000000,0.087434,5454073344.000000,1.658442,0,1
29,17,55,11,34,74,17,30,
141.000000,170.000000,0.087377,4477299712.000000,1.618825,0,1
8,23,13,72,76,12,103,83,
154.000000,171.000000,0.088777,6723207680.000000,1.583428,0,1
99,52,66,19,44,53,12,8,
144.000000,178.000000,0.087353,1652625536.000000,1.608624,0,1
9,24,10,75,20,14,63,78,
144.000000,185.000000,0.087650,4803506688.000000,1.618911,0,1
74,86,54,101,61,13,86,42,
243.000000,202.000000,0.095204,2494417664.000000,0.966634,0,1
39,95,47,143,66,83,119,35,
144.000000,207.000000,0.087284,6051621888.000000,1.632198,0,1
31,76,11,65,34,18,26,12,
136.000000,237.000000,0.086766,1168036864.000000,1.709792,0,1
114,110,108,86,84,89,72,66,
561.000000,240.000000,0.104554,50085428.000000,1.976606,0,1
121,125,121,133,128,128,136,138,
391.000000,242.000000,0.099529,409833600.000000,0.665013,0,1
94,97,90,115,104,96,119,100,
485.000000,242.000000,0.104089,76756864.000000,1.038021,0,1
113,114,123,118,124,131,128,130,
126.000000,243.000000,0.085371,482957568.000000,1.731954,0,1
74,49,66,37,52,62,40,47,
390.000000,244.000000,0.101235,1226153088.000000,0.699463,0,1
110,120,112,111,104,100,85,69,
455.000000,244.000000,0.103338,145255168.000000,0.883863,0,1
107,110,115,115,120,130,120,119,
161.000000,247.000000,0.090679,169426432.000000,1.725851,0,1
66,57,59,44,46,43,37,35,
431.000000,247.000000,0.104694,1116915840.000000,0.832317,0,1
116,107,117,73,80,84,69,70,
449.000000,248.000000,0.106198,1044191488.000000,0.927517,0,1
128,117,123,80,79,84,70,72,
519.000000,251.000000,0.111729,1068783040.000000,1.899294,0,1
106,111,116,82,88,95,68,66,
522.000000,251.000000,0.111633,710222080.000000,1.924745,0,1
109,112,104,94,94,94,71,65,
505.000000,253.000000,0.113495,796325376.000000,1.422829,0,1
63,54,61,62,67,65,104,105,
260.000000,264.000000,0.105348,35813536.000000,1.278176,0,1
66,61,69,56,62,83,54,61,
251.000000,272.000000,0.106835,138744720.000000,1.403483,0,1
45,43,42,37,33,36,28,29,
143.000000,288.000000,0.088299,86044760.000000,1.852420,0,1
46,39,45,35,39,36,28,26,
240.000000,290.000000,0.095751,176790272.000000,1.279365,0,1
35,46,31,56,41,31,52,43,
199.000000,261.000000,0.112794,90962424.000000,2.332554,0,1
55,53,48,44,39,38,35,34,
203.000000,257.000000,0.113365,70335952.000000,2.306236,0,1
37,38,42,42,47,55,55,55,
144.000000,217.000000,0.088339,1942123776.000000,1.678914,0,1
9,11,10,36,32,11,73,73,
141.000000,207.000000,0.087033,4675133440.000000,1.641178,0,1
92,100,102,48,67,53,26,13,
129.000000,204.000000,0.086639,14974056448.000000,1.692469,0,1
45,85,24,115,50,17,87,46,
542.000000,249.000000,0.105933,90023704.000000,1.487682,0,1
132,124,124,115,118,114,106,103,
243.000000,234.000000,0.094823,702395328.000000,1.042084,0,1
22,23,95,23,94,151,101,147,
130.000000,226.000000,0.086340,15635421184.000000,1.708542,0,1
25,80,18,115,50,16,100,81,
379.000000,244.000000,0.101119,1301308032.000000,0.699276,0,1
122,115,120,103,105,107,73,70,
248.000000,266.000000,0.113630,131934208.000000,1.569952,0,1
51,50,50,48,46,46,41,34,
143.000000,131.000000,0.088429,12234213376.000000,1.640602,0,1
81,42,166,12,40,133,10,8,
136.000000,139.000000,0.087310,1532029440.000000,1.655087,0,1
14,19,38,18,49,74,43,74,
420.000000,245.000000,0.104080,670324416.000000,0.779548,0,1
123,115,111,117,115,106,95,65,
467.000000,116.000000,0.121546,135423200.000000,2.062059,0,1
10,11,12,14,15,16,28,76,
393.000000,124.000000,0.012102,65828984.000000,0.019217,0,1
108,88,150,81,116,174,83,108,
206.000000,125.000000,0.094077,3624038144.000000,2.094864,0,1
6,6,7,7,9,10,15,46,
343.000000,126.000000,0.007554,155119104.000000,0.023685,0,1
147,187,98,150,136,78,140,121,
314.000000,128.000000,0.008361,401331648.000000,0.039587,0,1
240,198,240,163,219,201,158,167,
328.000000,129.000000,0.005346,197508496.000000,0.020597,0,1
157,188,144,188,164,116,149,113,
265.000000,133.000000,0.007667,592876800.000000,0.057146,0,1
223,190,189,124,129,110,76,81,
438.000000,135.000000,0.017583,17511834.000000,0.056150,0,1
74,79,75,81,81,74,92,90,
277.000000,139.000000,0.017852,89948184.000000,0.127981,0,1
81,73,84,58,65,74,53,54,
283.000000,140.000000,0.017930,72265776.000000,0.121937,0,1
92,83,96,70,83,93,76,79,
196.000000,143.000000,0.092193,4108360704.000000,1.405614,0,1
57,34,80,17,54,94,32,48,
344.000000,144.000000,0.004364,10517149.000000,0.012855,0,1
72,85,68,99,77,72,84,72,
508.000000,144.000000,0.007537,92577160.000000,0.055028,0,1
85,73,85,71,77,83,69,72,
370.000000,147.000000,0.013142,5506128.500000,0.070424,0,1
56,55,61,61,57,64,56,60,
560.000000,147.000000,0.006850,612695552.000000,0.072712,0,1
141,141,140,118,123,100,74,85,
251.000000,152.000000,0.098462,630159808.000000,1.763122,0,1
27,21,32,15,30,65,22,31,
478.000000,152.000000,0.010875,21828288.000000,0.059912,0,1
47,49,51,48,52,58,63,95,
446.000000,154.000000,0.007910,7529943.500000,0.027042,0,1
48,49,52,82,83,87,110,113,
527.000000,154.000000,0.013523,252377376.000000,0.119628,0,1
49,64,56,74,80,90,109,108,
353.000000,155.000000,0.008129,10148152.000000,0.061668,0,1
56,64,63,85,85,80,111,120,
436.000000,157.000000,0.012855,13085896.000000,0.037574,0,1
107,112,109,105,115,102,85,102,
552.000000,158.000000,0.015880,685486016.000000,0.169915,0,1
180,177,161,162,134,111,142,164,
209.000000,161.000000,0.092656,4237386752.000000,1.979220,0,1
15,14,44,13,37,84,56,138,
279.000000,162.000000,0.011488,62572040.000000,0.078106,0,1
53,64,61,103,95,103,129,134,
394.000000,162.000000,0.003321,9380830.000000,0.048758,0,1
106,112,111,133,133,135,139,139,
537.000000,163.000000,0.019415,1839879424.000000,0.192718,0,1
91,73,149,85,113,160,97,114,
324.000000,164.000000,0.014578,12412785.000000,0.067051,0,1
149,160,160,146,145,145,125,119,
447.000000,164.000000,0.019906,53429400.000000,0.077335,0,1
143,146,141,137,132,140,113,108,
479.000000,164.000000,0.018057,74268832.000000,0.106925,0,1
90,66,83,60,71,74,89,117,
348.000000,166.000000,0.015368,23537984.000000,0.114377,0,1
140,116,122,88,102,102,96,113,
406.000000,166.000000,0.033064,6581855.000000,0.057142,0,1
141,138,136,132,130,130,121,119,
258.000000,170.000000,0.096392,11213869056.000000,1.619121,0,1
42,24,96,20,58,110,50,92,
306.000000,170.000000,0.017292,35541240.000000,0.095440,0,1
98,83,82,95,100,98,116,123,
351.000000,171.000000,0.023951,6876393.500000,0.084945,0,1
116,116,116,133,137,135,138,138,
419.000000,171.000000,0.032877,9707436.000000,0.087037,0,1
128,125,126,124,117,111,115,113,
413.000000,172.000000,0.041110,3124623.250000,0.104094,0,1
129,128,129,121,119,121,112,114,
207.000000,176.000000,0.092458,9497881600.000000,2.005376,0,1
10,32,10,69,41,10,95,61,
348.000000,176.000000,0.029927,20740286.000000,0.110349,0,1
134,135,136,147,149,151,164,167,
299.000000,178.000000,0.023015,48569256.000000,0.145064,0,1
138,137,142,150,150,146,173,180,
306.000000,178.000000,0.023204,28569602.000000,0.136659,0,1
137,137,139,149,152,155,173,176,
558.000000,178.000000,0.032142,162251040.000000,0.404494,0,1
145,145,142,142,134,126,126,127,
239.000000,179.000000,0.094608,4117539328.000000,1.774822,0,1
13,17,18,51,65,74,90,112,
243.000000,179.000000,0.095174,8433186304.000000,1.755155,0,1
12,14,12,74,17,12,49,21,
261.000000,179.000000,0.024115,169493136.000000,0.209418,0,1
54,53,54,67,64,68,102,128,
534.000000,179.000000,0.030877,47827188.000000,0.330116,0,1
146,147,144,139,132,131,127,132,
272.000000,180.000000,0.024237,190552160.000000,0.194761,0,1
59,70,70,103,104,113,145,168,
206.000000,181.000000,0.092272,25654886400.000000,2.014539,0,1
86,107,29,121,60,16,102,57,
227.000000,182.000000,0.093943,22443614208.000000,1.878763,0,1
74,37,119,21,65,131,30,97,
396.000000,182.000000,0.029362,12128501.000000,0.071700,0,1
112,113,112,112,110,114,126,114,
243.000000,183.000000,0.095444,9726269440.000000,1.775598,0,1
21,73,20,105,22,12,40,12,
239.000000,184.000000,0.094893,2952823296.000000,1.798068,0,1
130,118,113,104,72,68,24,14,
308.000000,184.000000,0.032277,42178488.000000,0.203128,0,1
173,175,172,161,156,146,137,138,
301.000000,185.000000,0.033169,71958392.000000,0.225486,0,1
172,168,167,151,148,144,133,158,
160.000000,186.000000,0.088700,7509098496.000000,1.897530,0,1
81,66,94,21,52,60,13,9,
182.000000,188.000000,0.090529,1567203072.000000,1.805149,0,1
9,9,9,12,17,11,52,128,
223.000000,188.000000,0.093346,19108583424.000000,1.907192,0,1
35,24,115,18,86,153,37,73,
342.000000,188.000000,0.046296,1235978368.000000,0.228821,0,1
205,194,193,154,178,152,132,66,
380.000000,188.000000,0.054161,199737168.000000,0.191082,0,1
131,118,120,122,125,115,159,209,
466.000000,188.000000,0.037812,30578856.000000,0.243462,0,1
124,124,127,117,123,125,137,129,
301.000000,189.000000,0.035711,103365640.000000,0.251254,0,1
158,158,156,132,127,125,115,120,
207.000000,190.000000,0.092263,16997193728.000000,2.021774,0,1
82,121,29,116,68,11,63,12,
479.000000,190.000000,0.040845,170812384.000000,0.309389,0,1
134,145,139,133,136,125,125,128,
224.000000,191.000000,0.093317,8189721600.000000,1.903327,0,1
142,73,106,21,44,31,14,11,
273.000000,192.000000,0.039988,87870608.000000,0.366686,0,1
159,154,151,142,133,131,115,109,
296.000000,193.000000,0.039826,211988784.000000,0.306471,0,1
118,144,143,107,111,126,113,123,
316.000000,193.000000,0.051456,1888383616.000000,0.362942,0,1
196,151,162,133,104,107,64,38,
565.000000,194.000000,0.050716,55582840.000000,0.783235,0,1
126,128,125,130,132,129,141,142,
516.000000,196.000000,0.050205,542241600.000000,0.567144,0,1
138,129,138,130,132,142,140,131,
531.000000,196.000000,0.051179,145972576.000000,0.646666,0,1
129,130,130,139,141,148,145,148,
179.000000,197.000000,0.089836,13460586496.000000,1.816447,0,1
74,29,114,16,67,132,48,102,
391.000000,197.000000,0.048979,219325424.000000,0.196756,0,1
114,112,110,99,90,92,84,76,
402.000000,197.000000,0.051338,289404032.000000,0.215234,0,1
118,117,116,96,98,106,71,55,
422.000000,197.000000,0.050945,268105968.000000,0.246519,0,1
101,88,100,85,73,86,61,52,
334.000000,198.000000,0.048119,617313984.000000,0.288317,0,1
128,146,138,115,92,81,69,66,
402.000000,199.000000,0.051514,286736320.000000,0.224549,0,1
98,71,74,60,55,57,51,48,
240.000000,202.000000,0.094585,7536827392.000000,1.830666,0,1
19,26,96,17,111,128,31,28,
186.000000,203.000000,0.090726,15342344192.000000,2.177075,0,1
107,148,47,148,95,12,125,74,
169.000000,207.000000,0.089534,1061807232.000000,1.897160,0,1
10,12,31,13,42,99,28,20,
172.000000,207.000000,0.089781,3054430208.000000,1.885490,0,1
11,60,19,85,53,12,42,21,
183.000000,207.000000,0.090068,15144375296.000000,2.181719,0,1
135,93,122,34,92,93,49,40,
196.000000,207.000000,0.091008,449972384.000000,2.109502,0,1
40,21,54,13,34,27,22,23,
324.000000,207.000000,0.054908,142480000.000000,0.407826,0,1
174,178,179,159,160,162,151,159,
359.000000,207.000000,0.056110,207506928.000000,0.321063,0,1
111,135,130,149,150,144,151,148,
400.000000,207.000000,0.056218,351637088.000000,0.290816,0,1
120,148,156,165,166,167,165,162,
470.000000,207.000000,0.060592,445458240.000000,0.545207,0,1
172,174,171,171,164,145,161,153,
540.000000,207.000000,0.063579,326749184.000000,0.972539,0,1
182,187,184,181,176,177,164,166,
303.000000,208.000000,0.055851,167305696.000000,0.495182,0,1
187,186,178,169,161,156,153,164,
276.000000,209.000000,0.057800,180657648.000000,0.631257,0,1
174,181,183,171,166,164,155,153,
436.000000,209.000000,0.060383,124880168.000000,0.414156,0,1
127,128,132,149,146,151,164,166,
521.000000,210.000000,0.066156,434813984.000000,0.926939,0,1
172,177,175,182,175,160,184,182,
524.000000,210.000000,0.066225,733527104.000000,0.946783,0,1
166,174,176,160,182,187,180,180,
341.000000,213.000000,0.062963,125112176.000000,0.463656,0,1
154,161,165,158,159,162,145,148,
261.000000,214.000000,0.095971,18640986112.000000,1.729786,0,1
132,85,152,29,138,157,80,122,
287.000000,216.000000,0.064847,294371648.000000,0.721577,0,1
163,160,163,143,146,147,140,149,
477.000000,217.000000,0.069036,46072376.000000,0.752403,0,1
169,161,167,151,154,157,143,148,
551.000000,217.000000,0.072440,282538496.000000,1.317128,0,1
194,187,183,166,163,161,150,149,
386.000000,220.000000,0.074244,261237504.000000,0.545186,0,1
151,147,151,141,141,142,134,130,
443.000000,220.000000,0.074787,557990976.000000,0.689901,0,1
164,161,157,158,153,141,148,149,
407.000000,221.000000,0.075796,145648208.000000,0.589292,0,1
160,158,158,145,140,145,138,134,
525.000000,221.000000,0.079989,274258016.000000,1.369252,0,1
163,155,156,164,164,168,174,170,
421.000000,222.000000,0.078091,92862216.000000,0.666778,0,1
149,141,149,138,142,153,152,157,
453.000000,222.000000,0.092962,667722048.000000,1.149668,0,1
149,155,158,151,153,156,142,142,
156.000000,223.000000,0.088052,1611697664.000000,1.964491,0,1
10,17,12,34,40,11,46,80,
316.000000,223.000000,0.076795,264843824.000000,0.826673,0,1
141,137,131,148,143,141,154,155,
173.000000,224.000000,0.089671,15188225024.000000,1.912020,0,1
43,101,20,129,52,12,111,53,
189.000000,224.000000,0.090399,28441169920.000000,2.195024,0,1
12,42,11,95,15,12,71,52,
308.000000,224.000000,0.076905,162616416.000000,0.876632,0,1
140,147,143,152,154,153,163,160,
403.000000,225.000000,0.078781,436918656.000000,0.657670,0,1
127,130,129,140,140,137,154,152,
555.000000,225.000000,0.080564,191630160.000000,1.662356,0,1
182,167,167,152,151,154,137,143,
223.000000,232.000000,0.094387,4968476160.000000,2.115108,0,1
46,90,100,127,101,144,141,136,
325.000000,232.000000,0.085985,243943728.000000,1.032067,0,1
160,154,154,147,149,149,139,138,
459.000000,232.000000,0.089620,441892000.000000,1.190369,0,1
139,142,147,147,149,154,154,155,
290.000000,233.000000,0.088780,1463354496.000000,1.340885,0,1
153,155,157,159,159,155,142,139,
371.000000,233.000000,0.088409,1209994240.000000,0.909077,0,1
149,151,147,136,131,128,119,114,
383.000000,233.000000,0.088723,802633088.000000,0.899498,0,1
145,132,134,126,137,143,147,142,
387.000000,233.000000,0.089020,121930560.000000,0.756372,0,1
145,135,139,143,152,149,152,161,
498.000000,233.000000,0.090456,679924928.000000,1.552603,0,1
150,151,146,153,143,137,139,131,
422.000000,234.000000,0.092379,670778176.000000,0.879634,0,1
142,145,138,144,136,124,133,121,
234.000000,236.000000,0.093846,18381422592.000000,2.009184,0,1
17,50,19,132,66,45,132,125,
369.000000,237.000000,0.093128,536668288.000000,0.882190,0,1
116,114,113,122,122,123,135,131,
197.000000,238.000000,0.089786,4257018112.000000,2.147991,0,1
146,132,134,99,105,111,89,86,
361.000000,238.000000,0.094275,149315200.000000,0.931973,0,1
117,116,119,125,123,128,133,136,
549.000000,238.000000,0.097141,936897536.000000,1.996419,0,1
135,143,136,135,125,125,123,125,
298.000000,241.000000,0.095457,13328220160.000000,1.560865,0,1
154,153,157,96,98,102,69,110,
316.000000,242.000000,0.096629,6880060928.000000,1.477201,0,1
144,125,131,87,93,96,85,110,
335.000000,242.000000,0.097644,1453316608.000000,1.139495,0,1
141,137,134,112,117,112,80,80,
274.000000,243.000000,0.096633,6793800192.000000,1.819780,0,1
59,65,59,121,119,119,147,152,
287.000000,243.000000,0.097488,8241755648.000000,1.430912,0,1
83,78,76,126,121,123,157,154,
289.000000,243.000000,0.097626,6997710336.000000,1.421272,0,1
88,76,78,121,123,126,158,150,
260.000000,244.000000,0.096832,4645938688.000000,1.959045,0,1
82,69,97,54,80,118,87,90,
423.000000,119.000000,0.115971,424297344.000000,0.506348,0,1
13,18,18,39,40,40,92,107,
476.000000,126.000000,0.005644,146580240.000000,0.030372,0,1
145,123,134,98,101,102,96,83,
386.000000,127.000000,0.007621,10611593.000000,0.019416,0,1
88,72,92,72,87,76,77,71,
437.000000,127.000000,0.010417,50437584.000000,0.032924,0,1
78,87,79,80,89,72,86,80,
280.000000,131.000000,0.006029,497283552.000000,0.039501,0,1
223,202,176,168,160,147,163,123,
316.000000,138.000000,0.008542,120357304.000000,0.059932,0,1
125,108,135,96,118,118,90,93,
174.000000,144.000000,0.089669,5281083392.000000,1.813229,0,1
36,34,19,24,25,7,21,8,
196.000000,144.000000,0.092301,11801893888.000000,2.093173,0,1
57,32,79,17,52,86,31,43,
209.000000,144.000000,0.092305,1379444992.000000,1.625732,0,1
66,50,35,21,13,10,9,8,
366.000000,243.000000,0.100289,1012307008.000000,0.882735,0,1
131,128,126,115,119,126,81,69,
351.000000,243.000000,0.099139,2039959296.000000,0.901316,0,1
126,126,122,103,100,101,74,81,
277.000000,149.000000,0.012582,278141120.000000,0.086972,0,1
55,51,48,62,62,83,79,77,
269.000000,243.000000,0.096032,10688609280.000000,1.837739,0,1
58,98,81,128,122,122,142,147,
541.000000,150.000000,0.008375,172503696.000000,0.079300,0,1
84,55,65,111,105,111,142,150,
401.000000,240.000000,0.096258,1152019072.000000,0.779449,0,1
120,105,113,102,112,124,114,118,
536.000000,238.000000,0.095788,509688096.000000,1.812207,0,1
143,134,136,125,128,138,120,119,
460.000000,238.000000,0.095027,402822912.000000,0.942235,0,1
146,140,136,126,122,118,113,114,
477.000000,154.000000,0.011808,24760214.000000,0.064753,0,1
53,57,68,84,92,96,106,106,
347.000000,236.000000,0.090632,429691296.000000,1.066918,0,1
151,146,143,139,134,127,133,135,
153.000000,235.000000,0.085495,1147918720.000000,1.909988,0,1
132,136,137,123,122,123,89,100,
152.000000,235.000000,0.085136,764912896.000000,1.902661,0,1
130,133,135,122,123,122,95,101,
540.000000,156.000000,0.013689,413270112.000000,0.133233,0,1
131,111,125,119,137,168,177,190,
358.000000,234.000000,0.088669,499255008.000000,0.959438,0,1
150,146,137,135,130,124,120,114,
379.000000,158.000000,0.011144,15833628.000000,0.058248,0,1
98,104,81,93,84,79,85,87,
174.000000,234.000000,0.089355,7173919232.000000,1.919595,0,1
14,30,19,115,101,93,132,126,
342.000000,233.000000,0.087633,1470048384.000000,0.991286,0,1
156,157,153,142,133,137,126,142,
261.000000,233.000000,0.095827,26672728064.000000,1.833473,0,1
121,41,152,23,114,156,41,103,
182.000000,233.000000,0.089841,2387579392.000000,2.258369,0,1
18,23,61,45,84,129,130,142,
179.000000,233.000000,0.089807,1619664640.000000,1.899406,0,1
13,15,18,25,37,61,104,138,
450.000000,231.000000,0.087793,1060369664.000000,1.072305,0,1
158,156,150,149,139,133,129,128,
449.000000,231.000000,0.088181,1595364608.000000,1.075641,0,1
158,156,153,153,139,139,136,123,
530.000000,228.000000,0.084180,83287936.000000,1.589344,0,1
167,163,165,155,154,153,144,134,
522.000000,162.000000,0.019228,1080705536.000000,0.170549,0,1
110,138,72,100,109,59,88,86,
496.000000,163.000000,0.019161,149649136.000000,0.135994,0,1
142,142,140,100,100,100,74,100,
471.000000,225.000000,0.082672,730535040.000000,1.044407,0,1
137,138,137,146,147,150,158,163,
547.000000,224.000000,0.080580,193715984.000000,1.589002,0,1
185,178,180,164,164,162,144,138,
258.000000,224.000000,0.095797,21473187840.000000,1.806451,0,1
79,48,136,30,121,147,38,53,
341.000000,165.000000,0.012131,13474227.000000,0.057039,0,1
157,144,143,126,119,120,108,102,
396.000000,221.000000,0.076298,309930080.000000,0.581928,0,1
156,152,155,137,140,144,132,135,
507.000000,217.000000,0.071923,1441166080.000000,0.995159,0,1
156,158,141,164,163,166,170,170,
462.000000,215.000000,0.068313,79401800.000000,0.652455,0,1
168,172,171,168,160,155,154,158,
486.000000,214.000000,0.069954,725113472.000000,0.809184,0,1
172,167,166,162,154,167,145,160,
368.000000,212.000000,0.060221,33819848.000000,0.362979,0,1
147,133,143,122,132,146,131,141,
179.000000,172.000000,0.090247,7043668992.000000,1.800300,0,1
111,71,109,18,61,110,17,17,
406.000000,207.000000,0.056220,441723776.000000,0.297076,0,1
116,150,145,165,163,161,165,162,
161.000000,207.000000,0.088562,10451066880.000000,1.916693,0,1
39,100,23,95,53,14,50,19,
219.000000,175.000000,0.093387,272523584.000000,1.924254,0,1
66,41,58,19,67,27,32,37,
331.000000,177.000000,0.025452,27855484.000000,0.113331,0,1
146,136,136,150,154,158,172,177,
337.000000,177.000000,0.026822,43310952.000000,0.111107,0,1
142,135,138,157,158,164,174,178,
362.000000,206.000000,0.055677,326276736.000000,0.307113,0,1
88,107,100,130,124,117,144,146,
542.000000,204.000000,0.060940,488975712.000000,0.914870,0,1
134,134,127,163,157,155,180,183,
535.000000,204.000000,0.060594,509715840.000000,0.868300,0,1
128,136,134,167,164,162,184,184,
273.000000,179.000000,0.025275,292286944.000000,0.202531,0,1
69,59,74,70,70,86,104,149,
513.000000,204.000000,0.059492,554165952.000000,0.729129,0,1
115,123,124,146,149,151,165,175,
352.000000,181.000000,0.025810,34267592.000000,0.089101,0,1
172,175,170,156,152,147,137,127,
416.000000,204.000000,0.055587,829721472.000000,0.295093,0,1
56,64,60,100,99,94,128,150,
351.000000,204.000000,0.053949,592008576.000000,0.309793,0,1
57,80,84,106,105,101,141,152,
412.000000,184.000000,0.024131,11480551.000000,0.103137,0,1
108,115,114,121,122,126,126,122,
329.000000,186.000000,0.032302,70734696.000000,0.170180,0,1
161,142,142,124,127,130,122,131,
342.000000,189.000000,0.046378,763541696.000000,0.231688,0,1
216,171,173,132,136,130,68,43,
287.000000,190.000000,0.038798,88855912.000000,0.315336,0,1
161,156,159,145,144,139,122,131,
497.000000,197.000000,0.050582,118849352.000000,0.497624,0,1
135,143,137,143,137,143,139,138,
161.000000,194.000000,0.088737,3924549888.000000,1.902352,0,1
9,24,16,59,69,22,130,129,
548.000000,195.000000,0.052540,180861888.000000,0.746971,0,1
129,126,126,137,137,139,157,167,
314.000000,195.000000,0.050667,905679296.000000,0.365994,0,1
133,121,64,126,103,38,128,132,
352.000000,196.000000,0.045693,241072992.000000,0.220764,0,1
137,131,129,138,142,133,91,75,
194.000000,193.000000,0.091671,13463462912.000000,2.125535,0,1
12,47,12,110,61,10,113,74,
244.000000,189.000000,0.094985,413069760.000000,1.762784,0,1
12,13,14,14,38,29,25,60,
432.000000,199.000000,0.053166,1221948800.000000,0.295973,0,1
69,106,59,178,104,51,95,72,
425.000000,200.000000,0.052669,1553777792.000000,0.276943,0,1
174,152,189,54,98,110,56,48,
155.000000,203.000000,0.087944,12994823168.000000,1.927706,0,1
120,70,132,35,103,138,37,34,
377.000000,203.000000,0.054843,827564992.000000,0.264793,0,1
161,123,147,87,109,100,84,104,
494.000000,204.000000,0.058245,794051392.000000,0.613655,0,1
126,125,128,136,157,157,162,164,
262.000000,180.000000,0.024281,190867664.000000,0.209980,0,1
54,64,68,102,99,96,128,156,
392.000000,205.000000,0.055624,1241927808.000000,0.272978,0,1
60,73,81,118,117,118,143,150,
465.000000,205.000000,0.057903,330812256.000000,0.481482,0,1
136,165,165,167,170,154,175,169,
295.000000,133.000000,0.004184,144633584.000000,0.023527,0,1
185,162,213,144,160,167,113,82,
257.000000,171.000000,0.096271,12232997888.000000,1.627721,0,1
24,20,58,18,50,104,36,79,
485.000000,214.000000,0.070227,731679808.000000,0.808569,0,1
174,169,166,167,153,164,162,161,
299.000000,136.000000,0.004630,124284032.000000,0.024938,0,1
116,85,105,91,93,113,125,150,
410.000000,136.000000,0.029403,4265802.500000,0.081071,0,1
79,78,69,83,77,66,83,78,
509.000000,136.000000,0.009353,92876520.000000,0.070029,0,1
144,126,124,110,118,106,82,72,
261.000000,216.000000,0.096065,21313363968.000000,1.744135,0,1
138,80,147,26,122,138,68,118,
290.000000,169.000000,0.018584,108158800.000000,0.121043,0,1
136,104,115,78,86,106,95,107,
341.000000,245.000000,0.101468,1456482560.000000,0.991046,0,1
79,79,76,103,97,93,109,108,
428.000000,145.000000,0.015747,6479298.000000,0.037833,0,1
73,75,65,72,67,60,76,70,
310.000000,241.000000,0.096192,5791167488.000000,1.496096,0,1
149,147,149,121,122,123,81,89,
275.000000,240.000000,0.093778,15146875904.000000,1.675303,0,1
167,158,157,91,103,116,59,59,
530.000000,152.000000,0.012361,816712448.000000,0.110962,0,1
71,59,91,50,88,114,76,92,
456.000000,239.000000,0.095759,370468064.000000,0.940382,0,1
138,127,129,110,113,115,109,109,
525.000000,237.000000,0.096814,663208832.000000,1.741340,0,1
127,122,135,117,132,142,123,126,
499.000000,237.000000,0.094936,226314496.000000,1.442727,0,1
131,133,122,139,129,123,135,128,
474.000000,237.000000,0.093848,437320096.000000,1.217976,0,1
145,146,144,140,139,136,123,123,
462.000000,154.000000,0.014474,75654456.000000,0.066539,0,1
52,60,76,83,105,103,114,123,
408.000000,235.000000,0.089892,224922352.000000,0.807110,0,1
147,145,143,142,134,123,124,119,
423.000000,234.000000,0.091966,445035456.000000,0.879033,0,1
140,143,132,142,127,126,130,120,
456.000000,160.000000,0.013040,56740408.000000,0.055053,0,1
75,68,76,85,94,99,126,132,
539.000000,160.000000,0.019034,1012517056.000000,0.190799,0,1
193,173,170,130,145,160,108,142,
396.000000,162.000000,0.002806,8904984.000000,0.042742,0,1
110,111,111,133,135,133,138,140,
194.000000,230.000000,0.090874,15826993152.000000,2.196146,0,1
14,31,18,115,85,59,128,131,
354.000000,227.000000,0.080908,294090848.000000,0.759231,0,1
135,136,135,146,146,144,159,162,
503.000000,161.000000,0.018003,269221696.000000,0.135017,0,1
126,112,139,94,118,144,79,76,
527.000000,196.000000,0.050305,170227648.000000,0.614250,0,1
134,126,127,139,136,139,142,140,
340.000000,232.000000,0.087074,428148928.000000,0.979512,0,1
156,156,158,147,154,156,142,131,
510.000000,162.000000,0.018735,908112128.000000,0.150248,0,1
131,117,112,81,104,65,60,76,
479.000000,201.000000,0.055461,315149440.000000,0.498115,0,1
120,113,121,126,130,137,140,138,
275.000000,202.000000,0.050279,422183520.000000,0.507200,0,1
109,107,110,125,127,124,156,165,
285.000000,202.000000,0.050392,239100896.000000,0.474478,0,1
116,113,112,115,117,121,153,163,
170.000000,234.000000,0.089097,8383101440.000000,1.937030,0,1
38,116,73,141,133,115,139,123,
403.000000,120.000000,0.118789,485266048.000000,0.363222,0,1
16,21,23,43,60,55,106,146,
360.000000,159.000000,0.018150,3165805.750000,0.055789,0,1
85,91,69,83,78,60,82,90,
460.000000,163.000000,0.018512,131944304.000000,0.086532,0,1
125,102,126,82,97,99,80,97,
474.000000,204.000000,0.057099,594274304.000000,0.506333,0,1
133,143,147,156,161,161,155,151,
291.000000,124.000000,0.104923,1477391232.000000,0.973936,0,1
19,48,54,134,154,164,238,255,
503.000000,204.000000,0.058714,540563136.000000,0.664910,0,1
119,124,123,155,152,150,170,171,
287.000000,177.000000,0.025671,545007680.000000,0.183176,0,1
108,91,123,72,103,132,78,125,
388.000000,208.000000,0.057895,166715760.000000,0.304660,0,1
134,114,126,117,132,145,149,151,
495.000000,133.000000,0.019809,1138482048.000000,0.140117,0,1
130,139,104,151,140,88,158,137,
439.000000,236.000000,0.093549,933255872.000000,0.990642,0,1
141,139,128,130,119,113,114,107,
300.000000,252.000000,0.101904,193611920.000000,1.904640,0,1
124,119,119,108,110,108,102,100,
540.000000,135.000000,0.006085,987781568.000000,0.056693,0,1
99,119,163,128,140,168,94,76,
454.000000,215.000000,0.037102,70566720.000000,0.255928,0,1
162,161,164,167,157,146,159,156,
206.000000,165.000000,0.092615,10145211392.000000,2.010432,0,1
34,19,88,11,41,118,13,12,
538.000000,137.000000,0.006577,3255031040.000000,0.060542,0,1
128,173,94,191,112,76,186,115,
176.000000,170.000000,0.089995,5719071232.000000,1.811566,0,1
126,86,115,33,79,104,18,12,
279.000000,240.000000,0.094044,12331215872.000000,1.652704,0,1
156,157,155,116,120,126,62,72,
231.000000,169.000000,0.094622,4226572288.000000,1.843374,0,1
13,17,27,28,74,78,95,116,
300.000000,144.000000,0.003310,196828752.000000,0.017370,0,1
102,111,80,131,91,79,95,82,
377.000000,167.000000,0.016703,21139818.000000,0.025532,0,1
102,75,81,100,102,112,126,126,
279.000000,149.000000,0.013202,660735104.000000,0.090041,0,1
65,48,88,62,83,120,70,74,
339.000000,197.000000,0.047875,246907168.000000,0.270329,0,1
122,147,102,120,114,60,74,56,
440.000000,197.000000,0.049633,422331968.000000,0.284510,0,1
109,107,121,74,89,186,46,47,
355.000000,150.000000,0.010886,5694587.500000,0.035515,0,1
60,55,46,58,62,51,59,64,
450.000000,197.000000,0.050453,2929915392.000000,0.322689,0,1
118,141,126,193,130,121,112,127,
382.000000,190.000000,0.053003,397454016.000000,0.191834,0,1
115,154,116,209,113,110,171,140,
442.000000,198.000000,0.050420,1251199872.000000,0.299848,0,1
139,145,181,53,115,131,50,54,
367.000000,146.000000,0.036254,27469176.000000,0.078549,0,1
71,82,59,85,74,55,83,78,
495.000000,140.000000,0.019426,2392889856.000000,0.135993,0,1
84,133,68,170,84,67,136,82,
244.000000,140.000000,0.097135,1525675904.000000,1.467823,0,1
12,45,12,51,21,12,33,12,
539.000000,224.000000,0.079909,104391520.000000,1.495850,0,1
184,180,179,169,161,160,155,148,
269.000000,240.000000,0.093360,17491167232.000000,1.708585,0,1
168,150,155,83,81,84,60,89,
186.000000,164.000000,0.090852,16462068736.000000,2.123584,0,1
67,91,24,106,38,9,60,15,
369.000000,127.000000,0.039919,66881696.000000,0.089314,0,1
157,150,140,130,133,98,88,83,
339.000000,136.000000,0.006012,63541804.000000,0.018876,0,1
109,92,126,84,107,111,79,79,
295.000000,215.000000,0.065954,1318837504.000000,0.700372,0,1
168,173,165,166,138,150,143,141,
493.000000,153.000000,0.019362,573902336.000000,0.132489,0,1
67,94,55,85,72,64,104,101,
377.000000,194.000000,0.053611,530435328.000000,0.217494,0,1
105,112,98,121,76,49,89,78,
332.000000,192.000000,0.040013,256207360.000000,0.218452,0,1
117,113,117,132,129,125,143,133,
425.000000,135.000000,0.003963,7418452.000000,0.008648,0,1
68,64,78,61,68,82,69,75,
488.000000,147.000000,0.018993,2008418688.000000,0.123061,0,1
110,59,179,52,101,163,53,51,
405.000000,226.000000,0.080285,734616192.000000,0.692907,0,1
140,137,140,154,144,134,149,150,
370.000000,244.000000,0.100401,1694350464.000000,0.886007,0,1
127,124,123,84,89,93,70,71,
213.000000,125.000000,0.098807,2450761984.000000,2.253930,0,1
7,8,8,11,12,10,37,120,
202.000000,177.000000,0.091707,1478318592.000000,2.021699,0,1
11,16,34,41,64,102,98,116,
520.000000,130.000000,0.006320,393205024.000000,0.051148,0,1
179,160,160,176,105,106,142,93,
364.000000,179.000000,0.037474,87543568.000000,0.113804,0,1
114,135,99,152,134,93,143,113,
158.000000,168.000000,0.088663,15238678528.000000,1.896522,0,1
13,63,8,94,46,8,84,33,
452.000000,151.000000,0.013641,30786882.000000,0.053384,0,1
54,46,69,41,40,62,40,41,
508.000000,195.000000,0.049183,194700816.000000,0.517820,0,1
123,123,128,132,130,137,147,152,
467.000000,194.000000,0.044669,188089840.000000,0.316782,0,1
122,136,133,127,128,120,119,124,
355.000000,162.000000,0.017227,34593540.000000,0.042353,0,1
96,118,88,141,121,122,146,119,
307.000000,135.000000,0.005049,246558272.000000,0.025012,0,1
138,170,106,152,124,120,132,109,
364.000000,128.000000,0.039205,101370944.000000,0.096505,0,1
139,121,122,98,78,80,65,53,
259.000000,189.000000,0.096031,17959507968.000000,1.644438,0,1
110,32,131,19,77,152,28,69,
315.000000,183.000000,0.030726,55373352.000000,0.177271,0,1
173,176,178,172,167,166,141,133,
510.000000,134.000000,0.006392,173760672.000000,0.047489,0,1
81,105,69,118,113,94,132,106,
339.000000,126.000000,0.006304,171310928.000000,0.020977,0,1
113,96,131,81,118,150,98,97,
468.000000,194.000000,0.044789,222791520.000000,0.321058,0,1
125,135,132,132,120,121,115,127,
274.000000,222.000000,0.073487,336837600.000000,0.983876,0,1
136,133,139,147,148,147,159,156,
532.000000,228.000000,0.084816,93281072.000000,1.631762,0,1
167,165,164,154,153,154,143,137,
297.000000,243.000000,0.098274,4675904512.000000,1.386194,0,1
97,70,69,92,100,115,138,147,
514.000000,164.000000,0.018242,93939768.000000,0.151053,0,1
52,52,57,70,67,78,107,128,
409.000000,197.000000,0.050964,434380416.000000,0.221701,0,1
98,115,79,106,86,70,60,45,
364.000000,170.000000,0.038276,56146980.000000,0.098914,0,1
96,123,93,132,112,86,128,112,
193.000000,170.000000,0.092101,708050048.000000,1.429721,0,1
8,10,8,18,22,8,54,56,
378.000000,167.000000,0.016473,19667854.000000,0.024563,0,1
103,78,82,98,112,118,127,124,
493.000000,223.000000,0.078448,437472768.000000,1.085239,0,1
161,158,158,144,143,142,139,138,
486.000000,127.000000,0.009592,663266048.000000,0.058727,0,1
162,115,192,86,156,177,107,107,
548.000000,238.000000,0.097013,606999936.000000,1.980622,0,1
139,144,138,136,130,125,125,124,
526.000000,204.000000,0.060461,1047843008.000000,0.816633,0,1
125,130,131,156,162,165,171,168,
294.000000,216.000000,0.066784,657602624.000000,0.722867,0,1
173,166,138,151,143,124,145,144,
243.000000,168.000000,0.096545,2769119232.000000,1.790782,0,1
57,35,94,19,49,59,21,18,
428.000000,187.000000,0.046938,193493200.000000,0.204331,0,1
120,121,129,120,166,145,152,168,
367.000000,187.000000,0.041917,82237232.000000,0.146858,0,1
95,93,108,100,98,117,123,105,
511.000000,160.000000,0.018684,813773760.000000,0.150810,0,1
97,115,78,132,98,67,128,111,
258.000000,187.000000,0.095901,5540004352.000000,1.643667,0,1
159,133,148,47,70,145,22,29,
491.000000,186.000000,0.037060,369462208.000000,0.300080,0,1
137,146,141,152,135,124,127,135,
369.000000,179.000000,0.037555,59307880.000000,0.105894,0,1
122,114,136,94,139,136,112,116,
369.000000,180.000000,0.034334,48520932.000000,0.096601,0,1
133,117,140,93,130,127,105,114,
363.000000,139.000000,0.046364,11584006.000000,0.105567,0,1
78,68,84,68,72,82,64,68,
