# timestamp
1608635323352261120

# fx, fy, cx, cy, width, height, npoints
501.495911,501.474945,421.772339,167.671494,800,400,630

# camToWorld: translation vector, rotation quaternion
6.750063,19.746539,0.960676,0.233598,-0.682953,0.650066,-0.237532

# Exposure time (ms)
0.520822

# GPS Data
# GPSData: Covariance matrix
0.000128,0.000000,0.000000,0.000000,0.000145,0.000000,0.000000,0.000000,0.000546

# GPSData: GPS point
14.632615,-3.087066,0.135407

# Point Cloud Data : 
# u,v,idepth_scaled,idepth_hessian,maxRelBaseline,numGoodRes,status 
# color information 
454.000000,202.000000,1.819541,2720.749023,1.263088,0,1
53,54,54,45,44,45,44,45,
73.000000,253.000000,0.180671,957228480.000000,0.954143,0,1
62,78,49,90,66,43,84,73,
78.000000,86.000000,0.021599,1712931.750000,0.081877,0,1
131,128,124,125,125,124,120,114,
55.000000,94.000000,0.014145,78766976.000000,0.112203,0,1
110,105,107,83,95,105,99,103,
63.000000,106.000000,0.008300,91476664.000000,0.065705,0,1
107,98,99,90,92,88,80,76,
61.000000,107.000000,0.008599,116783328.000000,0.068213,0,1
97,95,87,91,85,80,83,74,
51.000000,114.000000,0.013315,25006688.000000,0.052645,0,1
92,85,100,84,89,100,79,81,
69.000000,116.000000,0.008246,444895168.000000,0.064320,0,1
74,86,68,84,74,63,73,63,
51.000000,122.000000,0.006490,215712720.000000,0.052408,0,1
78,70,83,64,76,84,67,68,
61.000000,134.000000,0.006384,293852576.000000,0.051027,0,1
55,63,54,71,61,54,62,61,
72.000000,134.000000,0.017157,36833876.000000,0.128814,0,1
43,56,40,62,48,39,46,40,
51.000000,144.000000,0.014997,145733072.000000,0.117549,0,1
65,70,72,59,64,65,50,47,
54.000000,144.000000,0.014804,378817216.000000,0.115507,0,1
62,70,64,67,59,51,49,47,
98.000000,153.000000,0.155339,72446992.000000,0.774061,0,1
104,97,104,92,86,100,78,61,
106.000000,154.000000,0.152266,35740756.000000,0.748400,0,1
104,104,98,101,89,81,75,67,
51.000000,161.000000,0.017717,69961104.000000,0.069149,0,1
37,35,43,42,47,54,66,93,
54.000000,161.000000,0.018215,103499688.000000,0.140986,0,1
40,44,37,52,52,44,74,82,
116.000000,162.000000,0.151542,56362392.000000,0.726804,0,1
64,77,57,81,71,68,94,104,
106.000000,164.000000,0.152442,37284352.000000,0.749758,0,1
62,66,54,66,61,53,57,61,
55.000000,175.000000,0.018701,19282060.000000,0.072554,0,1
62,60,54,82,72,64,78,64,
95.000000,180.000000,0.155504,633753920.000000,0.784416,0,1
74,59,92,49,72,91,57,70,
58.000000,181.000000,0.030439,18623254.000000,0.115859,0,1
61,62,59,60,56,51,51,49,
126.000000,190.000000,0.147110,126897344.000000,0.700358,0,1
62,65,50,66,56,45,60,59,
116.000000,192.000000,0.149967,392659264.000000,0.730095,0,1
83,97,73,102,84,70,97,84,
117.000000,196.000000,0.150104,306677184.000000,0.730447,0,1
75,85,71,98,75,70,85,76,
117.000000,199.000000,0.150653,149898944.000000,0.733736,0,1
76,85,72,100,83,83,99,105,
97.000000,207.000000,0.155340,364218304.000000,0.791402,0,1
89,62,79,48,59,59,48,51,
107.000000,240.000000,0.168597,188750688.000000,0.785234,0,1
58,84,52,76,64,45,69,53,
108.000000,240.000000,0.168223,187975008.000000,0.837888,0,1
50,64,47,82,50,44,59,46,
94.000000,256.000000,0.155763,237398064.000000,0.835676,0,1
41,41,40,51,47,44,54,41,
100.000000,267.000000,0.166892,84644784.000000,0.876487,0,1
41,43,33,45,38,32,39,35,
100.000000,270.000000,0.166924,89189224.000000,0.879756,0,1
35,38,28,41,34,29,37,31,
112.000000,271.000000,0.171467,40440980.000000,0.812123,0,1
57,44,61,38,53,68,42,45,
117.000000,271.000000,0.157579,4508417.000000,0.282873,0,1
51,70,68,72,67,58,56,46,
78.000000,272.000000,0.181479,915863552.000000,0.968605,0,1
51,65,47,80,51,42,69,54,
114.000000,284.000000,0.171583,92070280.000000,0.889547,0,1
44,35,51,31,39,48,33,37,
81.000000,285.000000,0.182292,758828416.000000,0.981757,0,1
46,53,42,73,49,41,62,50,
105.000000,287.000000,0.161275,19416904.000000,0.835749,0,1
45,46,40,38,40,34,33,32,
118.000000,288.000000,0.171469,70395848.000000,0.888063,0,1
34,44,30,50,39,30,50,44,
80.000000,289.000000,0.182565,905508992.000000,0.989346,0,1
65,79,50,90,69,45,83,63,
81.000000,290.000000,0.182151,717952192.000000,0.987585,0,1
50,69,45,83,55,42,63,51,
94.000000,294.000000,0.165261,196734032.000000,0.912996,0,1
34,42,33,47,40,29,42,37,
130.000000,298.000000,0.161734,55964940.000000,0.998152,0,1
26,26,19,27,22,15,24,22,
260.000000,33.000000,0.061550,4768117.000000,0.150580,0,1
191,189,192,190,181,190,185,178,
565.000000,103.000000,0.008732,30633640.000000,0.013822,0,1
86,106,74,120,100,73,128,117,
90.000000,107.000000,0.024784,76465520.000000,0.156270,0,1
120,118,121,111,114,123,104,104,
94.000000,116.000000,0.007365,223953232.000000,0.047803,0,1
108,94,114,81,96,113,82,70,
99.000000,116.000000,0.007737,14519123.000000,0.036761,0,1
122,120,125,114,119,136,101,94,
81.000000,117.000000,0.007174,109578096.000000,0.054931,0,1
95,73,92,60,76,73,65,64,
96.000000,120.000000,0.007028,153558560.000000,0.045734,0,1
90,61,86,53,66,82,53,51,
122.000000,126.000000,0.005803,53639628.000000,0.046172,0,1
99,90,88,80,73,84,65,56,
98.000000,128.000000,0.006483,187298464.000000,0.042142,0,1
56,49,61,46,55,64,46,47,
173.000000,132.000000,0.002218,103853296.000000,0.013382,0,1
186,163,180,119,128,128,106,102,
112.000000,143.000000,0.032050,242790912.000000,0.186885,0,1
40,40,44,42,61,69,66,77,
117.000000,143.000000,0.031556,41029196.000000,0.135078,0,1
38,38,37,62,42,36,65,64,
136.000000,143.000000,0.035487,160778384.000000,0.216460,0,1
62,65,71,72,81,79,84,82,
107.000000,145.000000,0.031752,266732624.000000,0.211504,0,1
38,38,43,42,48,59,51,56,
141.000000,162.000000,0.144422,28145226.000000,0.654270,0,1
62,80,59,86,80,79,101,106,
178.000000,165.000000,0.132417,12724133.000000,0.728573,0,1
51,60,44,55,52,41,60,53,
163.000000,166.000000,0.137981,923451456.000000,0.588199,0,1
69,91,42,104,70,39,90,69,
158.000000,170.000000,0.138991,190925648.000000,0.602880,0,1
93,93,69,96,88,64,96,86,
139.000000,173.000000,0.143757,97253712.000000,0.658265,0,1
77,69,83,63,77,83,75,90,
177.000000,174.000000,0.134195,82680336.000000,0.547888,0,1
57,71,58,98,84,50,82,73,
134.000000,182.000000,0.145010,91677336.000000,0.675441,0,1
63,61,55,63,51,44,52,48,
169.000000,182.000000,0.135679,57042508.000000,0.675969,0,1
68,64,89,75,84,96,94,106,
161.000000,193.000000,0.137372,204758928.000000,0.601051,0,1
72,70,83,69,71,98,69,76,
162.000000,193.000000,0.137411,300273760.000000,0.599127,0,1
82,72,97,69,82,108,72,86,
158.000000,206.000000,0.139612,780927616.000000,0.622157,0,1
71,59,88,50,76,97,59,80,
170.000000,210.000000,0.135050,37215604.000000,0.746973,0,1
102,90,104,91,93,103,89,83,
157.000000,211.000000,0.139892,992165440.000000,0.628747,0,1
63,47,84,46,63,96,48,64,
175.000000,216.000000,0.134930,279475584.000000,0.581740,0,1
75,83,49,77,62,30,54,39,
159.000000,218.000000,0.139836,315314144.000000,0.630311,0,1
92,82,88,56,74,68,43,44,
132.000000,225.000000,0.068986,4953367.500000,0.250013,0,1
55,50,51,41,43,43,38,40,
142.000000,226.000000,0.071742,28615726.000000,0.473511,0,1
52,48,51,38,39,40,35,38,
149.000000,226.000000,0.088529,80275480.000000,0.552047,0,1
53,52,52,43,45,47,37,36,
139.000000,240.000000,0.147141,6992103.000000,0.568285,0,1
44,44,48,46,51,58,72,71,
134.000000,241.000000,0.148300,7553245.000000,0.676856,0,1
45,45,45,46,55,65,54,52,
177.000000,242.000000,0.131111,6867744.000000,0.904712,0,1
41,50,39,58,48,41,54,42,
180.000000,242.000000,0.135716,14447911.000000,0.938412,0,1
41,40,53,41,48,58,41,45,
151.000000,243.000000,0.144062,11314195.000000,0.771925,0,1
66,58,47,48,46,40,44,39,
180.000000,243.000000,0.134150,14118973.000000,0.940714,0,1
46,41,58,40,48,52,40,43,
116.000000,245.000000,0.086787,14881365.000000,0.495740,0,1
43,46,46,56,55,51,59,59,
120.000000,245.000000,0.094902,5556769.000000,0.516420,0,1
43,44,44,51,50,50,58,61,
134.000000,250.000000,0.147942,69859216.000000,0.734830,0,1
38,41,33,54,50,47,69,64,
167.000000,252.000000,0.142418,67602968.000000,0.612188,0,1
44,39,60,35,52,63,42,43,
150.000000,255.000000,0.146205,39463168.000000,0.827789,0,1
36,41,28,42,34,24,34,26,
183.000000,257.000000,0.137728,17711918.000000,0.625575,0,1
49,50,50,46,44,51,33,30,
161.000000,258.000000,0.144631,48624264.000000,0.903152,0,1
32,30,40,29,37,45,30,27,
143.000000,260.000000,0.148500,94674920.000000,0.819060,0,1
29,37,29,44,34,27,41,35,
182.000000,270.000000,0.146431,35856548.000000,0.672939,0,1
80,77,84,67,73,76,58,59,
194.000000,270.000000,0.144969,38483620.000000,0.645624,0,1
76,78,80,59,61,61,55,57,
161.000000,274.000000,0.157238,115297888.000000,0.689816,0,1
61,64,65,81,75,66,105,120,
143.000000,277.000000,0.158424,169996080.000000,0.787789,0,1
48,58,67,81,96,93,113,118,
144.000000,284.000000,0.168284,530849696.000000,0.828092,0,1
120,107,118,77,83,90,56,43,
197.000000,297.000000,0.151975,70273528.000000,0.713423,0,1
17,25,14,31,22,13,31,26,
136.000000,279.000000,0.162306,8559216.000000,0.660050,0,1
50,70,87,93,105,112,113,116,
143.000000,261.000000,0.148369,91687672.000000,0.733190,0,1
31,41,29,44,34,27,41,35,
167.000000,225.000000,0.136990,232954384.000000,0.612421,0,1
57,79,48,81,58,45,61,65,
141.000000,197.000000,0.147494,2743638.000000,0.676120,0,1
62,63,65,76,79,82,93,100,
135.000000,181.000000,0.144837,64138348.000000,0.672143,0,1
65,63,55,61,55,48,51,41,
241.000000,84.000000,0.055065,8445091.000000,0.131431,0,1
139,153,135,154,143,132,151,148,
247.000000,104.000000,0.061350,18459488.000000,0.218463,0,1
103,118,120,135,119,121,138,139,
99.000000,117.000000,0.007217,19738980.000000,0.035390,0,1
122,113,129,102,107,119,94,86,
215.000000,118.000000,0.020496,106981968.000000,0.090209,0,1
106,87,115,94,95,102,80,76,
279.000000,54.000000,0.056698,32507292.000000,0.226599,0,1
172,169,171,168,151,169,152,145,
214.000000,90.000000,0.020063,145298064.000000,0.092119,0,1
138,103,144,124,129,140,99,115,
215.000000,107.000000,0.019309,524536736.000000,0.094647,0,1
125,98,133,105,132,136,95,121,
276.000000,65.000000,0.058776,94546928.000000,0.204971,0,1
161,162,132,146,156,150,158,142,
279.000000,65.000000,0.060641,77719456.000000,0.208221,0,1
154,145,164,129,162,163,153,162,
152.000000,70.000000,0.001074,9829993.000000,0.015153,0,1
178,178,176,174,175,173,170,167,
216.000000,70.000000,0.019351,164945840.000000,0.092018,0,1
172,166,168,110,131,145,100,143,
217.000000,72.000000,0.019683,517876960.000000,0.104198,0,1
138,110,121,134,142,143,165,165,
270.000000,72.000000,0.056144,27036178.000000,0.125805,0,1
161,161,145,154,149,153,156,133,
260.000000,94.000000,0.060872,47232096.000000,0.212978,0,1
130,116,135,114,124,132,107,113,
280.000000,95.000000,0.061584,71058656.000000,0.188039,0,1
121,117,127,123,116,124,113,113,
244.000000,97.000000,0.060440,35377820.000000,0.222134,0,1
127,126,122,124,116,116,110,100,
503.000000,98.000000,0.002858,24750844.000000,0.015905,0,1
116,117,114,128,114,111,120,104,
763.000000,104.000000,0.019022,12123389.000000,0.037843,0,1
50,42,55,39,52,68,48,64,
352.000000,108.000000,0.007469,39329360.000000,0.014814,0,1
121,119,103,116,110,96,109,103,
269.000000,110.000000,0.057826,239291136.000000,0.180817,0,1
114,80,133,78,102,130,65,87,
144.000000,113.000000,0.005614,270765376.000000,0.056454,0,1
96,101,89,110,92,92,103,93,
471.000000,124.000000,0.016865,2453417.500000,0.007084,0,1
114,104,116,76,102,92,53,49,
477.000000,124.000000,0.019643,4705131.000000,0.008325,0,1
115,115,117,101,88,82,50,47,
270.000000,126.000000,0.055548,70250240.000000,0.116123,0,1
105,64,102,57,86,99,56,91,
241.000000,128.000000,0.029371,45550816.000000,0.116042,0,1
109,101,98,76,76,72,64,59,
298.000000,128.000000,0.015824,27735266.000000,0.029940,0,1
88,73,85,58,86,92,56,77,
150.000000,131.000000,0.005292,279087808.000000,0.017029,0,1
123,139,107,183,135,103,153,108,
134.000000,132.000000,0.004683,32434416.000000,0.016710,0,1
96,118,94,123,105,84,89,65,
156.000000,133.000000,0.004206,113673792.000000,0.023423,0,1
156,143,150,116,110,103,85,77,
560.000000,156.000000,0.020052,7024495.000000,0.139366,0,1
25,25,33,27,38,41,29,34,
182.000000,166.000000,0.034360,17020608.000000,0.100660,0,1
32,38,42,47,48,58,56,62,
198.000000,228.000000,0.073366,64612352.000000,0.785717,0,1
13,14,13,18,18,17,28,32,
199.000000,255.000000,0.107254,9875324.000000,1.044534,0,1
41,44,43,46,47,47,55,54,
196.000000,256.000000,0.107147,6313291.500000,1.037370,0,1
45,46,46,51,53,55,57,52,
213.000000,256.000000,0.110111,27481886.000000,0.652897,0,1
39,39,39,48,48,44,53,52,
208.000000,264.000000,0.139388,100900432.000000,0.895722,0,1
53,55,57,64,72,76,92,94,
202.000000,268.000000,0.143398,46701052.000000,0.952846,0,1
80,83,82,74,70,74,57,52,
216.000000,270.000000,0.145117,24020650.000000,1.389894,0,1
70,59,52,50,44,41,41,41,
231.000000,274.000000,0.143425,15401277.000000,1.546688,0,1
45,42,52,41,50,53,44,42,
236.000000,274.000000,0.132641,11286901.000000,1.558253,0,1
48,52,48,52,54,44,49,50,
229.000000,285.000000,0.141478,132414032.000000,1.575433,0,1
31,23,39,19,26,43,22,27,
215.000000,287.000000,0.144453,14647664.000000,1.462367,0,1
38,38,36,35,31,24,30,25,
215.000000,289.000000,0.143425,22646256.000000,1.466220,0,1
31,30,20,30,25,15,25,19,
661.000000,298.000000,0.156493,1673143.250000,0.415350,0,1
48,44,50,38,43,47,37,38,
213.000000,70.000000,0.020184,93158528.000000,0.055963,0,1
171,157,164,76,89,123,60,99,
206.000000,72.000000,0.020823,100535264.000000,0.114852,0,1
135,139,113,172,168,166,168,167,
156.000000,113.000000,0.005916,337015424.000000,0.038664,0,1
131,114,134,101,120,133,102,110,
130.000000,117.000000,0.004930,638536512.000000,0.034035,0,1
118,131,115,139,125,105,126,115,
136.000000,122.000000,0.006423,673597312.000000,0.043288,0,1
97,88,103,80,93,110,78,86,
256.000000,120.000000,0.057854,105845656.000000,0.190960,0,1
89,102,86,111,93,99,111,110,
157.000000,139.000000,0.005269,222922656.000000,0.016527,0,1
124,96,143,70,105,127,67,68,
215.000000,111.000000,0.019500,569584064.000000,0.095518,0,1
121,90,127,101,118,129,94,118,
529.000000,24.000000,0.029176,1440025600.000000,0.096756,0,1
166,157,135,143,102,67,59,59,
772.000000,34.000000,0.004088,5684266.000000,0.020270,0,1
152,152,149,154,149,144,147,141,
776.000000,34.000000,0.013412,74386600.000000,0.068610,0,1
151,148,150,144,145,149,138,135,
736.000000,35.000000,0.010988,154912416.000000,0.050100,0,1
152,148,149,140,139,148,128,133,
734.000000,36.000000,0.010735,93207832.000000,0.048524,0,1
148,139,139,136,127,134,124,117,
773.000000,37.000000,0.012215,121841208.000000,0.061510,0,1
141,141,133,145,129,128,135,126,
529.000000,38.000000,0.028252,197866256.000000,0.193455,0,1
143,114,160,138,140,162,114,137,
726.000000,40.000000,0.007617,17509150.000000,0.033050,0,1
151,150,143,148,137,127,135,127,
743.000000,44.000000,0.013577,52594792.000000,0.062280,0,1
142,142,136,134,135,132,126,116,
719.000000,48.000000,0.010149,92608336.000000,0.042458,0,1
142,147,127,146,133,117,140,128,
687.000000,49.000000,0.013943,50967048.000000,0.052509,0,1
130,123,122,121,116,121,114,106,
743.000000,51.000000,0.008615,55795744.000000,0.039170,0,1
98,94,114,99,113,127,118,125,
757.000000,51.000000,0.012034,77789608.000000,0.056512,0,1
134,134,125,137,129,117,131,121,
700.000000,53.000000,0.011167,50537704.000000,0.043261,0,1
120,125,111,124,115,105,122,112,
675.000000,54.000000,0.013482,74849936.000000,0.047611,0,1
130,130,122,128,112,126,112,101,
710.000000,54.000000,0.011736,68137936.000000,0.047049,0,1
126,120,131,116,123,137,117,121,
735.000000,56.000000,0.011711,87546864.000000,0.050850,0,1
111,98,100,89,98,91,84,81,
774.000000,56.000000,0.013975,151879568.000000,0.068593,0,1
120,109,107,97,106,104,95,87,
773.000000,57.000000,0.013921,141205696.000000,0.068024,0,1
109,97,106,93,95,93,84,89,
699.000000,59.000000,0.011772,51499576.000000,0.044714,0,1
114,112,95,115,103,95,108,92,
715.000000,60.000000,0.011342,77317296.000000,0.045536,0,1
123,114,113,113,100,112,93,85,
629.000000,61.000000,0.007972,47959120.000000,0.026646,0,1
137,132,133,131,122,136,118,118,
587.000000,62.000000,0.008143,36492348.000000,0.018698,0,1
129,121,128,114,118,127,114,120,
630.000000,62.000000,0.007583,59707300.000000,0.028064,0,1
133,122,136,118,128,137,118,127,
752.000000,62.000000,0.013209,25430304.000000,0.060049,0,1
126,119,122,118,112,116,103,99,
572.000000,63.000000,0.006720,32562574.000000,0.014535,0,1
145,143,137,135,136,126,128,121,
615.000000,63.000000,0.007431,38148052.000000,0.019009,0,1
122,128,103,124,110,98,112,101,
773.000000,64.000000,0.012753,189208560.000000,0.061484,0,1
74,76,95,80,83,109,87,93,
583.000000,65.000000,0.008770,25706888.000000,0.019327,0,1
105,96,120,101,109,108,98,117,
708.000000,65.000000,0.012942,34569492.000000,0.050189,0,1
118,115,101,109,96,93,88,90,
724.000000,65.000000,0.010702,41146760.000000,0.043796,0,1
90,89,90,77,83,91,73,77,
621.000000,66.000000,0.008860,81099216.000000,0.022939,0,1
126,116,123,103,114,116,103,95,
755.000000,66.000000,0.014105,163847424.000000,0.064416,0,1
115,103,120,97,111,118,95,94,
756.000000,67.000000,0.013889,203120272.000000,0.063489,0,1
120,111,118,95,110,104,94,94,
774.000000,67.000000,0.013250,159603296.000000,0.063856,0,1
106,93,103,92,100,98,81,95,
586.000000,69.000000,0.005920,10915209.000000,0.015733,0,1
117,115,110,103,110,96,109,100,
651.000000,69.000000,0.011663,10146854.000000,0.034713,0,1
134,132,126,131,122,117,120,115,
688.000000,69.000000,0.012950,162807536.000000,0.045823,0,1
106,86,107,94,103,115,85,105,
214.000000,72.000000,0.019984,2485150720.000000,0.238736,0,1
110,65,100,85,116,143,131,158,
683.000000,72.000000,0.012812,93104880.000000,0.043937,0,1
117,108,109,96,109,103,100,95,
759.000000,72.000000,0.014380,228198944.000000,0.065904,0,1
89,100,76,96,83,66,85,74,
617.000000,74.000000,0.008319,54566792.000000,0.022873,0,1
81,73,94,73,88,100,83,90,
727.000000,75.000000,0.012374,45754624.000000,0.050334,0,1
76,65,83,63,78,80,79,79,
749.000000,75.000000,0.014762,40973228.000000,0.065238,0,1
106,94,100,89,95,106,90,87,
573.000000,76.000000,0.008507,47788340.000000,0.016058,0,1
105,91,124,86,101,130,85,95,
576.000000,76.000000,0.010377,33632652.000000,0.019916,0,1
104,120,100,126,108,95,124,115,
656.000000,76.000000,0.012036,24046960.000000,0.035676,0,1
111,108,109,101,102,103,97,105,
623.000000,77.000000,0.009437,44071364.000000,0.023056,0,1
111,116,98,115,104,84,99,93,
741.000000,78.000000,0.011978,100978968.000000,0.050922,0,1
72,65,82,64,77,95,79,86,
707.000000,79.000000,0.013312,34429632.000000,0.049754,0,1
65,75,59,80,66,54,70,61,
712.000000,79.000000,0.010626,10019572.000000,0.040283,0,1
63,60,61,55,54,50,47,46,
550.000000,80.000000,0.011624,21969346.000000,0.084776,0,1
137,136,134,134,126,124,124,109,
611.000000,80.000000,0.008327,23145644.000000,0.018774,0,1
94,93,90,104,89,82,101,95,
631.000000,80.000000,0.010279,25850800.000000,0.032230,0,1
112,109,109,103,101,111,93,103,
546.000000,83.000000,0.008036,14895511.000000,0.057313,0,1
130,132,119,132,118,116,126,114,
746.000000,83.000000,0.013818,104149864.000000,0.059560,0,1
85,81,103,72,86,99,74,69,
747.000000,83.000000,0.013578,125368928.000000,0.058698,0,1
91,90,104,79,93,96,76,70,
663.000000,84.000000,0.012007,118349176.000000,0.035810,0,1
77,73,80,93,79,85,91,90,
689.000000,84.000000,0.012665,98728008.000000,0.043120,0,1
80,69,78,65,78,74,75,91,
714.000000,84.000000,0.011018,26511700.000000,0.041712,0,1
44,51,46,51,61,56,50,59,
519.000000,85.000000,0.008821,27402694.000000,0.014962,0,1
137,131,132,120,121,132,115,102,
674.000000,85.000000,0.012715,128013856.000000,0.040114,0,1
76,68,89,75,74,104,66,78,
675.000000,85.000000,0.012769,168323984.000000,0.040495,0,1
89,72,102,65,93,100,77,92,
564.000000,87.000000,0.007363,16098803.000000,0.011600,0,1
111,113,103,109,107,104,114,100,
578.000000,87.000000,0.008859,26414706.000000,0.017245,0,1
105,109,95,105,107,97,114,120,
591.000000,88.000000,0.008284,22975192.000000,0.015887,0,1
102,104,91,93,102,101,98,88,
656.000000,88.000000,0.011361,41894928.000000,0.032064,0,1
115,113,121,113,111,127,102,106,
704.000000,88.000000,0.012443,136154336.000000,0.044917,0,1
74,80,61,82,72,55,78,60,
503.000000,89.000000,0.002577,14463039.000000,0.013786,0,1
135,137,128,138,128,116,133,124,
511.000000,89.000000,0.005188,22631280.000000,0.027952,0,1
114,111,112,108,115,107,100,101,
573.000000,89.000000,0.007589,23064644.000000,0.012331,0,1
101,107,90,102,100,97,107,100,
595.000000,89.000000,0.008009,47555864.000000,0.015334,0,1
95,102,75,106,81,62,94,67,
721.000000,89.000000,0.012017,55679404.000000,0.046485,0,1
52,54,66,51,65,72,64,62,
677.000000,90.000000,0.011909,89666704.000000,0.037525,0,1
96,98,84,83,91,84,85,74,
711.000000,90.000000,0.010893,19131732.000000,0.040230,0,1
64,68,63,68,63,55,65,51,
750.000000,90.000000,0.012453,115857280.000000,0.053723,0,1
67,62,75,58,67,77,59,63,
625.000000,91.000000,0.010439,104577984.000000,0.023792,0,1
90,66,101,63,88,95,78,90,
567.000000,94.000000,0.008027,26306034.000000,0.012194,0,1
126,128,118,113,120,112,108,96,
554.000000,95.000000,0.004712,41760256.000000,0.007101,0,1
115,102,115,90,107,119,84,93,
583.000000,95.000000,0.009695,114537872.000000,0.016502,0,1
107,87,107,59,89,109,69,75,
527.000000,96.000000,0.010213,8673531.000000,0.010748,0,1
90,123,75,119,109,78,103,91,
592.000000,97.000000,0.008227,73931872.000000,0.014860,0,1
104,116,86,115,101,64,108,86,
647.000000,97.000000,0.012878,155064464.000000,0.033340,0,1
94,85,121,87,104,130,92,108,
466.000000,98.000000,0.001710,85106480.000000,0.013267,0,1
137,136,137,137,136,119,133,98,
505.000000,98.000000,0.005597,36798736.000000,0.027709,0,1
107,114,110,114,111,106,93,92,
673.000000,98.000000,0.011643,166891296.000000,0.035100,0,1
105,102,82,85,89,62,77,62,
695.000000,98.000000,0.012103,246408528.000000,0.040995,0,1
68,63,93,67,92,99,68,86,
242.000000,99.000000,0.056366,421418048.000000,0.658801,0,1
124,117,110,120,115,100,119,124,
612.000000,99.000000,0.009595,38020596.000000,0.020862,0,1
108,100,80,77,77,59,76,61,
686.000000,99.000000,0.012539,67941832.000000,0.040542,0,1
88,77,90,71,69,84,58,59,
517.000000,101.000000,0.006727,134386864.000000,0.036511,0,1
95,79,120,71,96,117,73,97,
584.000000,101.000000,0.009283,28614416.000000,0.015612,0,1
76,82,65,86,84,70,87,71,
733.000000,101.000000,0.012557,128910640.000000,0.050113,0,1
48,43,56,49,64,64,55,61,
569.000000,102.000000,0.009583,79134560.000000,0.015287,0,1
99,77,114,75,91,116,79,100,
603.000000,102.000000,0.009428,45676512.000000,0.018850,0,1
92,83,88,72,74,96,54,74,
745.000000,102.000000,0.012275,82959376.000000,0.051210,0,1
48,43,50,40,53,58,57,60,
747.000000,102.000000,0.011377,35946868.000000,0.047721,0,1
57,50,51,53,58,53,65,69,
371.000000,103.000000,0.012509,30376424.000000,0.063740,0,1
123,118,123,109,114,123,105,102,
624.000000,103.000000,0.010247,52363216.000000,0.022499,0,1
74,64,78,57,69,71,56,57,
538.000000,105.000000,0.008096,156994016.000000,0.052570,0,1
74,79,103,86,112,112,88,114,
680.000000,105.000000,0.011471,76453232.000000,0.036911,0,1
92,79,85,54,65,80,44,49,
317.000000,106.000000,0.007162,123453000.000000,0.049369,0,1
133,116,132,103,114,129,97,102,
338.000000,106.000000,0.011491,52668256.000000,0.071267,0,1
125,118,127,121,114,127,108,103,
314.000000,107.000000,0.009246,208592416.000000,0.065093,0,1
117,118,103,117,107,97,107,99,
328.000000,107.000000,0.011183,126938544.000000,0.073295,0,1
134,123,127,121,119,121,109,105,
354.000000,107.000000,0.011804,79361272.000000,0.066489,0,1
111,104,113,118,102,113,96,91,
414.000000,107.000000,0.009281,73005496.000000,0.037408,0,1
129,123,129,107,125,127,109,113,
510.000000,107.000000,0.006982,54915388.000000,0.034970,0,1
117,116,120,102,101,107,87,88,
576.000000,108.000000,0.006399,18718184.000000,0.009974,0,1
81,81,72,67,70,79,63,58,
606.000000,108.000000,0.008637,25901244.000000,0.016691,0,1
75,80,65,70,71,63,63,51,
676.000000,108.000000,0.010579,46327532.000000,0.034874,0,1
45,40,52,46,50,61,40,45,
362.000000,109.000000,0.009735,99681376.000000,0.034960,0,1
96,112,88,110,95,84,107,89,
335.000000,112.000000,0.010160,95965160.000000,0.063464,0,1
111,100,97,90,89,87,78,71,
517.000000,112.000000,0.006332,35198580.000000,0.034492,0,1
83,58,76,62,69,75,49,50,
641.000000,112.000000,0.012060,39625732.000000,0.028855,0,1
59,55,67,46,59,58,49,50,
500.000000,113.000000,0.010453,8309250.000000,0.015753,0,1
128,130,111,113,119,109,108,93,
637.000000,113.000000,0.011253,13706877.000000,0.025398,0,1
69,64,51,53,58,45,50,47,
749.000000,115.000000,0.008290,5371647.500000,0.023940,0,1
55,64,54,48,52,41,47,45,
324.000000,116.000000,0.008136,286281984.000000,0.053603,0,1
115,104,90,73,87,70,71,64,
443.000000,116.000000,0.004670,17722336.000000,0.031774,0,1
127,121,120,115,113,117,110,98,
652.000000,116.000000,0.017560,22519018.000000,0.044768,0,1
52,43,51,35,41,49,33,34,
325.000000,117.000000,0.008117,240072608.000000,0.053132,0,1
90,87,70,71,70,61,64,59,
360.000000,117.000000,0.008910,89024768.000000,0.047340,0,1
79,76,64,64,66,58,64,58,
513.000000,117.000000,0.006553,18077118.000000,0.035709,0,1
64,56,60,60,55,51,52,43,
576.000000,117.000000,0.009062,4731334.000000,0.013940,0,1
58,59,51,50,46,43,44,39,
585.000000,117.000000,0.006396,20772564.000000,0.010384,0,1
54,49,51,39,46,58,38,42,
603.000000,117.000000,0.006657,11402664.000000,0.014579,0,1
57,48,55,43,50,44,42,43,
340.000000,118.000000,0.007082,25018052.000000,0.042338,0,1
76,70,68,62,67,62,59,57,
709.000000,118.000000,0.009837,52232628.000000,0.034389,0,1
65,71,55,64,59,41,52,40,
218.000000,119.000000,0.004325,363032288.000000,0.047007,0,1
116,102,106,90,75,94,65,53,
570.000000,120.000000,0.007406,6904508.000000,0.014818,0,1
47,47,47,53,52,42,56,42,
495.000000,121.000000,0.002745,6851459.500000,0.023491,0,1
64,57,64,49,57,51,49,51,
564.000000,121.000000,0.038527,2967326.250000,0.299473,0,1
39,35,43,34,43,49,43,48,
486.000000,123.000000,0.008543,31747156.000000,0.031762,0,1
102,92,82,74,74,62,59,44,
379.000000,124.000000,0.009236,122263664.000000,0.042850,0,1
69,63,79,63,69,86,61,67,
315.000000,125.000000,0.007080,35925620.000000,0.048571,0,1
53,49,55,66,55,54,70,81,
350.000000,125.000000,0.012070,33978296.000000,0.068410,0,1
65,59,65,58,60,68,54,56,
387.000000,125.000000,0.005329,88331352.000000,0.023052,0,1
97,93,106,83,95,103,95,105,
441.000000,125.000000,0.000735,138267632.000000,0.003965,0,1
94,71,103,66,89,102,86,108,
198.000000,126.000000,0.014414,45063036.000000,0.118472,0,1
107,102,108,77,97,98,73,64,
438.000000,126.000000,0.002066,316046784.000000,0.010615,0,1
83,116,66,124,111,86,119,102,
351.000000,127.000000,0.010091,51824036.000000,0.056431,0,1
66,58,68,55,66,62,52,49,
371.000000,128.000000,0.005622,16349223.000000,0.027202,0,1
61,51,58,49,54,51,46,44,
415.000000,128.000000,0.004028,181185872.000000,0.019954,0,1
109,90,133,81,117,122,85,77,
349.000000,129.000000,0.006791,12998246.000000,0.038049,0,1
55,59,52,48,51,49,42,42,
360.000000,129.000000,0.007539,14800889.000000,0.039451,0,1
61,55,55,44,50,43,43,42,
391.000000,129.000000,0.006497,137557376.000000,0.027238,0,1
99,87,81,79,73,50,54,45,
490.000000,129.000000,0.042719,26287524.000000,0.148761,0,1
48,58,50,77,61,50,68,65,
531.000000,129.000000,0.027450,9054665.000000,0.152850,0,1
65,70,66,58,60,58,32,30,
325.000000,130.000000,0.006313,14869118.000000,0.040745,0,1
56,52,46,48,46,42,41,38,
471.000000,130.000000,0.018280,58110412.000000,0.128147,0,1
62,53,71,55,64,47,52,46,
208.000000,131.000000,0.030771,75157672.000000,0.466881,0,1
64,70,66,81,84,83,82,97,
312.000000,131.000000,0.007314,74478696.000000,0.050873,0,1
75,66,59,51,50,39,39,40,
487.000000,135.000000,0.017691,18169998.000000,0.062940,0,1
53,58,54,69,59,71,68,63,
558.000000,136.000000,0.023082,4164752.500000,0.204238,0,1
36,39,28,36,33,24,35,28,
463.000000,138.000000,0.016253,35237712.000000,0.103572,0,1
49,54,56,50,49,57,37,35,
229.000000,142.000000,0.028935,555466368.000000,0.321047,0,1
92,90,82,90,77,71,79,59,
201.000000,143.000000,0.030444,166102800.000000,0.255215,0,1
92,94,92,88,75,73,88,74,
235.000000,143.000000,0.028490,767024000.000000,0.307278,0,1
90,77,89,60,80,91,61,76,
502.000000,143.000000,0.005941,10526790.000000,0.025513,0,1
48,37,49,36,48,38,38,39,
235.000000,144.000000,0.028524,801065088.000000,0.307624,0,1
85,64,89,58,78,91,60,82,
746.000000,146.000000,0.061325,364672736.000000,0.281607,0,1
40,31,49,26,40,51,31,41,
351.000000,148.000000,0.010423,26097588.000000,0.057773,0,1
31,39,30,38,34,29,40,31,
476.000000,150.000000,0.008748,2615244.000000,0.032210,0,1
55,43,54,30,34,37,25,26,
234.000000,155.000000,0.028658,212090080.000000,0.310177,0,1
81,71,88,74,80,89,79,75,
504.000000,156.000000,0.000752,707314.562500,0.063422,0,1
25,28,28,42,40,41,54,54,
553.000000,156.000000,0.019628,9872409.000000,0.129576,0,1
26,36,30,48,41,35,49,40,
219.000000,161.000000,0.033839,113813336.000000,0.397730,0,1
99,93,100,90,83,79,84,77,
768.000000,161.000000,0.072334,468208416.000000,0.370881,0,1
56,47,71,42,57,61,48,53,
493.000000,162.000000,0.014533,785147.500000,0.066075,0,1
41,35,34,39,37,36,54,55,
665.000000,162.000000,0.024098,5188656.500000,0.066340,0,1
30,41,41,50,51,47,53,50,
413.000000,163.000000,0.016254,2333646.750000,0.057839,0,1
52,40,43,51,54,55,57,55,
482.000000,163.000000,0.016465,2774350.000000,0.127086,0,1
34,35,36,49,50,52,52,52,
345.000000,165.000000,0.015642,10248222.000000,0.091496,0,1
39,47,46,57,53,52,61,56,
539.000000,165.000000,0.022683,9002663.000000,0.130633,0,1
39,41,31,44,39,34,50,50,
541.000000,165.000000,0.024855,8983078.000000,0.145151,0,1
33,31,26,39,34,32,49,49,
738.000000,165.000000,0.026990,13042766.000000,0.110524,0,1
35,38,38,45,44,45,55,57,
570.000000,170.000000,0.024700,4253692.000000,0.039907,0,1
40,37,31,35,32,22,27,24,
574.000000,172.000000,0.021959,614078.000000,0.046168,0,1
20,21,21,25,24,22,35,37,
608.000000,172.000000,0.029171,21352724.000000,0.052900,0,1
43,39,48,28,40,55,40,44,
539.000000,173.000000,0.025901,3061155.500000,0.149398,0,1
38,32,32,37,35,32,43,46,
560.000000,173.000000,0.026562,4823274.500000,0.193326,0,1
18,20,19,29,31,35,35,44,
549.000000,174.000000,0.024583,3393178.250000,0.181077,0,1
21,20,23,31,30,31,42,46,
587.000000,174.000000,0.028180,2363762.500000,0.045405,0,1
22,26,22,31,30,30,45,50,
438.000000,175.000000,0.028153,1774855.750000,0.154366,0,1
62,62,63,60,59,58,52,51,
584.000000,175.000000,0.028577,2468443.750000,0.045156,0,1
27,32,31,42,43,45,50,51,
673.000000,182.000000,0.038583,2349341.000000,0.119395,0,1
57,54,54,49,49,49,46,45,
729.000000,183.000000,0.041471,148826832.000000,0.171586,0,1
54,52,42,59,49,29,52,45,
583.000000,184.000000,0.037329,5572657.000000,0.056794,0,1
49,54,55,57,53,47,51,47,
474.000000,188.000000,0.036924,4015332.500000,0.255919,0,1
43,40,41,51,46,42,52,45,
501.000000,188.000000,0.037609,2048332.500000,0.153429,0,1
46,45,44,47,48,46,55,45,
574.000000,188.000000,0.040024,4769924.000000,0.062295,0,1
54,58,57,58,51,49,49,49,
611.000000,188.000000,0.043386,5305500.500000,0.085919,0,1
50,50,48,52,52,53,62,61,
614.000000,188.000000,0.042820,3637503.750000,0.087128,0,1
49,48,47,53,52,50,64,60,
624.000000,188.000000,0.045214,5965751.000000,0.101345,0,1
46,46,47,50,51,51,57,58,
468.000000,190.000000,0.038924,7607123.500000,0.243798,0,1
50,59,56,53,49,45,47,47,
485.000000,190.000000,0.040846,4160109.000000,0.306245,0,1
48,54,54,46,44,45,43,42,
501.000000,190.000000,0.041460,2939040.500000,0.165780,0,1
48,55,53,46,45,43,44,44,
567.000000,191.000000,0.042240,9084766.000000,0.290951,0,1
55,60,53,56,48,47,47,47,
382.000000,192.000000,0.038290,8008693.000000,0.191783,0,1
49,54,53,49,48,51,44,44,
431.000000,192.000000,0.041179,7742322.000000,0.167855,0,1
46,45,43,47,47,46,56,47,
432.000000,192.000000,0.041205,7735278.000000,0.170294,0,1
45,44,43,47,46,46,56,47,
453.000000,192.000000,0.040280,8336049.500000,0.214164,0,1
43,43,43,46,50,56,59,57,
504.000000,192.000000,0.040464,2197089.750000,0.168177,0,1
44,42,43,44,45,45,47,53,
532.000000,192.000000,0.041151,2356648.000000,0.219630,0,1
46,42,41,44,45,43,48,51,
563.000000,192.000000,0.043430,14603342.000000,0.289242,0,1
55,54,57,56,55,48,50,47,
306.000000,194.000000,0.071264,55566672.000000,0.630616,0,1
47,49,48,64,55,51,70,69,
617.000000,194.000000,0.046345,3711198.000000,0.101313,0,1
56,55,55,47,48,48,45,44,
652.000000,196.000000,0.050008,3210511.000000,0.144648,0,1
52,46,47,53,51,48,57,55,
736.000000,197.000000,0.052013,25469620.000000,0.230782,0,1
57,51,56,45,53,53,47,49,
656.000000,198.000000,0.051979,7968865.000000,0.156068,0,1
48,55,54,52,50,48,46,43,
744.000000,199.000000,0.063961,54126172.000000,0.302271,0,1
42,47,37,54,42,37,50,42,
419.000000,200.000000,0.047814,13678904.000000,0.189841,0,1
47,47,42,46,47,42,57,47,
645.000000,201.000000,0.053318,10280028.000000,0.151366,0,1
56,57,54,50,49,47,45,42,
483.000000,202.000000,0.049445,10470493.000000,0.355147,0,1
50,54,54,50,50,50,45,43,
334.000000,203.000000,0.047789,25206046.000000,0.338003,0,1
42,57,56,44,48,51,39,39,
346.000000,204.000000,0.048289,21515258.000000,0.319451,0,1
49,54,55,44,45,47,41,41,
528.000000,205.000000,0.055076,9350034.000000,0.274831,0,1
52,52,55,57,53,48,48,44,
476.000000,207.000000,0.055976,11187239.000000,0.375239,0,1
42,42,41,48,45,46,56,48,
498.000000,207.000000,0.055677,4489106.500000,0.458918,0,1
45,46,46,48,49,47,52,55,
326.000000,209.000000,0.056592,42466760.000000,0.433514,0,1
41,44,43,30,35,37,26,24,
490.000000,209.000000,0.056443,7639791.500000,0.443765,0,1
46,56,55,49,49,55,45,48,
506.000000,212.000000,0.062178,6498533.500000,0.256459,0,1
49,47,53,50,46,42,43,40,
359.000000,213.000000,0.058734,53096524.000000,0.376542,0,1
56,65,66,56,57,60,46,45,
394.000000,213.000000,0.060048,32411296.000000,0.308627,0,1
48,47,45,54,52,52,60,54,
400.000000,213.000000,0.060830,31797632.000000,0.300667,0,1
45,46,45,51,50,48,58,54,
345.000000,214.000000,0.058977,10168002.000000,0.411696,0,1
46,38,39,35,40,46,46,49,
441.000000,215.000000,0.063221,28686060.000000,0.297092,0,1
43,43,44,50,51,49,57,45,
457.000000,215.000000,0.063899,14694097.000000,0.354389,0,1
46,41,44,45,46,48,55,53,
422.000000,216.000000,0.062853,23722696.000000,0.269195,0,1
49,57,57,50,50,51,46,44,
485.000000,216.000000,0.065898,16005397.000000,0.476252,0,1
43,43,41,47,45,42,56,55,
495.000000,216.000000,0.064980,7664487.000000,0.499003,0,1
46,51,48,46,44,45,43,39,
447.000000,217.000000,0.063792,22971450.000000,0.338994,0,1
44,58,56,45,46,50,44,48,
454.000000,217.000000,0.065077,30415204.000000,0.366156,0,1
43,58,56,52,51,52,43,45,
765.000000,217.000000,0.070364,30562060.000000,0.370883,0,1
50,50,51,51,54,57,63,68,
486.000000,218.000000,0.067213,18708120.000000,0.486862,0,1
42,55,49,56,50,42,44,39,
624.000000,218.000000,0.070592,3957714.000000,0.200442,0,1
58,57,58,50,53,55,52,49,
661.000000,218.000000,0.072772,9939083.000000,0.255099,0,1
42,45,44,51,50,48,57,57,
324.000000,221.000000,0.066527,65228960.000000,0.540378,0,1
30,33,31,41,39,39,56,54,
357.000000,223.000000,0.069826,50566800.000000,0.478151,0,1
39,41,41,42,42,42,56,57,
363.000000,224.000000,0.070320,70218336.000000,0.466433,0,1
41,45,42,55,52,51,58,53,
332.000000,225.000000,0.069699,94029984.000000,0.551149,0,1
56,48,51,38,40,44,38,39,
347.000000,225.000000,0.069899,78125936.000000,0.508961,0,1
53,62,61,50,52,53,42,41,
451.000000,225.000000,0.072813,13055526.000000,0.388876,0,1
48,48,49,41,45,44,40,38,
465.000000,225.000000,0.073672,12054153.000000,0.440294,0,1
47,48,49,43,43,39,39,40,
351.000000,226.000000,0.070586,51677596.000000,0.504451,0,1
57,56,57,45,46,45,42,41,
361.000000,226.000000,0.070957,42156928.000000,0.479173,0,1
55,60,58,52,53,53,47,45,
413.000000,226.000000,0.074190,55332900.000000,0.364083,0,1
41,42,41,48,46,44,58,58,
421.000000,226.000000,0.074628,43787400.000000,0.347032,0,1
40,41,41,44,46,47,53,59,
430.000000,227.000000,0.075973,50440944.000000,0.334416,0,1
44,48,46,53,51,51,59,57,
445.000000,228.000000,0.077095,53152304.000000,0.380208,0,1
41,43,42,53,51,50,58,53,
225.000000,231.000000,0.073445,55627832.000000,0.998360,0,1
13,15,15,25,23,20,29,33,
565.000000,232.000000,0.086900,16987898.000000,0.548744,0,1
42,47,44,55,54,52,55,58,
592.000000,232.000000,0.088094,23335414.000000,0.655554,0,1
42,43,46,43,47,52,49,54,
693.000000,232.000000,0.086040,5420909.500000,0.378148,0,1
41,43,42,49,45,41,52,50,
241.000000,233.000000,0.075432,52836184.000000,1.154028,0,1
14,20,19,30,28,26,36,35,
296.000000,233.000000,0.078619,34749680.000000,0.780434,0,1
9,12,12,15,16,18,26,30,
433.000000,233.000000,0.083214,22127760.000000,0.379524,0,1
48,45,48,44,48,54,53,47,
652.000000,233.000000,0.087426,29981760.000000,0.325171,0,1
57,56,54,54,51,49,44,43,
763.000000,233.000000,0.088347,103671000.000000,0.496747,0,1
59,54,59,53,50,53,51,47,
771.000000,233.000000,0.088113,30965204.000000,0.506534,0,1
58,60,60,53,51,54,44,46,
246.000000,234.000000,0.076277,50010828.000000,1.209319,0,1
15,24,23,33,32,31,36,33,
679.000000,234.000000,0.088218,19980838.000000,0.371012,0,1
53,55,55,53,50,52,47,44,
260.000000,235.000000,0.079227,118374176.000000,1.376708,0,1
14,16,14,28,25,25,38,35,
282.000000,235.000000,0.079842,100602472.000000,0.853741,0,1
10,15,16,26,27,28,42,48,
342.000000,235.000000,0.081191,32468466.000000,0.643007,0,1
49,52,51,46,43,45,39,41,
427.000000,235.000000,0.084122,15234127.000000,0.401845,0,1
40,43,46,45,49,56,53,45,
566.000000,235.000000,0.088294,23719794.000000,0.562125,0,1
57,58,58,50,51,47,46,43,
567.000000,235.000000,0.088280,26149900.000000,0.566152,0,1
55,58,55,51,49,45,47,43,
312.000000,237.000000,0.084014,73480768.000000,0.789186,0,1
36,34,34,39,39,41,52,58,
760.000000,237.000000,0.091748,90625600.000000,0.519480,0,1
65,53,65,38,57,68,37,41,
274.000000,238.000000,0.083281,95528904.000000,0.939424,0,1
39,49,48,33,37,43,32,32,
421.000000,238.000000,0.086407,23024536.000000,0.438068,0,1
44,47,49,55,49,42,45,40,
333.000000,239.000000,0.086194,40978700.000000,0.734327,0,1
41,36,41,48,49,48,55,56,
643.000000,240.000000,0.094342,23484650.000000,0.355699,0,1
58,55,57,52,51,52,43,41,
766.000000,240.000000,0.094111,79700816.000000,0.548153,0,1
44,57,43,66,52,43,67,65,
351.000000,241.000000,0.089918,26431008.000000,0.707266,0,1
46,45,47,49,51,52,56,58,
651.000000,241.000000,0.095520,41683776.000000,0.375493,0,1
56,54,54,44,46,45,41,41,
657.000000,241.000000,0.095300,12041606.000000,0.383746,0,1
55,53,53,45,48,52,41,41,
328.000000,242.000000,0.089099,81246000.000000,0.791452,0,1
54,58,58,52,53,55,39,37,
368.000000,242.000000,0.090560,83619736.000000,0.650743,0,1
46,47,45,57,55,55,60,56,
369.000000,242.000000,0.090804,66096420.000000,0.649358,0,1
47,47,45,56,55,57,59,55,
380.000000,242.000000,0.091671,78506408.000000,0.617156,0,1
47,48,43,47,45,46,57,59,
268.000000,243.000000,0.088612,24159744.000000,1.568493,0,1
32,32,31,36,36,36,42,44,
330.000000,243.000000,0.089572,121227704.000000,0.790129,0,1
57,54,57,39,43,45,38,36,
334.000000,243.000000,0.089887,90534560.000000,0.777396,0,1
57,58,59,45,48,50,40,39,
406.000000,243.000000,0.091435,25648826.000000,0.528080,0,1
51,54,58,54,50,44,43,38,
227.000000,244.000000,0.087386,8640846.000000,1.154047,0,1
33,37,37,41,42,44,47,44,
355.000000,245.000000,0.092231,108651248.000000,0.721730,0,1
58,54,56,45,45,44,40,41,
360.000000,245.000000,0.093043,149012144.000000,0.710425,0,1
56,57,57,44,48,51,40,35,
598.000000,245.000000,0.099630,32366972.000000,0.762078,0,1
55,56,53,55,50,46,49,43,
369.000000,246.000000,0.093842,150687808.000000,0.685090,0,1
55,56,57,41,43,44,37,35,
378.000000,246.000000,0.094528,137447168.000000,0.657405,0,1
58,57,58,51,53,54,38,40,
657.000000,246.000000,0.101477,30647822.000000,0.425272,0,1
41,46,45,52,53,52,55,54,
390.000000,248.000000,0.096248,43387568.000000,0.632127,0,1
57,58,54,55,50,42,42,38,
610.000000,248.000000,0.102709,24998124.000000,0.365540,0,1
51,52,53,45,47,46,42,40,
612.000000,248.000000,0.102405,34709136.000000,0.366671,0,1
55,53,52,47,46,46,41,39,
295.000000,249.000000,0.095788,53142108.000000,1.039064,0,1
35,36,35,40,42,40,46,40,
622.000000,250.000000,0.104254,28585038.000000,0.394015,0,1
54,51,52,48,47,46,43,39,
637.000000,251.000000,0.105676,23219502.000000,0.425969,0,1
52,51,51,42,43,45,39,39,
643.000000,251.000000,0.106072,34322788.000000,0.437594,0,1
53,52,53,46,46,48,40,38,
764.000000,251.000000,0.109511,198621488.000000,0.675022,0,1
33,39,39,43,46,48,59,73,
378.000000,252.000000,0.099281,16760050.000000,0.714021,0,1
47,50,51,50,44,40,39,39,
645.000000,252.000000,0.106010,40050724.000000,0.442611,0,1
53,47,48,40,41,42,37,37,
650.000000,252.000000,0.106524,28374958.000000,0.453606,0,1
53,48,50,42,43,45,38,38,
375.000000,253.000000,0.100335,21755614.000000,0.738568,0,1
45,50,50,49,42,39,37,36,
673.000000,253.000000,0.107715,66888328.000000,0.501728,0,1
57,54,51,48,47,45,43,41,
771.000000,254.000000,0.110793,277072544.000000,0.701488,0,1
30,49,26,79,46,25,74,70,
339.000000,257.000000,0.106241,76452064.000000,0.977382,0,1
39,39,36,44,40,38,46,47,
361.000000,257.000000,0.105486,20149506.000000,0.862686,0,1
42,50,52,53,45,39,37,37,
587.000000,258.000000,0.114326,27315342.000000,0.804501,0,1
44,48,46,54,52,49,55,50,
233.000000,259.000000,0.105373,55357744.000000,1.348779,0,1
42,43,41,55,54,55,58,57,
243.000000,259.000000,0.106593,34575376.000000,1.442403,0,1
42,41,40,43,43,43,50,55,
349.000000,259.000000,0.107701,62541540.000000,0.950395,0,1
35,41,41,45,46,53,50,42,
764.000000,259.000000,0.115552,177892688.000000,0.735309,0,1
60,45,65,33,50,68,36,38,
570.000000,260.000000,0.117069,39414208.000000,0.746643,0,1
41,43,44,45,47,47,52,55,
774.000000,260.000000,0.116699,394568000.000000,0.765039,0,1
37,66,32,78,59,26,77,76,
574.000000,261.000000,0.118884,21348590.000000,0.772443,0,1
40,44,41,50,45,44,51,54,
764.000000,261.000000,0.116997,171628224.000000,0.750416,0,1
50,36,56,34,38,61,34,33,
595.000000,262.000000,0.117546,18024210.000000,0.878521,0,1
48,44,45,49,45,43,53,53,
510.000000,264.000000,0.118361,43247508.000000,0.957733,0,1
45,50,51,42,44,42,39,38,
294.000000,265.000000,0.114173,134990672.000000,2.160699,0,1
43,43,43,50,50,45,57,61,
328.000000,265.000000,0.115038,25224646.000000,1.176127,0,1
45,45,42,45,47,49,53,44,
618.000000,265.000000,0.120950,37799112.000000,0.521205,0,1
51,46,45,51,46,44,57,56,
621.000000,266.000000,0.122485,46944340.000000,0.537992,0,1
47,44,43,54,53,51,54,51,
258.000000,268.000000,0.114740,33968336.000000,1.693382,0,1
60,59,56,50,47,51,44,47,
638.000000,268.000000,0.124471,56516896.000000,0.583409,0,1
40,41,41,49,50,47,52,55,
274.000000,269.000000,0.117034,50856568.000000,0.968675,0,1
63,65,64,57,56,56,46,43,
648.000000,269.000000,0.124962,44535068.000000,0.606694,0,1
37,41,41,50,48,45,53,53,
284.000000,270.000000,0.118661,60714460.000000,2.061176,0,1
58,61,64,58,60,60,46,47,
772.000000,271.000000,0.127017,23730460.000000,0.871468,0,1
63,50,62,32,46,58,30,30,
295.000000,272.000000,0.120197,131404464.000000,2.235584,0,1
64,60,61,52,53,54,47,46,
568.000000,272.000000,0.127165,38911204.000000,0.802622,0,1
54,51,49,44,43,45,39,39,
620.000000,272.000000,0.129586,18185232.000000,0.601865,0,1
48,50,46,52,52,50,54,56,
308.000000,273.000000,0.120485,46593456.000000,1.407047,0,1
58,55,55,55,47,39,39,35,
556.000000,273.000000,0.129505,16428383.000000,0.760695,0,1
51,51,52,46,47,52,44,45,
305.000000,274.000000,0.122059,43256284.000000,1.457604,0,1
58,57,55,53,45,39,37,38,
559.000000,274.000000,0.129183,14464740.000000,0.774291,0,1
52,52,50,44,48,46,45,40,
290.000000,279.000000,0.126960,15010041.000000,1.026206,0,1
46,50,48,45,39,35,36,36,
577.000000,280.000000,0.136135,28045734.000000,0.910341,0,1
47,40,44,45,44,49,50,49,
658.000000,280.000000,0.135630,4125104.500000,0.564084,0,1
48,44,49,40,43,48,40,42,
693.000000,280.000000,0.135444,16119762.000000,0.803719,0,1
47,48,48,43,44,44,40,39,
282.000000,281.000000,0.129018,14309531.000000,1.097057,0,1
44,55,53,51,45,37,39,38,
594.000000,281.000000,0.138333,12003597.000000,0.998233,0,1
51,45,52,41,47,50,42,45,
546.000000,282.000000,0.137861,7654849.500000,0.770617,0,1
45,45,45,40,43,47,37,36,
575.000000,282.000000,0.138592,6626739.500000,0.912784,0,1
45,47,50,45,47,49,41,39,
680.000000,283.000000,0.139582,21975660.000000,0.630066,0,1
45,43,44,50,49,52,51,45,
685.000000,283.000000,0.139062,17151644.000000,0.635666,0,1
41,46,44,52,51,47,54,52,
273.000000,284.000000,0.132581,13587809.000000,1.182950,0,1
43,51,50,51,42,37,35,36,
535.000000,285.000000,0.142313,22991958.000000,1.308820,0,1
39,44,40,43,47,39,39,36,
619.000000,288.000000,0.144761,11481023.000000,1.184805,0,1
49,50,48,42,43,45,38,38,
640.000000,291.000000,0.148980,5379889.000000,0.445000,0,1
52,49,50,41,46,45,40,38,
710.000000,292.000000,0.146634,13588989.000000,0.746951,0,1
38,41,39,50,46,40,53,54,
712.000000,293.000000,0.144769,17057902.000000,0.739217,0,1
38,43,40,52,45,42,53,51,
771.000000,297.000000,0.154022,46146048.000000,0.926894,0,1
37,39,41,42,45,43,50,53,
735.000000,298.000000,0.154812,6717599.000000,0.613614,0,1
38,40,38,47,43,40,50,51,
521.000000,25.000000,0.028848,1360674944.000000,0.197219,0,1
166,164,155,151,103,102,90,123,
525.000000,29.000000,0.028287,1608472960.000000,0.197496,0,1
57,61,80,121,126,123,158,165,
307.000000,267.000000,0.116165,211837072.000000,1.325340,0,1
42,44,43,56,53,49,60,62,
280.000000,264.000000,0.112292,40286752.000000,0.886853,0,1
47,50,48,57,54,53,60,61,
561.000000,257.000000,0.113329,24139352.000000,0.686649,0,1
40,39,41,43,43,41,50,50,
587.000000,246.000000,0.099191,12871969.000000,0.720689,0,1
53,50,55,45,48,52,42,40,
650.000000,245.000000,0.100779,23309170.000000,0.408268,0,1
40,44,41,50,48,47,53,54,
349.000000,244.000000,0.091627,94483928.000000,0.737604,0,1
54,56,58,48,50,52,41,42,
687.000000,231.000000,0.086674,27321700.000000,0.371470,0,1
40,42,42,47,47,47,56,57,
215.000000,231.000000,0.072858,46835360.000000,0.656961,0,1
15,21,21,31,30,30,36,36,
599.000000,226.000000,0.081364,18284488.000000,0.219827,0,1
40,42,43,46,47,51,50,54,
380.000000,224.000000,0.071417,34240748.000000,0.428601,0,1
43,41,44,45,45,45,54,59,
347.000000,223.000000,0.068978,99602912.000000,0.499007,0,1
36,40,37,55,53,50,62,52,
405.000000,216.000000,0.061175,35252340.000000,0.294755,0,1
54,55,54,48,47,47,45,44,
636.000000,207.000000,0.061537,10374176.000000,0.172938,0,1
47,46,46,51,53,54,56,58,
524.000000,207.000000,0.056693,6973546.500000,0.273177,0,1
51,55,51,48,46,44,43,44,
755.000000,206.000000,0.071301,565888064.000000,0.359939,0,1
72,88,61,88,73,54,92,95,
639.000000,80.000000,0.010124,35825396.000000,0.026731,0,1
107,97,106,89,97,99,89,96,
522.000000,177.000000,0.033514,2776092.250000,0.161651,0,1
57,58,55,49,49,48,44,45,
771.000000,87.000000,0.015173,243068992.000000,0.061437,0,1
90,68,85,69,90,112,81,107,
535.000000,89.000000,0.008683,25596384.000000,0.055996,0,1
110,111,102,105,100,92,103,84,
437.000000,163.000000,0.015632,2849445.000000,0.070902,0,1
44,40,39,51,50,49,55,55,
523.000000,162.000000,0.021964,2822909.500000,0.118162,0,1
45,32,33,35,37,38,56,50,
504.000000,162.000000,0.015365,552846.187500,0.064916,0,1
46,33,33,37,35,35,55,49,
231.000000,162.000000,0.032008,1170084608.000000,0.354813,0,1
90,97,83,85,77,66,94,84,
231.000000,158.000000,0.032704,523627136.000000,0.363343,0,1
75,97,82,104,77,74,105,90,
531.000000,154.000000,0.027639,21966220.000000,0.146255,0,1
23,35,22,43,25,22,39,43,
277.000000,105.000000,0.058164,100911448.000000,0.229709,0,1
130,127,112,123,109,99,110,117,
504.000000,144.000000,0.009213,7136125.000000,0.044137,0,1
42,53,36,45,37,29,44,32,
196.000000,141.000000,0.031469,792449280.000000,0.269965,0,1
68,57,81,49,67,90,56,64,
484.000000,136.000000,0.017441,19331234.000000,0.060903,0,1
75,68,69,72,63,68,58,55,
178.000000,135.000000,0.005789,784567680.000000,0.033985,0,1
103,101,86,95,87,64,82,65,
762.000000,134.000000,0.069395,57389812.000000,0.224837,0,1
31,33,42,37,50,76,62,72,
168.000000,131.000000,0.002510,268716256.000000,0.016391,0,1
164,166,176,128,158,155,117,110,
282.000000,129.000000,0.015849,303219584.000000,0.132273,0,1
85,86,71,70,57,49,50,41,
687.000000,117.000000,0.009903,34888748.000000,0.030929,0,1
57,55,38,52,39,31,45,40,
778.000000,126.000000,0.068706,297195296.000000,0.362385,0,1
38,38,48,40,56,77,71,71,
502.000000,126.000000,0.002289,17172416.000000,0.010243,0,1
45,51,46,44,55,54,50,69,
229.000000,126.000000,0.005635,294040128.000000,0.039909,0,1
74,59,77,59,64,84,74,67,
789.000000,120.000000,0.067108,189392256.000000,0.365853,0,1
43,44,50,45,50,75,63,78,
780.000000,125.000000,0.068240,273671328.000000,0.361957,0,1
38,39,49,41,57,75,69,75,
523.000000,124.000000,0.029002,19722674.000000,0.148473,0,1
54,39,45,36,54,52,37,50,
229.000000,124.000000,0.005762,219446912.000000,0.026742,0,1
85,71,88,66,74,90,59,64,
267.000000,124.000000,0.057115,768536960.000000,0.383979,0,1
63,77,54,107,74,69,104,89,
520.000000,27.000000,0.028774,804296896.000000,0.194679,0,1
124,113,77,154,131,99,164,163,
607.000000,281.000000,0.137050,15526649.000000,1.058837,0,1
51,50,50,45,48,49,40,40,
259.000000,126.000000,0.057086,65589400.000000,0.241487,0,1
90,107,88,112,98,85,106,98,
267.000000,126.000000,0.056745,572744320.000000,0.380728,0,1
74,104,56,103,89,57,85,75,
449.000000,131.000000,0.006136,111646344.000000,0.035105,0,1
128,119,128,107,113,117,95,96,
667.000000,246.000000,0.102149,42824256.000000,0.445704,0,1
40,40,43,42,46,49,48,51,
304.000000,241.000000,0.086749,81837104.000000,0.861370,0,1
57,51,53,41,39,38,33,33,
450.000000,134.000000,0.005285,55080576.000000,0.031346,0,1
101,96,106,86,94,101,75,61,
738.000000,57.000000,0.010339,251563904.000000,0.045092,0,1
96,91,100,82,101,122,86,93,
269.000000,235.000000,0.079425,86294824.000000,0.901323,0,1
10,13,14,25,25,25,38,44,
690.000000,62.000000,0.013466,143924832.000000,0.049137,0,1
103,100,115,99,118,124,111,122,
759.000000,62.000000,0.013259,454764192.000000,0.061595,0,1
99,108,92,120,100,79,114,101,
422.000000,114.000000,0.001555,181366112.000000,0.006876,0,1
113,92,115,110,94,117,77,60,
461.000000,218.000000,0.066221,17185086.000000,0.378150,0,1
54,55,55,46,44,44,42,47,
256.000000,66.000000,0.056280,91135120.000000,0.254544,0,1
146,165,143,170,162,155,165,157,
370.000000,114.000000,0.006330,35924952.000000,0.031386,0,1
84,72,79,67,70,82,61,60,
743.000000,67.000000,0.011803,328151712.000000,0.051491,0,1
94,85,108,69,95,114,79,85,
618.000000,213.000000,0.067276,19917580.000000,0.176789,0,1
42,44,48,50,53,54,57,56,
679.000000,68.000000,0.012086,118237768.000000,0.041177,0,1
104,91,109,86,99,119,95,95,
696.000000,68.000000,0.012018,145580016.000000,0.044001,0,1
110,116,87,120,103,72,104,84,
752.000000,208.000000,0.070599,771496512.000000,0.353018,0,1
76,58,89,40,71,93,54,59,
477.000000,207.000000,0.055964,10696365.000000,0.371538,0,1
42,41,41,46,45,48,56,48,
433.000000,137.000000,0.005267,24439748.000000,0.024099,0,1
75,72,76,55,58,46,49,43,
243.000000,140.000000,0.028397,845765120.000000,0.295500,0,1
59,73,61,87,64,64,77,64,
197.000000,144.000000,0.031347,742093120.000000,0.267599,0,1
79,64,88,55,77,89,63,75,
772.000000,75.000000,0.013518,671249792.000000,0.064079,0,1
86,75,101,68,90,127,87,108,
660.000000,196.000000,0.053156,1486033.250000,0.163107,0,1
44,44,43,49,47,45,54,49,
732.000000,77.000000,0.011672,137617984.000000,0.048097,0,1
76,62,74,67,64,73,54,57,
541.000000,110.000000,0.008055,38351204.000000,0.058935,0,1
86,80,93,74,85,80,55,71,
752.000000,175.000000,0.071419,897245824.000000,0.347076,0,1
63,56,83,55,64,88,57,65,
762.000000,85.000000,0.012772,427035264.000000,0.050011,0,1
93,74,104,65,86,99,63,73,
308.000000,109.000000,0.008883,446941696.000000,0.064389,0,1
118,127,107,133,108,94,116,110,
703.000000,90.000000,0.012682,93890936.000000,0.045407,0,1
83,86,68,80,72,56,77,64,
795.000000,90.000000,0.013926,999187584.000000,0.069486,0,1
109,118,97,131,106,79,114,92,
756.000000,162.000000,0.071994,1163970048.000000,0.353610,0,1
71,83,55,85,70,49,81,69,
318.000000,108.000000,0.006796,210797072.000000,0.046454,0,1
124,104,126,94,112,131,104,104,
243.000000,159.000000,0.028424,1057213888.000000,0.295127,0,1
68,79,53,85,69,55,82,72,
794.000000,99.000000,0.013949,571870080.000000,0.068854,0,1
86,100,74,108,83,71,90,82,
695.000000,103.000000,0.011956,212092032.000000,0.040089,0,1
84,62,81,42,71,65,48,52,
261.000000,288.000000,0.135111,15315383.000000,1.280831,0,1
47,50,43,45,37,36,35,35,
292.000000,123.000000,0.015544,909446784.000000,0.123594,0,1
95,60,111,52,82,105,64,59,
712.000000,106.000000,0.012310,165851696.000000,0.044588,0,1
43,55,32,62,44,33,54,49,
362.000000,104.000000,0.011074,210430720.000000,0.059461,0,1
114,115,98,121,103,98,112,94,
711.000000,117.000000,0.010375,94514624.000000,0.036707,0,1
46,56,38,66,43,36,51,37,
647.000000,100.000000,0.012162,223671328.000000,0.031259,0,1
109,91,118,74,95,101,73,75,
764.000000,98.000000,0.023306,304976800.000000,0.107156,0,1
66,60,73,53,69,83,57,72,
710.000000,116.000000,0.009833,100124512.000000,0.034619,0,1
58,59,46,73,56,38,66,51,
413.000000,241.000000,0.089496,26174914.000000,0.488119,0,1
49,55,53,54,47,41,40,38,
728.000000,57.000000,0.010480,88745360.000000,0.044245,0,1
87,88,100,86,89,98,79,74,
617.000000,60.000000,0.008980,72229936.000000,0.023748,0,1
133,131,127,131,116,126,111,100,
674.000000,62.000000,0.014674,96719424.000000,0.050263,0,1
97,103,84,108,97,89,106,100,
664.000000,97.000000,0.010872,162064352.000000,0.031150,0,1
96,111,85,113,91,80,99,78,
688.000000,96.000000,0.012047,88223456.000000,0.039575,0,1
69,77,58,83,86,79,96,89,
424.000000,146.000000,0.007933,116196888.000000,0.030650,0,1
43,75,44,97,82,51,105,106,
412.000000,146.000000,0.005363,163511792.000000,0.018626,0,1
40,40,59,49,72,88,54,81,
422.000000,139.000000,0.003749,64959216.000000,0.014513,0,1
38,38,40,40,46,61,41,44,
270.000000,90.000000,0.057851,642410816.000000,0.239796,0,1
101,88,137,69,130,139,105,133,
666.000000,108.000000,0.011313,64173212.000000,0.031861,0,1
63,79,62,70,57,57,63,47,
229.000000,146.000000,0.028889,614289792.000000,0.320252,0,1
59,79,59,92,77,65,91,90,
598.000000,76.000000,0.008753,18752796.000000,0.018645,0,1
112,107,97,100,92,89,86,75,
756.000000,179.000000,0.071539,1074570752.000000,0.353709,0,1
67,82,58,87,64,51,79,58,
673.000000,179.000000,0.037542,2436347.750000,0.115244,0,1
47,48,48,52,53,52,56,55,
699.000000,83.000000,0.012016,120227648.000000,0.042860,0,1
78,71,97,61,87,92,71,76,
270.000000,89.000000,0.057931,546417408.000000,0.240386,0,1
112,87,126,71,112,139,93,135,
269.000000,89.000000,0.058076,564073216.000000,0.242221,0,1
93,71,101,97,88,137,69,105,
477.000000,109.000000,0.001076,118133344.000000,0.003915,0,1
125,111,119,96,123,143,123,141,
457.000000,107.000000,0.003262,41440032.000000,0.007906,0,1
139,140,130,135,127,120,128,114,
469.000000,101.000000,0.001349,497076096.000000,0.010690,0,1
101,98,140,73,111,145,62,118,
464.000000,101.000000,0.001244,417652192.000000,0.009390,0,1
140,137,110,143,104,76,136,115,
426.000000,133.000000,0.003800,497043968.000000,0.015971,0,1
105,56,123,43,99,115,52,88,
610.000000,98.000000,0.009635,44507116.000000,0.019576,0,1
111,88,113,99,93,98,88,83,
455.000000,116.000000,0.002501,108008008.000000,0.005926,0,1
127,125,107,117,111,84,109,84,
423.000000,116.000000,0.001009,312993184.000000,0.004447,0,1
111,72,112,60,88,112,61,94,
425.000000,135.000000,0.004050,287091456.000000,0.012542,0,1
51,41,96,39,59,109,43,50,
447.000000,135.000000,0.003403,161936208.000000,0.019060,0,1
90,71,86,52,67,75,57,58,
754.000000,216.000000,0.071566,474831584.000000,0.364975,0,1
76,88,67,77,77,57,62,60,
413.000000,113.000000,0.007269,180525088.000000,0.027626,0,1
104,89,117,81,100,115,84,98,
644.000000,71.000000,0.011553,46675864.000000,0.032881,0,1
105,100,112,102,106,116,93,113,
