# timestamp
1608635099017728256

# fx, fy, cx, cy, width, height, npoints
501.475494,501.475830,421.800903,167.658447,800,400,450

# camToWorld: translation vector, rotation quaternion
-15.679064,29.191545,0.457224,-0.718777,0.018244,0.000100,0.695002

# Exposure time (ms)
22.999989

# Point Cloud Data : 
# u,v,idepth_scaled,idepth_hessian,maxRelBaseline,numGoodRes,status 
# color information 
287.000000,151.000000,0.016215,136641088.000000,0.109676,0,1
30,97,15,73,56,10,87,24,
288.000000,151.000000,0.016298,234640640.000000,0.109376,0,1
12,54,11,108,15,11,50,12,
287.000000,152.000000,0.016235,259711472.000000,0.109849,0,1
54,108,15,66,50,10,41,15,
762.000000,288.000000,0.148574,9690719.000000,1.624283,0,1
16,15,14,10,9,9,6,5,
220.000000,26.000000,0.239696,2101026.750000,0.393151,0,1
31,31,32,21,20,20,14,15,
111.000000,29.000000,0.236593,2859174.000000,0.548570,0,1
42,44,43,55,53,52,62,56,
130.000000,29.000000,0.235336,4093202.000000,0.517080,0,1
27,31,29,42,42,45,54,41,
160.000000,29.000000,0.234072,2852485.500000,0.468793,0,1
18,20,20,32,32,32,38,29,
141.000000,31.000000,0.229259,4282696.500000,0.482262,0,1
37,46,47,38,36,34,25,25,
155.000000,31.000000,0.230138,3303623.000000,0.464520,0,1
31,40,40,32,31,30,20,21,
197.000000,31.000000,0.230384,2006454.375000,0.402832,0,1
25,31,31,24,25,24,16,16,
524.000000,32.000000,0.225525,1236596.875000,0.339868,0,1
17,21,20,28,27,28,28,28,
329.000000,33.000000,0.221741,1317271.250000,0.335018,0,1
14,12,12,16,17,18,26,21,
338.000000,33.000000,0.222143,1709307.250000,0.337212,0,1
15,13,12,19,19,20,25,20,
182.000000,34.000000,0.224556,1591303.125000,0.410043,0,1
17,18,17,27,27,27,31,22,
211.000000,34.000000,0.222957,1307342.500000,0.368052,0,1
15,16,16,23,24,25,29,19,
119.000000,36.000000,0.220998,8181581.000000,0.603861,0,1
44,50,52,45,44,43,35,35,
149.000000,36.000000,0.220217,4197060.000000,0.447702,0,1
35,42,42,30,30,29,21,26,
159.000000,36.000000,0.221000,3179841.500000,0.435669,0,1
30,37,36,28,28,27,19,22,
161.000000,36.000000,0.220986,3271583.250000,0.432843,0,1
30,36,37,28,27,25,18,22,
175.000000,36.000000,0.221837,2144086.250000,0.414431,0,1
28,31,32,25,23,22,18,21,
192.000000,36.000000,0.220735,1356220.625000,0.388017,0,1
25,28,29,21,20,20,16,20,
244.000000,36.000000,0.236081,2581005.250000,0.411350,0,1
23,27,27,18,18,17,14,19,
564.000000,36.000000,0.213940,776807.312500,0.322410,0,1
21,18,19,23,25,24,29,28,
591.000000,36.000000,0.216605,775259.000000,0.340281,0,1
22,23,20,25,23,23,30,28,
248.000000,38.000000,0.224397,1435167.875000,0.386373,0,1
17,14,14,20,21,21,28,23,
321.000000,38.000000,0.211845,1377882.750000,0.320705,0,1
14,15,16,24,24,25,28,19,
481.000000,38.000000,0.211431,2189710.000000,0.319653,0,1
30,33,32,22,22,22,16,24,
360.000000,39.000000,0.291888,484947.437500,0.440270,0,1
16,22,15,29,20,16,16,14,
88.000000,45.000000,0.214408,62145304.000000,1.887023,0,1
128,147,125,159,134,113,135,123,
69.000000,56.000000,0.204258,5748211.000000,1.929801,0,1
135,129,129,118,115,115,111,107,
80.000000,56.000000,0.215903,10656964.000000,1.601463,0,1
116,115,108,107,103,96,96,92,
726.000000,63.000000,0.166773,1615935.375000,0.467889,0,1
12,15,16,19,22,21,25,26,
72.000000,64.000000,0.207868,5240350.500000,1.594690,0,1
84,79,79,76,76,75,73,70,
738.000000,111.000000,0.139681,66724020.000000,1.348961,0,1
13,13,15,14,22,25,25,30,
750.000000,111.000000,0.130220,2266119.750000,1.346956,0,1
14,17,18,26,27,27,38,42,
755.000000,112.000000,0.131604,1813833.000000,1.378890,0,1
17,27,28,37,37,38,42,41,
737.000000,119.000000,0.138726,236289280.000000,1.336488,0,1
24,18,34,14,26,40,19,26,
738.000000,127.000000,0.138325,285555744.000000,1.336310,0,1
37,27,42,20,36,46,28,37,
737.000000,135.000000,0.138322,336473824.000000,1.330817,0,1
30,22,39,16,31,46,22,32,
754.000000,136.000000,0.137995,430813408.000000,1.400045,0,1
63,75,57,79,66,53,76,66,
746.000000,137.000000,0.137378,425742880.000000,1.362951,0,1
71,61,77,56,72,80,62,73,
737.000000,140.000000,0.138187,359329568.000000,1.329706,0,1
32,23,41,16,32,48,22,32,
754.000000,144.000000,0.137675,438489088.000000,1.397830,0,1
65,76,58,79,64,53,74,64,
745.000000,146.000000,0.137106,408230880.000000,1.357054,0,1
64,58,75,55,65,80,58,65,
737.000000,148.000000,0.138172,375061952.000000,1.329731,0,1
33,23,41,17,33,47,24,34,
156.000000,151.000000,0.020415,1674307200.000000,0.266888,0,1
23,32,24,123,109,36,149,122,
167.000000,151.000000,0.017442,1480221440.000000,0.221829,0,1
19,27,30,53,103,135,80,121,
288.000000,152.000000,0.016349,347039840.000000,0.110431,0,1
15,56,10,87,15,10,24,10,
736.000000,155.000000,0.138402,274034752.000000,1.327614,0,1
24,18,34,16,24,41,17,23,
757.000000,162.000000,0.132016,86211968.000000,1.379179,0,1
52,57,57,70,69,70,78,79,
737.000000,165.000000,0.138307,302449920.000000,1.333567,0,1
31,22,39,17,30,42,21,29,
737.000000,168.000000,0.138394,299741824.000000,1.334994,0,1
29,20,36,16,29,42,23,30,
753.000000,168.000000,0.137933,6444198.000000,1.399139,0,1
78,77,76,73,73,72,51,48,
750.000000,169.000000,0.135200,7607335.500000,1.371024,0,1
76,73,73,53,52,51,48,46,
737.000000,176.000000,0.138445,268460960.000000,1.338388,0,1
30,22,36,15,29,40,21,27,
754.000000,180.000000,0.136143,6773985.000000,1.397455,0,1
38,34,34,27,27,26,16,13,
528.000000,194.000000,0.047889,371110048.000000,0.239589,0,1
237,251,237,219,188,153,108,46,
66.000000,196.000000,0.187644,1102103.875000,1.830956,0,1
21,19,18,18,16,15,13,11,
46.000000,198.000000,0.169619,3669810.250000,1.837236,0,1
22,21,22,15,16,16,11,11,
536.000000,219.000000,0.054181,77683416.000000,0.307641,0,1
48,57,61,49,51,50,43,42,
525.000000,220.000000,0.042145,42035064.000000,0.236554,0,1
63,63,66,63,52,59,49,49,
517.000000,223.000000,0.084537,20007052.000000,0.386586,0,1
57,54,55,64,65,57,87,78,
125.000000,227.000000,0.156546,81934992.000000,1.427051,0,1
9,23,12,33,36,12,43,23,
368.000000,236.000000,0.036047,22042898.000000,0.178949,0,1
17,27,13,63,20,10,37,17,
67.000000,239.000000,0.174705,161016112.000000,1.804152,0,1
18,15,29,11,22,37,13,11,
75.000000,248.000000,0.172608,155190016.000000,0.554778,0,1
121,111,84,45,51,36,21,12,
75.000000,272.000000,0.174167,3466365.500000,0.918620,0,1
12,17,13,14,13,8,12,8,
736.000000,274.000000,0.136546,66754900.000000,1.426928,0,1
14,25,11,34,23,9,24,14,
738.000000,285.000000,0.150022,5916149.000000,1.532670,0,1
8,8,9,13,13,13,20,21,
749.000000,285.000000,0.149780,5093087.500000,1.574754,0,1
7,8,8,14,13,13,19,18,
759.000000,285.000000,0.150429,3775230.000000,1.618793,0,1
7,8,7,13,13,12,18,16,
52.000000,286.000000,0.180795,4726653.500000,1.629256,0,1
11,14,10,16,13,9,15,14,
735.000000,288.000000,0.148716,15023732.000000,1.518332,0,1
20,21,21,16,16,15,9,7,
742.000000,288.000000,0.148548,15636859.000000,1.545065,0,1
21,21,20,13,13,12,8,7,
744.000000,288.000000,0.148639,16490011.000000,1.553526,0,1
20,20,19,13,12,12,8,6,
154.000000,41.000000,0.210768,11939741.000000,0.863895,0,1
33,34,33,24,23,21,21,32,
425.000000,41.000000,0.206135,8909786.000000,0.311575,0,1
17,24,24,17,18,19,12,16,
479.000000,42.000000,0.204672,13928378.000000,0.342657,0,1
25,32,33,21,22,22,16,24,
165.000000,44.000000,0.204219,10759545.000000,0.795708,0,1
21,30,30,29,29,28,18,19,
302.000000,44.000000,0.202969,11098627.000000,0.446397,0,1
23,30,29,21,21,21,15,22,
163.000000,48.000000,0.196140,5222393.500000,0.757049,0,1
19,29,29,24,24,23,17,19,
200.000000,48.000000,0.196378,6717226.500000,0.664030,0,1
19,28,26,20,20,20,15,19,
570.000000,61.000000,0.233039,2725287.500000,0.594450,0,1
30,24,25,28,30,30,34,31,
592.000000,88.000000,0.125059,571656448.000000,0.713608,0,1
80,98,66,126,82,67,101,84,
552.000000,128.000000,0.071483,133946480.000000,0.361047,0,1
66,54,47,60,23,20,30,19,
695.000000,138.000000,0.121192,45937676.000000,1.073974,0,1
22,21,21,18,16,15,15,12,
734.000000,138.000000,0.138695,62673448.000000,1.321471,0,1
15,15,16,15,15,23,16,16,
711.000000,143.000000,0.132423,179302672.000000,1.191096,0,1
23,30,16,34,22,12,30,23,
711.000000,147.000000,0.132034,190736400.000000,1.189160,0,1
23,29,16,31,21,11,27,19,
712.000000,147.000000,0.131924,156998896.000000,1.192583,0,1
17,23,13,28,15,10,20,13,
734.000000,150.000000,0.138486,80610784.000000,1.320478,0,1
16,16,18,15,16,24,16,16,
711.000000,152.000000,0.131566,137653888.000000,1.187111,0,1
19,24,13,26,18,10,22,17,
165.000000,160.000000,0.022786,472440544.000000,0.285130,0,1
134,46,58,19,26,32,18,16,
154.000000,162.000000,0.021305,38494352.000000,0.103653,0,1
27,29,39,32,25,17,11,9,
710.000000,162.000000,0.130819,65788640.000000,1.181154,0,1
20,23,16,22,19,11,20,19,
119.000000,165.000000,0.028469,1673236480.000000,0.409495,0,1
22,24,51,17,89,81,30,32,
734.000000,178.000000,0.138754,42562760.000000,1.329523,0,1
15,14,15,13,14,20,14,14,
551.000000,182.000000,0.069558,43210072.000000,0.364957,0,1
25,18,31,18,33,30,22,38,
553.000000,182.000000,0.068662,52687040.000000,0.366266,0,1
23,31,20,33,30,16,40,35,
720.000000,216.000000,0.132432,11894490.000000,1.264219,0,1
13,13,12,13,13,9,13,12,
493.000000,218.000000,0.051851,25707140.000000,0.224858,0,1
63,61,64,47,51,54,44,49,
144.000000,223.000000,0.101592,25855240.000000,0.465661,0,1
6,8,11,7,14,21,10,8,
720.000000,224.000000,0.136521,45429864.000000,1.295193,0,1
11,11,10,12,11,8,11,11,
514.000000,235.000000,0.079671,6052319.000000,0.388802,0,1
61,68,56,55,66,50,55,39,
519.000000,240.000000,0.072559,3070051.500000,0.170152,0,1
47,46,46,42,43,41,35,32,
85.000000,247.000000,0.172954,17060150.000000,1.721259,0,1
58,64,53,32,29,15,11,8,
502.000000,247.000000,0.095894,4013955.750000,0.445604,0,1
35,27,41,23,31,42,22,22,
82.000000,261.000000,0.171342,20636236.000000,1.431727,0,1
8,8,7,10,13,10,22,21,
79.000000,263.000000,0.162182,27400862.000000,1.715535,0,1
9,10,19,11,24,26,28,15,
80.000000,264.000000,0.167794,26032332.000000,1.426451,0,1
19,24,26,28,24,15,15,11,
731.000000,268.000000,0.136618,13456482.000000,1.416973,0,1
7,8,8,16,16,14,25,29,
715.000000,273.000000,0.128223,20623768.000000,1.297060,0,1
40,33,36,17,24,33,17,17,
729.000000,275.000000,0.137117,104871088.000000,1.405348,0,1
34,41,39,36,34,30,20,14,
441.000000,285.000000,0.102306,13248861.000000,0.509016,0,1
12,16,12,19,16,12,20,21,
724.000000,285.000000,0.149763,12883263.000000,1.474512,0,1
9,10,9,13,12,12,19,22,
704.000000,286.000000,0.150324,26609164.000000,1.404409,0,1
10,12,13,19,19,19,25,23,
713.000000,286.000000,0.150564,19227298.000000,1.443564,0,1
10,11,11,20,20,20,25,21,
721.000000,288.000000,0.149072,19942916.000000,1.465369,0,1
19,22,22,19,19,18,11,9,
702.000000,289.000000,0.147795,24386812.000000,1.385876,0,1
24,18,22,15,13,13,10,9,
707.000000,289.000000,0.149289,19878564.000000,1.413068,0,1
26,23,23,13,13,13,9,9,
717.000000,289.000000,0.147538,29281000.000000,1.443117,0,1
23,20,19,13,12,11,9,8,
703.000000,95.000000,0.140964,11255952.000000,1.217514,0,1
27,28,27,26,22,20,16,12,
447.000000,54.000000,0.181338,29184666.000000,0.405304,0,1
24,15,15,21,21,20,27,16,
302.000000,55.000000,0.181634,24625954.000000,0.628731,0,1
19,27,27,20,20,20,15,26,
648.000000,56.000000,0.178784,8998823.000000,1.039518,0,1
18,20,21,17,17,16,16,17,
272.000000,57.000000,0.178260,20843784.000000,0.710698,0,1
22,14,14,22,23,23,27,15,
156.000000,64.000000,0.193382,7234377.000000,1.315126,0,1
19,16,15,21,16,14,17,16,
184.000000,68.000000,0.181139,10496472.000000,1.584790,0,1
15,17,17,15,15,16,13,13,
592.000000,78.000000,0.125443,40468324.000000,0.704649,0,1
45,47,44,51,48,48,53,54,
688.000000,78.000000,0.139028,3578384.500000,0.834375,0,1
23,24,24,27,26,24,30,33,
680.000000,81.000000,0.135576,5850972.000000,0.782657,0,1
32,36,36,40,40,41,46,50,
566.000000,86.000000,0.095310,27064050.000000,0.419237,0,1
57,55,67,55,66,76,66,75,
647.000000,86.000000,0.135109,129233832.000000,0.992243,0,1
27,31,42,36,53,58,49,67,
586.000000,87.000000,0.124976,389882208.000000,0.555268,0,1
122,155,125,204,183,145,251,255,
592.000000,87.000000,0.124715,237428976.000000,0.714489,0,1
75,93,64,116,77,61,98,87,
623.000000,87.000000,0.123269,71132464.000000,0.786280,0,1
21,26,22,27,29,24,32,41,
672.000000,87.000000,0.138263,21046514.000000,1.130503,0,1
58,60,61,63,62,65,64,72,
588.000000,88.000000,0.122276,2039204992.000000,0.653861,0,1
112,162,131,238,199,126,255,242,
639.000000,88.000000,0.128124,75894216.000000,0.888673,0,1
27,31,42,38,49,54,47,57,
643.000000,88.000000,0.136652,360960992.000000,0.989504,0,1
36,50,43,54,54,46,60,64,
668.000000,91.000000,0.133170,117536288.000000,1.051829,0,1
67,67,69,72,78,81,87,93,
674.000000,91.000000,0.136066,112402096.000000,1.109426,0,1
71,78,72,82,81,74,88,89,
420.000000,92.000000,0.105741,337165.812500,0.159352,0,1
14,14,14,16,16,16,16,15,
568.000000,93.000000,0.105854,82088664.000000,0.440108,0,1
124,133,180,143,209,245,228,255,
688.000000,93.000000,0.143086,117964112.000000,1.169640,0,1
54,60,54,65,65,57,75,78,
680.000000,94.000000,0.140073,43922148.000000,1.124517,0,1
73,78,77,84,84,82,93,96,
565.000000,95.000000,0.107713,588587328.000000,0.435385,0,1
112,103,187,89,173,253,145,244,
663.000000,95.000000,0.134369,41550560.000000,1.041010,0,1
86,91,94,98,102,106,111,121,
428.000000,97.000000,0.097701,9156971.000000,0.147237,0,1
15,16,17,21,22,22,28,25,
437.000000,97.000000,0.097767,11537286.000000,0.147336,0,1
16,17,18,23,24,24,31,26,
450.000000,97.000000,0.099170,10127914.000000,0.159739,0,1
16,18,19,25,26,26,33,26,
462.000000,97.000000,0.098579,20496586.000000,0.178841,0,1
17,20,20,26,28,26,45,25,
471.000000,97.000000,0.098928,18951094.000000,0.197202,0,1
18,19,20,25,26,27,41,20,
473.000000,97.000000,0.098892,20871538.000000,0.201214,0,1
18,20,21,26,27,24,44,21,
492.000000,97.000000,0.098559,10512313.000000,0.241949,0,1
19,21,20,30,28,27,36,25,
528.000000,97.000000,0.099180,11058595.000000,0.331782,0,1
21,25,24,34,33,33,38,24,
297.000000,98.000000,0.102130,5012706.000000,0.376917,0,1
14,16,15,18,19,18,32,18,
348.000000,98.000000,0.098753,5784020.500000,0.239290,0,1
15,17,17,22,23,23,26,19,
550.000000,98.000000,0.113045,9036467.000000,0.518293,0,1
30,42,44,34,37,39,32,39,
482.000000,99.000000,0.102225,9815268.000000,0.226570,0,1
27,38,40,21,22,24,27,33,
502.000000,100.000000,0.100992,9004669.000000,0.317094,0,1
29,24,25,29,30,30,35,38,
511.000000,100.000000,0.095833,9182224.000000,0.273388,0,1
30,24,23,32,32,31,38,41,
512.000000,100.000000,0.095786,8732352.000000,0.275598,0,1
30,24,22,32,31,31,39,41,
284.000000,101.000000,0.096941,6144371.000000,0.392006,0,1
23,18,18,20,20,20,28,28,
308.000000,101.000000,0.096242,6434175.500000,0.328700,0,1
24,18,19,23,24,23,30,32,
319.000000,101.000000,0.096267,6813809.500000,0.301168,0,1
26,21,20,25,25,25,31,31,
322.000000,101.000000,0.096175,6408594.500000,0.293504,0,1
25,20,21,25,25,25,32,33,
343.000000,101.000000,0.097245,5357500.000000,0.244417,0,1
26,19,19,25,26,26,31,32,
353.000000,101.000000,0.081703,1607587.875000,0.193929,0,1
27,18,18,25,24,24,29,31,
368.000000,101.000000,0.097684,4800560.500000,0.187905,0,1
24,17,17,25,25,24,29,29,
207.000000,102.000000,0.096334,18835032.000000,0.591406,0,1
18,15,16,18,22,23,19,20,
238.000000,102.000000,0.088435,3420103.750000,0.503761,0,1
16,16,16,21,21,22,22,22,
270.000000,102.000000,0.090308,3545791.750000,0.405917,0,1
21,19,20,26,26,27,29,29,
276.000000,102.000000,0.095181,3373365.500000,0.406541,0,1
20,19,19,26,27,26,29,30,
402.000000,102.000000,0.098823,3542327.000000,0.149818,0,1
15,16,23,13,21,25,15,17,
664.000000,102.000000,0.142282,39886040.000000,1.061860,0,1
146,137,122,111,85,61,45,33,
596.000000,103.000000,0.113232,1666317952.000000,0.671407,0,1
54,91,47,83,56,42,99,58,
601.000000,103.000000,0.108109,119016376.000000,0.669129,0,1
36,42,32,40,35,31,43,37,
706.000000,103.000000,0.132644,50642164.000000,1.182971,0,1
6,7,7,12,11,10,22,30,
561.000000,104.000000,0.102970,89557232.000000,0.510695,0,1
71,64,78,58,68,78,62,63,
647.000000,104.000000,0.134475,1130380928.000000,0.968631,0,1
69,53,86,39,48,57,36,36,
616.000000,108.000000,0.127600,522263264.000000,0.796011,0,1
53,106,126,224,199,165,208,156,
626.000000,108.000000,0.130481,198533664.000000,0.847925,0,1
75,74,71,71,64,50,47,40,
403.000000,111.000000,0.102576,1797975.250000,0.154747,0,1
22,14,26,13,21,23,14,16,
609.000000,112.000000,0.123505,90772488.000000,0.752738,0,1
255,255,247,207,143,70,45,36,
616.000000,112.000000,0.128366,142768448.000000,0.782002,0,1
156,101,55,32,32,32,26,27,
587.000000,113.000000,0.107598,1353149824.000000,0.610473,0,1
53,54,87,51,95,176,81,96,
598.000000,114.000000,0.113420,918470144.000000,0.670669,0,1
255,253,249,224,154,108,122,86,
671.000000,115.000000,0.116084,5824492032.000000,0.956099,0,1
11,10,74,8,16,214,11,16,
676.000000,116.000000,0.118283,4608716288.000000,0.983345,0,1
232,255,133,232,193,34,99,12,
585.000000,120.000000,0.106609,194775040.000000,0.596642,0,1
68,61,36,56,40,28,41,26,
399.000000,121.000000,0.082408,843938.000000,0.124189,0,1
23,26,23,28,30,27,32,30,
583.000000,122.000000,0.105654,139228768.000000,0.584716,0,1
56,50,41,45,41,26,40,25,
694.000000,122.000000,0.127535,23185722.000000,1.104909,0,1
7,7,11,6,10,15,7,14,
232.000000,126.000000,0.102268,18002196.000000,0.684457,0,1
24,25,24,24,21,25,19,15,
286.000000,126.000000,0.100032,7141871.500000,0.491033,0,1
30,29,28,25,23,21,20,18,
337.000000,126.000000,0.101743,14072544.000000,0.325618,0,1
32,31,28,27,23,20,20,23,
359.000000,126.000000,0.165369,305912.281250,0.311067,0,1
33,34,35,29,30,30,24,36,
361.000000,126.000000,0.108613,801598.312500,0.265729,0,1
36,35,34,30,30,30,24,37,
420.000000,126.000000,0.170478,885838.812500,0.261378,0,1
37,36,35,30,30,30,33,31,
592.000000,126.000000,0.103157,90481192.000000,0.609904,0,1
24,25,37,21,38,40,21,13,
371.000000,127.000000,0.158610,800015.937500,0.263144,0,1
34,29,29,26,27,27,42,17,
388.000000,127.000000,0.103327,2835097.500000,0.160554,0,1
30,25,22,28,27,20,39,18,
442.000000,127.000000,0.098873,5911348.500000,0.149408,0,1
33,28,32,35,36,47,32,36,
493.000000,127.000000,0.099952,32214006.000000,0.253169,0,1
46,36,50,34,50,59,34,28,
613.000000,127.000000,0.099483,51543008.000000,0.665844,0,1
30,31,31,15,24,32,19,32,
620.000000,127.000000,0.098409,28869116.000000,0.681941,0,1
23,30,23,29,26,21,19,19,
625.000000,127.000000,0.098717,102360488.000000,0.700429,0,1
18,27,18,24,21,18,30,20,
407.000000,128.000000,0.103336,1916395.250000,0.157189,0,1
28,25,29,25,25,32,16,15,
448.000000,128.000000,0.096940,1694077.375000,0.146090,0,1
32,49,47,36,32,30,29,30,
483.000000,128.000000,0.101093,10429998.000000,0.224436,0,1
39,54,59,26,29,32,20,22,
230.000000,129.000000,0.103893,27593178.000000,0.701322,0,1
23,22,18,28,23,15,15,14,
383.000000,129.000000,0.104887,3019185.500000,0.170612,0,1
31,42,42,17,18,17,15,15,
612.000000,129.000000,0.098205,169381472.000000,0.656634,0,1
18,16,21,17,27,32,22,28,
335.000000,130.000000,0.105153,2661121.250000,0.326449,0,1
34,23,23,13,13,15,13,13,
702.000000,131.000000,0.129877,26979014.000000,1.143789,0,1
19,20,21,21,27,26,27,33,
562.000000,132.000000,0.089502,38328256.000000,0.452829,0,1
16,15,20,13,23,34,14,13,
616.000000,135.000000,0.098194,285605824.000000,0.666922,0,1
42,30,42,14,30,41,11,11,
671.000000,135.000000,0.109468,371917568.000000,0.917564,0,1
16,13,24,12,19,41,13,20,
672.000000,135.000000,0.109354,557959616.000000,0.920295,0,1
21,17,26,13,30,44,20,33,
686.000000,135.000000,0.111669,157376464.000000,0.982733,0,1
27,42,25,56,38,20,56,45,
688.000000,135.000000,0.110054,145539776.000000,0.980989,0,1
17,25,17,38,20,15,29,22,
549.000000,136.000000,0.071387,202454784.000000,0.350131,0,1
60,32,44,16,40,20,17,13,
683.000000,136.000000,0.111732,126266176.000000,0.971474,0,1
43,38,56,32,56,56,44,61,
703.000000,137.000000,0.129503,37041944.000000,1.144347,0,1
38,34,36,24,31,32,21,20,
434.000000,138.000000,0.081757,24400828.000000,0.039024,0,1
255,77,255,40,180,244,52,40,
654.000000,138.000000,0.110995,7998765.500000,0.867396,0,1
19,19,20,18,20,20,15,10,
366.000000,139.000000,0.053640,2676513.000000,0.096827,0,1
15,20,20,44,45,36,40,19,
410.000000,139.000000,0.054825,8184725.000000,0.083706,0,1
23,39,25,67,33,24,25,16,
656.000000,139.000000,0.107420,5482281.500000,0.849575,0,1
20,20,17,16,15,14,10,9,
423.000000,140.000000,0.069941,206571.531250,0.152991,0,1
28,29,30,20,22,23,18,17,
431.000000,140.000000,0.074081,2143034.000000,0.118456,0,1
36,40,48,28,30,36,22,20,
449.000000,140.000000,0.057432,206238.781250,0.086550,0,1
35,42,44,31,32,30,19,19,
576.000000,140.000000,0.076629,76727920.000000,0.446084,0,1
24,31,17,27,24,13,30,22,
671.000000,141.000000,0.109330,1020094464.000000,0.914986,0,1
21,14,37,13,22,58,14,21,
674.000000,143.000000,0.109546,348518400.000000,0.926799,0,1
61,57,54,32,40,40,22,15,
533.000000,144.000000,0.030712,293229760.000000,0.082500,0,1
248,222,254,67,175,255,46,37,
671.000000,144.000000,0.109415,448396800.000000,0.917063,0,1
22,14,32,12,20,22,13,17,
464.000000,146.000000,0.026520,26867756.000000,0.051776,0,1
20,19,14,63,58,16,88,29,
544.000000,146.000000,0.066722,220760160.000000,0.246181,0,1
13,16,13,35,13,13,17,13,
367.000000,147.000000,0.014717,62996280.000000,0.041108,0,1
19,21,26,51,73,101,33,37,
432.000000,147.000000,0.019086,1398905.750000,0.009681,0,1
19,48,32,79,45,74,68,40,
702.000000,147.000000,0.129328,187168976.000000,1.139516,0,1
24,17,31,10,23,30,15,21,
75.000000,148.000000,0.025923,2086982912.000000,0.202001,0,1
29,46,50,61,125,146,101,104,
319.000000,148.000000,0.016400,171616320.000000,0.085289,0,1
9,11,13,10,32,53,16,30,
344.000000,148.000000,0.016529,151106000.000000,0.064679,0,1
8,8,13,10,21,68,11,20,
399.000000,149.000000,0.017026,6638755.500000,0.015776,0,1
94,69,28,36,29,14,64,18,
682.000000,149.000000,0.112744,26775368.000000,0.373240,0,1
44,35,52,33,39,51,31,35,
233.000000,150.000000,0.017988,2498224384.000000,0.168945,0,1
22,27,135,14,103,36,14,12,
248.000000,150.000000,0.025045,113282416.000000,0.209945,0,1
13,16,11,21,16,12,24,21,
263.000000,150.000000,0.014449,59030704.000000,0.116175,0,1
19,15,21,14,23,34,17,27,
267.000000,150.000000,0.016796,60534044.000000,0.131023,0,1
19,20,15,34,22,24,38,39,
275.000000,150.000000,0.016495,123484944.000000,0.121377,0,1
20,22,15,40,22,22,44,51,
47.000000,151.000000,0.034337,201490032.000000,0.601586,0,1
24,24,26,25,28,30,32,62,
204.000000,151.000000,0.016451,697758976.000000,0.179690,0,1
15,21,19,43,60,48,48,54,
119.000000,152.000000,0.023239,1735159424.000000,0.157097,0,1
36,62,63,102,169,126,167,110,
157.000000,152.000000,0.020454,3000971520.000000,0.266572,0,1
24,109,36,149,117,40,122,42,
242.000000,152.000000,0.015865,626338688.000000,0.143598,0,1
166,42,44,17,27,25,24,26,
357.000000,152.000000,0.016641,26441214.000000,0.057765,0,1
47,56,35,42,34,20,37,24,
676.000000,152.000000,0.112076,348933632.000000,0.951182,0,1
23,13,30,9,20,32,12,20,
686.000000,152.000000,0.109251,133067672.000000,0.968625,0,1
31,38,21,42,27,15,34,24,
701.000000,152.000000,0.129343,134769536.000000,1.134575,0,1
14,9,19,7,13,23,9,12,
69.000000,153.000000,0.027051,2947687680.000000,0.459003,0,1
73,162,88,226,177,100,136,52,
136.000000,154.000000,0.021654,2849727744.000000,0.303029,0,1
242,204,157,81,116,71,45,45,
366.000000,154.000000,0.014293,17796328.000000,0.041390,0,1
27,20,33,17,24,37,13,12,
451.000000,154.000000,0.017152,4563133.000000,0.025848,0,1
19,18,17,23,44,16,36,36,
249.000000,156.000000,0.040090,43988808.000000,0.311518,0,1
15,24,10,25,15,11,23,11,
346.000000,156.000000,0.016624,27102424.000000,0.065069,0,1
28,34,16,12,16,9,9,8,
464.000000,156.000000,0.024592,19399568.000000,0.050693,0,1
23,32,17,41,36,15,62,41,
271.000000,157.000000,0.020475,83392488.000000,0.152242,0,1
24,23,23,13,26,35,6,5,
323.000000,157.000000,0.012773,166897888.000000,0.065095,0,1
10,11,15,17,26,22,47,70,
370.000000,157.000000,0.019258,34315184.000000,0.052539,0,1
34,39,24,11,34,19,14,12,
263.000000,158.000000,0.015355,16102243.000000,0.126739,0,1
23,19,24,12,16,11,8,7,
328.000000,158.000000,0.020060,77542864.000000,0.094651,0,1
9,15,9,41,11,9,16,9,
381.000000,158.000000,0.015336,36764916.000000,0.034149,0,1
44,77,47,61,60,55,34,21,
384.000000,158.000000,0.015267,36424448.000000,0.031607,0,1
52,63,83,43,75,62,28,23,
408.000000,158.000000,0.016617,8936211.000000,0.012459,0,1
30,84,34,69,63,19,41,17,
317.000000,159.000000,0.020002,215176592.000000,0.106502,0,1
13,12,35,6,25,41,8,12,
536.000000,159.000000,0.033029,341054240.000000,0.092072,0,1
20,61,22,159,74,25,163,169,
86.000000,160.000000,0.025505,2538480640.000000,0.192332,0,1
98,129,55,118,75,38,97,71,
224.000000,160.000000,0.032331,5936426.000000,0.298039,0,1
14,15,14,15,11,9,8,6,
317.000000,160.000000,0.020050,182948208.000000,0.105851,0,1
25,12,37,6,13,18,8,10,
332.000000,160.000000,0.018842,16617178.000000,0.085553,0,1
20,11,24,8,20,18,8,7,
384.000000,160.000000,0.012465,26590420.000000,0.026656,0,1
75,28,42,18,23,27,18,22,
446.000000,160.000000,0.008796,2168468.000000,0.013256,0,1
43,30,34,21,28,33,23,22,
450.000000,160.000000,0.012286,7713220.000000,0.020019,0,1
46,41,32,33,31,22,23,21,
609.000000,160.000000,0.087010,16405828.000000,0.593921,0,1
18,21,21,20,17,18,11,11,
96.000000,161.000000,0.025095,147489696.000000,0.145603,0,1
81,91,66,107,97,53,82,30,
145.000000,161.000000,0.021886,62886080.000000,0.102086,0,1
82,42,45,31,33,44,21,15,
607.000000,161.000000,0.084149,11795723.000000,0.574967,0,1
19,20,19,19,15,11,16,12,
62.000000,162.000000,0.027812,1190082176.000000,0.225925,0,1
136,125,94,71,84,60,35,20,
95.000000,162.000000,0.025305,198806048.000000,0.146723,0,1
91,107,97,73,82,48,31,30,
219.000000,162.000000,0.032304,18914986.000000,0.312769,0,1
18,18,17,18,14,8,11,8,
327.000000,162.000000,0.020258,47465276.000000,0.098888,0,1
15,26,10,28,21,8,19,15,
469.000000,163.000000,0.033017,2507833.500000,0.096141,0,1
12,17,17,24,26,17,32,36,
47.000000,165.000000,0.029280,457289536.000000,0.549304,0,1
99,57,93,29,39,39,21,19,
377.000000,165.000000,0.005629,2257851.000000,0.014965,0,1
24,20,23,18,23,21,15,11,
392.000000,165.000000,0.012823,1262905.125000,0.024465,0,1
23,21,19,19,18,14,13,12,
479.000000,165.000000,0.026970,17175840.000000,0.093362,0,1
14,47,14,30,48,14,25,21,
526.000000,166.000000,0.035007,189083952.000000,0.123998,0,1
255,215,255,134,198,255,127,119,
364.000000,167.000000,0.021733,1816945.500000,0.072417,0,1
6,7,8,9,11,14,7,8,
528.000000,167.000000,0.035732,96549184.000000,0.131336,0,1
255,236,255,140,225,255,129,115,
95.000000,169.000000,0.030453,168139728.000000,0.226319,0,1
20,19,21,17,27,35,21,27,
132.000000,169.000000,0.047158,10377792.000000,0.621530,0,1
20,20,20,22,17,12,14,11,
96.000000,172.000000,0.030394,133097160.000000,0.485913,0,1
40,27,42,19,33,40,21,22,
312.000000,172.000000,0.053059,5126021.500000,0.255425,0,1
4,6,4,8,7,5,13,16,
107.000000,173.000000,0.041152,30116986.000000,0.582096,0,1
22,28,17,31,22,13,22,13,
535.000000,173.000000,0.037407,173217008.000000,0.106549,0,1
255,192,255,91,176,255,83,81,
453.000000,174.000000,0.026556,2614971.500000,0.054373,0,1
28,26,26,17,20,20,15,14,
544.000000,174.000000,0.065482,249643424.000000,0.330873,0,1
16,23,15,63,17,15,25,17,
104.000000,176.000000,0.056334,31415290.000000,0.729215,0,1
30,27,19,19,14,12,12,12,
654.000000,176.000000,0.113590,8441004.000000,0.889411,0,1
8,11,11,14,15,14,16,19,
378.000000,177.000000,0.023272,5725647.000000,0.062732,0,1
18,19,23,21,26,29,23,25,
456.000000,178.000000,0.033770,5750581.500000,0.078035,0,1
13,14,13,19,18,19,27,29,
508.000000,178.000000,0.039794,304812864.000000,0.162519,0,1
184,84,203,59,136,236,67,109,
576.000000,178.000000,0.077380,75913496.000000,0.460716,0,1
20,27,18,32,19,15,23,18,
414.000000,180.000000,0.030624,7697899.000000,0.046596,0,1
13,17,14,30,24,13,23,16,
432.000000,180.000000,0.027581,13827211.000000,0.049527,0,1
13,26,13,46,24,17,28,17,
362.000000,181.000000,0.035628,3542504.000000,0.115644,0,1
14,19,19,18,17,9,12,10,
384.000000,181.000000,0.031066,31166460.000000,0.077963,0,1
35,50,42,24,37,29,18,18,
440.000000,181.000000,0.025342,4809424.500000,0.050420,0,1
12,19,11,26,15,11,16,12,
78.000000,182.000000,0.043940,44556884.000000,0.672254,0,1
13,12,13,12,13,17,14,16,
419.000000,182.000000,0.031016,13502527.000000,0.056282,0,1
34,96,13,30,43,11,23,14,
453.000000,182.000000,0.032692,5514576.000000,0.074101,0,1
30,26,29,20,22,22,16,13,
527.000000,182.000000,0.042069,223016288.000000,0.153157,0,1
255,248,255,179,246,255,249,255,
710.000000,182.000000,0.129715,33125340.000000,1.183664,0,1
18,21,15,23,21,15,23,23,
484.000000,183.000000,0.038174,13189343.000000,0.124828,0,1
40,39,39,18,30,26,19,16,
587.000000,183.000000,0.078218,57288476.000000,0.506485,0,1
9,8,17,10,10,17,9,10,
483.000000,184.000000,0.037347,10882288.000000,0.122119,0,1
39,18,30,13,19,20,13,15,
676.000000,184.000000,0.111721,317186272.000000,0.961671,0,1
17,12,29,9,19,33,12,18,
694.000000,186.000000,0.122732,62108576.000000,1.084816,0,1
18,12,20,9,17,20,11,16,
551.000000,188.000000,0.069426,167310672.000000,0.369251,0,1
39,22,47,21,39,37,24,41,
596.000000,190.000000,0.084953,3043444.750000,0.570704,0,1
21,21,22,21,24,24,25,28,
518.000000,191.000000,0.044606,63303276.000000,0.118034,0,1
141,119,123,185,170,162,233,250,
587.000000,191.000000,0.078140,88352208.000000,0.506758,0,1
13,11,25,14,13,26,11,14,
671.000000,191.000000,0.109300,140634896.000000,0.937919,0,1
16,13,22,12,18,18,14,19,
488.000000,192.000000,0.037186,5772062.000000,0.136193,0,1
29,30,24,29,29,17,28,23,
578.000000,192.000000,0.077516,30576462.000000,0.479998,0,1
23,28,18,26,23,16,25,21,
606.000000,192.000000,0.093296,3256476.000000,0.631420,0,1
20,21,25,23,24,28,24,28,
694.000000,192.000000,0.122874,45708772.000000,1.090306,0,1
16,12,18,9,16,19,13,17,
588.000000,194.000000,0.077629,124990720.000000,0.508492,0,1
26,14,27,11,27,27,15,27,
523.000000,195.000000,0.048735,112124904.000000,0.096634,0,1
255,250,236,195,165,133,72,47,
444.000000,196.000000,0.048302,421682.593750,0.088214,0,1
15,13,14,13,13,14,12,11,
553.000000,197.000000,0.069175,147136176.000000,0.381670,0,1
36,48,27,34,35,20,47,34,
615.000000,198.000000,0.093985,254996992.000000,0.668671,0,1
20,29,15,34,21,14,30,22,
587.000000,203.000000,0.077405,167300992.000000,0.513641,0,1
18,11,28,14,19,29,11,19,
685.000000,203.000000,0.110965,118083440.000000,0.999068,0,1
34,41,25,43,35,20,42,35,
676.000000,204.000000,0.111471,230986752.000000,0.970733,0,1
25,13,34,13,26,39,13,26,
528.000000,207.000000,0.070195,19630476.000000,0.338739,0,1
26,23,22,24,22,22,47,63,
610.000000,207.000000,0.090300,8098621.000000,0.644370,0,1
29,32,28,34,28,31,35,33,
685.000000,210.000000,0.108851,52749068.000000,0.993090,0,1
34,43,25,43,33,19,42,32,
267.000000,211.000000,0.086664,53510552.000000,0.545861,0,1
12,19,8,20,15,7,13,10,
615.000000,214.000000,0.094073,181247344.000000,0.685747,0,1
19,29,14,33,20,13,30,19,
667.000000,214.000000,0.110127,995953152.000000,0.940681,0,1
36,21,50,17,36,51,21,37,
215.000000,215.000000,0.097305,28420444.000000,0.766520,0,1
6,6,6,7,8,7,14,22,
216.000000,215.000000,0.097218,24066132.000000,0.758702,0,1
6,6,6,7,8,6,17,17,
495.000000,215.000000,0.067490,57488628.000000,0.272757,0,1
27,36,36,48,46,43,62,60,
499.000000,215.000000,0.069794,69148760.000000,0.286632,0,1
28,35,35,43,51,50,57,57,
504.000000,215.000000,0.071544,44160548.000000,0.302317,0,1
25,32,29,44,40,41,62,55,
515.000000,215.000000,0.072810,53572616.000000,0.329691,0,1
26,33,35,42,42,39,56,60,
672.000000,215.000000,0.109086,630309760.000000,0.956626,0,1
33,39,21,46,33,13,39,31,
453.000000,216.000000,0.057672,3199520.500000,0.187545,0,1
10,11,12,7,11,15,6,7,
575.000000,216.000000,0.076236,123589016.000000,0.493094,0,1
15,15,16,24,27,28,48,55,
576.000000,216.000000,0.076381,117230992.000000,0.495495,0,1
15,15,16,26,27,27,51,55,
585.000000,216.000000,0.077114,70059336.000000,0.520236,0,1
15,17,13,28,27,14,43,35,
685.000000,216.000000,0.110317,134711952.000000,1.007212,0,1
31,39,23,41,30,18,38,29,
561.000000,217.000000,0.076003,349069120.000000,0.456788,0,1
14,14,19,18,47,50,36,52,
613.000000,218.000000,0.094925,73612016.000000,0.690210,0,1
25,25,29,14,23,18,10,9,
368.000000,222.000000,0.031470,170966896.000000,0.140564,0,1
28,108,13,223,24,10,88,22,
498.000000,222.000000,0.068954,30400322.000000,0.298198,0,1
59,55,64,45,59,67,50,51,
368.000000,224.000000,0.026548,45166936.000000,0.043221,0,1
24,88,13,177,22,11,45,22,
521.000000,224.000000,0.044262,22598310.000000,0.268209,0,1
51,57,44,65,50,42,50,46,
563.000000,224.000000,0.077076,28051810.000000,0.473605,0,1
27,23,22,13,13,14,12,11,
575.000000,224.000000,0.075868,29652296.000000,0.498450,0,1
27,24,24,13,14,15,10,10,
576.000000,224.000000,0.075861,32998230.000000,0.501131,0,1
28,24,22,14,15,14,10,9,
667.000000,224.000000,0.110125,871280832.000000,0.951654,0,1
35,20,46,15,34,47,20,34,
672.000000,225.000000,0.109108,584152192.000000,0.964549,0,1
30,36,19,41,28,12,34,26,
682.000000,226.000000,0.107948,37092908.000000,0.996268,0,1
30,22,33,23,28,31,19,27,
615.000000,228.000000,0.093993,60967584.000000,0.702941,0,1
11,21,12,24,17,12,19,16,
488.000000,230.000000,0.050108,6011720.000000,0.231067,0,1
42,30,44,16,29,37,16,16,
616.000000,231.000000,0.093624,70101184.000000,0.708220,0,1
12,16,12,20,15,12,24,33,
673.000000,233.000000,0.109008,487700192.000000,0.976991,0,1
18,27,11,33,18,11,27,18,
497.000000,234.000000,0.087630,11310324.000000,0.383134,0,1
54,55,50,48,49,49,44,37,
615.000000,236.000000,0.093093,28585914.000000,0.710100,0,1
33,28,31,15,24,30,15,14,
682.000000,236.000000,0.109327,74629880.000000,1.013391,0,1
23,18,27,17,22,27,17,20,
483.000000,237.000000,0.081056,1415493.375000,0.354991,0,1
21,13,22,11,16,24,11,13,
631.000000,237.000000,0.100949,696922112.000000,0.803278,0,1
17,20,22,35,44,46,64,70,
632.000000,237.000000,0.100971,591608064.000000,0.807423,0,1
18,21,24,41,45,47,69,71,
640.000000,237.000000,0.100258,157529056.000000,0.825161,0,1
15,24,16,54,38,20,61,48,
673.000000,240.000000,0.109130,456030496.000000,0.986682,0,1
16,24,11,30,16,11,23,15,
509.000000,241.000000,0.052416,17356230.000000,0.288899,0,1
44,45,47,37,39,41,33,34,
520.000000,241.000000,0.074253,1326698.125000,0.126889,0,1
46,43,41,35,36,33,32,33,
667.000000,241.000000,0.109884,664257792.000000,0.974490,0,1
29,16,36,12,29,37,15,27,
628.000000,242.000000,0.100942,343233952.000000,0.802125,0,1
48,34,64,21,38,57,21,24,
637.000000,242.000000,0.100028,502094336.000000,0.821585,0,1
71,73,71,48,43,38,33,32,
657.000000,248.000000,0.108402,465380992.000000,0.940241,0,1
39,47,25,37,38,20,27,21,
666.000000,248.000000,0.109972,317502944.000000,0.983144,0,1
17,11,26,13,17,31,17,23,
141.000000,249.000000,0.149924,189148336.000000,1.401178,0,1
11,15,8,22,16,7,21,19,
672.000000,250.000000,0.109626,177483136.000000,1.000047,0,1
19,23,14,30,23,20,33,34,
681.000000,250.000000,0.104734,40043120.000000,1.000868,0,1
12,12,14,18,15,15,23,25,
521.000000,251.000000,0.084675,2003408.750000,0.331612,0,1
35,33,34,31,33,31,23,25,
507.000000,252.000000,0.035947,36198080.000000,0.225284,0,1
43,26,34,20,29,34,22,21,
135.000000,256.000000,0.157116,67135544.000000,1.430208,0,1
29,34,24,30,24,23,25,18,
677.000000,256.000000,0.113196,3249348.750000,1.064677,0,1
32,29,30,21,25,28,19,18,
520.000000,263.000000,0.088383,3896832.000000,0.505835,0,1
27,22,27,17,20,26,16,15,
523.000000,265.000000,0.100734,1731140.750000,0.444233,0,1
26,21,24,15,17,22,14,14,
487.000000,270.000000,0.041740,6191333.000000,0.302598,0,1
25,23,29,16,24,28,17,19,
667.000000,286.000000,0.149230,39600652.000000,1.255355,0,1
11,11,12,13,15,15,21,25,
687.000000,286.000000,0.149557,39696204.000000,1.344288,0,1
10,11,11,17,16,15,23,24,
694.000000,286.000000,0.149035,33968436.000000,1.376555,0,1
10,10,9,15,16,16,25,23,
696.000000,286.000000,0.149196,28139722.000000,1.385875,0,1
10,9,10,16,16,14,24,23,
645.000000,287.000000,0.149031,33015444.000000,1.278869,0,1
9,10,10,13,17,17,14,14,
655.000000,287.000000,0.148890,47706948.000000,1.318272,0,1
9,11,11,17,18,17,24,25,
658.000000,287.000000,0.148868,35233356.000000,1.330429,0,1
10,11,11,18,18,18,25,22,
675.000000,287.000000,0.149366,40642676.000000,1.286818,0,1
12,15,15,24,25,25,29,20,
644.000000,288.000000,0.149881,32698588.000000,1.288034,0,1
10,13,17,9,14,22,9,9,
670.000000,289.000000,0.149853,21060686.000000,1.274001,0,1
23,25,26,20,20,20,13,10,
674.000000,289.000000,0.150253,23192844.000000,1.295123,0,1
24,28,29,20,20,20,12,11,
680.000000,289.000000,0.150225,34679908.000000,1.317915,0,1
24,27,26,20,20,19,13,11,
690.000000,289.000000,0.149799,38009984.000000,1.350028,0,1
23,23,23,17,15,15,11,9,
426.000000,154.000000,0.015027,6568699.500000,0.023056,0,1
19,16,16,22,34,24,23,21,
208.000000,151.000000,0.016852,730624768.000000,0.180320,0,1
15,18,16,48,24,19,46,33,
425.000000,150.000000,0.009478,5261113.000000,0.003643,0,1
102,112,76,60,58,27,23,18,
176.000000,150.000000,0.059689,113047232.000000,0.171465,0,1
17,19,13,37,20,14,154,123,
559.000000,219.000000,0.076502,133549192.000000,0.454601,0,1
18,17,36,15,25,52,16,17,
553.000000,208.000000,0.069469,49073972.000000,0.395255,0,1
28,44,22,25,30,17,43,26,
551.000000,208.000000,0.068484,158784256.000000,0.387610,0,1
25,17,44,16,25,30,16,21,
551.000000,207.000000,0.068465,174093664.000000,0.386361,0,1
26,17,43,16,25,29,17,23,
553.000000,202.000000,0.069318,125077200.000000,0.387640,0,1
34,46,25,29,32,19,44,30,
553.000000,191.000000,0.069029,136124352.000000,0.375169,0,1
38,49,28,41,38,21,50,37,
531.000000,156.000000,0.031684,368241600.000000,0.084134,0,1
27,94,29,217,111,37,226,239,
525.000000,152.000000,0.030062,548836800.000000,0.105083,0,1
36,127,45,243,157,56,250,254,
519.000000,148.000000,0.028106,758996608.000000,0.126498,0,1
35,113,43,232,136,53,245,254,
511.000000,144.000000,0.026260,619218624.000000,0.109204,0,1
63,163,87,252,195,113,254,255,
512.000000,143.000000,0.026470,581762112.000000,0.111202,0,1
27,63,31,163,87,39,195,224,
252.000000,98.000000,0.105934,2123121.250000,0.512360,0,1
13,13,13,17,16,16,20,18,
680.000000,77.000000,0.137635,5620131.000000,0.801092,0,1
13,16,18,22,23,24,28,32,
671.000000,79.000000,0.133494,13879940.000000,1.079831,0,1
15,16,19,23,26,30,32,39,
500.000000,185.000000,0.042294,118184968.000000,0.163075,0,1
50,27,77,20,49,77,23,20,
525.000000,173.000000,0.037269,267460608.000000,0.131973,0,1
92,141,94,253,171,95,255,255,
504.000000,168.000000,0.037604,143783616.000000,0.079261,0,1
224,124,240,40,127,244,44,53,
495.000000,160.000000,0.032864,231409536.000000,0.111594,0,1
169,60,191,30,62,181,32,30,
339.000000,160.000000,0.010908,35257436.000000,0.047570,0,1
53,24,19,16,11,6,8,9,
516.000000,159.000000,0.031624,146161984.000000,0.101337,0,1
255,207,255,170,197,255,168,161,
509.000000,157.000000,0.033237,290421440.000000,0.132528,0,1
184,180,181,234,182,171,233,223,
650.000000,88.000000,0.133785,33605876.000000,0.988516,0,1
58,65,65,71,71,71,76,81,
333.000000,126.000000,0.112538,2344529.250000,0.345538,0,1
32,32,32,27,27,27,22,34,
506.000000,127.000000,0.097026,12744499.000000,0.290570,0,1
57,62,67,58,60,63,30,21,
346.000000,127.000000,0.103608,3709562.750000,0.281301,0,1
30,26,26,24,24,24,42,20,
