# timestamp
1608635321042255616

# fx, fy, cx, cy, width, height, npoints
501.495026,501.474915,421.768982,167.671494,800,400,572

# camToWorld: translation vector, rotation quaternion
-0.389094,23.619111,1.010012,0.513729,-0.511291,0.476241,-0.497854

# Exposure time (ms)
0.453322

# GPS Data
# GPSData: Covariance matrix
0.000115,0.000000,0.000000,0.000000,0.000172,0.000000,0.000000,0.000000,0.000779

# GPSData: GPS point
21.359387,1.488046,0.174900

# Point Cloud Data : 
# u,v,idepth_scaled,idepth_hessian,maxRelBaseline,numGoodRes,status 
# color information 
66.000000,70.000000,0.110536,6333989.000000,2.866314,0,1
27,29,28,34,34,32,38,33,
440.000000,297.000000,0.142987,10639761.000000,1.280300,0,1
58,58,55,55,52,46,48,46,
92.000000,17.000000,0.104822,62125336.000000,2.699147,0,1
29,29,28,38,31,29,37,36,
139.000000,18.000000,0.085032,5764937.000000,2.087526,0,1
40,41,42,33,39,42,35,38,
144.000000,21.000000,0.082698,8063212.500000,2.008934,0,1
39,42,40,34,40,45,35,40,
132.000000,23.000000,0.090506,4559517.000000,1.306534,0,1
36,40,35,41,40,34,41,41,
91.000000,42.000000,0.107255,86484424.000000,2.643801,0,1
35,36,33,41,38,33,41,33,
111.000000,42.000000,0.099082,6802092.000000,2.377604,0,1
33,35,30,42,34,30,37,36,
68.000000,47.000000,0.113859,6234280.500000,2.927304,0,1
27,26,27,33,30,28,38,33,
82.000000,49.000000,0.111192,58275528.000000,2.748109,0,1
32,37,34,28,34,39,29,29,
96.000000,50.000000,0.104203,53601124.000000,2.545198,0,1
39,40,41,30,34,42,31,33,
72.000000,79.000000,0.113997,55869616.000000,2.805549,0,1
29,31,27,42,32,25,32,27,
79.000000,141.000000,0.115991,745447296.000000,2.667044,0,1
29,30,34,29,36,54,30,37,
90.000000,141.000000,0.111680,212169984.000000,0.886598,0,1
31,36,30,60,48,33,67,56,
80.000000,142.000000,0.116168,842567296.000000,1.165094,0,1
34,36,54,30,49,71,37,44,
79.000000,144.000000,0.116194,1252800896.000000,2.667631,0,1
38,31,45,29,36,57,33,35,
74.000000,152.000000,0.110427,25398758.000000,2.694433,0,1
39,36,35,38,36,33,28,27,
71.000000,161.000000,0.114827,238665008.000000,1.597504,0,1
29,38,35,52,48,38,52,45,
73.000000,170.000000,0.115737,791715584.000000,2.737533,0,1
38,46,34,48,37,30,41,34,
100.000000,184.000000,0.109359,74439000.000000,2.408346,0,1
35,28,38,28,34,41,29,32,
111.000000,204.000000,0.107150,24258084.000000,2.304352,0,1
45,41,48,41,41,37,38,36,
111.000000,213.000000,0.106176,31951516.000000,2.314242,0,1
42,42,34,37,33,28,31,34,
76.000000,215.000000,0.114518,223554144.000000,2.749145,0,1
45,52,45,49,41,33,38,34,
78.000000,221.000000,0.114385,428174272.000000,2.737498,0,1
33,39,34,46,36,30,37,34,
116.000000,222.000000,0.102010,84727128.000000,2.253789,0,1
30,31,36,32,40,50,49,48,
72.000000,224.000000,0.121788,6386990.000000,0.460117,0,1
57,60,46,44,30,31,32,33,
100.000000,227.000000,0.108451,28648552.000000,2.473907,0,1
30,31,28,32,32,32,41,34,
108.000000,240.000000,0.109203,9799454.000000,0.392252,0,1
41,41,31,42,30,22,30,22,
91.000000,245.000000,0.111722,266019824.000000,2.634912,0,1
34,27,36,24,31,37,25,29,
103.000000,247.000000,0.114195,10846031.000000,0.419835,0,1
33,39,35,41,39,41,51,58,
130.000000,269.000000,0.135047,19622854.000000,0.992826,0,1
62,62,59,60,51,48,35,37,
125.000000,271.000000,0.136841,60636220.000000,2.507957,0,1
61,60,54,60,52,41,57,57,
127.000000,272.000000,0.136324,69427592.000000,1.242222,0,1
50,46,39,51,47,50,56,58,
84.000000,290.000000,0.152773,10148923.000000,3.093271,0,1
62,61,61,57,58,57,56,54,
136.000000,272.000000,0.131007,21348288.000000,1.187859,0,1
36,44,51,56,57,58,59,57,
175.000000,22.000000,0.072539,366949120.000000,1.661686,0,1
45,48,35,51,46,28,51,49,
247.000000,23.000000,0.040999,208503312.000000,0.887111,0,1
42,35,46,32,42,43,34,42,
168.000000,24.000000,0.073741,124631080.000000,1.723150,0,1
41,36,48,37,38,50,35,39,
247.000000,24.000000,0.041036,205355088.000000,0.883926,0,1
42,35,47,32,43,43,34,41,
286.000000,24.000000,0.028910,276872832.000000,0.594037,0,1
28,26,26,33,31,32,40,38,
288.000000,24.000000,0.028981,306793664.000000,0.582644,0,1
36,26,38,31,32,41,42,36,
179.000000,25.000000,0.067795,29062404.000000,0.316958,0,1
18,28,17,43,29,20,44,42,
205.000000,26.000000,0.058437,366478560.000000,1.299486,0,1
42,36,49,34,42,52,36,42,
277.000000,26.000000,0.028547,141379488.000000,0.628598,0,1
34,26,35,27,38,30,28,39,
640.000000,28.000000,0.002929,15329452.000000,0.106179,0,1
161,161,162,163,163,165,165,167,
205.000000,33.000000,0.058388,320018912.000000,1.273555,0,1
42,36,49,33,40,51,34,37,
191.000000,34.000000,0.063586,56458884.000000,1.439646,0,1
31,36,32,43,38,32,41,42,
269.000000,34.000000,0.031185,111079320.000000,0.639121,0,1
34,31,42,30,35,39,32,36,
642.000000,34.000000,0.001925,327132384.000000,0.092089,0,1
168,170,169,174,172,171,175,177,
250.000000,36.000000,0.041822,249037696.000000,0.841606,0,1
37,45,32,45,37,31,44,36,
169.000000,37.000000,0.073638,322489504.000000,1.665836,0,1
43,35,48,34,43,51,36,43,
414.000000,37.000000,0.001649,471911968.000000,0.036536,0,1
189,189,190,192,197,197,205,207,
431.000000,38.000000,0.002770,53614600.000000,0.033569,0,1
197,197,198,200,204,208,209,221,
430.000000,40.000000,0.001480,21327126.000000,0.005302,0,1
203,207,212,211,217,224,217,215,
202.000000,42.000000,0.056649,14715906.000000,0.769618,0,1
32,38,32,45,41,34,44,43,
392.000000,43.000000,0.000672,1110200576.000000,0.013669,0,1
188,192,193,199,200,200,206,208,
150.000000,44.000000,0.081199,6875551.500000,1.119276,0,1
39,41,40,32,37,42,32,36,
142.000000,47.000000,0.085431,7545217.000000,1.173399,0,1
38,41,41,34,40,44,36,39,
211.000000,47.000000,0.056570,97744736.000000,0.419471,0,1
27,39,22,44,32,21,44,44,
216.000000,48.000000,0.048776,55168628.000000,0.347871,0,1
20,16,27,18,20,31,18,24,
231.000000,51.000000,0.048163,223601344.000000,0.951308,0,1
46,38,47,35,45,48,38,45,
323.000000,51.000000,0.003147,8988961.000000,0.012437,0,1
193,195,195,202,203,199,211,211,
346.000000,51.000000,0.002104,587015296.000000,0.039463,0,1
198,199,202,196,202,201,205,209,
286.000000,53.000000,0.029700,42988920.000000,0.511223,0,1
32,47,52,37,39,42,34,32,
757.000000,53.000000,0.044209,97590256.000000,0.219547,0,1
142,134,142,122,131,139,121,123,
170.000000,55.000000,0.073870,298371264.000000,1.602131,0,1
44,36,51,33,44,52,35,43,
177.000000,55.000000,0.071911,601170304.000000,0.922505,0,1
40,45,30,51,41,25,48,41,
170.000000,59.000000,0.073905,263078976.000000,1.592010,0,1
43,36,53,33,43,53,34,39,
550.000000,60.000000,0.010488,27534436.000000,0.305039,0,1
170,169,169,168,166,165,163,162,
194.000000,62.000000,0.064160,22416908.000000,0.790301,0,1
40,35,39,20,30,39,18,17,
492.000000,62.000000,0.000605,51790552.000000,0.006140,0,1
194,202,196,210,206,209,212,207,
497.000000,62.000000,0.000626,1195254528.000000,0.017805,0,1
192,197,195,205,200,203,205,202,
280.000000,63.000000,0.030105,147179760.000000,0.501042,0,1
36,41,28,39,38,27,44,39,
711.000000,63.000000,0.018714,268946656.000000,0.075659,0,1
99,88,64,123,99,87,142,126,
167.000000,64.000000,0.073106,19362874.000000,0.703517,0,1
36,36,30,41,36,33,39,38,
429.000000,64.000000,0.019780,251889776.000000,0.082882,0,1
93,150,145,173,170,172,174,178,
277.000000,67.000000,0.029902,86071912.000000,0.498323,0,1
30,34,34,37,38,38,37,40,
288.000000,67.000000,0.028664,61014520.000000,0.463383,0,1
42,43,38,41,42,44,29,33,
207.000000,68.000000,0.057021,46098340.000000,1.137140,0,1
45,44,44,33,43,43,26,20,
170.000000,69.000000,0.073464,202486768.000000,1.561486,0,1
39,35,46,33,39,49,32,36,
280.000000,69.000000,0.029171,124932456.000000,0.481010,0,1
37,42,30,44,36,28,43,40,
763.000000,70.000000,0.035547,46436196.000000,1.401316,0,1
126,124,117,121,116,112,119,110,
180.000000,71.000000,0.071906,1039103232.000000,0.876654,0,1
19,26,12,33,17,11,29,25,
767.000000,73.000000,0.044081,58244360.000000,0.221135,0,1
105,104,113,104,106,115,102,101,
264.000000,75.000000,0.035513,118118280.000000,0.193824,0,1
19,31,30,48,29,33,39,33,
404.000000,75.000000,0.000374,1603845248.000000,0.005799,0,1
182,178,178,171,170,172,162,158,
416.000000,75.000000,0.000493,88106976.000000,0.003702,0,1
184,183,179,171,173,172,166,164,
493.000000,76.000000,0.004718,5859768.000000,0.007110,0,1
176,170,170,164,164,164,156,149,
700.000000,76.000000,0.001968,704432.312500,0.020712,0,1
123,120,120,116,116,116,112,110,
447.000000,77.000000,0.000123,1339061504.000000,0.002508,0,1
182,176,172,164,164,163,157,150,
452.000000,77.000000,0.000201,1392296576.000000,0.004241,0,1
179,171,171,163,163,164,156,152,
456.000000,77.000000,0.000254,1062562816.000000,0.005482,0,1
174,171,168,164,162,160,156,156,
227.000000,80.000000,0.048084,34993888.000000,0.893479,0,1
44,39,44,21,31,44,19,19,
743.000000,81.000000,0.044481,27970106.000000,0.206345,0,1
106,111,98,116,109,103,119,125,
419.000000,82.000000,0.001044,193776496.000000,0.007458,0,1
153,144,146,138,139,140,131,124,
184.000000,84.000000,0.058122,78840904.000000,0.465891,0,1
16,19,16,19,23,14,25,29,
232.000000,84.000000,0.048144,608312960.000000,0.853967,0,1
40,27,46,22,37,45,29,38,
263.000000,84.000000,0.036136,70648296.000000,0.574809,0,1
42,48,37,48,43,36,49,49,
734.000000,84.000000,0.039169,32398588.000000,0.187127,0,1
106,110,104,121,112,115,122,123,
471.000000,85.000000,0.000311,996541504.000000,0.007150,0,1
137,130,129,122,122,121,115,108,
493.000000,86.000000,0.000072,1400272512.000000,0.001890,0,1
127,117,117,106,106,108,97,93,
171.000000,87.000000,0.073704,255905600.000000,0.657087,0,1
43,35,51,32,38,50,33,37,
240.000000,87.000000,0.039014,96815680.000000,0.713741,0,1
46,36,45,22,32,43,21,21,
271.000000,87.000000,0.031837,95881672.000000,0.491174,0,1
42,38,48,37,42,44,38,41,
280.000000,87.000000,0.029354,118675128.000000,0.430382,0,1
39,43,33,43,40,30,42,40,
458.000000,87.000000,0.000258,564467520.000000,0.005392,0,1
128,123,121,117,116,113,109,100,
185.000000,88.000000,0.055671,115844456.000000,0.440946,0,1
19,28,16,24,22,15,28,23,
271.000000,88.000000,0.029967,70880344.000000,0.497632,0,1
42,37,49,38,41,46,40,44,
465.000000,88.000000,0.000221,640232960.000000,0.004843,0,1
118,111,110,105,104,102,97,90,
231.000000,89.000000,0.048047,435382656.000000,0.848152,0,1
30,27,37,25,30,46,28,31,
451.000000,89.000000,0.000260,745818048.000000,0.005111,0,1
119,112,113,107,106,104,98,91,
456.000000,89.000000,0.000420,647636288.000000,0.008560,0,1
117,111,109,103,101,100,94,89,
590.000000,89.000000,0.056631,593126144.000000,1.170009,0,1
45,46,43,56,57,42,61,55,
318.000000,90.000000,0.013070,45089256.000000,0.164059,0,1
26,35,25,36,32,26,38,37,
444.000000,90.000000,0.000405,760385216.000000,0.007503,0,1
114,106,108,99,99,99,91,86,
628.000000,90.000000,0.002349,82531376.000000,0.155441,0,1
102,106,106,109,110,110,115,116,
593.000000,92.000000,0.056450,372617472.000000,1.179588,0,1
43,42,44,52,53,46,57,70,
274.000000,93.000000,0.031232,313189536.000000,0.459636,0,1
39,47,35,50,40,33,45,38,
281.000000,93.000000,0.029199,148235888.000000,0.411920,0,1
33,41,31,41,34,30,39,32,
748.000000,93.000000,0.046452,101957960.000000,0.217935,0,1
108,113,105,122,113,109,118,109,
330.000000,94.000000,0.006486,3304889344.000000,0.074072,0,1
99,92,92,76,76,75,48,32,
295.000000,95.000000,0.026648,86019272.000000,0.333959,0,1
45,40,54,40,43,41,39,44,
297.000000,95.000000,0.028194,53504148.000000,0.337251,0,1
45,54,41,43,41,40,53,44,
409.000000,95.000000,0.006059,2144719104.000000,0.071473,0,1
86,77,76,49,48,49,38,43,
737.000000,95.000000,0.043810,72739696.000000,0.196978,0,1
123,125,119,123,117,109,109,99,
334.000000,96.000000,0.006313,2441298432.000000,0.067284,0,1
78,49,52,33,33,46,30,31,
338.000000,96.000000,0.007539,19957562.000000,0.024889,0,1
82,55,50,46,37,33,46,43,
352.000000,96.000000,0.006462,1855959168.000000,0.058229,0,1
83,50,50,34,33,34,37,42,
380.000000,96.000000,0.006263,1685275648.000000,0.056406,0,1
79,49,49,36,35,35,36,38,
735.000000,97.000000,0.048380,40890604.000000,0.217723,0,1
123,117,109,116,106,99,112,106,
274.000000,98.000000,0.031234,351775104.000000,0.449700,0,1
38,44,34,48,39,32,46,39,
744.000000,98.000000,0.039339,6007005184.000000,1.583824,0,1
111,97,109,83,95,104,79,83,
363.000000,100.000000,0.006425,57493292.000000,0.051594,0,1
43,45,37,45,36,31,49,39,
652.000000,100.000000,0.005159,3931758080.000000,0.231090,0,1
119,106,114,92,93,99,79,83,
235.000000,101.000000,0.047484,312892608.000000,0.801065,0,1
42,46,32,45,42,30,47,44,
298.000000,102.000000,0.025985,113159880.000000,0.301780,0,1
40,50,39,56,46,41,54,51,
186.000000,103.000000,0.056072,79993872.000000,0.439760,0,1
22,29,18,29,22,16,29,23,
290.000000,103.000000,0.029062,48705840.000000,0.361884,0,1
44,39,53,28,34,42,22,23,
373.000000,103.000000,0.011818,311823072.000000,0.081052,0,1
70,68,61,55,54,48,43,42,
405.000000,103.000000,0.005897,314786112.000000,0.061971,0,1
46,39,56,39,46,47,39,48,
436.000000,103.000000,0.009673,4945831936.000000,0.133497,0,1
97,77,103,72,101,108,77,100,
599.000000,103.000000,0.055451,403692544.000000,1.164840,0,1
75,61,83,69,76,70,51,43,
600.000000,103.000000,0.055461,847872448.000000,1.193802,0,1
80,79,80,63,80,69,56,44,
720.000000,103.000000,0.005691,111319512.000000,0.022311,0,1
102,91,97,74,89,95,66,63,
235.000000,104.000000,0.047347,287165632.000000,0.467696,0,1
42,48,35,43,44,30,49,45,
304.000000,104.000000,0.025650,69651864.000000,0.274339,0,1
43,37,40,36,39,36,27,26,
314.000000,104.000000,0.025175,31455038.000000,0.237223,0,1
43,42,38,37,37,36,28,26,
335.000000,104.000000,0.025581,38387736.000000,0.179117,0,1
41,36,43,33,36,42,27,28,
336.000000,104.000000,0.024842,38971560.000000,0.173250,0,1
44,41,44,33,39,43,29,31,
371.000000,104.000000,0.011904,362048768.000000,0.078952,0,1
67,50,56,36,42,42,39,40,
385.000000,104.000000,0.006871,131093496.000000,0.054906,0,1
44,55,37,48,45,36,56,47,
587.000000,104.000000,0.054915,48703484.000000,0.830070,0,1
63,58,54,49,52,45,37,33,
719.000000,104.000000,0.004286,53715908.000000,0.018857,0,1
91,74,89,51,66,82,43,49,
794.000000,104.000000,0.018521,231625888.000000,0.093912,0,1
104,99,82,89,78,54,63,49,
140.000000,105.000000,0.088540,23853220.000000,1.873981,0,1
44,46,47,38,42,41,39,45,
709.000000,105.000000,0.011189,18266172.000000,0.042441,0,1
104,101,94,95,86,69,73,60,
291.000000,106.000000,0.028308,177835280.000000,0.338992,0,1
35,23,38,23,34,40,26,33,
462.000000,106.000000,0.000219,233168512.000000,0.004407,0,1
125,123,126,118,120,121,110,110,
394.000000,107.000000,0.005555,226000112.000000,0.049077,0,1
46,39,55,36,45,49,37,45,
416.000000,108.000000,0.005647,669704384.000000,0.065043,0,1
48,39,57,38,47,50,39,47,
185.000000,109.000000,0.056416,85018416.000000,0.443615,0,1
33,33,23,23,29,19,26,22,
180.000000,111.000000,0.070640,888772160.000000,0.812298,0,1
34,42,30,51,37,23,45,34,
431.000000,111.000000,0.006030,5332093440.000000,0.080325,0,1
74,51,102,50,73,96,50,66,
630.000000,111.000000,0.004403,680671360.000000,0.064114,0,1
114,107,97,96,91,76,84,75,
640.000000,111.000000,0.005186,52567196.000000,0.013917,0,1
90,97,81,96,87,71,98,89,
338.000000,112.000000,0.022052,27285834.000000,0.134854,0,1
35,26,40,21,30,40,21,26,
397.000000,112.000000,0.006238,120847664.000000,0.051526,0,1
43,52,38,54,41,36,49,39,
615.000000,112.000000,0.007837,238926208.000000,0.102993,0,1
82,62,70,53,55,67,48,45,
278.000000,113.000000,0.030417,90511768.000000,0.399819,0,1
31,28,37,32,32,33,28,31,
280.000000,113.000000,0.030255,155310144.000000,0.389542,0,1
34,37,23,32,33,21,39,34,
352.000000,113.000000,0.005762,68467088.000000,0.037675,0,1
40,48,37,50,33,30,47,33,
360.000000,113.000000,0.006551,44000792.000000,0.036815,0,1
42,37,47,31,33,53,30,32,
405.000000,113.000000,0.005994,403362592.000000,0.056078,0,1
44,38,56,37,42,51,38,43,
543.000000,113.000000,0.003088,15122658.000000,0.004859,0,1
133,113,92,95,85,59,76,62,
734.000000,113.000000,0.004479,175744416.000000,0.018337,0,1
96,84,100,64,77,91,57,58,
236.000000,114.000000,0.047273,333311200.000000,0.773599,0,1
39,46,32,47,39,28,45,41,
746.000000,114.000000,0.039648,44426484.000000,0.180578,0,1
92,103,86,93,84,75,78,71,
252.000000,115.000000,0.040473,545750848.000000,0.613202,0,1
38,47,26,43,39,23,47,40,
493.000000,117.000000,0.005416,11836653.000000,0.008162,0,1
143,128,139,95,105,111,62,44,
496.000000,118.000000,0.003765,3473904896.000000,0.088825,0,1
141,111,125,70,81,97,53,42,
298.000000,119.000000,0.025452,258465648.000000,0.270010,0,1
22,30,16,33,23,16,31,25,
327.000000,119.000000,0.015977,25688154.000000,0.118027,0,1
19,19,19,21,21,22,31,37,
574.000000,119.000000,0.004230,29059356.000000,0.006663,0,1
49,43,53,46,56,63,44,80,
212.000000,120.000000,0.048380,106251816.000000,0.536088,0,1
18,15,21,13,18,22,15,17,
272.000000,120.000000,0.031373,212482672.000000,0.426683,0,1
37,33,47,32,37,42,33,37,
574.000000,120.000000,0.004400,37750472.000000,0.006916,0,1
46,45,61,45,70,71,42,80,
622.000000,120.000000,0.006266,2238139648.000000,0.259243,0,1
54,45,50,37,40,39,35,32,
631.000000,120.000000,0.005189,21041664.000000,0.017473,0,1
91,96,72,75,67,53,51,41,
687.000000,120.000000,0.005870,64274640.000000,0.019947,0,1
102,74,91,53,69,70,49,40,
752.000000,121.000000,0.007903,21181264.000000,0.373732,0,1
38,36,35,41,42,42,50,57,
544.000000,122.000000,0.003268,8424162.000000,0.005721,0,1
61,71,48,57,56,49,46,46,
596.000000,122.000000,0.056001,1017591552.000000,0.858059,0,1
27,21,37,18,30,40,22,33,
173.000000,123.000000,0.073499,386213600.000000,0.852598,0,1
46,40,54,33,47,56,38,45,
281.000000,123.000000,0.029588,89322176.000000,0.367498,0,1
29,34,26,35,28,24,34,28,
372.000000,124.000000,0.012698,34613876.000000,0.048270,0,1
37,35,35,30,27,34,21,22,
416.000000,124.000000,0.005816,998473920.000000,0.059414,0,1
42,34,54,34,40,51,33,40,
639.000000,124.000000,0.006201,19826478.000000,0.011937,0,1
57,49,70,41,67,78,42,33,
664.000000,124.000000,0.002954,131299048.000000,0.008927,0,1
109,119,85,125,101,79,110,84,
236.000000,127.000000,0.047389,315856352.000000,0.321447,0,1
40,48,30,47,43,27,50,44,
512.000000,127.000000,0.003513,5819902.500000,0.002931,0,1
124,108,76,71,79,36,42,31,
281.000000,128.000000,0.029686,81047472.000000,0.364387,0,1
29,34,24,33,29,24,34,29,
512.000000,128.000000,0.003400,114739608.000000,0.024096,0,1
132,78,50,52,37,31,33,25,
538.000000,128.000000,0.000289,103603080.000000,0.004765,0,1
52,42,34,30,34,28,29,24,
657.000000,128.000000,0.006384,80104104.000000,0.018682,0,1
94,68,85,40,59,72,40,36,
173.000000,129.000000,0.073454,330982208.000000,1.434302,0,1
44,37,53,34,43,51,36,42,
272.000000,129.000000,0.031380,132068440.000000,0.418546,0,1
37,33,45,31,36,41,32,34,
727.000000,129.000000,0.025766,1381573120.000000,1.133583,0,1
80,69,74,60,58,59,46,45,
752.000000,129.000000,0.009446,24209048.000000,0.041338,0,1
46,47,40,47,43,35,35,31,
593.000000,130.000000,0.055355,279542688.000000,0.840085,0,1
32,38,27,38,31,24,39,28,
748.000000,130.000000,0.015629,19288896.000000,0.068266,0,1
46,44,47,36,37,36,32,30,
649.000000,131.000000,0.025822,947120832.000000,0.842880,0,1
38,46,37,72,61,40,65,65,
270.000000,132.000000,0.031390,47892236.000000,0.426303,0,1
31,30,32,29,30,36,29,31,
313.000000,132.000000,0.016818,176557632.000000,0.147285,0,1
23,17,31,17,24,36,17,24,
352.000000,132.000000,0.005768,71256888.000000,0.018743,0,1
32,43,22,32,31,18,41,31,
386.000000,133.000000,0.007431,88815480.000000,0.038519,0,1
33,41,32,45,37,29,43,42,
398.000000,134.000000,0.007436,8744066.000000,0.013763,0,1
49,51,47,47,39,44,33,27,
485.000000,134.000000,0.011922,795970.312500,0.017967,0,1
29,36,31,62,54,52,79,79,
622.000000,134.000000,0.024006,1258174848.000000,0.513539,0,1
20,22,30,27,42,58,55,65,
404.000000,135.000000,0.012702,371150368.000000,0.088944,0,1
53,56,36,56,41,24,52,30,
173.000000,136.000000,0.073451,422834144.000000,0.847229,0,1
41,35,51,31,40,53,35,40,
350.000000,136.000000,0.005645,68907032.000000,0.017164,0,1
31,20,41,19,29,31,20,28,
426.000000,136.000000,0.015518,341158176.000000,0.152070,0,1
40,40,40,55,52,40,64,56,
615.000000,137.000000,0.023781,2478432768.000000,0.718494,0,1
26,27,31,31,44,61,57,60,
627.000000,137.000000,0.024646,2380839424.000000,0.535802,0,1
72,77,42,77,46,36,54,50,
632.000000,137.000000,0.025041,1395418496.000000,0.785718,0,1
34,35,44,39,52,63,59,63,
731.000000,138.000000,0.025858,1051525056.000000,1.144753,0,1
70,62,67,65,70,70,74,78,
397.000000,139.000000,0.007804,166562480.000000,0.050247,0,1
33,44,30,39,49,33,52,45,
471.000000,139.000000,0.027193,753420480.000000,0.376334,0,1
56,45,73,39,54,57,43,54,
299.000000,140.000000,0.025404,184569520.000000,0.249935,0,1
21,35,19,36,22,19,35,23,
475.000000,141.000000,0.027251,178801488.000000,0.389347,0,1
66,62,75,56,70,75,55,63,
214.000000,142.000000,0.048383,209286928.000000,0.520994,0,1
24,18,25,14,23,26,17,23,
352.000000,142.000000,0.005801,33173666.000000,0.016513,0,1
34,41,24,27,35,24,34,32,
367.000000,142.000000,0.011525,11971363.000000,0.029305,0,1
33,38,30,42,47,30,49,34,
411.000000,142.000000,0.019241,13587974.000000,0.028997,0,1
34,66,52,68,60,28,64,36,
314.000000,143.000000,0.016789,137048272.000000,0.140135,0,1
30,22,34,19,29,36,21,29,
519.000000,143.000000,0.054715,6726472.000000,0.034130,0,1
35,51,33,71,66,16,54,40,
520.000000,143.000000,0.053980,10183632.000000,0.061505,0,1
27,50,16,70,40,12,48,27,
599.000000,143.000000,0.068303,219982368.000000,0.626629,0,1
48,63,45,66,62,32,68,63,
416.000000,144.000000,0.019210,248840192.000000,0.150904,0,1
42,34,46,31,45,55,36,44,
491.000000,144.000000,0.028340,108170584.000000,0.266992,0,1
64,56,70,61,67,66,88,85,
599.000000,144.000000,0.068351,259505264.000000,0.627611,0,1
58,68,47,68,63,34,68,64,
299.000000,145.000000,0.025361,167111408.000000,0.248968,0,1
24,36,20,35,25,20,36,26,
461.000000,145.000000,0.050737,400264.531250,0.031481,0,1
28,22,41,21,27,43,18,25,
478.000000,145.000000,0.027566,11250332.000000,0.121806,0,1
52,58,51,74,72,68,81,78,
502.000000,145.000000,0.017149,6747242.500000,0.026846,0,1
31,41,33,78,62,43,88,75,
237.000000,146.000000,0.047029,411141568.000000,0.426893,0,1
39,47,31,49,39,29,49,40,
381.000000,147.000000,0.005037,54190048.000000,0.026793,0,1
44,38,58,41,51,56,34,32,
720.000000,147.000000,0.027788,38072132.000000,0.112545,0,1
68,54,62,58,63,77,78,82,
415.000000,148.000000,0.019530,204372416.000000,0.150507,0,1
35,32,43,33,34,45,29,33,
390.000000,149.000000,0.011983,79081128.000000,0.055782,0,1
53,41,48,55,55,56,54,62,
529.000000,149.000000,0.057719,349681632.000000,0.596961,0,1
16,11,34,10,18,39,11,20,
643.000000,149.000000,0.026900,86949408.000000,0.075753,0,1
52,72,43,65,50,40,74,53,
259.000000,150.000000,0.031120,32056356.000000,0.166022,0,1
19,16,27,18,18,27,16,18,
275.000000,150.000000,0.030681,177447952.000000,0.399406,0,1
37,45,33,40,38,32,46,38,
319.000000,150.000000,0.013935,39943312.000000,0.109653,0,1
42,44,44,35,36,28,28,25,
320.000000,150.000000,0.013853,29042424.000000,0.106433,0,1
42,47,34,35,32,31,27,25,
471.000000,150.000000,0.026716,11652343.000000,0.041884,0,1
52,40,67,31,52,50,40,51,
651.000000,150.000000,0.069256,1024312192.000000,0.810918,0,1
50,38,65,41,51,76,39,51,
347.000000,151.000000,0.019840,32366030.000000,0.060628,0,1
26,43,21,41,28,25,28,29,
393.000000,151.000000,0.010990,732713792.000000,0.063200,0,1
36,66,28,74,47,25,64,36,
563.000000,151.000000,0.061008,295535936.000000,0.469050,0,1
56,71,49,74,60,49,76,63,
761.000000,151.000000,0.024525,84053320.000000,0.113774,0,1
23,26,21,35,27,20,40,30,
327.000000,152.000000,0.014970,28093920.000000,0.095232,0,1
31,33,28,22,21,27,17,17,
334.000000,152.000000,0.011161,46235552.000000,0.062365,0,1
37,48,40,39,30,34,28,19,
393.000000,152.000000,0.010660,770233792.000000,0.061890,0,1
39,75,26,62,42,26,39,38,
120.000000,153.000000,0.096346,45991292.000000,2.093516,0,1
40,32,37,30,36,38,42,40,
292.000000,153.000000,0.027919,87266320.000000,0.296002,0,1
29,25,35,25,29,37,25,27,
374.000000,153.000000,0.011258,58653420.000000,0.040104,0,1
31,22,34,22,35,41,24,36,
380.000000,153.000000,0.013218,7186096.500000,0.053858,0,1
24,25,26,33,31,30,39,35,
563.000000,153.000000,0.061353,718488128.000000,0.763769,0,1
60,76,49,79,63,48,78,64,
599.000000,153.000000,0.068433,294527424.000000,0.628435,0,1
64,67,54,67,64,42,66,62,
520.000000,155.000000,0.051183,149427088.000000,0.305814,0,1
17,29,14,27,19,13,29,17,
651.000000,155.000000,0.069255,1441791488.000000,0.811300,0,1
52,38,71,34,52,88,35,52,
478.000000,156.000000,0.030150,604298048.000000,0.428972,0,1
65,65,65,51,51,50,41,43,
175.000000,158.000000,0.073403,428694624.000000,0.623886,0,1
50,41,57,36,49,55,40,48,
214.000000,158.000000,0.048346,327020352.000000,0.524153,0,1
22,16,25,14,23,29,16,21,
254.000000,159.000000,0.039432,384137856.000000,0.220187,0,1
27,43,18,49,28,17,44,29,
260.000000,159.000000,0.031897,85932536.000000,0.170070,0,1
22,16,28,16,22,29,16,21,
327.000000,160.000000,0.018016,36290092.000000,0.115941,0,1
27,28,34,29,29,40,24,32,
383.000000,160.000000,0.015700,48636392.000000,0.071880,0,1
29,29,27,36,37,38,49,48,
390.000000,160.000000,0.014738,49294408.000000,0.079619,0,1
27,28,29,39,40,39,49,44,
397.000000,160.000000,0.015070,23359700.000000,0.092981,0,1
28,28,29,38,36,34,47,42,
459.000000,160.000000,0.033461,5412881.000000,0.050428,0,1
36,28,45,30,35,53,26,32,
214.000000,161.000000,0.048347,406838496.000000,0.525636,0,1
23,15,26,13,20,29,14,20,
437.000000,161.000000,0.017936,1633175.250000,0.252664,0,1
45,41,48,37,43,45,35,37,
446.000000,161.000000,0.020916,2445440.500000,0.036241,0,1
40,46,46,43,40,36,31,35,
448.000000,161.000000,0.023040,3769851.000000,0.036266,0,1
33,46,31,40,36,29,29,33,
490.000000,162.000000,0.031065,3880303.000000,0.046818,0,1
47,36,52,28,39,51,22,26,
407.000000,163.000000,0.018483,42478500.000000,0.132278,0,1
33,33,32,32,34,33,43,40,
419.000000,163.000000,0.019053,38000824.000000,0.166465,0,1
40,31,31,33,34,34,44,45,
428.000000,163.000000,0.019265,29249032.000000,0.190697,0,1
38,31,30,34,34,34,44,46,
527.000000,164.000000,0.057568,103164312.000000,0.595259,0,1
12,12,15,20,18,32,25,23,
587.000000,164.000000,0.068134,36832792.000000,0.588028,0,1
71,72,70,62,61,63,41,33,
175.000000,167.000000,0.073059,395022560.000000,1.413929,0,1
47,39,55,36,46,56,38,45,
235.000000,167.000000,0.047641,248641056.000000,0.330039,0,1
46,38,51,34,47,49,46,55,
280.000000,167.000000,0.029665,172155216.000000,0.371688,0,1
27,28,23,29,28,23,36,38,
372.000000,167.000000,0.024278,13885999.000000,0.088215,0,1
46,47,47,53,51,50,58,56,
260.000000,168.000000,0.031196,41707660.000000,0.166779,0,1
20,15,26,16,19,28,15,18,
292.000000,168.000000,0.028035,99395568.000000,0.308269,0,1
24,26,38,29,32,45,29,30,
300.000000,168.000000,0.025909,210760656.000000,0.262110,0,1
25,36,20,40,30,23,36,39,
335.000000,168.000000,0.022652,26579686.000000,0.125874,0,1
47,48,48,39,43,48,35,35,
631.000000,168.000000,0.056998,496115424.000000,0.644463,0,1
36,57,31,59,53,28,59,60,
341.000000,169.000000,0.026021,20070032.000000,0.122199,0,1
51,53,55,41,44,48,36,36,
424.000000,169.000000,0.026323,37254796.000000,0.231393,0,1
46,46,47,54,53,53,60,58,
493.000000,169.000000,0.039321,1744174.000000,0.060404,0,1
23,17,17,33,29,30,37,29,
238.000000,170.000000,0.046920,547415872.000000,0.435005,0,1
41,49,30,54,41,29,51,43,
281.000000,170.000000,0.029218,195026144.000000,0.366696,0,1
31,38,27,41,30,25,37,32,
374.000000,170.000000,0.022682,11302792.000000,0.110440,0,1
59,56,60,49,51,53,48,46,
572.000000,170.000000,0.057765,1372770.500000,0.104009,0,1
28,24,33,29,29,40,34,39,
438.000000,171.000000,0.025636,8109870.500000,0.289196,0,1
45,47,46,54,56,46,61,56,
457.000000,171.000000,0.031705,2744607.750000,0.047814,0,1
13,13,25,14,19,36,13,19,
215.000000,173.000000,0.048446,393215456.000000,0.531085,0,1
23,17,28,13,23,29,16,23,
615.000000,173.000000,0.074584,97076280.000000,1.129511,0,1
19,21,22,30,31,36,56,52,
616.000000,173.000000,0.074718,102075424.000000,1.135915,0,1
21,21,26,31,32,34,57,48,
639.000000,173.000000,0.071008,246598368.000000,0.787324,0,1
39,42,43,52,58,60,74,79,
466.000000,174.000000,0.031404,22828266.000000,0.249691,0,1
26,17,17,26,25,24,40,47,
443.000000,175.000000,0.031530,22986314.000000,0.334880,0,1
50,54,53,59,59,57,65,59,
235.000000,176.000000,0.047839,350299936.000000,0.775540,0,1
43,37,52,34,47,52,41,51,
598.000000,176.000000,0.074211,438220096.000000,1.365885,0,1
61,49,51,40,60,64,52,37,
616.000000,176.000000,0.073791,62600436.000000,0.730855,0,1
56,52,48,70,52,50,66,47,
462.000000,178.000000,0.022550,87201560.000000,0.321906,0,1
45,42,43,50,48,47,52,57,
600.000000,178.000000,0.073342,40138160.000000,0.178339,0,1
64,86,59,37,40,40,33,33,
215.000000,181.000000,0.048297,398652448.000000,0.538035,0,1
22,15,27,12,20,28,14,19,
272.000000,181.000000,0.039310,47353244.000000,0.501446,0,1
27,28,27,33,32,32,40,43,
566.000000,182.000000,0.064966,11986034.000000,0.119056,0,1
44,29,41,19,25,36,20,28,
240.000000,183.000000,0.046628,244922800.000000,0.742363,0,1
30,41,27,43,32,25,40,38,
258.000000,183.000000,0.041689,23160572.000000,0.597797,0,1
33,28,27,25,34,44,43,47,
452.000000,183.000000,0.041440,88914272.000000,0.443809,0,1
67,64,69,54,61,69,56,67,
253.000000,185.000000,0.042684,25559954.000000,0.638449,0,1
26,27,25,24,31,44,42,48,
568.000000,185.000000,0.065427,115305320.000000,0.833278,0,1
49,40,35,26,33,32,29,32,
455.000000,186.000000,0.043063,32004522.000000,0.471375,0,1
67,66,68,62,62,65,48,55,
458.000000,187.000000,0.049440,4419518.500000,0.075583,0,1
69,65,66,47,53,68,52,69,
488.000000,187.000000,0.046182,9038612.000000,0.228728,0,1
39,34,42,52,45,51,59,46,
527.000000,190.000000,0.057922,262815872.000000,0.888934,0,1
26,12,27,12,22,27,14,25,
239.000000,191.000000,0.047958,40210988.000000,0.772386,0,1
27,23,23,24,30,43,36,39,
210.000000,192.000000,0.052595,28056076.000000,0.598380,0,1
18,19,23,22,28,33,30,32,
488.000000,192.000000,0.055568,32054572.000000,0.700045,0,1
44,53,53,60,59,57,64,65,
511.000000,192.000000,0.053159,50928628.000000,0.782566,0,1
20,25,25,36,33,27,37,35,
207.000000,193.000000,0.053953,53960116.000000,0.619855,0,1
20,20,22,24,27,30,30,32,
445.000000,193.000000,0.050912,8333990.500000,0.488002,0,1
58,56,55,47,49,54,44,43,
529.000000,195.000000,0.056309,426892640.000000,0.888949,0,1
27,33,22,36,24,11,40,43,
559.000000,195.000000,0.054084,7516269.000000,0.101331,0,1
10,16,12,22,22,22,33,32,
560.000000,195.000000,0.054757,8718682.000000,0.108720,0,1
8,13,12,22,22,24,31,31,
639.000000,195.000000,0.074490,94153760.000000,1.267876,0,1
94,89,91,76,78,77,52,49,
462.000000,198.000000,0.056605,27369258.000000,0.602927,0,1
61,56,58,45,49,51,43,42,
618.000000,198.000000,0.074329,65223724.000000,0.216539,0,1
43,64,53,72,68,47,40,33,
185.000000,200.000000,0.070273,819278336.000000,1.353038,0,1
22,29,25,46,30,27,43,36,
218.000000,200.000000,0.060487,8089186.000000,1.027064,0,1
28,25,26,25,30,34,33,34,
334.000000,200.000000,0.056605,6166422.500000,0.386021,0,1
37,41,42,41,41,43,42,47,
336.000000,200.000000,0.058446,2886335.500000,0.352523,0,1
39,42,43,41,43,45,43,49,
541.000000,200.000000,0.058940,98603792.000000,0.969579,0,1
28,29,27,42,33,27,48,47,
534.000000,201.000000,0.061443,24246016.000000,0.968745,0,1
50,50,52,43,45,47,39,37,
270.000000,202.000000,0.071984,2366792.750000,0.746130,0,1
34,34,33,36,35,37,38,41,
552.000000,203.000000,0.063964,37416692.000000,1.063282,0,1
23,24,27,37,33,30,41,41,
288.000000,204.000000,0.074502,880930.062500,0.648358,0,1
37,40,38,41,41,40,41,41,
470.000000,204.000000,0.065037,12419242.000000,0.695590,0,1
44,43,44,51,49,47,55,54,
568.000000,207.000000,0.071778,3185277.500000,0.899971,0,1
14,16,14,24,19,16,29,33,
592.000000,207.000000,0.075694,1297161856.000000,1.375941,0,1
41,31,44,23,39,45,29,37,
544.000000,208.000000,0.065990,5067651.000000,0.123785,0,1
34,32,46,30,38,46,33,35,
567.000000,208.000000,0.069762,2987087.000000,0.895828,0,1
16,24,19,32,29,24,34,34,
688.000000,208.000000,0.074311,74216144.000000,1.537060,0,1
34,29,28,13,13,12,8,8,
702.000000,208.000000,0.071534,89238024.000000,1.043037,0,1
34,22,31,12,21,36,11,16,
149.000000,211.000000,0.088004,12980150.000000,1.109806,0,1
34,31,33,31,43,53,51,47,
191.000000,211.000000,0.069822,133016008.000000,1.322999,0,1
29,33,33,45,45,46,49,49,
634.000000,211.000000,0.074776,131680704.000000,1.259054,0,1
47,58,57,49,47,46,25,18,
763.000000,211.000000,0.073028,77759160.000000,1.957187,0,1
48,51,50,45,45,45,39,40,
602.000000,212.000000,0.075209,114593320.000000,0.714450,0,1
52,59,57,41,40,37,21,22,
384.000000,213.000000,0.074978,11372993.000000,0.453667,0,1
53,51,53,48,51,52,43,44,
583.000000,213.000000,0.074904,123666456.000000,1.327677,0,1
28,37,31,49,50,40,55,54,
679.000000,213.000000,0.074422,78437184.000000,1.493525,0,1
14,14,17,23,24,26,32,34,
175.000000,214.000000,0.074885,89370512.000000,0.656136,0,1
32,38,27,44,31,28,36,45,
501.000000,214.000000,0.075412,26427584.000000,0.921131,0,1
44,48,45,55,56,53,59,59,
177.000000,215.000000,0.075185,22997730.000000,0.654887,0,1
28,27,33,34,41,45,47,49,
383.000000,215.000000,0.076535,13663518.000000,0.460589,0,1
44,49,47,52,48,47,53,56,
454.000000,215.000000,0.074415,6848261.500000,0.697432,0,1
55,54,54,63,62,60,65,64,
364.000000,216.000000,0.077895,14916258.000000,0.455148,0,1
45,43,43,48,47,48,53,56,
369.000000,216.000000,0.074630,13797789.000000,0.459660,0,1
45,44,48,47,51,52,54,56,
383.000000,216.000000,0.076494,18712902.000000,0.470850,0,1
43,50,44,52,52,47,56,57,
482.000000,216.000000,0.076789,42315536.000000,0.584446,0,1
50,60,59,71,68,66,76,72,
341.000000,217.000000,0.076948,8197984.000000,0.315152,0,1
44,41,42,44,47,47,53,55,
351.000000,217.000000,0.079331,20517234.000000,0.475203,0,1
43,42,42,49,49,49,55,55,
353.000000,217.000000,0.079267,22002676.000000,0.472085,0,1
42,42,41,49,49,51,54,54,
386.000000,217.000000,0.078558,22045004.000000,0.480391,0,1
48,47,54,54,56,60,49,48,
510.000000,217.000000,0.083054,25564192.000000,1.010382,0,1
49,52,48,60,55,48,58,58,
571.000000,217.000000,0.081502,38598144.000000,1.320496,0,1
41,42,43,47,48,50,54,51,
589.000000,217.000000,0.079333,45539912.000000,1.075369,0,1
58,65,62,55,53,49,46,39,
126.000000,218.000000,0.096345,28478426.000000,1.274749,0,1
28,29,26,31,32,41,43,49,
516.000000,221.000000,0.081420,12889297.000000,0.482759,0,1
44,49,44,60,54,47,66,64,
543.000000,221.000000,0.083121,19870406.000000,0.573288,0,1
37,42,42,49,49,48,54,54,
544.000000,221.000000,0.083159,17969274.000000,0.576091,0,1
37,42,42,50,48,47,56,56,
615.000000,222.000000,0.088714,12427227.000000,1.684446,0,1
30,32,31,41,34,31,41,41,
403.000000,223.000000,0.081562,12301501.000000,0.527769,0,1
66,69,68,62,66,66,60,57,
552.000000,223.000000,0.086475,24352520.000000,0.958247,0,1
44,43,44,49,51,50,54,54,
403.000000,224.000000,0.085861,12555369.000000,0.582801,0,1
69,65,66,59,59,61,57,58,
621.000000,224.000000,0.092176,12663110.000000,1.712846,0,1
30,32,31,39,36,33,41,43,
428.000000,226.000000,0.088014,10275222.000000,0.680220,0,1
56,57,56,62,59,59,65,66,
543.000000,226.000000,0.087377,18437944.000000,0.925814,0,1
51,47,56,44,47,56,42,43,
391.000000,227.000000,0.088984,12203377.000000,0.575549,0,1
59,55,60,59,58,60,56,53,
549.000000,228.000000,0.089254,8361895.000000,0.973660,0,1
62,58,63,47,53,59,43,42,
637.000000,228.000000,0.096324,14272981.000000,1.846234,0,1
31,33,32,41,38,35,45,45,
511.000000,230.000000,0.088253,23593092.000000,1.075614,0,1
53,54,50,61,54,50,62,63,
606.000000,230.000000,0.094258,59656936.000000,1.648090,0,1
32,34,35,37,38,39,43,45,
647.000000,231.000000,0.097033,52627964.000000,1.920331,0,1
32,35,32,48,42,36,52,55,
648.000000,231.000000,0.097379,46056940.000000,1.929258,0,1
31,33,32,45,38,34,53,57,
558.000000,232.000000,0.092731,22246918.000000,1.042727,0,1
58,55,57,45,46,48,45,45,
563.000000,232.000000,0.093430,29619940.000000,1.076745,0,1
58,56,55,49,48,46,44,45,
647.000000,232.000000,0.096211,60069904.000000,1.914448,0,1
33,45,38,51,53,51,52,56,
394.000000,233.000000,0.095150,32440070.000000,0.641494,0,1
61,53,60,57,52,59,53,51,
654.000000,233.000000,0.097712,9895166.000000,1.095908,0,1
32,36,33,58,49,37,61,58,
658.000000,233.000000,0.102879,24409558.000000,2.042168,0,1
31,34,33,37,34,34,50,55,
330.000000,234.000000,0.093703,7397798.500000,0.659307,0,1
46,49,48,53,51,52,51,54,
470.000000,234.000000,0.096351,12070125.000000,0.924544,0,1
56,58,57,63,62,60,68,71,
474.000000,235.000000,0.096658,14851057.000000,0.956143,0,1
57,59,57,66,64,62,69,70,
483.000000,236.000000,0.098963,21145996.000000,1.005556,0,1
59,59,57,63,62,61,68,72,
664.000000,236.000000,0.101906,15091288.000000,2.076765,0,1
34,37,37,48,44,41,51,51,
124.000000,237.000000,0.099410,157416624.000000,2.193407,0,1
40,38,42,37,45,51,45,53,
499.000000,241.000000,0.103846,9514226.000000,0.254510,0,1
71,73,74,65,70,73,62,59,
399.000000,242.000000,0.104860,22802456.000000,0.727161,0,1
59,51,60,54,55,61,51,53,
505.000000,242.000000,0.105542,25196538.000000,1.158617,0,1
71,71,72,65,66,68,60,57,
513.000000,243.000000,0.105443,23128624.000000,1.201850,0,1
69,71,70,62,64,63,57,59,
535.000000,244.000000,0.107334,19669064.000000,1.028563,0,1
40,43,41,49,47,47,55,57,
719.000000,244.000000,0.111952,18308964.000000,2.198412,0,1
34,35,35,37,40,41,44,43,
720.000000,244.000000,0.112111,14133363.000000,2.198324,0,1
34,35,35,39,41,39,45,44,
694.000000,245.000000,0.113267,155847376.000000,2.384256,0,1
33,42,35,52,51,44,54,56,
348.000000,246.000000,0.109666,6283807.500000,0.743387,0,1
49,49,51,50,52,55,53,58,
703.000000,247.000000,0.117159,231879488.000000,2.225101,0,1
34,35,33,47,42,39,53,55,
704.000000,247.000000,0.117669,217540544.000000,2.233198,0,1
34,33,34,45,40,38,52,55,
435.000000,248.000000,0.109791,10278973.000000,0.883752,0,1
62,61,62,59,58,58,54,56,
703.000000,248.000000,0.118254,87283784.000000,2.491280,0,1
33,45,40,53,52,48,54,55,
493.000000,250.000000,0.113488,18032274.000000,0.881353,0,1
74,73,73,68,68,68,63,62,
750.000000,252.000000,0.122071,8803579.000000,2.525207,0,1
33,34,34,37,37,35,39,41,
664.000000,254.000000,0.135469,27703810.000000,2.340595,0,1
43,44,43,47,46,44,51,52,
654.000000,255.000000,0.120883,37242884.000000,1.836000,0,1
50,50,51,43,45,53,36,48,
538.000000,256.000000,0.117453,29598326.000000,1.441647,0,1
55,54,51,52,50,45,49,46,
653.000000,257.000000,0.121165,30554218.000000,1.292783,0,1
42,40,38,50,47,48,47,47,
743.000000,259.000000,0.128138,24425354.000000,2.536520,0,1
38,40,36,54,51,46,57,61,
592.000000,262.000000,0.128705,24409458.000000,1.839631,0,1
57,54,59,48,52,57,46,45,
409.000000,263.000000,0.124908,83774920.000000,0.930468,0,1
62,54,60,62,51,61,53,43,
423.000000,264.000000,0.126366,61287580.000000,0.716128,0,1
59,57,59,52,50,50,42,41,
735.000000,264.000000,0.129820,16516739.000000,2.837538,0,1
61,55,56,47,49,50,45,45,
737.000000,264.000000,0.129710,25727248.000000,2.864136,0,1
63,56,57,49,50,50,46,44,
759.000000,264.000000,0.130373,37897460.000000,2.684117,0,1
34,46,42,56,56,51,59,56,
408.000000,265.000000,0.127759,57040920.000000,0.512226,0,1
53,62,45,66,58,48,64,57,
431.000000,265.000000,0.127662,28986332.000000,0.527412,0,1
60,55,57,45,48,55,43,47,
432.000000,265.000000,0.128054,22676754.000000,0.530989,0,1
59,56,59,46,50,57,44,49,
450.000000,268.000000,0.130123,32197426.000000,1.101817,0,1
48,46,48,48,51,53,53,55,
618.000000,268.000000,0.131779,38154292.000000,2.038037,0,1
47,45,47,48,48,49,51,55,
137.000000,269.000000,0.132038,107292744.000000,0.961392,0,1
60,51,58,38,45,56,36,51,
631.000000,269.000000,0.133342,19771928.000000,2.003828,0,1
51,53,50,55,54,42,57,57,
632.000000,270.000000,0.132093,30192054.000000,2.012127,0,1
50,54,42,57,50,37,57,58,
636.000000,272.000000,0.139497,27164296.000000,2.065387,0,1
49,48,48,57,53,48,56,57,
550.000000,274.000000,0.139626,14999184.000000,0.955895,0,1
59,57,56,55,50,47,46,44,
552.000000,274.000000,0.140866,12105462.000000,0.967609,0,1
54,56,52,50,47,46,44,43,
523.000000,275.000000,0.139266,6823795.000000,0.290023,0,1
56,53,54,48,48,47,44,45,
538.000000,275.000000,0.140357,6665532.000000,0.302704,0,1
55,55,55,48,49,51,44,43,
567.000000,275.000000,0.143076,27248808.000000,1.468946,0,1
43,45,43,51,50,48,56,58,
569.000000,275.000000,0.143296,26822866.000000,1.485157,0,1
43,43,42,50,48,49,56,57,
578.000000,275.000000,0.137627,2652560.750000,1.070454,0,1
44,47,44,52,49,44,54,55,
426.000000,277.000000,0.142520,22947160.000000,1.108528,0,1
50,43,52,43,48,53,52,57,
423.000000,278.000000,0.143172,19929580.000000,0.832745,0,1
41,43,43,43,47,52,47,55,
413.000000,280.000000,0.145010,26518200.000000,1.100553,0,1
45,48,45,55,49,43,55,54,
264.000000,286.000000,0.148881,33701100.000000,1.251593,0,1
59,59,59,53,56,58,52,57,
446.000000,286.000000,0.150284,17612100.000000,1.246239,0,1
57,58,54,58,55,51,57,54,
481.000000,286.000000,0.151254,4902081.000000,1.096807,0,1
53,51,54,48,48,49,41,41,
667.000000,286.000000,0.152923,29008036.000000,2.538019,0,1
52,53,45,55,50,50,55,55,
208.000000,288.000000,0.152666,4946533.000000,1.882126,0,1
60,59,59,56,58,56,55,55,
505.000000,289.000000,0.156043,12026841.000000,1.238944,0,1
42,47,46,55,54,50,59,59,
423.000000,292.000000,0.155925,18189568.000000,1.229339,0,1
50,61,54,62,58,57,63,60,
448.000000,293.000000,0.158243,5535055.000000,0.749931,0,1
53,58,51,58,50,43,48,44,
152.000000,294.000000,0.157674,1556339.625000,2.427356,0,1
59,59,59,57,57,55,54,52,
751.000000,294.000000,0.160145,180401872.000000,3.226605,0,1
55,55,54,47,47,48,42,43,
755.000000,294.000000,0.160490,213648176.000000,3.259657,0,1
55,54,54,48,48,46,42,47,
711.000000,295.000000,0.162483,132067536.000000,2.937192,0,1
56,55,56,52,52,54,45,42,
727.000000,295.000000,0.161706,199480208.000000,3.054147,0,1
56,54,55,50,48,48,41,40,
730.000000,295.000000,0.161900,201536336.000000,3.077876,0,1
56,56,56,48,47,47,41,41,
711.000000,296.000000,0.162014,148275808.000000,2.937597,0,1
55,52,53,47,44,42,40,44,
771.000000,296.000000,0.159033,76557440.000000,3.383624,0,1
42,41,40,40,37,33,32,35,
683.000000,297.000000,0.164345,163071760.000000,2.744163,0,1
53,54,54,52,49,47,44,44,
723.000000,298.000000,0.160860,47420128.000000,3.029877,0,1
43,41,43,41,41,39,32,33,
739.000000,298.000000,0.159059,12464250.000000,3.146097,0,1
41,42,44,33,32,34,31,38,
764.000000,293.000000,0.159984,207727920.000000,3.324025,0,1
55,56,55,52,50,48,45,44,
480.000000,215.000000,0.076723,47367516.000000,0.574724,0,1
51,49,50,64,60,59,72,74,
664.000000,211.000000,0.074380,1011101376.000000,1.410106,0,1
34,50,29,37,35,18,21,24,
184.000000,199.000000,0.070223,1162405248.000000,0.822780,0,1
28,40,22,50,29,25,46,43,
615.000000,198.000000,0.074474,538656064.000000,1.144477,0,1
38,39,58,33,53,78,33,33,
233.000000,34.000000,0.048451,302238208.000000,1.008353,0,1
40,49,31,48,41,26,49,41,
182.000000,193.000000,0.070425,683287680.000000,0.607719,0,1
49,53,32,55,48,23,51,50,
184.000000,191.000000,0.070547,1275600128.000000,0.813309,0,1
22,30,19,49,23,20,32,23,
183.000000,191.000000,0.070432,1473649664.000000,0.816728,0,1
29,47,23,53,31,19,49,31,
430.000000,188.000000,0.048256,20713660.000000,0.401718,0,1
56,55,55,55,53,52,52,47,
175.000000,187.000000,0.072951,392453280.000000,0.861485,0,1
39,33,50,32,39,54,34,38,
234.000000,51.000000,0.048406,313130528.000000,0.943363,0,1
36,47,30,49,37,29,47,37,
575.000000,182.000000,0.067032,205967168.000000,0.551350,0,1
55,44,79,42,53,69,37,33,
175.000000,180.000000,0.073171,367377984.000000,0.632212,0,1
43,36,54,33,42,56,35,41,
182.000000,175.000000,0.070485,1614573824.000000,0.802904,0,1
28,47,22,52,34,19,49,36,
234.000000,57.000000,0.048509,264788432.000000,0.923621,0,1
37,47,28,50,40,27,48,42,
175.000000,171.000000,0.073193,373050112.000000,0.626629,0,1
45,37,54,33,44,56,37,44,
720.000000,61.000000,0.017886,102207720.000000,0.074659,0,1
144,133,140,94,127,142,125,145,
438.000000,62.000000,0.019996,213367504.000000,0.037595,0,1
148,81,122,73,113,179,153,180,
275.000000,168.000000,0.030806,212418704.000000,0.413339,0,1
42,47,28,41,43,32,45,43,
713.000000,64.000000,0.018351,210841632.000000,0.074560,0,1
61,85,107,124,116,138,117,119,
448.000000,159.000000,0.017500,1238914.625000,0.016202,0,1
18,25,25,40,33,35,46,36,
438.000000,156.000000,0.002625,5470479.500000,0.007608,0,1
22,23,21,36,29,26,43,43,
712.000000,72.000000,0.019043,100732696.000000,0.076429,0,1
110,122,111,125,102,120,115,94,
602.000000,75.000000,0.053103,78582352.000000,0.134865,0,1
128,115,118,96,99,109,86,74,
660.000000,144.000000,0.069066,1968649472.000000,1.295869,0,1
58,63,65,46,81,96,67,82,
181.000000,144.000000,0.070680,1663275776.000000,0.793433,0,1
30,44,20,52,31,19,44,32,
600.000000,143.000000,0.067757,74830128.000000,0.152759,0,1
40,58,31,68,47,26,63,49,
711.000000,77.000000,0.018279,7369663488.000000,0.845531,0,1
107,112,89,113,103,99,110,100,
620.000000,78.000000,0.000138,649372288.000000,0.006062,0,1
127,123,126,120,120,123,117,113,
382.000000,143.000000,0.000885,20418182.000000,0.011185,0,1
35,35,35,37,37,41,41,59,
739.000000,140.000000,0.025726,23164790784.000000,1.166767,0,1
53,65,42,73,53,34,66,52,
332.000000,138.000000,0.006588,79443392.000000,0.041945,0,1
36,41,26,40,37,26,40,37,
475.000000,86.000000,0.000367,433895776.000000,0.007567,0,1
128,120,119,112,112,112,105,98,
760.000000,86.000000,0.046427,334548416.000000,0.227089,0,1
93,89,96,73,90,119,73,97,
739.000000,135.000000,0.025754,22003795968.000000,1.167971,0,1
55,67,44,73,54,35,67,53,
692.000000,135.000000,0.026754,321769312.000000,0.447741,0,1
35,32,46,32,43,60,62,74,
597.000000,87.000000,0.055687,329803200.000000,0.880408,0,1
76,76,79,54,55,59,45,45,
714.000000,87.000000,0.019490,79973864.000000,0.077608,0,1
111,101,115,97,114,120,105,123,
633.000000,135.000000,0.024457,2117971072.000000,0.546981,0,1
63,41,66,32,44,64,38,57,
605.000000,88.000000,0.055329,604008128.000000,0.567652,0,1
92,75,94,52,84,94,73,91,
760.000000,88.000000,0.045069,185001968.000000,0.153075,0,1
90,73,109,75,97,125,85,106,
180.000000,134.000000,0.070625,1394439936.000000,0.798754,0,1
41,49,26,54,42,19,51,43,
730.000000,132.000000,0.025889,9997114368.000000,1.142646,0,1
54,47,70,51,60,76,74,76,
235.000000,93.000000,0.047497,489903040.000000,0.479274,0,1
37,47,26,46,38,21,47,41,
366.000000,94.000000,0.006432,1450342400.000000,0.057622,0,1
93,91,65,78,75,59,49,36,
713.000000,94.000000,0.018188,5795555328.000000,0.841281,0,1
100,93,111,106,102,122,94,103,
759.000000,96.000000,0.043661,8305915904.000000,1.758940,0,1
104,86,110,78,95,107,78,82,
253.000000,125.000000,0.040227,448586432.000000,0.338594,0,1
31,43,21,49,32,19,42,27,
180.000000,125.000000,0.059947,81997864.000000,0.257174,0,1
36,46,23,50,37,21,45,37,
713.000000,98.000000,0.018215,7911801344.000000,0.840777,0,1
103,86,111,100,98,114,79,92,
408.000000,123.000000,0.006274,363885472.000000,0.055406,0,1
41,52,38,52,37,34,52,37,
711.000000,99.000000,0.018268,8218428928.000000,0.837718,0,1
103,112,82,115,98,96,106,91,
298.000000,122.000000,0.025352,236590752.000000,0.265639,0,1
24,31,16,34,25,16,31,27,
676.000000,121.000000,0.005144,100114048.000000,0.016582,0,1
80,75,48,82,58,43,61,48,
339.000000,120.000000,0.015270,31302512.000000,0.086693,0,1
24,26,31,29,39,31,33,38,
756.000000,104.000000,0.044199,363328448.000000,0.210546,0,1
79,93,63,100,84,76,94,86,
658.000000,111.000000,0.005550,977949248.000000,0.090221,0,1
99,90,107,80,101,111,96,126,
541.000000,111.000000,0.003918,504269792.000000,0.064688,0,1
160,155,157,140,134,133,114,95,
702.000000,111.000000,0.003898,116685432.000000,0.014135,0,1
83,86,67,97,76,60,93,75,
311.000000,18.000000,0.016377,8583290368.000000,0.365546,0,1
43,42,82,36,48,156,42,49,
591.000000,204.000000,0.075641,1403457920.000000,1.365516,0,1
36,25,42,16,34,44,23,31,
311.000000,25.000000,0.016286,2938255104.000000,0.347142,0,1
50,44,68,42,51,129,43,51,
313.000000,31.000000,0.016500,1159345792.000000,0.074125,0,1
115,62,205,50,106,214,60,97,
313.000000,34.000000,0.016685,1065728768.000000,0.074419,0,1
101,58,200,51,95,210,56,94,
199.000000,40.000000,0.061043,16106954.000000,1.315283,0,1
30,36,32,42,39,33,44,45,
311.000000,41.000000,0.016139,1601390976.000000,0.307219,0,1
49,43,56,43,50,90,43,48,
433.000000,42.000000,0.002161,5632428.000000,0.004770,0,1
225,224,224,218,219,218,213,209,
391.000000,43.000000,0.000546,1056765184.000000,0.011106,0,1
187,193,192,198,199,200,206,209,
551.000000,188.000000,0.062516,99191088.000000,0.103383,0,1
86,84,62,81,53,40,64,31,
591.000000,44.000000,0.055052,382123360.000000,0.151714,0,1
81,74,113,90,76,156,68,71,
577.000000,185.000000,0.067997,166223104.000000,0.894465,0,1
35,37,28,39,44,24,45,25,
632.000000,184.000000,0.073710,3957768960.000000,1.560863,0,1
80,56,88,52,73,92,54,66,
314.000000,48.000000,0.016360,1437458688.000000,0.070131,0,1
152,82,199,52,145,198,76,136,
592.000000,49.000000,0.054956,498150528.000000,0.148476,0,1
114,73,154,72,114,170,71,113,
632.000000,183.000000,0.073651,4071045376.000000,1.559515,0,1
81,59,88,52,77,91,55,69,
495.000000,55.000000,0.000366,479114944.000000,0.010589,0,1
212,214,213,209,206,207,204,194,
496.000000,55.000000,0.000283,241001600.000000,0.008241,0,1
209,213,212,208,206,206,202,195,
714.000000,63.000000,0.018338,158775120.000000,0.074866,0,1
86,61,91,85,107,132,116,133,
345.000000,163.000000,0.021402,209707568.000000,0.084160,0,1
25,47,12,54,27,11,48,24,
326.000000,96.000000,0.007311,140137664.000000,0.083994,0,1
47,29,47,26,33,33,27,28,
365.000000,154.000000,0.020109,47856324.000000,0.053332,0,1
31,47,26,52,42,27,57,40,
371.000000,77.000000,0.011304,180447680.000000,0.031340,0,1
147,96,170,87,115,167,85,99,
391.000000,143.000000,0.005910,85153592.000000,0.034078,0,1
25,26,26,27,27,29,34,47,
319.000000,80.000000,0.012807,395938208.000000,0.049545,0,1
73,34,102,30,40,146,30,31,
367.000000,80.000000,0.010603,258324128.000000,0.030936,0,1
138,159,90,158,141,85,155,134,
487.000000,142.000000,0.033468,19868470.000000,0.464003,0,1
76,76,78,57,57,58,57,59,
321.000000,81.000000,0.012455,498067808.000000,0.047497,0,1
165,77,176,34,112,171,42,58,
338.000000,140.000000,0.007552,100674152.000000,0.037230,0,1
27,28,33,27,46,48,31,53,
526.000000,86.000000,0.000036,409111424.000000,0.001123,0,1
115,110,109,105,103,103,97,93,
324.000000,88.000000,0.011324,284511808.000000,0.041785,0,1
126,59,123,31,88,120,38,49,
628.000000,135.000000,0.024509,2499518464.000000,0.535670,0,1
70,74,48,74,53,34,59,37,
