# timestamp
1608635269232132352

# fx, fy, cx, cy, width, height, npoints
501.491028,501.475037,421.770844,167.669022,800,400,500

# camToWorld: translation vector, rotation quaternion
-15.961838,71.197974,4.301009,0.722490,0.042701,-0.066990,-0.686802

# Exposure time (ms)
5.697645

# Point Cloud Data : 
# u,v,idepth_scaled,idepth_hessian,maxRelBaseline,numGoodRes,status 
# color information 
756.000000,150.000000,0.058813,535546784.000000,1.076143,0,1
17,23,21,34,32,26,41,43,
688.000000,159.000000,0.044596,394836864.000000,0.264513,0,1
119,113,131,90,120,123,79,101,
701.000000,175.000000,0.050507,1303312128.000000,0.417244,0,1
78,88,64,105,86,60,111,100,
701.000000,177.000000,0.051191,988447232.000000,0.315495,0,1
86,111,75,117,100,66,113,99,
701.000000,184.000000,0.050785,1828036864.000000,0.421292,0,1
95,106,73,97,89,64,74,69,
319.000000,225.000000,0.086695,57668884.000000,0.487751,0,1
88,92,92,99,101,112,110,107,
308.000000,240.000000,0.084139,264013888.000000,0.385617,0,1
100,97,104,71,81,92,59,52,
64.000000,63.000000,0.177706,20503678.000000,0.856201,0,1
35,42,36,53,44,37,58,67,
72.000000,69.000000,0.177911,789045952.000000,0.835155,0,1
25,34,23,84,26,21,32,28,
65.000000,72.000000,0.178367,372885344.000000,0.853270,0,1
224,155,122,73,67,49,47,38,
713.000000,119.000000,0.115949,8864591.000000,0.638304,0,1
11,18,18,34,40,42,59,62,
746.000000,130.000000,0.057960,19995536.000000,0.515887,0,1
116,134,139,106,113,107,47,21,
735.000000,151.000000,0.054058,2601391616.000000,0.956740,0,1
24,21,35,18,31,39,25,33,
734.000000,152.000000,0.054151,2928864256.000000,0.955046,0,1
21,18,31,22,25,39,20,25,
744.000000,163.000000,0.057655,640481216.000000,0.716942,0,1
43,55,37,62,52,34,68,57,
743.000000,175.000000,0.074198,1997096192.000000,0.864108,0,1
38,32,46,43,52,64,48,61,
751.000000,176.000000,0.058034,250726320.000000,0.548818,0,1
44,53,53,61,67,66,68,72,
742.000000,191.000000,0.073921,3656303360.000000,0.865520,0,1
57,47,70,45,57,78,45,57,
742.000000,196.000000,0.074287,1882632064.000000,0.871039,0,1
56,40,64,33,55,75,42,42,
746.000000,197.000000,0.073781,1809724416.000000,0.877288,0,1
63,72,49,76,56,35,71,51,
740.000000,204.000000,0.073345,4739463168.000000,0.862642,0,1
42,94,49,144,83,49,93,56,
746.000000,206.000000,0.074135,564766848.000000,0.669573,0,1
52,60,69,56,78,102,70,77,
734.000000,226.000000,0.095243,41787400.000000,1.030373,0,1
68,64,64,67,73,78,82,60,
695.000000,228.000000,0.095189,37271220.000000,0.916008,0,1
31,40,41,31,32,32,25,25,
696.000000,228.000000,0.095807,34240596.000000,0.922707,0,1
31,42,42,32,32,32,27,25,
737.000000,228.000000,0.095885,37748408.000000,0.808310,0,1
80,84,86,62,66,69,51,48,
425.000000,233.000000,0.061595,5834238.500000,0.135686,0,1
82,74,83,67,73,79,66,65,
462.000000,280.000000,0.080358,989283.000000,0.453654,0,1
21,20,20,17,17,17,13,13,
424.000000,284.000000,0.114698,729945.625000,0.571191,0,1
18,16,17,18,19,19,20,20,
688.000000,132.000000,0.016655,153905792.000000,0.206773,0,1
91,106,100,90,84,78,36,28,
265.000000,139.000000,0.040994,397371424.000000,0.100500,0,1
46,52,174,35,136,246,63,139,
531.000000,123.000000,0.088686,3977817.000000,0.403511,0,1
22,25,25,32,35,33,42,48,
218.000000,141.000000,0.054419,495996864.000000,0.262160,0,1
40,36,85,25,108,198,46,118,
583.000000,141.000000,0.032847,184002864.000000,0.066078,0,1
89,101,165,138,171,253,191,255,
678.000000,141.000000,0.057560,370847008.000000,0.573408,0,1
32,31,38,32,45,51,38,42,
687.000000,147.000000,0.045158,1529719936.000000,0.490007,0,1
41,45,43,53,54,63,61,82,
701.000000,149.000000,0.050015,4866808832.000000,0.560097,0,1
58,73,53,88,68,49,86,76,
111.000000,150.000000,0.028684,1231561344.000000,0.231396,0,1
129,132,185,113,190,187,134,169,
692.000000,151.000000,0.047349,911246912.000000,0.382889,0,1
72,92,61,103,80,70,104,93,
709.000000,151.000000,0.053207,1218288000.000000,0.604038,0,1
41,47,35,52,44,34,54,46,
709.000000,153.000000,0.053213,1458978816.000000,0.604157,0,1
44,54,41,57,46,37,56,50,
701.000000,159.000000,0.049597,2786994176.000000,0.412195,0,1
83,100,73,105,88,59,102,75,
701.000000,160.000000,0.049248,497107904.000000,0.378898,0,1
88,102,70,104,87,63,81,71,
686.000000,163.000000,0.045231,3291150848.000000,0.490734,0,1
67,54,90,63,75,108,69,78,
692.000000,163.000000,0.047109,838073984.000000,0.381533,0,1
78,101,68,111,90,73,105,91,
679.000000,165.000000,0.054338,253814144.000000,0.554683,0,1
52,54,67,43,54,62,34,32,
195.000000,168.000000,0.032258,149274592.000000,0.072478,0,1
184,247,126,255,205,157,177,75,
679.000000,175.000000,0.051606,100736008.000000,0.164918,0,1
52,41,61,34,54,73,50,55,
687.000000,175.000000,0.045060,1428934656.000000,0.363249,0,1
91,81,128,70,107,139,85,107,
656.000000,176.000000,0.054640,602710272.000000,0.193143,0,1
80,155,53,180,81,41,107,60,
678.000000,176.000000,0.053218,88188120.000000,0.306477,0,1
41,34,54,41,50,66,41,39,
546.000000,177.000000,0.036163,12222139.000000,0.059451,0,1
219,183,185,244,245,246,255,255,
198.000000,179.000000,0.034751,132505312.000000,0.077835,0,1
255,234,249,141,207,170,126,142,
140.000000,180.000000,0.032591,389043168.000000,0.092329,0,1
153,127,207,96,193,236,128,139,
184.000000,183.000000,0.040525,899423744.000000,0.155800,0,1
146,242,83,255,151,80,124,100,
296.000000,184.000000,0.036451,50130360.000000,0.076903,0,1
80,106,120,203,207,222,240,213,
675.000000,190.000000,0.056755,187730144.000000,0.408770,0,1
31,50,31,70,60,33,51,37,
687.000000,190.000000,0.047349,222916672.000000,0.348128,0,1
49,55,68,50,82,99,44,61,
645.000000,193.000000,0.036954,29188290.000000,0.130077,0,1
78,76,89,70,81,94,70,73,
692.000000,194.000000,0.061095,281645376.000000,0.473606,0,1
57,76,56,116,81,67,98,96,
554.000000,201.000000,0.058759,256918128.000000,0.328425,0,1
100,116,104,111,105,96,106,97,
540.000000,209.000000,0.066528,9752092.000000,0.116220,0,1
128,130,150,91,119,138,92,101,
691.000000,211.000000,0.076855,56259288.000000,0.623815,0,1
97,114,114,78,81,85,68,61,
278.000000,216.000000,0.072533,52458884.000000,0.531459,0,1
104,110,109,93,90,93,88,77,
576.000000,220.000000,0.053037,118068032.000000,0.367608,0,1
65,63,63,56,55,54,55,50,
311.000000,222.000000,0.079619,66212972.000000,0.477927,0,1
111,118,99,108,106,95,114,95,
546.000000,222.000000,0.059869,22472506.000000,0.134014,0,1
117,142,115,112,119,103,124,111,
422.000000,223.000000,0.076565,10074965.000000,0.115686,0,1
80,74,87,67,79,90,66,66,
361.000000,224.000000,0.074096,77863080.000000,0.338408,0,1
92,97,91,94,93,89,82,73,
423.000000,224.000000,0.077522,8913625.000000,0.142909,0,1
87,79,90,66,75,78,66,62,
430.000000,224.000000,0.079796,8528703.000000,0.120680,0,1
86,86,72,93,82,64,90,81,
483.000000,224.000000,0.079655,34661052.000000,0.232094,0,1
120,129,129,105,112,114,97,93,
488.000000,224.000000,0.076580,47995712.000000,0.231143,0,1
115,120,119,112,116,114,99,96,
336.000000,225.000000,0.077743,48314664.000000,0.410414,0,1
103,109,99,108,99,92,94,85,
470.000000,225.000000,0.078066,8355528.000000,0.383298,0,1
107,99,101,88,92,91,79,79,
385.000000,226.000000,0.083136,42460012.000000,0.234063,0,1
90,76,82,63,68,72,56,59,
463.000000,226.000000,0.078960,10318285.000000,0.214790,0,1
98,89,97,76,86,90,73,72,
231.000000,227.000000,0.067863,30346512.000000,0.457133,0,1
67,63,69,58,59,59,55,53,
236.000000,227.000000,0.064707,6050658.500000,1.064057,0,1
72,69,70,60,61,63,54,56,
561.000000,228.000000,0.059299,382510176.000000,0.540518,0,1
59,65,63,58,58,57,51,47,
247.000000,229.000000,0.074917,37934640.000000,0.989459,0,1
61,65,64,52,54,63,48,49,
248.000000,229.000000,0.080322,134375584.000000,0.679478,0,1
58,63,65,53,59,64,48,48,
533.000000,229.000000,0.088705,19489048.000000,0.263876,0,1
99,111,109,97,96,97,71,59,
511.000000,230.000000,0.065644,123188280.000000,0.445669,0,1
93,88,87,78,74,75,72,68,
519.000000,230.000000,0.077874,112663576.000000,0.372707,0,1
91,95,94,83,85,80,65,60,
526.000000,230.000000,0.087435,23991306.000000,0.255123,0,1
102,93,92,79,77,74,64,53,
440.000000,231.000000,0.101144,3621362.500000,0.153918,0,1
54,56,54,66,62,60,70,62,
552.000000,231.000000,0.070975,40498636.000000,0.563655,0,1
69,65,59,54,54,49,46,46,
379.000000,232.000000,0.082745,2580372.500000,0.125378,0,1
69,67,66,61,59,58,54,59,
388.000000,233.000000,0.098369,1394525.125000,0.215580,0,1
51,59,60,58,58,55,53,48,
281.000000,234.000000,0.086586,29567692.000000,0.215555,0,1
92,80,82,57,70,67,52,60,
562.000000,236.000000,0.069423,43477548.000000,0.335981,0,1
46,43,40,37,34,31,30,25,
436.000000,237.000000,0.069004,10412076.000000,0.160189,0,1
68,66,66,61,59,56,53,48,
463.000000,237.000000,0.084032,180392384.000000,0.325383,0,1
67,69,68,60,59,60,50,41,
422.000000,238.000000,0.080006,120760952.000000,0.230340,0,1
66,61,59,52,53,51,46,41,
469.000000,238.000000,0.085280,172888656.000000,0.337376,0,1
67,62,63,48,52,56,39,35,
498.000000,238.000000,0.086574,375013856.000000,0.380633,0,1
82,78,75,54,53,51,42,37,
507.000000,238.000000,0.086540,269165632.000000,0.396514,0,1
68,64,63,48,47,48,39,36,
522.000000,238.000000,0.090200,358962624.000000,0.438147,0,1
77,68,69,52,53,53,41,34,
529.000000,238.000000,0.089704,182666048.000000,0.451789,0,1
68,60,58,49,48,45,39,31,
287.000000,240.000000,0.065613,3405638.000000,0.741645,0,1
71,65,67,60,59,62,51,44,
303.000000,240.000000,0.081480,324605344.000000,0.541616,0,1
105,71,83,56,58,68,51,49,
384.000000,240.000000,0.081421,83795400.000000,0.359952,0,1
53,49,47,43,41,44,38,36,
412.000000,284.000000,0.092100,1917746.250000,0.576319,0,1
21,21,21,16,19,20,14,14,
396.000000,124.000000,0.032459,344394.781250,0.191493,0,1
27,27,26,28,29,29,31,32,
659.000000,125.000000,0.054869,338232512.000000,0.730520,0,1
12,11,21,11,18,31,21,28,
334.000000,126.000000,0.078770,10584596.000000,0.455357,0,1
20,19,20,22,23,24,26,34,
346.000000,126.000000,0.090507,3127307.000000,0.489895,0,1
22,24,25,28,28,29,33,41,
352.000000,126.000000,0.090173,1867819.125000,0.456110,0,1
24,26,27,29,29,30,33,38,
544.000000,126.000000,0.050642,63812588.000000,0.466043,0,1
21,23,23,28,24,24,32,37,
450.000000,127.000000,0.050325,18662724.000000,0.193288,0,1
35,36,36,39,39,38,48,149,
600.000000,127.000000,0.052193,154759488.000000,0.667040,0,1
18,20,18,26,24,23,38,59,
560.000000,130.000000,0.050186,229291616.000000,0.352976,0,1
29,53,45,174,158,111,216,145,
453.000000,131.000000,0.056036,642697280.000000,0.147005,0,1
70,229,60,255,144,70,251,255,
439.000000,132.000000,0.042163,60813464.000000,0.129036,0,1
47,61,62,97,100,105,234,255,
656.000000,132.000000,0.053584,9394782208.000000,0.710357,0,1
31,50,22,104,35,21,53,29,
670.000000,132.000000,0.055015,3317798144.000000,0.647668,0,1
55,39,95,24,72,109,39,41,
397.000000,133.000000,0.048709,63055340.000000,0.076425,0,1
39,48,50,89,108,100,201,246,
407.000000,133.000000,0.044183,24457240.000000,0.073906,0,1
47,61,63,135,140,145,230,255,
410.000000,133.000000,0.044578,24200534.000000,0.074186,0,1
49,65,68,143,148,153,233,255,
418.000000,133.000000,0.043932,27972744.000000,0.054737,0,1
54,75,77,160,166,170,240,255,
426.000000,133.000000,0.047378,31299118.000000,0.073057,0,1
58,82,72,181,160,112,246,255,
367.000000,134.000000,0.049154,52377096.000000,0.081936,0,1
48,60,62,121,130,148,227,255,
368.000000,134.000000,0.048833,47242612.000000,0.090940,0,1
48,60,64,127,137,150,229,255,
377.000000,134.000000,0.043458,68484912.000000,0.069504,0,1
48,70,73,166,170,174,255,255,
620.000000,134.000000,0.042776,11221463040.000000,0.571268,0,1
186,151,255,58,204,223,86,85,
608.000000,135.000000,0.042462,10838241280.000000,0.534382,0,1
217,255,174,209,209,118,111,131,
604.000000,139.000000,0.032265,385228960.000000,0.260831,0,1
89,85,112,120,164,213,237,255,
584.000000,140.000000,0.031815,1724424448.000000,0.231707,0,1
110,89,152,101,165,220,171,255,
625.000000,140.000000,0.038301,592902592.000000,0.213346,0,1
104,132,123,189,169,134,248,207,
170.000000,141.000000,0.028098,1816639616.000000,0.245625,0,1
25,33,35,43,51,52,51,56,
263.000000,141.000000,0.041523,5853725696.000000,0.571678,0,1
35,29,63,28,50,139,34,71,
642.000000,141.000000,0.041679,322645408.000000,0.610387,0,1
91,109,101,128,124,121,144,147,
636.000000,142.000000,0.037639,5286706176.000000,0.525616,0,1
103,98,119,84,121,141,104,111,
655.000000,142.000000,0.053288,6792452096.000000,0.491816,0,1
51,83,37,104,67,30,99,69,
557.000000,143.000000,0.026149,3942928384.000000,0.229038,0,1
255,248,217,255,205,199,255,255,
656.000000,143.000000,0.053348,6351377408.000000,0.589098,0,1
37,67,30,99,40,30,69,34,
313.000000,144.000000,0.034532,1007501440.000000,0.106131,0,1
154,130,219,168,160,238,137,163,
558.000000,144.000000,0.025947,3685615104.000000,0.228418,0,1
217,205,199,255,208,185,255,255,
273.000000,145.000000,0.035182,662456960.000000,0.132045,0,1
244,188,255,183,233,255,179,156,
263.000000,148.000000,0.041726,10271723520.000000,0.346395,0,1
77,36,142,30,72,157,35,69,
271.000000,148.000000,0.034769,1291331200.000000,0.170448,0,1
204,202,208,155,194,177,163,154,
628.000000,148.000000,0.038104,5519445504.000000,0.514425,0,1
107,149,91,182,121,81,125,92,
354.000000,149.000000,0.030233,150512384.000000,0.046550,0,1
222,247,200,255,207,170,241,220,
673.000000,149.000000,0.049249,126804616.000000,0.578356,0,1
43,45,41,32,29,27,28,29,
534.000000,150.000000,0.034811,4515436544.000000,0.273490,0,1
194,139,255,104,158,238,139,186,
336.000000,151.000000,0.033959,202137536.000000,0.051528,0,1
245,185,255,148,241,255,144,226,
493.000000,151.000000,0.035142,674655168.000000,0.198835,0,1
142,100,138,87,103,163,144,210,
645.000000,151.000000,0.037863,4514723840.000000,0.550438,0,1
70,60,99,57,85,119,69,103,
656.000000,151.000000,0.053728,3050554368.000000,0.594318,0,1
40,78,32,118,44,31,96,51,
510.000000,152.000000,0.035267,278375552.000000,0.159110,0,1
94,122,142,229,199,168,253,255,
520.000000,152.000000,0.035097,240878368.000000,0.171152,0,1
92,206,110,236,186,218,223,254,
631.000000,152.000000,0.038268,3911510272.000000,0.524225,0,1
74,86,58,92,73,48,82,76,
270.000000,153.000000,0.035262,1313676672.000000,0.175111,0,1
204,168,228,86,144,207,76,56,
371.000000,153.000000,0.034943,21913326.000000,0.029860,0,1
210,226,227,230,178,173,175,117,
438.000000,153.000000,0.036836,241538688.000000,0.105451,0,1
214,242,141,193,187,97,175,225,
480.000000,153.000000,0.035060,443080896.000000,0.174548,0,1
82,105,109,168,181,165,226,255,
534.000000,153.000000,0.034265,1491611648.000000,0.185513,0,1
148,173,205,213,246,245,189,249,
575.000000,153.000000,0.026955,441537856.000000,0.263502,0,1
210,206,234,206,215,245,212,197,
634.000000,153.000000,0.037701,2881432320.000000,0.521948,0,1
72,48,85,56,69,79,48,70,
337.000000,154.000000,0.034061,129986384.000000,0.069056,0,1
255,226,246,115,158,162,83,106,
361.000000,154.000000,0.033497,27860026.000000,0.050481,0,1
241,240,250,163,193,213,103,128,
447.000000,154.000000,0.034950,68335176.000000,0.115053,0,1
89,108,96,157,165,184,224,255,
145.000000,155.000000,0.034097,4281162752.000000,0.260713,0,1
253,183,249,134,203,255,151,238,
154.000000,155.000000,0.034097,7195870208.000000,0.327231,0,1
186,166,233,180,187,251,199,230,
358.000000,155.000000,0.034335,122134336.000000,0.056870,0,1
233,195,163,142,142,103,150,159,
610.000000,156.000000,0.041187,1156005248.000000,0.215627,0,1
179,235,123,255,188,97,243,165,
646.000000,156.000000,0.037779,7312106496.000000,0.551550,0,1
140,111,163,78,126,149,89,107,
58.000000,158.000000,0.033185,3382615808.000000,0.432575,0,1
247,218,186,154,189,121,143,132,
68.000000,158.000000,0.032485,2009414912.000000,0.218551,0,1
88,130,85,173,112,100,149,103,
223.000000,158.000000,0.032444,1222324608.000000,0.171713,0,1
243,195,255,159,204,239,90,76,
190.000000,159.000000,0.034343,834194304.000000,0.217366,0,1
240,246,240,185,177,176,128,71,
389.000000,159.000000,0.032525,106337152.000000,0.049185,0,1
165,136,232,118,159,255,129,145,
516.000000,159.000000,0.032965,319558784.000000,0.155698,0,1
255,255,255,255,213,174,149,91,
131.000000,160.000000,0.028604,101481272.000000,0.206074,0,1
150,93,84,69,62,58,65,65,
502.000000,161.000000,0.034308,1712720000.000000,0.210951,0,1
255,254,212,238,150,111,120,94,
534.000000,161.000000,0.041960,889403392.000000,0.233661,0,1
241,214,224,131,107,98,95,67,
87.000000,162.000000,0.031357,10787816448.000000,0.389002,0,1
163,173,142,177,118,86,158,113,
165.000000,162.000000,0.032931,6206289920.000000,0.301234,0,1
158,104,203,139,152,243,172,157,
400.000000,162.000000,0.036534,29476424.000000,0.055413,0,1
255,255,255,199,204,228,112,106,
448.000000,162.000000,0.038776,108254512.000000,0.134648,0,1
255,238,237,165,159,169,84,60,
471.000000,162.000000,0.037119,73938808.000000,0.115803,0,1
255,255,255,191,185,181,106,87,
474.000000,162.000000,0.036744,63049208.000000,0.121712,0,1
255,255,255,183,177,170,101,87,
647.000000,162.000000,0.037134,1548196480.000000,0.543131,0,1
123,107,123,77,94,99,69,86,
318.000000,163.000000,0.024422,431183680.000000,0.068974,0,1
98,83,155,102,120,195,92,138,
141.000000,164.000000,0.034440,2598263296.000000,0.348723,0,1
97,119,79,148,117,112,182,135,
168.000000,164.000000,0.034024,3218243840.000000,0.309090,0,1
255,213,248,157,193,229,125,94,
344.000000,164.000000,0.032436,138260480.000000,0.050656,0,1
248,175,255,220,239,255,125,94,
408.000000,164.000000,0.044426,16321906.000000,0.047281,0,1
255,251,252,203,211,219,185,255,
631.000000,164.000000,0.038354,1583506176.000000,0.526653,0,1
65,73,51,67,74,43,83,79,
288.000000,165.000000,0.035241,920229824.000000,0.150525,0,1
112,181,105,141,131,92,131,127,
424.000000,165.000000,0.041970,5832150.000000,0.069083,0,1
245,218,219,237,240,245,255,255,
265.000000,166.000000,0.041438,4349981696.000000,0.570800,0,1
133,86,117,34,79,94,31,52,
656.000000,166.000000,0.053754,1730412928.000000,0.354738,0,1
41,85,35,140,56,31,109,64,
120.000000,167.000000,0.022609,73367400.000000,0.127934,0,1
85,91,80,100,91,71,86,80,
327.000000,167.000000,0.031117,248807248.000000,0.049106,0,1
142,143,84,196,130,67,238,143,
619.000000,167.000000,0.042531,1297050368.000000,0.565469,0,1
70,57,87,69,72,100,66,68,
327.000000,168.000000,0.031960,275269536.000000,0.067954,0,1
109,186,79,246,166,70,197,142,
360.000000,168.000000,0.032850,69078352.000000,0.052236,0,1
238,194,206,84,97,104,76,79,
370.000000,168.000000,0.032533,48603032.000000,0.049146,0,1
248,176,189,94,101,109,96,82,
502.000000,168.000000,0.034775,1813720704.000000,0.216078,0,1
116,171,70,184,139,58,194,128,
634.000000,168.000000,0.037847,1500706176.000000,0.525890,0,1
63,48,85,58,70,93,52,72,
137.000000,169.000000,0.034959,390609664.000000,0.360681,0,1
83,57,87,56,71,94,55,70,
189.000000,169.000000,0.034566,1381566592.000000,0.221043,0,1
250,194,253,128,181,189,88,81,
286.000000,169.000000,0.034437,1559344256.000000,0.150834,0,1
91,103,201,83,201,252,118,174,
427.000000,169.000000,0.033918,201240352.000000,0.085153,0,1
255,234,226,177,159,155,134,127,
603.000000,170.000000,0.031822,1526957440.000000,0.371236,0,1
87,70,127,126,124,176,236,221,
453.000000,171.000000,0.034009,408400160.000000,0.086553,0,1
209,116,251,106,177,255,103,157,
512.000000,171.000000,0.034234,1158757504.000000,0.231071,0,1
244,198,208,112,161,142,111,99,
47.000000,172.000000,0.035558,3301515776.000000,0.728590,0,1
65,52,69,60,67,80,59,69,
55.000000,172.000000,0.033913,696350592.000000,0.448153,0,1
62,59,72,68,71,83,69,80,
183.000000,172.000000,0.041477,7452173824.000000,0.366738,0,1
110,140,63,254,167,75,240,198,
298.000000,172.000000,0.033884,1014349952.000000,0.132390,0,1
168,220,144,255,199,162,252,197,
334.000000,172.000000,0.034244,688895680.000000,0.083861,0,1
108,211,113,255,180,114,255,216,
608.000000,172.000000,0.035134,740163904.000000,0.427474,0,1
176,223,207,186,168,171,94,84,
462.000000,173.000000,0.036112,47423168.000000,0.154025,0,1
255,251,254,133,186,241,97,93,
597.000000,173.000000,0.036358,6153822720.000000,0.421749,0,1
255,255,246,255,194,154,198,143,
119.000000,174.000000,0.022695,760870144.000000,0.262000,0,1
64,57,54,61,80,81,77,104,
341.000000,174.000000,0.032136,775748224.000000,0.071066,0,1
217,100,251,80,167,133,79,128,
441.000000,174.000000,0.035226,620927296.000000,0.115022,0,1
197,253,136,255,200,137,209,247,
466.000000,174.000000,0.035123,540875328.000000,0.156509,0,1
254,240,207,132,137,142,102,89,
631.000000,174.000000,0.038187,1995106944.000000,0.525655,0,1
77,88,54,94,80,54,95,82,
85.000000,175.000000,0.031761,5338053120.000000,0.396225,0,1
118,70,77,78,127,111,122,136,
108.000000,175.000000,0.029490,470360096.000000,0.328486,0,1
58,52,60,64,73,71,64,75,
388.000000,175.000000,0.034582,65092248.000000,0.098115,0,1
85,106,91,122,96,102,110,113,
526.000000,175.000000,0.035636,232591936.000000,0.113411,0,1
255,248,244,189,147,239,92,123,
589.000000,175.000000,0.033589,361210080.000000,0.157060,0,1
141,139,148,89,165,158,160,254,
621.000000,175.000000,0.042096,1309212288.000000,0.565424,0,1
112,95,115,85,106,112,69,81,
647.000000,175.000000,0.037613,2138429312.000000,0.378706,0,1
162,138,175,88,137,147,77,78,
39.000000,176.000000,0.040955,1193401600.000000,0.831726,0,1
76,64,53,57,58,51,62,48,
84.000000,176.000000,0.031714,6349610496.000000,0.396969,0,1
70,78,127,86,122,150,89,113,
288.000000,176.000000,0.034171,1169779584.000000,0.149657,0,1
170,157,190,124,218,216,182,183,
610.000000,176.000000,0.042320,5740785664.000000,0.540637,0,1
64,86,65,111,156,59,173,173,
653.000000,176.000000,0.038121,2730813440.000000,0.394286,0,1
195,171,203,114,174,143,98,90,
41.000000,177.000000,0.041063,2957607168.000000,0.581131,0,1
52,42,61,57,71,87,54,67,
150.000000,178.000000,0.033130,1435589376.000000,0.324514,0,1
149,184,165,201,176,145,180,213,
347.000000,178.000000,0.034358,112793816.000000,0.073727,0,1
100,98,104,145,131,152,147,121,
507.000000,178.000000,0.038669,726745984.000000,0.259371,0,1
92,93,93,136,142,149,223,255,
620.000000,178.000000,0.042367,1857836416.000000,0.568083,0,1
69,54,81,44,70,98,51,71,
242.000000,179.000000,0.032985,3309584640.000000,0.206011,0,1
118,164,78,197,121,92,165,111,
477.000000,179.000000,0.036306,125665904.000000,0.126719,0,1
132,128,133,170,174,182,229,255,
488.000000,179.000000,0.035927,409659072.000000,0.139080,0,1
93,118,123,141,193,201,207,255,
317.000000,180.000000,0.035491,862951424.000000,0.117430,0,1
255,191,255,139,169,222,90,149,
467.000000,180.000000,0.034710,241048256.000000,0.109092,0,1
107,141,141,208,211,214,255,254,
487.000000,180.000000,0.036280,202809040.000000,0.084361,0,1
118,141,193,137,207,243,228,230,
154.000000,181.000000,0.033872,7475530752.000000,0.328455,0,1
142,187,137,245,207,107,245,214,
160.000000,181.000000,0.033859,6066319360.000000,0.483906,0,1
128,94,126,82,105,135,81,96,
404.000000,181.000000,0.031430,159652544.000000,0.062582,0,1
95,86,93,123,120,142,215,252,
417.000000,181.000000,0.032026,154914320.000000,0.053163,0,1
102,109,157,158,155,186,236,250,
59.000000,182.000000,0.032070,1625297664.000000,0.417292,0,1
76,91,75,104,97,77,110,115,
172.000000,182.000000,0.034079,9885559808.000000,0.307883,0,1
216,170,247,115,175,255,120,144,
373.000000,182.000000,0.035186,166645760.000000,0.048233,0,1
127,151,166,184,182,206,238,246,
376.000000,182.000000,0.036130,65443168.000000,0.035589,0,1
140,174,173,196,207,211,247,242,
392.000000,182.000000,0.034586,163108720.000000,0.045607,0,1
109,124,132,147,187,200,251,215,
683.000000,182.000000,0.045801,254607504.000000,0.548873,0,1
79,74,70,51,57,57,51,55,
76.000000,183.000000,0.031950,1479043840.000000,0.396961,0,1
85,90,67,93,63,56,77,54,
88.000000,183.000000,0.031573,8995438592.000000,0.391387,0,1
114,135,72,158,114,63,149,127,
271.000000,183.000000,0.034643,164558464.000000,0.179394,0,1
69,55,60,99,104,113,171,218,
297.000000,183.000000,0.037873,194086832.000000,0.159237,0,1
85,80,69,106,120,128,207,243,
637.000000,183.000000,0.047079,1985129856.000000,0.700509,0,1
72,62,80,75,81,105,97,103,
645.000000,183.000000,0.037841,557994112.000000,0.231313,0,1
65,65,102,89,81,101,134,118,
665.000000,183.000000,0.054711,311736224.000000,0.764607,0,1
41,43,49,27,42,38,22,29,
173.000000,184.000000,0.034406,9020097536.000000,0.310511,0,1
226,165,255,107,192,223,103,148,
183.000000,184.000000,0.041262,3015031808.000000,0.368072,0,1
242,255,151,189,124,64,144,86,
245.000000,184.000000,0.038340,362359040.000000,0.242983,0,1
68,77,118,129,135,120,208,237,
279.000000,184.000000,0.040362,268371568.000000,0.156263,0,1
76,122,117,198,199,191,231,207,
280.000000,184.000000,0.040442,234550704.000000,0.155277,0,1
76,123,111,199,195,196,230,206,
311.000000,184.000000,0.041383,482748288.000000,0.154479,0,1
144,174,173,241,244,239,248,231,
325.000000,184.000000,0.038331,269164864.000000,0.095346,0,1
102,152,145,243,234,240,244,219,
330.000000,184.000000,0.039704,475535168.000000,0.118369,0,1
124,170,172,243,241,244,242,216,
392.000000,184.000000,0.044768,36776904.000000,0.067783,0,1
187,251,255,215,215,215,185,169,
400.000000,184.000000,0.044778,36949400.000000,0.068096,0,1
219,253,253,217,217,217,189,169,
410.000000,184.000000,0.051023,123725144.000000,0.128086,0,1
222,252,252,223,229,231,204,185,
423.000000,184.000000,0.061931,47678644.000000,0.129783,0,1
255,250,253,231,234,254,217,202,
460.000000,184.000000,0.045917,155743040.000000,0.210769,0,1
254,236,240,211,216,218,194,185,
468.000000,184.000000,0.044593,211067680.000000,0.220975,0,1
253,238,233,215,213,206,192,181,
493.000000,184.000000,0.043814,189877712.000000,0.272539,0,1
237,214,212,187,186,186,174,173,
496.000000,184.000000,0.043312,225801888.000000,0.275577,0,1
235,211,210,185,185,181,175,167,
527.000000,184.000000,0.043039,169015760.000000,0.345728,0,1
206,191,188,172,170,169,160,152,
541.000000,184.000000,0.041013,64423124.000000,0.357835,0,1
219,196,201,177,178,179,160,153,
548.000000,184.000000,0.041414,147708560.000000,0.378388,0,1
220,200,196,179,176,173,161,144,
552.000000,184.000000,0.041161,173883136.000000,0.384911,0,1
218,196,195,173,170,168,156,141,
564.000000,184.000000,0.040831,112598920.000000,0.409135,0,1
206,191,188,169,166,167,148,142,
575.000000,184.000000,0.045478,142310304.000000,0.496568,0,1
209,191,189,163,162,163,137,134,
576.000000,184.000000,0.045876,205671296.000000,0.504715,0,1
210,190,188,162,164,159,133,136,
584.000000,184.000000,0.045640,232093968.000000,0.523456,0,1
212,186,186,155,152,154,149,147,
606.000000,184.000000,0.044895,143771456.000000,0.573092,0,1
206,202,198,180,180,182,161,145,
142.000000,185.000000,0.033627,4919500800.000000,0.341612,0,1
180,156,210,122,184,201,117,72,
155.000000,185.000000,0.033716,4956057600.000000,0.326395,0,1
174,222,149,183,155,98,103,78,
256.000000,185.000000,0.040455,3655753216.000000,0.241312,0,1
71,124,41,218,147,43,189,156,
364.000000,185.000000,0.039070,41497700.000000,0.059961,0,1
224,242,242,216,217,219,200,188,
383.000000,185.000000,0.046649,158108944.000000,0.091621,0,1
249,243,238,215,212,199,188,172,
624.000000,185.000000,0.049283,1464962944.000000,0.701320,0,1
144,137,131,124,110,108,88,87,
223.000000,186.000000,0.036845,267262720.000000,0.203968,0,1
78,91,99,142,183,191,219,194,
225.000000,186.000000,0.038670,427718688.000000,0.277471,0,1
76,99,91,183,191,193,225,191,
615.000000,186.000000,0.048823,243246592.000000,0.665314,0,1
161,149,148,130,125,121,95,89,
616.000000,186.000000,0.049515,272463936.000000,0.680469,0,1
159,149,145,128,122,118,90,87,
39.000000,187.000000,0.041094,6530698240.000000,0.836136,0,1
52,52,67,42,57,73,41,39,
514.000000,187.000000,0.047286,60561808.000000,0.355922,0,1
170,171,171,158,159,154,144,131,
592.000000,187.000000,0.047532,249818944.000000,0.575446,0,1
157,148,144,130,128,124,114,104,
656.000000,187.000000,0.053158,2097431168.000000,0.592419,0,1
59,119,52,137,71,42,70,68,
510.000000,188.000000,0.053093,107683352.000000,0.205409,0,1
169,164,164,150,151,146,134,126,
42.000000,189.000000,0.041040,4782440960.000000,0.581570,0,1
89,63,98,44,78,78,45,71,
476.000000,189.000000,0.054148,117179984.000000,0.150507,0,1
168,163,162,148,146,142,133,125,
637.000000,189.000000,0.052340,159499104.000000,0.538062,0,1
75,84,77,103,101,90,130,90,
451.000000,191.000000,0.053394,135669216.000000,0.240740,0,1
163,146,149,129,139,139,100,117,
99.000000,192.000000,0.041104,3834528000.000000,0.499890,0,1
79,82,140,140,148,185,141,128,
240.000000,192.000000,0.052897,101753592.000000,0.498830,0,1
153,147,147,137,132,129,122,117,
359.000000,192.000000,0.047428,158473392.000000,0.199621,0,1
162,145,166,144,146,143,131,133,
360.000000,192.000000,0.047849,159253888.000000,0.199157,0,1
169,157,161,145,146,142,129,133,
437.000000,192.000000,0.053455,225610816.000000,0.208533,0,1
155,140,143,129,128,121,114,124,
444.000000,192.000000,0.054363,163923872.000000,0.230155,0,1
148,133,136,122,125,125,114,112,
454.000000,192.000000,0.053581,71630352.000000,0.251067,0,1
144,139,146,103,109,119,116,123,
468.000000,192.000000,0.053976,126690944.000000,0.291018,0,1
144,141,133,135,137,137,122,118,
480.000000,192.000000,0.053716,131614264.000000,0.322677,0,1
129,131,133,127,119,122,111,106,
552.000000,192.000000,0.051480,75730136.000000,0.215366,0,1
131,126,118,106,109,105,106,113,
669.000000,192.000000,0.057548,207485536.000000,0.814743,0,1
41,29,34,38,45,55,39,33,
236.000000,193.000000,0.051957,175857536.000000,0.502486,0,1
149,142,141,130,129,122,113,104,
296.000000,193.000000,0.051191,89396920.000000,0.350667,0,1
147,150,155,149,140,128,121,126,
424.000000,193.000000,0.054592,266135088.000000,0.187092,0,1
162,168,156,156,161,133,134,119,
568.000000,193.000000,0.045449,45002744.000000,0.482070,0,1
102,113,103,100,112,100,96,89,
583.000000,193.000000,0.051651,155741152.000000,0.614013,0,1
84,69,71,84,85,84,84,81,
222.000000,194.000000,0.051843,9175096320.000000,0.848917,0,1
123,93,129,51,105,113,66,69,
224.000000,194.000000,0.051515,2711334912.000000,0.839204,0,1
133,129,127,105,113,113,88,84,
287.000000,194.000000,0.051495,169618176.000000,0.265191,0,1
133,123,130,115,125,149,136,122,
292.000000,194.000000,0.050248,100726536.000000,0.352695,0,1
134,139,144,155,145,121,136,114,
547.000000,194.000000,0.056607,51357892.000000,0.297750,0,1
105,103,101,115,115,114,123,110,
562.000000,195.000000,0.052888,29895544.000000,0.237346,0,1
102,107,104,99,95,90,88,84,
182.000000,196.000000,0.050554,301940096.000000,1.018763,0,1
134,128,126,112,113,107,99,85,
199.000000,196.000000,0.050950,256468800.000000,0.937210,0,1
123,111,117,99,95,92,78,78,
409.000000,197.000000,0.061633,260921712.000000,0.198594,0,1
139,140,147,127,145,135,126,108,
314.000000,198.000000,0.061261,146652544.000000,0.566272,0,1
131,131,132,121,123,126,112,105,
407.000000,198.000000,0.060662,201768720.000000,0.262404,0,1
137,123,130,109,118,126,108,101,
86.000000,201.000000,0.045812,43275500.000000,1.298734,0,1
81,76,79,68,71,70,62,57,
240.000000,205.000000,0.061352,270680832.000000,0.470918,0,1
102,119,120,137,133,116,154,139,
342.000000,205.000000,0.063313,165876416.000000,0.239375,0,1
118,100,118,103,123,126,134,142,
344.000000,205.000000,0.063582,103697968.000000,0.237336,0,1
125,118,117,123,126,118,146,133,
353.000000,205.000000,0.060950,35584932.000000,0.211476,0,1
111,118,111,127,122,115,139,137,
386.000000,205.000000,0.044848,82463464.000000,0.167727,0,1
96,104,101,106,110,105,122,119,
249.000000,206.000000,0.049435,109031040.000000,0.340315,0,1
109,109,104,119,119,115,136,134,
256.000000,206.000000,0.040556,111254160.000000,0.184196,0,1
70,75,61,94,76,61,99,94,
424.000000,206.000000,0.067922,66939544.000000,0.289764,0,1
115,123,106,120,110,110,111,98,
500.000000,206.000000,0.069607,149134304.000000,0.563560,0,1
76,81,81,90,91,91,97,100,
331.000000,207.000000,0.062038,125298952.000000,0.258247,0,1
110,119,118,121,136,144,144,130,
362.000000,207.000000,0.068105,235222384.000000,0.241919,0,1
130,120,126,115,118,125,96,87,
423.000000,207.000000,0.068284,79176800.000000,0.292679,0,1
123,120,110,110,111,103,104,99,
506.000000,207.000000,0.068207,442566432.000000,0.573386,0,1
86,87,90,102,102,96,118,119,
352.000000,208.000000,0.066297,304701344.000000,0.248197,0,1
139,144,137,116,125,121,99,90,
361.000000,208.000000,0.068152,335877152.000000,0.287564,0,1
120,115,118,101,96,105,83,92,
404.000000,208.000000,0.071554,68603992.000000,0.275931,0,1
95,99,103,88,91,93,81,87,
604.000000,208.000000,0.042081,110805968.000000,0.543773,0,1
71,61,66,54,54,56,52,47,
610.000000,208.000000,0.042290,627457152.000000,0.554292,0,1
49,54,43,54,45,38,49,40,
484.000000,209.000000,0.054280,53546488.000000,0.198845,0,1
101,100,101,117,114,119,120,122,
389.000000,210.000000,0.069437,116570912.000000,0.255494,0,1
104,95,82,101,94,86,120,113,
409.000000,210.000000,0.073474,64414516.000000,0.344354,0,1
98,92,95,94,99,100,108,116,
433.000000,210.000000,0.067971,115089128.000000,0.325475,0,1
109,107,106,102,93,90,89,86,
317.000000,211.000000,0.066083,117184048.000000,0.322924,0,1
94,101,100,107,114,111,121,126,
320.000000,211.000000,0.068156,57694464.000000,0.329741,0,1
100,99,105,111,120,120,123,126,
422.000000,211.000000,0.073507,205996496.000000,0.336688,0,1
100,105,111,115,121,121,127,135,
376.000000,212.000000,0.070492,113284592.000000,0.270167,0,1
107,104,108,104,110,121,120,120,
517.000000,212.000000,0.072311,89034792.000000,0.443976,0,1
89,98,86,115,104,106,121,128,
431.000000,213.000000,0.076362,52440620.000000,0.324761,0,1
96,109,91,124,108,97,122,120,
459.000000,213.000000,0.073048,82165336.000000,0.299058,0,1
105,105,103,89,89,98,83,84,
292.000000,214.000000,0.072688,46808316.000000,0.755252,0,1
84,80,84,91,93,95,99,104,
508.000000,214.000000,0.075429,130570912.000000,0.445417,0,1
125,131,147,123,135,143,112,114,
237.000000,215.000000,0.063105,117360592.000000,0.510183,0,1
128,124,130,117,122,128,99,84,
248.000000,215.000000,0.065073,133553120.000000,0.501588,0,1
130,133,131,126,124,122,104,87,
369.000000,215.000000,0.073716,51813520.000000,0.301973,0,1
120,112,113,120,119,116,136,122,
223.000000,216.000000,0.052881,1577412096.000000,0.436102,0,1
91,81,98,61,84,91,64,71,
231.000000,216.000000,0.066821,100991320.000000,0.442317,0,1
112,109,110,94,93,95,82,77,
239.000000,216.000000,0.068126,202811328.000000,0.412248,0,1
130,126,132,101,105,109,84,77,
248.000000,216.000000,0.067679,164809424.000000,0.530705,0,1
132,124,124,105,104,106,83,85,
426.000000,216.000000,0.067275,159882224.000000,0.331393,0,1
128,127,124,110,112,109,101,104,
484.000000,216.000000,0.079845,40119532.000000,0.236552,0,1
119,121,128,100,107,113,95,118,
323.000000,217.000000,0.072003,94664728.000000,0.268085,0,1
148,146,147,129,135,135,108,99,
343.000000,217.000000,0.072924,279558528.000000,0.331980,0,1
136,132,135,117,115,118,111,115,
349.000000,217.000000,0.071622,30261114.000000,0.145954,0,1
135,141,142,121,128,133,107,107,
352.000000,218.000000,0.070769,101964600.000000,0.308434,0,1
138,133,129,108,110,111,102,98,
381.000000,218.000000,0.071041,61716888.000000,0.206650,0,1
129,126,129,116,114,111,105,106,
388.000000,218.000000,0.072953,45056108.000000,0.213954,0,1
117,120,109,110,106,94,101,94,
405.000000,218.000000,0.067802,77848760.000000,0.371215,0,1
106,116,109,101,102,99,94,86,
411.000000,218.000000,0.063671,56183128.000000,0.351384,0,1
96,107,107,98,95,97,88,82,
360.000000,219.000000,0.069669,122801616.000000,0.296779,0,1
118,110,113,101,108,112,86,84,
370.000000,220.000000,0.067672,165622752.000000,0.282501,0,1
121,114,117,104,105,107,93,87,
208.000000,224.000000,0.051726,367349440.000000,0.928807,0,1
37,46,31,52,37,27,43,36,
375.000000,225.000000,0.068072,22526554.000000,0.303362,0,1
92,88,84,84,76,68,75,71,
376.000000,225.000000,0.061818,149935504.000000,0.298685,0,1
91,86,80,80,71,68,73,71,
142.000000,226.000000,0.041650,46014288.000000,0.642113,0,1
37,32,37,30,34,37,30,30,
501.000000,226.000000,0.053332,75050176.000000,0.288829,0,1
98,107,99,95,91,84,92,92,
355.000000,227.000000,0.061923,109052616.000000,0.503963,0,1
81,81,76,85,78,75,73,68,
151.000000,228.000000,0.036548,73000776.000000,0.435665,0,1
51,48,54,42,43,43,41,39,
345.000000,228.000000,0.070923,6767117.000000,0.380746,0,1
92,84,81,82,78,79,68,68,
393.000000,228.000000,0.073481,6523027.500000,0.219953,0,1
66,62,65,57,61,61,53,50,
402.000000,228.000000,0.071410,3996481.250000,0.148621,0,1
71,68,65,61,59,56,56,52,
191.000000,230.000000,0.070586,10318208.000000,1.319898,0,1
55,51,54,43,42,42,38,35,
576.000000,230.000000,0.061658,34931308.000000,0.569256,0,1
43,49,42,40,36,33,34,31,
222.000000,232.000000,0.049027,84614784.000000,0.415020,0,1
37,32,46,28,42,49,32,34,
172.000000,234.000000,0.065882,102804848.000000,1.302187,0,1
42,45,45,38,39,40,33,29,
577.000000,235.000000,0.069197,41506324.000000,0.474249,0,1
33,36,36,31,31,32,26,22,
449.000000,236.000000,0.059359,10115843.000000,0.153324,0,1
58,62,57,54,54,53,47,48,
559.000000,236.000000,0.038888,29907560.000000,0.511561,0,1
48,45,45,42,39,37,33,27,
440.000000,237.000000,0.068107,10053535.000000,0.173566,0,1
64,66,63,56,55,53,48,46,
541.000000,238.000000,0.027157,30854304.000000,0.247769,0,1
60,62,60,53,52,51,36,27,
544.000000,238.000000,0.036128,28641292.000000,0.349775,0,1
55,59,53,52,49,45,35,27,
324.000000,239.000000,0.032747,61206232.000000,0.162742,0,1
84,76,81,65,73,78,63,62,
371.000000,239.000000,0.069342,9790826.000000,0.162130,0,1
61,55,60,50,52,50,46,46,
236.000000,240.000000,0.064083,20425330.000000,0.637595,0,1
35,32,32,29,29,31,26,23,
400.000000,240.000000,0.078803,25482844.000000,0.331349,0,1
46,43,43,39,38,39,35,32,
478.000000,240.000000,0.085123,105523864.000000,0.353274,0,1
57,45,46,40,40,39,36,33,
482.000000,240.000000,0.085104,118442816.000000,0.358341,0,1
60,46,46,39,38,38,34,32,
496.000000,240.000000,0.083490,97081808.000000,0.302844,0,1
54,42,42,35,35,37,31,33,
522.000000,240.000000,0.086241,50908888.000000,0.362427,0,1
53,41,40,35,34,33,31,32,
543.000000,240.000000,0.076013,6054159.000000,0.353602,0,1
51,35,34,27,27,27,23,21,
289.000000,241.000000,0.053952,9522858.000000,0.184938,0,1
66,61,63,52,54,55,45,41,
271.000000,242.000000,0.052765,25745528.000000,0.376615,0,1
54,43,51,29,36,41,26,25,
452.000000,242.000000,0.054715,31517658.000000,0.396069,0,1
44,45,44,41,40,40,35,30,
342.000000,243.000000,0.091577,74990040.000000,0.353429,0,1
51,51,48,47,44,42,37,31,
350.000000,243.000000,0.090266,65314772.000000,0.336176,0,1
49,46,46,40,39,39,34,29,
352.000000,243.000000,0.089591,55565904.000000,0.392838,0,1
50,46,45,39,39,38,33,28,
416.000000,244.000000,0.054599,17396672.000000,0.395248,0,1
36,34,34,30,31,33,27,26,
440.000000,244.000000,0.072441,7084823.500000,0.494638,0,1
39,35,35,33,31,29,31,27,
327.000000,245.000000,0.096541,108627568.000000,0.400785,0,1
57,47,52,39,41,43,30,29,
328.000000,245.000000,0.079769,43722108.000000,0.483880,0,1
57,50,50,39,43,42,31,29,
324.000000,264.000000,0.058789,3804074.000000,0.302498,0,1
21,21,24,19,22,27,20,20,
528.000000,264.000000,0.043652,5073021.000000,0.535146,0,1
19,20,19,22,20,19,20,18,
256.000000,216.000000,0.035823,599269312.000000,0.229191,0,1
83,91,64,91,70,51,71,64,
208.000000,216.000000,0.052175,1689633280.000000,0.579950,0,1
49,66,37,80,45,31,54,42,
207.000000,216.000000,0.052711,971865472.000000,0.467781,0,1
64,84,48,91,61,35,69,54,
207.000000,210.000000,0.053047,912504192.000000,0.924111,0,1
60,76,47,95,64,38,78,61,
221.000000,208.000000,0.051767,4517067264.000000,0.540334,0,1
67,57,96,50,80,116,62,77,
528.000000,201.000000,0.062542,223399072.000000,0.580948,0,1
136,119,155,80,111,154,81,85,
221.000000,201.000000,0.052387,3557581824.000000,0.539566,0,1
72,58,84,50,70,89,56,62,
207.000000,201.000000,0.052528,2622125056.000000,0.575092,0,1
46,60,40,78,57,37,74,56,
527.000000,200.000000,0.061806,179690224.000000,0.566745,0,1
124,128,136,82,119,155,80,81,
523.000000,197.000000,0.057988,587129088.000000,0.503422,0,1
136,150,144,95,125,135,82,79,
519.000000,195.000000,0.056640,225191664.000000,0.472767,0,1
118,115,135,100,113,150,96,88,
459.000000,195.000000,0.056096,199765520.000000,0.285020,0,1
136,137,149,121,137,128,122,105,
206.000000,195.000000,0.052738,7888270848.000000,0.922094,0,1
98,120,56,116,92,20,80,52,
208.000000,194.000000,0.052863,9268651008.000000,0.915327,0,1
20,54,19,97,20,18,54,21,
208.000000,188.000000,0.052874,8442926080.000000,0.445557,0,1
21,55,20,149,21,20,55,21,
368.000000,187.000000,0.045894,184613168.000000,0.097624,0,1
241,222,224,209,192,167,174,171,
484.000000,185.000000,0.045575,428138240.000000,0.265253,0,1
252,234,234,178,206,204,168,151,
427.000000,185.000000,0.050439,296335040.000000,0.160606,0,1
255,255,240,245,235,214,224,192,
265.000000,184.000000,0.041634,1236386688.000000,0.233734,0,1
47,37,120,28,86,150,63,131,
360.000000,181.000000,0.038744,180149440.000000,0.074878,0,1
112,93,105,94,150,152,189,236,
304.000000,176.000000,0.034603,762136832.000000,0.129255,0,1
150,221,153,239,200,131,197,177,
623.000000,127.000000,0.039858,285411264.000000,0.532665,0,1
15,17,17,23,24,25,35,87,
183.000000,176.000000,0.041220,10438400000.000000,0.365085,0,1
198,255,109,255,224,74,252,213,
349.000000,173.000000,0.035196,86706720.000000,0.274456,0,1
75,73,85,84,95,99,111,124,
563.000000,172.000000,0.024196,8288964608.000000,0.219649,0,1
172,247,107,255,176,118,241,173,
351.000000,134.000000,0.043455,51587168.000000,0.066610,0,1
56,66,65,120,121,122,219,255,
359.000000,134.000000,0.043687,57136724.000000,0.066414,0,1
52,64,63,127,131,132,227,255,
511.000000,171.000000,0.034538,1891321728.000000,0.231643,0,1
229,138,214,109,153,157,105,102,
333.000000,135.000000,0.025500,281942080.000000,0.044966,0,1
55,64,84,72,152,162,162,255,
317.000000,170.000000,0.035698,531534784.000000,0.111307,0,1
88,92,93,104,155,130,187,255,
571.000000,136.000000,0.019777,65053640.000000,0.182927,0,1
183,255,253,237,221,217,96,82,
541.000000,138.000000,0.019877,478811456.000000,0.066996,0,1
215,253,202,252,187,122,243,238,
432.000000,168.000000,0.034154,104554320.000000,0.061928,0,1
255,255,255,227,217,181,157,126,
266.000000,168.000000,0.041588,1185056896.000000,0.223776,0,1
81,36,71,38,80,130,118,160,
516.000000,167.000000,0.035330,2214738432.000000,0.246128,0,1
105,137,116,221,182,122,255,202,
504.000000,142.000000,0.034829,2682800384.000000,0.217140,0,1
254,156,226,217,204,255,138,144,
490.000000,165.000000,0.036113,1099937536.000000,0.202161,0,1
174,204,247,170,196,255,170,195,
305.000000,165.000000,0.025827,220972944.000000,0.070481,0,1
104,89,105,80,132,169,129,131,
284.000000,143.000000,0.035386,711575936.000000,0.154218,0,1
234,211,253,175,190,226,121,122,
519.000000,143.000000,0.034451,3287828992.000000,0.242073,0,1
189,213,254,181,147,255,135,114,
520.000000,143.000000,0.034773,1520070912.000000,0.169617,0,1
255,166,255,170,249,255,134,216,
236.000000,144.000000,0.032350,323262272.000000,0.108797,0,1
120,234,103,255,158,140,253,228,
519.000000,144.000000,0.034621,3247958528.000000,0.243424,0,1
166,170,249,128,134,255,130,90,
610.000000,144.000000,0.041782,4535145984.000000,0.360365,0,1
196,255,129,255,196,98,247,187,
487.000000,162.000000,0.034747,161357632.000000,0.076953,0,1
255,205,255,112,189,205,105,149,
457.000000,162.000000,0.032076,103376896.000000,0.082999,0,1
255,207,255,138,145,250,104,161,
502.000000,145.000000,0.034790,965503744.000000,0.145847,0,1
217,255,130,255,220,154,236,206,
293.000000,147.000000,0.035957,187504544.000000,0.142984,0,1
225,231,250,213,229,246,188,207,
298.000000,147.000000,0.038269,98608864.000000,0.114029,0,1
248,255,251,242,218,252,188,199,
255.000000,161.000000,0.040075,2330508032.000000,0.230852,0,1
64,97,37,121,92,27,59,45,
263.000000,160.000000,0.041660,6551328256.000000,0.347891,0,1
49,31,110,27,47,152,31,41,
504.000000,149.000000,0.034636,1598321920.000000,0.215601,0,1
119,124,122,190,181,137,238,254,
562.000000,149.000000,0.024461,7915637760.000000,0.219030,0,1
138,243,115,255,196,103,255,205,
310.000000,150.000000,0.033226,735739712.000000,0.135287,0,1
169,164,171,80,145,140,102,94,
288.000000,158.000000,0.034086,309569280.000000,0.142986,0,1
82,82,62,111,103,126,147,197,
324.000000,151.000000,0.034034,356725824.000000,0.088056,0,1
195,149,222,208,226,255,254,115,
400.000000,156.000000,0.025870,12792341.000000,0.015926,0,1
177,149,178,205,205,219,246,255,
537.000000,151.000000,0.034106,2534301952.000000,0.272674,0,1
229,238,255,191,211,255,214,216,
263.000000,154.000000,0.041685,9088402432.000000,0.346768,0,1
63,33,119,29,58,165,32,53,
313.000000,152.000000,0.034861,754011392.000000,0.107725,0,1
154,131,213,89,127,236,52,110,
502.000000,152.000000,0.034722,1402436352.000000,0.145763,0,1
189,108,238,143,189,255,216,255,
562.000000,152.000000,0.024532,8426254848.000000,0.219799,0,1
203,254,126,255,215,110,255,223,
273.000000,153.000000,0.034246,318225952.000000,0.164910,0,1
241,253,237,186,190,131,110,75,
468.000000,150.000000,0.036068,1188885888.000000,0.157628,0,1
211,255,121,255,173,119,249,110,
285.000000,150.000000,0.034582,1730697984.000000,0.148756,0,1
112,79,189,98,109,206,109,126,
438.000000,176.000000,0.031153,186596240.000000,0.096896,0,1
255,210,230,162,228,253,175,176,
502.000000,143.000000,0.035227,1170831744.000000,0.148037,0,1
215,255,142,255,217,175,255,220,
447.000000,130.000000,0.055575,726121216.000000,0.208051,0,1
44,74,130,78,179,242,152,242,
359.000000,167.000000,0.039345,83224200.000000,0.059295,0,1
154,129,238,74,194,206,84,76,
359.000000,168.000000,0.031863,107553944.000000,0.050902,0,1
212,133,202,65,91,104,72,77,
271.000000,135.000000,0.040137,398953664.000000,0.202696,0,1
21,23,24,27,33,35,79,214,
340.000000,177.000000,0.034427,123806928.000000,0.081071,0,1
79,72,128,82,120,144,130,163,
335.000000,176.000000,0.034274,881611520.000000,0.085972,0,1
144,231,120,255,172,106,221,133,
337.000000,165.000000,0.033401,301762656.000000,0.072593,0,1
247,219,146,125,188,91,97,73,
378.000000,172.000000,0.032582,76115128.000000,0.103889,0,1
149,124,117,115,126,110,102,92,
