# timestamp
1608635224055025152

# fx, fy, cx, cy, width, height, npoints
501.485229,501.475403,421.785583,167.665543,800,400,678

# camToWorld: translation vector, rotation quaternion
-22.229018,84.738918,7.140087,0.623915,0.356354,-0.367708,-0.590367

# Exposure time (ms)
0.272854

# GPS Data
# GPSData: Covariance matrix
0.000013,0.000000,0.000000,0.000000,0.000028,0.000000,0.000000,0.000000,0.000051

# GPSData: GPS point
86.107977,-6.505997,6.340928

# Point Cloud Data : 
# u,v,idepth_scaled,idepth_hessian,maxRelBaseline,numGoodRes,status 
# color information 
736.000000,73.000000,0.014263,173603184.000000,0.801105,0,1
25,37,35,61,58,53,66,67,
693.000000,66.000000,0.015043,175019200.000000,0.462640,0,1
83,79,81,57,66,71,37,43,
697.000000,67.000000,0.015551,97148528.000000,0.295621,0,1
82,72,73,39,47,55,36,55,
710.000000,68.000000,0.014634,426060544.000000,0.952457,0,1
82,76,76,49,55,62,37,47,
714.000000,68.000000,0.014350,111975840.000000,0.238297,0,1
83,79,80,62,69,69,33,38,
732.000000,68.000000,0.013991,1747194.875000,0.042381,0,1
84,80,77,68,58,49,27,24,
719.000000,72.000000,0.015188,165214832.000000,0.919867,0,1
34,51,46,64,63,61,67,66,
727.000000,72.000000,0.014314,353293632.000000,0.846831,0,1
28,37,33,55,53,50,65,66,
733.000000,72.000000,0.013404,506095200.000000,0.515986,0,1
26,27,26,48,42,37,61,66,
691.000000,79.000000,0.016733,589345536.000000,1.135063,0,1
66,64,66,59,57,58,44,26,
687.000000,80.000000,0.016030,26425174.000000,0.323170,0,1
63,42,52,27,31,52,19,29,
692.000000,80.000000,0.016147,253710784.000000,0.307199,0,1
66,57,58,44,27,42,26,22,
703.000000,80.000000,0.016138,3971564288.000000,1.036560,0,1
66,59,57,52,36,33,33,23,
704.000000,80.000000,0.016259,1924802304.000000,1.035113,0,1
65,57,58,45,33,34,22,16,
712.000000,80.000000,0.015332,375037888.000000,0.956563,0,1
66,64,63,45,52,54,19,17,
732.000000,83.000000,0.015066,106979632.000000,0.196576,0,1
65,60,57,40,29,49,27,25,
733.000000,88.000000,0.013812,2998363136.000000,0.785957,0,1
34,27,50,29,36,42,28,36,
699.000000,97.000000,0.016929,207981472.000000,1.073704,0,1
29,29,43,53,47,52,67,67,
716.000000,98.000000,0.014140,120405008.000000,0.891196,0,1
15,22,26,51,48,44,63,66,
731.000000,98.000000,0.013334,200818528.000000,0.332488,0,1
31,42,28,54,43,44,61,66,
687.000000,110.000000,0.016126,13307812.000000,0.046120,0,1
63,58,58,33,29,50,18,22,
712.000000,110.000000,0.016319,18932742.000000,0.220353,0,1
61,51,55,18,25,46,10,18,
691.000000,112.000000,0.015125,39186160.000000,0.044520,0,1
40,47,19,47,30,21,47,30,
731.000000,112.000000,0.015835,95817696.000000,0.186368,0,1
52,42,29,45,28,29,40,29,
697.000000,113.000000,0.016275,5994032128.000000,1.051711,0,1
25,42,16,44,27,15,42,29,
697.000000,126.000000,0.016321,3222487808.000000,1.049691,0,1
30,44,20,43,31,21,51,58,
731.000000,126.000000,0.012990,976363968.000000,0.761695,0,1
31,42,27,47,44,44,58,61,
699.000000,128.000000,0.016809,75168376.000000,1.054194,0,1
21,41,41,58,57,57,61,62,
686.000000,140.000000,0.016779,894321728.000000,0.763897,0,1
61,57,54,47,30,25,23,14,
712.000000,141.000000,0.015099,30362226.000000,0.224763,0,1
49,23,44,21,31,40,22,33,
695.000000,144.000000,0.015607,409210368.000000,0.432204,0,1
19,9,28,9,19,30,11,22,
525.000000,146.000000,0.013646,4027228928.000000,2.641149,0,1
50,50,36,39,35,25,48,30,
683.000000,149.000000,0.017078,84337688.000000,1.167541,0,1
43,31,39,22,32,26,26,29,
719.000000,153.000000,0.032912,16273747.000000,0.357923,0,1
19,19,22,45,51,55,77,89,
727.000000,186.000000,0.027751,7354917.000000,0.088101,0,1
49,49,48,47,37,38,38,33,
729.000000,190.000000,0.025570,23753488.000000,0.085384,0,1
27,34,18,37,23,14,24,16,
674.000000,191.000000,0.041376,115135352.000000,1.372040,0,1
25,16,15,20,26,32,40,46,
711.000000,194.000000,0.018491,4162611.250000,0.055724,0,1
47,48,45,42,40,34,31,23,
727.000000,194.000000,0.027596,28423008.000000,0.089059,0,1
29,38,21,38,30,14,33,17,
714.000000,195.000000,0.018261,2628539.750000,0.054581,0,1
46,34,33,25,24,25,18,13,
699.000000,196.000000,0.020051,3107654.000000,0.058930,0,1
47,46,42,40,34,34,26,25,
681.000000,197.000000,0.046156,836020.000000,0.101392,0,1
48,45,43,39,41,40,34,31,
699.000000,228.000000,0.071224,25851322.000000,0.202143,0,1
14,15,23,29,36,51,55,63,
687.000000,230.000000,0.073733,18180444.000000,0.203417,0,1
14,18,21,25,34,49,53,55,
688.000000,230.000000,0.074759,15217276.000000,0.205551,0,1
15,19,23,29,41,54,55,54,
671.000000,234.000000,0.062816,17682976.000000,0.167037,0,1
17,17,21,23,29,42,32,31,
677.000000,235.000000,0.067964,4802420.000000,0.151932,0,1
30,41,28,51,39,28,35,32,
690.000000,244.000000,0.113269,76043200.000000,1.465772,0,1
21,20,25,22,29,38,34,44,
708.000000,247.000000,0.117089,94632416.000000,1.359153,0,1
21,22,21,35,31,28,44,48,
676.000000,248.000000,0.110863,23585548.000000,2.531962,0,1
47,50,49,71,66,60,76,66,
703.000000,252.000000,0.116903,1718698.875000,0.328745,0,1
45,53,48,73,68,59,79,62,
704.000000,252.000000,0.118698,1650570.750000,0.337174,0,1
44,51,47,71,64,55,82,62,
695.000000,295.000000,0.171868,38799880.000000,0.477447,0,1
63,64,69,67,75,89,87,106,
689.000000,298.000000,0.174372,54293380.000000,0.478911,0,1
64,68,78,74,89,100,97,111,
652.000000,28.000000,0.001560,561736256.000000,0.237293,0,1
126,124,124,123,123,123,121,120,
635.000000,62.000000,0.014700,279376832.000000,1.469440,0,1
81,79,83,80,79,79,68,45,
652.000000,62.000000,0.016682,1312169472.000000,1.442065,0,1
85,79,79,57,59,63,43,51,
661.000000,63.000000,0.016577,217523424.000000,0.619957,0,1
84,77,79,50,58,65,38,54,
664.000000,63.000000,0.016257,237538352.000000,0.598680,0,1
85,80,82,63,66,69,39,45,
672.000000,63.000000,0.015788,187765520.000000,0.555516,0,1
85,84,84,76,79,80,56,40,
649.000000,64.000000,0.018413,199118672.000000,1.537909,0,1
55,42,42,60,57,53,66,68,
671.000000,64.000000,0.016311,310082560.000000,0.869407,0,1
84,76,79,52,56,62,41,49,
658.000000,65.000000,0.017796,172631552.000000,1.432140,0,1
47,45,41,60,60,57,67,68,
679.000000,65.000000,0.015911,252722128.000000,0.814418,0,1
82,74,76,44,53,60,36,53,
680.000000,65.000000,0.015910,265745744.000000,0.809283,0,1
82,75,77,48,57,62,33,50,
671.000000,77.000000,0.017250,669294016.000000,1.298301,0,1
66,62,65,39,44,50,22,18,
675.000000,78.000000,0.016376,103560488.000000,0.361313,0,1
64,52,57,20,26,56,14,18,
675.000000,80.000000,0.016636,156039136.000000,0.083377,0,1
26,14,43,14,18,42,14,20,
665.000000,86.000000,0.017233,11167510528.000000,1.327136,0,1
32,43,20,51,34,16,42,31,
632.000000,95.000000,0.017139,13804681216.000000,1.093171,0,1
43,29,59,23,42,63,33,59,
660.000000,95.000000,0.016758,40283676.000000,0.411540,0,1
25,30,34,48,44,51,62,65,
680.000000,95.000000,0.015890,2845675264.000000,1.156867,0,1
26,26,34,39,29,45,45,63,
632.000000,96.000000,0.017162,16867989504.000000,1.588906,0,1
42,28,59,27,46,63,55,62,
641.000000,98.000000,0.036503,314552224.000000,1.104088,0,1
64,62,57,54,44,46,37,34,
666.000000,109.000000,0.017062,24867188.000000,0.081254,0,1
64,63,62,59,52,52,30,21,
658.000000,110.000000,0.017415,3250059264.000000,0.617852,0,1
64,60,49,63,37,22,55,38,
675.000000,112.000000,0.016380,131733232.000000,0.080809,0,1
37,20,51,20,32,52,22,33,
641.000000,119.000000,0.035430,76295448.000000,0.157557,0,1
53,61,43,63,52,47,63,53,
658.000000,128.000000,0.017575,972400832.000000,0.614464,0,1
38,56,37,62,58,56,62,62,
666.000000,128.000000,0.016490,18555468.000000,0.539438,0,1
24,45,39,59,57,56,62,62,
676.000000,128.000000,0.018883,327191264.000000,1.283643,0,1
41,44,56,58,60,60,63,62,
658.000000,142.000000,0.016900,94504536.000000,0.077662,0,1
62,62,57,62,40,21,56,38,
658.000000,144.000000,0.017441,1090471680.000000,0.397677,0,1
40,56,22,60,38,16,57,38,
669.000000,144.000000,0.016402,103173424.000000,0.357254,0,1
31,17,45,16,32,44,18,31,
672.000000,144.000000,0.017136,1106922624.000000,0.544585,0,1
30,44,18,46,30,15,45,30,
633.000000,146.000000,0.017302,145873984.000000,0.072512,0,1
40,21,53,13,35,57,19,33,
657.000000,154.000000,0.028028,62349536.000000,1.227288,0,1
30,32,30,43,40,22,45,37,
407.000000,159.000000,0.054323,762438208.000000,8.799158,0,1
25,27,23,26,27,33,29,42,
408.000000,159.000000,0.044747,832950976.000000,6.167193,0,1
23,26,29,27,26,37,38,43,
570.000000,166.000000,0.041667,17053652.000000,3.194599,0,1
18,20,11,23,14,8,28,26,
445.000000,168.000000,0.053768,81307896.000000,5.168978,0,1
24,30,20,32,30,16,27,28,
427.000000,178.000000,0.034655,23548372.000000,7.210004,0,1
28,20,35,16,29,31,22,25,
670.000000,191.000000,0.036164,14558563.000000,0.919357,0,1
16,17,17,15,14,20,34,46,
599.000000,192.000000,0.077186,5414592.000000,2.009273,0,1
15,21,16,27,24,21,29,25,
665.000000,192.000000,0.037254,51525068.000000,0.969828,0,1
24,16,15,15,20,27,39,45,
672.000000,192.000000,0.036487,166994288.000000,0.916497,0,1
16,17,22,36,41,41,42,48,
659.000000,193.000000,0.038036,129514720.000000,1.028268,0,1
26,15,15,19,25,32,40,46,
655.000000,194.000000,0.037056,50407120.000000,0.174251,0,1
16,12,16,22,34,40,38,35,
642.000000,218.000000,0.033749,13707314.000000,0.155478,0,1
19,23,15,22,18,12,23,17,
615.000000,222.000000,0.052816,26493680.000000,0.222401,0,1
14,13,16,32,35,30,48,52,
617.000000,224.000000,0.054848,8040052.000000,0.233572,0,1
30,55,60,52,61,65,45,52,
612.000000,228.000000,0.056868,14931043.000000,0.240052,0,1
57,51,47,39,32,28,28,24,
516.000000,230.000000,0.084722,167006704.000000,5.099780,0,1
55,55,57,64,67,72,76,67,
506.000000,231.000000,0.084598,66308732.000000,5.377826,0,1
59,60,60,65,69,73,83,74,
516.000000,232.000000,0.081291,9356285.000000,5.088274,0,1
67,76,74,70,67,62,61,60,
589.000000,232.000000,0.097227,165944384.000000,3.630121,0,1
26,30,29,41,42,40,46,48,
630.000000,232.000000,0.065717,12398945.000000,0.306022,0,1
45,40,41,29,33,32,25,24,
655.000000,232.000000,0.056312,15428622.000000,0.280770,0,1
19,29,22,61,43,24,54,40,
657.000000,235.000000,0.057280,44396108.000000,0.285667,0,1
30,43,24,35,36,22,28,23,
629.000000,242.000000,0.103862,16824984.000000,0.509026,0,1
48,57,52,78,73,64,86,80,
619.000000,244.000000,0.109208,64261176.000000,0.514293,0,1
61,57,60,67,73,78,86,84,
599.000000,247.000000,0.112725,33350502.000000,0.496761,0,1
62,63,63,65,67,68,77,99,
604.000000,247.000000,0.112483,69200992.000000,0.504535,0,1
61,65,64,70,80,88,95,92,
608.000000,249.000000,0.115200,61693428.000000,0.526951,0,1
91,95,89,82,74,71,67,66,
587.000000,250.000000,0.115632,77298552.000000,0.489529,0,1
64,64,67,71,79,86,94,98,
601.000000,250.000000,0.115970,71267760.000000,0.517821,0,1
91,99,99,96,84,74,69,65,
576.000000,256.000000,0.120844,54716564.000000,0.497000,0,1
99,87,80,75,72,69,68,68,
585.000000,286.000000,0.153811,29524334.000000,4.174190,0,1
67,55,60,61,61,63,69,71,
622.000000,222.000000,0.051229,4616416.000000,0.226890,0,1
9,11,11,16,17,12,50,56,
633.000000,194.000000,0.080655,12778933.000000,0.371044,0,1
10,12,11,19,17,15,29,27,
632.000000,79.000000,0.017173,9736928256.000000,1.606667,0,1
65,54,63,35,54,64,33,54,
632.000000,80.000000,0.017162,14470827008.000000,1.604888,0,1
60,38,62,30,53,65,35,56,
633.000000,128.000000,0.017160,1525829888.000000,0.484172,0,1
45,23,56,22,47,61,43,60,
633.000000,126.000000,0.017159,1996014848.000000,0.484596,0,1
46,24,56,19,45,61,23,47,
632.000000,111.000000,0.017026,2550583296.000000,0.724668,0,1
59,33,52,19,32,58,19,31,
658.000000,112.000000,0.017438,4741936128.000000,0.615428,0,1
37,55,23,63,38,19,55,38,
536.000000,24.000000,0.009517,1360463.125000,0.051375,0,1
118,117,117,116,115,115,114,113,
609.000000,62.000000,0.014051,881648000.000000,1.660262,0,1
83,78,79,59,64,69,50,48,
604.000000,63.000000,0.014617,1077410688.000000,1.749545,0,1
76,62,55,53,49,49,44,40,
619.000000,63.000000,0.014303,989737344.000000,1.587219,0,1
81,76,76,62,59,63,46,36,
624.000000,63.000000,0.013647,509354656.000000,1.498276,0,1
83,79,80,66,70,74,53,44,
535.000000,71.000000,0.013798,9163104.000000,0.039796,0,1
68,67,60,71,61,56,66,60,
620.000000,79.000000,0.016864,610681664.000000,1.702831,0,1
65,64,63,63,62,64,49,29,
626.000000,80.000000,0.017133,9262369792.000000,1.147178,0,1
62,55,44,53,28,26,34,27,
615.000000,81.000000,0.016197,216781472.000000,0.114658,0,1
63,63,58,62,40,29,46,28,
629.000000,90.000000,0.016925,1129812480.000000,1.616633,0,1
38,39,41,31,32,35,21,22,
619.000000,91.000000,0.018780,723248448.000000,1.256137,0,1
33,31,31,22,25,38,20,22,
609.000000,92.000000,0.016819,135515504.000000,1.872429,0,1
44,39,39,26,36,43,23,22,
41.000000,94.000000,0.047811,3305950.500000,0.129237,0,1
62,56,60,48,53,58,47,52,
611.000000,97.000000,0.016527,8031967232.000000,1.757236,0,1
38,24,52,25,37,59,25,49,
616.000000,98.000000,0.016177,179116064.000000,0.113714,0,1
24,34,24,49,37,41,56,63,
599.000000,100.000000,0.015882,519320320.000000,1.849968,0,1
23,23,24,32,38,46,50,60,
588.000000,109.000000,0.030329,2801712128.000000,1.904846,0,1
50,50,56,52,55,60,52,57,
631.000000,110.000000,0.017072,782857728.000000,0.731582,0,1
62,59,59,37,33,52,19,19,
413.000000,111.000000,0.008832,8854696.000000,0.013312,0,1
61,60,59,54,45,50,50,32,
41.000000,115.000000,0.044124,12047695.000000,0.118541,0,1
44,53,41,55,48,39,51,45,
527.000000,119.000000,0.019280,6692165120.000000,3.083807,0,1
43,36,41,34,30,35,23,20,
611.000000,129.000000,0.017333,56979440.000000,0.066889,0,1
27,18,44,20,28,51,42,55,
631.000000,129.000000,0.017060,564619840.000000,0.490416,0,1
18,20,27,36,39,54,55,60,
607.000000,130.000000,0.021407,215572784.000000,1.422869,0,1
19,22,20,35,35,40,42,49,
593.000000,131.000000,0.024179,84618008.000000,1.181521,0,1
27,21,30,25,29,34,28,34,
397.000000,137.000000,0.016062,9597805.000000,0.026229,0,1
28,22,39,21,27,40,21,26,
609.000000,143.000000,0.019813,105912088.000000,0.931123,0,1
37,35,35,27,28,27,17,15,
622.000000,143.000000,0.018567,275591008.000000,1.209093,0,1
40,34,42,24,34,45,17,24,
615.000000,144.000000,0.017341,1475575808.000000,1.735265,0,1
38,35,28,30,29,18,28,22,
606.000000,145.000000,0.013426,172788368.000000,1.532876,0,1
28,31,17,36,24,16,38,25,
626.000000,146.000000,0.016035,117558296.000000,0.115601,0,1
23,38,17,41,28,14,40,26,
407.000000,149.000000,0.053003,5528949.500000,0.080121,0,1
37,32,41,27,34,34,28,24,
615.000000,161.000000,0.039280,38655776.000000,0.969332,0,1
34,34,34,43,54,61,67,51,
526.000000,164.000000,0.047148,8283064.000000,0.129036,0,1
14,13,25,19,21,35,32,31,
591.000000,164.000000,0.038776,367930656.000000,2.793627,0,1
14,17,11,17,20,11,28,31,
593.000000,167.000000,0.038408,570165568.000000,2.760518,0,1
23,28,16,24,14,12,21,10,
592.000000,169.000000,0.038844,401624160.000000,2.067986,0,1
23,24,12,20,17,10,23,15,
431.000000,171.000000,0.061633,99863320.000000,7.715729,0,1
21,20,20,26,28,30,41,31,
591.000000,172.000000,0.039516,14336862.000000,0.257926,0,1
23,14,15,8,20,10,8,8,
557.000000,173.000000,0.039697,13143205.000000,0.124619,0,1
32,28,25,13,20,14,12,13,
159.000000,177.000000,0.030487,901137.875000,0.064420,0,1
21,20,20,21,25,21,28,34,
164.000000,182.000000,0.023874,7965545.000000,0.037638,0,1
22,31,16,37,25,13,34,23,
558.000000,196.000000,0.090478,32689232.000000,0.571944,0,1
14,12,18,10,17,21,10,17,
562.000000,204.000000,0.091178,24234824.000000,0.591601,0,1
16,22,17,23,18,13,23,18,
414.000000,206.000000,0.077241,47567880.000000,6.743168,0,1
18,20,19,20,20,21,21,23,
562.000000,212.000000,0.093906,85541112.000000,2.631739,0,1
19,22,18,23,20,14,23,20,
558.000000,220.000000,0.090524,30953914.000000,2.725306,0,1
18,10,22,9,16,24,12,19,
607.000000,223.000000,0.054424,72430144.000000,0.402253,0,1
15,16,21,26,33,42,42,62,
602.000000,224.000000,0.055798,83870296.000000,0.405491,0,1
27,28,29,39,47,47,50,49,
578.000000,230.000000,0.088422,9731706.000000,0.626621,0,1
12,16,15,36,32,27,42,43,
560.000000,231.000000,0.089797,15145252.000000,0.589988,0,1
26,34,32,50,45,43,73,65,
564.000000,232.000000,0.090293,24071212.000000,0.605337,0,1
27,41,41,62,54,48,74,59,
580.000000,234.000000,0.093711,104482776.000000,3.776067,0,1
40,46,44,61,54,48,71,64,
569.000000,254.000000,0.119369,246395744.000000,0.897993,0,1
68,69,71,80,90,96,101,94,
559.000000,255.000000,0.120855,171572128.000000,2.507205,0,1
64,66,65,67,69,70,77,100,
560.000000,255.000000,0.120642,188380640.000000,0.876751,0,1
64,65,65,68,68,74,83,102,
569.000000,256.000000,0.121778,239949504.000000,0.923796,0,1
90,101,103,101,94,85,78,69,
559.000000,259.000000,0.123679,272446400.000000,0.906427,0,1
100,103,102,91,79,71,70,66,
560.000000,259.000000,0.123657,278861152.000000,0.910150,0,1
102,105,92,85,76,69,68,66,
526.000000,263.000000,0.127533,215883488.000000,0.819871,0,1
64,66,66,73,81,85,97,101,
535.000000,264.000000,0.128372,212223824.000000,0.862701,0,1
94,101,98,94,89,80,76,70,
536.000000,264.000000,0.128447,240279968.000000,0.867221,0,1
96,101,93,92,85,75,74,69,
474.000000,274.000000,0.138668,60601120.000000,0.394519,0,1
68,66,68,72,77,83,96,110,
471.000000,275.000000,0.139270,68209528.000000,0.392558,0,1
66,67,72,76,85,96,101,106,
556.000000,278.000000,0.143465,16216031.000000,4.668900,0,1
63,67,65,71,70,70,71,71,
390.000000,279.000000,0.133975,30582902.000000,0.269739,0,1
65,79,65,102,94,75,104,107,
392.000000,279.000000,0.133605,25035550.000000,0.270902,0,1
65,65,65,94,75,66,99,104,
447.000000,279.000000,0.143834,56035060.000000,0.372202,0,1
65,64,65,65,67,71,76,100,
453.000000,279.000000,0.142176,71572064.000000,0.376825,0,1
65,67,71,78,85,94,100,105,
381.000000,280.000000,0.139303,17560198.000000,0.275031,0,1
91,84,89,68,75,82,66,68,
393.000000,280.000000,0.134582,30413998.000000,0.275847,0,1
65,75,66,99,90,75,104,104,
448.000000,280.000000,0.143186,88988440.000000,0.373246,0,1
65,67,71,76,86,93,100,108,
462.000000,280.000000,0.142069,70012072.000000,0.392941,0,1
104,107,103,102,93,83,77,67,
464.000000,280.000000,0.141663,69051088.000000,0.395007,0,1
103,103,96,93,83,74,72,67,
389.000000,282.000000,0.142484,20541044.000000,0.294162,0,1
104,97,107,79,95,96,73,70,
440.000000,282.000000,0.144545,81308712.000000,0.367618,0,1
67,69,75,80,90,98,104,107,
401.000000,283.000000,0.138214,31827276.000000,0.298387,0,1
68,77,71,101,91,75,106,109,
428.000000,285.000000,0.146579,43542176.000000,0.360056,0,1
69,74,81,86,95,101,102,102,
436.000000,286.000000,0.148691,46719168.000000,0.380224,0,1
107,108,104,99,91,81,77,72,
232.000000,296.000000,0.146715,2098343.250000,67.370575,0,1
60,61,63,63,63,65,64,64,
603.000000,67.000000,0.014815,11977419776.000000,1.766194,0,1
36,29,50,33,43,56,30,36,
621.000000,81.000000,0.016800,4675997696.000000,1.688556,0,1
63,48,61,25,42,62,35,47,
601.000000,84.000000,0.016155,4713924608.000000,1.853976,0,1
62,45,58,24,36,60,28,42,
600.000000,169.000000,0.038637,943398080.000000,1.970674,0,1
28,18,36,14,27,39,17,25,
622.000000,144.000000,0.017472,60059032.000000,0.124263,0,1
36,26,43,16,28,41,16,23,
540.000000,144.000000,0.024670,13176741.000000,1.276134,0,1
42,31,39,29,37,23,21,17,
631.000000,112.000000,0.017031,1155123200.000000,0.494277,0,1
33,19,32,17,19,49,18,19,
614.000000,112.000000,0.016165,251396544.000000,0.111906,0,1
62,60,49,58,32,20,49,27,
627.000000,79.000000,0.017149,3477853184.000000,1.648126,0,1
65,62,59,55,44,37,28,25,
568.000000,32.000000,0.010902,3843387.750000,0.097383,0,1
114,112,113,110,111,112,110,108,
590.000000,70.000000,0.014015,1028445376.000000,1.851294,0,1
48,61,54,45,39,34,30,28,
565.000000,87.000000,0.014900,342715296.000000,2.194582,0,1
63,62,62,60,59,61,48,31,
558.000000,100.000000,0.014691,5652577280.000000,2.255535,0,1
33,23,43,20,31,40,24,31,
573.000000,104.000000,0.016209,154890544.000000,0.135176,0,1
23,31,43,45,47,57,47,53,
530.000000,107.000000,0.014575,101867488.000000,0.069156,0,1
32,39,24,30,34,24,42,42,
549.000000,107.000000,0.024106,31711540.000000,0.182595,0,1
19,22,27,33,34,41,40,45,
45.000000,109.000000,0.044274,56014520.000000,0.153668,0,1
48,42,52,39,48,56,40,46,
572.000000,116.000000,0.012662,506421568.000000,0.728600,0,1
53,42,41,36,30,28,23,20,
583.000000,116.000000,0.015477,1706243328.000000,1.371818,0,1
49,37,50,20,31,50,20,28,
549.000000,117.000000,0.026972,68943064.000000,0.204495,0,1
49,37,40,32,33,33,22,17,
586.000000,117.000000,0.015173,467247968.000000,0.132973,0,1
43,50,25,46,42,19,51,43,
46.000000,120.000000,0.043376,16210852.000000,0.148545,0,1
47,47,40,45,41,37,43,42,
583.000000,120.000000,0.015579,3896928256.000000,1.988387,0,1
28,19,45,17,28,50,18,27,
512.000000,121.000000,0.013491,51966732.000000,0.057449,0,1
47,53,48,56,41,34,35,19,
593.000000,121.000000,0.015424,2889416448.000000,1.874107,0,1
31,24,36,18,30,32,21,26,
559.000000,125.000000,0.014604,655634176.000000,2.141388,0,1
30,19,34,18,29,33,20,30,
569.000000,129.000000,0.015765,233601424.000000,1.552797,0,1
36,46,23,38,36,19,46,30,
588.000000,131.000000,0.013809,42292136.000000,0.121049,0,1
19,24,20,30,27,25,32,31,
515.000000,136.000000,0.012955,31476740.000000,0.055608,0,1
24,26,41,44,37,36,42,51,
552.000000,136.000000,0.024911,595907072.000000,2.957711,0,1
38,38,40,35,47,48,39,51,
545.000000,139.000000,0.026241,65762552.000000,0.192862,0,1
29,32,22,26,30,17,32,42,
583.000000,143.000000,0.026077,58962952.000000,1.812220,0,1
44,46,37,42,35,32,27,16,
575.000000,144.000000,0.014626,1819471488.000000,1.373323,0,1
42,37,45,24,26,36,14,16,
430.000000,153.000000,0.009713,53870200.000000,0.023365,0,1
28,43,20,36,29,26,42,29,
383.000000,154.000000,0.063758,138662032.000000,5.853866,0,1
52,50,37,28,43,26,25,22,
447.000000,159.000000,0.030665,27121050.000000,0.087898,0,1
17,18,16,19,20,19,30,41,
564.000000,161.000000,0.041268,94523944.000000,2.487868,0,1
15,13,19,20,28,28,34,35,
407.000000,163.000000,0.069924,169336512.000000,6.838838,0,1
42,32,41,27,37,40,26,24,
542.000000,163.000000,0.040774,153524000.000000,3.654031,0,1
21,31,22,36,32,23,37,29,
550.000000,165.000000,0.043098,167798688.000000,0.339058,0,1
35,36,19,26,19,13,15,8,
562.000000,168.000000,0.039369,84504248.000000,0.325499,0,1
10,22,8,30,15,9,15,9,
509.000000,221.000000,0.078822,216830720.000000,4.069368,0,1
14,22,22,42,38,32,50,50,
527.000000,223.000000,0.082243,221609776.000000,4.776024,0,1
22,22,20,36,31,25,45,48,
533.000000,223.000000,0.083604,60156440.000000,3.027021,0,1
17,14,14,19,16,16,34,48,
536.000000,223.000000,0.084387,19211666.000000,0.719360,0,1
17,11,11,17,14,13,29,46,
533.000000,224.000000,0.083361,200468400.000000,3.022525,0,1
13,17,17,37,34,29,47,49,
543.000000,225.000000,0.082697,21266834.000000,0.727564,0,1
11,14,13,31,26,21,48,49,
548.000000,226.000000,0.083883,20016752.000000,0.759624,0,1
11,17,15,40,37,29,50,49,
527.000000,227.000000,0.083817,223784928.000000,4.794348,0,1
48,47,48,57,55,52,68,75,
503.000000,231.000000,0.087144,103757528.000000,4.302920,0,1
61,60,61,60,62,67,79,82,
517.000000,260.000000,0.122717,21349180.000000,5.444563,0,1
65,64,60,67,66,63,70,71,
514.000000,269.000000,0.132154,245810400.000000,0.828454,0,1
95,98,96,87,75,71,67,66,
487.000000,271.000000,0.134931,230224320.000000,0.754390,0,1
68,67,68,70,75,81,91,108,
492.000000,271.000000,0.133950,298490112.000000,0.764958,0,1
68,72,77,86,97,104,107,95,
502.000000,271.000000,0.134244,232284912.000000,0.803764,0,1
97,106,103,107,96,84,80,71,
504.000000,271.000000,0.134060,228987472.000000,0.809756,0,1
97,103,98,96,84,75,73,70,
362.000000,272.000000,0.128898,58554248.000000,0.391573,0,1
96,89,89,67,76,87,65,63,
499.000000,272.000000,0.134698,272724800.000000,0.797997,0,1
109,108,107,101,90,80,74,69,
504.000000,272.000000,0.134170,212792800.000000,0.812378,0,1
101,90,79,76,72,70,70,68,
368.000000,274.000000,0.131652,67003436.000000,0.417800,0,1
100,91,99,69,82,90,65,63,
490.000000,274.000000,0.136913,173810560.000000,0.785700,0,1
105,105,98,96,87,77,74,69,
383.000000,276.000000,0.132040,51775700.000000,0.453031,0,1
63,73,64,96,83,69,99,92,
174.000000,296.000000,0.148642,2940723.500000,0.539566,0,1
55,56,57,58,59,60,60,63,
594.000000,63.000000,0.014423,4475621376.000000,1.845780,0,1
82,80,72,79,67,49,65,46,
593.000000,64.000000,0.014397,3819277568.000000,1.853345,0,1
80,79,67,76,65,46,58,46,
582.000000,70.000000,0.013939,6475523072.000000,1.929853,0,1
70,74,51,75,67,46,73,60,
596.000000,84.000000,0.015597,409663424.000000,0.146019,0,1
64,61,54,60,35,26,41,27,
558.000000,90.000000,0.014854,5830408192.000000,2.273057,0,1
55,36,57,19,40,40,23,40,
560.000000,90.000000,0.014694,361874400.000000,0.116121,0,1
58,57,41,40,40,20,56,40,
567.000000,143.000000,0.025617,182396544.000000,0.209297,0,1
46,52,33,50,41,30,32,17,
582.000000,102.000000,0.016167,354714080.000000,0.140657,0,1
24,21,37,28,36,57,50,55,
565.000000,104.000000,0.015274,2061053824.000000,1.057766,0,1
24,22,42,31,38,50,49,52,
558.000000,118.000000,0.014782,1865884672.000000,2.238333,0,1
41,26,41,17,24,40,18,22,
383.000000,151.000000,0.059957,29449724.000000,0.098471,0,1
19,29,26,35,48,30,51,52,
535.000000,79.000000,0.004368,150069856.000000,0.045518,0,1
62,59,47,56,43,36,35,28,
529.000000,82.000000,0.004991,50312764.000000,0.050394,0,1
63,64,51,59,45,31,35,54,
538.000000,87.000000,0.023321,457845952.000000,2.251804,0,1
45,55,40,61,49,43,59,47,
532.000000,93.000000,0.013979,127937264.000000,2.603016,0,1
57,54,52,53,42,37,29,22,
526.000000,94.000000,0.014398,86738920.000000,0.145785,0,1
62,57,58,51,44,50,23,22,
537.000000,94.000000,0.013999,562164864.000000,2.539397,0,1
47,52,29,41,40,23,46,39,
519.000000,95.000000,0.013809,120458776.000000,0.134380,0,1
61,60,58,55,43,52,24,23,
517.000000,96.000000,0.013344,537864064.000000,2.800041,0,1
62,59,49,57,32,23,50,31,
520.000000,96.000000,0.013746,470868576.000000,0.134318,0,1
58,43,52,24,24,52,23,25,
517.000000,105.000000,0.013319,1199119616.000000,1.885673,0,1
35,53,22,53,35,19,55,37,
404.000000,108.000000,0.052297,84649704.000000,0.171951,0,1
45,33,61,34,45,62,32,43,
541.000000,108.000000,0.023306,149557584.000000,0.259792,0,1
21,25,30,29,37,39,35,45,
369.000000,110.000000,0.012177,14156676.000000,0.026080,0,1
38,38,50,37,40,48,35,40,
369.000000,112.000000,0.009617,8259471.000000,0.020300,0,1
40,35,47,32,40,41,31,40,
533.000000,134.000000,0.013448,121810976.000000,1.557298,0,1
17,21,18,33,29,30,46,49,
522.000000,136.000000,0.024266,91442184.000000,2.612195,0,1
24,24,37,33,36,49,35,41,
529.000000,146.000000,0.013552,268870624.000000,0.134673,0,1
42,42,44,25,29,41,14,20,
384.000000,150.000000,0.060127,77063840.000000,0.155364,0,1
19,19,21,29,26,25,48,37,
531.000000,156.000000,0.014548,164430768.000000,2.977469,0,1
26,34,21,19,30,17,18,18,
416.000000,161.000000,0.037637,22652426.000000,7.743639,0,1
21,32,30,35,35,23,29,23,
503.000000,164.000000,0.043038,199430912.000000,0.264645,0,1
20,37,13,52,27,11,40,13,
160.000000,172.000000,0.026504,13076436.000000,0.075728,0,1
39,33,38,23,28,33,21,21,
434.000000,178.000000,0.046316,31460160.000000,0.184615,0,1
18,24,23,27,23,17,22,17,
508.000000,186.000000,0.052169,36054308.000000,0.530780,0,1
13,14,16,18,16,19,27,23,
494.000000,199.000000,0.043570,19472808.000000,0.399723,0,1
19,20,18,16,15,13,11,10,
464.000000,214.000000,0.069095,30208446.000000,0.591402,0,1
15,14,17,22,21,19,42,49,
473.000000,215.000000,0.070482,27906048.000000,0.641385,0,1
15,17,13,22,19,16,37,48,
468.000000,216.000000,0.070711,135747216.000000,6.398891,0,1
17,31,26,47,46,43,47,49,
502.000000,220.000000,0.077167,127208296.000000,4.200273,0,1
15,22,18,42,37,31,51,49,
449.000000,221.000000,0.074521,93123008.000000,7.171044,0,1
54,67,61,64,59,56,51,49,
355.000000,232.000000,0.084776,112707464.000000,9.938293,0,1
58,69,69,67,65,60,53,51,
491.000000,233.000000,0.092253,656347520.000000,1.042188,0,1
60,59,60,64,70,77,87,78,
484.000000,234.000000,0.093163,731618368.000000,1.016668,0,1
59,60,61,64,71,76,89,78,
473.000000,236.000000,0.094580,734454784.000000,0.977328,0,1
60,63,65,77,84,92,89,72,
458.000000,237.000000,0.096341,285997632.000000,0.919388,0,1
61,64,61,66,65,67,79,98,
447.000000,239.000000,0.097926,423592928.000000,0.883607,0,1
63,63,62,64,64,69,83,87,
445.000000,240.000000,0.098477,637924544.000000,0.881654,0,1
63,63,64,69,78,88,92,72,
457.000000,240.000000,0.098253,638081216.000000,0.944839,0,1
79,97,98,83,77,74,68,66,
451.000000,241.000000,0.098918,668714496.000000,0.922016,0,1
78,96,94,81,74,70,66,67,
434.000000,243.000000,0.100648,362318176.000000,0.536420,0,1
65,83,94,98,93,83,69,61,
422.000000,244.000000,0.101544,362111616.000000,0.506379,0,1
62,64,67,81,90,95,89,67,
407.000000,246.000000,0.103236,270913056.000000,0.475451,0,1
63,62,64,72,78,84,88,72,
413.000000,247.000000,0.104352,292015168.000000,0.502015,0,1
79,93,90,78,74,68,64,61,
370.000000,252.000000,0.107408,299721216.000000,0.411435,0,1
59,62,63,69,75,83,93,78,
351.000000,267.000000,0.122558,37662120.000000,0.484539,0,1
96,83,94,71,79,95,69,67,
363.000000,268.000000,0.121606,85790104.000000,0.511680,0,1
70,76,72,99,88,76,103,95,
355.000000,269.000000,0.124718,85468608.000000,0.512132,0,1
93,91,96,70,78,90,69,68,
370.000000,271.000000,0.124592,81444528.000000,0.557033,0,1
70,78,69,98,88,74,101,98,
359.000000,272.000000,0.126430,78643184.000000,9.298038,0,1
92,69,80,68,68,70,64,65,
158.000000,298.000000,0.140245,24677432.000000,136.316833,0,1
55,54,56,55,57,59,59,61,
538.000000,79.000000,0.001876,239804528.000000,0.019682,0,1
58,46,48,37,40,39,28,28,
501.000000,168.000000,0.043245,326640480.000000,0.406839,0,1
43,42,17,30,18,15,16,18,
536.000000,136.000000,0.025167,1099039360.000000,1.310136,0,1
25,46,23,49,42,28,45,41,
100.000000,236.000000,0.076546,203164960.000000,0.287671,0,1
78,87,68,91,78,59,87,76,
500.000000,44.000000,0.006125,3102765.500000,0.082152,0,1
92,92,92,90,90,91,89,88,
485.000000,85.000000,0.011036,79343408.000000,0.129786,0,1
64,63,60,57,54,53,30,30,
504.000000,86.000000,0.010708,139180592.000000,0.139604,0,1
64,61,62,47,49,50,33,46,
486.000000,88.000000,0.009581,72977720.000000,0.112380,0,1
28,30,32,51,56,53,61,43,
488.000000,88.000000,0.009542,137970544.000000,0.112872,0,1
30,32,31,56,53,48,58,37,
507.000000,97.000000,0.013203,329884800.000000,0.174750,0,1
64,61,62,47,40,58,25,26,
484.000000,101.000000,0.012518,1209234432.000000,0.144207,0,1
59,43,57,21,36,35,24,35,
506.000000,111.000000,0.013289,445308800.000000,0.172717,0,1
24,27,24,43,41,50,59,62,
499.000000,112.000000,0.012741,545801728.000000,0.158606,0,1
26,39,25,56,48,54,61,63,
505.000000,112.000000,0.013340,300507904.000000,0.172298,0,1
27,43,41,58,59,60,62,62,
482.000000,124.000000,0.012238,579706880.000000,0.136258,0,1
61,61,59,56,40,38,39,21,
490.000000,124.000000,0.012627,935649920.000000,0.147693,0,1
60,50,56,23,32,44,20,29,
511.000000,127.000000,0.013275,2018894720.000000,0.175509,0,1
35,55,19,47,37,17,55,36,
43.000000,128.000000,0.041981,22185272.000000,0.183055,0,1
36,31,34,36,41,43,38,42,
511.000000,128.000000,0.013321,2018370304.000000,0.176057,0,1
36,56,18,47,37,17,52,36,
502.000000,135.000000,0.012860,923450816.000000,0.160497,0,1
18,17,43,20,21,47,42,57,
496.000000,136.000000,0.012792,773154752.000000,0.154040,0,1
23,18,46,32,37,52,54,61,
499.000000,147.000000,0.012834,863048576.000000,0.156656,0,1
56,52,35,41,21,12,40,20,
471.000000,170.000000,0.046377,235427280.000000,2.863635,0,1
36,46,46,37,34,31,23,18,
476.000000,201.000000,0.044360,40530044.000000,0.546674,0,1
20,22,22,17,16,16,12,12,
462.000000,202.000000,0.046545,36332016.000000,3.373177,0,1
17,20,22,21,20,18,16,11,
466.000000,202.000000,0.044874,20168640.000000,0.521399,0,1
21,23,22,18,18,17,13,11,
434.000000,210.000000,0.065008,35783412.000000,0.681129,0,1
16,17,19,27,25,23,40,44,
451.000000,214.000000,0.068199,222798656.000000,7.029933,0,1
16,27,26,26,33,38,41,48,
463.000000,214.000000,0.069073,58803188.000000,0.897273,0,1
13,14,15,25,21,21,43,49,
461.000000,218.000000,0.072526,270142272.000000,6.636470,0,1
46,49,48,69,66,58,73,57,
422.000000,224.000000,0.077961,251637200.000000,0.538648,0,1
57,76,79,66,62,61,57,57,
396.000000,227.000000,0.081160,272605120.000000,0.478275,0,1
58,75,76,55,55,55,50,51,
399.000000,247.000000,0.103953,564744128.000000,6.932077,0,1
62,61,62,66,71,79,85,75,
394.000000,248.000000,0.104245,603595136.000000,0.711876,0,1
59,61,63,72,77,81,89,76,
342.000000,264.000000,0.117727,91224184.000000,0.663858,0,1
93,74,86,69,73,80,68,68,
488.000000,113.000000,0.012508,414865568.000000,0.145770,0,1
22,26,27,46,41,54,58,62,
479.000000,167.000000,0.045267,65068852.000000,2.679929,0,1
19,16,16,16,17,17,30,42,
413.000000,86.000000,0.051870,913059520.000000,0.616324,0,1
60,53,57,31,32,56,27,40,
416.000000,86.000000,0.051811,759361088.000000,8.256347,0,1
61,59,61,43,60,60,59,61,
471.000000,87.000000,0.008063,19697416.000000,0.115185,0,1
62,61,60,59,58,53,46,29,
477.000000,87.000000,0.009657,115863240.000000,0.139558,0,1
62,59,56,48,39,31,29,39,
471.000000,88.000000,0.010190,46647708.000000,0.142307,0,1
62,58,56,50,42,33,31,40,
459.000000,94.000000,0.013359,5055369.000000,0.174495,0,1
60,59,59,57,53,46,41,51,
452.000000,95.000000,0.012880,9180296.000000,0.166289,0,1
60,59,60,58,55,50,44,48,
453.000000,97.000000,0.014730,15119183.000000,0.185771,0,1
53,42,42,47,50,55,60,62,
457.000000,105.000000,0.011778,1000066368.000000,0.148743,0,1
61,57,58,40,32,48,23,29,
464.000000,107.000000,0.011727,1465548672.000000,0.154371,0,1
32,42,17,29,32,17,42,33,
51.000000,111.000000,0.042212,53787380.000000,0.192141,0,1
55,57,50,53,52,46,46,44,
460.000000,112.000000,0.011530,1645816064.000000,0.147086,0,1
34,51,23,40,34,24,51,37,
466.000000,116.000000,0.011344,230628576.000000,0.149581,0,1
18,24,26,45,41,46,56,61,
473.000000,125.000000,0.011657,422954304.000000,0.159626,0,1
61,58,59,39,30,52,19,20,
469.000000,135.000000,0.012017,2072585088.000000,0.159712,0,1
42,19,44,17,38,27,17,40,
478.000000,147.000000,0.012538,313867872.000000,0.175786,0,1
61,60,59,54,38,49,22,15,
448.000000,170.000000,0.047166,99624728.000000,6.901636,0,1
13,17,13,28,27,29,35,25,
436.000000,171.000000,0.050112,126509248.000000,0.643244,0,1
15,21,23,33,35,40,42,28,
418.000000,173.000000,0.050636,148686048.000000,0.427513,0,1
36,26,44,25,37,42,26,26,
438.000000,202.000000,0.050812,60767604.000000,0.674832,0,1
14,14,14,17,15,17,19,23,
423.000000,209.000000,0.063477,59244552.000000,8.221766,0,1
21,22,17,33,29,25,40,42,
431.000000,210.000000,0.063701,48669704.000000,7.838894,0,1
16,19,18,34,30,26,43,44,
405.000000,211.000000,0.063745,168075280.000000,9.251013,0,1
25,31,31,38,39,40,45,47,
391.000000,225.000000,0.080020,321900640.000000,10.477560,0,1
50,49,50,51,53,55,68,68,
412.000000,225.000000,0.078970,550932160.000000,9.079372,0,1
55,68,69,60,59,58,53,50,
403.000000,226.000000,0.080730,446539008.000000,0.757788,0,1
54,77,77,65,60,57,54,50,
382.000000,227.000000,0.081018,504776576.000000,11.157423,0,1
54,55,55,63,69,74,68,55,
360.000000,232.000000,0.084359,549677632.000000,7.557233,0,1
71,73,70,57,58,56,55,53,
347.000000,233.000000,0.085623,548844480.000000,0.555636,0,1
52,67,67,67,58,52,49,46,
339.000000,234.000000,0.086715,744087488.000000,0.534432,0,1
53,77,79,68,61,54,52,52,
391.000000,247.000000,0.104556,798649792.000000,10.873680,0,1
57,58,59,59,61,61,67,87,
391.000000,248.000000,0.104703,1815040384.000000,1.508703,0,1
58,60,61,63,70,74,83,83,
349.000000,255.000000,0.110332,723486144.000000,9.672140,0,1
62,64,63,65,68,67,84,88,
335.000000,257.000000,0.109510,297084832.000000,0.826998,0,1
63,77,65,100,91,73,100,99,
336.000000,257.000000,0.109530,230184592.000000,0.832730,0,1
62,70,64,99,79,72,102,104,
240.000000,264.000000,0.114963,10967376.000000,54.803909,0,1
62,62,62,62,61,61,63,64,
479.000000,90.000000,0.010886,356709536.000000,0.159538,0,1
29,43,55,39,34,58,24,37,
463.000000,126.000000,0.011915,854862528.000000,0.153287,0,1
56,44,50,21,25,40,15,20,
390.000000,93.000000,0.049966,373969504.000000,9.832129,0,1
58,57,51,57,50,34,57,58,
408.000000,93.000000,0.050968,437611616.000000,0.766430,0,1
21,25,26,47,44,50,58,58,
398.000000,94.000000,0.050706,484840032.000000,5.761566,0,1
26,26,29,43,49,44,57,59,
444.000000,97.000000,0.012840,34766920.000000,0.196304,0,1
60,58,57,52,47,43,43,54,
432.000000,101.000000,0.014854,20784334.000000,0.210909,0,1
50,43,44,48,54,58,61,63,
426.000000,102.000000,0.013470,13287051.000000,0.182442,0,1
50,44,44,48,53,58,61,63,
420.000000,103.000000,0.015681,27394000.000000,0.210140,0,1
52,44,44,47,52,57,61,62,
447.000000,106.000000,0.012021,637696064.000000,0.184515,0,1
61,56,52,34,26,54,20,21,
437.000000,107.000000,0.010557,425492096.000000,0.150309,0,1
63,61,59,58,40,32,38,19,
430.000000,109.000000,0.010590,645890368.000000,0.143530,0,1
61,56,57,48,33,48,25,25,
427.000000,120.000000,0.010758,624400896.000000,0.141955,0,1
47,29,50,36,48,42,56,61,
433.000000,120.000000,0.010552,397318304.000000,0.144131,0,1
34,51,32,50,53,56,60,63,
446.000000,127.000000,0.011322,784918528.000000,0.168428,0,1
61,60,59,50,50,38,51,41,
405.000000,128.000000,0.050624,3349161984.000000,0.706205,0,1
45,30,56,32,41,59,29,36,
421.000000,129.000000,0.010746,285442976.000000,0.134346,0,1
60,57,56,43,39,42,25,20,
398.000000,145.000000,0.012034,196689216.000000,0.097520,0,1
36,25,41,21,32,39,23,28,
384.000000,152.000000,0.059699,2925683712.000000,0.733436,0,1
26,48,30,51,37,22,52,32,
398.000000,155.000000,0.014567,51878920.000000,0.119264,0,1
27,22,34,22,27,33,22,26,
376.000000,167.000000,0.065715,102543240.000000,0.575576,0,1
18,21,17,21,18,20,28,39,
391.000000,168.000000,0.057637,142163776.000000,6.388126,0,1
19,20,19,27,24,25,40,43,
398.000000,168.000000,0.062538,146665632.000000,9.519734,0,1
20,23,19,27,25,23,38,41,
403.000000,168.000000,0.050521,782570496.000000,9.087420,0,1
29,23,33,26,30,27,36,37,
381.000000,169.000000,0.059536,417280544.000000,0.712389,0,1
22,28,24,39,37,29,39,39,
368.000000,173.000000,0.064432,128991360.000000,0.712398,0,1
51,44,42,33,32,31,21,19,
390.000000,212.000000,0.064731,359231232.000000,10.270568,0,1
26,31,32,38,39,41,47,49,
370.000000,214.000000,0.066099,312558656.000000,11.908256,0,1
29,33,35,39,40,43,50,50,
358.000000,230.000000,0.083038,1274870272.000000,13.401184,0,1
53,51,54,59,65,71,70,57,
323.000000,255.000000,0.107493,114554784.000000,0.995018,0,1
91,86,91,67,80,93,64,64,
316.000000,256.000000,0.109480,27893754.000000,19.719515,0,1
62,61,61,63,62,61,64,64,
325.000000,256.000000,0.108473,250181520.000000,1.028082,0,1
90,90,95,66,79,97,65,66,
405.000000,87.000000,0.052488,997100480.000000,0.788862,0,1
59,58,44,59,50,28,53,27,
401.000000,98.000000,0.050770,2694162432.000000,5.651804,0,1
40,55,30,58,42,31,55,43,
379.000000,95.000000,0.017760,59841272.000000,0.229868,0,1
47,47,47,47,50,53,51,55,
397.000000,107.000000,0.009517,252883616.000000,0.131499,0,1
51,50,43,58,51,56,58,60,
393.000000,114.000000,0.009537,139066752.000000,0.128709,0,1
52,47,47,44,40,41,36,31,
409.000000,131.000000,0.009316,139642016.000000,0.131514,0,1
55,48,40,34,33,22,33,30,
32.000000,139.000000,0.042820,66688992.000000,0.207654,0,1
42,42,36,36,32,28,20,18,
398.000000,160.000000,0.018135,83781640.000000,0.253185,0,1
25,21,31,20,24,34,21,21,
361.000000,167.000000,0.052211,22912468.000000,0.675041,0,1
18,18,19,19,19,19,31,40,
369.000000,167.000000,0.057041,130295416.000000,0.817696,0,1
17,19,18,19,19,19,29,38,
364.000000,168.000000,0.050920,22544018.000000,0.669725,0,1
19,19,19,31,30,30,40,42,
346.000000,174.000000,0.066196,213232304.000000,0.827347,0,1
68,57,55,42,39,39,26,15,
352.000000,174.000000,0.065683,192857328.000000,0.864064,0,1
63,48,46,37,36,33,20,16,
330.000000,176.000000,0.067497,172968544.000000,0.732141,0,1
58,44,43,31,28,26,16,16,
352.000000,176.000000,0.064959,75929624.000000,0.850673,0,1
36,20,18,16,16,16,17,18,
333.000000,215.000000,0.067657,239317920.000000,16.228161,0,1
18,18,19,22,24,26,31,37,
336.000000,215.000000,0.067620,222250352.000000,15.762395,0,1
19,20,21,25,27,28,33,38,
359.000000,215.000000,0.067432,539690432.000000,12.974039,0,1
33,35,36,38,40,40,50,48,
349.000000,216.000000,0.068090,239531632.000000,14.079082,0,1
30,34,37,39,40,40,49,48,
340.000000,217.000000,0.068811,393008800.000000,15.190238,0,1
30,35,36,39,41,43,51,52,
333.000000,218.000000,0.069242,500695584.000000,16.150101,0,1
32,36,36,42,45,48,51,51,
192.000000,219.000000,0.065084,161434160.000000,0.200190,0,1
72,69,75,58,66,74,57,55,
326.000000,233.000000,0.086859,965149376.000000,17.563124,0,1
54,51,52,53,53,54,71,72,
313.000000,235.000000,0.088015,1648855296.000000,19.856457,0,1
54,52,52,56,59,63,73,67,
307.000000,236.000000,0.088555,1833645184.000000,21.094542,0,1
52,51,53,58,61,67,83,65,
304.000000,244.000000,0.095882,463702304.000000,1.226194,0,1
55,62,57,92,77,62,99,94,
312.000000,247.000000,0.098183,319946976.000000,1.386861,0,1
56,62,57,89,69,60,91,94,
303.000000,248.000000,0.099054,799570496.000000,1.313904,0,1
94,66,76,59,62,65,59,60,
316.000000,249.000000,0.101275,573035584.000000,1.118779,0,1
58,67,58,88,79,63,97,93,
368.000000,62.000000,0.014040,123463488.000000,0.226624,0,1
71,70,70,67,68,69,68,63,
365.000000,63.000000,0.014282,307430656.000000,0.225472,0,1
66,58,67,54,61,68,51,58,
357.000000,69.000000,0.014312,127799688.000000,0.212522,0,1
63,55,62,52,55,60,53,49,
361.000000,70.000000,0.013846,60691264.000000,0.208490,0,1
54,55,57,54,50,42,47,43,
351.000000,71.000000,0.013945,77309744.000000,0.196932,0,1
62,59,63,56,56,63,49,48,
351.000000,78.000000,0.014925,182960256.000000,0.207253,0,1
42,39,47,41,42,56,42,46,
352.000000,78.000000,0.015222,250040096.000000,0.213073,0,1
48,41,52,40,50,58,44,47,
369.000000,78.000000,0.015232,69254560.000000,0.240437,0,1
54,56,50,56,49,46,48,51,
361.000000,79.000000,0.014807,377963744.000000,0.219199,0,1
40,53,43,52,44,47,51,40,
359.000000,80.000000,0.014379,226402496.000000,0.208589,0,1
53,49,54,51,47,43,44,44,
366.000000,87.000000,0.015552,174895648.000000,0.235776,0,1
50,50,49,43,45,46,44,43,
368.000000,94.000000,0.014621,172704000.000000,0.220384,0,1
47,47,41,55,47,38,48,48,
352.000000,95.000000,0.015893,545655104.000000,0.214180,0,1
38,30,39,32,39,39,32,39,
373.000000,96.000000,0.018947,105286432.000000,0.304207,0,1
41,36,41,38,44,48,42,47,
354.000000,106.000000,0.014810,444733856.000000,0.196589,0,1
53,55,49,45,43,48,39,28,
362.000000,107.000000,0.013702,789254912.000000,0.192142,0,1
48,33,49,37,42,41,31,34,
381.000000,111.000000,0.005460,952995776.000000,0.083882,0,1
50,37,51,33,41,54,34,40,
383.000000,113.000000,0.007115,463176000.000000,0.112436,0,1
54,46,53,40,43,47,35,31,
327.000000,167.000000,0.047927,68159088.000000,0.588784,0,1
13,12,15,15,15,18,29,41,
339.000000,167.000000,0.047615,91666112.000000,0.652437,0,1
16,17,17,26,29,25,37,39,
346.000000,167.000000,0.046071,37524600.000000,0.666262,0,1
16,15,18,22,21,20,35,37,
334.000000,169.000000,0.048881,144037504.000000,0.646441,0,1
21,35,31,41,36,33,50,56,
343.000000,170.000000,0.046759,33423524.000000,0.660192,0,1
36,38,37,56,52,51,67,72,
319.000000,175.000000,0.068244,213192752.000000,0.915438,0,1
68,67,66,56,53,50,44,23,
327.000000,175.000000,0.068199,181190400.000000,0.989658,0,1
68,60,59,46,45,44,33,16,
318.000000,176.000000,0.068371,213509008.000000,0.909519,0,1
67,56,53,44,44,42,26,16,
325.000000,176.000000,0.067892,222825872.000000,0.963988,0,1
61,46,45,37,35,32,17,16,
300.000000,178.000000,0.070066,300956320.000000,0.785985,0,1
58,47,45,34,31,27,20,16,
304.000000,178.000000,0.069660,263000304.000000,0.812597,0,1
53,43,41,27,25,23,17,16,
323.000000,216.000000,0.068308,401257888.000000,17.739538,0,1
18,18,19,20,22,25,33,36,
300.000000,219.000000,0.070057,531985312.000000,22.328596,0,1
17,18,20,28,31,33,36,41,
311.000000,220.000000,0.069911,437404672.000000,19.894245,0,1
31,32,34,39,40,42,51,52,
314.000000,220.000000,0.071159,710071424.000000,19.292978,0,1
35,36,37,41,43,45,55,50,
280.000000,235.000000,0.085107,1069520768.000000,0.776227,0,1
48,60,54,89,83,65,96,81,
289.000000,238.000000,0.088781,784054464.000000,1.241230,0,1
51,60,56,86,76,63,98,97,
294.000000,243.000000,0.094043,331960928.000000,1.481358,0,1
90,84,91,66,82,103,62,60,
301.000000,243.000000,0.094627,1011373056.000000,1.591798,0,1
57,66,59,102,90,62,101,99,
363.000000,101.000000,0.014584,654816064.000000,0.209394,0,1
39,32,48,37,48,54,38,51,
361.000000,113.000000,0.013966,782244096.000000,0.193223,0,1
30,23,31,23,28,30,21,23,
351.000000,102.000000,0.015491,340122464.000000,0.202550,0,1
40,34,53,39,41,56,38,37,
335.000000,70.000000,0.014841,62710120.000000,0.236451,0,1
64,60,63,63,57,59,56,51,
340.000000,71.000000,0.015095,200475984.000000,0.249538,0,1
59,54,61,54,52,62,50,48,
334.000000,72.000000,0.014597,106784520.000000,0.229990,0,1
57,63,53,64,57,53,61,57,
341.000000,72.000000,0.014941,305243104.000000,0.248248,0,1
61,52,62,50,55,60,48,49,
326.000000,79.000000,0.014184,126905200.000000,0.206765,0,1
53,55,51,61,56,56,60,59,
335.000000,80.000000,0.014637,208351456.000000,0.228005,0,1
48,54,43,57,53,42,58,56,
342.000000,84.000000,0.015418,532289952.000000,0.251238,0,1
39,42,41,48,37,44,46,45,
347.000000,85.000000,0.014555,385874976.000000,0.245179,0,1
39,49,37,48,44,32,48,44,
339.000000,93.000000,0.013524,132879576.000000,9.444851,0,1
43,44,42,49,43,36,47,44,
322.000000,96.000000,0.015013,62986924.000000,0.203893,0,1
55,58,58,52,56,57,48,47,
319.000000,97.000000,0.014161,111619872.000000,0.184961,0,1
54,55,52,57,52,48,58,57,
334.000000,99.000000,0.013705,459137248.000000,0.201211,0,1
37,47,40,49,43,45,50,47,
336.000000,107.000000,0.005172,244572416.000000,0.071403,0,1
47,40,37,32,32,32,27,26,
247.000000,111.000000,0.009848,18128536.000000,0.052747,0,1
52,53,48,53,51,39,45,33,
312.000000,116.000000,0.006873,104916480.000000,0.061146,0,1
49,36,45,28,38,38,25,21,
242.000000,120.000000,0.007952,21526432.000000,0.034006,0,1
46,34,30,27,27,25,26,25,
310.000000,169.000000,0.049346,136748480.000000,0.699944,0,1
15,15,18,27,30,32,39,48,
281.000000,171.000000,0.051162,86340464.000000,0.547052,0,1
18,22,22,34,35,36,43,52,
288.000000,176.000000,0.062991,613500800.000000,0.806131,0,1
65,52,69,44,60,66,50,45,
287.000000,179.000000,0.071486,338204672.000000,14.227386,0,1
50,45,45,33,31,29,20,18,
277.000000,180.000000,0.071449,338616384.000000,0.879648,0,1
47,46,43,33,30,26,18,17,
272.000000,197.000000,0.070630,1904990208.000000,0.840665,0,1
30,50,27,49,30,26,50,31,
271.000000,221.000000,0.070727,461717280.000000,31.505930,0,1
50,53,45,54,49,38,51,55,
282.000000,221.000000,0.071665,801268608.000000,27.455086,0,1
18,21,21,29,32,33,42,46,
277.000000,222.000000,0.071797,602666752.000000,15.682211,0,1
19,26,24,42,31,38,49,51,
282.000000,224.000000,0.073624,1736476800.000000,27.408266,0,1
42,46,46,52,55,56,61,52,
256.000000,228.000000,0.075931,959615424.000000,0.894114,0,1
56,58,69,57,66,81,57,57,
263.000000,232.000000,0.080675,363155072.000000,1.085354,0,1
82,63,74,57,61,68,57,54,
279.000000,234.000000,0.084651,840726144.000000,1.392932,0,1
51,50,48,73,60,54,89,96,
344.000000,60.000000,0.004989,3728674.000000,0.081620,0,1
70,71,71,70,69,70,70,69,
269.000000,193.000000,0.065300,2969267200.000000,0.709872,0,1
35,22,55,19,33,48,21,31,
272.000000,191.000000,0.070606,2103262336.000000,0.829336,0,1
28,45,28,56,29,27,47,29,
269.000000,200.000000,0.065372,2066160512.000000,0.723381,0,1
27,20,45,20,25,50,19,25,
308.000000,102.000000,0.016656,63908696.000000,12.197339,0,1
55,56,54,50,52,53,47,49,
319.000000,109.000000,0.009325,645569280.000000,0.148110,0,1
45,47,44,47,44,39,41,38,
249.000000,111.000000,0.009865,41709932.000000,0.066893,0,1
47,48,40,51,39,30,35,26,
280.000000,111.000000,0.008249,85149928.000000,0.093376,0,1
51,50,48,42,46,42,37,32,
295.000000,111.000000,0.019626,109052976.000000,0.272288,0,1
56,56,55,55,52,53,48,41,
296.000000,111.000000,0.017679,132010096.000000,0.243913,0,1
55,55,55,53,54,52,46,37,
279.000000,112.000000,0.009181,98673160.000000,0.103364,0,1
50,42,46,37,37,40,31,29,
297.000000,112.000000,0.015727,151159584.000000,0.215341,0,1
55,54,52,46,46,45,37,32,
295.000000,115.000000,0.015957,100887288.000000,0.216189,0,1
41,40,35,39,29,27,27,21,
311.000000,116.000000,0.007479,105016208.000000,0.086533,0,1
47,39,45,33,30,39,24,22,
272.000000,171.000000,0.052231,104470216.000000,17.932184,0,1
18,18,18,25,25,26,39,41,
264.000000,172.000000,0.054099,149440336.000000,33.875221,0,1
17,20,21,34,37,38,44,37,
254.000000,174.000000,0.053334,31796270.000000,39.274620,0,1
24,33,35,25,26,28,18,21,
257.000000,174.000000,0.052841,37254752.000000,37.452129,0,1
26,37,39,28,30,32,22,26,
259.000000,177.000000,0.064492,251055312.000000,36.595558,0,1
26,27,33,25,32,43,22,20,
236.000000,180.000000,0.052296,101171848.000000,55.746212,0,1
15,16,16,26,26,27,35,21,
239.000000,207.000000,0.053231,309803744.000000,0.536006,0,1
12,12,13,17,18,19,31,37,
246.000000,207.000000,0.053011,216085280.000000,0.574558,0,1
12,15,15,23,24,24,33,35,
248.000000,207.000000,0.053432,193578464.000000,0.593756,0,1
14,15,19,24,24,29,33,36,
253.000000,208.000000,0.055363,76173256.000000,40.907310,0,1
21,23,23,30,29,29,35,38,
236.000000,214.000000,0.059965,36120800.000000,0.636372,0,1
46,43,44,36,40,44,34,35,
223.000000,216.000000,0.062688,121819264.000000,79.612480,0,1
32,34,34,45,41,38,50,52,
224.000000,216.000000,0.062745,140610480.000000,77.345238,0,1
32,35,33,41,40,37,49,51,
255.000000,217.000000,0.064427,67238920.000000,39.849586,0,1
40,44,44,49,47,48,53,54,
263.000000,217.000000,0.066103,1079741568.000000,0.995147,0,1
18,24,20,42,32,36,47,54,
255.000000,228.000000,0.075249,951335232.000000,40.251293,0,1
56,57,63,56,60,74,57,56,
204.000000,244.000000,0.092094,267285440.000000,179.669357,0,1
53,54,52,58,57,56,60,62,
210.000000,244.000000,0.092323,59202732.000000,131.107391,0,1
53,56,56,58,58,58,60,62,
320.000000,112.000000,0.008563,566286464.000000,0.135643,0,1
37,38,31,40,30,22,30,22,
39.000000,93.000000,0.041511,87655256.000000,0.228714,0,1
62,56,61,54,54,58,49,46,
257.000000,111.000000,0.006539,274841952.000000,0.084093,0,1
50,44,49,33,41,41,30,28,
275.000000,111.000000,0.004536,133666288.000000,0.067764,0,1
55,55,47,53,49,43,50,41,
81.000000,112.000000,0.039942,112060664.000000,0.171207,0,1
47,48,54,46,50,58,46,45,
265.000000,112.000000,0.008450,222194144.000000,0.118236,0,1
55,54,53,46,47,49,39,35,
230.000000,180.000000,0.052531,620211904.000000,27.518311,0,1
15,15,17,14,25,28,17,20,
214.000000,190.000000,0.054924,242795216.000000,0.626305,0,1
18,16,22,12,17,24,11,15,
217.000000,191.000000,0.053572,220876688.000000,94.599022,0,1
22,24,15,21,21,13,24,21,
218.000000,194.000000,0.053179,218141728.000000,32.758007,0,1
14,21,12,24,16,12,22,18,
215.000000,200.000000,0.054725,236608752.000000,33.943851,0,1
19,13,23,12,18,22,13,17,
218.000000,202.000000,0.053455,181527232.000000,0.646918,0,1
19,22,14,22,20,13,23,21,
231.000000,207.000000,0.053973,356921536.000000,0.768033,0,1
13,14,12,19,14,15,22,34,
223.000000,209.000000,0.054176,650623936.000000,79.082581,0,1
14,17,18,25,27,29,37,40,
225.000000,209.000000,0.053996,621086336.000000,74.680305,0,1
14,18,19,27,29,31,39,43,
198.000000,212.000000,0.056442,657301696.000000,267.247162,0,1
17,21,22,31,32,33,43,50,
215.000000,215.000000,0.060458,437568288.000000,103.540283,0,1
31,38,36,46,46,47,54,57,
214.000000,216.000000,0.060581,365603424.000000,107.612862,0,1
38,46,46,55,54,54,56,55,
202.000000,222.000000,0.065222,177002480.000000,0.798650,0,1
56,65,59,73,71,63,77,78,
199.000000,224.000000,0.071437,168082080.000000,0.596472,0,1
73,64,73,59,62,72,60,59,
206.000000,224.000000,0.066543,323514432.000000,0.871326,0,1
58,71,60,84,77,63,86,87,
100.000000,226.000000,0.063323,252748960.000000,0.292721,0,1
60,67,60,75,68,57,75,70,
189.000000,228.000000,0.075146,1728505088.000000,1512.049316,0,1
57,58,58,59,59,61,69,65,
177.000000,230.000000,0.075238,1344469376.000000,317.472260,0,1
60,60,61,64,66,66,72,64,
175.000000,232.000000,0.077750,659957312.000000,264.448700,0,1
64,74,72,66,63,64,63,61,
176.000000,232.000000,0.077766,545311744.000000,288.071014,0,1
65,73,71,63,63,63,62,61,
95.000000,239.000000,0.083825,731282624.000000,0.498602,0,1
83,74,92,66,83,86,72,64,
64.000000,264.000000,0.105745,116903888.000000,54.727295,0,1
52,52,53,55,56,56,58,58,
219.000000,119.000000,0.004023,91984624.000000,0.045852,0,1
45,44,40,47,43,36,40,33,
216.000000,120.000000,0.005653,167684848.000000,0.063139,0,1
49,46,47,47,39,40,32,25,
235.000000,120.000000,0.011302,117250960.000000,0.158486,0,1
35,35,33,33,30,27,28,27,
214.000000,121.000000,0.005109,135510432.000000,0.055571,0,1
49,52,42,49,40,29,35,24,
70.000000,125.000000,0.040848,199844896.000000,0.176760,0,1
45,47,38,39,34,31,29,31,
33.000000,130.000000,0.044693,65397148.000000,0.217030,0,1
36,38,36,43,39,31,44,41,
25.000000,134.000000,0.044232,461431744.000000,0.226733,0,1
36,36,46,30,40,47,34,36,
64.000000,172.000000,0.046611,98253320.000000,0.198296,0,1
24,26,31,29,34,38,43,47,
157.000000,185.000000,0.021341,24665400.000000,0.083476,0,1
24,18,30,16,23,34,19,23,
183.000000,213.000000,0.056585,1504892800.000000,0.685385,0,1
17,19,21,25,29,35,41,52,
185.000000,213.000000,0.056444,2049859712.000000,0.698354,0,1
20,21,24,29,35,37,56,63,
157.000000,215.000000,0.058358,651801152.000000,0.536535,0,1
14,15,16,20,21,23,30,49,
166.000000,215.000000,0.057796,1628474112.000000,154.833237,0,1
17,20,19,31,30,33,44,52,
168.000000,215.000000,0.057617,1898087040.000000,170.802292,0,1
18,19,22,30,33,38,46,53,
152.000000,226.000000,0.069012,293943136.000000,171.799576,0,1
53,52,52,54,56,58,59,60,
174.000000,230.000000,0.076011,2476722688.000000,244.873840,0,1
60,60,60,61,64,65,73,63,
168.000000,216.000000,0.057434,1579553408.000000,170.817566,0,1
20,31,36,44,48,49,52,54,
182.000000,190.000000,0.053250,28793512.000000,0.574285,0,1
24,21,21,19,18,18,16,14,
74.000000,119.000000,0.038063,69603776.000000,0.183300,0,1
47,50,43,53,47,38,52,44,
187.000000,124.000000,0.009829,42355444.000000,0.112451,0,1
50,48,45,44,42,38,39,31,
171.000000,127.000000,0.008476,128749496.000000,0.080355,0,1
52,46,46,35,38,38,30,28,
186.000000,128.000000,0.016554,47347856.000000,0.201222,0,1
34,32,27,28,31,25,29,27,
156.000000,146.000000,0.020282,351907552.000000,0.168128,0,1
35,28,40,22,34,43,27,32,
73.000000,151.000000,0.022356,178153040.000000,0.086224,0,1
28,34,23,41,32,21,35,23,
162.000000,151.000000,0.016440,410621152.000000,0.140528,0,1
31,40,24,41,31,20,39,31,
162.000000,153.000000,0.016557,404214656.000000,0.141206,0,1
31,39,24,42,31,20,40,32,
62.000000,154.000000,0.020027,137755936.000000,0.077619,0,1
23,22,25,18,24,29,21,24,
156.000000,156.000000,0.020568,326487424.000000,0.167804,0,1
30,23,35,19,29,39,23,29,
156.000000,160.000000,0.020619,297550720.000000,0.167558,0,1
29,22,35,20,28,38,21,27,
73.000000,165.000000,0.022402,107290200.000000,0.082489,0,1
29,30,23,39,34,22,34,32,
156.000000,168.000000,0.020737,278886176.000000,0.168135,0,1
24,19,30,16,25,35,20,23,
75.000000,175.000000,0.023845,106240960.000000,0.088813,0,1
24,28,20,39,27,19,27,23,
145.000000,196.000000,0.057176,336934592.000000,269.184113,0,1
21,28,19,30,21,15,29,22,
141.000000,197.000000,0.058106,188267536.000000,0.575265,0,1
23,17,27,15,20,31,16,20,
145.000000,200.000000,0.057116,365056512.000000,270.017395,0,1
22,28,18,29,24,16,29,25,
142.000000,205.000000,0.058432,434242848.000000,75.054070,0,1
25,19,29,18,24,30,19,24,
143.000000,213.000000,0.058113,323850016.000000,76.661575,0,1
25,22,26,19,26,28,21,25,
151.000000,217.000000,0.058458,2104733184.000000,180.260834,0,1
19,20,21,37,41,45,48,52,
136.000000,218.000000,0.059366,2057210112.000000,1127.979248,0,1
16,22,23,30,31,34,49,52,
126.000000,219.000000,0.060139,1638298496.000000,488.695892,0,1
21,25,25,35,37,40,46,52,
144.000000,227.000000,0.069989,395342688.000000,302.914978,0,1
55,49,51,54,55,55,59,60,
123.000000,238.000000,0.082965,343195872.000000,340.305145,0,1
63,66,66,60,60,59,57,57,
151.000000,129.000000,0.021504,277117248.000000,0.178174,0,1
54,50,49,35,35,36,22,21,
163.000000,167.000000,0.016609,535251328.000000,0.141771,0,1
28,36,18,39,29,17,36,29,
71.000000,130.000000,0.021747,114917864.000000,0.085520,0,1
37,43,33,44,39,25,40,31,
72.000000,130.000000,0.022174,139227472.000000,0.085237,0,1
32,40,28,43,30,23,34,27,
52.000000,204.000000,0.065066,134989744.000000,29.051437,0,1
27,30,23,29,27,20,29,28,
111.000000,220.000000,0.060742,2005678464.000000,46.567978,0,1
19,22,23,26,28,31,44,50,
112.000000,220.000000,0.060652,1998530304.000000,167.486969,0,1
19,22,23,27,30,32,47,51,
99.000000,222.000000,0.061665,2892747520.000000,41.127110,0,1
23,27,28,37,41,41,55,63,
96.000000,240.000000,0.083548,5271840256.000000,1.213419,0,1
92,83,86,72,73,70,64,60,
86.000000,224.000000,0.063095,849072576.000000,36.728653,0,1
29,33,33,41,42,45,48,54,
76.000000,224.000000,0.062971,530501376.000000,66.069305,0,1
26,32,34,36,38,41,45,51,
87.000000,223.000000,0.063230,943517312.000000,80.206764,0,1
25,29,29,33,33,36,42,50,
95.000000,223.000000,0.062195,2079043840.000000,95.473145,0,1
27,31,34,41,46,54,50,58,
133.000000,129.000000,0.022517,217128176.000000,0.215756,0,1
54,50,50,37,38,37,23,20,
112.000000,129.000000,0.023695,160653216.000000,0.177462,0,1
54,52,51,39,38,38,25,21,
64.000000,88.000000,0.038711,160407328.000000,0.363129,0,1
66,66,65,64,65,63,63,61,
60.000000,103.000000,0.042117,159901232.000000,0.345607,0,1
52,50,59,47,55,59,45,49,
59.000000,106.000000,0.042523,209175376.000000,0.337472,0,1
45,45,49,47,52,55,52,55,
71.000000,110.000000,0.042135,127598896.000000,0.370777,0,1
45,46,52,44,50,57,47,50,
50.000000,118.000000,0.042621,104238936.000000,0.271126,0,1
46,45,49,42,49,49,39,41,
88.000000,122.000000,0.039190,43946644.000000,0.380924,0,1
49,46,48,45,51,54,53,55,
79.000000,124.000000,0.040737,95666032.000000,0.354955,0,1
41,40,41,38,42,50,46,50,
72.000000,138.000000,0.021169,234718128.000000,0.129705,0,1
30,33,24,36,29,19,35,29,
100.000000,146.000000,0.021687,184621584.000000,0.189315,0,1
20,17,26,16,20,28,17,19,
65.000000,151.000000,0.023040,212413280.000000,0.121010,0,1
28,26,36,24,32,40,26,31,
65.000000,154.000000,0.023186,262757520.000000,0.120574,0,1
31,26,34,26,35,41,28,28,
73.000000,159.000000,0.021142,313250144.000000,0.121336,0,1
32,33,23,39,30,20,36,32,
66.000000,161.000000,0.023651,236690512.000000,0.093389,0,1
30,26,37,22,33,43,26,29,
104.000000,168.000000,0.020083,20909002.000000,0.182430,0,1
26,28,27,21,22,20,18,19,
62.000000,173.000000,0.042711,90627984.000000,0.185952,0,1
25,27,32,31,40,43,44,40,
68.000000,223.000000,0.063006,716730368.000000,32.080482,0,1
17,19,19,26,28,29,37,43,
48.000000,225.000000,0.063996,912306944.000000,28.291624,0,1
19,19,24,27,29,30,41,48,
64.000000,224.000000,0.063132,1115578880.000000,31.125751,0,1
19,24,26,32,35,36,45,49,
34.000000,227.000000,0.064615,1400897920.000000,0.467067,0,1
21,27,29,37,39,41,49,50,
85.000000,129.000000,0.024173,152373680.000000,0.190305,0,1
50,45,46,32,33,32,24,21,
102.000000,129.000000,0.022320,216928000.000000,0.212076,0,1
52,45,49,28,28,29,22,21,
25.000000,100.000000,0.006577,176900784.000000,0.042651,0,1
40,31,45,28,39,53,33,40,
23.000000,109.000000,0.008265,117307728.000000,0.045924,0,1
38,35,34,31,27,30,25,26,
40.000000,175.000000,0.043670,274730464.000000,0.294267,0,1
27,26,31,25,31,37,30,37,
34.000000,176.000000,0.042298,320504128.000000,0.258207,0,1
30,37,27,43,35,26,38,30,
23.000000,94.000000,0.007748,136451248.000000,0.049338,0,1
50,47,53,45,46,54,42,38,
24.000000,94.000000,0.007178,157081680.000000,0.047137,0,1
55,49,59,44,49,54,41,40,
31.000000,227.000000,0.064928,1672680960.000000,0.643776,0,1
20,24,25,33,36,38,47,49,
