# timestamp
1608635086675698944

# fx, fy, cx, cy, width, height, npoints
501.476257,501.475800,421.801361,167.658676,800,400,428

# camToWorld: translation vector, rotation quaternion
-13.949637,-23.023382,0.227297,-0.660472,-0.300374,0.288679,0.624673

# Exposure time (ms)
0.475979

# GPS Data
# GPSData: Covariance matrix
0.000023,0.000000,0.000000,0.000000,0.000040,0.000000,0.000000,0.000000,0.000107

# GPSData: GPS point
-16.664177,20.261566,0.043440

# Point Cloud Data : 
# u,v,idepth_scaled,idepth_hessian,maxRelBaseline,numGoodRes,status 
# color information 
53.000000,98.000000,0.019637,618191360.000000,0.150607,0,1
46,35,56,30,46,63,35,42,
53.000000,108.000000,0.020127,577689984.000000,0.153566,0,1
41,34,51,31,40,61,34,38,
80.000000,259.000000,0.152977,160269632.000000,0.873762,0,1
56,55,57,43,42,41,27,19,
81.000000,284.000000,0.151975,50125888.000000,0.911420,0,1
57,57,47,47,42,37,36,34,
75.000000,26.000000,0.032880,36987980.000000,0.193946,0,1
89,82,84,101,88,81,103,101,
58.000000,75.000000,0.021574,471392000.000000,0.128792,0,1
82,80,71,80,73,61,74,73,
67.000000,90.000000,0.035272,55110008.000000,0.167870,0,1
68,68,54,72,61,45,46,32,
98.000000,93.000000,0.017992,75986280.000000,0.139214,0,1
50,43,45,36,39,38,28,33,
63.000000,109.000000,0.019081,1034051456.000000,0.158377,0,1
37,51,33,53,37,31,43,36,
63.000000,128.000000,0.019735,103221464.000000,0.147279,0,1
35,40,31,46,34,27,40,35,
174.000000,135.000000,0.095142,502225664.000000,0.424204,0,1
48,37,65,43,52,66,46,52,
75.000000,153.000000,0.036724,151316672.000000,0.274094,0,1
32,36,27,38,32,26,37,32,
106.000000,168.000000,0.084865,66959656.000000,0.487017,0,1
31,33,34,41,46,50,53,55,
124.000000,180.000000,0.086990,72919824.000000,0.473935,0,1
43,44,42,47,44,42,47,50,
133.000000,215.000000,0.143692,23789894.000000,0.593683,0,1
39,42,44,41,48,56,39,48,
81.000000,246.000000,0.151694,161504192.000000,0.832700,0,1
46,45,52,54,71,73,109,105,
124.000000,258.000000,0.161840,69681616.000000,0.692987,0,1
25,27,33,38,71,84,90,102,
126.000000,258.000000,0.162170,248029664.000000,0.806542,0,1
26,33,32,71,84,67,106,98,
147.000000,278.000000,0.147635,107371472.000000,0.777176,0,1
28,30,32,33,37,42,45,43,
139.000000,284.000000,0.159753,208557104.000000,0.842434,0,1
45,51,31,54,44,25,50,50,
88.000000,291.000000,0.160290,48997512.000000,0.942776,0,1
36,38,33,38,32,25,31,27,
122.000000,296.000000,0.165208,180036912.000000,0.917197,0,1
50,60,57,73,70,70,83,86,
152.000000,298.000000,0.163530,24413140.000000,0.872228,0,1
19,22,18,25,22,23,33,34,
146.000000,268.000000,0.146128,62655312.000000,0.749557,0,1
40,44,41,35,33,28,21,18,
145.000000,220.000000,0.146588,36792628.000000,0.679427,0,1
66,64,63,52,49,46,32,30,
145.000000,207.000000,0.148242,21216956.000000,0.673209,0,1
64,61,61,48,47,46,34,33,
111.000000,18.000000,0.030864,79626872.000000,0.172045,0,1
85,100,74,104,91,74,99,93,
306.000000,25.000000,0.024633,240828128.000000,0.196989,0,1
91,78,113,79,85,89,66,72,
238.000000,30.000000,0.028969,4896091.000000,0.151652,0,1
135,131,135,118,128,135,125,127,
376.000000,32.000000,0.016988,71937248.000000,0.085740,0,1
88,78,101,84,75,91,77,70,
386.000000,33.000000,0.022352,64143100.000000,0.061120,0,1
98,105,101,97,115,116,122,126,
167.000000,34.000000,0.098343,33540334.000000,0.526868,0,1
60,54,50,75,70,67,76,75,
348.000000,34.000000,0.019649,89492992.000000,0.087772,0,1
118,117,105,124,108,109,114,109,
197.000000,35.000000,0.095850,62595072.000000,0.646711,0,1
63,54,58,78,76,77,80,78,
209.000000,35.000000,0.029942,137013632.000000,0.173249,0,1
99,104,112,96,100,107,83,73,
363.000000,36.000000,0.020530,30803994.000000,0.062009,0,1
87,116,97,112,107,104,113,98,
187.000000,38.000000,0.095413,55722700.000000,0.664076,0,1
76,75,76,66,68,69,54,52,
312.000000,38.000000,0.023799,63343108.000000,0.096345,0,1
46,43,53,54,56,66,52,71,
203.000000,39.000000,0.030570,215306112.000000,0.180119,0,1
65,59,60,59,71,76,82,92,
148.000000,41.000000,0.035839,173897888.000000,0.249335,0,1
68,57,75,53,75,81,57,67,
496.000000,41.000000,0.016616,36525560.000000,0.062807,0,1
69,86,62,94,70,58,91,78,
665.000000,41.000000,0.017268,13776409.000000,0.056247,0,1
189,193,182,197,182,173,185,173,
289.000000,42.000000,0.014246,87154832.000000,0.048278,0,1
91,102,98,65,72,64,48,58,
197.000000,44.000000,0.095319,121915728.000000,0.637335,0,1
54,67,55,74,60,62,64,52,
460.000000,44.000000,0.018364,74212904.000000,0.143178,0,1
75,82,70,74,73,60,56,57,
509.000000,44.000000,0.017415,34267004.000000,0.069696,0,1
88,84,104,77,85,100,77,93,
207.000000,49.000000,0.030312,56805596.000000,0.174424,0,1
61,59,64,69,75,71,96,97,
143.000000,50.000000,0.030340,21540246.000000,0.055223,0,1
89,93,90,76,92,80,56,55,
318.000000,50.000000,0.027588,54025000.000000,0.100809,0,1
52,76,50,88,62,54,78,56,
678.000000,51.000000,0.011896,16812028.000000,0.049081,0,1
174,167,167,159,161,167,150,157,
311.000000,52.000000,0.015700,262666144.000000,0.108383,0,1
66,49,71,34,48,59,33,32,
192.000000,53.000000,0.096333,123938432.000000,0.651913,0,1
36,37,51,39,49,52,44,49,
220.000000,53.000000,0.030019,25416150.000000,0.164102,0,1
79,81,74,89,91,82,88,93,
251.000000,53.000000,0.012798,418808224.000000,0.072105,0,1
113,111,109,109,108,97,98,68,
364.000000,53.000000,0.019159,39363580.000000,0.077036,0,1
46,49,62,58,58,70,51,54,
479.000000,53.000000,0.019554,92124440.000000,0.168838,0,1
63,54,70,52,68,67,59,66,
685.000000,53.000000,0.008126,5280411.500000,0.050697,0,1
176,173,172,168,166,169,164,153,
355.000000,54.000000,0.018289,83869608.000000,0.068353,0,1
76,93,75,91,74,77,77,64,
668.000000,54.000000,0.012178,20543354.000000,0.049085,0,1
154,144,156,140,145,161,138,151,
677.000000,54.000000,0.013161,19664458.000000,0.046976,0,1
150,146,157,149,154,166,150,158,
382.000000,55.000000,0.018962,15313311.000000,0.078123,0,1
45,53,42,68,59,43,71,60,
225.000000,59.000000,0.016983,12445150.000000,0.088789,0,1
105,101,101,79,85,91,57,76,
367.000000,59.000000,0.013406,93140568.000000,0.050210,0,1
60,55,58,41,52,60,36,33,
369.000000,60.000000,0.012745,88057336.000000,0.048004,0,1
64,52,55,39,45,41,34,35,
549.000000,60.000000,0.013297,31151256.000000,0.065329,0,1
137,135,133,130,117,117,105,101,
658.000000,60.000000,0.012338,19682226.000000,0.042585,0,1
139,129,139,125,131,136,119,120,
398.000000,62.000000,0.011169,15848925.000000,0.050134,0,1
55,48,49,39,47,52,40,34,
769.000000,62.000000,0.024556,55812324.000000,0.073475,0,1
159,157,156,152,146,147,117,66,
780.000000,62.000000,0.025449,91223912.000000,0.078798,0,1
156,146,144,137,113,122,58,43,
120.000000,63.000000,0.020272,340674752.000000,0.139915,0,1
51,54,45,40,48,39,40,40,
192.000000,63.000000,0.096569,31067480.000000,0.648938,0,1
34,39,38,48,46,45,49,50,
633.000000,63.000000,0.017646,20033376.000000,0.050923,0,1
95,120,91,113,92,96,114,89,
783.000000,63.000000,0.025056,368333984.000000,0.078136,0,1
146,122,139,70,112,122,65,64,
420.000000,66.000000,0.013301,35704952.000000,0.067721,0,1
40,46,37,37,39,34,32,31,
673.000000,68.000000,0.013714,7683072.000000,0.045635,0,1
122,112,116,109,113,114,106,101,
314.000000,72.000000,0.023983,48869444.000000,0.126708,0,1
45,64,46,55,57,48,56,40,
450.000000,72.000000,0.011775,62407152.000000,0.026329,0,1
46,29,74,31,67,62,31,59,
753.000000,72.000000,0.023968,74668016.000000,0.067177,0,1
102,82,84,40,57,52,34,35,
651.000000,75.000000,0.019841,28241442.000000,0.060277,0,1
82,73,81,55,58,79,43,42,
512.000000,77.000000,0.011576,63650968.000000,0.042815,0,1
65,53,68,41,49,59,37,38,
197.000000,78.000000,0.095510,34799656.000000,0.622900,0,1
49,50,49,56,56,57,66,67,
563.000000,78.000000,0.014391,98409752.000000,0.073778,0,1
113,106,106,91,93,91,81,61,
302.000000,80.000000,0.021440,24147738.000000,0.047348,0,1
70,66,52,63,56,36,53,43,
379.000000,80.000000,0.023215,16703664.000000,0.057041,0,1
42,45,41,54,53,39,64,60,
543.000000,80.000000,0.015463,66883092.000000,0.068556,0,1
63,64,59,79,67,59,89,89,
777.000000,80.000000,0.026237,113272848.000000,0.079017,0,1
71,60,76,43,65,90,35,28,
604.000000,81.000000,0.019687,69457264.000000,0.128420,0,1
114,93,76,71,55,45,43,44,
696.000000,81.000000,0.024794,21776314.000000,0.054901,0,1
34,49,38,64,50,37,54,36,
764.000000,81.000000,0.026230,90569624.000000,0.075681,0,1
56,43,67,37,60,86,34,30,
390.000000,82.000000,0.012103,13301368.000000,0.040594,0,1
48,42,51,38,46,43,36,33,
684.000000,82.000000,0.022902,11629614.000000,0.080696,0,1
41,60,45,67,56,36,42,36,
754.000000,82.000000,0.018792,73314656.000000,0.051846,0,1
72,65,70,56,62,58,36,32,
500.000000,83.000000,0.012500,2130334.250000,0.043266,0,1
37,34,45,35,42,41,33,39,
560.000000,87.000000,0.042267,3442420.500000,0.195047,0,1
50,50,44,49,49,39,50,44,
521.000000,88.000000,0.013804,77841696.000000,0.050797,0,1
85,75,88,63,72,72,59,57,
529.000000,90.000000,0.011120,10100529.000000,0.026858,0,1
96,89,85,68,64,66,63,62,
667.000000,90.000000,0.019330,8323310.500000,0.061645,0,1
46,36,44,29,31,30,31,29,
106.000000,91.000000,0.030663,46543540.000000,0.223503,0,1
70,61,64,53,54,62,50,39,
649.000000,91.000000,0.019991,2545120.750000,0.049928,0,1
42,38,40,32,40,33,29,31,
688.000000,92.000000,0.018979,1106726.250000,0.079634,0,1
30,29,30,27,26,27,29,19,
132.000000,93.000000,0.029333,14699383.000000,0.131836,0,1
60,56,65,46,54,67,43,27,
337.000000,94.000000,0.014012,113328672.000000,0.042330,0,1
58,72,33,71,54,29,78,59,
724.000000,98.000000,0.033753,5734199.000000,0.083185,0,1
33,26,36,27,37,38,47,63,
733.000000,98.000000,0.031664,39854776.000000,0.080726,0,1
30,28,21,35,28,17,52,45,
760.000000,98.000000,0.026438,2120049.500000,0.074044,0,1
15,17,18,21,24,28,24,30,
195.000000,99.000000,0.094725,522688128.000000,0.614783,0,1
65,62,41,70,51,23,63,54,
295.000000,100.000000,0.024074,17207368.000000,0.091148,0,1
62,46,64,48,51,42,43,42,
555.000000,101.000000,0.010570,10228174.000000,0.050821,0,1
30,27,38,26,33,39,29,32,
383.000000,103.000000,0.023533,22474204.000000,0.055236,0,1
33,35,33,33,49,34,53,61,
117.000000,104.000000,0.019196,211146384.000000,0.138297,0,1
47,42,51,33,47,49,40,50,
719.000000,104.000000,0.031910,69700208.000000,0.076274,0,1
35,25,52,18,40,67,30,42,
375.000000,107.000000,0.013261,7507481.000000,0.031087,0,1
48,48,39,32,39,30,27,26,
404.000000,107.000000,0.011616,6056956.000000,0.021950,0,1
49,40,55,36,44,50,32,31,
513.000000,110.000000,0.018395,4286653.500000,0.057450,0,1
22,26,25,34,35,29,39,41,
741.000000,114.000000,0.019923,16188240.000000,0.050907,0,1
39,44,45,37,31,24,25,25,
240.000000,116.000000,0.037872,19204714.000000,0.185722,0,1
29,26,30,30,32,34,35,36,
692.000000,116.000000,0.022727,12858973.000000,0.080530,0,1
39,43,29,55,34,33,62,46,
506.000000,117.000000,0.010914,2767953.500000,0.037282,0,1
41,35,29,35,30,22,34,28,
384.000000,118.000000,0.019068,40589500.000000,0.041589,0,1
28,37,25,37,29,25,38,29,
456.000000,118.000000,0.012176,113109032.000000,0.070281,0,1
51,39,50,27,50,35,32,39,
704.000000,118.000000,0.022404,21139156.000000,0.048653,0,1
45,65,59,64,49,57,52,34,
539.000000,121.000000,0.007337,1153256.500000,0.031201,0,1
25,23,30,22,27,25,23,25,
755.000000,124.000000,0.025873,4848598.000000,0.069956,0,1
17,16,20,20,23,28,30,32,
666.000000,126.000000,0.023647,5308246.000000,0.070273,0,1
17,23,12,27,21,13,28,23,
773.000000,126.000000,0.026700,5072692.500000,0.077039,0,1
29,35,36,22,22,26,15,15,
522.000000,127.000000,0.019095,3218677.750000,0.062893,0,1
34,26,27,24,27,24,40,38,
549.000000,127.000000,0.016366,3324495.250000,0.068784,0,1
29,37,24,34,29,24,33,22,
598.000000,127.000000,0.017723,13045576.000000,0.110016,0,1
28,33,24,39,32,25,36,28,
734.000000,127.000000,0.021507,2159673.250000,0.053141,0,1
30,32,27,25,21,19,15,12,
176.000000,128.000000,0.094334,83304984.000000,0.423404,0,1
46,44,41,57,58,58,67,66,
660.000000,128.000000,0.022746,957148.500000,0.064307,0,1
24,28,26,22,20,19,11,10,
677.000000,128.000000,0.023935,819233.937500,0.069223,0,1
17,21,19,19,17,11,12,9,
687.000000,128.000000,0.022972,550765.000000,0.074614,0,1
15,19,19,21,15,11,11,8,
693.000000,128.000000,0.020221,2250548.500000,0.089688,0,1
21,17,22,11,18,19,9,8,
707.000000,128.000000,0.023102,1830821.750000,0.050602,0,1
20,21,19,15,16,11,11,9,
714.000000,128.000000,0.021940,3550954.750000,0.053068,0,1
22,16,23,11,15,19,9,9,
611.000000,129.000000,0.021069,1160881.000000,0.078598,0,1
27,28,29,18,17,23,13,17,
238.000000,130.000000,0.036668,12394774.000000,0.180255,0,1
33,31,30,28,29,25,27,27,
218.000000,133.000000,0.009617,143726640.000000,0.049106,0,1
33,28,40,25,33,39,27,30,
539.000000,133.000000,0.012584,5409077.000000,0.051598,0,1
28,22,29,19,22,26,18,17,
722.000000,134.000000,0.033311,43443072.000000,0.079178,0,1
17,10,26,8,17,30,10,17,
302.000000,135.000000,0.019291,7449667.500000,0.068652,0,1
40,37,25,31,30,23,32,26,
338.000000,135.000000,0.010799,44116252.000000,0.058005,0,1
24,38,21,35,26,23,35,27,
407.000000,136.000000,0.013501,1765325.125000,0.023745,0,1
41,32,41,28,35,39,30,31,
746.000000,140.000000,0.025131,5175001.500000,0.065313,0,1
12,11,14,16,20,24,20,25,
198.000000,144.000000,0.095097,512298624.000000,0.604616,0,1
34,61,24,63,34,22,33,28,
377.000000,157.000000,0.033371,27571664.000000,0.076895,0,1
29,39,36,41,47,51,41,56,
703.000000,157.000000,0.027287,11325720.000000,0.058799,0,1
8,11,13,18,33,24,42,42,
565.000000,158.000000,0.022885,14972977.000000,0.109077,0,1
12,25,12,32,20,11,21,15,
746.000000,158.000000,0.028449,16332417.000000,0.074409,0,1
17,13,18,16,23,20,43,54,
557.000000,159.000000,0.023990,13851079.000000,0.106252,0,1
22,30,20,23,30,14,25,33,
735.000000,159.000000,0.029852,13163821.000000,0.074827,0,1
14,20,19,35,36,36,50,66,
540.000000,160.000000,0.023230,14705084.000000,0.089867,0,1
11,21,9,36,23,10,40,25,
242.000000,161.000000,0.035935,9343266.000000,0.173470,0,1
25,26,32,28,30,33,31,31,
169.000000,162.000000,0.043873,51432312.000000,0.284312,0,1
28,27,33,27,34,39,34,39,
222.000000,162.000000,0.031622,34755216.000000,0.164616,0,1
23,26,26,31,33,27,35,35,
382.000000,162.000000,0.036315,13957129.000000,0.081233,0,1
52,54,46,52,45,41,40,35,
565.000000,162.000000,0.021481,2280337.750000,0.100825,0,1
15,25,24,45,43,43,55,55,
568.000000,162.000000,0.023358,4370522.000000,0.111620,0,1
14,24,26,43,43,45,55,55,
402.000000,163.000000,0.034463,25503318.000000,0.076460,0,1
49,44,34,44,42,30,50,33,
745.000000,163.000000,0.029466,5532299.500000,0.077008,0,1
34,33,31,39,45,44,50,59,
748.000000,164.000000,0.028516,9496054.000000,0.075343,0,1
34,44,38,53,47,38,58,52,
338.000000,166.000000,0.034045,23651520.000000,0.151055,0,1
29,30,19,30,20,14,24,14,
656.000000,166.000000,0.028884,458804.750000,0.091078,0,1
38,36,35,40,40,42,47,48,
699.000000,166.000000,0.029911,1060909.000000,0.063705,0,1
30,31,35,36,38,42,43,49,
727.000000,166.000000,0.029967,9065882.000000,0.072841,0,1
35,30,32,29,41,40,39,41,
239.000000,167.000000,0.032469,10615281.000000,0.158067,0,1
28,26,27,33,36,38,40,42,
759.000000,167.000000,0.060043,257256.937500,0.172830,0,1
38,41,42,44,44,45,51,52,
314.000000,169.000000,0.030482,5326601.500000,0.104033,0,1
46,44,40,37,31,27,31,27,
431.000000,171.000000,0.026636,31236048.000000,0.102748,0,1
18,20,23,25,26,33,37,44,
722.000000,171.000000,0.031703,6107506.000000,0.075805,0,1
40,46,40,56,49,48,52,51,
362.000000,172.000000,0.036567,10295738.000000,0.094982,0,1
19,20,15,28,22,15,26,20,
570.000000,174.000000,0.033416,714516.562500,0.161519,0,1
57,56,57,50,50,52,47,48,
206.000000,175.000000,0.038701,6560369.000000,0.217623,0,1
42,42,44,37,38,41,31,29,
287.000000,175.000000,0.038118,8695575.000000,0.151438,0,1
37,34,37,30,33,37,27,24,
194.000000,190.000000,0.091895,38989752.000000,0.595363,0,1
44,39,50,39,43,51,39,43,
555.000000,191.000000,0.045155,519672.000000,0.191367,0,1
47,52,51,43,45,47,41,42,
350.000000,192.000000,0.049529,11125722.000000,0.267934,0,1
52,52,51,48,49,48,39,38,
772.000000,192.000000,0.048942,857386.562500,0.147546,0,1
53,53,54,57,57,56,62,63,
340.000000,193.000000,0.049163,10507423.000000,0.232302,0,1
52,50,50,44,42,43,38,39,
449.000000,193.000000,0.048362,1302658.000000,0.231763,0,1
39,40,39,47,44,41,48,44,
755.000000,193.000000,0.051332,2023353.625000,0.146529,0,1
54,51,52,53,53,57,57,55,
741.000000,196.000000,0.052642,1395272.875000,0.143391,0,1
48,51,52,57,57,56,58,57,
303.000000,198.000000,0.056142,8632912.000000,0.215964,0,1
44,45,45,39,40,44,35,34,
321.000000,198.000000,0.057812,10362485.000000,0.210790,0,1
34,34,35,41,38,35,46,48,
495.000000,199.000000,0.054483,6184956.000000,0.406578,0,1
40,43,44,49,47,47,55,51,
718.000000,202.000000,0.057299,1835169.375000,0.144428,0,1
48,48,48,53,52,53,59,56,
720.000000,202.000000,0.058107,1893152.500000,0.147856,0,1
47,48,48,52,53,55,58,53,
350.000000,203.000000,0.061942,12520563.000000,0.337208,0,1
39,39,46,40,46,44,45,46,
479.000000,205.000000,0.059409,3703690.750000,0.380780,0,1
49,52,52,47,46,44,42,42,
442.000000,208.000000,0.063711,3185670.750000,0.289798,0,1
49,47,49,47,45,43,44,41,
564.000000,210.000000,0.064245,1107161.625000,0.287953,0,1
53,48,49,42,45,45,42,41,
601.000000,211.000000,0.067501,1573914.750000,0.380608,0,1
43,44,42,49,48,47,52,50,
526.000000,215.000000,0.071868,1731839.750000,0.253756,0,1
39,42,38,45,43,41,50,50,
276.000000,216.000000,0.075226,10594841.000000,0.345370,0,1
51,52,55,43,47,51,42,44,
631.000000,219.000000,0.076241,4756469.000000,0.504322,0,1
48,46,46,44,48,48,52,52,
621.000000,221.000000,0.078753,8027529.000000,0.492832,0,1
45,42,42,43,43,47,53,52,
556.000000,222.000000,0.075956,1523640.500000,0.322987,0,1
48,50,52,43,45,48,40,44,
241.000000,223.000000,0.067102,10244129.000000,0.354607,0,1
48,48,49,47,47,42,43,42,
593.000000,224.000000,0.081831,3615204.500000,0.436846,0,1
43,41,41,44,43,44,49,55,
603.000000,225.000000,0.082806,7334117.500000,0.466676,0,1
44,42,45,45,50,53,54,52,
212.000000,230.000000,0.107457,16100546.000000,0.686238,0,1
45,43,45,40,40,42,36,35,
559.000000,233.000000,0.091184,4502615.500000,0.393910,0,1
49,47,42,47,47,50,54,50,
580.000000,236.000000,0.093680,1200959.375000,0.462268,0,1
53,53,56,51,52,55,49,50,
460.000000,239.000000,0.097485,2634278.500000,0.528126,0,1
45,40,40,46,42,44,45,47,
561.000000,246.000000,0.105204,1496123.750000,0.470080,0,1
50,53,48,58,55,52,60,58,
485.000000,247.000000,0.106313,18250350.000000,0.695722,0,1
41,39,42,41,45,49,53,49,
474.000000,249.000000,0.109436,9584416.000000,0.661712,0,1
44,42,43,44,44,49,51,49,
240.000000,251.000000,0.123404,42168004.000000,0.745077,0,1
39,36,43,30,37,40,29,27,
436.000000,252.000000,0.112226,6256557.500000,0.524720,0,1
36,31,33,40,37,33,40,41,
509.000000,253.000000,0.112621,2668474.750000,0.871055,0,1
53,55,51,57,53,51,57,55,
500.000000,254.000000,0.109479,1739140.000000,0.802426,0,1
61,59,60,55,58,59,55,54,
197.000000,255.000000,0.137482,13128481.000000,0.599262,0,1
25,27,25,30,32,33,37,41,
199.000000,255.000000,0.136038,16650132.000000,0.591485,0,1
35,25,35,32,33,39,39,43,
231.000000,257.000000,0.126059,35984248.000000,0.797133,0,1
30,31,31,37,43,36,46,45,
426.000000,258.000000,0.118877,7026071.500000,0.525126,0,1
42,40,41,40,43,48,50,48,
510.000000,262.000000,0.120015,5571732.500000,0.929523,0,1
58,64,63,57,60,59,55,54,
332.000000,264.000000,0.122223,8682258.000000,0.676191,0,1
47,44,46,45,42,43,42,41,
413.000000,265.000000,0.128215,9393363.000000,0.536582,0,1
47,49,48,48,50,57,45,49,
177.000000,267.000000,0.131846,17488274.000000,0.652422,0,1
27,28,27,35,31,30,39,46,
377.000000,267.000000,0.127607,16821718.000000,0.959428,0,1
37,38,37,41,43,43,47,44,
177.000000,270.000000,0.135912,41734960.000000,0.671940,0,1
44,40,47,35,35,41,25,28,
323.000000,270.000000,0.130191,9904997.000000,0.694197,0,1
45,46,46,40,44,45,36,37,
188.000000,275.000000,0.140526,53847672.000000,0.683262,0,1
44,35,51,30,37,41,29,31,
278.000000,275.000000,0.140563,1076238464.000000,0.781904,0,1
24,66,31,105,80,35,115,95,
264.000000,278.000000,0.146344,189499232.000000,0.873441,0,1
49,55,55,67,67,71,84,94,
327.000000,279.000000,0.138122,16176020.000000,0.777742,0,1
39,48,48,44,40,39,39,39,
158.000000,280.000000,0.144922,17774070.000000,0.756749,0,1
36,39,33,28,26,30,24,24,
217.000000,280.000000,0.146232,47989812.000000,1.039945,0,1
49,51,51,39,46,54,45,46,
313.000000,280.000000,0.141247,12735022.000000,0.740771,0,1
34,37,35,37,41,44,47,39,
191.000000,284.000000,0.147835,13344766.000000,0.728949,0,1
53,51,47,39,43,49,42,38,
244.000000,291.000000,0.155663,63249428.000000,1.039757,0,1
46,58,48,57,46,42,43,45,
270.000000,292.000000,0.153096,33347522.000000,0.926410,0,1
29,25,23,22,29,24,28,34,
190.000000,296.000000,0.161321,9551635.000000,0.810472,0,1
48,50,38,45,37,33,30,25,
189.000000,298.000000,0.160493,16147440.000000,0.817297,0,1
42,36,24,40,30,30,38,42,
727.000000,4.000000,0.033404,481615872.000000,0.099646,0,1
136,190,149,235,210,174,237,209,
352.000000,293.000000,0.155396,7841071.000000,1.027273,0,1
46,45,54,45,49,57,45,44,
210.000000,293.000000,0.161609,14102253.000000,0.777820,0,1
27,25,37,25,33,36,28,37,
234.000000,287.000000,0.154921,24610104.000000,1.064880,0,1
34,29,36,30,33,41,33,42,
204.000000,281.000000,0.153697,43465620.000000,0.717777,0,1
40,39,51,43,53,62,49,51,
279.000000,279.000000,0.142219,356881408.000000,0.795985,0,1
47,72,31,63,44,34,43,41,
235.000000,271.000000,0.146287,19382506.000000,0.963912,0,1
26,26,27,25,27,30,29,34,
322.000000,13.000000,0.026480,96347632.000000,0.061781,0,1
117,106,130,105,132,160,104,119,
317.000000,21.000000,0.024905,212410704.000000,0.096493,0,1
125,127,96,134,116,88,131,108,
382.000000,22.000000,0.021792,60310648.000000,0.063135,0,1
160,152,155,133,148,140,126,118,
278.000000,25.000000,0.024197,357953824.000000,0.119644,0,1
143,135,130,142,128,109,135,117,
282.000000,26.000000,0.023087,88900680.000000,0.101846,0,1
108,105,110,119,123,118,127,129,
333.000000,26.000000,0.025543,177044160.000000,0.091512,0,1
134,114,133,103,130,145,97,124,
421.000000,256.000000,0.115519,5453885.000000,0.493282,0,1
43,41,43,47,43,39,44,42,
224.000000,31.000000,0.028584,142755040.000000,0.157148,0,1
113,111,118,108,114,127,107,119,
290.000000,31.000000,0.024694,401378976.000000,0.175330,0,1
117,103,106,78,94,98,74,71,
496.000000,248.000000,0.108610,12021629.000000,0.763642,0,1
51,47,50,52,52,51,52,57,
206.000000,248.000000,0.133776,40648468.000000,0.932653,0,1
38,37,48,40,45,57,47,49,
267.000000,245.000000,0.143861,418286400.000000,0.804338,0,1
41,43,45,89,75,45,114,106,
512.000000,239.000000,0.097092,9581794.000000,0.772134,0,1
46,39,40,39,39,39,47,50,
385.000000,37.000000,0.010891,31528350.000000,0.029020,0,1
117,103,118,87,97,121,67,70,
281.000000,38.000000,0.024547,263453152.000000,0.106911,0,1
95,117,76,119,90,62,108,85,
270.000000,236.000000,0.097689,18525240.000000,0.489793,0,1
43,44,43,55,50,43,53,44,
218.000000,40.000000,0.030106,80873512.000000,0.167911,0,1
99,89,115,82,99,115,94,90,
278.000000,40.000000,0.024839,59972616.000000,0.109229,0,1
108,118,106,125,107,91,123,122,
330.000000,41.000000,0.022669,41382336.000000,0.092930,0,1
72,60,77,60,62,71,50,54,
332.000000,231.000000,0.089685,17218018.000000,0.437270,0,1
52,50,52,44,47,49,41,42,
598.000000,225.000000,0.082417,4399992.000000,0.451113,0,1
44,44,43,48,47,46,54,55,
295.000000,45.000000,0.026281,173892240.000000,0.165849,0,1
46,76,53,92,72,55,80,62,
459.000000,45.000000,0.018865,43000380.000000,0.147870,0,1
82,74,73,78,56,53,63,57,
115.000000,46.000000,0.031642,124683120.000000,0.169616,0,1
92,97,91,91,84,73,77,65,
205.000000,50.000000,0.029804,157362704.000000,0.172436,0,1
69,65,76,65,87,96,83,94,
263.000000,53.000000,0.021339,12685158.000000,0.032158,0,1
66,56,76,52,74,68,50,65,
158.000000,218.000000,0.142591,21412992.000000,0.640425,0,1
70,69,67,66,57,44,37,38,
338.000000,55.000000,0.025105,49921296.000000,0.082272,0,1
78,72,75,51,55,52,37,34,
347.000000,58.000000,0.014451,165832816.000000,0.051671,0,1
86,101,52,80,78,40,80,76,
107.000000,59.000000,0.033144,23747400.000000,0.152748,0,1
75,70,67,48,47,43,32,35,
450.000000,59.000000,0.018041,33893760.000000,0.121354,0,1
47,40,57,43,52,69,46,48,
560.000000,60.000000,0.015557,26817340.000000,0.081594,0,1
141,132,145,128,140,147,131,140,
505.000000,64.000000,0.021541,32852162.000000,0.076029,0,1
66,57,73,69,76,95,62,68,
500.000000,66.000000,0.017375,27343720.000000,0.058268,0,1
53,56,71,52,61,71,46,61,
271.000000,68.000000,0.016203,65775300.000000,0.076495,0,1
38,49,54,53,55,57,51,60,
722.000000,68.000000,0.021691,110390464.000000,0.054589,0,1
147,132,135,88,85,102,47,49,
734.000000,68.000000,0.023647,276031424.000000,0.062368,0,1
135,87,121,48,74,116,60,56,
309.000000,69.000000,0.022409,52252704.000000,0.082067,0,1
40,39,44,40,55,48,54,69,
341.000000,71.000000,0.014985,302861632.000000,0.114809,0,1
40,42,39,67,53,54,65,84,
152.000000,206.000000,0.144820,8339139.500000,0.653014,0,1
66,65,64,57,53,49,39,33,
717.000000,74.000000,0.023065,97942488.000000,0.056428,0,1
76,86,105,51,75,103,38,35,
364.000000,75.000000,0.016310,33870860.000000,0.048893,0,1
40,48,38,61,55,43,68,58,
706.000000,75.000000,0.021600,66732340.000000,0.050336,0,1
50,56,76,37,52,82,33,33,
771.000000,75.000000,0.025642,90946592.000000,0.076118,0,1
35,39,81,37,67,79,55,48,
341.000000,76.000000,0.015790,84294520.000000,0.048186,0,1
96,91,78,59,64,53,41,37,
222.000000,78.000000,0.016925,115575584.000000,0.052276,0,1
56,71,40,84,65,33,82,72,
613.000000,79.000000,0.018730,27530428.000000,0.045236,0,1
120,113,101,100,89,55,63,45,
544.000000,198.000000,0.052037,1743655.875000,0.202293,0,1
50,51,51,48,47,46,42,41,
471.000000,82.000000,0.013630,9756565.000000,0.033790,0,1
40,32,59,33,48,55,34,40,
550.000000,83.000000,0.015431,36433788.000000,0.071941,0,1
50,69,50,70,55,53,63,55,
405.000000,85.000000,0.010249,63439448.000000,0.039156,0,1
53,62,56,40,46,49,32,32,
103.000000,86.000000,0.019466,63757368.000000,0.150900,0,1
32,34,32,47,43,40,61,67,
223.000000,89.000000,0.016056,488052224.000000,0.082557,0,1
51,76,41,82,47,34,75,48,
442.000000,187.000000,0.044689,3522207.500000,0.200124,0,1
54,51,52,45,47,46,42,41,
461.000000,90.000000,0.006439,14189416.000000,0.013297,0,1
49,48,52,35,39,41,24,23,
314.000000,98.000000,0.018054,72172544.000000,0.075327,0,1
28,29,29,32,35,36,41,54,
215.000000,99.000000,0.016385,42585308.000000,0.086465,0,1
86,73,76,34,38,50,24,23,
348.000000,99.000000,0.017125,15644933.000000,0.048470,0,1
37,43,45,42,43,47,50,58,
574.000000,99.000000,0.011414,8559206.000000,0.065049,0,1
41,36,47,33,38,38,29,28,
599.000000,101.000000,0.016820,13926406.000000,0.104346,0,1
42,44,31,47,33,25,38,31,
188.000000,105.000000,0.094461,86335448.000000,0.627388,0,1
70,67,66,63,55,56,52,40,
116.000000,107.000000,0.018317,272093344.000000,0.132007,0,1
40,32,50,27,35,47,29,34,
591.000000,107.000000,0.019080,77869576.000000,0.112740,0,1
38,48,29,43,37,26,47,36,
332.000000,115.000000,0.013655,49128940.000000,0.065064,0,1
27,24,37,23,28,56,24,27,
497.000000,115.000000,0.034149,17428508.000000,0.273514,0,1
24,18,27,17,29,26,21,30,
711.000000,118.000000,0.023155,27487470.000000,0.052055,0,1
40,32,59,27,41,50,22,20,
178.000000,120.000000,0.094177,195511024.000000,0.417314,0,1
51,33,58,30,45,56,30,30,
239.000000,120.000000,0.037102,76001984.000000,0.182226,0,1
42,38,29,33,29,28,36,25,
371.000000,172.000000,0.029081,17268784.000000,0.070271,0,1
27,21,38,18,31,33,19,21,
198.000000,126.000000,0.043076,48874124.000000,0.250872,0,1
33,44,27,59,41,26,66,54,
548.000000,128.000000,0.017043,11211766.000000,0.071176,0,1
37,34,29,31,33,22,25,22,
636.000000,128.000000,0.021117,520504.968750,0.055086,0,1
28,31,31,25,23,26,14,14,
417.000000,167.000000,0.024771,24092760.000000,0.077975,0,1
22,24,32,21,35,40,31,36,
543.000000,149.000000,0.025621,7098908.000000,0.100909,0,1
17,25,23,29,36,32,33,34,
193.000000,153.000000,0.092304,99622840.000000,0.595270,0,1
30,37,24,41,32,25,40,36,
410.000000,160.000000,0.030817,7360293.500000,0.082386,0,1
57,57,63,49,54,63,40,43,
577.000000,162.000000,0.023413,6475281.000000,0.119501,0,1
27,42,45,50,53,53,52,53,
468.000000,294.000000,0.157690,18083516.000000,0.483150,0,1
56,85,55,79,63,52,67,49,
263.000000,294.000000,0.156289,61025284.000000,0.980034,0,1
30,30,24,37,30,24,38,31,
452.000000,290.000000,0.126958,1838074.375000,0.208286,0,1
56,58,51,50,52,49,49,48,
258.000000,282.000000,0.145870,494494784.000000,0.895453,0,1
97,83,80,60,59,57,44,31,
288.000000,281.000000,0.143179,32781020.000000,0.777731,0,1
42,40,39,37,35,29,32,26,
232.000000,280.000000,0.151633,24111644.000000,1.033040,0,1
57,55,52,53,50,45,47,43,
276.000000,279.000000,0.143754,93341160.000000,0.816431,0,1
117,113,94,104,79,55,64,42,
279.000000,277.000000,0.141534,781560704.000000,0.788369,0,1
46,102,30,115,47,29,72,44,
253.000000,276.000000,0.142906,192692960.000000,0.880736,0,1
29,26,48,21,58,77,58,95,
662.000000,158.000000,0.027362,6668707.000000,0.046461,0,1
13,26,30,34,39,51,36,30,
381.000000,15.000000,0.019217,74744936.000000,0.059068,0,1
177,175,162,170,168,158,160,146,
349.000000,268.000000,0.127438,29332326.000000,0.790516,0,1
53,44,51,36,42,40,37,37,
351.000000,266.000000,0.126758,27706102.000000,0.789528,0,1
44,52,45,53,44,40,51,40,
224.000000,266.000000,0.136292,20965172.000000,0.911467,0,1
38,38,33,29,29,29,24,20,
436.000000,17.000000,0.018902,69798840.000000,0.043706,0,1
153,117,149,99,108,134,79,94,
626.000000,156.000000,0.020928,612036.750000,0.031539,0,1
12,12,13,19,18,18,29,31,
391.000000,22.000000,0.021009,160174720.000000,0.060888,0,1
151,147,123,159,130,125,143,121,
487.000000,22.000000,0.014574,91026640.000000,0.057787,0,1
139,134,132,111,122,114,113,91,
249.000000,260.000000,0.127499,70698248.000000,0.757690,0,1
42,38,35,27,32,33,25,28,
478.000000,26.000000,0.016528,30408328.000000,0.030556,0,1
124,102,150,113,121,121,80,81,
300.000000,27.000000,0.024334,302623392.000000,0.099856,0,1
71,105,54,119,94,66,125,108,
720.000000,257.000000,0.118107,8604220.000000,0.365740,0,1
45,53,47,50,58,48,46,46,
719.000000,256.000000,0.118827,9850387.000000,0.366326,0,1
44,45,45,45,53,47,50,46,
311.000000,29.000000,0.024789,194291440.000000,0.096864,0,1
111,115,84,83,98,83,90,71,
364.000000,29.000000,0.021378,32751040.000000,0.065674,0,1
116,101,112,78,109,129,82,93,
538.000000,164.000000,0.025553,3329978.500000,0.095325,0,1
27,26,26,41,43,43,53,56,
331.000000,30.000000,0.025230,152834288.000000,0.090303,0,1
78,81,78,75,96,107,97,106,
524.000000,252.000000,0.110021,2159386.750000,0.937737,0,1
50,53,49,57,53,51,58,57,
729.000000,30.000000,0.032914,530401696.000000,0.092963,0,1
174,138,200,143,177,211,133,178,
460.000000,252.000000,0.111340,18947050.000000,0.611621,0,1
35,38,38,39,43,48,48,45,
241.000000,252.000000,0.123455,45603240.000000,0.743470,0,1
43,37,40,29,34,40,27,27,
395.000000,32.000000,0.021920,204667584.000000,0.058375,0,1
120,94,106,82,67,78,49,41,
279.000000,33.000000,0.025320,386973920.000000,0.112164,0,1
101,124,75,129,102,69,114,94,
417.000000,247.000000,0.106290,7496371.000000,0.427793,0,1
38,35,39,45,42,40,46,45,
566.000000,148.000000,0.026448,2082433.750000,0.123162,0,1
13,14,14,16,16,21,21,28,
301.000000,36.000000,0.022899,102157088.000000,0.100972,0,1
59,73,48,77,59,51,69,51,
729.000000,36.000000,0.032799,480656128.000000,0.091439,0,1
177,136,193,123,171,200,138,167,
429.000000,37.000000,0.017743,54631784.000000,0.038163,0,1
74,120,73,111,97,73,94,89,
268.000000,238.000000,0.094808,89439312.000000,0.478150,0,1
55,50,53,44,48,44,45,41,
225.000000,233.000000,0.120646,26436494.000000,0.753454,0,1
45,42,50,43,47,53,46,53,
572.000000,230.000000,0.088378,6774348.000000,0.412967,0,1
46,44,46,41,47,49,52,53,
459.000000,227.000000,0.084930,8187609.000000,0.451623,0,1
50,49,49,43,45,46,40,40,
591.000000,137.000000,0.019109,65861640.000000,0.108703,0,1
23,43,20,35,24,20,43,24,
305.000000,225.000000,0.082169,18727478.000000,0.337974,0,1
51,46,49,40,41,42,37,39,
415.000000,45.000000,0.019877,130441776.000000,0.110045,0,1
95,68,104,67,69,81,60,68,
379.000000,46.000000,0.016283,40614796.000000,0.039074,0,1
70,80,49,78,53,41,59,47,
441.000000,224.000000,0.081698,8649605.000000,0.371151,0,1
50,50,51,44,46,48,38,39,
327.000000,47.000000,0.018163,22522016.000000,0.063126,0,1
39,43,39,53,51,43,69,66,
451.000000,47.000000,0.019952,42847176.000000,0.142401,0,1
69,81,75,63,73,67,79,60,
325.000000,224.000000,0.084470,13594354.000000,0.371170,0,1
40,41,41,48,45,44,51,51,
188.000000,50.000000,0.095950,84807136.000000,0.659604,0,1
52,42,51,39,45,46,34,40,
345.000000,50.000000,0.014974,123973056.000000,0.058131,0,1
53,61,56,85,75,77,82,95,
259.000000,51.000000,0.024006,186261408.000000,0.112159,0,1
75,96,71,97,77,56,73,61,
297.000000,52.000000,0.016933,231367696.000000,0.105710,0,1
54,67,42,68,55,34,62,50,
519.000000,52.000000,0.015564,38612432.000000,0.064127,0,1
132,129,113,111,106,102,96,101,
423.000000,221.000000,0.078537,9479528.000000,0.301399,0,1
52,52,52,46,46,51,40,40,
353.000000,166.000000,0.035431,49446600.000000,0.194762,0,1
48,41,29,36,43,25,45,32,
639.000000,55.000000,0.017584,22103880.000000,0.032028,0,1
147,145,128,126,110,116,75,108,
507.000000,56.000000,0.015034,40838264.000000,0.056110,0,1
107,100,79,82,80,71,68,67,
625.000000,129.000000,0.017387,1436607.875000,0.026202,0,1
28,28,24,20,17,16,16,15,
612.000000,129.000000,0.022474,1214142.750000,0.033870,0,1
27,28,30,16,20,24,13,19,
644.000000,216.000000,0.071124,1905530.750000,0.131691,0,1
47,48,49,55,54,54,59,57,
592.000000,214.000000,0.072724,750173.937500,0.385549,0,1
50,45,48,44,47,46,43,40,
287.000000,214.000000,0.074802,15234193.000000,0.325829,0,1
40,44,42,51,46,44,53,54,
268.000000,213.000000,0.071740,20118516.000000,0.338126,0,1
51,50,50,43,48,52,41,40,
409.000000,64.000000,0.013178,44393184.000000,0.062022,0,1
61,51,69,45,50,52,39,33,
482.000000,65.000000,0.018674,33182096.000000,0.054687,0,1
73,63,76,45,69,73,47,45,
618.000000,68.000000,0.002369,3304126.000000,0.003571,0,1
144,143,136,141,135,127,134,124,
654.000000,68.000000,0.013547,27905146.000000,0.025039,0,1
121,111,120,93,106,98,94,96,
224.000000,69.000000,0.016219,211875776.000000,0.084290,0,1
87,83,76,72,56,58,41,33,
561.000000,69.000000,0.014684,142609104.000000,0.075866,0,1
129,106,132,93,121,129,104,104,
252.000000,71.000000,0.017463,342425312.000000,0.081306,0,1
83,60,83,46,64,56,33,29,
293.000000,72.000000,0.024591,98496480.000000,0.096931,0,1
41,44,58,41,62,71,62,52,
325.000000,73.000000,0.023245,94883160.000000,0.068818,0,1
73,88,69,72,66,62,64,58,
202.000000,76.000000,0.095402,286110368.000000,0.611483,0,1
44,58,40,53,44,42,60,46,
388.000000,77.000000,0.020338,21938054.000000,0.068693,0,1
36,39,36,47,50,42,54,59,
516.000000,77.000000,0.010726,80819416.000000,0.039400,0,1
90,84,94,59,71,78,45,40,
762.000000,77.000000,0.024970,110093768.000000,0.071773,0,1
102,106,89,88,81,48,60,38,
334.000000,200.000000,0.061513,6107984.500000,0.265801,0,1
34,36,36,39,40,38,47,50,
260.000000,81.000000,0.014868,212611376.000000,0.066086,0,1
56,39,58,35,49,47,34,40,
450.000000,81.000000,0.014624,24081772.000000,0.029097,0,1
69,33,76,32,55,60,42,49,
612.000000,81.000000,0.019426,19942392.000000,0.029276,0,1
94,81,55,60,47,48,52,40,
648.000000,81.000000,0.020023,24693560.000000,0.034510,0,1
55,43,61,34,44,44,33,33,
630.000000,82.000000,0.025682,9154152.000000,0.039892,0,1
47,50,49,39,42,42,34,33,
520.000000,123.000000,0.020384,17401042.000000,0.065882,0,1
22,24,23,24,34,28,35,40,
353.000000,83.000000,0.012488,63283744.000000,0.035029,0,1
44,59,38,67,54,38,58,47,
622.000000,83.000000,0.021831,11276529.000000,0.032899,0,1
47,44,61,36,47,47,32,35,
664.000000,83.000000,0.023772,9852372.000000,0.044704,0,1
28,34,39,45,52,47,57,58,
188.000000,84.000000,0.094988,39828740.000000,0.637385,0,1
57,50,51,38,38,39,24,24,
463.000000,84.000000,0.013577,87025064.000000,0.093579,0,1
34,40,39,54,52,44,67,64,
427.000000,85.000000,0.015363,10650911.000000,0.026248,0,1
45,48,44,58,43,33,49,40,
511.000000,187.000000,0.045249,774900.000000,0.130684,0,1
52,52,53,46,47,45,42,44,
265.000000,89.000000,0.015717,82485768.000000,0.068004,0,1
42,53,36,61,46,34,56,48,
512.000000,89.000000,0.021451,5898507.500000,0.070766,0,1
34,33,36,36,43,48,44,46,
425.000000,187.000000,0.045129,3448655.250000,0.160076,0,1
55,54,55,52,52,52,45,43,
430.000000,92.000000,0.010837,24929862.000000,0.051864,0,1
30,29,31,28,29,39,28,29,
476.000000,92.000000,0.010686,44730568.000000,0.082019,0,1
46,35,45,25,29,49,23,28,
436.000000,96.000000,0.015196,71892320.000000,0.074760,0,1
32,51,26,53,33,27,48,29,
353.000000,117.000000,0.012834,50748176.000000,0.034251,0,1
37,50,26,51,40,23,52,45,
729.000000,99.000000,0.033351,14567420.000000,0.083767,0,1
30,33,36,49,53,54,63,57,
675.000000,116.000000,0.022384,23269492.000000,0.041703,0,1
29,32,34,25,34,45,31,51,
597.000000,116.000000,0.015325,71988576.000000,0.092796,0,1
51,56,39,53,46,27,41,32,
336.000000,105.000000,0.013150,69705672.000000,0.039347,0,1
62,54,46,45,52,32,42,38,
407.000000,115.000000,0.009355,23704022.000000,0.016879,0,1
48,36,50,29,50,46,36,48,
583.000000,110.000000,0.011097,61502472.000000,0.062263,0,1
34,26,39,25,35,38,27,34,
189.000000,111.000000,0.094584,226613600.000000,0.624802,0,1
33,37,31,49,58,31,76,71,
263.000000,111.000000,0.013633,19821200.000000,0.058446,0,1
48,42,45,41,42,36,38,38,
532.000000,111.000000,0.019015,2995487.500000,0.070538,0,1
27,27,30,29,31,37,33,35,
179.000000,114.000000,0.094252,376841824.000000,0.417687,0,1
30,30,34,30,37,56,38,60,
