# timestamp
1608635243888072448

# fx, fy, cx, cy, width, height, npoints
501.487793,501.475342,421.777100,167.665955,800,400,522

# camToWorld: translation vector, rotation quaternion
-28.366581,83.865001,7.341618,-0.487213,-0.533462,0.527349,0.447152

# Exposure time (ms)
0.295927

# GPS Data
# GPSData: Covariance matrix
0.000028,0.000000,0.000000,0.000000,0.000051,0.000000,0.000000,0.000000,0.000114

# GPSData: GPS point
87.658041,-1.161781,6.346564

# Point Cloud Data : 
# u,v,idepth_scaled,idepth_hessian,maxRelBaseline,numGoodRes,status 
# color information 
730.000000,174.000000,0.127301,17604296.000000,0.665476,0,1
72,67,66,59,57,56,49,43,
728.000000,177.000000,0.124564,25328554.000000,0.653195,0,1
50,46,44,35,34,33,18,19,
724.000000,26.000000,0.018467,98850048.000000,0.150847,0,1
66,63,63,58,58,61,55,57,
711.000000,34.000000,0.019154,25574658.000000,0.148114,0,1
59,62,55,64,58,51,66,62,
724.000000,44.000000,0.018428,48904404.000000,0.144922,0,1
56,60,55,55,55,53,50,47,
712.000000,55.000000,0.018418,119142368.000000,0.137381,0,1
44,42,41,51,44,38,51,53,
720.000000,56.000000,0.018962,130246976.000000,0.143845,0,1
41,34,47,36,50,51,44,51,
735.000000,61.000000,0.018848,34069764.000000,0.158020,0,1
38,34,39,33,43,46,48,49,
720.000000,67.000000,0.019148,195750688.000000,0.142663,0,1
44,41,52,38,48,56,48,58,
726.000000,73.000000,0.018567,152794720.000000,0.140111,0,1
57,60,45,60,52,47,56,49,
718.000000,80.000000,0.008749,133964688.000000,0.068088,0,1
53,47,49,43,40,45,32,29,
734.000000,87.000000,0.011258,201017536.000000,0.090123,0,1
54,49,54,39,41,47,31,24,
707.000000,88.000000,0.023623,12371883.000000,0.166468,0,1
34,35,29,33,29,21,33,30,
719.000000,156.000000,0.077208,6884787.500000,0.439900,0,1
17,17,18,26,28,30,42,48,
734.000000,156.000000,0.074493,5586063.000000,0.451397,0,1
14,17,18,37,38,40,47,45,
712.000000,168.000000,0.103939,100975960.000000,0.532739,0,1
77,69,78,54,72,78,63,76,
704.000000,174.000000,0.116150,2397582.500000,0.384022,0,1
70,69,70,54,58,61,39,32,
679.000000,224.000000,0.105039,166624128.000000,0.535230,0,1
19,17,29,18,20,44,18,20,
696.000000,231.000000,0.117708,84079560.000000,0.622042,0,1
55,52,46,45,43,34,31,24,
688.000000,237.000000,0.107878,12976150.000000,0.585294,0,1
32,36,33,51,39,34,54,55,
694.000000,240.000000,0.116953,7255070.500000,0.570003,0,1
39,49,43,55,55,47,57,58,
703.000000,251.000000,0.122481,17446460.000000,0.689168,0,1
44,50,49,57,55,52,61,61,
693.000000,259.000000,0.132061,71154632.000000,0.722244,0,1
59,61,62,69,69,70,94,100,
704.000000,259.000000,0.132715,18331716.000000,0.453649,0,1
59,58,61,78,76,79,92,82,
703.000000,272.000000,0.144376,15167479.000000,0.811310,0,1
100,72,90,64,67,81,62,61,
719.000000,280.000000,0.152742,31227408.000000,0.883439,0,1
99,71,91,64,65,75,64,58,
703.000000,55.000000,0.019267,156131920.000000,0.138952,0,1
48,41,49,36,40,48,37,35,
670.000000,171.000000,0.103542,8996849.000000,0.471650,0,1
56,51,50,34,34,34,21,16,
114.000000,37.000000,0.058092,16615580.000000,0.323769,0,1
102,94,103,88,98,101,89,92,
694.000000,38.000000,0.019308,47321452.000000,0.146784,0,1
56,57,49,58,53,47,55,51,
100.000000,51.000000,0.048848,2732692.500000,0.189248,0,1
98,89,95,86,90,95,84,82,
671.000000,60.000000,0.017138,33962052.000000,0.111949,0,1
44,51,46,52,49,48,57,50,
661.000000,68.000000,0.017957,21785852.000000,0.107799,0,1
62,61,60,55,56,57,50,52,
143.000000,72.000000,0.048640,11601561.000000,0.236204,0,1
64,58,73,45,56,70,43,57,
667.000000,76.000000,0.016191,7640877.500000,0.097962,0,1
53,49,52,52,56,59,58,59,
428.000000,90.000000,0.065463,4883795.000000,0.561231,0,1
53,48,68,59,64,69,57,61,
385.000000,96.000000,0.024802,3083117.750000,0.039240,0,1
43,56,38,63,50,37,59,49,
208.000000,105.000000,0.011241,2688298.750000,0.051594,0,1
71,67,67,45,51,59,35,28,
384.000000,111.000000,0.019383,2912438.750000,0.160020,0,1
57,52,47,41,42,32,36,45,
424.000000,111.000000,0.022054,22766778.000000,0.241843,0,1
57,53,59,44,53,58,46,32,
106.000000,114.000000,0.022644,21664460.000000,0.034126,0,1
45,56,35,57,45,27,52,39,
92.000000,124.000000,0.033678,3102356.500000,0.053131,0,1
46,49,35,56,43,35,52,53,
160.000000,165.000000,0.044404,9830050.000000,0.194119,0,1
44,50,36,48,41,33,41,32,
104.000000,184.000000,0.046471,2212344.000000,0.147329,0,1
24,25,22,30,25,20,29,24,
538.000000,295.000000,0.167861,969265.000000,0.675992,0,1
56,54,60,55,56,57,55,58,
698.000000,57.000000,0.018461,34363584.000000,0.130784,0,1
46,41,43,35,37,38,33,37,
684.000000,69.000000,0.017397,51228236.000000,0.114605,0,1
42,47,40,50,47,39,51,52,
660.000000,75.000000,0.016437,18060118.000000,0.096338,0,1
60,58,59,51,53,56,47,46,
666.000000,80.000000,0.011329,34555320.000000,0.069060,0,1
58,55,57,51,50,50,41,36,
667.000000,167.000000,0.102890,13520348.000000,0.461414,0,1
37,26,28,28,31,34,41,53,
649.000000,193.000000,0.084758,5805647.000000,0.388760,0,1
23,16,14,25,18,14,26,26,
647.000000,182.000000,0.083566,14432147.000000,0.370922,0,1
24,25,21,23,21,13,16,15,
181.000000,89.000000,0.043386,17817622.000000,0.175594,0,1
72,71,66,59,59,49,41,37,
131.000000,24.000000,0.055029,30322684.000000,0.293352,0,1
103,107,98,108,99,93,103,95,
144.000000,28.000000,0.064685,33985240.000000,0.320816,0,1
104,95,108,89,103,108,92,100,
25.000000,30.000000,0.046059,41932764.000000,0.229009,0,1
108,100,111,99,103,110,101,104,
109.000000,31.000000,0.054147,21753976.000000,0.186998,0,1
103,104,96,105,97,89,101,100,
131.000000,34.000000,0.055881,99266328.000000,0.293195,0,1
94,98,83,104,92,80,102,100,
29.000000,42.000000,0.053967,25619764.000000,0.265629,0,1
105,98,104,88,96,102,89,83,
121.000000,45.000000,0.055012,23588004.000000,0.296746,0,1
90,90,92,92,94,97,89,95,
54.000000,47.000000,0.055913,68878136.000000,0.258283,0,1
99,89,96,81,89,98,87,100,
167.000000,47.000000,0.056671,47810428.000000,0.252078,0,1
85,85,91,86,86,99,84,94,
120.000000,49.000000,0.054160,48147984.000000,0.292463,0,1
89,83,94,78,91,95,88,95,
34.000000,53.000000,0.050508,55947416.000000,0.240432,0,1
93,87,91,83,82,82,82,76,
153.000000,53.000000,0.054423,27472044.000000,0.255856,0,1
76,79,73,84,74,76,83,86,
147.000000,57.000000,0.051105,58926348.000000,0.246495,0,1
88,84,77,75,74,75,82,74,
100.000000,59.000000,0.048742,13562273.000000,0.190610,0,1
87,86,79,93,87,81,92,91,
110.000000,59.000000,0.043060,31223206.000000,0.161132,0,1
83,83,77,77,77,76,69,75,
40.000000,62.000000,0.051170,55665788.000000,0.237519,0,1
91,84,89,77,72,77,66,67,
194.000000,63.000000,0.046636,14826662.000000,0.181919,0,1
90,88,84,85,81,83,82,79,
224.000000,63.000000,0.071575,79409104.000000,0.691888,0,1
86,84,88,75,80,85,54,40,
63.000000,69.000000,0.056855,37169140.000000,0.248564,0,1
93,93,89,90,84,83,83,78,
151.000000,69.000000,0.047693,90336184.000000,0.224406,0,1
81,79,68,77,75,73,74,62,
400.000000,71.000000,0.045516,14858044.000000,0.607369,0,1
63,67,72,65,70,79,61,77,
27.000000,72.000000,0.049929,77785424.000000,0.236131,0,1
62,62,60,67,74,71,83,82,
123.000000,72.000000,0.016887,45606284.000000,0.055672,0,1
77,62,59,41,37,38,47,49,
128.000000,73.000000,0.019855,32745070.000000,0.071969,0,1
57,44,48,48,54,55,52,59,
192.000000,75.000000,0.053343,36733448.000000,0.205628,0,1
75,75,65,75,65,55,66,56,
397.000000,75.000000,0.044112,56769148.000000,0.584498,0,1
75,74,60,69,70,67,62,63,
650.000000,75.000000,0.018249,16292147.000000,0.122185,0,1
62,58,61,55,56,58,51,47,
68.000000,76.000000,0.059345,18056440.000000,0.254522,0,1
87,87,83,82,79,74,72,74,
424.000000,76.000000,0.039374,13042147.000000,0.416615,0,1
73,71,74,74,68,75,60,73,
204.000000,77.000000,0.042522,31313900.000000,0.155551,0,1
79,79,64,81,68,58,72,64,
641.000000,77.000000,0.015933,13860835.000000,0.102728,0,1
61,60,59,57,56,56,52,53,
177.000000,78.000000,0.051594,27398212.000000,0.212470,0,1
72,69,72,67,74,76,77,78,
47.000000,79.000000,0.050885,78227024.000000,0.227031,0,1
74,71,78,69,82,88,76,81,
337.000000,79.000000,0.037690,10317157.000000,0.329549,0,1
76,65,75,63,72,73,61,66,
378.000000,79.000000,0.043618,4824422.000000,0.288402,0,1
68,75,68,70,73,61,76,71,
37.000000,80.000000,0.048950,65967540.000000,0.223297,0,1
76,77,77,67,68,67,60,60,
43.000000,80.000000,0.050165,45408644.000000,0.225714,0,1
69,70,67,64,71,78,72,75,
134.000000,80.000000,0.017252,14704059.000000,0.092802,0,1
55,50,47,58,56,44,64,62,
60.000000,81.000000,0.041607,15798501.000000,0.175200,0,1
70,75,70,81,75,72,85,84,
200.000000,81.000000,0.043454,15398020.000000,0.165772,0,1
79,77,73,72,71,63,61,65,
48.000000,82.000000,0.043574,11767251.000000,0.190443,0,1
86,81,83,75,77,82,71,73,
354.000000,84.000000,0.043018,6474208.000000,0.316709,0,1
71,68,63,68,69,61,74,67,
374.000000,84.000000,0.043207,16199244.000000,0.099346,0,1
61,61,65,58,68,67,52,51,
432.000000,85.000000,0.042922,5325388.000000,0.414428,0,1
72,73,70,71,67,69,68,60,
376.000000,86.000000,0.041226,20422320.000000,0.094615,0,1
67,69,62,51,65,70,47,54,
27.000000,87.000000,0.048343,81537608.000000,0.224607,0,1
70,65,62,60,74,73,77,75,
94.000000,87.000000,0.026060,43329304.000000,0.094631,0,1
77,78,74,76,74,70,58,43,
99.000000,87.000000,0.031323,28582228.000000,0.093178,0,1
76,73,70,67,67,61,47,43,
346.000000,87.000000,0.040753,11365861.000000,0.299292,0,1
72,68,74,56,71,68,58,69,
634.000000,87.000000,0.045168,13474192.000000,0.225089,0,1
49,52,46,53,45,45,49,39,
96.000000,88.000000,0.025330,69124208.000000,0.091064,0,1
75,72,67,55,52,47,43,49,
65.000000,89.000000,0.025720,10509816.000000,0.062647,0,1
82,79,78,67,67,63,38,55,
72.000000,89.000000,0.028966,8338691.000000,0.069219,0,1
80,78,74,57,54,50,47,53,
21.000000,91.000000,0.023803,36556324.000000,0.106788,0,1
65,72,75,59,58,56,45,50,
598.000000,91.000000,0.008478,35806980.000000,0.068113,0,1
53,47,50,39,42,43,36,32,
208.000000,95.000000,0.040008,8237993.000000,0.140532,0,1
59,58,62,51,55,67,38,51,
269.000000,95.000000,0.010854,21960012.000000,0.091065,0,1
76,74,74,64,64,64,54,60,
327.000000,95.000000,0.035218,9424456.000000,0.337883,0,1
61,56,60,57,57,57,50,53,
107.000000,99.000000,0.022971,50290784.000000,0.077644,0,1
56,60,52,53,48,43,37,27,
98.000000,100.000000,0.016016,25802124.000000,0.060322,0,1
55,50,52,37,40,50,30,29,
242.000000,101.000000,0.012706,18266428.000000,0.037824,0,1
59,57,59,36,51,58,37,46,
28.000000,102.000000,0.048434,74869480.000000,0.221807,0,1
53,59,48,60,50,37,45,33,
418.000000,104.000000,0.055427,22614980.000000,0.188533,0,1
50,58,42,57,46,41,48,40,
254.000000,105.000000,0.011049,11930663.000000,0.101396,0,1
35,45,32,51,43,34,64,70,
526.000000,106.000000,0.006690,113318408.000000,0.037516,0,1
58,57,40,55,36,22,38,22,
368.000000,107.000000,0.044062,6743382.000000,0.138240,0,1
60,53,63,46,53,57,48,49,
76.000000,108.000000,0.017908,75385168.000000,0.066505,0,1
40,37,45,33,45,50,39,46,
265.000000,108.000000,0.012337,11489655.000000,0.104437,0,1
30,41,36,62,56,49,70,72,
231.000000,109.000000,0.013992,31172884.000000,0.044084,0,1
71,62,68,51,45,52,32,25,
410.000000,109.000000,0.037955,24270810.000000,0.439846,0,1
48,51,40,49,46,46,41,31,
236.000000,110.000000,0.011934,18364276.000000,0.036524,0,1
72,61,66,36,39,46,29,25,
396.000000,110.000000,0.044628,30446182.000000,0.108657,0,1
59,44,55,40,49,44,34,37,
401.000000,110.000000,0.037905,14607449.000000,0.095310,0,1
62,55,59,46,50,49,35,39,
438.000000,111.000000,0.023329,31886282.000000,0.217559,0,1
59,59,51,54,50,46,42,25,
480.000000,111.000000,0.020225,31373852.000000,0.110816,0,1
60,56,55,41,39,38,23,17,
488.000000,111.000000,0.020040,35222244.000000,0.092887,0,1
59,55,58,36,45,44,30,45,
222.000000,112.000000,0.067928,68550384.000000,0.629637,0,1
33,30,45,27,36,36,32,36,
464.000000,112.000000,0.020662,27941796.000000,0.141466,0,1
59,52,50,33,32,30,19,18,
496.000000,112.000000,0.009677,29490822.000000,0.045901,0,1
48,35,39,31,29,33,27,25,
321.000000,113.000000,0.021578,18376640.000000,0.114428,0,1
58,63,54,49,53,43,32,30,
76.000000,115.000000,0.017653,88728768.000000,0.065147,0,1
43,36,54,28,45,55,34,37,
279.000000,115.000000,0.020900,14969978.000000,0.154838,0,1
70,70,67,59,56,51,38,44,
310.000000,117.000000,0.023915,4089958.000000,0.140591,0,1
32,49,44,57,51,46,55,53,
152.000000,118.000000,0.020405,50717992.000000,0.098017,0,1
32,29,38,28,36,45,39,44,
30.000000,119.000000,0.019295,232489136.000000,0.082271,0,1
37,45,29,53,40,23,50,44,
231.000000,119.000000,0.019654,7814029.500000,0.060808,0,1
27,30,30,41,46,46,49,49,
210.000000,120.000000,0.020643,8637984.000000,0.072235,0,1
30,31,35,41,44,46,51,51,
63.000000,122.000000,0.030067,3428884.750000,0.118192,0,1
28,29,28,31,33,35,39,43,
32.000000,123.000000,0.019973,85523224.000000,0.084631,0,1
24,35,27,46,31,31,52,43,
54.000000,123.000000,0.030639,3900878.000000,0.124046,0,1
27,31,30,43,40,35,45,35,
127.000000,123.000000,0.044291,3373902.000000,0.229759,0,1
35,29,28,34,34,29,41,38,
518.000000,124.000000,0.005994,12021757.000000,0.031647,0,1
20,22,18,24,18,16,23,18,
101.000000,125.000000,0.040859,43999736.000000,0.149674,0,1
32,37,32,48,43,37,50,47,
266.000000,128.000000,0.021759,11126913.000000,0.178331,0,1
54,49,49,32,31,29,18,17,
231.000000,129.000000,0.022484,4642067.500000,0.068805,0,1
50,42,46,34,35,33,24,23,
240.000000,129.000000,0.027074,10426982.000000,0.089542,0,1
53,49,49,31,29,27,19,18,
129.000000,133.000000,0.025566,5283610.500000,0.144641,0,1
39,36,40,32,33,31,25,28,
418.000000,133.000000,0.017279,61300924.000000,0.203010,0,1
42,47,44,43,43,30,36,40,
47.000000,136.000000,0.036318,16183007.000000,0.151168,0,1
45,41,41,36,35,32,27,28,
107.000000,136.000000,0.015746,4242229.000000,0.076407,0,1
29,24,24,29,29,28,37,36,
123.000000,137.000000,0.026085,5282264.000000,0.079714,0,1
23,30,25,37,35,24,37,31,
157.000000,138.000000,0.018462,32070770.000000,0.091826,0,1
35,30,39,27,37,46,34,39,
186.000000,138.000000,0.013476,9254133.000000,0.054628,0,1
41,33,34,32,32,27,26,22,
417.000000,139.000000,0.021874,60566816.000000,0.251993,0,1
33,41,35,46,37,35,36,48,
205.000000,142.000000,0.021402,35862936.000000,0.076434,0,1
44,46,34,48,40,25,38,42,
74.000000,144.000000,0.041877,22141032.000000,0.097914,0,1
37,39,46,36,40,45,36,37,
124.000000,144.000000,0.022955,7551897.500000,0.069208,0,1
30,36,24,34,26,22,32,26,
80.000000,148.000000,0.024775,7595882.000000,0.095224,0,1
34,38,29,40,35,26,35,32,
313.000000,150.000000,0.021899,49426808.000000,0.237099,0,1
24,33,17,39,24,15,35,23,
154.000000,151.000000,0.040368,6818893.000000,0.106801,0,1
29,33,23,38,28,23,35,29,
309.000000,151.000000,0.014560,96245952.000000,0.086020,0,1
40,35,39,29,33,40,29,33,
24.000000,154.000000,0.020694,70114352.000000,0.089238,0,1
27,32,24,38,30,23,34,32,
154.000000,154.000000,0.040440,5974892.500000,0.090203,0,1
28,35,24,40,31,23,35,29,
387.000000,154.000000,0.043996,28446108.000000,0.210148,0,1
24,38,27,50,39,35,48,45,
73.000000,156.000000,0.029322,6616538.000000,0.067949,0,1
43,43,41,38,39,36,32,34,
150.000000,156.000000,0.033071,5730541.000000,0.056216,0,1
36,30,41,26,35,37,28,30,
354.000000,157.000000,0.043458,4360284.500000,0.405868,0,1
28,28,26,33,31,24,27,22,
415.000000,159.000000,0.040650,6952822.000000,0.121193,0,1
48,48,45,30,37,28,24,24,
487.000000,160.000000,0.020565,27549582.000000,0.092219,0,1
16,13,24,13,18,30,17,19,
159.000000,162.000000,0.038941,13447294.000000,0.178109,0,1
22,28,29,34,38,36,45,50,
168.000000,163.000000,0.042784,29726746.000000,0.179831,0,1
30,40,31,47,36,39,41,34,
300.000000,163.000000,0.016058,5768153.500000,0.102417,0,1
38,41,34,35,32,27,17,20,
69.000000,164.000000,0.022048,42159776.000000,0.083021,0,1
28,26,33,26,32,36,35,41,
208.000000,166.000000,0.041290,9403323.000000,0.141092,0,1
41,36,42,34,37,40,31,23,
464.000000,166.000000,0.068868,6759828.000000,0.298013,0,1
8,11,10,16,9,15,16,17,
96.000000,168.000000,0.017232,10974185.000000,0.065064,0,1
30,25,33,21,31,37,24,27,
260.000000,168.000000,0.019075,11814926.000000,0.028796,0,1
35,48,22,50,39,15,48,40,
314.000000,168.000000,0.021643,3218978.000000,0.149168,0,1
18,25,11,24,18,10,21,18,
108.000000,170.000000,0.044489,30955750.000000,0.165867,0,1
26,33,28,27,28,22,21,20,
68.000000,171.000000,0.015961,8600470.000000,0.062344,0,1
35,34,35,29,31,31,24,25,
226.000000,171.000000,0.067131,86707800.000000,0.608742,0,1
27,18,37,21,28,32,23,29,
575.000000,171.000000,0.073183,49876836.000000,0.608821,0,1
19,14,22,11,18,23,12,18,
620.000000,176.000000,0.075230,11901056.000000,0.482329,0,1
17,15,19,14,15,21,12,14,
587.000000,178.000000,0.069593,3706608.250000,0.383492,0,1
19,20,20,17,15,17,13,11,
415.000000,179.000000,0.038568,3223296.000000,0.439310,0,1
28,18,35,18,28,41,23,25,
209.000000,183.000000,0.021803,17681060.000000,0.077185,0,1
22,26,17,33,23,16,25,20,
300.000000,183.000000,0.068988,1837717.125000,0.744598,0,1
12,14,14,17,16,16,24,26,
327.000000,183.000000,0.070312,2028232.750000,0.634697,0,1
13,14,14,18,20,20,25,24,
490.000000,183.000000,0.072275,31469222.000000,0.379618,0,1
15,15,17,15,20,24,15,23,
282.000000,184.000000,0.065097,3353439.000000,0.864668,0,1
13,16,13,18,16,16,24,28,
436.000000,184.000000,0.068383,2416541.750000,0.538919,0,1
28,27,26,23,23,23,21,18,
187.000000,187.000000,0.086734,4676323.000000,0.350570,0,1
16,15,15,19,19,19,27,29,
401.000000,191.000000,0.071903,53428136.000000,0.788500,0,1
23,31,15,32,21,15,31,24,
312.000000,200.000000,0.054525,21547744.000000,0.551513,0,1
32,22,29,21,21,25,16,15,
494.000000,202.000000,0.072000,97713184.000000,0.394854,0,1
22,32,15,33,23,15,33,25,
549.000000,203.000000,0.073092,10158817.000000,0.542793,0,1
9,11,10,19,18,17,21,14,
133.000000,205.000000,0.069149,62075620.000000,0.336795,0,1
27,20,32,19,27,32,19,25,
398.000000,206.000000,0.072459,61358052.000000,0.834922,0,1
29,18,34,15,28,36,19,27,
608.000000,207.000000,0.073531,30728232.000000,0.452788,0,1
11,12,14,18,18,20,30,37,
336.000000,210.000000,0.070398,6461692.000000,0.453171,0,1
12,12,14,16,17,20,25,20,
276.000000,212.000000,0.071012,5253586.500000,0.950170,0,1
16,16,15,19,18,20,28,24,
230.000000,213.000000,0.069928,28482048.000000,0.638304,0,1
23,19,33,19,23,33,23,25,
250.000000,213.000000,0.074874,6787455.000000,0.666578,0,1
14,15,15,19,17,19,26,24,
303.000000,213.000000,0.071233,4631543.500000,0.700865,0,1
18,24,23,22,20,18,15,12,
524.000000,213.000000,0.073032,141559456.000000,0.481219,0,1
18,29,33,58,58,54,56,57,
222.000000,214.000000,0.072289,6995406.000000,0.700783,0,1
16,15,18,20,21,23,26,22,
290.000000,214.000000,0.071250,4575408.500000,0.774158,0,1
23,25,25,20,19,18,14,14,
175.000000,215.000000,0.071632,9788473.000000,0.296788,0,1
15,16,13,20,17,16,26,26,
314.000000,215.000000,0.069820,10125597.000000,0.683130,0,1
18,14,14,15,21,13,24,26,
365.000000,215.000000,0.071403,30013344.000000,0.461526,0,1
18,21,19,26,25,25,32,43,
455.000000,215.000000,0.073470,131955280.000000,0.520335,0,1
20,22,25,33,40,49,51,53,
438.000000,216.000000,0.074704,70079896.000000,0.617405,0,1
30,27,26,31,33,34,46,53,
376.000000,217.000000,0.071754,103503664.000000,1.017584,0,1
28,34,37,46,48,48,58,54,
40.000000,218.000000,0.068038,48422720.000000,0.317464,0,1
23,21,26,20,23,32,23,25,
154.000000,218.000000,0.070198,7274989.000000,0.318579,0,1
21,27,27,24,23,23,18,15,
606.000000,219.000000,0.084047,5722274.000000,0.529264,0,1
49,41,45,32,37,41,32,33,
275.000000,220.000000,0.070885,61993796.000000,0.889047,0,1
23,36,36,47,48,49,67,58,
344.000000,222.000000,0.076549,61365376.000000,0.594833,0,1
55,55,60,55,64,81,71,87,
560.000000,222.000000,0.084757,42683752.000000,0.697334,0,1
61,62,61,86,65,63,92,95,
616.000000,222.000000,0.089825,9857115.000000,0.596923,0,1
47,47,47,36,43,49,33,34,
182.000000,223.000000,0.071028,40632736.000000,0.283709,0,1
20,27,28,37,38,39,53,54,
193.000000,223.000000,0.070855,44927932.000000,0.266818,0,1
22,30,31,42,43,44,58,52,
214.000000,223.000000,0.070641,62684380.000000,0.710252,0,1
28,38,39,56,57,58,54,51,
176.000000,224.000000,0.070536,38328660.000000,0.287350,0,1
27,37,36,48,49,51,56,50,
595.000000,224.000000,0.088354,23760624.000000,0.537822,0,1
37,52,42,62,54,51,62,61,
111.000000,226.000000,0.070871,41798304.000000,0.381027,0,1
22,25,25,38,40,41,52,54,
82.000000,227.000000,0.070502,42483740.000000,0.295625,0,1
26,33,33,44,45,44,57,52,
99.000000,227.000000,0.072153,30887056.000000,0.287180,0,1
24,26,29,47,49,50,53,52,
604.000000,227.000000,0.092066,16691162.000000,0.587331,0,1
41,50,45,58,51,46,58,59,
507.000000,228.000000,0.090304,12780131.000000,0.581294,0,1
66,63,63,59,58,58,55,53,
235.000000,230.000000,0.083082,31995398.000000,0.750484,0,1
56,59,68,67,81,90,90,77,
337.000000,232.000000,0.088991,85958856.000000,0.682375,0,1
99,100,85,99,81,65,77,63,
567.000000,232.000000,0.094781,35734196.000000,0.837721,0,1
96,77,92,67,75,92,66,66,
232.000000,233.000000,0.086481,29540674.000000,0.772869,0,1
77,86,89,91,80,66,70,60,
224.000000,234.000000,0.088119,26181656.000000,0.849025,0,1
59,61,64,60,69,90,86,93,
326.000000,236.000000,0.092158,96433272.000000,0.798156,0,1
65,63,71,62,75,105,78,105,
173.000000,237.000000,0.085611,1824450.375000,0.367835,0,1
53,52,55,56,58,61,60,59,
215.000000,238.000000,0.091543,37307604.000000,0.916317,0,1
58,60,65,64,77,91,88,88,
443.000000,238.000000,0.097760,155735824.000000,0.453396,0,1
85,69,106,69,84,108,70,83,
579.000000,239.000000,0.103364,22759800.000000,0.617078,0,1
104,98,106,70,91,107,68,66,
216.000000,240.000000,0.093324,45742108.000000,0.891896,0,1
85,94,90,94,80,66,70,61,
580.000000,240.000000,0.104004,33355220.000000,0.624714,0,1
106,91,107,68,84,103,66,67,
208.000000,241.000000,0.090612,46908040.000000,0.916003,0,1
59,61,66,64,77,82,91,89,
590.000000,242.000000,0.107341,44675824.000000,0.677773,0,1
65,83,66,109,90,69,110,110,
160.000000,243.000000,0.093324,2233316.750000,0.410594,0,1
60,60,62,60,57,55,54,52,
321.000000,245.000000,0.102848,98686184.000000,0.525633,0,1
106,105,99,103,97,70,92,69,
191.000000,247.000000,0.101022,20434604.000000,1.133289,0,1
60,62,63,63,65,74,68,101,
537.000000,247.000000,0.112736,79315200.000000,0.929028,0,1
63,68,66,69,70,70,79,89,
594.000000,247.000000,0.115308,119954832.000000,0.754231,0,1
99,107,104,100,102,100,79,71,
318.000000,248.000000,0.105974,104517608.000000,0.559564,0,1
102,105,91,107,90,69,87,68,
320.000000,248.000000,0.104939,100307560.000000,0.910625,0,1
92,91,69,90,69,67,68,67,
543.000000,248.000000,0.113629,258897952.000000,0.967751,0,1
69,70,71,80,85,89,90,80,
579.000000,248.000000,0.115151,79801008.000000,0.708351,0,1
74,94,93,88,89,87,73,70,
189.000000,249.000000,0.102663,35755660.000000,1.150300,0,1
63,63,68,65,81,101,96,99,
444.000000,249.000000,0.110236,218137664.000000,0.551814,0,1
99,75,116,69,96,114,74,95,
156.000000,250.000000,0.100809,1917734.625000,0.489660,0,1
54,56,57,58,59,62,63,62,
193.000000,250.000000,0.103713,35453500.000000,1.093148,0,1
96,102,94,100,84,68,70,65,
492.000000,250.000000,0.113534,114132480.000000,0.751152,0,1
67,67,67,79,83,81,94,74,
137.000000,252.000000,0.101648,2446534.250000,0.500030,0,1
60,63,61,58,56,55,53,54,
175.000000,255.000000,0.109563,29620852.000000,0.458913,0,1
67,66,73,70,90,106,101,93,
329.000000,255.000000,0.111537,90137032.000000,0.930091,0,1
68,69,68,68,68,69,86,96,
347.000000,255.000000,0.112026,201446112.000000,1.760710,0,1
66,65,66,77,79,80,91,81,
178.000000,256.000000,0.109432,31384126.000000,0.444530,0,1
94,106,101,105,90,68,72,64,
309.000000,256.000000,0.113058,103889848.000000,0.303372,0,1
111,112,89,112,90,76,102,92,
276.000000,260.000000,0.113039,205343888.000000,0.310911,0,1
97,98,97,74,72,70,67,69,
240.000000,261.000000,0.113006,114087600.000000,0.342751,0,1
80,94,91,75,75,74,68,68,
31.000000,263.000000,0.120365,7410072.000000,0.677592,0,1
61,58,58,59,61,65,70,68,
39.000000,263.000000,0.107179,22344130.000000,0.575276,0,1
76,75,77,72,67,62,61,58,
30.000000,264.000000,0.116447,6177847.500000,0.652012,0,1
58,59,61,64,70,74,69,65,
126.000000,264.000000,0.112737,107019040.000000,0.565566,0,1
73,82,87,74,77,78,67,67,
147.000000,264.000000,0.113616,66508400.000000,0.518483,0,1
90,85,82,74,73,72,70,70,
159.000000,264.000000,0.112476,75283208.000000,0.494383,0,1
85,73,79,66,68,69,69,68,
352.000000,271.000000,0.129360,12153979.000000,1.907235,0,1
65,64,67,57,64,67,57,58,
499.000000,283.000000,0.146757,4798894.000000,0.872612,0,1
58,60,61,58,58,56,53,57,
211.000000,288.000000,0.139920,159844672.000000,1.302533,0,1
40,50,56,67,69,70,71,71,
350.000000,283.000000,0.142675,7235209.000000,2.064356,0,1
57,62,57,68,61,59,66,66,
160.000000,34.000000,0.064164,13865959.000000,0.296425,0,1
93,92,101,94,98,103,96,103,
264.000000,276.000000,0.129419,3062495.500000,1.555680,0,1
71,72,71,72,71,67,68,64,
480.000000,270.000000,0.135230,2594397.500000,0.859193,0,1
58,57,61,53,58,62,52,54,
99.000000,265.000000,0.112876,77170392.000000,0.617842,0,1
69,77,78,71,71,73,62,60,
94.000000,265.000000,0.112663,74895112.000000,0.627922,0,1
64,84,83,72,71,71,66,62,
118.000000,53.000000,0.054538,96755800.000000,0.296535,0,1
89,79,96,80,89,95,78,77,
160.000000,264.000000,0.112431,80117320.000000,0.489345,0,1
90,77,78,67,69,69,68,67,
139.000000,264.000000,0.112706,125400320.000000,0.531275,0,1
87,98,96,76,75,75,71,69,
84.000000,264.000000,0.111669,29775984.000000,0.543189,0,1
52,54,55,58,63,67,66,59,
133.000000,59.000000,0.050615,12566242.000000,0.258454,0,1
86,78,87,86,83,84,81,77,
215.000000,61.000000,0.074276,288066208.000000,0.738463,0,1
90,81,81,60,58,54,33,29,
137.000000,262.000000,0.110168,169747728.000000,0.523837,0,1
68,70,71,87,85,87,96,76,
123.000000,62.000000,0.054491,24374228.000000,0.287031,0,1
89,81,89,76,81,88,72,64,
155.000000,63.000000,0.048951,59270920.000000,0.227394,0,1
77,82,63,83,66,61,71,66,
121.000000,262.000000,0.109911,92042016.000000,0.555609,0,1
65,65,67,72,73,75,93,78,
200.000000,260.000000,0.110865,149049536.000000,1.121809,0,1
66,67,68,77,78,80,99,82,
231.000000,259.000000,0.111180,164866176.000000,0.960874,0,1
64,68,67,78,78,76,94,80,
270.000000,258.000000,0.112137,179997888.000000,0.304455,0,1
67,68,67,84,89,91,93,77,
263.000000,258.000000,0.111947,92890784.000000,1.378467,0,1
67,66,66,72,75,78,87,81,
81.000000,73.000000,0.060097,17081972.000000,0.249174,0,1
82,79,81,74,72,83,70,71,
353.000000,257.000000,0.114591,139158416.000000,0.807990,0,1
80,87,87,76,74,71,67,66,
294.000000,257.000000,0.112332,251685424.000000,0.298799,0,1
67,67,67,84,86,86,100,81,
280.000000,257.000000,0.112022,189090720.000000,0.298274,0,1
66,64,65,66,70,73,97,95,
391.000000,256.000000,0.115232,158044480.000000,0.634704,0,1
88,86,84,72,70,68,65,65,
328.000000,256.000000,0.111802,202974480.000000,0.313645,0,1
69,68,68,87,86,87,102,75,
319.000000,256.000000,0.112237,221949264.000000,0.589935,0,1
68,67,68,79,81,83,97,83,
411.000000,77.000000,0.038289,20635570.000000,0.459832,0,1
64,59,68,60,68,72,64,64,
422.000000,77.000000,0.041421,14453090.000000,0.440568,0,1
75,76,61,75,72,71,73,67,
190.000000,78.000000,0.051729,47928544.000000,0.200017,0,1
72,76,61,77,65,54,72,58,
386.000000,79.000000,0.003504,8473522.000000,0.009582,0,1
69,60,62,64,51,51,48,42,
114.000000,81.000000,0.019693,40565484.000000,0.066303,0,1
25,28,29,42,40,40,49,52,
547.000000,250.000000,0.114984,190483296.000000,1.004969,0,1
91,96,97,79,78,76,71,69,
504.000000,250.000000,0.113618,81515952.000000,0.800389,0,1
66,69,70,86,86,86,76,69,
83.000000,82.000000,0.054315,111100392.000000,0.218176,0,1
81,67,83,61,76,82,65,70,
567.000000,249.000000,0.115206,89136912.000000,0.674492,0,1
85,97,99,77,76,77,70,68,
191.000000,84.000000,0.052113,14788878.000000,0.198942,0,1
47,49,56,50,61,72,56,58,
513.000000,249.000000,0.113728,97882328.000000,0.837514,0,1
65,65,66,75,77,79,87,73,
196.000000,246.000000,0.097961,35872888.000000,1.056030,0,1
60,61,68,67,78,93,90,96,
152.000000,246.000000,0.096354,2432535.000000,0.434425,0,1
57,61,60,59,55,52,51,51,
377.000000,90.000000,0.044754,9297514.000000,0.265457,0,1
49,50,64,47,57,65,42,49,
625.000000,91.000000,0.006543,41942660.000000,0.058580,0,1
49,44,41,38,39,39,31,29,
576.000000,92.000000,0.007199,111833688.000000,0.052278,0,1
50,45,47,32,38,41,30,29,
563.000000,94.000000,0.006312,198620368.000000,0.043006,0,1
59,61,43,60,44,28,52,30,
205.000000,95.000000,0.039010,10428405.000000,0.139478,0,1
72,67,64,48,55,49,46,51,
253.000000,96.000000,0.010487,73704288.000000,0.097856,0,1
75,72,71,66,59,51,45,41,
354.000000,97.000000,0.050443,18062534.000000,0.353602,0,1
63,58,50,61,59,45,64,63,
370.000000,97.000000,0.031099,3410970.750000,0.212115,0,1
56,65,47,61,61,44,57,57,
384.000000,234.000000,0.089573,7358185.000000,1.141925,0,1
57,57,58,60,59,63,63,65,
366.000000,234.000000,0.089746,7388454.000000,1.306734,0,1
57,59,57,61,61,61,64,67,
56.000000,102.000000,0.021935,15807288.000000,0.088059,0,1
51,49,49,32,32,33,27,25,
418.000000,103.000000,0.049381,20751972.000000,0.183399,0,1
56,54,46,57,50,45,56,40,
536.000000,104.000000,0.006547,48479616.000000,0.038739,0,1
50,48,39,29,36,31,25,24,
343.000000,106.000000,0.043405,6836269.500000,0.065413,0,1
46,44,53,42,46,50,41,43,
498.000000,229.000000,0.090937,21429196.000000,0.559253,0,1
66,64,63,60,58,58,55,53,
59.000000,228.000000,0.070322,25922504.000000,0.316178,0,1
27,33,33,40,42,44,57,54,
35.000000,228.000000,0.069862,23980752.000000,0.334837,0,1
23,30,31,39,40,42,52,52,
332.000000,110.000000,0.032742,6469258.000000,0.280225,0,1
39,41,34,47,36,32,46,40,
245.000000,111.000000,0.013330,58194448.000000,0.128098,0,1
73,68,71,60,49,56,41,29,
317.000000,111.000000,0.042099,6283104.500000,0.064547,0,1
60,46,68,50,54,65,39,45,
352.000000,111.000000,0.012886,2700320.750000,0.064571,0,1
41,48,33,42,44,31,37,29,
455.000000,111.000000,0.021776,22718310.000000,0.163809,0,1
61,60,60,56,56,55,40,21,
139.000000,225.000000,0.070598,31214900.000000,0.341196,0,1
26,30,33,42,43,44,55,53,
133.000000,225.000000,0.070418,35198816.000000,0.348403,0,1
24,30,32,42,42,42,53,55,
251.000000,112.000000,0.012566,9952141.000000,0.116385,0,1
73,66,70,42,48,54,31,29,
445.000000,112.000000,0.020802,33868988.000000,0.178268,0,1
50,48,56,34,43,48,23,20,
473.000000,112.000000,0.020530,27752220.000000,0.124722,0,1
57,45,44,27,25,24,19,18,
319.000000,113.000000,0.023419,15208221.000000,0.125639,0,1
65,55,63,45,49,53,31,31,
249.000000,224.000000,0.076598,27242568.000000,0.623783,0,1
59,54,57,58,66,82,82,78,
354.000000,114.000000,0.019796,5433319.500000,0.186064,0,1
27,27,29,35,34,40,45,45,
168.000000,224.000000,0.070721,41198736.000000,0.298477,0,1
26,34,34,43,43,45,60,50,
288.000000,115.000000,0.020532,17708374.000000,0.142502,0,1
72,68,67,51,49,47,35,51,
419.000000,116.000000,0.019637,114571224.000000,0.227029,0,1
34,45,26,44,38,24,40,33,
554.000000,223.000000,0.084957,52957416.000000,0.680213,0,1
94,83,97,64,75,97,65,64,
211.000000,118.000000,0.016261,36061816.000000,0.057037,0,1
50,32,59,27,42,41,32,45,
239.000000,119.000000,0.019608,5849345.500000,0.033079,0,1
28,32,35,46,47,51,52,52,
160.000000,120.000000,0.043123,11294484.000000,0.095287,0,1
43,54,39,45,42,35,37,38,
593.000000,222.000000,0.086820,19720050.000000,0.521575,0,1
35,44,36,57,51,37,61,62,
31.000000,121.000000,0.019823,222153840.000000,0.084288,0,1
31,42,24,53,33,25,45,38,
188.000000,121.000000,0.027805,8769470.000000,0.123349,0,1
27,30,32,38,43,44,45,50,
384.000000,122.000000,0.042284,15592246.000000,0.179659,0,1
49,41,41,35,34,49,27,21,
229.000000,221.000000,0.071391,39223176.000000,0.658595,0,1
20,25,26,32,34,33,48,57,
378.000000,123.000000,0.022522,6975521.500000,0.116211,0,1
51,52,45,45,44,33,20,18,
326.000000,125.000000,0.027929,4591842.000000,0.262339,0,1
34,39,38,27,33,30,19,18,
296.000000,127.000000,0.020958,8798743.000000,0.144919,0,1
54,46,46,29,27,25,15,15,
262.000000,128.000000,0.022226,10624032.000000,0.188789,0,1
54,51,50,36,34,32,20,18,
346.000000,128.000000,0.025950,2013446.875000,0.104447,0,1
22,17,23,16,18,24,15,14,
305.000000,130.000000,0.018820,111279152.000000,0.113606,0,1
33,18,50,16,30,48,17,27,
143.000000,132.000000,0.046143,9890995.000000,0.133219,0,1
51,49,48,43,45,40,28,28,
331.000000,133.000000,0.048209,695973.125000,0.405469,0,1
17,19,17,28,19,15,24,18,
414.000000,135.000000,0.038520,8132581.500000,0.064739,0,1
31,25,35,24,34,43,27,31,
366.000000,136.000000,0.017781,37758524.000000,0.133690,0,1
27,43,18,33,29,17,42,28,
407.000000,215.000000,0.072019,74016576.000000,0.787770,0,1
20,27,27,34,34,34,42,57,
394.000000,215.000000,0.071699,81812248.000000,0.875674,0,1
16,23,23,32,32,31,40,53,
385.000000,215.000000,0.071717,67255064.000000,0.942625,0,1
18,23,23,30,30,31,39,50,
352.000000,215.000000,0.071216,31001310.000000,0.514186,0,1
15,14,16,19,20,22,29,39,
306.000000,140.000000,0.018507,116775312.000000,0.110551,0,1
39,20,46,15,38,46,19,33,
307.000000,215.000000,0.070084,17160958.000000,0.711305,0,1
24,15,33,10,24,33,14,26,
415.000000,142.000000,0.041431,2251589.500000,0.038535,0,1
35,25,46,21,36,49,27,38,
199.000000,145.000000,0.018556,57248184.000000,0.068753,0,1
38,24,43,21,35,38,23,28,
437.000000,213.000000,0.072343,25185336.000000,0.602835,0,1
14,18,17,25,25,26,31,27,
261.000000,213.000000,0.071291,8069505.500000,0.545178,0,1
14,16,13,22,21,20,26,19,
234.000000,212.000000,0.071612,28638416.000000,0.634719,0,1
23,30,19,33,25,18,32,26,
359.000000,151.000000,0.371398,31533156.000000,2.222028,0,1
18,20,31,16,22,43,18,22,
421.000000,153.000000,0.018865,110047144.000000,0.213399,0,1
23,36,17,43,27,17,38,26,
589.000000,207.000000,0.073528,33133358.000000,0.417848,0,1
11,12,12,15,16,18,23,35,
581.000000,207.000000,0.072095,62672856.000000,0.624191,0,1
13,22,12,25,16,14,23,28,
487.000000,157.000000,0.020094,76066416.000000,0.089982,0,1
14,9,21,10,15,30,12,17,
239.000000,205.000000,0.068271,33009186.000000,0.590817,0,1
19,26,12,22,23,13,27,26,
328.000000,160.000000,0.039106,2387249.500000,0.058068,0,1
20,37,21,42,36,19,35,24,
291.000000,163.000000,0.013187,3630944.000000,0.091166,0,1
49,45,49,44,39,40,19,13,
280.000000,164.000000,0.018227,2559924.000000,0.134679,0,1
52,50,48,32,29,27,13,14,
313.000000,164.000000,0.022666,6387091.000000,0.127096,0,1
26,30,19,35,28,15,31,25,
131.000000,166.000000,0.043179,8875554.000000,0.221394,0,1
30,38,29,40,32,28,32,29,
178.000000,196.000000,0.061434,1738438.125000,0.243538,0,1
25,23,23,19,18,18,14,14,
254.000000,170.000000,0.019072,34406024.000000,0.028743,0,1
37,21,49,17,35,49,23,24,
591.000000,171.000000,0.070688,52357620.000000,0.396642,0,1
13,14,11,18,23,13,17,31,
174.000000,188.000000,0.070875,4428023.000000,0.283188,0,1
14,16,14,21,19,20,26,28,
496.000000,186.000000,0.069946,53082564.000000,0.379807,0,1
15,23,18,23,17,11,15,11,
227.000000,185.000000,0.069572,43354984.000000,0.630793,0,1
29,21,39,18,25,34,19,22,
468.000000,184.000000,0.065947,1635970.000000,0.360425,0,1
22,19,19,16,16,16,15,13,
598.000000,178.000000,0.065936,2154909.500000,0.380289,0,1
22,19,19,15,14,14,14,12,
456.000000,280.000000,0.122609,1789479.375000,0.977419,0,1
63,61,62,59,60,59,58,57,
159.000000,35.000000,0.062630,15234737.000000,0.294992,0,1
92,94,98,97,96,101,94,103,
495.000000,187.000000,0.070958,93556584.000000,0.384309,0,1
23,23,17,29,15,10,19,12,
114.000000,43.000000,0.059577,37111088.000000,0.328517,0,1
88,77,93,83,83,98,84,84,
110.000000,50.000000,0.052648,59446392.000000,0.205030,0,1
83,91,76,93,83,77,90,88,
509.000000,176.000000,0.072237,11197547.000000,0.423694,0,1
9,10,12,16,17,19,21,21,
59.000000,265.000000,0.110588,86067768.000000,0.572517,0,1
54,55,54,65,71,75,76,71,
388.000000,63.000000,0.040346,11110900.000000,0.116866,0,1
85,83,76,79,82,75,82,78,
202.000000,67.000000,0.049156,10669018.000000,0.101324,0,1
81,84,73,83,73,73,75,67,
152.000000,261.000000,0.110238,97580424.000000,0.493561,0,1
63,65,65,71,71,73,91,75,
594.000000,170.000000,0.070508,70605040.000000,0.400745,0,1
11,12,13,11,32,38,13,14,
234.000000,259.000000,0.111312,142751248.000000,0.946926,0,1
68,65,67,77,76,79,98,77,
339.000000,258.000000,0.114028,124024304.000000,0.533362,0,1
89,87,87,72,72,71,68,65,
368.000000,256.000000,0.113552,69339600.000000,1.539630,0,1
68,78,78,79,75,73,69,66,
490.000000,197.000000,0.071933,91140688.000000,0.382729,0,1
20,13,30,13,19,32,14,18,
500.000000,197.000000,0.067869,5790649.000000,0.379287,0,1
19,15,23,14,19,26,14,14,
383.000000,254.000000,0.112126,97670296.000000,1.371216,0,1
67,67,67,72,74,84,77,70,
127.000000,165.000000,0.041676,23187988.000000,0.221014,0,1
26,26,34,27,32,41,28,27,
177.000000,254.000000,0.107618,27980438.000000,0.438739,0,1
66,68,73,68,84,102,99,100,
476.000000,253.000000,0.113980,110379592.000000,0.698133,0,1
84,83,88,66,70,71,65,65,
395.000000,253.000000,0.112427,183783264.000000,1.258302,0,1
63,64,65,72,74,76,89,82,
266.000000,164.000000,0.015944,1185271.250000,0.046006,0,1
52,51,51,47,45,45,19,15,
192.000000,83.000000,0.057063,26206714.000000,0.215419,0,1
48,47,63,49,56,64,61,66,
559.000000,249.000000,0.114428,74181656.000000,0.646108,0,1
71,91,98,79,84,83,72,70,
365.000000,84.000000,0.044792,14781300.000000,0.159765,0,1
60,64,57,69,68,59,73,71,
498.000000,249.000000,0.113492,101405848.000000,0.773200,0,1
66,67,67,68,69,69,90,81,
548.000000,247.000000,0.114080,144862144.000000,0.994938,0,1
68,68,68,73,72,72,91,97,
527.000000,203.000000,0.074032,15725241.000000,0.491977,0,1
9,10,10,14,13,15,21,21,
207.000000,244.000000,0.098010,21360662.000000,0.342250,0,1
91,97,89,95,78,63,66,62,
449.000000,242.000000,0.101709,138092512.000000,0.500764,0,1
107,112,84,111,110,73,116,119,
347.000000,95.000000,0.034827,6759474.500000,0.159486,0,1
65,58,51,48,54,55,51,46,
325.000000,160.000000,0.049067,1801796.875000,0.091180,0,1
37,38,40,30,36,41,25,19,
613.000000,96.000000,0.006831,150732768.000000,0.058047,0,1
49,50,36,49,37,29,43,35,
617.000000,96.000000,0.005826,49105912.000000,0.050218,0,1
35,31,23,29,23,19,24,19,
493.000000,159.000000,0.016865,85771056.000000,0.077865,0,1
24,37,13,39,24,12,37,24,
51.000000,102.000000,0.024322,16105491.000000,0.099587,0,1
57,51,52,38,35,33,27,24,
400.000000,159.000000,0.046287,20883764.000000,0.557538,0,1
35,31,40,25,33,26,20,16,
312.000000,102.000000,0.040259,9993242.000000,0.221139,0,1
69,71,60,72,67,62,68,61,
328.000000,102.000000,0.037659,12905483.000000,0.182118,0,1
45,58,47,57,58,48,66,59,
275.000000,103.000000,0.010631,34687436.000000,0.084869,0,1
64,59,58,43,42,39,29,28,
393.000000,157.000000,0.044259,78591760.000000,0.573602,0,1
28,27,39,24,38,47,28,40,
29.000000,228.000000,0.069346,22947190.000000,0.337109,0,1
21,29,29,37,38,38,48,53,
529.000000,206.000000,0.071370,13906788.000000,0.477236,0,1
23,22,23,13,14,15,10,11,
621.000000,208.000000,0.074660,41372644.000000,0.485993,0,1
15,15,21,26,24,30,33,36,
256.000000,224.000000,0.072077,31702302.000000,0.569147,0,1
75,81,67,74,60,57,57,57,
448.000000,223.000000,0.083465,103027600.000000,0.367956,0,1
64,85,65,93,69,64,93,75,
165.000000,223.000000,0.070840,42132480.000000,0.303029,0,1
18,24,25,33,34,34,42,64,
143.000000,223.000000,0.070898,20925762.000000,0.333094,0,1
18,21,20,27,27,27,35,45,
487.000000,121.000000,0.019690,176968864.000000,0.089610,0,1
29,19,39,14,26,48,22,29,
280.000000,220.000000,0.070974,59925640.000000,0.481074,0,1
24,36,36,49,48,49,63,56,
143.000000,125.000000,0.041438,20886742.000000,0.197368,0,1
38,48,33,50,42,34,46,43,
500.000000,213.000000,0.073429,148241616.000000,0.424676,0,1
18,15,18,24,26,30,55,54,
420.000000,127.000000,0.019637,128616392.000000,0.223751,0,1
25,36,20,42,28,19,37,28,
280.000000,128.000000,0.021102,7772312.500000,0.159910,0,1
53,40,39,22,21,19,16,16,
148.000000,145.000000,0.021130,10664756.000000,0.073781,0,1
31,27,38,24,33,42,27,31,
365.000000,128.000000,0.019302,41020488.000000,0.064377,0,1
44,34,22,49,31,21,47,39,
68.000000,145.000000,0.021524,116240896.000000,0.081179,0,1
38,29,38,27,36,43,28,32,
101.000000,144.000000,0.022678,24975310.000000,0.075695,0,1
28,31,24,40,31,23,38,34,
487.000000,133.000000,0.019469,105974376.000000,0.087679,0,1
26,18,34,15,25,41,17,24,
492.000000,134.000000,0.017206,163956832.000000,0.079493,0,1
31,43,20,43,31,17,42,31,
457.000000,215.000000,0.073212,144649616.000000,0.509538,0,1
19,25,25,40,49,53,53,55,
487.000000,136.000000,0.019533,94558512.000000,0.087818,0,1
24,17,33,16,23,40,16,22,
446.000000,215.000000,0.074061,127539992.000000,0.568489,0,1
24,23,23,27,26,27,46,74,
199.000000,138.000000,0.019256,53251792.000000,0.071807,0,1
48,33,51,25,43,49,28,40,
207.000000,288.000000,0.139362,179481728.000000,1.323370,0,1
43,51,48,68,66,67,70,71,
575.000000,183.000000,0.072681,60709040.000000,0.605681,0,1
15,10,19,7,12,23,9,12,
259.000000,138.000000,0.019804,50986816.000000,0.050063,0,1
34,46,21,51,36,18,47,38,
199.000000,282.000000,0.134184,14530689.000000,1.326494,0,1
65,64,58,67,64,65,68,69,
183.000000,215.000000,0.072279,3817253.250000,0.280650,0,1
18,19,17,21,20,20,28,26,
73.000000,143.000000,0.032795,74255208.000000,0.124257,0,1
38,33,37,32,39,46,36,36,
575.000000,184.000000,0.072590,68228416.000000,0.604981,0,1
13,8,19,7,12,23,9,12,
273.000000,185.000000,0.068717,2790805.000000,0.464718,0,1
16,19,18,24,25,25,31,31,
135.000000,48.000000,0.053399,91889136.000000,0.272358,0,1
78,90,62,93,85,68,92,90,
72.000000,264.000000,0.108357,43755156.000000,0.539564,0,1
51,52,51,59,57,56,65,61,
148.000000,261.000000,0.109921,91704984.000000,0.500161,0,1
65,65,64,72,70,71,90,82,
301.000000,259.000000,0.113320,201987264.000000,0.309501,0,1
92,103,103,74,74,73,69,67,
472.000000,214.000000,0.073476,96034792.000000,0.441047,0,1
23,23,25,30,30,32,57,54,
216.000000,259.000000,0.110929,116107264.000000,0.375683,0,1
66,67,68,69,70,71,96,96,
197.000000,71.000000,0.050891,27346658.000000,0.192110,0,1
75,72,65,72,68,63,61,59,
229.000000,196.000000,0.069852,13129143.000000,0.208141,0,1
22,16,28,14,20,29,13,20,
361.000000,255.000000,0.112351,97814464.000000,0.456458,0,1
66,66,66,81,84,82,79,67,
397.000000,216.000000,0.072313,75577728.000000,0.861060,0,1
24,31,30,40,39,38,54,56,
110.000000,78.000000,0.017206,106357072.000000,0.058854,0,1
51,56,39,66,44,26,57,49,
431.000000,254.000000,0.113720,111952664.000000,0.542551,0,1
82,93,100,78,81,80,71,71,
409.000000,216.000000,0.072374,89489144.000000,0.779169,0,1
28,33,35,43,44,45,55,55,
305.000000,254.000000,0.110894,107123720.000000,0.630516,0,1
70,71,93,71,95,111,102,110,
449.000000,253.000000,0.114096,188165904.000000,0.602059,0,1
109,106,104,84,87,81,72,70,
441.000000,127.000000,0.019947,38655924.000000,0.176914,0,1
22,15,28,13,21,27,13,21,
183.000000,87.000000,0.051505,51611104.000000,0.132600,0,1
66,69,60,72,64,46,66,49,
559.000000,247.000000,0.113526,81979240.000000,0.638047,0,1
64,65,65,69,71,76,91,84,
314.000000,247.000000,0.102518,110973864.000000,0.551577,0,1
68,69,87,72,93,105,99,108,
240.000000,204.000000,0.068967,36646512.000000,0.587889,0,1
11,19,11,26,12,12,23,14,
415.000000,89.000000,0.054699,31345980.000000,0.563578,0,1
66,61,59,63,60,50,66,60,
416.000000,217.000000,0.073033,46250372.000000,0.740551,0,1
36,42,36,49,45,40,51,54,
328.000000,240.000000,0.097475,85993240.000000,0.474256,0,1
106,105,80,104,77,67,76,68,
303.000000,219.000000,0.071127,46483792.000000,0.412537,0,1
21,30,29,41,41,40,57,56,
139.000000,94.000000,0.046598,32145996.000000,0.226537,0,1
49,56,41,57,50,37,55,50,
255.000000,95.000000,0.009639,73557288.000000,0.089136,0,1
75,74,73,72,71,69,53,45,
288.000000,95.000000,0.009949,7138378.000000,0.073261,0,1
75,75,75,65,72,74,51,61,
550.000000,220.000000,0.081646,65061348.000000,0.633276,0,1
95,84,94,63,88,99,61,62,
289.000000,96.000000,0.009700,11896903.000000,0.070868,0,1
75,72,74,51,63,75,61,72,
590.000000,96.000000,0.009115,36380692.000000,0.070555,0,1
44,33,38,25,30,32,24,24,
449.000000,234.000000,0.095078,113296032.000000,0.448842,0,1
75,97,71,101,80,70,104,88,
120.000000,97.000000,0.047173,26930582.000000,0.159236,0,1
47,54,42,53,45,41,43,33,
244.000000,221.000000,0.071083,58540808.000000,0.601395,0,1
19,34,34,41,42,43,62,52,
115.000000,99.000000,0.030288,30367674.000000,0.100568,0,1
42,49,43,42,37,34,27,25,
496.000000,233.000000,0.095146,24084904.000000,0.589755,0,1
54,56,56,62,63,62,67,69,
39.000000,102.000000,0.020126,25230818.000000,0.084673,0,1
53,52,51,44,42,40,32,26,
363.000000,103.000000,0.048528,18707564.000000,0.161012,0,1
60,58,60,44,61,57,45,42,
363.000000,104.000000,0.049956,17469976.000000,0.164467,0,1
63,54,62,44,51,56,48,48,
512.000000,158.000000,0.069693,1700895.000000,0.411210,0,1
10,14,11,17,16,10,17,18,
512.000000,230.000000,0.092860,14526823.000000,0.620286,0,1
59,55,59,56,59,60,60,64,
69.000000,228.000000,0.070744,37713724.000000,0.309249,0,1
28,36,38,50,52,56,64,65,
296.000000,108.000000,0.008066,108808560.000000,0.055329,0,1
63,56,63,29,59,65,40,58,
401.000000,207.000000,0.071960,49412608.000000,0.811980,0,1
31,36,21,34,32,19,32,28,
559.000000,226.000000,0.089001,37468584.000000,0.740554,0,1
97,92,97,66,82,87,63,61,
344.000000,226.000000,0.082783,81782896.000000,0.354422,0,1
87,95,83,99,82,64,78,63,
120.000000,226.000000,0.071270,39066500.000000,0.368789,0,1
24,26,29,45,46,48,54,54,
205.000000,120.000000,0.022539,7554702.000000,0.080890,0,1
27,29,30,37,39,40,48,49,
328.000000,112.000000,0.033471,5943503.000000,0.050443,0,1
44,36,47,36,37,45,31,24,
487.000000,115.000000,0.020105,123249200.000000,0.092902,0,1
39,29,51,23,32,51,21,21,
405.000000,118.000000,0.045997,38632164.000000,0.119153,0,1
48,49,34,53,47,41,52,34,
