# timestamp
1608635241314066176

# fx, fy, cx, cy, width, height, npoints
501.487061,501.475311,421.779755,167.666061,800,400,656

# camToWorld: translation vector, rotation quaternion
-17.845698,78.262084,7.168568,-0.716554,-0.100434,0.130848,0.677748

# Exposure time (ms)
0.244208

# GPS Data
# GPSData: Covariance matrix
0.000027,0.000000,0.000000,0.000000,0.000037,0.000000,0.000000,0.000000,0.000109

# GPSData: GPS point
78.600554,-8.197438,6.283296

# Point Cloud Data : 
# u,v,idepth_scaled,idepth_hessian,maxRelBaseline,numGoodRes,status 
# color information 
747.000000,74.000000,0.017439,85419904.000000,0.493867,0,1
36,39,27,33,30,21,34,24,
719.000000,66.000000,0.018340,132872904.000000,0.077363,0,1
90,90,87,89,77,46,86,83,
717.000000,89.000000,0.015618,8846167.000000,0.064859,0,1
15,19,20,25,31,36,35,39,
721.000000,89.000000,0.019312,78616624.000000,0.473235,0,1
17,23,23,36,34,29,40,39,
711.000000,90.000000,0.013999,101393240.000000,0.257394,0,1
15,18,21,22,25,31,27,32,
743.000000,102.000000,0.022923,106706944.000000,0.803200,0,1
22,23,24,23,22,19,14,10,
721.000000,106.000000,0.018540,60628404.000000,0.452255,0,1
19,20,19,17,15,13,10,7,
704.000000,143.000000,0.038872,1101876096.000000,0.878903,0,1
32,38,25,44,35,22,44,36,
702.000000,146.000000,0.039053,470047168.000000,0.874296,0,1
45,45,44,44,45,36,45,45,
705.000000,147.000000,0.038738,1414482048.000000,0.747260,0,1
28,36,22,44,29,22,38,31,
704.000000,166.000000,0.037671,189174448.000000,0.748271,0,1
38,41,31,38,32,20,25,21,
704.000000,175.000000,0.037485,270726240.000000,0.534713,0,1
16,22,18,34,29,16,39,34,
705.000000,177.000000,0.038289,431003264.000000,0.686711,0,1
22,33,13,39,24,11,35,29,
725.000000,183.000000,0.026698,502258.343750,0.114147,0,1
11,12,12,14,11,10,23,27,
705.000000,184.000000,0.037939,36040864.000000,0.147586,0,1
28,35,21,39,31,23,37,34,
700.000000,200.000000,0.056059,1340591.250000,0.211866,0,1
52,53,51,43,42,42,42,45,
301.000000,201.000000,0.059698,156713552.000000,2.127005,0,1
21,21,19,33,29,29,48,56,
677.000000,208.000000,0.074298,33915812.000000,0.882548,0,1
73,69,73,57,64,73,56,57,
694.000000,213.000000,0.084596,11544244.000000,0.305467,0,1
58,66,57,86,76,60,88,86,
694.000000,216.000000,0.086854,11361939.000000,0.313578,0,1
87,82,88,62,75,88,60,59,
713.000000,222.000000,0.094783,13847001.000000,0.359690,0,1
58,67,58,94,80,63,95,95,
660.000000,230.000000,0.105663,7594023.500000,0.341185,0,1
52,52,50,65,65,65,74,59,
679.000000,230.000000,0.105532,7149196.500000,0.363680,0,1
53,54,55,64,65,64,78,64,
690.000000,230.000000,0.105899,5828424.500000,0.375996,0,1
53,54,53,59,59,59,83,61,
718.000000,230.000000,0.105336,14272759.000000,0.402834,0,1
69,56,60,61,60,59,79,72,
665.000000,232.000000,0.105461,11064178.000000,0.346549,0,1
68,76,77,63,64,64,53,52,
677.000000,232.000000,0.105870,7373839.500000,0.360596,0,1
64,76,78,64,64,64,53,52,
715.000000,232.000000,0.106239,7885420.000000,0.414752,0,1
61,76,78,73,72,72,56,54,
660.000000,248.000000,0.140532,6959842.000000,1.389055,0,1
47,49,47,54,52,51,54,56,
716.000000,255.000000,0.128814,6247858.000000,1.677213,0,1
52,52,52,50,46,47,45,48,
660.000000,258.000000,0.155445,7262315.000000,1.481930,0,1
46,46,45,50,49,48,52,53,
704.000000,268.000000,0.164234,2720533.500000,1.761983,0,1
46,49,47,54,51,48,56,56,
704.000000,80.000000,0.015759,414471488.000000,0.280119,0,1
94,46,41,25,25,26,27,23,
674.000000,176.000000,0.071197,30314642.000000,0.827910,0,1
19,25,25,37,35,36,39,39,
677.000000,175.000000,0.072189,19603746.000000,0.804512,0,1
17,18,19,25,26,26,36,39,
256.000000,28.000000,0.001352,56197772.000000,0.352944,0,1
130,128,127,127,127,128,126,125,
312.000000,60.000000,0.000167,147049920.000000,0.019249,0,1
104,101,103,100,102,101,100,97,
122.000000,75.000000,0.004617,14891464.000000,0.024427,0,1
65,65,65,63,60,65,56,51,
203.000000,79.000000,0.013486,552408832.000000,1.709139,0,1
67,58,62,48,44,50,44,31,
208.000000,79.000000,0.010107,5474556.000000,0.047871,0,1
68,66,67,51,57,61,45,39,
663.000000,79.000000,0.004861,3857765888.000000,0.150087,0,1
103,106,107,111,109,81,113,98,
665.000000,79.000000,0.004926,7116481024.000000,0.153985,0,1
103,107,101,109,81,89,82,73,
192.000000,80.000000,0.013705,18402529280.000000,1.811154,0,1
64,62,50,51,49,36,39,37,
663.000000,82.000000,0.004902,1023909952.000000,0.043242,0,1
98,113,88,132,111,83,140,160,
230.000000,83.000000,0.014588,317562176.000000,0.627314,0,1
65,64,65,45,51,58,31,35,
237.000000,83.000000,0.015063,1853454464.000000,1.558216,0,1
71,68,68,55,53,51,37,43,
119.000000,85.000000,0.004670,105804728.000000,0.025530,0,1
58,56,53,52,43,31,32,29,
189.000000,85.000000,0.013297,3160316160.000000,1.798226,0,1
42,48,45,32,29,26,24,24,
207.000000,85.000000,0.014143,18460318.000000,0.050861,0,1
52,47,61,45,43,52,33,38,
240.000000,85.000000,0.014923,1098625152.000000,1.555363,0,1
51,36,36,44,48,50,59,60,
253.000000,85.000000,0.013380,423689632.000000,1.338372,0,1
72,68,70,43,53,63,35,53,
221.000000,86.000000,0.015009,1070320768.000000,1.007363,0,1
31,25,27,36,40,44,55,58,
257.000000,86.000000,0.012613,9077221.000000,0.034562,0,1
72,66,69,36,45,54,41,55,
478.000000,86.000000,0.006520,1896254464.000000,0.158223,0,1
86,86,69,79,76,54,67,61,
111.000000,87.000000,0.004926,74041688.000000,0.026840,0,1
59,57,56,56,53,48,48,31,
175.000000,87.000000,0.014359,16467221.000000,0.065215,0,1
63,62,61,59,57,56,43,38,
181.000000,87.000000,0.013476,31656169472.000000,1.877507,0,1
55,59,46,52,48,34,39,41,
266.000000,87.000000,0.013161,375856640.000000,1.239573,0,1
72,69,70,51,59,66,40,44,
543.000000,87.000000,0.004274,464281792.000000,0.059612,0,1
81,81,79,80,72,67,71,54,
544.000000,87.000000,0.004395,595630208.000000,0.060969,0,1
81,80,78,78,64,74,57,46,
166.000000,88.000000,0.014621,1634803328.000000,2.105747,0,1
62,60,59,57,56,52,37,44,
190.000000,88.000000,0.014728,973878656.000000,1.897143,0,1
22,24,24,29,32,37,52,58,
195.000000,88.000000,0.014571,1966940160.000000,1.091806,0,1
22,24,25,39,42,45,53,58,
200.000000,88.000000,0.015577,43889200.000000,0.057637,0,1
22,28,31,45,47,49,56,58,
208.000000,88.000000,0.014887,1328307200.000000,1.772763,0,1
36,38,41,53,55,57,59,59,
255.000000,88.000000,0.012311,3348917.000000,0.034040,0,1
36,49,41,61,58,55,62,62,
269.000000,88.000000,0.014649,176804064.000000,1.307145,0,1
70,66,69,43,50,58,40,51,
183.000000,89.000000,0.014780,2827326464.000000,1.967176,0,1
34,34,29,41,43,47,57,59,
325.000000,91.000000,0.010639,1343646208.000000,0.775905,0,1
75,71,74,57,57,65,34,28,
104.000000,92.000000,0.005507,149676848.000000,0.030659,0,1
50,47,33,51,35,25,48,32,
151.000000,92.000000,0.014370,1706363008.000000,2.220068,0,1
42,35,37,49,51,56,51,57,
293.000000,92.000000,0.011109,7548198.500000,0.110880,0,1
71,68,70,48,58,66,34,49,
311.000000,92.000000,0.010534,2567046144.000000,0.835232,0,1
72,71,70,56,53,50,35,29,
487.000000,92.000000,0.007160,166477888.000000,0.086475,0,1
74,63,78,49,58,69,43,44,
488.000000,92.000000,0.007123,176473088.000000,0.087458,0,1
79,72,78,49,67,75,44,48,
61.000000,93.000000,0.011875,27600482.000000,0.058496,0,1
31,24,26,34,38,41,52,58,
127.000000,93.000000,0.013914,28081722.000000,0.073541,0,1
23,27,26,33,37,41,55,58,
297.000000,93.000000,0.008100,487436096.000000,0.746094,0,1
71,66,68,40,48,50,40,54,
334.000000,94.000000,0.008663,1283412096.000000,0.631480,0,1
70,57,61,46,43,44,39,40,
436.000000,94.000000,0.004176,2175755776.000000,0.161372,0,1
81,78,81,70,68,79,46,48,
471.000000,94.000000,0.007079,1440780800.000000,0.173453,0,1
80,77,78,80,72,68,75,71,
38.000000,95.000000,0.011967,24504716.000000,0.062724,0,1
30,27,26,40,38,40,50,51,
44.000000,95.000000,0.012124,21856040.000000,0.062567,0,1
27,30,32,42,46,50,52,37,
339.000000,95.000000,0.010197,356226880.000000,0.689132,0,1
69,52,62,35,39,50,32,31,
345.000000,95.000000,0.008490,211396192.000000,0.581316,0,1
72,70,70,56,61,66,39,37,
502.000000,95.000000,0.005331,254646080.000000,0.053330,0,1
77,69,80,62,75,82,72,79,
629.000000,95.000000,0.003141,99461752.000000,0.023948,0,1
141,136,134,127,116,116,85,59,
632.000000,95.000000,0.000649,450097568.000000,0.013517,0,1
141,134,132,114,117,117,95,97,
90.000000,96.000000,0.013798,32884610.000000,0.082863,0,1
23,26,28,36,39,43,55,59,
98.000000,96.000000,0.014277,427791616.000000,1.533345,0,1
32,31,35,50,54,53,57,59,
343.000000,96.000000,0.007025,1476539520.000000,0.507556,0,1
68,53,58,43,38,39,37,42,
628.000000,96.000000,0.003078,418607808.000000,0.023353,0,1
136,127,116,113,85,80,91,68,
45.000000,97.000000,0.011051,23310284.000000,0.056693,0,1
49,54,58,36,43,54,32,35,
79.000000,97.000000,0.014388,16606448.000000,0.086038,0,1
46,36,37,43,44,45,54,56,
219.000000,97.000000,0.014885,2692321536.000000,1.675057,0,1
58,56,58,41,43,56,29,34,
251.000000,97.000000,0.014735,12712126464.000000,1.427521,0,1
61,59,57,60,34,42,50,33,
258.000000,97.000000,0.014565,2092530432.000000,1.368857,0,1
62,58,60,41,41,46,24,20,
314.000000,97.000000,0.012668,557202944.000000,0.927482,0,1
37,35,32,45,39,33,55,60,
349.000000,97.000000,0.008650,346876896.000000,0.572144,0,1
71,59,63,39,44,47,40,39,
34.000000,98.000000,0.013075,18670432.000000,0.069299,0,1
53,52,52,46,44,43,30,28,
210.000000,98.000000,0.015022,41011128.000000,0.052446,0,1
58,54,56,31,35,54,24,30,
264.000000,98.000000,0.013913,1471326720.000000,1.302060,0,1
61,54,59,32,40,59,21,21,
354.000000,98.000000,0.007321,340774432.000000,0.486997,0,1
69,55,64,35,37,51,37,30,
55.000000,99.000000,0.013976,23122286.000000,0.070078,0,1
21,28,30,40,42,47,54,56,
205.000000,99.000000,0.014969,4842039296.000000,0.706500,0,1
55,49,37,52,28,20,44,32,
373.000000,99.000000,0.007379,3377882112.000000,0.429533,0,1
71,68,68,62,58,61,36,40,
180.000000,100.000000,0.014753,7083357696.000000,1.986682,0,1
56,53,50,40,32,31,24,22,
187.000000,100.000000,0.014809,17161313280.000000,1.929526,0,1
54,50,41,52,32,25,46,32,
278.000000,100.000000,0.012846,339302528.000000,1.160041,0,1
61,60,61,55,52,59,30,25,
366.000000,100.000000,0.007372,267442656.000000,0.450377,0,1
69,63,66,43,47,58,33,34,
620.000000,100.000000,0.002638,1387191936.000000,0.046051,0,1
107,102,99,96,85,98,65,58,
679.000000,100.000000,0.006455,198939040.000000,0.169046,0,1
23,21,30,21,26,34,31,32,
152.000000,101.000000,0.016589,26859388.000000,0.077389,0,1
56,53,51,40,38,33,26,20,
383.000000,101.000000,0.007433,791955584.000000,0.400568,0,1
67,63,67,45,51,60,35,33,
169.000000,102.000000,0.014666,37806092288.000000,2.075725,0,1
51,48,26,50,32,21,48,35,
292.000000,102.000000,0.012821,107874952.000000,1.066069,0,1
59,57,59,27,34,42,19,21,
31.000000,103.000000,0.049560,19486732.000000,0.211769,0,1
44,48,38,49,38,26,31,20,
127.000000,103.000000,0.014356,9631536128.000000,1.386875,0,1
56,56,55,54,48,47,44,30,
134.000000,103.000000,0.014423,7430616064.000000,1.357198,0,1
56,55,51,52,49,35,48,45,
137.000000,103.000000,0.014462,4221087232.000000,1.345273,0,1
55,52,51,39,33,30,25,22,
299.000000,103.000000,0.012238,1261849856.000000,0.983214,0,1
60,56,59,28,32,50,23,20,
470.000000,103.000000,0.009339,829546048.000000,0.206970,0,1
77,78,72,75,61,45,63,64,
493.000000,103.000000,0.006515,225037280.000000,0.035289,0,1
56,64,36,70,47,47,72,44,
553.000000,103.000000,0.006370,1573985152.000000,0.034236,0,1
113,152,59,147,103,34,120,67,
587.000000,103.000000,0.004795,49313024.000000,0.030380,0,1
118,102,100,91,82,75,71,39,
127.000000,104.000000,0.014343,15567651840.000000,1.385735,0,1
55,52,47,51,34,26,42,32,
128.000000,104.000000,0.014362,10654512128.000000,1.382131,0,1
55,48,47,44,28,26,30,24,
175.000000,104.000000,0.013534,15691105280.000000,1.925441,0,1
44,27,50,22,43,47,27,40,
290.000000,104.000000,0.012562,193588496.000000,0.408735,0,1
27,28,19,25,32,21,32,34,
388.000000,104.000000,0.007041,5274133504.000000,0.368202,0,1
69,52,67,34,58,62,38,36,
476.000000,104.000000,0.007710,1743096960.000000,0.164267,0,1
56,59,51,62,53,44,54,46,
558.000000,104.000000,0.006221,1225230976.000000,0.034275,0,1
127,73,127,40,91,119,57,86,
587.000000,104.000000,0.004666,327338368.000000,0.040718,0,1
102,84,80,82,60,62,53,35,
104.000000,105.000000,0.014154,2853932544.000000,1.487250,0,1
57,55,55,48,42,40,28,23,
304.000000,105.000000,0.011904,468497152.000000,0.361722,0,1
59,35,53,34,37,37,27,35,
392.000000,105.000000,0.006915,4824974336.000000,0.351403,0,1
69,64,67,50,58,69,46,51,
571.000000,105.000000,0.002163,241024480.000000,0.020980,0,1
112,105,97,95,87,85,84,82,
96.000000,106.000000,0.014090,5059581440.000000,1.523221,0,1
56,51,52,43,33,32,24,24,
143.000000,106.000000,0.014471,39748059136.000000,2.301198,0,1
23,38,21,39,26,22,41,27,
321.000000,106.000000,0.010938,2905639680.000000,0.810651,0,1
60,53,58,29,32,54,21,17,
81.000000,107.000000,0.013784,40554436.000000,0.082454,0,1
56,51,51,38,37,45,24,25,
209.000000,107.000000,0.017925,2791534336.000000,0.798003,0,1
41,35,40,24,34,41,23,23,
71.000000,108.000000,0.014110,87988072.000000,0.067223,0,1
56,51,46,44,31,31,36,27,
376.000000,109.000000,0.000106,95768440.000000,0.004130,0,1
36,35,47,32,33,38,31,39,
119.000000,110.000000,0.014254,17217904640.000000,1.417606,0,1
31,43,24,50,33,23,44,35,
433.000000,110.000000,0.008594,10267126.000000,0.019571,0,1
49,51,59,48,54,60,53,53,
535.000000,110.000000,0.006737,30982800.000000,0.032649,0,1
111,92,94,78,79,83,61,64,
608.000000,110.000000,0.003888,146234160.000000,0.069641,0,1
79,77,79,76,78,76,65,66,
265.000000,111.000000,0.013992,7126855168.000000,1.282116,0,1
26,20,42,23,25,44,23,37,
317.000000,111.000000,0.010458,16566818.000000,0.017228,0,1
28,41,19,32,30,24,42,33,
375.000000,111.000000,0.007953,220782608.000000,0.159272,0,1
31,31,32,32,38,40,40,46,
400.000000,111.000000,0.006145,224045984.000000,0.297343,0,1
68,67,68,54,61,65,55,58,
580.000000,111.000000,0.001615,73174840.000000,0.029708,0,1
80,74,74,69,65,65,54,53,
599.000000,111.000000,0.003680,239482544.000000,0.058727,0,1
75,75,72,64,67,64,56,37,
602.000000,111.000000,0.004539,437496448.000000,0.060402,0,1
78,74,66,63,63,67,51,42,
227.000000,112.000000,0.014931,2595952640.000000,1.613193,0,1
25,25,26,32,34,38,52,58,
430.000000,112.000000,0.006264,7914150912.000000,0.229996,0,1
53,70,46,73,58,52,71,56,
487.000000,112.000000,0.006586,192795824.000000,0.117544,0,1
52,48,51,35,38,37,35,33,
496.000000,112.000000,0.006317,551857088.000000,0.097107,0,1
54,34,31,25,24,20,18,19,
527.000000,112.000000,0.002170,213550112.000000,0.019871,0,1
100,92,88,87,80,73,75,61,
551.000000,112.000000,0.006720,407951328.000000,0.035506,0,1
73,39,73,23,49,60,28,26,
554.000000,112.000000,0.006388,443100096.000000,0.034266,0,1
59,66,34,60,47,29,47,32,
601.000000,112.000000,0.004590,635726784.000000,0.072891,0,1
74,63,63,52,51,55,37,34,
684.000000,112.000000,0.011473,73078000.000000,0.262825,0,1
21,22,22,20,17,20,11,8,
215.000000,113.000000,0.014977,3995078912.000000,1.705973,0,1
29,42,26,54,40,39,53,55,
265.000000,113.000000,0.013964,4585648128.000000,1.283417,0,1
25,23,40,37,37,48,52,59,
200.000000,114.000000,0.014726,1354087808.000000,1.812563,0,1
24,23,26,36,39,44,51,55,
477.000000,114.000000,0.006569,863563136.000000,0.075319,0,1
54,67,38,65,46,30,47,35,
492.000000,114.000000,0.005987,653108608.000000,0.098202,0,1
50,51,38,36,39,23,29,28,
190.000000,115.000000,0.013751,4937044480.000000,1.815916,0,1
22,24,26,40,45,48,49,52,
288.000000,115.000000,0.010024,911309312.000000,0.906810,0,1
21,25,24,43,32,30,56,59,
391.000000,115.000000,0.007701,273063328.000000,0.146982,0,1
60,59,60,59,53,58,43,28,
79.000000,116.000000,0.014049,259854240.000000,0.083493,0,1
32,42,24,48,34,24,43,35,
172.000000,116.000000,0.013048,1684900864.000000,0.718423,0,1
22,27,27,41,41,43,52,51,
296.000000,116.000000,0.012378,105484024.000000,1.002136,0,1
22,25,27,43,39,35,58,60,
594.000000,116.000000,0.004667,191891872.000000,0.065349,0,1
60,59,45,51,42,37,37,27,
626.000000,116.000000,0.002636,23817158.000000,0.080676,0,1
61,59,55,50,47,44,36,28,
151.000000,117.000000,0.013391,398372256.000000,0.796271,0,1
23,22,23,27,29,30,35,39,
155.000000,117.000000,0.013679,913337728.000000,2.117109,0,1
24,23,25,30,32,33,39,46,
239.000000,117.000000,0.027614,796963520.000000,2.104460,0,1
57,58,57,55,50,47,37,44,
132.000000,118.000000,0.012963,6168889344.000000,1.261911,0,1
28,25,36,29,32,40,46,47,
318.000000,118.000000,0.010597,5853536.000000,0.016994,0,1
21,38,21,53,42,37,57,59,
328.000000,118.000000,0.008951,782191296.000000,0.661300,0,1
38,51,34,58,43,38,58,58,
375.000000,118.000000,0.007491,2827077.500000,0.226162,0,1
45,37,46,34,40,42,27,27,
376.000000,118.000000,0.006843,2809651.000000,0.010313,0,1
47,43,46,35,41,38,27,27,
404.000000,118.000000,0.006880,19002428.000000,0.010732,0,1
60,57,64,43,58,68,45,56,
577.000000,118.000000,0.003813,282402560.000000,0.038959,0,1
48,40,43,28,39,39,26,27,
40.000000,119.000000,0.013697,134846080.000000,0.070991,0,1
25,32,19,35,27,19,31,26,
92.000000,119.000000,0.014040,8157892096.000000,1.537831,0,1
39,32,49,27,38,45,29,48,
100.000000,119.000000,0.013929,142481136.000000,0.076926,0,1
39,30,47,25,35,44,36,51,
136.000000,119.000000,0.017495,12567602.000000,0.085942,0,1
30,39,31,47,42,34,48,47,
339.000000,119.000000,0.020538,1567354496.000000,1.057763,0,1
27,29,29,44,40,38,56,58,
444.000000,119.000000,0.002044,127113352.000000,0.021775,0,1
77,70,68,51,49,50,36,36,
40.000000,120.000000,0.013707,127988536.000000,0.071029,0,1
26,32,19,34,27,19,30,29,
87.000000,120.000000,0.014098,146180736.000000,0.081465,0,1
35,46,29,45,37,24,49,53,
95.000000,120.000000,0.014072,6407635456.000000,1.524756,0,1
36,45,28,47,39,32,52,55,
114.000000,120.000000,0.013204,5903556608.000000,1.363408,0,1
25,34,36,48,49,52,56,56,
137.000000,120.000000,0.019882,2189381376.000000,1.144252,0,1
31,42,34,48,41,37,47,43,
164.000000,120.000000,0.019123,48614100.000000,0.083668,0,1
42,40,51,39,48,54,48,55,
347.000000,120.000000,0.015949,51124740.000000,0.877501,0,1
29,32,30,49,47,45,56,57,
352.000000,120.000000,0.014273,469992096.000000,0.782481,0,1
36,34,32,42,38,35,54,57,
458.000000,120.000000,0.001575,6849961472.000000,0.048211,0,1
54,39,72,35,51,75,39,48,
466.000000,120.000000,0.003934,1271554304.000000,0.100302,0,1
65,73,44,73,59,49,69,58,
491.000000,120.000000,0.007617,114666704.000000,0.119224,0,1
25,22,31,19,22,18,17,16,
525.000000,120.000000,0.006538,184965792.000000,0.044408,0,1
56,49,50,42,43,44,32,31,
607.000000,120.000000,0.005283,641394624.000000,0.089358,0,1
40,28,36,21,25,35,21,21,
633.000000,120.000000,0.007959,1047508736.000000,0.187843,0,1
31,35,27,44,36,22,37,29,
240.000000,121.000000,0.027319,1688358784.000000,2.091384,0,1
35,51,44,55,43,53,55,47,
361.000000,121.000000,0.015154,1652577408.000000,0.764292,0,1
31,34,32,46,43,41,56,57,
393.000000,121.000000,0.007543,4155573760.000000,0.367278,0,1
34,26,39,27,33,43,26,34,
513.000000,121.000000,0.006013,249410720.000000,0.058288,0,1
29,23,49,20,34,48,28,32,
612.000000,121.000000,0.004932,457256128.000000,0.092911,0,1
41,41,44,25,31,34,20,21,
74.000000,122.000000,0.013825,36492520.000000,0.064879,0,1
26,27,32,39,41,46,55,55,
373.000000,122.000000,0.007586,33779536.000000,0.440149,0,1
27,29,29,46,44,40,57,58,
376.000000,122.000000,0.011494,2044392320.000000,0.571427,0,1
27,28,30,42,38,35,56,58,
472.000000,122.000000,0.002248,1420115840.000000,0.055176,0,1
36,53,39,58,46,35,54,31,
588.000000,122.000000,0.004628,79333640.000000,0.064024,0,1
49,46,43,38,36,25,24,18,
618.000000,122.000000,0.004765,553832896.000000,0.099506,0,1
38,44,44,31,36,37,20,18,
33.000000,123.000000,0.013744,102676848.000000,0.072523,0,1
36,45,30,41,38,26,45,49,
49.000000,123.000000,0.013871,10436417.000000,0.070092,0,1
20,25,21,27,27,29,40,48,
445.000000,123.000000,0.003202,618400512.000000,0.108613,0,1
43,36,45,37,42,46,39,42,
411.000000,124.000000,0.003619,6414697.000000,0.006019,0,1
68,67,64,65,59,56,63,49,
625.000000,124.000000,0.004749,179499984.000000,0.108398,0,1
43,38,42,25,32,31,18,18,
216.000000,125.000000,0.014934,2760169728.000000,1.009229,0,1
55,50,49,42,29,26,21,17,
263.000000,125.000000,0.014192,3427010816.000000,1.303915,0,1
58,54,49,44,40,34,48,37,
275.000000,125.000000,0.014232,568734656.000000,0.747606,0,1
58,54,56,44,40,52,25,27,
438.000000,125.000000,0.006756,363506688.000000,0.128229,0,1
48,38,51,33,44,47,31,38,
199.000000,126.000000,0.014747,5997468160.000000,1.817669,0,1
53,51,51,43,41,37,26,20,
214.000000,126.000000,0.014853,4481370112.000000,1.013619,0,1
52,50,32,41,37,17,46,37,
271.000000,126.000000,0.012982,48129024.000000,0.031172,0,1
55,36,54,24,37,36,24,37,
420.000000,126.000000,0.004870,541477440.000000,0.115580,0,1
65,53,66,39,53,61,40,42,
562.000000,126.000000,0.006732,261654720.000000,0.038371,0,1
45,36,48,20,33,46,18,18,
30.000000,127.000000,0.044284,3235892480.000000,5.819664,0,1
41,34,49,35,42,53,33,41,
147.000000,127.000000,0.019408,3572931072.000000,2.660222,0,1
39,36,47,36,38,43,33,25,
159.000000,127.000000,0.019508,26884942.000000,0.084659,0,1
36,37,48,40,44,47,29,25,
175.000000,127.000000,0.014260,7798547.000000,0.058152,0,1
52,52,51,44,44,49,28,23,
188.000000,127.000000,0.014711,4898159104.000000,1.909290,0,1
52,51,48,47,39,29,46,37,
305.000000,127.000000,0.007250,12568850.000000,0.025865,0,1
56,45,53,44,28,37,22,27,
319.000000,127.000000,0.005123,3046417.250000,0.022215,0,1
56,53,56,52,38,45,25,25,
335.000000,127.000000,0.010411,1500336256.000000,0.704196,0,1
57,55,55,39,44,51,16,20,
337.000000,127.000000,0.006874,401263552.000000,0.509585,0,1
57,55,56,44,51,54,36,24,
407.000000,127.000000,0.007079,294308704.000000,0.106681,0,1
56,49,53,51,43,41,37,33,
30.000000,128.000000,0.045468,65206312.000000,0.192545,0,1
42,33,49,36,41,54,34,40,
148.000000,128.000000,0.019959,17386914.000000,0.092690,0,1
47,38,43,33,41,36,25,22,
176.000000,128.000000,0.015759,4262358528.000000,2.095248,0,1
51,44,49,28,34,45,23,27,
206.000000,128.000000,0.013707,7232878592.000000,1.683283,0,1
39,41,22,39,32,21,37,33,
231.000000,128.000000,0.015055,27387502592.000000,1.584229,0,1
41,25,52,21,38,56,25,37,
319.000000,128.000000,0.004227,1087149.500000,0.281984,0,1
54,37,49,48,24,34,27,25,
337.000000,128.000000,0.016156,385148384.000000,0.583264,0,1
56,50,53,22,32,44,32,25,
345.000000,128.000000,0.000906,1780138624.000000,0.078179,0,1
57,55,56,41,44,48,39,31,
355.000000,128.000000,0.004972,999296832.000000,0.347120,0,1
57,57,55,51,42,43,34,23,
454.000000,128.000000,0.003768,515658496.000000,0.111472,0,1
44,42,52,28,41,47,24,23,
168.000000,129.000000,0.014349,9448094720.000000,2.053839,0,1
46,36,42,22,33,38,24,29,
242.000000,129.000000,0.026879,35282328.000000,0.076924,0,1
49,41,56,50,48,56,42,47,
252.000000,129.000000,0.014867,106094160.000000,0.039942,0,1
40,54,28,57,42,25,55,45,
457.000000,129.000000,0.003368,328470176.000000,0.097020,0,1
52,47,50,31,38,45,24,22,
516.000000,129.000000,0.005627,60629776.000000,0.049096,0,1
34,44,37,25,31,27,19,16,
520.000000,129.000000,0.007108,36353492.000000,0.048152,0,1
34,34,29,27,23,22,19,17,
132.000000,130.000000,0.015026,4193155.000000,0.085709,0,1
48,40,42,30,34,34,24,23,
381.000000,130.000000,0.008098,2490999808.000000,0.424767,0,1
56,50,46,40,32,27,35,30,
294.000000,131.000000,0.012582,843688960.000000,0.396177,0,1
23,16,38,17,21,27,16,20,
112.000000,132.000000,0.014165,10160011264.000000,1.443705,0,1
53,49,39,46,37,24,44,38,
120.000000,132.000000,0.014227,10367194112.000000,1.408089,0,1
45,47,32,44,37,22,45,40,
466.000000,132.000000,0.006273,182503168.000000,0.146427,0,1
44,40,36,20,24,29,19,19,
83.000000,133.000000,0.014057,47815588.000000,0.082246,0,1
54,52,54,35,32,40,24,24,
406.000000,133.000000,0.006812,6289740800.000000,0.302093,0,1
39,52,29,47,38,25,52,40,
72.000000,134.000000,0.013726,99940024.000000,0.064654,0,1
53,51,46,42,39,24,46,39,
53.000000,135.000000,0.013854,44992124.000000,0.069089,0,1
53,45,47,28,31,40,23,26,
232.000000,135.000000,0.014587,152928496.000000,0.044778,0,1
49,33,55,23,47,56,32,45,
386.000000,135.000000,0.014957,4344954.000000,0.016207,0,1
31,23,41,22,30,36,23,31,
294.000000,136.000000,0.012482,4736989184.000000,1.016425,0,1
19,16,37,17,18,31,17,21,
381.000000,137.000000,0.010871,1747268864.000000,0.527439,0,1
31,38,24,38,33,24,45,53,
358.000000,138.000000,0.034993,65051584.000000,0.576666,0,1
21,20,31,30,31,40,48,56,
364.000000,138.000000,0.021425,347133.062500,0.033901,0,1
32,42,41,41,41,41,54,57,
232.000000,139.000000,0.014655,119423320.000000,0.044745,0,1
45,29,55,22,43,55,32,52,
255.000000,139.000000,0.014068,31991040.000000,0.037043,0,1
30,25,37,41,37,47,51,55,
260.000000,139.000000,0.014541,1257735680.000000,0.813458,0,1
27,27,32,47,37,44,51,55,
323.000000,139.000000,0.009264,192952304.000000,0.699140,0,1
32,31,45,50,45,47,54,56,
336.000000,139.000000,0.025923,214562496.000000,0.803997,0,1
28,22,36,41,47,48,56,56,
216.000000,140.000000,0.014441,37241424.000000,0.047973,0,1
19,29,19,41,22,19,39,46,
211.000000,141.000000,0.017187,299568736.000000,1.881938,0,1
20,20,25,26,29,37,39,39,
202.000000,142.000000,0.022687,164242880.000000,0.976207,0,1
21,21,26,28,32,39,35,35,
168.000000,143.000000,0.014509,4418146304.000000,1.197530,0,1
24,21,35,26,31,43,39,40,
535.000000,143.000000,0.019525,35310732.000000,0.096001,0,1
28,26,29,26,32,42,37,44,
536.000000,143.000000,0.019969,28454214.000000,0.098862,0,1
28,27,33,28,38,43,44,38,
160.000000,144.000000,0.017081,663955712.000000,1.386273,0,1
24,24,35,27,32,43,38,44,
390.000000,144.000000,0.007680,1786099584.000000,0.380123,0,1
56,55,54,49,37,33,37,24,
566.000000,144.000000,0.028820,11157178.000000,0.171750,0,1
23,24,22,35,29,24,39,42,
123.000000,145.000000,0.015314,36720528.000000,0.078130,0,1
21,26,21,34,26,25,36,39,
115.000000,146.000000,0.015306,2309673472.000000,1.520219,0,1
21,28,26,42,37,38,48,48,
185.000000,146.000000,0.021591,1365176192.000000,2.390674,0,1
34,31,33,35,33,38,35,40,
356.000000,146.000000,0.011925,643619072.000000,0.674552,0,1
57,56,55,45,42,40,36,28,
394.000000,146.000000,0.004769,892695232.000000,0.249958,0,1
39,22,35,24,27,36,26,26,
85.000000,147.000000,0.013882,90295144.000000,0.081960,0,1
27,24,33,32,36,47,46,53,
91.000000,147.000000,0.013937,44091900.000000,0.079358,0,1
23,27,25,43,37,41,50,54,
218.000000,147.000000,0.019230,3117765.250000,0.066118,0,1
53,49,51,45,43,45,39,36,
341.000000,147.000000,0.010897,1981168.750000,0.016422,0,1
56,47,46,21,20,32,14,15,
346.000000,147.000000,0.021559,156277472.000000,0.444663,0,1
56,52,53,31,27,36,40,23,
528.000000,147.000000,0.038663,3028914.750000,0.106714,0,1
24,25,25,34,34,39,40,46,
147.000000,148.000000,0.022154,2393647872.000000,1.727559,0,1
27,35,25,43,32,24,43,32,
323.000000,148.000000,0.002590,374448416.000000,0.087347,0,1
55,54,54,44,31,39,32,24,
45.000000,149.000000,0.015366,41294976.000000,0.078629,0,1
23,24,25,37,34,35,45,50,
159.000000,149.000000,0.020667,1937309056.000000,1.577047,0,1
38,31,40,28,34,43,28,34,
195.000000,151.000000,0.023130,868774016.000000,2.382995,0,1
35,36,29,39,31,26,34,27,
428.000000,151.000000,0.038434,14344505.000000,0.724458,0,1
19,21,23,27,34,39,41,49,
260.000000,152.000000,0.014163,47666540.000000,0.036192,0,1
54,43,36,49,23,30,38,23,
209.000000,153.000000,0.011666,2978344192.000000,1.501790,0,1
34,34,32,32,27,27,25,19,
223.000000,153.000000,0.014702,1766355200.000000,1.626829,0,1
43,38,39,25,30,34,21,25,
382.000000,153.000000,0.012671,1488899.250000,0.007399,0,1
26,26,27,42,41,43,67,69,
387.000000,153.000000,0.017557,216173936.000000,0.693216,0,1
24,28,25,45,44,46,68,66,
393.000000,153.000000,0.017548,346232352.000000,0.661211,0,1
24,27,28,47,45,47,63,61,
407.000000,153.000000,0.017243,238987120.000000,0.582778,0,1
24,32,29,54,54,55,66,63,
414.000000,153.000000,0.017288,166392992.000000,0.548925,0,1
21,28,29,55,56,57,64,70,
174.000000,154.000000,0.020142,211065232.000000,1.004468,0,1
48,46,48,35,36,34,20,16,
176.000000,154.000000,0.021425,18223596.000000,1.511600,0,1
43,48,34,36,34,30,21,19,
352.000000,154.000000,0.010022,21581890.000000,0.299821,0,1
25,28,30,44,52,56,76,80,
155.000000,155.000000,0.017231,668329664.000000,1.420272,0,1
41,39,34,32,31,25,29,22,
342.000000,155.000000,0.013100,13943973.000000,0.315200,0,1
22,25,27,50,57,64,77,81,
344.000000,155.000000,0.019049,16224921.000000,0.642647,0,1
21,27,35,57,64,69,80,82,
416.000000,155.000000,0.017349,35173256.000000,0.345546,0,1
57,65,66,70,72,74,76,78,
238.000000,156.000000,0.024584,13146957.000000,0.075729,0,1
52,51,54,45,44,52,31,25,
329.000000,156.000000,0.016513,2567891.750000,0.034083,0,1
19,21,23,40,46,52,76,80,
135.000000,157.000000,0.012881,2857778688.000000,1.243255,0,1
47,42,44,24,29,40,19,21,
320.000000,157.000000,0.016971,80108840.000000,0.669815,0,1
26,31,29,49,57,64,78,82,
600.000000,157.000000,0.068914,29197448.000000,0.539088,0,1
48,49,49,45,44,49,28,26,
107.000000,158.000000,0.014387,96196584.000000,0.077435,0,1
53,48,45,43,31,28,35,24,
123.000000,158.000000,0.012985,2925327872.000000,1.305906,0,1
41,35,30,35,24,19,30,22,
242.000000,158.000000,0.027140,32810244.000000,0.076562,0,1
45,47,31,35,38,27,29,23,
62.000000,159.000000,0.016479,27690762.000000,0.080620,0,1
42,42,49,36,39,44,26,23,
79.000000,159.000000,0.013606,104366416.000000,0.080913,0,1
52,48,50,33,39,45,25,28,
597.000000,159.000000,0.067706,148587744.000000,0.520737,0,1
45,46,30,47,35,24,46,34,
189.000000,160.000000,0.013536,1774504192.000000,1.813379,0,1
37,30,27,22,25,21,21,22,
254.000000,161.000000,0.027274,158644160.000000,1.953941,0,1
32,39,25,40,33,27,37,49,
435.000000,161.000000,0.036377,34954284.000000,0.670787,0,1
51,49,50,36,41,47,32,37,
649.000000,161.000000,0.067067,3850795.250000,0.752932,0,1
46,45,44,41,40,39,39,38,
329.000000,162.000000,0.029210,44594036.000000,0.909769,0,1
81,77,77,68,65,62,52,53,
318.000000,163.000000,0.030806,26747986.000000,1.064678,0,1
80,79,76,69,64,56,54,57,
426.000000,163.000000,0.033819,263959888.000000,0.482351,0,1
68,75,57,73,65,51,60,48,
557.000000,163.000000,0.064216,5692060.000000,0.401165,0,1
47,47,46,44,42,43,40,37,
388.000000,164.000000,0.035632,83177032.000000,0.999293,0,1
76,75,75,69,69,69,50,48,
393.000000,164.000000,0.036290,182159984.000000,0.969674,0,1
76,75,75,68,67,67,51,48,
404.000000,164.000000,0.036586,93993168.000000,0.892181,0,1
76,74,74,66,64,65,50,48,
417.000000,164.000000,0.037157,106371584.000000,0.804880,0,1
75,73,73,63,63,62,49,46,
359.000000,165.000000,0.035030,3442222.000000,0.052791,0,1
73,76,75,60,59,58,50,47,
362.000000,165.000000,0.034977,3687148.000000,0.052712,0,1
76,75,74,59,58,58,49,48,
369.000000,165.000000,0.034630,22606710.000000,0.536373,0,1
76,74,74,57,56,55,49,48,
304.000000,166.000000,0.030673,4032076.250000,0.064873,0,1
82,76,75,59,58,57,46,45,
211.000000,167.000000,0.030769,3571473920.000000,2.521995,0,1
26,21,29,19,30,35,22,31,
320.000000,167.000000,0.058604,209173584.000000,1.012235,0,1
56,47,53,30,43,47,31,38,
508.000000,167.000000,0.036104,26380568.000000,0.157669,0,1
40,35,43,17,33,40,24,33,
614.000000,167.000000,0.065519,66357736.000000,0.542202,0,1
41,41,34,41,38,25,40,33,
617.000000,167.000000,0.066993,60012736.000000,0.564095,0,1
42,33,41,27,36,41,23,30,
72.000000,168.000000,0.012965,54489536.000000,0.061283,0,1
32,25,39,22,29,34,24,25,
501.000000,168.000000,0.035202,44357668.000000,0.146565,0,1
41,40,19,41,28,18,38,35,
601.000000,168.000000,0.067854,96317096.000000,0.533111,0,1
24,23,31,22,27,34,22,18,
176.000000,169.000000,0.031787,409385248.000000,2.975502,0,1
23,25,29,18,27,32,19,18,
578.000000,169.000000,0.064613,65944376.000000,0.451113,0,1
43,42,31,42,38,28,33,25,
623.000000,169.000000,0.064403,14833164.000000,0.588009,0,1
43,40,39,33,32,33,25,22,
170.000000,170.000000,0.034572,672450304.000000,3.154278,0,1
19,29,22,33,29,17,20,13,
474.000000,171.000000,0.061847,47684488.000000,0.546472,0,1
41,35,43,26,35,42,24,23,
516.000000,171.000000,0.064094,22979138.000000,0.317362,0,1
44,40,41,36,36,35,26,21,
523.000000,171.000000,0.064572,22865394.000000,0.334259,0,1
44,41,41,37,37,35,26,20,
538.000000,171.000000,0.064126,23521294.000000,0.362140,0,1
42,41,41,31,31,32,24,19,
126.000000,173.000000,0.036447,103226976.000000,2.461667,0,1
20,26,21,34,27,17,26,20,
429.000000,173.000000,0.063117,16848488.000000,0.895270,0,1
46,44,44,37,37,36,30,27,
434.000000,173.000000,0.062889,20390090.000000,0.852213,0,1
45,42,42,35,34,33,28,25,
68.000000,174.000000,0.039333,7443386.000000,4.487443,0,1
23,26,25,30,30,29,38,33,
322.000000,174.000000,0.058424,244076304.000000,1.004590,0,1
41,37,42,22,29,39,19,18,
339.000000,174.000000,0.050279,82036984.000000,1.592803,0,1
42,40,41,28,29,41,23,24,
410.000000,174.000000,0.062584,21881422.000000,1.051765,0,1
45,41,42,37,37,36,30,28,
420.000000,174.000000,0.062420,27402268.000000,0.966601,0,1
45,39,40,33,33,32,28,27,
312.000000,175.000000,0.059362,4460229.500000,1.041262,0,1
42,38,41,27,32,38,22,26,
383.000000,175.000000,0.059013,68292168.000000,1.264789,0,1
44,41,41,37,36,36,30,28,
386.000000,175.000000,0.059313,51620028.000000,1.241284,0,1
44,41,41,36,36,35,30,26,
392.000000,175.000000,0.062893,47915892.000000,1.210185,0,1
42,39,41,34,34,34,28,28,
400.000000,175.000000,0.063603,26347876.000000,1.147492,0,1
43,39,38,34,33,32,28,27,
68.000000,176.000000,0.030139,2153084672.000000,1.953877,0,1
30,38,34,33,33,25,29,35,
143.000000,176.000000,0.038478,86092464.000000,3.675215,0,1
18,17,17,18,22,23,27,31,
211.000000,176.000000,0.030927,778583616.000000,2.536021,0,1
26,19,31,18,23,33,18,22,
308.000000,176.000000,0.065388,125601160.000000,1.153884,0,1
41,40,30,38,34,22,36,25,
335.000000,176.000000,0.056168,46123080.000000,1.229437,0,1
41,37,29,39,37,23,26,20,
336.000000,176.000000,0.053515,163317408.000000,1.657710,0,1
34,36,23,38,30,23,26,21,
347.000000,176.000000,0.056462,149478496.000000,1.578842,0,1
41,38,39,37,37,35,25,23,
352.000000,176.000000,0.056693,81863480.000000,1.533094,0,1
41,39,39,36,34,35,25,24,
362.000000,176.000000,0.057239,66614616.000000,1.443868,0,1
42,39,37,33,34,33,26,25,
76.000000,177.000000,0.041483,17446264.000000,3.087027,0,1
17,19,20,27,28,31,34,28,
315.000000,177.000000,0.060890,139457744.000000,1.419333,0,1
36,38,29,32,30,19,22,17,
604.000000,177.000000,0.068628,57093152.000000,0.549698,0,1
20,22,23,30,34,34,39,41,
614.000000,177.000000,0.065488,24772412.000000,0.543747,0,1
20,23,19,36,35,23,39,41,
617.000000,177.000000,0.067915,99483888.000000,0.575235,0,1
17,19,24,25,31,37,23,31,
294.000000,178.000000,0.055207,37975980.000000,2.113491,0,1
40,40,38,34,33,32,25,22,
301.000000,178.000000,0.055289,41822016.000000,2.037486,0,1
39,39,38,31,30,30,24,22,
568.000000,178.000000,0.067616,30258340.000000,0.454836,0,1
22,21,21,36,37,36,41,43,
145.000000,179.000000,0.042910,319950560.000000,3.778458,0,1
23,28,18,30,20,16,28,20,
272.000000,179.000000,0.053876,32232624.000000,2.347595,0,1
40,36,36,31,31,30,25,22,
281.000000,179.000000,0.054114,39749668.000000,2.243930,0,1
39,36,36,28,28,27,23,21,
500.000000,179.000000,0.065883,17870522.000000,0.427743,0,1
21,21,21,28,29,29,38,42,
523.000000,179.000000,0.066262,31103596.000000,0.346999,0,1
21,22,22,36,37,37,41,44,
530.000000,179.000000,0.066281,33637928.000000,0.361778,0,1
21,23,23,38,39,38,42,44,
238.000000,180.000000,0.031983,181490032.000000,2.282831,0,1
37,35,35,30,29,29,24,22,
243.000000,180.000000,0.031752,123853928.000000,2.224850,0,1
38,36,36,29,28,28,23,23,
252.000000,180.000000,0.053371,27439792.000000,2.573263,0,1
36,35,35,27,26,27,23,21,
486.000000,180.000000,0.065136,24773396.000000,0.368527,0,1
21,25,25,37,38,37,41,44,
488.000000,180.000000,0.065048,25175428.000000,0.359611,0,1
20,25,26,38,37,37,42,43,
474.000000,181.000000,0.063998,78336072.000000,0.592621,0,1
19,22,32,25,31,41,25,40,
427.000000,182.000000,0.034418,331060800.000000,0.510489,0,1
24,25,36,22,30,43,24,30,
439.000000,182.000000,0.061226,89950160.000000,0.829927,0,1
26,39,32,41,43,23,44,43,
440.000000,182.000000,0.061575,89447472.000000,0.823836,0,1
25,39,22,44,32,27,43,40,
452.000000,182.000000,0.062974,92596704.000000,0.740488,0,1
26,39,26,44,38,24,42,39,
382.000000,183.000000,0.037066,31353588.000000,0.524741,0,1
25,22,30,19,27,32,20,26,
410.000000,183.000000,0.017552,1505354.250000,0.026784,0,1
23,22,23,31,30,27,33,31,
456.000000,183.000000,0.064019,55249496.000000,0.369268,0,1
28,22,42,25,28,41,22,27,
597.000000,183.000000,0.067125,112036592.000000,0.520124,0,1
36,41,28,40,34,23,38,36,
295.000000,184.000000,0.060285,36056168.000000,2.164659,0,1
20,20,19,28,29,30,40,44,
302.000000,184.000000,0.059654,86593072.000000,2.085844,0,1
19,19,18,30,31,23,41,43,
357.000000,184.000000,0.033855,2436908.000000,0.051021,0,1
21,15,26,14,18,26,12,16,
418.000000,184.000000,0.015394,2146721.000000,0.023199,0,1
25,30,23,33,25,22,23,18,
442.000000,184.000000,0.063132,32433790.000000,0.822825,0,1
27,27,43,40,39,43,43,41,
453.000000,184.000000,0.063908,78180776.000000,0.743813,0,1
28,38,25,42,29,22,37,28,
415.000000,185.000000,0.023886,1488324.875000,0.035997,0,1
34,34,33,29,26,23,22,19,
602.000000,185.000000,0.069135,132932960.000000,0.551731,0,1
34,25,37,25,37,41,28,37,
384.000000,186.000000,0.016633,2160140.000000,0.027806,0,1
33,36,31,23,27,25,23,19,
597.000000,186.000000,0.066931,84144872.000000,0.519230,0,1
33,41,29,41,36,26,41,37,
277.000000,187.000000,0.021893,38260912.000000,0.685851,0,1
16,25,21,34,35,37,43,42,
383.000000,187.000000,0.016213,1946698.625000,0.030631,0,1
36,23,27,22,23,21,20,17,
271.000000,188.000000,0.020356,4597761.500000,0.052237,0,1
13,16,20,25,30,35,38,42,
260.000000,190.000000,0.029249,53545732.000000,0.918647,0,1
13,16,18,23,28,32,39,44,
304.000000,190.000000,0.019589,18661178.000000,0.039075,0,1
22,36,13,40,23,11,37,28,
320.000000,191.000000,0.054779,4880229.000000,0.093008,0,1
18,25,12,25,19,9,26,19,
296.000000,192.000000,0.014237,3377501.000000,0.031998,0,1
44,44,42,41,36,32,28,19,
306.000000,192.000000,0.020806,8574380.000000,0.040615,0,1
11,22,10,28,16,14,27,15,
190.000000,193.000000,0.029943,10181904.000000,0.114056,0,1
17,15,22,14,21,22,15,17,
244.000000,193.000000,0.029070,15125237.000000,0.084164,0,1
19,29,13,17,18,12,14,13,
583.000000,193.000000,0.064862,7056667.000000,0.470981,0,1
39,40,41,38,38,37,29,28,
648.000000,193.000000,0.072931,5336046.500000,0.621717,0,1
39,39,39,31,30,30,25,36,
295.000000,194.000000,0.017255,2882264.750000,0.036758,0,1
40,30,24,25,23,17,16,19,
443.000000,194.000000,0.063181,8933033.000000,0.853878,0,1
42,41,41,43,43,42,30,32,
473.000000,194.000000,0.066163,5961777.000000,0.665134,0,1
38,39,42,36,36,36,27,34,
486.000000,194.000000,0.067027,10326899.000000,0.582471,0,1
40,41,40,37,36,36,28,35,
489.000000,194.000000,0.066551,10007786.000000,0.564868,0,1
39,42,39,34,35,36,29,35,
557.000000,194.000000,0.066253,11136549.000000,0.425177,0,1
40,39,36,31,31,31,27,35,
321.000000,195.000000,0.054179,4116235.250000,0.093268,0,1
15,20,11,26,14,10,21,16,
317.000000,196.000000,0.062333,4622419.000000,0.105834,0,1
18,12,25,10,18,26,12,18,
450.000000,196.000000,0.065516,28433434.000000,0.816611,0,1
39,28,26,32,33,31,41,42,
463.000000,196.000000,0.063330,12847735.000000,0.387985,0,1
36,26,26,34,34,33,40,41,
464.000000,196.000000,0.063428,12349679.000000,0.384070,0,1
37,26,26,33,34,34,42,42,
521.000000,196.000000,0.066447,6657416.000000,0.351291,0,1
33,27,28,34,35,35,41,40,
540.000000,196.000000,0.067698,8566179.000000,0.415444,0,1
32,27,27,35,35,36,40,40,
548.000000,196.000000,0.067358,8335762.500000,0.414586,0,1
32,27,27,35,35,35,40,39,
566.000000,196.000000,0.068849,7980153.000000,0.466579,0,1
31,27,27,36,37,37,39,39,
591.000000,196.000000,0.054157,5034838.000000,0.150614,0,1
29,28,29,38,40,43,39,42,
274.000000,197.000000,0.017567,3057924.750000,0.030500,0,1
42,41,39,39,35,27,30,25,
334.000000,197.000000,0.053329,2595733.250000,0.085886,0,1
10,10,10,13,13,14,20,22,
352.000000,197.000000,0.052742,4571633.500000,0.083971,0,1
12,13,12,17,18,19,22,17,
514.000000,198.000000,0.063037,31748858.000000,0.469759,0,1
35,41,41,42,46,47,57,58,
261.000000,199.000000,0.050199,1631842.125000,0.146761,0,1
43,43,41,36,36,35,26,25,
340.000000,199.000000,0.059657,146807984.000000,1.262537,0,1
15,22,22,25,27,23,34,47,
344.000000,199.000000,0.059474,88469800.000000,1.233268,0,1
15,23,23,23,27,28,36,46,
394.000000,199.000000,0.062402,70596536.000000,0.683856,0,1
25,21,19,21,19,19,29,44,
414.000000,199.000000,0.061386,14371217.000000,0.147158,0,1
20,18,16,19,19,19,30,46,
422.000000,199.000000,0.063475,10085270.000000,0.095874,0,1
19,15,17,19,19,19,29,47,
499.000000,199.000000,0.063126,26001850.000000,0.534404,0,1
41,41,44,42,49,55,50,49,
348.000000,200.000000,0.060057,100502776.000000,1.213629,0,1
22,24,17,30,26,24,46,50,
370.000000,200.000000,0.060959,140006416.000000,1.072416,0,1
22,18,20,29,29,30,42,50,
379.000000,200.000000,0.061128,150794736.000000,1.014482,0,1
21,19,19,29,29,30,42,53,
412.000000,200.000000,0.057905,13051098.000000,0.092411,0,1
17,19,20,29,29,29,47,53,
421.000000,200.000000,0.061849,41707068.000000,0.158982,0,1
15,19,19,30,29,30,47,55,
428.000000,200.000000,0.060063,4599055.500000,0.091364,0,1
28,21,40,29,36,45,47,53,
432.000000,200.000000,0.064471,50202724.000000,0.957583,0,1
41,40,41,45,44,45,51,54,
601.000000,200.000000,0.069244,123055408.000000,0.555769,0,1
28,26,49,30,30,46,40,50,
609.000000,200.000000,0.048970,3015412.750000,0.528929,0,1
57,62,64,51,51,48,48,52,
329.000000,201.000000,0.059927,206076416.000000,1.837911,0,1
22,28,28,39,41,42,53,52,
454.000000,201.000000,0.064568,64111084.000000,0.433551,0,1
25,34,25,44,36,34,50,49,
456.000000,201.000000,0.064639,49443380.000000,0.426557,0,1
24,25,33,36,34,41,47,47,
599.000000,201.000000,0.070293,68109048.000000,0.562219,0,1
27,35,29,45,41,40,52,49,
271.000000,202.000000,0.058027,79026192.000000,1.338147,0,1
21,19,18,31,32,32,48,52,
282.000000,202.000000,0.057981,53088988.000000,1.273724,0,1
19,18,18,39,39,40,49,53,
288.000000,202.000000,0.058036,61269060.000000,1.235038,0,1
18,19,20,40,42,43,53,53,
319.000000,202.000000,0.060455,109820480.000000,1.076522,0,1
20,26,26,47,45,51,58,66,
321.000000,202.000000,0.061718,38745276.000000,0.106284,0,1
21,26,35,45,51,60,66,59,
670.000000,202.000000,0.070102,46524300.000000,0.817862,0,1
46,52,47,66,60,52,68,66,
231.000000,203.000000,0.057853,118877856.000000,2.085340,0,1
18,17,17,25,26,26,41,51,
252.000000,203.000000,0.057580,191490304.000000,1.907161,0,1
21,21,31,36,37,40,49,53,
260.000000,203.000000,0.058174,158981408.000000,2.578930,0,1
25,30,32,41,42,44,50,52,
205.000000,204.000000,0.056976,74835144.000000,2.294023,0,1
17,20,18,25,26,29,41,49,
210.000000,204.000000,0.056598,73892624.000000,2.244530,0,1
18,21,21,31,30,31,46,50,
216.000000,204.000000,0.056935,121915488.000000,2.197982,0,1
17,22,21,33,34,36,47,52,
239.000000,204.000000,0.057291,213243584.000000,2.010538,0,1
17,29,30,46,47,48,58,58,
241.000000,204.000000,0.057312,222663984.000000,1.994423,0,1
17,30,30,47,48,48,62,53,
640.000000,204.000000,0.075531,29335538.000000,0.885359,0,1
42,41,43,50,50,50,51,53,
184.000000,205.000000,0.056184,269849536.000000,3.549110,0,1
18,21,23,32,34,36,45,50,
311.000000,205.000000,0.059458,78289128.000000,2.027819,0,1
64,61,58,58,67,75,75,59,
145.000000,206.000000,0.054547,219858352.000000,4.107796,0,1
19,23,23,33,34,34,46,47,
159.000000,206.000000,0.055455,397972192.000000,3.908257,0,1
17,24,26,38,39,40,48,51,
176.000000,206.000000,0.055353,332429888.000000,3.651212,0,1
20,29,31,45,45,46,56,51,
393.000000,206.000000,0.068271,18425928.000000,0.104730,0,1
62,78,79,81,70,58,61,59,
92.000000,207.000000,0.053698,160161888.000000,4.991856,0,1
23,21,20,27,27,28,39,44,
173.000000,207.000000,0.055251,338372128.000000,3.695120,0,1
29,44,45,51,54,56,54,53,
89.000000,208.000000,0.053246,308495936.000000,5.037657,0,1
22,27,27,39,39,39,44,45,
159.000000,208.000000,0.055328,220368512.000000,3.909347,0,1
39,48,48,50,51,51,56,61,
221.000000,208.000000,0.058523,51028860.000000,3.082889,0,1
51,53,54,57,61,65,65,62,
303.000000,209.000000,0.069268,13343988.000000,0.140564,0,1
65,76,74,75,65,57,57,54,
379.000000,210.000000,0.072663,68470880.000000,0.146470,0,1
57,58,62,59,72,87,82,78,
143.000000,211.000000,0.057765,97680528.000000,4.213830,0,1
49,51,51,53,53,55,63,61,
289.000000,213.000000,0.073439,16061146.000000,0.164520,0,1
61,73,80,85,76,62,62,55,
128.000000,214.000000,0.060111,55126732.000000,4.513166,0,1
53,54,54,55,58,61,67,59,
195.000000,214.000000,0.064156,28674642.000000,3.534830,0,1
56,58,58,61,65,67,69,63,
261.000000,215.000000,0.073740,70322280.000000,2.762578,0,1
53,53,54,53,54,60,65,71,
367.000000,215.000000,0.077413,60936420.000000,0.972369,0,1
57,58,60,58,63,83,73,85,
128.000000,216.000000,0.060149,28577080.000000,4.518556,0,1
58,67,67,60,59,58,56,57,
280.000000,216.000000,0.076086,15854409.000000,0.183658,0,1
67,84,88,84,67,60,59,56,
371.000000,216.000000,0.079824,63349172.000000,0.166380,0,1
81,88,84,86,74,60,65,61,
472.000000,216.000000,0.081844,291622656.000000,0.347972,0,1
85,92,56,92,56,52,58,51,
575.000000,216.000000,0.085576,157394560.000000,0.648462,0,1
93,69,89,50,74,88,51,60,
112.000000,217.000000,0.062331,39682816.000000,4.844259,0,1
54,54,55,57,60,62,64,55,
363.000000,217.000000,0.079443,52487216.000000,1.015164,0,1
58,59,59,61,67,82,79,86,
176.000000,218.000000,0.069695,20348114.000000,3.905830,0,1
58,60,60,61,63,68,72,66,
274.000000,218.000000,0.079104,19508750.000000,0.194721,0,1
71,87,81,72,61,58,56,54,
264.000000,219.000000,0.080940,15007646.000000,0.215026,0,1
62,57,61,62,73,83,77,64,
256.000000,221.000000,0.080905,23800212.000000,0.227242,0,1
68,57,56,58,65,72,77,75,
169.000000,222.000000,0.074087,32352182.000000,2.909335,0,1
67,73,70,64,59,58,57,58,
237.000000,222.000000,0.081584,35382208.000000,3.161795,0,1
55,55,56,56,58,69,71,75,
245.000000,222.000000,0.082285,13804708.000000,0.240768,0,1
62,78,84,87,71,59,57,62,
583.000000,222.000000,0.090674,126629904.000000,0.728689,0,1
64,85,59,94,82,58,100,103,
250.000000,223.000000,0.083338,24188106.000000,0.240408,0,1
61,58,59,61,67,79,82,75,
350.000000,223.000000,0.086221,50452728.000000,0.182047,0,1
60,61,63,62,73,86,83,86,
352.000000,223.000000,0.086324,62321520.000000,0.183278,0,1
61,63,80,73,86,86,88,72,
584.000000,223.000000,0.092196,138602736.000000,0.748507,0,1
59,82,58,100,80,56,103,102,
256.000000,224.000000,0.084007,13326302.000000,1.722801,0,1
81,80,69,70,61,59,59,60,
352.000000,225.000000,0.088716,62437264.000000,0.194071,0,1
86,88,83,86,72,60,62,64,
227.000000,226.000000,0.086300,45852196.000000,2.010543,0,1
56,57,64,62,71,79,80,79,
344.000000,226.000000,0.089519,64196328.000000,0.195212,0,1
60,58,64,57,73,84,84,91,
456.000000,226.000000,0.092856,172778832.000000,0.380320,0,1
46,46,56,48,61,76,60,82,
215.000000,227.000000,0.084060,42161640.000000,3.507398,0,1
56,54,54,61,61,60,71,61,
294.000000,227.000000,0.088691,15085556.000000,1.930287,0,1
59,60,60,61,63,64,68,64,
311.000000,227.000000,0.088804,40810604.000000,0.199446,0,1
59,57,56,56,57,59,78,70,
312.000000,227.000000,0.089057,48445276.000000,0.199643,0,1
59,56,55,56,59,60,79,69,
326.000000,227.000000,0.089669,50337260.000000,1.311844,0,1
59,57,57,61,61,60,77,72,
342.000000,227.000000,0.090088,63563444.000000,0.198504,0,1
58,56,62,60,73,89,82,70,
239.000000,228.000000,0.087841,46380136.000000,0.272216,0,1
63,73,87,70,76,79,61,58,
242.000000,228.000000,0.087695,68483064.000000,0.267666,0,1
80,90,87,78,78,78,62,57,
365.000000,228.000000,0.090527,49242744.000000,0.214982,0,1
58,62,63,72,72,72,74,64,
375.000000,228.000000,0.091130,59930432.000000,0.226660,0,1
57,61,60,72,71,67,73,62,
378.000000,228.000000,0.091514,52610164.000000,0.998730,0,1
57,59,60,70,69,70,72,63,
389.000000,228.000000,0.091655,61530424.000000,0.246108,0,1
55,59,60,69,69,68,77,64,
392.000000,228.000000,0.091611,48851704.000000,0.250313,0,1
56,60,60,69,69,66,78,62,
418.000000,228.000000,0.093354,50976796.000000,0.791950,0,1
55,55,55,61,62,61,73,64,
442.000000,228.000000,0.095364,16971978.000000,1.124562,0,1
49,50,49,55,53,54,59,58,
476.000000,228.000000,0.097157,28625490.000000,0.910084,0,1
49,49,51,51,55,56,57,56,
485.000000,228.000000,0.096889,38979032.000000,0.862044,0,1
50,51,51,58,59,58,64,59,
494.000000,228.000000,0.097068,62531364.000000,0.820079,0,1
51,51,50,57,57,56,70,60,
510.000000,228.000000,0.098146,66471812.000000,0.565587,0,1
49,50,49,56,56,55,71,69,
520.000000,228.000000,0.098306,68319736.000000,0.598205,0,1
48,49,48,54,55,54,68,64,
103.000000,229.000000,0.077653,34383204.000000,5.293316,0,1
57,57,58,64,64,64,66,60,
191.000000,229.000000,0.085293,43740972.000000,0.329330,0,1
60,75,77,66,66,65,57,52,
200.000000,229.000000,0.085364,49742676.000000,2.226891,0,1
60,70,70,62,63,63,53,53,
219.000000,229.000000,0.086170,42489688.000000,2.069823,0,1
62,77,78,60,58,58,53,53,
271.000000,229.000000,0.088671,34512928.000000,0.236882,0,1
66,76,80,59,58,57,56,59,
281.000000,229.000000,0.088283,18129090.000000,2.669118,0,1
62,68,67,58,58,57,58,58,
331.000000,229.000000,0.090611,53580696.000000,0.203355,0,1
58,77,76,73,72,71,61,58,
533.000000,229.000000,0.098561,39218396.000000,0.715915,0,1
49,49,49,55,58,56,66,55,
134.000000,230.000000,0.082650,30220436.000000,2.792517,0,1
71,75,78,68,68,68,60,60,
153.000000,230.000000,0.083308,27444706.000000,3.198937,0,1
66,74,73,62,62,63,59,59,
166.000000,230.000000,0.084271,23657476.000000,2.490471,0,1
71,72,73,64,62,61,58,57,
174.000000,230.000000,0.083519,42544744.000000,2.419545,0,1
68,73,74,59,59,60,56,56,
178.000000,230.000000,0.084064,35065888.000000,0.342532,0,1
70,74,74,60,60,59,56,53,
406.000000,230.000000,0.094212,50102632.000000,0.286671,0,1
62,75,74,62,61,59,58,56,
501.000000,230.000000,0.098227,40592644.000000,0.541369,0,1
54,68,62,61,60,58,50,51,
599.000000,230.000000,0.101547,73128760.000000,0.913320,0,1
46,54,50,67,63,59,67,52,
623.000000,230.000000,0.103346,28908984.000000,0.558635,0,1
51,52,51,72,68,66,66,55,
632.000000,230.000000,0.103066,29920924.000000,0.576399,0,1
53,54,55,63,69,71,67,57,
647.000000,230.000000,0.103444,39405380.000000,0.612185,0,1
53,54,55,64,65,64,80,58,
82.000000,231.000000,0.079457,33268376.000000,3.983398,0,1
67,70,70,60,59,57,57,56,
88.000000,231.000000,0.080850,17100636.000000,3.901983,0,1
65,69,69,57,58,58,56,57,
543.000000,231.000000,0.099243,93082760.000000,0.685362,0,1
62,74,76,55,55,53,50,49,
546.000000,231.000000,0.099911,162859776.000000,0.701637,0,1
61,76,71,54,52,50,47,49,
559.000000,231.000000,0.100598,92749608.000000,0.753772,0,1
60,80,79,54,55,57,51,51,
565.000000,231.000000,0.100620,77003752.000000,0.775617,0,1
61,78,79,57,59,60,50,50,
569.000000,231.000000,0.101368,96575800.000000,0.797848,0,1
62,84,81,60,61,62,51,50,
586.000000,231.000000,0.101366,219580240.000000,0.861793,0,1
102,93,89,68,70,70,54,51,
600.000000,231.000000,0.102578,22552696.000000,0.806006,0,1
50,63,59,67,61,59,52,49,
631.000000,231.000000,0.103345,26399830.000000,0.576654,0,1
54,63,69,64,67,72,55,52,
577.000000,232.000000,0.101577,78906616.000000,0.831023,0,1
74,60,63,50,50,53,49,51,
591.000000,232.000000,0.101465,87420304.000000,0.883232,0,1
75,69,70,54,54,53,52,51,
592.000000,232.000000,0.101556,106413280.000000,0.888154,0,1
74,70,70,54,53,54,51,51,
601.000000,232.000000,0.101957,13604432.000000,0.966303,0,1
59,61,59,52,51,51,49,49,
621.000000,232.000000,0.103337,22038882.000000,0.555477,0,1
72,61,66,51,53,55,49,49,
657.000000,232.000000,0.105381,32687670.000000,0.650057,0,1
64,77,74,57,59,59,54,52,
636.000000,240.000000,0.114299,4932173.000000,0.669472,0,1
45,43,43,49,49,48,52,52,
457.000000,243.000000,0.109338,4767641.500000,1.146111,0,1
48,46,45,52,50,49,53,52,
309.000000,268.000000,0.129599,4434745.500000,2.131126,0,1
59,58,60,58,56,59,56,54,
348.000000,272.000000,0.132115,4598328.000000,2.291359,0,1
58,56,57,52,53,52,51,51,
359.000000,274.000000,0.135743,5675827.000000,1.779259,0,1
57,56,56,50,53,55,48,50,
152.000000,276.000000,0.132551,4938014.500000,5.016248,0,1
59,58,59,57,56,56,55,55,
472.000000,276.000000,0.139305,909218.937500,1.358217,0,1
57,56,57,54,55,55,53,54,
40.000000,280.000000,0.124403,4608927.000000,7.372033,0,1
48,50,50,52,52,51,52,53,
556.000000,280.000000,0.146596,694007.500000,1.571502,0,1
56,55,55,51,54,55,51,51,
84.000000,284.000000,0.137420,24240470.000000,6.399375,0,1
55,53,56,52,54,54,50,49,
588.000000,284.000000,0.153858,308697.937500,1.240191,0,1
54,53,52,51,52,51,49,48,
108.000000,292.000000,0.150273,14019456.000000,6.033392,0,1
54,54,54,54,53,54,53,53,
471.000000,216.000000,0.082411,306679072.000000,0.348649,0,1
90,94,71,94,76,53,75,52,
472.000000,215.000000,0.081288,330936352.000000,0.344005,0,1
94,90,65,94,71,53,76,55,
578.000000,213.000000,0.080362,71078768.000000,0.606363,0,1
63,81,59,87,86,59,92,93,
480.000000,208.000000,0.072676,236395744.000000,0.310329,0,1
72,73,53,76,54,52,55,54,
161.000000,208.000000,0.055216,305482144.000000,3.876234,0,1
40,48,48,51,51,53,58,60,
696.000000,79.000000,0.014930,1489366784.000000,0.258874,0,1
134,114,116,66,69,66,24,27,
576.000000,207.000000,0.074373,140257920.000000,0.543126,0,1
51,69,51,88,62,51,87,84,
116.000000,207.000000,0.053394,247447776.000000,4.560560,0,1
19,25,25,35,37,37,50,51,
79.000000,207.000000,0.053049,206330176.000000,5.217078,0,1
21,25,26,27,27,27,38,44,
135.000000,206.000000,0.055167,597290240.000000,4.280685,0,1
19,20,21,30,32,32,44,48,
255.000000,191.000000,0.022135,6550022.500000,0.069205,0,1
14,18,19,22,27,33,38,44,
546.000000,89.000000,0.004396,580855168.000000,0.041578,0,1
74,49,74,46,58,77,52,68,
542.000000,90.000000,0.003853,372051136.000000,0.035554,0,1
71,77,54,79,65,49,75,75,
556.000000,95.000000,0.006583,671707712.000000,0.036230,0,1
84,61,94,65,84,104,51,92,
671.000000,175.000000,0.072000,13918329.000000,0.775601,0,1
17,18,18,24,25,25,36,39,
660.000000,97.000000,0.011947,2644852992.000000,0.105121,0,1
93,107,59,109,90,44,103,82,
669.000000,167.000000,0.067188,23735342.000000,0.772263,0,1
41,41,40,37,37,37,29,22,
699.000000,100.000000,0.009264,16302577.000000,0.252046,0,1
25,26,24,21,16,11,10,9,
695.000000,101.000000,0.007665,19215214.000000,0.246139,0,1
25,24,23,19,15,11,10,9,
597.000000,161.000000,0.067686,187993840.000000,0.520771,0,1
35,46,26,46,34,24,41,29,
343.000000,160.000000,0.022153,1115863.250000,0.033386,0,1
81,80,79,72,71,67,61,57,
543.000000,103.000000,0.004413,210020048.000000,0.022383,0,1
165,175,140,174,170,129,158,137,
549.000000,103.000000,0.006908,1467078400.000000,0.036401,0,1
139,80,158,53,114,147,51,83,
306.000000,158.000000,0.040706,1291091.125000,0.069958,0,1
22,18,20,36,42,47,73,79,
546.000000,104.000000,0.006888,1033208320.000000,0.035683,0,1
104,129,53,125,86,51,100,66,
503.000000,108.000000,0.006535,616155776.000000,0.050350,0,1
103,71,87,43,64,94,32,29,
471.000000,109.000000,0.006979,2342079744.000000,0.158105,0,1
56,61,48,81,60,47,75,60,
506.000000,110.000000,0.006083,428573024.000000,0.024699,0,1
119,89,117,30,66,106,26,25,
379.000000,145.000000,0.013266,553744640.000000,0.616084,0,1
56,50,53,28,30,39,21,27,
491.000000,111.000000,0.005463,148005344.000000,0.026554,0,1
74,71,79,49,63,56,45,51,
375.000000,144.000000,0.002612,675665472.000000,0.170810,0,1
55,56,50,55,54,44,46,32,
590.000000,112.000000,0.004881,2021003392.000000,0.065493,0,1
61,40,67,49,49,69,47,45,
543.000000,114.000000,0.005272,108608304.000000,0.032129,0,1
74,62,58,53,52,31,52,52,
512.000000,115.000000,0.006096,275452192.000000,0.025583,0,1
86,58,83,29,70,77,41,42,
453.000000,117.000000,0.001672,7277093888.000000,0.054664,0,1
78,79,53,76,64,34,62,35,
385.000000,138.000000,0.017013,133581288.000000,0.275403,0,1
23,24,31,36,37,47,51,56,
424.000000,131.000000,0.002071,4043699712.000000,0.090300,0,1
41,48,38,54,40,33,39,30,
366.000000,129.000000,0.003730,360894912.000000,0.146003,0,1
56,56,56,39,41,44,44,28,
81.000000,208.000000,0.052825,276968288.000000,5.175631,0,1
25,27,26,38,39,38,44,45,
458.000000,118.000000,0.001535,6130956288.000000,0.047248,0,1
70,42,76,35,54,81,39,51,
396.000000,138.000000,0.000867,2186793728.000000,0.050923,0,1
24,37,25,48,40,40,53,56,
428.000000,198.000000,0.035443,29787220.000000,0.089841,0,1
26,19,38,15,28,43,21,36,
456.000000,184.000000,0.064145,55817776.000000,0.370812,0,1
29,23,43,23,28,41,23,26,
54.000000,91.000000,0.012756,27445700.000000,0.064283,0,1
54,52,52,43,43,40,28,26,
437.000000,96.000000,0.004324,3256115200.000000,0.163670,0,1
75,50,76,50,61,78,56,71,
87.000000,97.000000,0.013224,24887314.000000,0.076987,0,1
25,36,36,50,53,55,57,58,
456.000000,170.000000,0.064075,68769264.000000,0.334772,0,1
37,23,45,23,34,42,23,23,
452.000000,168.000000,0.064212,84792424.000000,0.506388,0,1
31,42,23,46,33,23,43,34,
497.000000,100.000000,0.005926,317271904.000000,0.032206,0,1
58,39,68,31,62,76,48,67,
402.000000,144.000000,0.002609,1338036096.000000,0.137115,0,1
54,50,47,42,25,36,32,25,
260.000000,162.000000,0.027928,51949176.000000,1.256467,0,1
26,31,30,40,39,43,63,74,
472.000000,102.000000,0.007133,192292288.000000,0.052943,0,1
71,76,72,76,64,48,51,53,
483.000000,102.000000,0.006277,505483072.000000,0.072996,0,1
37,30,50,29,44,54,30,44,
271.000000,161.000000,0.018502,2855823.000000,0.043809,0,1
24,35,27,37,39,42,66,76,
344.000000,160.000000,0.026628,6107801.000000,0.783076,0,1
81,80,78,72,70,66,61,58,
295.000000,159.000000,0.021756,16842158.000000,0.611101,0,1
25,24,21,33,41,49,73,79,
