# timestamp
1608635264942122240

# fx, fy, cx, cy, width, height, npoints
501.490997,501.475037,421.771057,167.669037,800,400,401

# camToWorld: translation vector, rotation quaternion
-14.164660,46.976689,4.199137,0.719567,-0.014532,-0.010594,-0.694190

# Exposure time (ms)
4.924885

# Point Cloud Data : 
# u,v,idepth_scaled,idepth_hessian,maxRelBaseline,numGoodRes,status 
# color information 
64.000000,56.000000,0.193286,401009.437500,0.386260,0,1
18,20,17,23,20,17,24,25,
52.000000,61.000000,0.193391,24551356.000000,0.395305,0,1
66,113,81,208,161,110,253,255,
58.000000,63.000000,0.192863,46217208.000000,0.387470,0,1
50,91,56,230,160,72,248,255,
709.000000,64.000000,0.192395,14896113.000000,0.337963,0,1
255,249,227,221,168,128,114,76,
712.000000,64.000000,0.191259,13794241.000000,0.339558,0,1
243,208,170,146,114,93,85,63,
762.000000,124.000000,0.087873,256385680.000000,0.308828,0,1
140,168,119,190,147,113,177,131,
583.000000,127.000000,0.104184,488943616.000000,0.285605,0,1
54,164,44,255,133,32,225,122,
749.000000,131.000000,0.080851,1113029376.000000,0.444879,0,1
148,187,133,220,154,122,218,171,
758.000000,132.000000,0.087531,158026576.000000,0.303963,0,1
150,101,162,131,150,170,203,217,
752.000000,141.000000,0.080680,250216528.000000,0.277219,0,1
96,116,80,157,112,89,186,109,
760.000000,145.000000,0.087662,2132578688.000000,0.684392,0,1
146,144,149,141,108,98,138,107,
756.000000,150.000000,0.087901,114298768.000000,0.162531,0,1
104,93,151,104,124,152,148,177,
769.000000,150.000000,0.083721,948943296.000000,0.768829,0,1
114,127,94,130,109,85,110,99,
770.000000,156.000000,0.082543,52530704.000000,0.158475,0,1
129,157,142,126,99,101,118,98,
645.000000,196.000000,0.114966,17110232.000000,0.272843,0,1
255,255,255,201,255,255,85,51,
752.000000,198.000000,0.090576,150136416.000000,0.695300,0,1
188,174,180,137,158,172,125,123,
746.000000,200.000000,0.088164,320004576.000000,0.671339,0,1
118,129,117,172,142,119,184,194,
758.000000,203.000000,0.090995,63643508.000000,0.709884,0,1
131,121,121,121,123,124,143,172,
767.000000,208.000000,0.092694,155005440.000000,0.737541,0,1
121,148,127,183,170,152,196,199,
712.000000,271.000000,0.178893,967068.812500,0.814828,0,1
14,15,14,30,18,15,41,56,
751.000000,288.000000,0.153038,16825688.000000,1.086353,0,1
55,25,48,16,18,21,15,14,
744.000000,199.000000,0.087312,289868608.000000,0.662581,0,1
129,125,121,163,140,121,176,191,
743.000000,196.000000,0.087188,128570240.000000,0.659201,0,1
185,163,181,128,143,163,121,125,
425.000000,169.000000,0.023518,20482314.000000,0.035443,0,1
245,251,242,192,193,188,128,108,
745.000000,157.000000,0.079655,1126461440.000000,0.433812,0,1
168,140,211,128,176,209,190,210,
184.000000,157.000000,0.016512,2116694016.000000,0.086356,0,1
139,255,85,255,164,65,180,109,
671.000000,45.000000,0.193488,31435734.000000,0.859478,0,1
47,26,27,39,37,37,54,41,
570.000000,48.000000,0.187029,3440562.500000,0.551625,0,1
18,14,14,22,22,22,30,21,
696.000000,49.000000,0.184223,62290668.000000,0.871887,0,1
58,49,51,64,62,63,72,59,
624.000000,57.000000,0.172431,26488162.000000,0.611377,0,1
31,49,47,40,43,45,27,46,
656.000000,57.000000,0.171399,20852282.000000,0.686718,0,1
38,54,52,46,49,49,33,53,
669.000000,57.000000,0.169939,17569976.000000,0.711651,0,1
41,58,56,44,44,47,37,49,
672.000000,57.000000,0.170563,16448668.000000,0.722518,0,1
44,54,52,46,47,48,33,48,
688.000000,69.000000,0.165291,254779584.000000,0.724572,0,1
255,214,219,96,144,132,67,49,
598.000000,82.000000,0.119931,10189298.000000,0.593010,0,1
29,31,30,27,25,22,13,11,
607.000000,87.000000,0.124739,85537320.000000,0.646492,0,1
27,24,23,32,26,16,40,15,
607.000000,88.000000,0.124946,82817600.000000,0.646940,0,1
24,35,19,45,22,13,17,12,
718.000000,88.000000,0.036805,201218688.000000,0.241166,0,1
49,63,69,72,83,94,85,94,
736.000000,104.000000,0.083225,24539444.000000,0.273855,0,1
119,151,193,197,231,248,247,255,
607.000000,108.000000,0.105900,524323456.000000,0.510615,0,1
24,38,46,43,57,88,55,29,
610.000000,114.000000,0.105554,1593582208.000000,0.337519,0,1
131,60,206,30,136,241,65,134,
600.000000,118.000000,0.104424,56014852.000000,0.498551,0,1
39,35,40,37,42,43,53,58,
590.000000,119.000000,0.106512,401688480.000000,0.472131,0,1
28,18,36,16,33,43,19,38,
607.000000,123.000000,0.106166,894471104.000000,0.505603,0,1
26,25,30,30,33,68,45,29,
394.000000,126.000000,0.106169,1089498.750000,0.396637,0,1
12,12,12,14,14,13,16,21,
513.000000,126.000000,0.099321,6914841.500000,0.162436,0,1
28,40,40,110,101,91,216,255,
702.000000,126.000000,0.075902,92486832.000000,0.366104,0,1
233,231,225,159,175,187,119,123,
495.000000,127.000000,0.056414,95833344.000000,0.104990,0,1
20,21,54,24,37,195,23,44,
592.000000,127.000000,0.105359,171025872.000000,0.469790,0,1
38,47,30,41,36,33,53,49,
583.000000,128.000000,0.104094,740582208.000000,0.285746,0,1
96,227,53,254,130,32,213,123,
600.000000,129.000000,0.102846,157007952.000000,0.487026,0,1
34,45,44,58,56,49,69,76,
595.000000,132.000000,0.104975,134927936.000000,0.476004,0,1
59,60,72,63,73,84,72,86,
495.000000,133.000000,0.057377,174123440.000000,0.081296,0,1
47,25,191,29,45,254,24,39,
486.000000,135.000000,0.058658,24124438.000000,0.098931,0,1
30,25,34,17,31,33,21,21,
584.000000,135.000000,0.102941,3531014144.000000,0.426232,0,1
55,128,33,225,58,28,142,66,
495.000000,136.000000,0.057994,356452448.000000,0.112088,0,1
41,25,120,21,31,95,18,20,
542.000000,136.000000,0.041155,18779468.000000,0.095433,0,1
184,227,206,255,244,230,255,255,
610.000000,136.000000,0.105114,852236352.000000,0.331820,0,1
123,49,207,30,138,254,48,122,
502.000000,137.000000,0.060042,28024236.000000,0.091242,0,1
248,189,255,83,211,255,38,29,
460.000000,138.000000,0.044041,5409929.000000,0.068292,0,1
15,17,25,10,20,30,10,12,
603.000000,138.000000,0.103332,1429469696.000000,0.494648,0,1
59,75,43,87,60,32,76,61,
487.000000,139.000000,0.059502,19386002.000000,0.100221,0,1
18,25,26,22,33,37,37,48,
574.000000,142.000000,0.050013,33594368.000000,0.104587,0,1
244,223,229,165,189,212,147,152,
584.000000,142.000000,0.102808,3721710848.000000,0.424465,0,1
74,165,38,251,73,27,147,62,
377.000000,143.000000,0.034346,9120458.000000,0.109404,0,1
25,27,27,31,30,31,43,214,
466.000000,143.000000,0.026334,1796891.875000,0.040625,0,1
17,14,15,14,17,18,23,29,
712.000000,143.000000,0.077941,149899856.000000,0.534627,0,1
74,90,79,154,121,98,110,86,
492.000000,144.000000,0.056437,44628044.000000,0.103112,0,1
36,39,24,42,30,16,34,25,
561.000000,144.000000,0.083788,180450240.000000,0.127015,0,1
174,255,121,255,188,179,255,184,
603.000000,144.000000,0.103179,1367038336.000000,0.493239,0,1
61,75,46,84,59,34,72,58,
731.000000,148.000000,0.082297,74369984.000000,0.429327,0,1
104,147,128,95,119,146,90,94,
249.000000,149.000000,0.019105,85701568.000000,0.037053,0,1
17,36,51,118,166,159,200,251,
618.000000,149.000000,0.107492,973301248.000000,0.308657,0,1
152,210,99,235,139,123,221,120,
102.000000,151.000000,0.026979,177089648.000000,0.190712,0,1
8,9,8,24,23,7,118,95,
454.000000,151.000000,0.037184,16927790.000000,0.024634,0,1
51,18,63,14,38,71,16,18,
584.000000,151.000000,0.101435,1810057856.000000,0.390521,0,1
59,147,35,247,72,27,167,83,
104.000000,152.000000,0.026829,2353094144.000000,0.380193,0,1
7,14,7,88,8,6,40,6,
283.000000,152.000000,0.019005,103378920.000000,0.031360,0,1
210,158,195,123,191,248,106,155,
455.000000,152.000000,0.032668,20015230.000000,0.018020,0,1
63,38,71,16,51,120,18,25,
561.000000,152.000000,0.084181,367262880.000000,0.206640,0,1
170,255,140,255,177,216,254,177,
102.000000,153.000000,0.027091,804776384.000000,0.191188,0,1
23,118,44,76,95,8,17,6,
592.000000,153.000000,0.105711,1683577344.000000,0.465285,0,1
100,86,103,46,100,101,86,99,
602.000000,153.000000,0.102885,1036624576.000000,0.489542,0,1
69,79,57,86,68,45,78,68,
64.000000,156.000000,0.024396,97136896.000000,0.195066,0,1
9,12,11,13,9,8,10,10,
583.000000,156.000000,0.102558,792564288.000000,0.280622,0,1
181,255,91,255,190,41,246,186,
584.000000,156.000000,0.102150,1660059008.000000,0.281344,0,1
87,186,41,255,94,29,180,93,
55.000000,157.000000,0.024717,1427514880.000000,0.164970,0,1
22,47,91,52,155,196,130,169,
484.000000,159.000000,0.053062,67121680.000000,0.087207,0,1
22,35,20,42,22,21,40,22,
169.000000,160.000000,0.017678,604065600.000000,0.099184,0,1
122,176,86,176,124,83,163,169,
183.000000,160.000000,0.016967,1257544832.000000,0.072321,0,1
180,208,109,132,170,56,85,14,
207.000000,160.000000,0.040150,2985492480.000000,0.345185,0,1
130,53,160,18,62,77,18,15,
454.000000,160.000000,0.040470,43483484.000000,0.047222,0,1
16,15,39,14,29,53,15,41,
542.000000,160.000000,0.080924,7629385.000000,0.276319,0,1
33,24,28,21,23,25,20,20,
583.000000,161.000000,0.102462,733267520.000000,0.280977,0,1
199,255,103,255,191,42,255,188,
245.000000,162.000000,0.031046,916819200.000000,0.114695,0,1
72,45,106,25,144,181,57,102,
259.000000,162.000000,0.016617,172443984.000000,0.058946,0,1
159,79,151,67,108,235,59,80,
348.000000,163.000000,0.018176,155514528.000000,0.029277,0,1
192,100,230,77,102,255,77,93,
483.000000,163.000000,0.054242,49421896.000000,0.088902,0,1
32,33,22,41,39,18,41,40,
559.000000,163.000000,0.084388,52354832.000000,0.205632,0,1
255,174,227,46,109,118,37,33,
560.000000,163.000000,0.084076,79472624.000000,0.206147,0,1
254,217,183,71,124,188,42,36,
153.000000,164.000000,0.021474,1733521024.000000,0.104268,0,1
112,73,205,49,115,145,58,63,
285.000000,164.000000,0.019977,77301176.000000,0.060870,0,1
75,110,97,138,188,192,241,176,
592.000000,165.000000,0.105734,1822765824.000000,0.469460,0,1
98,80,101,38,98,101,80,98,
602.000000,165.000000,0.102440,863084096.000000,0.491944,0,1
67,78,56,85,67,47,76,67,
234.000000,166.000000,0.022305,66106256.000000,0.090197,0,1
50,83,46,104,106,64,182,179,
330.000000,167.000000,0.018911,955315200.000000,0.075573,0,1
142,68,179,56,129,137,54,98,
471.000000,167.000000,0.020972,10323146.000000,0.034759,0,1
53,45,60,28,36,47,28,28,
477.000000,167.000000,0.023726,45400176.000000,0.036463,0,1
58,74,43,66,54,57,43,36,
570.000000,167.000000,0.087079,56753524.000000,0.227582,0,1
255,249,255,92,195,255,54,39,
611.000000,167.000000,0.105106,1107602688.000000,0.334527,0,1
183,83,253,36,176,254,76,165,
170.000000,168.000000,0.035262,162361920.000000,0.682899,0,1
45,32,21,22,16,9,12,6,
192.000000,168.000000,0.037161,21273080.000000,0.158735,0,1
69,32,26,10,12,8,7,6,
221.000000,168.000000,0.035822,977266368.000000,0.132861,0,1
99,50,183,17,77,160,19,31,
300.000000,168.000000,0.019402,406258496.000000,0.051094,0,1
136,90,247,77,172,255,87,124,
330.000000,168.000000,0.018807,274811296.000000,0.037637,0,1
133,61,189,46,115,136,54,114,
367.000000,168.000000,0.017807,43614756.000000,0.023415,0,1
169,105,233,95,113,195,130,163,
368.000000,168.000000,0.014619,16277438.000000,0.011160,0,1
239,158,255,92,172,140,121,181,
377.000000,168.000000,0.019943,27803920.000000,0.021570,0,1
180,98,146,77,80,71,136,128,
384.000000,168.000000,0.022330,9626682.000000,0.014132,0,1
209,156,124,73,75,109,77,135,
413.000000,168.000000,0.018867,32787896.000000,0.048425,0,1
139,74,158,76,107,145,107,111,
454.000000,168.000000,0.037440,13818513.000000,0.058257,0,1
18,16,27,16,22,34,15,18,
616.000000,168.000000,0.105787,253891488.000000,0.215754,0,1
229,252,117,253,206,119,223,176,
393.000000,169.000000,0.016801,9312344.000000,0.008733,0,1
107,120,73,149,115,103,144,105,
404.000000,169.000000,0.021391,37253908.000000,0.104423,0,1
64,65,72,91,98,99,119,96,
445.000000,169.000000,0.034188,41677736.000000,0.028391,0,1
64,187,37,170,105,19,119,66,
463.000000,169.000000,0.021355,11595382.000000,0.032658,0,1
29,38,25,44,48,18,31,18,
316.000000,170.000000,0.018517,176156752.000000,0.083836,0,1
66,85,76,116,97,99,150,142,
336.000000,170.000000,0.018608,23999080.000000,0.037060,0,1
80,87,88,126,132,126,178,139,
470.000000,170.000000,0.021412,7804381.000000,0.036539,0,1
28,21,28,24,32,35,38,31,
575.000000,170.000000,0.089024,45503672.000000,0.240444,0,1
255,161,254,43,82,210,35,31,
603.000000,170.000000,0.102304,845513920.000000,0.497266,0,1
57,67,47,77,56,38,68,57,
615.000000,170.000000,0.105856,148965024.000000,0.214550,0,1
247,236,173,255,250,110,255,251,
272.000000,173.000000,0.024310,667593472.000000,0.078009,0,1
75,56,119,22,101,105,38,52,
476.000000,173.000000,0.047140,17884212.000000,0.071042,0,1
49,49,65,16,41,51,18,35,
484.000000,173.000000,0.055926,42519816.000000,0.098798,0,1
19,33,17,53,24,14,42,20,
515.000000,173.000000,0.041114,7152182.000000,0.114605,0,1
9,13,10,20,19,11,27,29,
61.000000,174.000000,0.023113,716055488.000000,0.151528,0,1
22,26,23,31,38,14,60,56,
143.000000,174.000000,0.040910,54652540.000000,0.249816,0,1
24,24,23,22,18,11,14,10,
498.000000,175.000000,0.058606,22051018.000000,0.127922,0,1
12,13,19,10,19,26,14,27,
504.000000,175.000000,0.034277,24781314.000000,0.068074,0,1
18,21,23,23,23,21,43,58,
592.000000,175.000000,0.105680,1769712640.000000,0.475858,0,1
94,75,94,31,89,94,72,89,
144.000000,176.000000,0.038269,18325686.000000,0.235624,0,1
14,11,8,11,9,5,9,5,
311.000000,176.000000,0.020285,24685420.000000,0.092117,0,1
95,95,79,105,87,83,89,71,
349.000000,176.000000,0.022631,63464736.000000,0.146272,0,1
88,82,100,85,104,115,83,74,
393.000000,176.000000,0.021887,11044227.000000,0.037473,0,1
73,92,75,91,78,77,80,73,
402.000000,176.000000,0.027388,8866448.000000,0.038787,0,1
87,96,92,90,87,80,72,68,
414.000000,176.000000,0.025054,72369992.000000,0.106942,0,1
81,86,86,76,83,82,68,68,
463.000000,176.000000,0.038171,14978758.000000,0.059535,0,1
38,25,33,18,25,28,17,17,
471.000000,176.000000,0.048007,28751176.000000,0.072890,0,1
37,44,30,35,38,18,32,29,
480.000000,176.000000,0.049203,25673370.000000,0.085641,0,1
42,25,28,49,38,28,57,52,
339.000000,177.000000,0.019679,25683130.000000,0.035579,0,1
89,112,85,104,91,85,88,81,
429.000000,177.000000,0.027861,26123412.000000,0.052855,0,1
103,96,89,83,68,59,65,69,
509.000000,177.000000,0.020309,64563696.000000,0.056821,0,1
30,38,29,44,60,54,55,53,
135.000000,178.000000,0.024327,118564104.000000,0.308011,0,1
20,18,21,15,24,30,24,29,
245.000000,178.000000,0.031080,3909785088.000000,0.602772,0,1
42,21,58,13,39,66,19,27,
263.000000,178.000000,0.021408,51496552.000000,0.273083,0,1
62,65,55,64,57,43,49,37,
264.000000,178.000000,0.022994,231922960.000000,0.418365,0,1
58,61,47,61,51,35,46,36,
284.000000,178.000000,0.025615,127764376.000000,0.409102,0,1
78,74,80,57,67,67,47,38,
303.000000,178.000000,0.023298,67721880.000000,0.060891,0,1
120,87,110,64,79,86,53,45,
319.000000,178.000000,0.027917,32178238.000000,0.124496,0,1
97,92,98,80,83,93,60,66,
320.000000,178.000000,0.026097,16867830.000000,0.059153,0,1
102,94,102,81,86,93,60,66,
602.000000,178.000000,0.102068,643374400.000000,0.498970,0,1
64,72,55,79,64,48,71,63,
139.000000,179.000000,0.036708,553504704.000000,0.437876,0,1
20,30,17,35,27,10,25,13,
273.000000,179.000000,0.028166,644694720.000000,0.472330,0,1
53,47,48,33,41,39,32,30,
516.000000,179.000000,0.037757,100067792.000000,0.085282,0,1
23,57,21,62,41,18,37,19,
551.000000,179.000000,0.141694,1696954.500000,0.530843,0,1
12,12,12,20,14,13,22,16,
40.000000,180.000000,0.026676,24434340.000000,0.118067,0,1
56,57,42,35,33,25,18,13,
248.000000,180.000000,0.031101,646057664.000000,0.594071,0,1
66,64,64,37,44,44,24,28,
391.000000,180.000000,0.031753,85145552.000000,0.183093,0,1
78,68,67,60,59,56,46,39,
591.000000,180.000000,0.105872,1706497536.000000,0.464138,0,1
70,28,85,19,67,90,25,63,
382.000000,181.000000,0.036645,34022160.000000,0.234792,0,1
75,70,65,67,62,57,54,47,
114.000000,182.000000,0.065683,219950816.000000,0.782596,0,1
7,9,8,14,13,8,14,13,
215.000000,182.000000,0.034466,47864572.000000,0.535460,0,1
6,7,7,7,13,20,15,27,
365.000000,182.000000,0.031492,17070310.000000,0.082820,0,1
89,89,87,72,74,70,56,48,
368.000000,182.000000,0.036850,103175760.000000,0.268253,0,1
73,82,72,72,67,59,55,46,
567.000000,182.000000,0.132535,1036584.625000,0.540476,0,1
13,14,14,24,17,16,29,18,
592.000000,182.000000,0.105759,1755401856.000000,0.482282,0,1
85,64,90,25,83,89,62,80,
64.000000,183.000000,0.024069,266240768.000000,0.193307,0,1
15,29,22,40,27,18,27,20,
352.000000,183.000000,0.031846,74745784.000000,0.187798,0,1
96,93,95,65,68,65,49,42,
37.000000,184.000000,0.026276,153099264.000000,0.185031,0,1
15,20,15,43,33,19,55,46,
64.000000,184.000000,0.024240,191646144.000000,0.194664,0,1
27,36,22,32,22,18,23,18,
311.000000,184.000000,0.031928,56316960.000000,0.270664,0,1
61,62,79,53,62,75,49,43,
321.000000,184.000000,0.038481,21289140.000000,0.086172,0,1
83,84,87,73,79,68,58,49,
329.000000,184.000000,0.036573,14254532.000000,0.074660,0,1
86,93,85,74,76,69,58,41,
350.000000,184.000000,0.027875,258650368.000000,0.254287,0,1
87,64,67,47,48,50,43,41,
353.000000,184.000000,0.033195,122305688.000000,0.286277,0,1
95,68,65,49,49,49,42,41,
360.000000,184.000000,0.035923,47954616.000000,0.284403,0,1
76,63,63,53,54,54,44,41,
423.000000,184.000000,0.034640,19128610.000000,0.125423,0,1
51,42,50,34,39,46,35,33,
427.000000,184.000000,0.034425,17504282.000000,0.141278,0,1
64,60,49,46,44,41,42,37,
446.000000,184.000000,0.036990,47510056.000000,0.092032,0,1
21,37,17,25,19,13,15,13,
567.000000,184.000000,0.111694,3817383.250000,0.433993,0,1
17,29,31,18,18,21,18,18,
576.000000,184.000000,0.083952,19086566.000000,0.374350,0,1
14,16,14,30,24,19,23,18,
55.000000,185.000000,0.026085,284626112.000000,0.217184,0,1
42,30,43,25,31,31,24,21,
245.000000,185.000000,0.031038,398092288.000000,0.604197,0,1
17,14,27,14,22,32,17,20,
317.000000,185.000000,0.033693,28347852.000000,0.155293,0,1
79,85,82,65,59,56,47,53,
336.000000,185.000000,0.037851,228947264.000000,0.369794,0,1
71,69,64,52,48,48,40,37,
591.000000,185.000000,0.105907,2001981568.000000,0.482625,0,1
62,24,80,18,59,87,24,57,
685.000000,185.000000,0.076798,13898688.000000,0.353416,0,1
229,249,238,255,246,231,253,254,
604.000000,186.000000,0.101819,454195328.000000,0.511207,0,1
45,52,36,58,44,31,51,44,
613.000000,186.000000,0.104372,52911480.000000,0.212958,0,1
255,236,255,79,190,146,64,51,
213.000000,187.000000,0.034599,109510536.000000,0.550931,0,1
27,22,27,8,14,23,9,9,
218.000000,188.000000,0.036750,74704504.000000,0.811083,0,1
30,26,28,19,22,23,14,12,
503.000000,188.000000,0.033809,18590492.000000,0.060504,0,1
69,72,85,55,70,83,54,55,
546.000000,188.000000,0.083370,7965702.000000,0.304623,0,1
17,24,26,12,15,20,11,15,
592.000000,188.000000,0.105811,1697198336.000000,0.488765,0,1
79,57,85,24,77,86,55,75,
618.000000,188.000000,0.107058,296635008.000000,0.356826,0,1
242,160,251,49,140,235,36,35,
375.000000,190.000000,0.040154,22588432.000000,0.270277,0,1
36,39,41,40,38,34,28,26,
624.000000,190.000000,0.106621,31005148.000000,0.366596,0,1
255,235,252,66,160,236,42,37,
383.000000,191.000000,0.042459,66776492.000000,0.260728,0,1
41,42,42,38,37,31,32,27,
384.000000,191.000000,0.043642,57956772.000000,0.264057,0,1
38,46,29,39,36,26,28,26,
632.000000,191.000000,0.108693,19286848.000000,0.242116,0,1
255,255,255,247,255,255,216,98,
738.000000,191.000000,0.087117,91739520.000000,0.649143,0,1
211,197,208,174,190,200,164,162,
168.000000,192.000000,0.034288,8651710.000000,0.655864,0,1
11,7,9,7,8,9,9,9,
224.000000,192.000000,0.034614,81161920.000000,0.744453,0,1
17,14,17,12,15,17,12,13,
280.000000,192.000000,0.021568,59776084.000000,0.360466,0,1
17,16,19,16,17,26,15,15,
311.000000,192.000000,0.040936,50009944.000000,0.483936,0,1
39,44,46,33,34,32,24,19,
314.000000,192.000000,0.039552,20509802.000000,0.462355,0,1
45,43,40,34,32,31,24,20,
322.000000,192.000000,0.040248,12301435.000000,0.460360,0,1
37,35,34,28,28,24,20,18,
343.000000,192.000000,0.040179,207660832.000000,0.367128,0,1
31,25,37,19,29,38,21,23,
347.000000,192.000000,0.047591,19307036.000000,0.154728,0,1
30,33,26,38,32,20,32,20,
428.000000,192.000000,0.019829,6487361.000000,0.089825,0,1
27,25,24,27,23,22,24,19,
498.000000,192.000000,0.056683,23318806.000000,0.141577,0,1
24,17,31,14,24,31,16,22,
508.000000,192.000000,0.045686,6794664.000000,0.101890,0,1
88,78,83,49,67,74,47,48,
591.000000,192.000000,0.105980,1847449088.000000,0.490937,0,1
53,22,73,16,50,80,22,49,
623.000000,192.000000,0.109695,41593784.000000,0.575627,0,1
108,40,47,34,35,39,31,26,
630.000000,192.000000,0.110423,34759616.000000,0.387969,0,1
255,239,253,65,162,239,42,36,
728.000000,192.000000,0.085026,212108224.000000,0.620285,0,1
183,154,174,134,150,173,138,128,
471.000000,193.000000,0.044747,21331438.000000,0.106721,0,1
12,12,12,13,20,12,26,23,
528.000000,194.000000,0.036455,8786768.000000,0.144027,0,1
19,28,20,38,29,21,38,39,
639.000000,195.000000,0.111550,19526248.000000,0.259247,0,1
255,250,254,57,150,243,39,35,
475.000000,196.000000,0.049856,28139996.000000,0.106077,0,1
15,12,36,10,33,41,8,9,
521.000000,196.000000,0.039839,27360748.000000,0.143651,0,1
57,59,56,51,55,54,50,50,
582.000000,197.000000,0.101078,34176988.000000,0.456735,0,1
26,32,31,16,20,18,15,15,
594.000000,198.000000,0.103743,387660992.000000,0.501176,0,1
81,75,73,64,55,53,53,30,
648.000000,198.000000,0.119634,28556464.000000,0.449131,0,1
255,241,255,63,135,233,43,38,
605.000000,199.000000,0.101617,229099008.000000,0.527742,0,1
34,39,27,44,33,23,42,44,
656.000000,199.000000,0.118103,21687568.000000,0.289865,0,1
255,255,255,251,255,255,178,98,
591.000000,200.000000,0.105876,765759872.000000,0.501333,0,1
44,21,57,16,40,41,21,38,
600.000000,200.000000,0.102918,150228768.000000,0.518800,0,1
60,63,56,50,54,51,29,28,
652.000000,200.000000,0.122052,72825280.000000,0.467882,0,1
255,129,232,44,72,133,38,35,
731.000000,200.000000,0.087813,16005152.000000,0.458933,0,1
207,221,214,235,228,220,239,243,
517.000000,201.000000,0.068181,120802024.000000,0.216453,0,1
50,29,56,15,44,53,23,33,
534.000000,201.000000,0.054716,17682756.000000,0.214210,0,1
30,33,29,39,35,30,40,42,
657.000000,201.000000,0.120392,34576672.000000,0.470066,0,1
255,223,255,74,131,219,45,39,
664.000000,203.000000,0.123555,35342064.000000,0.493718,0,1
255,245,255,105,171,239,53,41,
498.000000,204.000000,0.056527,33285106.000000,0.176920,0,1
11,8,15,7,13,19,8,12,
596.000000,204.000000,0.104843,405693632.000000,0.518702,0,1
22,25,36,27,43,52,43,58,
480.000000,206.000000,0.061977,14665582.000000,0.172772,0,1
11,14,14,18,17,16,19,21,
507.000000,206.000000,0.059728,19970094.000000,0.144126,0,1
13,15,13,31,25,16,46,56,
524.000000,207.000000,0.053157,3680688.000000,0.187160,0,1
48,43,51,21,33,45,16,23,
675.000000,207.000000,0.128306,31727592.000000,0.529212,0,1
255,205,247,64,137,209,44,40,
680.000000,207.000000,0.127974,18989350.000000,0.341939,0,1
255,255,255,228,254,255,170,70,
511.000000,208.000000,0.063660,26002700.000000,0.161015,0,1
12,27,13,51,37,14,47,31,
527.000000,208.000000,0.058521,5605820.000000,0.195911,0,1
47,45,48,21,34,42,16,17,
591.000000,208.000000,0.106156,419595648.000000,0.514621,0,1
34,20,44,15,31,42,19,28,
639.000000,208.000000,0.116242,21572904.000000,0.592037,0,1
64,53,79,24,31,41,21,21,
679.000000,208.000000,0.128480,21691592.000000,0.348037,0,1
255,228,254,88,170,231,46,41,
685.000000,210.000000,0.132344,17507552.000000,0.363333,0,1
255,241,253,68,164,247,45,42,
555.000000,213.000000,0.048021,5276500.000000,0.199575,0,1
28,40,31,52,42,33,51,44,
592.000000,213.000000,0.105844,552556736.000000,0.524531,0,1
41,26,47,17,41,55,26,38,
490.000000,214.000000,0.069193,33944264.000000,0.216866,0,1
19,23,21,28,26,22,31,31,
543.000000,214.000000,0.080729,88248216.000000,0.288759,0,1
45,47,46,17,33,27,13,15,
545.000000,214.000000,0.080785,161629568.000000,0.333958,0,1
22,46,16,33,27,14,17,11,
560.000000,214.000000,0.046014,15013704.000000,0.198543,0,1
14,24,16,36,27,18,39,40,
698.000000,214.000000,0.136766,24844534.000000,0.386772,0,1
255,247,255,111,175,240,60,70,
704.000000,215.000000,0.139818,25386132.000000,0.401915,0,1
255,255,255,208,249,255,146,90,
519.000000,216.000000,0.070271,24991604.000000,0.260503,0,1
39,30,32,18,23,31,20,19,
591.000000,216.000000,0.106424,328049856.000000,0.529947,0,1
26,17,38,15,25,39,17,24,
679.000000,216.000000,0.123019,21014736.000000,0.523098,0,1
58,27,34,23,23,23,22,22,
687.000000,216.000000,0.141620,34851704.000000,0.587192,0,1
175,76,127,29,40,71,23,21,
522.000000,217.000000,0.070602,25876148.000000,0.270804,0,1
40,31,37,19,25,30,18,18,
599.000000,217.000000,0.098173,81683144.000000,0.525860,0,1
39,38,38,26,35,36,21,21,
538.000000,218.000000,0.052284,19882630.000000,0.255944,0,1
9,14,10,23,19,12,24,19,
713.000000,219.000000,0.141779,29886104.000000,0.419603,0,1
255,246,255,127,187,253,121,49,
561.000000,221.000000,0.077288,8501231.000000,0.288174,0,1
50,34,48,15,21,36,13,11,
568.000000,223.000000,0.070080,15551311.000000,0.307652,0,1
36,42,39,19,29,38,14,12,
527.000000,224.000000,0.081865,36980948.000000,0.324694,0,1
18,23,19,30,27,23,34,37,
570.000000,224.000000,0.070559,20773342.000000,0.315483,0,1
33,36,36,16,24,32,13,11,
591.000000,225.000000,0.107938,101094672.000000,0.553690,0,1
23,15,28,15,22,23,15,21,
577.000000,227.000000,0.060906,21766840.000000,0.352597,0,1
22,23,23,14,17,20,12,10,
687.000000,227.000000,0.145215,109412032.000000,0.957051,0,1
31,24,35,21,31,36,24,30,
538.000000,228.000000,0.085893,44691968.000000,0.366663,0,1
15,22,19,30,27,22,33,37,
693.000000,228.000000,0.138134,72140312.000000,0.945319,0,1
36,39,30,37,34,25,37,32,
490.000000,230.000000,0.084735,39271240.000000,0.304860,0,1
49,49,52,52,54,55,56,60,
511.000000,231.000000,0.085614,30588882.000000,0.329812,0,1
53,57,56,64,61,61,67,66,
513.000000,231.000000,0.086277,36420244.000000,0.334137,0,1
50,56,54,61,61,60,66,66,
444.000000,232.000000,0.083001,3002546.750000,0.331904,0,1
33,32,32,29,31,33,28,29,
661.000000,232.000000,0.132309,31676536.000000,0.894329,0,1
16,17,16,32,20,17,68,53,
595.000000,233.000000,0.092374,18783222.000000,0.523226,0,1
29,25,25,23,20,21,21,15,
546.000000,238.000000,0.094369,17575960.000000,0.432979,0,1
45,51,41,57,48,41,57,59,
601.000000,240.000000,0.099924,35024044.000000,0.578208,0,1
16,23,20,13,17,15,10,9,
687.000000,240.000000,0.144861,133485136.000000,0.844220,0,1
29,24,35,18,35,50,20,16,
550.000000,241.000000,0.098984,29353302.000000,0.462657,0,1
40,45,42,57,49,44,60,58,
595.000000,241.000000,0.099271,29626274.000000,0.563772,0,1
19,20,20,13,11,11,10,8,
568.000000,243.000000,0.102690,42674380.000000,0.518709,0,1
14,22,17,32,28,22,39,40,
540.000000,245.000000,0.101939,29220498.000000,0.476484,0,1
72,69,67,65,62,62,60,58,
503.000000,247.000000,0.105919,18484876.000000,0.426985,0,1
68,66,68,63,65,66,56,55,
511.000000,247.000000,0.104897,33126420.000000,0.432813,0,1
74,74,75,69,66,67,61,61,
515.000000,247.000000,0.104819,37031152.000000,0.437522,0,1
74,76,75,67,67,66,63,62,
478.000000,248.000000,0.105396,10856113.000000,0.420338,0,1
49,48,50,44,47,47,41,41,
485.000000,248.000000,0.105483,14180900.000000,0.419946,0,1
53,51,55,46,48,50,42,45,
490.000000,248.000000,0.105438,20989104.000000,0.421282,0,1
59,57,59,50,52,54,45,48,
496.000000,248.000000,0.105344,26490660.000000,0.424202,0,1
63,60,59,55,53,54,50,52,
505.000000,248.000000,0.105409,29043172.000000,0.432063,0,1
70,66,68,58,60,61,56,59,
542.000000,248.000000,0.106743,30247288.000000,0.489538,0,1
59,59,58,65,65,62,69,70,
547.000000,249.000000,0.108462,30762946.000000,0.507082,0,1
57,60,58,68,64,62,70,71,
554.000000,249.000000,0.109051,49288032.000000,0.523036,0,1
51,55,55,62,60,62,66,69,
565.000000,250.000000,0.108789,77523080.000000,0.548396,0,1
50,52,49,69,64,58,65,66,
569.000000,250.000000,0.109228,98488344.000000,0.558510,0,1
46,49,46,58,56,51,64,64,
582.000000,250.000000,0.110448,90077208.000000,0.591857,0,1
17,24,19,36,29,24,40,44,
586.000000,251.000000,0.110444,108106168.000000,0.603641,0,1
16,22,19,36,29,22,43,43,
595.000000,254.000000,0.114292,188455168.000000,0.644931,0,1
18,23,20,32,27,25,40,44,
600.000000,255.000000,0.115519,230893600.000000,0.663404,0,1
17,22,20,35,30,25,40,47,
444.000000,256.000000,0.106162,1184241.250000,0.490511,0,1
24,23,24,21,22,23,21,21,
472.000000,256.000000,0.109890,6572160.500000,0.466313,0,1
37,34,36,31,31,33,30,31,
492.000000,256.000000,0.111951,7622432.000000,0.471214,0,1
49,47,46,44,45,46,42,43,
589.000000,256.000000,0.114859,165821264.000000,0.637714,0,1
40,51,46,60,57,54,60,63,
593.000000,256.000000,0.114652,253106128.000000,0.646358,0,1
32,42,40,54,50,44,62,64,
607.000000,257.000000,0.116777,198294528.000000,0.689256,0,1
19,27,22,44,36,27,53,55,
680.000000,261.000000,0.140032,25303150.000000,0.831794,0,1
16,19,16,47,35,20,38,24,
620.000000,263.000000,0.123518,55512592.000000,0.758485,0,1
29,41,32,53,41,32,54,50,
687.000000,265.000000,0.143257,27819316.000000,0.638332,0,1
21,18,25,13,21,38,13,12,
615.000000,268.000000,0.128049,25027244.000000,0.774297,0,1
68,75,69,82,78,72,83,88,
695.000000,268.000000,0.135715,13346025.000000,0.856731,0,1
28,34,37,16,27,43,14,13,
640.000000,270.000000,0.143027,1397418.500000,0.972380,0,1
16,18,17,20,19,18,23,24,
635.000000,271.000000,0.134579,29547886.000000,0.881356,0,1
20,24,21,30,27,25,35,37,
524.000000,276.000000,0.135094,33634968.000000,0.655312,0,1
61,60,61,56,58,61,54,53,
533.000000,279.000000,0.132222,3435327.750000,0.369616,0,1
71,73,75,64,72,77,62,61,
556.000000,281.000000,0.126288,10479212.000000,0.618186,0,1
78,79,79,82,86,82,88,91,
535.000000,282.000000,0.139692,3025398.000000,0.699518,0,1
73,64,72,59,65,70,60,62,
567.000000,283.000000,0.133758,8986335.000000,0.599991,0,1
79,83,80,90,86,84,93,97,
569.000000,285.000000,0.141192,5915850.000000,0.450996,0,1
84,94,87,97,99,89,101,98,
544.000000,286.000000,0.138928,3705719.000000,0.410771,0,1
83,82,86,74,80,86,71,74,
663.000000,287.000000,0.149083,338838848.000000,1.013562,0,1
39,55,46,73,68,63,82,88,
665.000000,287.000000,0.149288,372704992.000000,1.019278,0,1
36,46,42,68,63,59,79,85,
575.000000,288.000000,0.143283,1816352.250000,0.494420,0,1
89,93,88,98,97,92,96,92,
663.000000,288.000000,0.148802,310474816.000000,1.014897,0,1
49,70,66,84,80,78,89,92,
665.000000,288.000000,0.148957,344512416.000000,1.020404,0,1
43,66,61,80,78,73,86,90,
539.000000,292.000000,0.151573,7058089.500000,0.771647,0,1
56,59,55,63,61,54,64,65,
594.000000,292.000000,0.130250,10466856.000000,0.832306,0,1
79,76,77,70,71,71,66,69,
608.000000,292.000000,0.150947,20504080.000000,0.900879,0,1
89,81,86,79,80,83,77,78,
652.000000,293.000000,0.155257,22204132.000000,1.023368,0,1
92,89,89,97,95,94,103,104,
686.000000,294.000000,0.157173,48103784.000000,1.070853,0,1
34,47,39,79,67,53,85,86,
688.000000,294.000000,0.157628,53361836.000000,1.077952,0,1
29,39,33,67,53,44,78,83,
557.000000,295.000000,0.154068,4049854.250000,0.479991,0,1
90,85,86,74,79,79,71,69,
565.000000,296.000000,0.162332,7646367.500000,0.707589,0,1
86,90,88,83,77,87,75,74,
679.000000,296.000000,0.156832,92991848.000000,1.103062,0,1
88,92,92,95,94,94,104,101,
680.000000,296.000000,0.156390,65715808.000000,1.103864,0,1
88,92,91,95,94,93,107,102,
741.000000,200.000000,0.086953,198802000.000000,0.656080,0,1
128,174,163,200,188,176,204,206,
727.000000,192.000000,0.084988,255421024.000000,0.618356,0,1
178,143,165,132,140,162,138,131,
382.000000,192.000000,0.040555,58099076.000000,0.254763,0,1
42,38,37,26,32,27,27,28,
220.000000,192.000000,0.034681,14248891.000000,0.762744,0,1
13,12,12,11,11,12,11,11,
735.000000,189.000000,0.085461,21591378.000000,0.633907,0,1
227,222,219,205,210,208,188,172,
704.000000,188.000000,0.079537,243989904.000000,0.535915,0,1
128,143,121,196,168,132,207,219,
697.000000,186.000000,0.077655,119158632.000000,0.369753,0,1
120,152,132,210,182,154,212,220,
167.000000,186.000000,0.034038,42646104.000000,0.364537,0,1
4,4,4,4,7,12,11,14,
695.000000,185.000000,0.077535,170733040.000000,0.366378,0,1
123,151,123,210,174,137,219,215,
438.000000,184.000000,0.035961,67874984.000000,0.102143,0,1
47,49,49,30,26,24,23,21,
237.000000,184.000000,0.031247,411902688.000000,0.634159,0,1
20,33,20,30,25,12,26,22,
702.000000,183.000000,0.079324,326812928.000000,0.529562,0,1
217,193,204,134,160,194,116,135,
237.000000,180.000000,0.031321,2454345472.000000,0.634887,0,1
48,61,22,52,38,10,30,20,
673.000000,176.000000,0.071882,303209472.000000,0.423393,0,1
124,144,123,199,164,132,201,211,
671.000000,176.000000,0.071430,344707232.000000,0.448797,0,1
134,173,144,219,199,164,216,216,
434.000000,176.000000,0.028909,63270648.000000,0.083383,0,1
93,93,85,82,73,69,57,38,
416.000000,176.000000,0.025317,9680770.000000,0.028650,0,1
80,86,69,83,82,80,72,66,
584.000000,127.000000,0.103546,1149636352.000000,0.399900,0,1
38,96,29,227,53,26,130,51,
330.000000,176.000000,0.025606,54359296.000000,0.102687,0,1
97,86,103,99,110,121,88,81,
679.000000,175.000000,0.073497,200508096.000000,0.329607,0,1
231,184,221,135,159,201,130,136,
264.000000,174.000000,0.023263,633146112.000000,0.153259,0,1
126,143,104,92,84,39,65,58,
662.000000,172.000000,0.068587,146543104.000000,0.291170,0,1
136,145,126,205,174,138,220,231,
231.000000,171.000000,0.020774,280526304.000000,0.085313,0,1
252,208,228,106,138,105,82,81,
160.000000,169.000000,0.036052,587703552.000000,0.392216,0,1
50,62,26,50,21,10,12,6,
648.000000,168.000000,0.065285,145150512.000000,0.263516,0,1
120,144,117,211,176,145,230,233,
653.000000,166.000000,0.067797,224732128.000000,0.277487,0,1
232,180,230,128,166,213,109,116,
391.000000,143.000000,0.043485,4596500.000000,0.217661,0,1
26,27,26,31,31,32,41,146,
399.000000,143.000000,0.042519,5308031.000000,0.190354,0,1
26,27,27,30,31,30,48,150,
584.000000,165.000000,0.101434,1370825600.000000,0.280914,0,1
94,198,45,255,127,31,229,134,
151.000000,163.000000,0.021584,1059086016.000000,0.105591,0,1
46,38,69,34,49,126,39,45,
743.000000,149.000000,0.079692,968878464.000000,0.431546,0,1
90,109,132,145,134,195,138,98,
744.000000,149.000000,0.079821,1631137792.000000,0.433377,0,1
124,103,175,137,159,231,152,129,
151.000000,150.000000,0.022628,153599200.000000,0.271188,0,1
8,8,9,8,9,11,17,27,
207.000000,151.000000,0.042133,398666304.000000,0.188151,0,1
22,23,45,17,39,43,55,190,
551.000000,160.000000,0.081857,137468912.000000,0.260887,0,1
248,120,212,41,60,158,36,32,
533.000000,152.000000,0.073205,74971296.000000,0.147892,0,1
255,111,243,41,65,170,36,31,
169.000000,153.000000,0.017644,522469376.000000,0.098439,0,1
45,118,88,165,113,101,190,211,
177.000000,153.000000,0.016709,200265104.000000,0.047499,0,1
39,72,74,113,147,152,155,239,
153.000000,154.000000,0.021528,1840405504.000000,0.104411,0,1
82,66,146,39,160,176,92,157,
262.000000,154.000000,0.021201,110453424.000000,0.072614,0,1
229,245,237,167,162,139,96,89,
151.000000,155.000000,0.021320,1761073152.000000,0.104150,0,1
33,27,85,22,44,172,31,43,
477.000000,156.000000,0.020785,112623704.000000,0.031324,0,1
55,92,38,90,62,33,93,60,
618.000000,269.000000,0.130407,22752620.000000,0.792202,0,1
61,72,64,81,78,68,85,83,
275.000000,150.000000,0.021109,755911104.000000,0.065239,0,1
49,87,20,137,85,19,130,108,
550.000000,216.000000,0.081906,113920008.000000,0.286145,0,1
23,13,47,13,22,54,13,13,
517.000000,214.000000,0.067769,107609744.000000,0.245932,0,1
27,17,47,10,34,39,13,18,
545.000000,207.000000,0.080680,110645752.000000,0.319228,0,1
19,30,17,40,22,17,41,25,
443.000000,143.000000,0.030375,6309655.500000,0.053850,0,1
14,15,15,18,18,16,37,83,
517.000000,194.000000,0.069417,207697056.000000,0.192799,0,1
60,35,62,18,47,61,27,44,
720.000000,189.000000,0.082767,40116936.000000,0.593096,0,1
199,192,188,163,162,167,139,124,
281.000000,171.000000,0.021787,980048384.000000,0.128155,0,1
79,32,69,29,88,114,75,97,
223.000000,176.000000,0.034722,2212736768.000000,0.280264,0,1
57,18,76,14,28,73,16,22,
224.000000,178.000000,0.034422,2012397440.000000,0.276950,0,1
51,23,64,15,43,68,25,49,
