# timestamp
1608635252369092608

# fx, fy, cx, cy, width, height, npoints
501.487274,501.475189,421.776245,167.666565,800,400,570

# camToWorld: translation vector, rotation quaternion
-35.971805,44.509696,4.759600,0.035229,-0.772330,0.633233,-0.035798

# Exposure time (ms)
1.648635

# GPS Data
# GPSData: Covariance matrix
0.000021,0.000000,0.000000,0.000000,0.000057,0.000000,0.000000,0.000000,0.000147

# GPSData: GPS point
55.388054,21.460576,3.685658

# Point Cloud Data : 
# u,v,idepth_scaled,idepth_hessian,maxRelBaseline,numGoodRes,status 
# color information 
754.000000,25.000000,0.323452,180187056.000000,2.532754,0,1
111,123,119,100,90,81,59,37,
711.000000,56.000000,0.211883,69590976.000000,1.260594,0,1
59,55,36,57,43,22,43,23,
692.000000,80.000000,0.230025,158857376.000000,1.792674,0,1
19,27,24,40,34,29,56,56,
645.000000,106.000000,0.162039,55345196.000000,1.275410,0,1
53,59,34,59,46,22,51,35,
384.000000,126.000000,0.117189,141010.078125,0.198275,0,1
98,46,70,39,42,44,41,48,
708.000000,252.000000,0.280913,6316763.000000,1.489112,0,1
18,34,31,64,50,36,53,54,
424.000000,297.000000,0.192607,11400818.000000,0.935507,0,1
26,30,28,40,34,34,41,44,
167.000000,16.000000,0.250408,118017088.000000,1.588140,0,1
32,77,34,91,74,41,85,82,
184.000000,17.000000,0.236296,72136328.000000,0.384422,0,1
38,46,43,62,67,51,108,178,
169.000000,18.000000,0.248924,145011440.000000,1.568587,0,1
41,72,32,82,56,30,73,59,
731.000000,26.000000,0.299615,49592112.000000,2.325507,0,1
95,96,97,102,105,108,108,93,
747.000000,27.000000,0.317840,159835936.000000,2.469318,0,1
115,97,84,62,50,44,37,31,
84.000000,41.000000,0.292608,36783028.000000,2.499857,0,1
64,64,66,39,43,46,27,22,
706.000000,62.000000,0.207560,60943808.000000,1.499774,0,1
62,61,41,65,43,21,56,30,
737.000000,69.000000,0.232260,103223424.000000,1.730951,0,1
38,24,42,16,29,42,18,19,
758.000000,80.000000,0.242695,89572560.000000,2.248128,0,1
39,47,31,45,36,25,42,30,
754.000000,84.000000,0.243281,22919182.000000,2.218850,0,1
50,35,46,21,29,25,22,21,
756.000000,84.000000,0.241978,9526982.000000,2.229139,0,1
43,46,30,29,25,23,21,21,
760.000000,112.000000,0.251813,29928644.000000,2.258268,0,1
31,30,44,28,39,48,34,39,
759.000000,118.000000,0.247897,20227002.000000,2.236509,0,1
36,31,41,29,41,43,31,37,
111.000000,120.000000,0.043762,79114264.000000,0.275164,0,1
25,46,27,89,61,24,84,38,
762.000000,126.000000,0.245533,18457932.000000,2.245336,0,1
49,36,48,29,38,46,30,30,
698.000000,135.000000,0.166408,24260570.000000,1.572591,0,1
38,47,28,48,35,34,51,40,
754.000000,150.000000,0.197524,17892990.000000,2.024265,0,1
42,54,36,45,42,33,52,40,
754.000000,192.000000,0.271821,10778826.000000,2.288536,0,1
85,80,80,60,70,77,55,57,
620.000000,198.000000,0.145365,21519516.000000,1.107570,0,1
58,49,67,21,62,70,24,34,
747.000000,214.000000,0.194485,8534625.000000,0.407259,0,1
37,25,39,20,29,37,16,28,
725.000000,228.000000,0.307608,11251328.000000,2.227145,0,1
30,33,39,61,48,38,62,42,
737.000000,232.000000,0.321157,7805904.000000,1.993323,0,1
31,44,25,61,41,27,68,66,
738.000000,233.000000,0.322526,5236192.500000,2.355628,0,1
25,41,27,68,49,43,66,44,
736.000000,234.000000,0.325198,16102679.000000,2.349351,0,1
56,65,60,35,54,71,38,39,
751.000000,252.000000,0.229683,8216112.000000,1.823924,0,1
34,41,27,39,37,21,46,38,
761.000000,255.000000,0.203715,9539672.000000,0.455821,0,1
23,15,33,18,25,32,20,27,
751.000000,261.000000,0.238376,27891366.000000,2.261758,0,1
34,47,26,46,32,21,41,28,
740.000000,267.000000,0.322389,12947096.000000,2.077089,0,1
33,44,30,71,46,32,75,61,
704.000000,272.000000,0.171710,15021399.000000,1.786827,0,1
42,52,30,49,43,24,52,46,
745.000000,272.000000,0.333519,9332135.000000,2.514676,0,1
62,58,69,36,46,68,31,28,
674.000000,277.000000,0.258660,7513739.000000,1.916682,0,1
40,53,36,70,58,27,69,71,
76.000000,288.000000,0.290917,32645918.000000,2.641488,0,1
30,30,42,31,49,64,54,65,
422.000000,296.000000,0.191416,6873685.500000,0.927604,0,1
28,31,29,36,36,28,40,42,
423.000000,296.000000,0.191507,7121491.500000,0.928182,0,1
28,31,26,37,30,28,40,41,
731.000000,296.000000,0.286252,3615542.500000,2.385170,0,1
38,53,32,68,61,38,62,53,
179.000000,21.000000,0.235292,212174336.000000,1.205129,0,1
38,35,48,31,37,82,30,32,
213.000000,22.000000,0.234326,249595984.000000,0.448737,0,1
58,66,71,54,145,76,84,163,
594.000000,22.000000,0.230679,23556854.000000,1.367575,0,1
78,77,77,70,69,67,46,45,
616.000000,22.000000,0.229524,20734258.000000,1.482743,0,1
74,70,75,61,66,67,51,44,
216.000000,23.000000,0.235220,386857728.000000,0.813974,0,1
43,76,45,170,48,49,76,35,
625.000000,23.000000,0.230256,37765244.000000,1.530901,0,1
74,67,70,51,54,57,45,43,
198.000000,24.000000,0.234650,185091360.000000,1.125283,0,1
107,148,53,80,80,38,70,40,
632.000000,24.000000,0.234344,256324992.000000,1.575412,0,1
63,47,104,45,95,116,46,59,
261.000000,25.000000,0.234660,45015356.000000,1.311437,0,1
61,78,73,56,53,41,32,27,
288.000000,25.000000,0.234539,51175764.000000,1.169527,0,1
64,83,55,73,69,45,52,31,
143.000000,26.000000,0.260754,5606667.500000,2.070253,0,1
51,50,51,46,47,48,40,33,
150.000000,26.000000,0.259285,6682001.500000,2.022816,0,1
58,55,57,50,53,55,40,33,
161.000000,26.000000,0.256548,21599534.000000,1.942188,0,1
70,67,71,60,64,70,50,36,
287.000000,26.000000,0.234509,43641068.000000,0.961291,0,1
83,73,69,36,52,40,31,30,
651.000000,26.000000,0.232622,112443888.000000,1.385733,0,1
69,48,75,41,58,86,88,205,
134.000000,27.000000,0.259062,2832483.750000,2.122415,0,1
46,43,44,37,38,38,34,33,
143.000000,27.000000,0.260060,5498547.000000,2.065517,0,1
51,47,48,39,40,41,33,32,
163.000000,27.000000,0.254317,22802360.000000,1.920696,0,1
72,68,72,50,55,66,36,32,
184.000000,27.000000,0.236824,43000576.000000,1.749119,0,1
67,43,56,32,38,37,31,32,
198.000000,27.000000,0.236279,133251840.000000,1.663902,0,1
54,50,31,38,34,25,37,32,
212.000000,27.000000,0.232255,23086276.000000,0.441283,0,1
58,30,51,24,29,39,23,25,
339.000000,27.000000,0.235433,93253536.000000,0.769147,0,1
58,78,42,52,42,37,59,40,
108.000000,43.000000,0.272788,24258274.000000,2.281052,0,1
54,58,58,40,42,43,27,24,
673.000000,53.000000,0.184368,10328747.000000,0.305600,0,1
20,28,25,44,34,24,56,45,
684.000000,58.000000,0.191711,43230504.000000,1.084874,0,1
22,20,41,18,34,54,25,39,
683.000000,62.000000,0.191371,61691124.000000,1.332032,0,1
28,18,40,17,32,51,17,27,
685.000000,69.000000,0.190041,27032298.000000,1.326279,0,1
41,22,46,14,28,37,14,14,
496.000000,82.000000,0.160569,5479715.000000,0.427084,0,1
44,48,42,37,37,34,25,15,
519.000000,82.000000,0.112914,2019715.125000,0.413007,0,1
38,35,37,32,33,35,22,21,
364.000000,89.000000,0.041173,10873454.000000,0.021165,0,1
48,34,96,33,87,119,95,124,
420.000000,90.000000,0.041353,1065983.750000,0.012461,0,1
31,29,93,28,82,158,34,31,
278.000000,98.000000,0.046966,12553563.000000,0.200247,0,1
27,30,30,46,47,45,86,115,
304.000000,98.000000,0.046189,41386000.000000,0.167771,0,1
25,30,25,53,44,24,90,60,
276.000000,99.000000,0.046396,87769096.000000,0.206313,0,1
30,42,46,41,84,89,89,116,
453.000000,113.000000,0.031734,1036737.000000,0.008029,0,1
30,61,30,85,59,45,88,83,
729.000000,117.000000,0.226297,40298144.000000,1.978336,0,1
32,28,44,26,32,42,30,34,
501.000000,120.000000,0.062253,2819748.000000,0.279882,0,1
18,21,72,21,23,50,18,19,
720.000000,121.000000,0.219077,8773658.000000,1.902546,0,1
38,42,30,41,28,25,25,21,
698.000000,123.000000,0.203065,8690967.000000,1.702426,0,1
20,26,23,31,32,24,43,44,
531.000000,134.000000,0.079612,70182144.000000,0.428459,0,1
42,40,27,27,51,15,50,65,
637.000000,150.000000,0.220081,47615168.000000,1.373630,0,1
50,34,48,23,38,51,28,29,
604.000000,174.000000,0.128686,54889520.000000,0.717416,0,1
45,47,24,49,31,17,45,28,
720.000000,180.000000,0.244089,17257720.000000,1.980633,0,1
74,66,72,48,59,70,51,53,
644.000000,201.000000,0.131662,15994695.000000,1.177404,0,1
41,43,37,49,50,42,54,56,
695.000000,237.000000,0.161914,11230630.000000,1.620072,0,1
36,49,28,45,38,28,47,34,
695.000000,245.000000,0.282373,17579098.000000,2.014004,0,1
31,40,26,59,32,43,60,51,
639.000000,254.000000,0.223793,19149162.000000,1.558765,0,1
33,39,33,56,43,34,58,58,
111.000000,266.000000,0.262029,25085368.000000,2.276776,0,1
26,27,38,28,46,62,55,63,
714.000000,267.000000,0.299163,1968729.125000,1.879399,0,1
34,47,27,59,42,25,56,54,
679.000000,274.000000,0.214811,25472304.000000,0.923470,0,1
25,17,41,20,31,55,38,39,
105.000000,276.000000,0.267626,15218782.000000,2.357106,0,1
59,54,60,49,53,51,49,43,
678.000000,279.000000,0.213226,9903865.000000,0.388129,0,1
24,30,35,66,43,53,70,73,
620.000000,283.000000,0.252109,1549464.000000,1.621875,0,1
41,32,41,32,32,40,31,32,
445.000000,288.000000,0.183658,3443383.250000,0.882322,0,1
36,34,34,29,28,30,24,23,
640.000000,288.000000,0.273156,13722216.000000,1.788900,0,1
86,73,87,48,68,88,48,49,
455.000000,293.000000,0.187523,4129838.500000,0.929969,0,1
26,27,30,28,33,36,36,39,
411.000000,294.000000,0.186697,4936637.500000,0.914655,0,1
28,30,29,37,35,31,40,42,
650.000000,296.000000,0.285363,15977100.000000,1.901005,0,1
97,79,97,50,72,97,50,50,
538.000000,298.000000,0.178800,420481.406250,1.148280,0,1
32,35,33,38,35,33,39,40,
564.000000,298.000000,0.134026,1076835.375000,1.148565,0,1
33,33,33,39,37,34,39,39,
90.000000,288.000000,0.281301,16352733.000000,2.522999,0,1
51,52,48,55,48,35,41,32,
89.000000,280.000000,0.280789,29612412.000000,2.506821,0,1
30,30,44,34,54,66,57,66,
718.000000,30.000000,0.289109,75510400.000000,2.207518,0,1
98,103,99,90,78,66,47,33,
106.000000,43.000000,0.274361,26103272.000000,2.298687,0,1
57,55,58,38,40,42,26,23,
235.000000,30.000000,0.230249,27191596.000000,1.171247,0,1
23,26,26,33,32,33,49,48,
255.000000,30.000000,0.229737,32676246.000000,1.079310,0,1
24,25,25,33,33,35,50,52,
267.000000,30.000000,0.228549,42440060.000000,1.021122,0,1
26,28,29,37,38,38,52,57,
274.000000,30.000000,0.228523,37036692.000000,0.990883,0,1
28,29,29,38,37,38,56,58,
296.000000,30.000000,0.229394,36173388.000000,0.901307,0,1
30,32,31,40,38,39,56,58,
299.000000,30.000000,0.229563,36608956.000000,0.889656,0,1
30,31,31,38,38,39,57,57,
306.000000,30.000000,0.229713,36735744.000000,0.862559,0,1
30,32,32,41,42,42,56,59,
322.000000,30.000000,0.230034,37313244.000000,0.803663,0,1
33,34,35,43,43,44,57,60,
326.000000,30.000000,0.230370,41211972.000000,0.790055,0,1
33,35,35,44,43,44,60,63,
507.000000,30.000000,0.229389,36499956.000000,0.917439,0,1
29,30,30,40,38,38,55,57,
543.000000,30.000000,0.226978,21697490.000000,1.074149,0,1
28,28,28,33,32,31,44,52,
648.000000,30.000000,0.232366,1083026944.000000,1.114949,0,1
61,47,206,38,136,240,52,50,
657.000000,30.000000,0.232894,243460400.000000,1.697666,0,1
73,75,65,84,56,58,55,42,
197.000000,31.000000,0.232878,13499593.000000,1.361383,0,1
34,33,30,32,33,29,43,32,
532.000000,31.000000,0.228575,28730256.000000,1.020858,0,1
29,33,34,48,49,47,55,56,
553.000000,31.000000,0.227601,23494456.000000,1.117170,0,1
27,30,30,42,39,37,50,49,
558.000000,31.000000,0.228196,19667104.000000,1.142034,0,1
27,30,30,37,38,39,47,52,
577.000000,31.000000,0.230485,19726248.000000,1.239867,0,1
23,25,25,33,33,34,44,48,
587.000000,31.000000,0.231152,14859059.000000,1.296001,0,1
22,24,23,29,30,29,43,46,
602.000000,31.000000,0.231639,11749089.000000,1.376113,0,1
23,24,24,29,28,29,40,42,
616.000000,31.000000,0.232525,9626454.000000,1.455664,0,1
26,25,27,29,29,30,41,43,
484.000000,32.000000,0.232856,69933400.000000,0.828180,0,1
37,46,71,48,62,55,50,66,
605.000000,32.000000,0.232420,14648698.000000,1.390083,0,1
25,29,30,40,39,38,42,43,
629.000000,32.000000,0.230999,23227934.000000,1.527655,0,1
27,30,29,40,35,39,42,44,
672.000000,34.000000,0.240465,23109750.000000,1.793466,0,1
64,64,69,66,69,74,77,72,
486.000000,35.000000,0.229343,134175640.000000,0.815222,0,1
53,70,53,63,66,56,99,83,
683.000000,35.000000,0.254450,81908696.000000,1.892551,0,1
82,83,85,71,64,57,44,29,
686.000000,35.000000,0.257852,87931656.000000,1.919564,0,1
84,86,78,61,53,46,37,28,
666.000000,36.000000,0.230876,96244304.000000,1.734400,0,1
68,59,65,47,59,71,59,39,
679.000000,36.000000,0.250852,81464880.000000,1.856601,0,1
81,79,74,60,54,47,32,27,
684.000000,36.000000,0.256138,82570240.000000,1.900871,0,1
85,64,57,44,39,34,29,25,
500.000000,38.000000,0.228764,170071056.000000,0.847428,0,1
72,78,74,86,84,79,93,70,
476.000000,39.000000,0.228293,183593264.000000,0.759490,0,1
78,82,82,98,97,100,69,35,
404.000000,40.000000,0.228581,270657216.000000,0.553536,0,1
89,101,95,119,118,100,69,35,
438.000000,40.000000,0.228885,233071696.000000,0.553781,0,1
82,84,98,85,94,110,41,30,
512.000000,40.000000,0.228390,353328864.000000,0.887320,0,1
78,97,100,62,61,63,34,28,
538.000000,40.000000,0.228705,357789792.000000,1.007039,0,1
76,105,102,56,56,58,30,25,
540.000000,40.000000,0.228764,346073952.000000,1.016604,0,1
78,102,93,56,58,58,28,24,
557.000000,40.000000,0.228461,253539440.000000,1.102084,0,1
72,94,95,51,49,50,28,23,
558.000000,40.000000,0.228539,270743232.000000,1.107145,0,1
73,97,91,50,49,52,27,22,
594.000000,40.000000,0.227897,148104064.000000,1.301448,0,1
66,80,74,40,40,44,21,18,
612.000000,40.000000,0.227945,119355096.000000,1.400425,0,1
62,68,63,40,42,42,22,20,
623.000000,40.000000,0.227764,88344496.000000,1.462288,0,1
56,64,63,38,37,37,24,21,
639.000000,40.000000,0.228039,56559924.000000,1.550953,0,1
52,59,53,35,35,35,26,26,
655.000000,40.000000,0.235676,559077376.000000,1.169307,0,1
32,36,38,52,64,43,106,80,
266.000000,41.000000,0.224658,81646184.000000,1.198107,0,1
82,79,86,84,89,91,92,104,
342.000000,41.000000,0.229334,147263280.000000,0.839768,0,1
89,90,96,80,100,106,74,34,
415.000000,41.000000,0.228831,411312224.000000,0.543180,0,1
96,103,107,54,57,55,31,27,
424.000000,41.000000,0.228942,463333664.000000,0.543428,0,1
100,112,110,55,55,51,38,33,
334.000000,42.000000,0.229114,395795360.000000,0.710543,0,1
103,109,108,79,81,81,41,30,
276.000000,43.000000,0.229493,297771008.000000,1.149676,0,1
95,101,106,97,95,100,55,29,
290.000000,43.000000,0.229352,428105344.000000,0.880967,0,1
95,112,111,90,86,78,41,27,
298.000000,43.000000,0.229773,453301312.000000,0.847698,0,1
99,109,111,76,79,80,37,26,
314.000000,43.000000,0.229640,488255232.000000,0.585483,0,1
103,121,121,57,53,49,28,27,
315.000000,43.000000,0.229759,514955744.000000,0.582630,0,1
101,123,115,55,51,48,29,27,
117.000000,44.000000,0.265764,19453972.000000,2.199519,0,1
51,49,51,35,38,39,25,23,
126.000000,44.000000,0.259273,13372635.000000,2.123666,0,1
39,45,42,40,40,40,31,25,
144.000000,44.000000,0.245137,5457219.500000,1.992597,0,1
30,31,28,38,33,30,39,34,
220.000000,44.000000,0.228634,102322816.000000,1.472581,0,1
51,52,60,49,65,73,46,30,
233.000000,44.000000,0.229424,131043520.000000,1.395266,0,1
69,75,77,73,75,81,46,22,
242.000000,44.000000,0.229455,198866672.000000,1.340736,0,1
78,84,88,80,74,70,38,25,
251.000000,44.000000,0.229998,260040832.000000,1.287911,0,1
85,94,91,74,76,75,36,25,
282.000000,44.000000,0.230144,401314720.000000,0.917459,0,1
105,105,107,46,42,37,26,26,
123.000000,45.000000,0.262633,11096893.000000,2.148538,0,1
49,40,40,28,29,31,24,23,
150.000000,45.000000,0.254520,2025057.375000,1.972931,0,1
26,25,23,35,32,31,35,27,
197.000000,45.000000,0.230248,42250136.000000,1.615212,0,1
50,52,55,47,55,60,30,21,
212.000000,45.000000,0.229871,137686128.000000,1.519903,0,1
59,64,64,54,55,53,27,19,
253.000000,45.000000,0.230078,240243888.000000,0.857524,0,1
92,75,75,35,32,30,25,24,
266.000000,45.000000,0.231000,317476448.000000,1.204812,0,1
104,61,60,33,32,30,26,26,
271.000000,45.000000,0.231130,304861856.000000,1.176962,0,1
98,59,58,30,29,28,26,26,
279.000000,45.000000,0.231053,346150560.000000,0.930477,0,1
101,49,46,28,28,26,27,26,
167.000000,47.000000,0.230922,17203458.000000,1.800542,0,1
42,39,39,29,30,30,25,23,
654.000000,47.000000,0.231153,450193216.000000,1.629305,0,1
72,49,52,30,41,26,25,25,
660.000000,50.000000,0.230701,78526832.000000,1.656672,0,1
28,26,56,27,49,67,50,72,
655.000000,54.000000,0.231196,272449536.000000,1.617773,0,1
24,22,56,21,44,60,31,33,
657.000000,54.000000,0.231260,336793760.000000,1.628509,0,1
55,56,60,44,60,49,41,41,
612.000000,57.000000,0.138818,209210880.000000,0.669063,0,1
18,27,21,33,37,20,63,39,
609.000000,66.000000,0.136777,139543520.000000,0.822043,0,1
27,53,24,52,33,17,45,24,
647.000000,70.000000,0.164803,400096704.000000,1.065882,0,1
22,18,42,19,27,52,18,24,
625.000000,71.000000,0.147424,243461552.000000,0.911312,0,1
57,44,65,22,48,62,20,16,
648.000000,71.000000,0.164529,538354240.000000,1.067196,0,1
42,27,52,18,41,55,24,34,
614.000000,72.000000,0.140010,239856080.000000,0.837789,0,1
30,18,40,15,36,33,21,40,
647.000000,72.000000,0.164905,395368192.000000,1.062858,0,1
27,18,41,18,24,54,17,19,
495.000000,78.000000,0.153615,14049969.000000,0.535986,0,1
17,18,18,25,26,26,42,48,
504.000000,78.000000,0.152231,12931464.000000,0.572877,0,1
17,19,19,26,27,27,40,43,
519.000000,78.000000,0.151500,11213066.000000,0.638489,0,1
17,19,18,26,27,27,32,38,
523.000000,78.000000,0.151381,10847172.000000,0.655616,0,1
17,18,18,27,27,26,33,38,
532.000000,78.000000,0.152226,7597225.500000,0.696997,0,1
16,18,18,24,25,25,35,33,
544.000000,78.000000,0.152373,6763771.000000,0.754717,0,1
15,17,17,26,26,25,32,33,
560.000000,78.000000,0.151811,5480109.500000,0.828489,0,1
15,17,17,23,23,23,29,30,
630.000000,78.000000,0.151425,141990144.000000,1.192758,0,1
49,33,29,16,28,17,16,14,
403.000000,79.000000,0.154911,51243148.000000,0.367623,0,1
28,30,30,47,50,50,76,85,
419.000000,79.000000,0.155852,56481204.000000,0.353346,0,1
25,28,30,52,53,50,79,89,
439.000000,79.000000,0.156001,52386976.000000,0.367307,0,1
24,28,28,55,56,53,75,82,
451.000000,79.000000,0.154991,39613628.000000,0.389003,0,1
23,30,29,50,53,48,70,72,
460.000000,79.000000,0.154363,32588910.000000,0.411188,0,1
21,29,29,48,48,47,68,66,
488.000000,79.000000,0.153297,15276671.000000,0.505850,0,1
19,27,27,43,44,42,50,49,
294.000000,80.000000,0.148491,3855740.000000,0.769228,0,1
26,26,26,30,31,31,37,40,
330.000000,80.000000,0.149361,9598942.000000,0.597009,0,1
24,26,27,34,36,35,42,48,
338.000000,80.000000,0.149382,12685711.000000,0.563830,0,1
25,27,27,38,39,39,44,51,
350.000000,80.000000,0.150825,15489879.000000,0.518477,0,1
26,29,29,45,46,45,47,56,
359.000000,80.000000,0.152844,23583026.000000,0.485227,0,1
26,30,30,49,51,51,58,61,
367.000000,80.000000,0.153482,26924610.000000,0.456127,0,1
25,31,32,51,53,53,61,64,
383.000000,80.000000,0.154306,38805304.000000,0.406031,0,1
28,39,39,57,62,59,71,71,
412.000000,80.000000,0.156117,56658972.000000,0.353467,0,1
29,52,51,76,69,76,87,73,
442.000000,80.000000,0.156706,51876008.000000,0.367333,0,1
28,53,55,68,72,68,74,72,
673.000000,80.000000,0.183061,25235702.000000,1.547350,0,1
14,14,17,17,32,23,49,62,
476.000000,82.000000,0.157667,25531670.000000,0.457196,0,1
53,57,46,48,46,46,30,23,
482.000000,82.000000,0.160877,9183207.000000,0.486395,0,1
48,44,51,44,43,43,25,21,
488.000000,82.000000,0.160048,16164715.000000,0.398625,0,1
47,48,46,43,42,39,28,20,
568.000000,82.000000,0.158850,5277631.500000,0.902655,0,1
28,27,26,21,22,23,17,17,
559.000000,83.000000,0.105747,3874807.500000,0.685552,0,1
28,24,23,18,15,14,16,12,
693.000000,84.000000,0.229530,522277248.000000,1.794175,0,1
41,60,31,103,41,25,56,27,
386.000000,86.000000,0.046653,19803004.000000,0.035334,0,1
45,77,46,111,76,84,108,109,
450.000000,86.000000,0.046254,51310216.000000,0.070481,0,1
28,73,22,83,28,20,49,22,
526.000000,86.000000,0.077896,25422608.000000,0.455550,0,1
41,30,45,23,29,33,18,14,
546.000000,86.000000,0.089247,53378352.000000,0.575935,0,1
40,50,22,48,35,19,43,24,
149.000000,87.000000,0.045873,87584280.000000,0.517504,0,1
22,26,21,39,38,21,57,56,
171.000000,87.000000,0.047381,96153432.000000,0.166232,0,1
23,25,23,31,37,24,51,67,
295.000000,87.000000,0.046541,12441028.000000,0.084267,0,1
28,27,26,42,36,24,64,64,
309.000000,87.000000,0.046513,26399714.000000,0.075639,0,1
28,45,26,64,40,35,65,61,
675.000000,87.000000,0.182961,263297392.000000,1.538610,0,1
41,54,27,61,41,20,49,37,
40.000000,88.000000,0.046852,195860544.000000,0.249538,0,1
24,40,21,48,27,17,37,27,
143.000000,88.000000,0.045855,172033184.000000,0.521922,0,1
38,60,31,42,42,25,30,21,
206.000000,88.000000,0.046335,159010400.000000,0.139797,0,1
40,30,58,32,44,59,34,49,
440.000000,88.000000,0.052873,11454515.000000,0.037316,0,1
53,62,103,45,84,91,32,28,
555.000000,88.000000,0.099445,114348304.000000,0.640210,0,1
26,45,15,47,27,12,44,26,
69.000000,89.000000,0.045448,141261536.000000,0.168281,0,1
18,23,19,39,58,25,94,118,
86.000000,89.000000,0.048726,73158176.000000,0.687771,0,1
25,32,37,35,47,54,41,49,
90.000000,89.000000,0.043893,390644640.000000,0.202298,0,1
20,28,19,54,31,19,53,52,
112.000000,89.000000,0.046162,154097616.000000,0.199309,0,1
21,31,26,41,54,32,60,73,
131.000000,89.000000,0.046863,65787392.000000,0.190145,0,1
19,23,21,28,32,22,48,62,
222.000000,89.000000,0.046394,187144096.000000,0.129633,0,1
56,64,37,38,49,26,34,25,
256.000000,89.000000,0.047762,43102184.000000,0.373124,0,1
25,38,26,66,43,26,57,30,
265.000000,89.000000,0.046163,131641784.000000,0.101775,0,1
57,37,73,31,59,74,52,68,
305.000000,89.000000,0.046130,83773312.000000,0.076933,0,1
33,27,59,24,38,63,30,50,
153.000000,90.000000,0.047433,47489696.000000,0.178005,0,1
20,26,26,40,40,33,54,55,
164.000000,90.000000,0.046134,183208896.000000,0.165764,0,1
33,51,25,51,37,22,32,23,
400.000000,90.000000,0.042964,2656543.000000,0.015220,0,1
31,31,68,29,57,144,34,33,
129.000000,91.000000,0.047018,336108288.000000,0.564003,0,1
28,29,48,26,45,62,32,45,
195.000000,92.000000,0.048856,65330432.000000,0.154932,0,1
50,54,44,52,36,27,32,22,
204.000000,92.000000,0.046230,117247824.000000,0.140295,0,1
35,26,47,22,39,62,25,29,
649.000000,92.000000,0.171663,41658488.000000,1.344377,0,1
20,34,23,51,42,23,50,53,
689.000000,92.000000,0.228186,223934256.000000,0.834332,0,1
15,16,19,26,36,34,84,85,
136.000000,93.000000,0.046342,222718256.000000,0.416230,0,1
49,56,44,52,37,26,35,22,
288.000000,93.000000,0.043134,27818524.000000,0.365980,0,1
67,77,68,53,60,59,34,26,
212.000000,94.000000,0.047360,87537128.000000,0.138480,0,1
52,60,38,52,44,27,40,22,
694.000000,95.000000,0.231473,127782152.000000,1.791671,0,1
39,49,33,58,42,28,42,36,
89.000000,96.000000,0.048593,219664160.000000,0.225717,0,1
87,63,82,38,54,72,31,26,
171.000000,96.000000,0.047190,21559430.000000,0.164702,0,1
64,55,58,38,48,44,24,22,
476.000000,96.000000,0.044436,6014747.000000,0.033746,0,1
17,17,62,17,35,62,17,34,
91.000000,97.000000,0.046221,137708976.000000,0.529082,0,1
82,64,71,33,48,52,27,21,
259.000000,98.000000,0.045279,8499487.000000,0.225623,0,1
27,28,28,34,35,29,67,96,
568.000000,98.000000,0.152172,29892710.000000,0.844341,0,1
21,18,29,16,22,27,16,22,
255.000000,99.000000,0.045632,87131040.000000,0.232981,0,1
28,33,34,39,66,63,81,101,
411.000000,99.000000,0.047549,16413835.000000,0.059454,0,1
62,60,131,33,87,92,33,32,
516.000000,99.000000,0.068781,14985748.000000,0.363841,0,1
15,15,26,20,19,28,25,31,
689.000000,99.000000,0.228227,59116848.000000,1.745222,0,1
71,50,39,25,30,18,17,15,
693.000000,99.000000,0.233942,13846179.000000,1.792276,0,1
35,28,27,18,16,16,12,13,
180.000000,101.000000,0.046153,85103848.000000,0.229521,0,1
26,38,40,55,81,74,102,97,
194.000000,101.000000,0.045355,175845552.000000,0.311327,0,1
24,27,40,25,45,75,33,33,
281.000000,101.000000,0.047229,117416008.000000,0.199146,0,1
73,97,39,106,39,25,64,26,
294.000000,101.000000,0.045214,65980888.000000,0.183352,0,1
37,38,93,26,74,94,27,25,
314.000000,101.000000,0.043358,23532958.000000,0.153270,0,1
88,90,88,37,64,73,28,22,
611.000000,101.000000,0.138497,149465200.000000,1.018215,0,1
38,24,53,16,33,43,16,16,
245.000000,102.000000,0.047095,278400352.000000,0.246883,0,1
88,91,52,83,56,27,60,29,
366.000000,102.000000,0.045654,78400280.000000,0.036903,0,1
30,37,63,40,110,103,125,129,
426.000000,102.000000,0.041662,8767807.000000,0.048690,0,1
57,121,39,118,100,30,145,88,
648.000000,102.000000,0.162134,266602064.000000,1.298042,0,1
35,40,20,46,24,16,30,20,
343.000000,103.000000,0.043298,54072448.000000,0.229368,0,1
22,25,25,23,57,26,48,59,
394.000000,103.000000,0.053751,16715071.000000,0.100005,0,1
111,85,112,36,85,99,36,36,
442.000000,103.000000,0.040782,9833724.000000,0.075974,0,1
54,97,37,89,74,26,79,58,
512.000000,103.000000,0.077365,10831251.000000,0.380697,0,1
29,28,30,14,20,28,13,13,
56.000000,104.000000,0.045985,732467584.000000,0.233723,0,1
33,46,74,39,79,107,68,90,
119.000000,104.000000,0.046146,487726368.000000,0.416901,0,1
46,49,90,36,74,103,37,26,
562.000000,104.000000,0.107069,104312312.000000,0.690454,0,1
30,47,23,54,40,18,52,36,
568.000000,104.000000,0.151724,38228936.000000,0.834365,0,1
23,16,31,15,23,26,16,24,
53.000000,105.000000,0.045809,1022185216.000000,0.342041,0,1
27,25,39,23,35,68,29,32,
145.000000,105.000000,0.046311,797757888.000000,0.382414,0,1
38,85,29,101,67,24,72,37,
682.000000,105.000000,0.190358,70914488.000000,1.585752,0,1
53,56,43,62,41,21,34,21,
158.000000,106.000000,0.045986,239257872.000000,0.366541,0,1
123,92,114,40,72,82,29,24,
540.000000,106.000000,0.086819,51805308.000000,0.513314,0,1
19,32,15,41,20,12,33,17,
637.000000,106.000000,0.158719,148798416.000000,1.223095,0,1
31,30,32,23,28,41,24,24,
233.000000,107.000000,0.045307,107569696.000000,0.352597,0,1
26,27,30,31,39,52,59,128,
331.000000,107.000000,0.047104,57283268.000000,0.070988,0,1
22,43,25,99,65,22,111,96,
602.000000,107.000000,0.134557,44910360.000000,0.948293,0,1
13,14,18,16,16,43,18,25,
539.000000,108.000000,0.087060,39534140.000000,0.508973,0,1
35,38,19,32,27,13,24,29,
665.000000,108.000000,0.176574,54905396.000000,1.440040,0,1
45,37,54,28,26,27,17,16,
372.000000,109.000000,0.047216,80431144.000000,0.112140,0,1
124,133,108,104,77,43,35,29,
401.000000,109.000000,0.044129,20923564.000000,0.103658,0,1
42,36,103,32,72,127,33,37,
410.000000,109.000000,0.044454,93950536.000000,0.093368,0,1
68,119,36,124,100,32,123,86,
460.000000,109.000000,0.042908,26428964.000000,0.142463,0,1
71,41,77,19,41,55,19,18,
195.000000,110.000000,0.047105,318824832.000000,0.433666,0,1
26,58,31,114,96,80,126,118,
543.000000,110.000000,0.088682,10261394.000000,0.515519,0,1
10,14,12,33,26,15,32,24,
568.000000,110.000000,0.151331,46445804.000000,0.824354,0,1
26,17,32,16,26,31,18,28,
328.000000,111.000000,0.045077,55226880.000000,0.261167,0,1
121,74,132,21,60,99,19,19,
560.000000,111.000000,0.102207,62304684.000000,0.638506,0,1
20,29,19,40,31,17,43,28,
269.000000,113.000000,0.045436,258995200.000000,0.419913,0,1
134,85,137,34,76,125,32,39,
286.000000,113.000000,0.044164,69953296.000000,0.385707,0,1
110,82,103,29,70,72,26,22,
553.000000,113.000000,0.100930,8646637.000000,0.647351,0,1
12,12,16,19,19,26,33,37,
602.000000,113.000000,0.132832,73223168.000000,0.942752,0,1
29,22,52,22,34,68,26,35,
214.000000,114.000000,0.046986,1374396416.000000,0.396465,0,1
89,109,62,116,59,27,88,52,
367.000000,114.000000,0.044808,47639100.000000,0.161683,0,1
129,53,135,27,79,110,30,32,
521.000000,114.000000,0.073317,11958344.000000,0.398623,0,1
12,16,12,19,21,12,27,27,
156.000000,115.000000,0.046133,1324183680.000000,0.361645,0,1
86,107,53,112,54,27,89,50,
612.000000,115.000000,0.136514,119294312.000000,1.015159,0,1
20,38,19,65,30,17,52,35,
641.000000,115.000000,0.159875,243031440.000000,1.244272,0,1
42,27,50,17,39,47,17,16,
304.000000,116.000000,0.045547,106377664.000000,0.328894,0,1
25,28,23,45,62,21,79,46,
315.000000,116.000000,0.045377,165082768.000000,0.293491,0,1
23,22,31,23,45,43,73,105,
344.000000,116.000000,0.046839,96563568.000000,0.225029,0,1
21,61,20,99,53,19,49,22,
381.000000,116.000000,0.046802,69554920.000000,0.131185,0,1
126,132,82,112,114,32,95,42,
526.000000,116.000000,0.077980,11398748.000000,0.423815,0,1
11,14,12,19,22,12,28,33,
195.000000,117.000000,0.045906,453318848.000000,0.143388,0,1
73,93,39,74,69,26,65,38,
212.000000,117.000000,0.045753,172145216.000000,0.131931,0,1
95,40,77,27,52,49,29,34,
549.000000,117.000000,0.107072,14365347.000000,0.608279,0,1
30,24,28,12,18,25,11,11,
642.000000,117.000000,0.160257,69239192.000000,1.247892,0,1
51,29,34,16,18,18,16,16,
314.000000,118.000000,0.045196,134609040.000000,0.294895,0,1
29,36,100,23,92,88,24,23,
679.000000,118.000000,0.185935,159790640.000000,1.545336,0,1
37,48,28,45,38,21,41,33,
135.000000,119.000000,0.045853,324777056.000000,0.387068,0,1
113,62,113,32,70,74,30,26,
278.000000,119.000000,0.045658,413679104.000000,0.390611,0,1
63,76,104,33,87,96,29,27,
561.000000,120.000000,0.151366,51675008.000000,0.754235,0,1
25,29,19,24,24,16,18,14,
181.000000,122.000000,0.047349,167943088.000000,0.229592,0,1
40,47,49,40,53,27,28,22,
462.000000,122.000000,0.035948,2485858.000000,0.096037,0,1
20,22,17,25,21,16,29,28,
444.000000,123.000000,0.040230,6173421.500000,0.081701,0,1
46,81,54,57,86,27,46,40,
631.000000,123.000000,0.155212,229261136.000000,1.162772,0,1
31,39,25,46,39,19,44,37,
328.000000,124.000000,0.046265,47240724.000000,0.260374,0,1
19,22,21,33,47,23,87,35,
375.000000,124.000000,0.048963,13161699.000000,0.139045,0,1
27,44,28,105,65,29,69,37,
405.000000,124.000000,0.050858,1757646.000000,0.069611,0,1
31,62,29,102,56,29,62,43,
542.000000,124.000000,0.090578,11954900.000000,0.378283,0,1
11,18,15,17,27,15,22,32,
344.000000,125.000000,0.043954,53078868.000000,0.206236,0,1
22,27,55,20,57,59,28,31,
494.000000,125.000000,0.066110,14782569.000000,0.260495,0,1
20,15,20,10,27,21,13,18,
624.000000,125.000000,0.146934,115107368.000000,1.099460,0,1
42,30,43,22,31,36,20,22,
692.000000,125.000000,0.201657,12936545.000000,1.373910,0,1
14,12,21,12,18,34,14,20,
259.000000,126.000000,0.048411,25028680.000000,0.461211,0,1
25,34,25,46,34,30,40,38,
272.000000,126.000000,0.047548,33864008.000000,0.418222,0,1
24,41,24,49,35,28,36,36,
285.000000,126.000000,0.045245,20417910.000000,0.368103,0,1
24,23,37,24,28,45,27,31,
288.000000,126.000000,0.046724,20748212.000000,0.371841,0,1
21,38,21,40,31,27,31,31,
345.000000,126.000000,0.045343,28846396.000000,0.208709,0,1
55,57,59,28,31,28,31,32,
390.000000,126.000000,0.045481,1738274.250000,0.119768,0,1
56,53,59,41,41,42,41,43,
404.000000,126.000000,0.055271,1364007.000000,0.069198,0,1
94,63,53,43,43,42,43,43,
448.000000,126.000000,0.041901,2782263.750000,0.075611,0,1
32,38,34,49,42,38,53,52,
454.000000,126.000000,0.028706,710303.375000,0.047700,0,1
25,33,31,38,37,36,41,42,
250.000000,127.000000,0.044018,27512356.000000,0.449843,0,1
33,36,50,37,42,42,38,39,
495.000000,127.000000,0.063497,10488158.000000,0.262120,0,1
28,24,23,12,21,22,14,15,
674.000000,128.000000,0.182382,114338176.000000,1.201402,0,1
23,18,32,17,26,35,21,39,
543.000000,129.000000,0.088973,23322880.000000,0.375632,0,1
31,26,18,18,25,14,15,11,
474.000000,131.000000,0.047354,1519423.000000,0.139555,0,1
30,29,30,24,24,23,20,19,
559.000000,132.000000,0.096352,20772468.000000,0.212415,0,1
11,10,18,9,12,26,10,10,
549.000000,133.000000,0.092115,20696882.000000,0.311703,0,1
40,21,39,17,19,40,13,10,
567.000000,134.000000,0.149539,58925676.000000,0.798039,0,1
24,18,34,16,26,34,19,27,
602.000000,134.000000,0.150661,32676272.000000,0.989500,0,1
19,20,20,26,30,31,32,28,
601.000000,135.000000,0.150409,40231020.000000,0.768198,0,1
20,26,30,23,32,42,18,17,
567.000000,138.000000,0.149175,57554212.000000,0.795373,0,1
27,19,34,16,27,32,20,28,
608.000000,138.000000,0.152339,17641158.000000,1.030663,0,1
42,43,44,24,37,45,21,20,
710.000000,138.000000,0.165268,10356616.000000,1.644183,0,1
38,46,30,46,44,31,51,49,
78.000000,140.000000,0.049371,19480096.000000,0.493272,0,1
39,39,35,37,38,31,34,30,
535.000000,142.000000,0.084610,105728816.000000,0.335220,0,1
20,16,60,15,38,74,18,17,
618.000000,142.000000,0.163567,28961642.000000,0.569140,0,1
42,35,41,22,28,38,20,20,
621.000000,143.000000,0.168471,31326798.000000,0.600150,0,1
43,38,43,22,31,40,20,21,
136.000000,144.000000,0.043225,4539705.000000,0.503797,0,1
38,34,37,31,33,34,30,30,
502.000000,145.000000,0.059384,15736010.000000,0.260423,0,1
37,22,24,12,27,10,9,8,
545.000000,145.000000,0.089383,28585724.000000,0.384705,0,1
38,48,17,18,34,13,18,14,
567.000000,145.000000,0.148975,53934340.000000,0.793878,0,1
31,21,34,17,31,31,22,31,
524.000000,146.000000,0.075185,145046448.000000,0.122689,0,1
18,18,63,37,40,79,46,44,
604.000000,150.000000,0.137774,34923736.000000,0.612694,0,1
13,19,14,35,27,16,36,17,
602.000000,152.000000,0.137792,12900402.000000,0.588357,0,1
35,34,36,16,18,17,11,12,
532.000000,153.000000,0.080466,54398660.000000,0.430401,0,1
33,55,17,46,28,11,37,39,
636.000000,157.000000,0.221890,129169208.000000,1.376422,0,1
32,20,35,16,29,39,16,29,
527.000000,158.000000,0.086044,14061964.000000,0.437112,0,1
41,29,40,12,26,38,12,12,
416.000000,160.000000,0.160052,41820.949219,0.124333,0,1
33,33,32,34,34,32,36,36,
642.000000,161.000000,0.223145,118745416.000000,1.410454,0,1
52,56,39,54,50,34,55,48,
521.000000,162.000000,0.072962,14327034.000000,0.386817,0,1
33,14,18,9,18,13,8,8,
532.000000,162.000000,0.090418,12556532.000000,0.475231,0,1
38,31,39,12,28,40,12,12,
566.000000,162.000000,0.148252,56107864.000000,0.792995,0,1
29,21,35,19,29,32,21,30,
672.000000,162.000000,0.207385,38419524.000000,1.569726,0,1
60,55,61,43,46,58,39,36,
548.000000,163.000000,0.092725,105640488.000000,0.193666,0,1
19,14,54,21,39,65,31,58,
378.000000,164.000000,0.078849,393799.093750,0.133997,0,1
30,30,31,40,33,32,38,36,
624.000000,167.000000,0.146475,49693352.000000,0.517930,0,1
21,25,19,33,34,17,38,39,
530.000000,169.000000,0.079594,46498084.000000,0.315303,0,1
29,48,13,11,24,10,12,10,
557.000000,171.000000,0.099366,30122818.000000,0.226353,0,1
10,11,12,22,21,27,34,49,
694.000000,171.000000,0.224227,70736520.000000,1.753572,0,1
60,44,59,34,45,55,33,44,
184.000000,172.000000,0.023017,442004.687500,0.074468,0,1
26,23,26,23,24,26,22,23,
304.000000,172.000000,0.055957,180518.031250,0.403361,0,1
23,23,21,22,20,21,20,19,
356.000000,172.000000,0.031821,957216.250000,0.098504,0,1
26,25,29,22,24,29,23,22,
641.000000,172.000000,0.223064,110237848.000000,1.411072,0,1
57,57,37,54,56,38,55,53,
638.000000,173.000000,0.223422,101791728.000000,1.396357,0,1
48,44,54,40,48,55,33,37,
527.000000,174.000000,0.091537,3290779.000000,0.475540,0,1
8,12,8,19,12,8,19,20,
577.000000,177.000000,0.145090,4852980.500000,0.858407,0,1
38,34,38,29,32,36,26,22,
619.000000,177.000000,0.142727,76886232.000000,0.659922,0,1
27,23,33,16,36,36,28,39,
565.000000,180.000000,0.147021,51639232.000000,0.804025,0,1
26,21,38,21,27,36,23,28,
572.000000,180.000000,0.141627,4951880.500000,0.821379,0,1
25,29,23,33,29,25,33,31,
682.000000,182.000000,0.221571,122818024.000000,1.371653,0,1
36,48,62,28,41,48,21,30,
634.000000,184.000000,0.220477,133009496.000000,1.125535,0,1
22,15,30,15,25,37,16,27,
587.000000,185.000000,0.154334,2972437.500000,0.952888,0,1
29,27,30,20,25,29,20,20,
640.000000,186.000000,0.221883,105700992.000000,1.419913,0,1
54,55,38,53,55,38,57,53,
544.000000,191.000000,0.110061,8634519.000000,0.463270,0,1
9,16,9,23,16,9,23,23,
558.000000,191.000000,0.098044,172342416.000000,0.234786,0,1
14,22,17,75,17,19,41,15,
557.000000,192.000000,0.097437,225951904.000000,0.232336,0,1
22,75,17,69,41,18,58,17,
669.000000,194.000000,0.178554,195120432.000000,0.936811,0,1
33,40,26,44,33,35,42,32,
637.000000,196.000000,0.221774,70495184.000000,1.414311,0,1
49,46,53,31,44,57,34,43,
664.000000,196.000000,0.176263,121868888.000000,1.155818,0,1
41,33,46,32,40,41,27,32,
564.000000,199.000000,0.146153,45025268.000000,0.830913,0,1
23,21,37,21,24,34,21,24,
602.000000,208.000000,0.135750,54175536.000000,0.451333,0,1
66,53,78,24,44,73,25,29,
603.000000,208.000000,0.135317,74202792.000000,0.451638,0,1
68,68,77,31,61,72,29,30,
502.000000,210.000000,0.116484,5686542.500000,0.504029,0,1
32,31,32,28,28,26,21,20,
505.000000,210.000000,0.116648,6931384.000000,0.515548,0,1
32,31,31,27,25,25,20,19,
519.000000,210.000000,0.117731,2995170.500000,0.581027,0,1
31,31,32,25,27,30,20,22,
564.000000,210.000000,0.145863,37843232.000000,0.850899,0,1
31,22,36,22,32,34,23,31,
544.000000,211.000000,0.119645,6244749.500000,0.684440,0,1
32,31,31,24,25,24,18,19,
683.000000,214.000000,0.269187,18433512.000000,1.058944,0,1
28,51,52,26,31,51,18,18,
615.000000,215.000000,0.139027,18499224.000000,0.498967,0,1
15,24,15,56,31,16,64,66,
616.000000,216.000000,0.141696,28175836.000000,0.513944,0,1
15,31,16,64,38,17,66,59,
632.000000,219.000000,0.167622,9750495.000000,1.039986,0,1
33,29,35,40,40,35,37,50,
602.000000,220.000000,0.145085,35291760.000000,1.055110,0,1
66,51,67,26,47,66,25,24,
603.000000,221.000000,0.145979,31718592.000000,0.659053,0,1
67,47,66,25,43,65,24,25,
646.000000,221.000000,0.224876,58215840.000000,1.225615,0,1
33,38,23,49,35,34,50,48,
570.000000,223.000000,0.141002,9646674.000000,0.907349,0,1
32,31,26,27,27,24,25,22,
650.000000,224.000000,0.228722,65005480.000000,1.573745,0,1
32,35,35,49,44,26,46,40,
563.000000,225.000000,0.144850,27577948.000000,0.888660,0,1
27,25,35,24,28,35,24,28,
629.000000,225.000000,0.152737,88673920.000000,1.232396,0,1
50,62,43,73,77,40,86,86,
630.000000,226.000000,0.152248,66650280.000000,0.606149,0,1
43,77,40,86,71,51,86,82,
442.000000,230.000000,0.143049,4535031.500000,0.474810,0,1
22,22,23,24,25,27,28,31,
165.000000,231.000000,0.214957,48684576.000000,1.724098,0,1
19,20,32,20,31,45,30,46,
647.000000,231.000000,0.224855,33962292.000000,1.547146,0,1
32,26,31,37,32,32,43,44,
488.000000,232.000000,0.134197,901801.625000,0.581702,0,1
37,33,37,33,34,37,31,30,
532.000000,232.000000,0.134845,3249811.500000,0.728276,0,1
34,35,30,37,34,29,38,36,
670.000000,232.000000,0.228742,77870976.000000,1.396444,0,1
28,39,33,47,43,44,57,58,
161.000000,233.000000,0.218241,23531512.000000,1.759672,0,1
19,19,20,19,22,35,24,42,
571.000000,233.000000,0.163335,4834953.000000,1.020235,0,1
28,29,24,27,22,19,21,17,
582.000000,233.000000,0.149398,6520493.500000,0.805769,0,1
37,25,37,19,25,35,19,19,
585.000000,233.000000,0.149148,12787508.000000,0.627661,0,1
26,27,22,33,25,18,35,36,
597.000000,233.000000,0.128244,62129328.000000,0.312005,0,1
56,31,59,11,40,32,12,12,
162.000000,234.000000,0.219126,31669240.000000,1.758289,0,1
20,22,35,24,39,45,42,43,
565.000000,234.000000,0.143790,38199248.000000,0.558209,0,1
27,35,23,31,22,20,30,19,
568.000000,234.000000,0.142594,12658023.000000,0.438170,0,1
28,26,27,19,21,21,16,16,
599.000000,234.000000,0.126273,90444112.000000,0.432146,0,1
41,53,18,19,24,12,15,13,
619.000000,234.000000,0.158465,23277266.000000,0.620269,0,1
61,42,61,26,40,60,25,26,
584.000000,235.000000,0.152690,10725005.000000,0.661745,0,1
35,25,35,19,27,34,19,20,
625.000000,239.000000,0.166994,18517392.000000,1.021113,0,1
62,44,62,27,42,60,27,27,
516.000000,240.000000,0.145110,2477124.000000,0.740634,0,1
32,35,33,37,37,34,39,41,
592.000000,240.000000,0.156910,13034020.000000,0.557242,0,1
13,22,11,35,22,12,36,37,
604.000000,240.000000,0.132766,73044032.000000,0.475442,0,1
17,15,40,13,21,27,13,14,
149.000000,242.000000,0.231089,31869390.000000,1.889475,0,1
18,20,32,23,37,48,43,47,
171.000000,242.000000,0.210366,152171360.000000,1.698407,0,1
31,23,39,21,35,47,23,33,
398.000000,242.000000,0.147849,2349434.250000,0.577592,0,1
26,31,27,33,32,29,33,35,
556.000000,242.000000,0.138973,2975389.500000,0.903230,0,1
25,29,25,32,27,25,31,34,
630.000000,242.000000,0.172329,13952608.000000,1.356864,0,1
60,55,57,36,53,50,34,32,
170.000000,243.000000,0.210402,159963488.000000,1.706940,0,1
23,21,35,20,23,47,21,22,
312.000000,244.000000,0.145975,1333100.500000,0.867636,0,1
28,28,29,30,30,31,31,33,
432.000000,244.000000,0.151310,3958468.250000,0.602660,0,1
29,32,32,33,29,36,36,36,
173.000000,245.000000,0.209834,158704528.000000,1.694122,0,1
55,44,57,31,45,46,36,40,
154.000000,246.000000,0.227727,13005850.000000,1.866883,0,1
40,40,33,39,31,22,27,21,
360.000000,246.000000,0.150101,3701730.500000,0.529201,0,1
30,34,32,32,35,32,36,39,
182.000000,247.000000,0.208788,88704080.000000,1.647618,0,1
37,46,34,49,37,32,46,39,
356.000000,248.000000,0.149970,5437211.500000,0.696886,0,1
34,36,32,35,39,35,40,42,
566.000000,248.000000,0.150758,14639993.000000,0.981865,0,1
25,32,24,36,28,23,32,30,
630.000000,249.000000,0.215423,82157208.000000,1.481032,0,1
28,28,30,31,33,39,47,52,
567.000000,251.000000,0.153348,22558780.000000,0.777353,0,1
24,30,23,39,28,21,36,28,
593.000000,251.000000,0.214121,97741128.000000,1.278988,0,1
44,43,56,32,42,58,34,34,
145.000000,252.000000,0.235882,15215270.000000,1.957434,0,1
43,41,33,40,32,24,29,23,
182.000000,252.000000,0.208198,59089616.000000,1.658770,0,1
40,45,35,46,42,35,44,41,
270.000000,252.000000,0.161035,777623.375000,1.080534,0,1
27,28,30,29,31,33,32,35,
496.000000,253.000000,0.154435,2878151.750000,0.745431,0,1
48,48,45,52,49,45,55,56,
436.000000,254.000000,0.155114,8443815.000000,0.645034,0,1
39,44,42,46,45,50,51,50,
638.000000,254.000000,0.222623,19733860.000000,1.551745,0,1
33,48,34,59,51,36,60,59,
598.000000,255.000000,0.220400,6918725.500000,1.331740,0,1
61,45,62,35,42,61,36,36,
308.000000,256.000000,0.155292,7958130.500000,0.897674,0,1
37,40,38,44,43,39,46,45,
560.000000,257.000000,0.157622,61688484.000000,1.000412,0,1
39,43,26,48,36,23,48,39,
215.000000,260.000000,0.224529,17850010.000000,1.537418,0,1
29,30,31,31,30,30,39,47,
220.000000,260.000000,0.224376,32835700.000000,1.507842,0,1
28,30,29,31,31,30,42,44,
338.000000,260.000000,0.158322,3715182.000000,0.829642,0,1
39,43,46,48,43,49,46,48,
584.000000,260.000000,0.208762,14148019.000000,1.021967,0,1
19,18,24,17,20,31,18,26,
593.000000,260.000000,0.217405,4422018.000000,1.317389,0,1
35,28,34,19,28,34,22,25,
196.000000,261.000000,0.224479,25044778.000000,1.653762,0,1
27,26,28,30,31,33,38,43,
202.000000,261.000000,0.225557,32055582.000000,1.617926,0,1
29,29,29,34,34,33,44,45,
188.000000,262.000000,0.220546,23833870.000000,1.699975,0,1
28,33,30,39,37,37,43,44,
452.000000,262.000000,0.162773,6964357.000000,0.703517,0,1
52,54,56,57,59,59,61,64,
484.000000,262.000000,0.158364,9511671.000000,0.763309,0,1
55,58,59,60,61,61,64,66,
171.000000,263.000000,0.209236,21797204.000000,1.749857,0,1
28,27,34,27,37,45,45,53,
358.000000,264.000000,0.158660,6613631.000000,0.788057,0,1
46,49,46,49,50,46,53,55,
375.000000,264.000000,0.160540,29876436.000000,0.740523,0,1
40,51,42,53,53,45,59,61,
407.000000,264.000000,0.162278,12468345.000000,0.695859,0,1
40,56,47,59,53,42,48,46,
583.000000,264.000000,0.206097,23137654.000000,1.260291,0,1
20,18,28,18,25,32,23,31,
598.000000,264.000000,0.222820,2220917.000000,1.377436,0,1
36,31,37,25,30,37,25,25,
389.000000,265.000000,0.163635,10698040.000000,0.729856,0,1
55,48,55,51,53,59,60,66,
505.000000,265.000000,0.164288,5928416.500000,0.846304,0,1
54,54,55,59,57,57,65,66,
360.000000,266.000000,0.160726,9664055.000000,0.793061,0,1
46,52,48,55,53,49,52,58,
381.000000,266.000000,0.163402,13691353.000000,0.741900,0,1
42,55,44,59,54,49,62,64,
421.000000,266.000000,0.165212,24316474.000000,0.708914,0,1
41,40,43,47,47,49,58,63,
437.000000,266.000000,0.164685,10286074.000000,0.712404,0,1
51,58,52,63,61,61,66,68,
552.000000,266.000000,0.165432,111311496.000000,1.020187,0,1
55,55,43,53,37,25,33,25,
423.000000,267.000000,0.164838,24614970.000000,0.712830,0,1
45,47,50,60,58,58,64,66,
296.000000,268.000000,0.165406,7307661.500000,1.021451,0,1
51,47,51,49,48,54,51,54,
585.000000,268.000000,0.212067,22779104.000000,1.290744,0,1
32,33,27,33,30,20,32,23,
520.000000,269.000000,0.169010,41215512.000000,0.919243,0,1
59,57,56,56,52,52,44,32,
539.000000,269.000000,0.168925,60450584.000000,0.989351,0,1
61,56,57,48,48,45,35,25,
542.000000,269.000000,0.168545,74595496.000000,1.000343,0,1
62,56,54,47,43,42,32,24,
616.000000,269.000000,0.242855,8632229.000000,1.524257,0,1
69,58,71,41,54,70,41,41,
118.000000,270.000000,0.259826,16069709.000000,2.237060,0,1
48,48,41,46,36,27,32,27,
527.000000,270.000000,0.169411,58078348.000000,0.949420,0,1
61,53,58,41,44,45,31,26,
531.000000,270.000000,0.169250,84988288.000000,0.963967,0,1
61,57,55,45,40,39,30,24,
219.000000,272.000000,0.231964,10168069.000000,1.567669,0,1
42,42,33,42,32,27,32,32,
620.000000,272.000000,0.247399,10268320.000000,1.566172,0,1
74,63,74,42,60,74,42,42,
269.000000,274.000000,0.169349,87515824.000000,1.160598,0,1
44,39,42,30,32,36,24,23,
585.000000,274.000000,0.208616,15199075.000000,1.312275,0,1
21,21,31,22,28,34,22,29,
273.000000,275.000000,0.170082,90444336.000000,1.149086,0,1
45,38,42,28,32,36,24,22,
290.000000,275.000000,0.170625,128775416.000000,1.079091,0,1
55,49,55,38,45,48,31,29,
320.000000,275.000000,0.172094,38968984.000000,0.966274,0,1
59,59,59,52,54,56,40,35,
386.000000,275.000000,0.169119,16690163.000000,0.789593,0,1
64,53,68,60,59,65,52,51,
582.000000,275.000000,0.207502,13137031.000000,1.295371,0,1
31,32,22,32,26,22,29,20,
332.000000,276.000000,0.172674,40449184.000000,0.930749,0,1
60,59,56,47,47,44,37,36,
335.000000,276.000000,0.172741,38800656.000000,0.920535,0,1
59,56,55,45,44,43,36,35,
445.000000,276.000000,0.172245,56298888.000000,0.784302,0,1
71,64,58,51,44,38,36,32,
471.000000,276.000000,0.173403,53459448.000000,0.826181,0,1
73,68,68,50,52,53,35,32,
484.000000,276.000000,0.174641,38642440.000000,0.857602,0,1
73,72,74,63,66,68,44,35,
504.000000,276.000000,0.173504,94331432.000000,0.910592,0,1
70,72,59,68,50,36,43,34,
305.000000,277.000000,0.172881,26843074.000000,1.034572,0,1
58,60,58,57,49,43,39,33,
306.000000,277.000000,0.172660,27294864.000000,1.029485,0,1
58,59,55,54,46,41,36,32,
387.000000,277.000000,0.173548,18816092.000000,0.805578,0,1
65,54,64,56,60,63,49,42,
430.000000,277.000000,0.173489,43499484.000000,0.781942,0,1
68,63,66,52,52,55,38,34,
434.000000,277.000000,0.173816,49366672.000000,0.784649,0,1
73,70,70,55,59,55,40,36,
502.000000,277.000000,0.174478,92867864.000000,0.911659,0,1
75,75,60,72,54,37,47,33,
226.000000,278.000000,0.223668,76020928.000000,1.533659,0,1
38,29,39,28,30,39,27,26,
366.000000,278.000000,0.175372,22950706.000000,0.854420,0,1
66,68,65,66,62,59,52,40,
369.000000,278.000000,0.175002,23336392.000000,0.847063,0,1
67,65,67,60,60,61,46,39,
400.000000,278.000000,0.175350,22186432.000000,0.799449,0,1
65,66,65,62,63,64,53,41,
414.000000,278.000000,0.174128,30638114.000000,0.788538,0,1
64,62,60,58,49,50,43,35,
627.000000,278.000000,0.255788,11475785.000000,1.643826,0,1
79,61,79,43,58,79,44,44,
301.000000,279.000000,0.172845,38564152.000000,1.058823,0,1
56,43,42,34,36,34,33,31,
355.000000,279.000000,0.175055,40002864.000000,0.885284,0,1
65,59,64,41,48,53,38,39,
363.000000,279.000000,0.175217,31128236.000000,0.866144,0,1
67,62,66,54,52,52,39,38,
370.000000,279.000000,0.175074,33328438.000000,0.850421,0,1
67,60,61,46,52,52,39,39,
378.000000,279.000000,0.175614,22907364.000000,0.835774,0,1
63,63,62,58,52,51,44,38,
412.000000,279.000000,0.174907,29163438.000000,0.796514,0,1
64,61,55,61,48,39,42,38,
414.000000,279.000000,0.173755,30150778.000000,0.793497,0,1
60,55,48,48,39,39,37,33,
494.000000,279.000000,0.175270,53174492.000000,0.900526,0,1
74,50,63,34,39,41,32,32,
580.000000,279.000000,0.205886,8572891.000000,1.299949,0,1
29,30,20,29,24,23,27,20,
394.000000,280.000000,0.175723,25915198.000000,0.818028,0,1
64,63,58,46,48,47,41,41,
235.000000,281.000000,0.215113,28097200.000000,1.471147,0,1
22,29,20,36,25,18,34,32,
233.000000,288.000000,0.216153,30515120.000000,1.515772,0,1
34,26,35,25,28,35,24,23,
240.000000,289.000000,0.207547,28672720.000000,1.458858,0,1
19,29,19,34,27,18,33,33,
274.000000,297.000000,0.191279,1456190.625000,1.297112,0,1
23,22,24,21,28,26,26,29,
239.000000,298.000000,0.209985,10306198.000000,1.511376,0,1
29,21,32,23,29,33,22,29,
314.000000,126.000000,0.047097,17075216.000000,0.301069,0,1
37,76,81,46,46,41,31,30,
149.000000,118.000000,0.046158,778766976.000000,0.510370,0,1
28,43,27,80,71,31,102,88,
131.000000,114.000000,0.045871,1805121408.000000,0.269758,0,1
71,47,107,45,94,122,91,100,
71.000000,112.000000,0.046013,415857792.000000,0.224038,0,1
36,61,85,93,110,160,107,110,
136.000000,103.000000,0.046200,300412288.000000,0.269452,0,1
38,38,81,27,59,106,29,27,
162.000000,101.000000,0.045668,76477920.000000,0.241734,0,1
25,35,33,69,62,50,107,100,
116.000000,94.000000,0.046251,352306496.000000,0.196810,0,1
82,74,64,65,50,37,44,28,
117.000000,91.000000,0.044212,24632226.000000,0.095499,0,1
21,35,27,62,60,38,82,64,
209.000000,87.000000,0.046900,104162680.000000,0.139797,0,1
24,41,22,58,39,21,59,51,
119.000000,261.000000,0.255044,29672640.000000,1.804307,0,1
26,27,40,29,49,63,56,67,
441.000000,89.000000,0.050008,23046796.000000,0.034907,0,1
103,84,91,32,42,56,28,30,
89.000000,114.000000,0.047064,2272518912.000000,0.315672,0,1
64,42,89,32,54,128,35,36,
188.000000,113.000000,0.046127,1254683392.000000,0.438450,0,1
35,29,56,26,61,123,50,72,
247.000000,112.000000,0.045895,1298007552.000000,0.327993,0,1
40,36,95,35,103,132,97,104,
206.000000,111.000000,0.045277,951813632.000000,0.399448,0,1
44,30,86,25,43,108,27,32,
212.000000,277.000000,0.240085,7403964.000000,1.342326,0,1
42,43,38,43,37,28,35,30,
247.000000,88.000000,0.046459,173845440.000000,0.114029,0,1
30,31,46,28,51,68,40,61,
281.000000,88.000000,0.047365,76125360.000000,0.286436,0,1
58,68,37,50,54,26,39,26,
172.000000,226.000000,0.212524,20441064.000000,1.343530,0,1
19,19,26,20,31,42,38,47,
333.000000,99.000000,0.042316,54670324.000000,0.063773,0,1
26,28,47,30,66,83,77,108,
315.000000,126.000000,0.048047,30638890.000000,0.206128,0,1
38,78,72,45,44,35,31,31,
