# timestamp
1608635182342926336

# fx, fy, cx, cy, width, height, npoints
501.482422,501.475647,421.795471,167.661789,800,400,483

# camToWorld: translation vector, rotation quaternion
-30.529708,55.288059,3.816173,-0.021738,0.724112,-0.688619,0.031525

# Exposure time (ms)
8.828583

# Point Cloud Data : 
# u,v,idepth_scaled,idepth_hessian,maxRelBaseline,numGoodRes,status 
# color information 
583.000000,27.000000,0.233674,585749.062500,0.748633,0,1
26,29,27,17,16,17,14,21,
287.000000,155.000000,0.038950,967565568.000000,0.118483,0,1
117,202,35,216,116,21,146,25,
753.000000,282.000000,0.143107,20673654.000000,1.887006,0,1
30,42,35,51,46,39,55,59,
700.000000,298.000000,0.169259,11168309.000000,0.704218,0,1
159,163,156,173,163,155,171,167,
500.000000,36.000000,0.264557,709865.875000,0.723967,0,1
9,8,17,7,16,20,13,19,
573.000000,42.000000,0.199709,1231068.125000,0.620287,0,1
17,17,16,21,21,22,26,20,
135.000000,49.000000,0.213212,225242256.000000,0.609411,0,1
78,161,74,248,192,81,255,226,
136.000000,49.000000,0.213324,277464256.000000,0.771710,0,1
65,107,57,229,128,53,255,151,
496.000000,52.000000,0.264296,875981.500000,0.803481,0,1
20,19,18,18,16,14,13,12,
129.000000,56.000000,0.201614,43151976.000000,0.752701,0,1
119,95,90,82,78,73,71,60,
726.000000,67.000000,0.142703,16931032.000000,0.601751,0,1
72,63,53,67,54,26,27,26,
752.000000,68.000000,0.150131,135993248.000000,0.950855,0,1
12,15,18,35,47,33,83,62,
731.000000,95.000000,0.126445,458861216.000000,1.551981,0,1
27,46,55,41,66,80,72,99,
742.000000,100.000000,0.127961,1555542656.000000,0.432428,0,1
109,62,219,40,114,242,62,117,
742.000000,111.000000,0.128118,1265568768.000000,0.431292,0,1
117,61,191,73,150,247,151,119,
728.000000,120.000000,0.125826,496472352.000000,0.757294,0,1
131,164,143,192,171,144,198,200,
731.000000,131.000000,0.125019,2352309760.000000,0.759627,0,1
165,193,137,218,164,111,193,166,
742.000000,151.000000,0.127524,3496853760.000000,0.798581,0,1
124,79,197,51,129,182,80,136,
501.000000,155.000000,0.032626,104720064.000000,0.049168,0,1
46,52,142,50,159,253,70,73,
732.000000,160.000000,0.124697,6515061760.000000,1.118944,0,1
146,174,112,196,139,83,168,137,
742.000000,163.000000,0.127232,2972347648.000000,0.798647,0,1
137,80,231,49,139,215,80,132,
732.000000,168.000000,0.124565,6513475584.000000,1.119954,0,1
134,159,102,180,127,73,149,119,
66.000000,169.000000,0.031820,330163680.000000,0.174679,0,1
194,138,185,68,120,133,56,50,
742.000000,176.000000,0.127111,5419347456.000000,1.598882,0,1
101,59,132,41,77,105,47,49,
744.000000,176.000000,0.126911,2360930048.000000,1.607560,0,1
146,132,120,77,105,89,75,56,
729.000000,182.000000,0.124221,4406223872.000000,1.112014,0,1
159,174,129,177,144,100,150,121,
730.000000,184.000000,0.124105,9509516288.000000,1.523809,0,1
121,132,93,136,104,69,110,89,
729.000000,192.000000,0.123921,1849341952.000000,1.522829,0,1
80,76,65,80,64,48,69,59,
743.000000,206.000000,0.124397,30290896.000000,1.605448,0,1
20,28,20,43,33,26,39,52,
716.000000,291.000000,0.151048,18180924.000000,1.770240,0,1
127,131,123,141,130,123,136,135,
727.000000,93.000000,0.131740,6491826.500000,0.789029,0,1
10,10,10,11,14,18,31,38,
132.000000,64.000000,0.194433,1287912.625000,1.270939,0,1
44,41,40,39,37,35,35,34,
727.000000,97.000000,0.124963,489738016.000000,1.523409,0,1
38,44,48,60,67,87,80,111,
717.000000,103.000000,0.127541,2785742336.000000,1.090810,0,1
43,22,60,16,53,63,26,62,
722.000000,104.000000,0.125579,441779808.000000,0.746577,0,1
60,49,83,52,71,98,61,98,
706.000000,127.000000,0.118427,206834624.000000,0.673695,0,1
27,30,24,39,34,26,65,58,
717.000000,140.000000,0.126991,3696535296.000000,0.704921,0,1
135,50,208,34,135,254,49,131,
423.000000,141.000000,0.119064,19436734.000000,0.179433,0,1
42,85,46,151,130,85,255,255,
717.000000,144.000000,0.126981,3637905408.000000,0.704721,0,1
131,49,206,35,134,254,48,136,
288.000000,155.000000,0.039179,491782944.000000,0.118155,0,1
34,119,21,238,35,21,82,20,
41.000000,161.000000,0.031516,2285977344.000000,0.276525,0,1
162,181,140,119,111,63,59,41,
39.000000,162.000000,0.032093,1671745664.000000,0.445359,0,1
163,104,125,70,64,54,45,34,
159.000000,165.000000,0.031480,239076384.000000,0.096877,0,1
200,209,255,105,193,236,57,37,
720.000000,165.000000,0.127212,1086670592.000000,0.714815,0,1
255,239,255,183,252,255,227,246,
185.000000,166.000000,0.031550,182459040.000000,0.085580,0,1
247,199,246,70,156,163,46,28,
503.000000,167.000000,0.030096,170696512.000000,0.045613,0,1
175,53,238,55,196,255,110,174,
672.000000,167.000000,0.045927,371722432.000000,0.091184,0,1
100,66,119,50,192,205,156,254,
663.000000,168.000000,0.045948,305432768.000000,0.128309,0,1
144,100,220,88,175,197,100,102,
720.000000,170.000000,0.127210,817945024.000000,0.715656,0,1
242,222,246,172,238,247,217,230,
680.000000,175.000000,0.048917,237004384.000000,0.146697,0,1
53,134,75,159,167,67,222,175,
717.000000,176.000000,0.126742,4941848576.000000,0.738741,0,1
105,50,159,34,109,200,51,104,
727.000000,183.000000,0.123770,2557522432.000000,1.104445,0,1
188,188,164,188,162,132,165,140,
717.000000,184.000000,0.126630,7646341632.000000,1.085259,0,1
102,49,145,33,98,182,52,96,
717.000000,192.000000,0.126552,10597294080.000000,1.482718,0,1
82,49,117,32,76,121,48,73,
725.000000,192.000000,0.124303,3321545984.000000,1.507892,0,1
111,116,89,116,99,80,102,89,
717.000000,200.000000,0.126398,3438320384.000000,1.488149,0,1
63,42,79,32,58,82,40,50,
721.000000,202.000000,0.123722,857641600.000000,1.492545,0,1
87,86,78,69,62,61,51,32,
94.000000,234.000000,0.087262,7618905.500000,1.222419,0,1
20,19,19,20,21,21,28,25,
703.000000,265.000000,0.128371,257512672.000000,1.522204,0,1
92,101,92,109,100,90,107,106,
676.000000,285.000000,0.168366,6035872.000000,1.255624,0,1
180,178,176,169,169,171,167,167,
687.000000,285.000000,0.162743,10014274.000000,1.272273,0,1
165,164,163,174,172,167,183,181,
688.000000,288.000000,0.153971,8137044.500000,0.628045,0,1
179,181,178,165,167,168,161,170,
552.000000,289.000000,0.150123,1707345.000000,0.783509,0,1
76,70,75,61,70,74,61,61,
528.000000,290.000000,0.147870,6294768.500000,0.718269,0,1
62,62,61,61,62,60,61,58,
584.000000,290.000000,0.143366,3092725.000000,1.155331,0,1
96,95,96,89,93,98,88,86,
670.000000,290.000000,0.158283,5123296.500000,0.394259,0,1
185,183,183,178,181,177,171,169,
687.000000,294.000000,0.162189,5733153.500000,0.500840,0,1
167,175,168,187,182,177,192,185,
687.000000,297.000000,0.163570,10312646.000000,0.515465,0,1
189,186,184,176,175,177,169,166,
717.000000,249.000000,0.124231,666677504.000000,1.533738,0,1
22,28,15,31,22,11,27,21,
719.000000,240.000000,0.124050,293758688.000000,1.528611,0,1
25,24,27,27,21,22,18,12,
717.000000,236.000000,0.124466,372732672.000000,1.516266,0,1
28,36,23,40,27,21,36,28,
480.000000,66.000000,0.220549,632339.062500,0.498262,0,1
6,6,7,6,7,12,7,10,
127.000000,192.000000,0.034637,52011696.000000,0.117967,0,1
75,76,107,71,98,129,76,66,
724.000000,113.000000,0.125841,45625940.000000,0.750319,0,1
153,152,151,112,115,114,77,82,
717.000000,119.000000,0.127240,4062092800.000000,0.737990,0,1
97,48,163,23,102,182,50,111,
677.000000,176.000000,0.048533,336599328.000000,0.098776,0,1
89,86,159,75,140,222,121,182,
717.000000,135.000000,0.127050,3834893312.000000,0.705664,0,1
130,52,206,34,132,254,50,135,
717.000000,160.000000,0.126841,3476465152.000000,0.704538,0,1
128,48,203,34,127,249,48,127,
717.000000,154.000000,0.126847,3585681664.000000,0.704052,0,1
132,50,206,36,131,252,50,132,
718.000000,60.000000,0.085980,25013762.000000,0.743710,0,1
43,46,47,46,48,50,53,54,
661.000000,75.000000,0.122416,34500516.000000,0.956486,0,1
34,36,35,33,30,31,24,23,
671.000000,75.000000,0.122468,60422308.000000,0.993658,0,1
39,41,41,35,37,38,27,25,
679.000000,75.000000,0.124210,83381488.000000,1.043282,0,1
44,48,50,40,38,38,25,27,
687.000000,75.000000,0.125630,69277200.000000,1.090423,0,1
56,61,62,35,34,34,28,27,
474.000000,79.000000,0.193144,3460844.250000,0.661851,0,1
8,7,13,6,12,15,10,14,
451.000000,140.000000,0.033131,18083910.000000,0.023603,0,1
40,53,50,166,129,64,225,255,
280.000000,143.000000,0.030567,198471984.000000,0.069007,0,1
21,62,23,79,122,20,150,206,
448.000000,145.000000,0.031087,11562858.000000,0.047624,0,1
255,230,255,127,157,254,56,48,
168.000000,146.000000,0.031165,6137796608.000000,0.429194,0,1
33,109,33,59,85,15,42,16,
55.000000,149.000000,0.031850,2972066304.000000,0.425025,0,1
24,31,50,30,45,91,38,54,
431.000000,152.000000,0.029575,103072944.000000,0.044571,0,1
220,255,85,238,121,52,102,51,
55.000000,153.000000,0.031317,1911075840.000000,0.289596,0,1
54,59,100,54,105,164,82,103,
44.000000,155.000000,0.031656,3934353664.000000,0.300973,0,1
193,233,134,209,175,69,109,52,
144.000000,158.000000,0.030444,6247062528.000000,0.309229,0,1
20,52,19,148,20,22,46,23,
491.000000,158.000000,0.030710,175216592.000000,0.046281,0,1
212,250,85,253,143,63,161,60,
409.000000,159.000000,0.029355,134630528.000000,0.044431,0,1
187,250,88,255,156,42,190,94,
75.000000,161.000000,0.031025,871558400.000000,0.175713,0,1
232,193,225,144,163,107,76,33,
55.000000,162.000000,0.031245,14383088640.000000,0.619913,0,1
84,64,91,51,68,73,54,52,
103.000000,167.000000,0.030833,2259867904.000000,0.230195,0,1
63,57,173,40,99,232,54,45,
284.000000,169.000000,0.031981,149053392.000000,0.071441,0,1
41,34,135,33,150,251,69,117,
466.000000,169.000000,0.032674,263856528.000000,0.057123,0,1
188,195,175,131,164,57,64,66,
162.000000,176.000000,0.030686,4143678208.000000,0.291724,0,1
63,189,75,194,140,115,191,48,
61.000000,185.000000,0.031613,2203119104.000000,0.287911,0,1
84,104,232,80,167,196,98,92,
51.000000,186.000000,0.032291,1157704832.000000,0.647079,0,1
27,32,34,55,59,64,79,76,
181.000000,187.000000,0.032345,190771712.000000,0.287461,0,1
59,53,59,52,68,69,58,57,
510.000000,188.000000,0.035272,81421064.000000,0.084374,0,1
134,134,153,119,130,139,108,104,
468.000000,202.000000,0.061216,65321748.000000,0.238558,0,1
89,77,95,80,99,108,72,52,
362.000000,216.000000,0.063994,21831282.000000,0.197330,0,1
37,44,48,39,43,33,31,28,
122.000000,234.000000,0.092498,8375654.000000,0.870479,0,1
17,18,19,23,25,27,27,20,
672.000000,244.000000,0.109509,124288744.000000,1.232839,0,1
45,70,54,106,87,68,108,108,
679.000000,256.000000,0.120295,101980000.000000,1.349199,0,1
115,125,109,140,134,115,134,131,
624.000000,263.000000,0.129234,37224264.000000,1.168172,0,1
159,151,155,168,153,153,163,157,
671.000000,267.000000,0.133769,41270732.000000,1.051853,0,1
172,174,176,166,166,166,160,161,
632.000000,278.000000,0.140009,18193650.000000,0.965061,0,1
155,152,160,144,147,160,152,153,
634.000000,137.000000,0.039007,764559680.000000,0.134618,0,1
50,37,163,67,95,222,85,133,
663.000000,167.000000,0.045647,1123559040.000000,0.181258,0,1
80,87,168,85,179,185,101,153,
169.000000,156.000000,0.030709,536797600.000000,0.125036,0,1
21,69,20,95,126,18,176,167,
498.000000,185.000000,0.029953,104790320.000000,0.063975,0,1
114,134,106,158,132,93,150,124,
651.000000,76.000000,0.123869,78573216.000000,1.535712,0,1
30,31,31,24,23,23,21,22,
78.000000,144.000000,0.043503,8233567232.000000,0.571625,0,1
22,26,32,36,123,159,106,185,
239.000000,150.000000,0.031677,891455232.000000,0.145650,0,1
253,234,255,121,213,224,89,39,
156.000000,157.000000,0.031115,26708025344.000000,0.449676,0,1
41,119,22,146,63,19,133,45,
88.000000,161.000000,0.031270,1140129920.000000,0.261993,0,1
241,220,201,155,151,88,59,34,
263.000000,167.000000,0.031143,1035971648.000000,0.125704,0,1
30,75,31,184,134,33,174,149,
354.000000,167.000000,0.030689,142865984.000000,0.055146,0,1
33,44,44,83,77,62,239,239,
73.000000,173.000000,0.031720,2548986112.000000,0.279720,0,1
77,67,123,65,133,213,122,111,
633.000000,173.000000,0.040309,217353792.000000,0.214483,0,1
156,135,96,59,97,84,33,30,
177.000000,175.000000,0.030696,1522033536.000000,0.189924,0,1
29,69,30,137,57,31,149,48,
111.000000,178.000000,0.031596,897867968.000000,0.249171,0,1
163,247,194,230,126,50,98,34,
112.000000,178.000000,0.031293,1608484096.000000,0.245260,0,1
140,224,126,201,81,33,54,33,
71.000000,179.000000,0.030929,1578227200.000000,0.274667,0,1
181,231,186,216,158,79,111,40,
63.000000,197.000000,0.031496,298428928.000000,0.418556,0,1
77,78,80,63,70,64,56,58,
464.000000,198.000000,0.059369,23515938.000000,0.107202,0,1
66,69,71,69,78,79,111,108,
663.000000,209.000000,0.095504,102014240.000000,1.074952,0,1
84,74,88,39,43,64,38,40,
475.000000,226.000000,0.083207,25204958.000000,0.228652,0,1
48,65,45,71,61,46,64,47,
660.000000,240.000000,0.100827,155439344.000000,1.195821,0,1
67,101,73,141,113,86,147,148,
646.000000,242.000000,0.108127,368081632.000000,1.265967,0,1
200,208,200,220,209,204,227,215,
648.000000,243.000000,0.107441,453300224.000000,1.265086,0,1
197,209,197,222,206,193,209,206,
646.000000,249.000000,0.113971,328963360.000000,1.389517,0,1
225,217,218,203,203,203,191,190,
648.000000,249.000000,0.113808,158751248.000000,1.401641,0,1
221,218,214,203,203,204,192,189,
656.000000,250.000000,0.114073,902624384.000000,1.444004,0,1
183,188,179,189,174,171,174,170,
665.000000,250.000000,0.113337,514000320.000000,1.474399,0,1
141,138,132,151,141,129,147,140,
528.000000,256.000000,0.113296,10108592.000000,0.535699,0,1
81,81,79,76,76,76,71,70,
584.000000,259.000000,0.121420,28393208.000000,0.957068,0,1
140,134,142,132,134,139,128,124,
573.000000,260.000000,0.118778,12244564.000000,0.905883,0,1
123,120,124,113,117,119,108,109,
623.000000,263.000000,0.130057,58840924.000000,0.978106,0,1
153,159,150,169,165,150,165,155,
590.000000,267.000000,0.132626,14558928.000000,1.050342,0,1
131,127,130,120,120,126,117,117,
638.000000,249.000000,0.114459,505644800.000000,1.358705,0,1
224,225,225,218,213,211,204,202,
325.000000,143.000000,0.033622,360840192.000000,0.081992,0,1
23,36,69,28,188,71,125,247,
101.000000,148.000000,0.030857,2392742912.000000,0.248288,0,1
33,118,51,202,163,42,159,69,
475.000000,212.000000,0.074665,9683400.000000,0.176980,0,1
52,49,60,45,66,70,47,48,
463.000000,198.000000,0.057829,60826904.000000,0.143063,0,1
69,69,68,63,76,78,88,106,
495.000000,183.000000,0.034359,54973000.000000,0.070336,0,1
105,91,117,84,115,120,111,156,
79.000000,143.000000,0.043854,5270162944.000000,0.575300,0,1
21,22,23,26,32,34,123,240,
465.000000,94.000000,0.143403,2387869.000000,0.844371,0,1
7,7,12,7,11,15,10,15,
705.000000,134.000000,0.054322,8430526464.000000,0.753644,0,1
30,67,54,116,128,52,195,131,
628.000000,141.000000,0.038989,6683404800.000000,0.288668,0,1
168,67,222,44,154,176,46,112,
216.000000,143.000000,0.031426,948986432.000000,0.235702,0,1
15,31,33,26,81,77,46,24,
357.000000,146.000000,0.030527,579613312.000000,0.072518,0,1
144,250,91,255,123,35,166,56,
91.000000,154.000000,0.031320,6583200768.000000,0.378560,0,1
194,176,234,77,148,197,55,48,
335.000000,154.000000,0.031939,347432192.000000,0.101650,0,1
255,255,218,244,225,48,163,37,
296.000000,160.000000,0.038076,1343530368.000000,0.180371,0,1
39,36,105,24,99,176,42,74,
167.000000,174.000000,0.030917,1904702080.000000,0.288861,0,1
254,219,241,74,105,174,73,35,
299.000000,177.000000,0.037820,246111536.000000,0.178705,0,1
34,32,29,50,69,70,83,90,
167.000000,187.000000,0.029514,159929568.000000,0.275405,0,1
70,65,69,64,76,84,80,87,
170.000000,187.000000,0.032276,485975808.000000,0.300960,0,1
68,69,64,81,81,62,96,90,
159.000000,189.000000,0.032462,448249024.000000,0.315808,0,1
67,94,70,106,102,70,98,75,
143.000000,192.000000,0.031232,351585440.000000,0.321986,0,1
94,81,88,59,67,57,52,48,
144.000000,192.000000,0.031481,286633344.000000,0.324117,0,1
91,89,74,63,66,53,54,48,
168.000000,193.000000,0.030809,145848320.000000,0.289116,0,1
78,62,63,47,51,49,39,35,
656.000000,193.000000,0.093064,17051466752.000000,1.354558,0,1
127,183,91,179,139,56,166,124,
76.000000,195.000000,0.031222,632125504.000000,0.591099,0,1
74,75,81,64,69,71,58,56,
253.000000,197.000000,0.050521,46203872.000000,0.446247,0,1
47,52,50,40,40,38,33,31,
653.000000,197.000000,0.093119,16782364672.000000,1.344338,0,1
151,104,149,56,135,133,99,119,
652.000000,200.000000,0.093160,14346442752.000000,1.343774,0,1
99,51,119,43,91,115,52,90,
342.000000,205.000000,0.057928,92960200.000000,0.232874,0,1
61,67,70,49,46,41,43,40,
429.000000,224.000000,0.071726,5789492.500000,0.293510,0,1
36,46,38,43,39,33,35,30,
481.000000,229.000000,0.055558,4495805.000000,0.301201,0,1
42,38,40,42,44,42,49,45,
648.000000,231.000000,0.092364,230189312.000000,1.363876,0,1
35,47,30,84,58,35,87,96,
647.000000,233.000000,0.094017,715359808.000000,1.396539,0,1
72,102,71,133,110,79,143,154,
652.000000,235.000000,0.095775,105595416.000000,1.483209,0,1
46,80,54,125,93,65,136,144,
656.000000,236.000000,0.097846,264777712.000000,1.548519,0,1
37,57,46,91,65,53,108,119,
624.000000,243.000000,0.111805,153714688.000000,1.737505,0,1
243,241,246,228,237,237,225,217,
639.000000,244.000000,0.110642,253109264.000000,1.283510,0,1
232,233,237,232,228,226,225,222,
526.000000,248.000000,0.113574,8627773.000000,0.829756,0,1
86,84,87,81,85,89,79,79,
630.000000,248.000000,0.115019,153687120.000000,1.327937,0,1
234,230,233,222,228,220,211,203,
590.000000,249.000000,0.109951,117440504.000000,1.059757,0,1
174,161,176,143,163,178,148,153,
542.000000,250.000000,0.105596,11414651.000000,0.806574,0,1
101,100,103,96,99,101,94,93,
615.000000,250.000000,0.116740,125710264.000000,1.288603,0,1
215,208,209,200,198,198,194,186,
622.000000,251.000000,0.118119,170640160.000000,1.351879,0,1
218,218,216,201,207,207,194,188,
583.000000,252.000000,0.114490,68774976.000000,1.106423,0,1
148,146,152,137,145,152,128,135,
608.000000,256.000000,0.119583,99974184.000000,1.321220,0,1
179,169,174,153,164,173,148,151,
276.000000,260.000000,0.119647,37773868.000000,1.184276,0,1
13,14,14,20,20,20,22,16,
476.000000,260.000000,0.116468,71222160.000000,0.755576,0,1
51,50,52,45,49,51,43,42,
252.000000,262.000000,0.118808,55033148.000000,1.887427,0,1
17,19,20,15,15,15,12,11,
260.000000,262.000000,0.118599,48920536.000000,1.820845,0,1
17,20,20,16,16,16,12,12,
270.000000,262.000000,0.118288,74342896.000000,1.740488,0,1
18,20,21,16,16,16,12,12,
280.000000,262.000000,0.119024,41583152.000000,1.157109,0,1
19,22,22,16,16,16,12,12,
217.000000,184.000000,0.059469,793684416.000000,0.500287,0,1
69,41,72,25,57,66,34,44,
623.000000,139.000000,0.038828,3304704512.000000,0.280442,0,1
46,31,125,26,66,124,32,51,
350.000000,153.000000,0.030886,420816960.000000,0.081891,0,1
236,251,154,254,101,34,159,51,
248.000000,153.000000,0.030207,960268928.000000,0.193366,0,1
35,110,48,176,158,135,250,251,
559.000000,172.000000,0.035429,710519296.000000,0.176129,0,1
56,71,48,135,78,61,149,148,
487.000000,149.000000,0.030768,596156160.000000,0.069824,0,1
190,254,107,254,165,45,181,62,
349.000000,183.000000,0.033138,36336356.000000,0.101020,0,1
108,107,88,105,106,86,118,117,
499.000000,183.000000,0.028639,83116800.000000,0.085930,0,1
91,106,82,120,96,81,126,108,
666.000000,136.000000,0.046192,8908450816.000000,0.532428,0,1
45,40,108,34,132,136,83,160,
592.000000,138.000000,0.032771,3612140032.000000,0.247683,0,1
44,45,117,37,165,90,61,79,
438.000000,139.000000,0.029742,95233912.000000,0.045052,0,1
116,122,255,58,161,240,51,92,
469.000000,142.000000,0.033928,364675648.000000,0.069645,0,1
95,228,82,255,179,80,175,60,
307.000000,154.000000,0.030840,790563904.000000,0.165382,0,1
246,255,252,255,144,59,126,29,
394.000000,160.000000,0.033476,176225920.000000,0.052453,0,1
255,195,255,63,120,254,50,41,
368.000000,161.000000,0.030378,642874112.000000,0.080517,0,1
250,255,93,240,178,49,230,132,
631.000000,165.000000,0.039365,5812315136.000000,0.378447,0,1
142,108,193,64,145,111,62,67,
704.000000,165.000000,0.053661,26421080064.000000,0.924373,0,1
35,38,111,52,125,167,64,159,
159.000000,177.000000,0.030664,11619351552.000000,0.376962,0,1
102,61,194,43,155,191,50,34,
87.000000,184.000000,0.030597,22109394944.000000,0.592858,0,1
64,54,160,56,123,212,94,97,
460.000000,184.000000,0.031551,46388080.000000,0.076557,0,1
101,139,93,139,115,98,135,104,
347.000000,186.000000,0.031821,73984336.000000,0.128947,0,1
111,99,126,83,103,105,79,85,
142.000000,191.000000,0.031016,917952256.000000,0.409075,0,1
81,76,94,64,81,88,59,52,
90.000000,195.000000,0.030937,932231552.000000,0.597553,0,1
100,90,92,70,78,72,65,70,
344.000000,205.000000,0.058872,178342768.000000,0.308193,0,1
58,70,66,46,41,41,41,39,
376.000000,207.000000,0.055613,36834920.000000,0.226085,0,1
50,51,49,48,46,39,42,36,
597.000000,207.000000,0.067377,2060343296.000000,0.660768,0,1
170,150,141,94,93,85,71,61,
284.000000,211.000000,0.067019,15261815.000000,0.566987,0,1
27,40,40,37,33,29,27,24,
636.000000,229.000000,0.090980,457738400.000000,1.671431,0,1
60,100,80,151,129,104,174,185,
434.000000,236.000000,0.101392,10485602.000000,0.622350,0,1
29,30,31,28,31,34,32,36,
457.000000,238.000000,0.101622,59223244.000000,0.668395,0,1
32,31,31,37,35,39,40,42,
604.000000,238.000000,0.099585,1920774784.000000,1.756006,0,1
228,209,231,190,219,234,207,212,
456.000000,240.000000,0.103301,27024940.000000,0.700030,0,1
35,37,42,37,40,43,42,44,
494.000000,240.000000,0.103132,35063488.000000,0.820710,0,1
49,51,57,40,48,60,43,49,
582.000000,244.000000,0.103006,126226192.000000,1.273684,0,1
179,174,181,159,174,182,159,159,
611.000000,244.000000,0.107134,137328560.000000,1.535495,0,1
226,215,223,205,214,222,202,211,
575.000000,245.000000,0.105739,93009840.000000,1.290279,0,1
167,155,169,142,154,164,140,142,
455.000000,241.000000,0.104168,81688616.000000,0.713787,0,1
37,37,40,44,42,44,44,45,
608.000000,184.000000,0.072271,14722225152.000000,0.743800,0,1
165,228,113,255,158,100,218,146,
551.000000,172.000000,0.031838,1670473472.000000,0.185892,0,1
56,38,89,39,86,150,110,141,
369.000000,159.000000,0.030549,788828160.000000,0.079362,0,1
149,247,134,255,150,39,218,77,
443.000000,161.000000,0.029155,34574520.000000,0.043117,0,1
43,69,61,194,136,90,231,255,
460.000000,183.000000,0.031513,35108208.000000,0.075400,0,1
98,122,92,131,109,97,148,112,
90.000000,185.000000,0.030356,2701390592.000000,0.581212,0,1
213,212,205,121,133,118,99,84,
568.000000,124.000000,0.063431,66109032.000000,0.912021,0,1
30,30,31,28,31,35,29,29,
660.000000,127.000000,0.063427,6295991808.000000,1.476642,0,1
27,22,52,23,31,53,48,94,
463.000000,135.000000,0.034104,646801856.000000,0.099906,0,1
41,32,32,31,33,30,78,152,
677.000000,135.000000,0.048620,11336728576.000000,0.886652,0,1
47,68,73,61,126,163,114,173,
680.000000,135.000000,0.049098,17266923520.000000,1.079672,0,1
32,60,47,163,131,56,236,207,
443.000000,138.000000,0.035394,200938832.000000,0.043336,0,1
45,126,56,255,120,35,243,131,
591.000000,138.000000,0.032728,5649483776.000000,0.412330,0,1
31,33,100,42,64,181,38,44,
529.000000,139.000000,0.031707,8909099008.000000,0.248645,0,1
55,38,223,35,153,239,151,243,
348.000000,140.000000,0.031659,2083221376.000000,0.195393,0,1
25,92,32,208,134,38,205,82,
555.000000,140.000000,0.031874,7522739200.000000,0.312770,0,1
32,37,131,47,158,253,43,58,
298.000000,141.000000,0.031517,4480697344.000000,0.319274,0,1
25,28,120,22,65,211,22,24,
388.000000,141.000000,0.031648,1102862976.000000,0.095781,0,1
231,175,145,46,121,47,54,49,
367.000000,142.000000,0.031022,282302176.000000,0.100962,0,1
30,120,36,161,141,83,252,253,
513.000000,142.000000,0.032490,3723448064.000000,0.216456,0,1
54,52,232,50,115,251,38,41,
238.000000,143.000000,0.031376,25782835200.000000,0.468704,0,1
24,42,73,41,129,186,93,142,
312.000000,143.000000,0.031608,15740082176.000000,0.285060,0,1
28,78,25,216,28,25,126,56,
486.000000,143.000000,0.032040,2419826432.000000,0.146566,0,1
163,137,254,53,227,250,55,50,
552.000000,144.000000,0.032105,8311129088.000000,0.308230,0,1
34,36,40,39,118,64,110,239,
574.000000,144.000000,0.031963,17852418048.000000,0.359439,0,1
189,55,218,34,122,114,40,33,
259.000000,145.000000,0.030617,8236639744.000000,0.342034,0,1
249,204,236,63,122,71,39,31,
386.000000,145.000000,0.029837,462465024.000000,0.078339,0,1
216,254,131,255,164,50,113,41,
270.000000,146.000000,0.030720,8366773760.000000,0.377756,0,1
30,78,30,213,154,25,248,136,
337.000000,147.000000,0.031387,6569807872.000000,0.220506,0,1
219,85,255,28,161,255,33,35,
607.000000,147.000000,0.034767,15217180672.000000,0.487344,0,1
59,85,85,88,91,154,63,50,
582.000000,148.000000,0.032029,6802202112.000000,0.379765,0,1
254,241,159,157,148,80,77,29,
222.000000,149.000000,0.031060,13489658880.000000,0.503224,0,1
20,22,100,17,53,117,21,20,
309.000000,149.000000,0.031345,4951848960.000000,0.289872,0,1
255,217,245,51,120,72,38,61,
136.000000,150.000000,0.031193,18937962496.000000,0.615983,0,1
29,59,39,200,129,45,235,179,
224.000000,150.000000,0.031108,21213476864.000000,0.499216,0,1
85,142,47,38,81,17,31,17,
681.000000,150.000000,0.049218,7842771968.000000,1.087527,0,1
97,86,123,32,58,74,47,29,
319.000000,151.000000,0.031924,9675996160.000000,0.271410,0,1
63,55,47,30,92,166,68,167,
267.000000,152.000000,0.031186,20472301568.000000,0.392883,0,1
188,60,215,31,104,187,35,33,
239.000000,153.000000,0.031416,12901897216.000000,0.467497,0,1
83,56,38,73,80,29,163,113,
338.000000,153.000000,0.031747,2959144960.000000,0.222212,0,1
241,249,197,218,129,33,48,45,
224.000000,154.000000,0.031117,5207415808.000000,0.499794,0,1
17,27,17,30,53,17,76,28,
574.000000,154.000000,0.032097,21030012928.000000,0.362268,0,1
149,231,130,235,176,48,218,130,
258.000000,156.000000,0.031453,16554305536.000000,0.420450,0,1
219,181,215,49,84,133,39,28,
432.000000,156.000000,0.030736,253608160.000000,0.031880,0,1
50,48,104,43,203,251,87,168,
660.000000,156.000000,0.045103,19478319104.000000,0.750189,0,1
33,85,54,140,124,39,158,99,
667.000000,156.000000,0.046327,20524603392.000000,0.945942,0,1
27,25,34,29,91,85,87,151,
547.000000,157.000000,0.032028,7671977472.000000,0.297100,0,1
221,116,187,36,147,90,44,60,
391.000000,159.000000,0.029695,533672896.000000,0.074147,0,1
169,77,253,47,114,195,57,48,
266.000000,160.000000,0.031321,6739212800.000000,0.399032,0,1
28,41,45,65,148,153,199,229,
312.000000,160.000000,0.032148,2442860800.000000,0.206568,0,1
36,162,28,232,123,25,196,65,
344.000000,160.000000,0.031067,5952721408.000000,0.204310,0,1
126,236,68,247,119,30,165,53,
255.000000,161.000000,0.031128,13182383104.000000,0.423604,0,1
29,91,30,186,122,24,190,186,
327.000000,161.000000,0.031392,5991794688.000000,0.248930,0,1
213,235,104,253,164,26,186,102,
414.000000,161.000000,0.029771,335128224.000000,0.049174,0,1
35,86,44,162,102,67,254,255,
568.000000,162.000000,0.032206,9958642688.000000,0.351352,0,1
163,197,118,169,142,50,169,119,
243.000000,163.000000,0.031380,20593686528.000000,0.458631,0,1
126,185,79,181,131,29,127,75,
426.000000,164.000000,0.032346,283739648.000000,0.051520,0,1
129,62,211,42,124,255,109,235,
495.000000,164.000000,0.032311,3126157824.000000,0.177978,0,1
204,136,255,47,213,229,54,65,
218.000000,167.000000,0.031241,27363586048.000000,0.520072,0,1
52,65,93,52,178,101,126,186,
508.000000,167.000000,0.032131,4445707264.000000,0.209467,0,1
77,154,61,254,174,44,169,66,
408.000000,168.000000,0.030394,577270848.000000,0.071990,0,1
39,72,49,110,146,95,250,249,
438.000000,168.000000,0.032392,394386368.000000,0.067837,0,1
68,64,83,177,186,99,134,228,
341.000000,169.000000,0.031230,4986608640.000000,0.218076,0,1
32,116,37,144,162,72,240,255,
380.000000,169.000000,0.031517,2551147264.000000,0.130605,0,1
76,63,216,44,180,231,73,204,
398.000000,169.000000,0.030468,1239738112.000000,0.090115,0,1
61,153,58,239,119,46,253,91,
473.000000,169.000000,0.031534,2709991424.000000,0.128257,0,1
72,63,239,42,166,226,53,66,
487.000000,169.000000,0.031790,4277189120.000000,0.160262,0,1
79,38,207,37,101,233,49,58,
623.000000,169.000000,0.039140,11951769600.000000,0.622570,0,1
34,25,51,24,39,68,25,36,
312.000000,170.000000,0.031492,8894818304.000000,0.291131,0,1
23,96,26,228,96,26,246,204,
389.000000,170.000000,0.031412,1445889664.000000,0.112492,0,1
240,153,179,50,135,122,51,57,
448.000000,170.000000,0.031392,988975104.000000,0.082178,0,1
226,188,253,65,196,128,79,64,
611.000000,170.000000,0.034956,7495151104.000000,0.506536,0,1
122,134,128,48,67,60,40,43,
324.000000,172.000000,0.031145,8830963712.000000,0.259585,0,1
116,71,251,31,184,236,59,49,
344.000000,172.000000,0.030901,3719116032.000000,0.210463,0,1
160,251,108,255,143,36,80,37,
525.000000,172.000000,0.031659,3846021632.000000,0.248248,0,1
56,78,63,132,191,54,218,164,
536.000000,172.000000,0.031978,7412541440.000000,0.277075,0,1
55,45,74,36,159,78,92,136,
577.000000,172.000000,0.032506,1620972160.000000,0.381208,0,1
40,27,67,61,68,101,134,161,
215.000000,173.000000,0.031014,16032527360.000000,0.524708,0,1
30,25,64,23,52,193,30,50,
218.000000,175.000000,0.030918,22933180416.000000,0.515951,0,1
187,235,62,109,133,53,81,32,
416.000000,175.000000,0.031851,346584640.000000,0.082221,0,1
47,42,42,78,76,78,99,94,
120.000000,176.000000,0.030540,59316813824.000000,0.751318,0,1
117,108,210,59,179,252,81,80,
239.000000,176.000000,0.031432,20734793728.000000,0.474120,0,1
196,111,255,40,86,82,30,24,
255.000000,176.000000,0.032499,2084070400.000000,0.452605,0,1
253,166,196,45,53,40,30,42,
340.000000,176.000000,0.031568,981347264.000000,0.228868,0,1
44,34,36,71,78,82,116,118,
358.000000,176.000000,0.031031,955572288.000000,0.183479,0,1
39,49,50,100,105,96,142,122,
362.000000,176.000000,0.030892,792977664.000000,0.173736,0,1
39,49,51,96,97,96,122,121,
368.000000,176.000000,0.030692,760052736.000000,0.159582,0,1
43,55,55,97,96,96,115,106,
376.000000,176.000000,0.030641,572044288.000000,0.142786,0,1
41,58,59,95,96,95,108,99,
384.000000,176.000000,0.030776,502373696.000000,0.127777,0,1
42,61,57,97,92,91,103,99,
399.000000,176.000000,0.031285,487123264.000000,0.103529,0,1
40,69,72,100,102,117,103,103,
408.000000,176.000000,0.031401,339963520.000000,0.091180,0,1
38,73,75,99,99,98,102,100,
526.000000,176.000000,0.033939,485766400.000000,0.276519,0,1
143,133,125,115,117,112,99,84,
568.000000,176.000000,0.034438,606199680.000000,0.388999,0,1
152,135,134,114,116,114,99,90,
584.000000,176.000000,0.034950,171571984.000000,0.438290,0,1
144,142,137,119,123,126,99,93,
138.000000,177.000000,0.030939,17537818624.000000,0.506783,0,1
164,244,98,249,150,73,126,40,
312.000000,177.000000,0.032154,954099392.000000,0.303262,0,1
26,36,26,78,68,55,88,76,
536.000000,177.000000,0.035242,269316416.000000,0.317053,0,1
126,115,120,96,100,104,84,75,
99.000000,178.000000,0.030585,27561834496.000000,0.684202,0,1
187,244,118,232,116,56,123,38,
282.000000,178.000000,0.033222,1666006016.000000,0.333776,0,1
30,46,30,77,73,57,104,96,
288.000000,179.000000,0.038370,7844185088.000000,0.457198,0,1
30,81,20,99,50,18,87,42,
667.000000,179.000000,0.047086,5548943872.000000,0.977154,0,1
176,143,136,47,70,98,34,33,
320.000000,180.000000,0.033085,773011328.000000,0.296355,0,1
85,76,89,66,80,80,62,58,
606.000000,180.000000,0.072098,15071933440.000000,0.934902,0,1
173,60,75,71,151,78,236,255,
331.000000,181.000000,0.036893,395544672.000000,0.310113,0,1
103,95,95,75,80,83,64,66,
95.000000,183.000000,0.031007,15850507264.000000,0.587156,0,1
38,82,35,211,109,43,158,92,
427.000000,183.000000,0.036453,110643576.000000,0.115727,0,1
113,108,133,94,114,137,97,107,
226.000000,184.000000,0.031779,866866368.000000,0.517418,0,1
86,76,85,67,70,71,57,56,
240.000000,184.000000,0.032433,738416064.000000,0.494432,0,1
80,69,81,58,63,69,55,54,
453.000000,184.000000,0.032179,91541144.000000,0.120426,0,1
101,87,125,88,102,105,87,97,
287.000000,185.000000,0.039901,389828800.000000,0.490187,0,1
34,40,36,54,53,36,61,61,
288.000000,185.000000,0.039103,883914176.000000,0.474007,0,1
28,40,31,53,45,32,60,51,
358.000000,186.000000,0.031777,123512488.000000,0.200832,0,1
99,88,108,81,89,97,75,74,
234.000000,187.000000,0.030984,195528896.000000,0.483251,0,1
71,75,71,58,60,54,55,51,
303.000000,187.000000,0.039107,324666624.000000,0.428546,0,1
69,73,72,55,60,59,53,54,
400.000000,188.000000,0.035376,69403400.000000,0.146887,0,1
90,70,90,64,78,82,58,59,
470.000000,189.000000,0.032815,126889040.000000,0.160300,0,1
146,123,134,98,112,96,87,86,
481.000000,189.000000,0.031531,100519192.000000,0.171812,0,1
118,96,122,87,98,103,76,78,
145.000000,190.000000,0.031072,892916096.000000,0.502182,0,1
68,81,67,94,75,67,88,57,
127.000000,191.000000,0.030644,2464820992.000000,0.629748,0,1
73,70,80,70,88,121,80,85,
216.000000,192.000000,0.059466,2137501312.000000,1.308894,0,1
26,20,34,19,24,37,19,23,
228.000000,192.000000,0.031138,95141352.000000,0.503785,0,1
56,51,50,43,46,38,45,45,
524.000000,192.000000,0.040899,179428928.000000,0.366908,0,1
104,101,102,84,93,89,83,79,
538.000000,192.000000,0.030720,77392608.000000,0.243872,0,1
100,89,102,81,88,94,78,79,
506.000000,193.000000,0.034291,267283104.000000,0.251277,0,1
107,106,102,93,96,86,85,76,
606.000000,193.000000,0.072087,28260775936.000000,1.475035,0,1
189,66,95,87,109,62,177,186,
473.000000,194.000000,0.048706,198099408.000000,0.296187,0,1
90,86,94,74,79,82,64,64,
383.000000,195.000000,0.049930,174500656.000000,0.306183,0,1
68,67,65,59,57,52,52,49,
384.000000,195.000000,0.049935,160325296.000000,0.303274,0,1
68,67,60,58,54,51,51,48,
433.000000,195.000000,0.050643,162645504.000000,0.238373,0,1
70,71,73,57,59,63,53,48,
440.000000,195.000000,0.051254,118222648.000000,0.248496,0,1
73,67,75,60,64,72,53,51,
240.000000,196.000000,0.031029,248443952.000000,0.474918,0,1
37,32,36,33,38,42,42,41,
448.000000,196.000000,0.050340,82584784.000000,0.257596,0,1
75,69,74,57,60,61,54,52,
282.000000,197.000000,0.051555,169171552.000000,0.743362,0,1
48,52,52,41,45,43,35,39,
200.000000,198.000000,0.061229,3976818688.000000,1.482988,0,1
24,32,14,35,24,12,29,25,
368.000000,199.000000,0.056613,275902880.000000,0.443009,0,1
49,51,58,56,72,68,85,88,
594.000000,199.000000,0.060972,482802944.000000,1.054153,0,1
75,77,78,86,88,88,98,113,
200.000000,200.000000,0.061248,3227305472.000000,1.486757,0,1
24,29,15,33,25,11,26,18,
283.000000,205.000000,0.058218,96983992.000000,0.906377,0,1
36,44,40,35,36,31,28,24,
567.000000,205.000000,0.067608,781232384.000000,1.091457,0,1
115,122,125,131,135,131,140,150,
582.000000,205.000000,0.066496,1989231744.000000,1.154446,0,1
120,138,136,152,155,151,164,180,
589.000000,205.000000,0.067803,1798023424.000000,0.810484,0,1
116,138,133,159,158,145,168,136,
548.000000,206.000000,0.069406,512399360.000000,1.020278,0,1
99,96,99,100,103,108,115,122,
569.000000,206.000000,0.068845,1135577984.000000,1.142315,0,1
124,134,129,144,142,134,155,163,
459.000000,210.000000,0.064658,175917504.000000,0.495540,0,1
54,52,53,44,45,49,40,37,
550.000000,211.000000,0.070256,242003456.000000,1.073526,0,1
131,129,133,118,123,125,109,115,
276.000000,212.000000,0.064203,11278087.000000,0.711770,0,1
36,38,37,27,28,30,22,25,
542.000000,212.000000,0.074312,1095898880.000000,1.135013,0,1
86,86,86,103,92,97,106,99,
592.000000,212.000000,0.072988,3050810624.000000,1.454477,0,1
50,75,55,138,106,93,170,187,
560.000000,213.000000,0.070756,630544000.000000,1.160983,0,1
151,143,143,143,136,134,128,115,
581.000000,213.000000,0.073913,1853300096.000000,1.409961,0,1
161,174,169,202,189,180,216,220,
552.000000,215.000000,0.078298,470500800.000000,1.345996,0,1
119,116,126,90,102,120,90,103,
543.000000,216.000000,0.078661,1265573376.000000,1.291981,0,1
97,103,96,111,118,105,116,133,
486.000000,218.000000,0.075283,215374800.000000,0.832348,0,1
60,58,61,50,53,58,43,44,
347.000000,219.000000,0.046230,30358412.000000,0.448074,0,1
36,39,34,39,29,26,26,22,
511.000000,220.000000,0.077048,200266944.000000,1.036071,0,1
87,81,82,74,71,68,64,63,
515.000000,220.000000,0.078031,396010528.000000,1.088947,0,1
89,83,89,68,77,88,62,67,
524.000000,220.000000,0.080368,181428000.000000,0.770104,0,1
109,106,112,98,101,110,84,99,
563.000000,220.000000,0.081997,3906611712.000000,1.595440,0,1
129,126,137,145,144,155,167,179,
571.000000,220.000000,0.082020,3412434944.000000,1.665979,0,1
166,161,168,158,167,182,174,180,
464.000000,221.000000,0.088184,63394936.000000,0.800905,0,1
54,45,61,40,52,69,47,54,
499.000000,222.000000,0.075252,120426768.000000,0.930509,0,1
70,59,69,48,57,66,47,50,
618.000000,223.000000,0.085420,3204333568.000000,1.779613,0,1
45,61,51,111,89,70,190,219,
380.000000,224.000000,0.038902,15468062.000000,0.298983,0,1
30,32,33,31,30,29,29,28,
531.000000,224.000000,0.080967,147236880.000000,1.317616,0,1
125,120,125,115,116,122,109,107,
599.000000,224.000000,0.086036,1926236928.000000,2.133023,0,1
204,214,207,231,222,220,240,245,
607.000000,224.000000,0.085386,1261644160.000000,1.323055,0,1
156,197,192,210,212,225,230,247,
608.000000,224.000000,0.085132,2507540224.000000,1.696950,0,1
149,193,189,211,217,225,226,244,
577.000000,226.000000,0.086626,4438371840.000000,1.958473,0,1
204,209,213,196,206,210,188,190,
588.000000,226.000000,0.087902,1435231232.000000,2.132302,0,1
227,221,228,215,211,223,206,207,
627.000000,226.000000,0.086915,371574528.000000,1.920115,0,1
58,106,78,165,135,98,194,212,
565.000000,227.000000,0.085288,316507648.000000,1.788596,0,1
187,175,181,165,172,175,159,161,
461.000000,229.000000,0.090607,457430752.000000,0.901917,0,1
33,35,35,40,41,39,45,45,
500.000000,229.000000,0.095190,293588096.000000,1.225634,0,1
45,44,44,50,48,49,55,57,
495.000000,231.000000,0.089327,332106752.000000,1.054483,0,1
55,57,59,45,53,60,41,42,
511.000000,231.000000,0.093510,1179598592.000000,1.262943,0,1
50,49,50,50,56,59,62,74,
514.000000,231.000000,0.093361,313391680.000000,0.971033,0,1
66,53,70,57,64,77,71,80,
541.000000,231.000000,0.090041,290039328.000000,1.381920,0,1
123,116,119,109,107,107,96,108,
556.000000,231.000000,0.089499,215794592.000000,1.478192,0,1
163,153,162,134,147,159,136,141,
289.000000,232.000000,0.090195,691559808.000000,2.147770,0,1
18,18,18,22,23,21,29,23,
508.000000,232.000000,0.094854,342463296.000000,0.971651,0,1
49,55,50,66,62,62,73,75,
513.000000,232.000000,0.093427,301748256.000000,0.972274,0,1
53,57,64,67,71,78,75,76,
541.000000,233.000000,0.095881,241681152.000000,1.196487,0,1
107,96,101,105,108,114,111,114,
245.000000,234.000000,0.089516,409905568.000000,1.992313,0,1
17,29,28,21,20,20,16,15,
248.000000,234.000000,0.089527,462284608.000000,1.965491,0,1
19,29,27,20,21,21,16,16,
269.000000,234.000000,0.089636,892581120.000000,2.360439,0,1
21,29,30,21,21,20,17,17,
275.000000,234.000000,0.089563,823097792.000000,2.286452,0,1
21,32,32,21,22,23,17,17,
280.000000,234.000000,0.089609,690725824.000000,2.231783,0,1
26,30,28,22,22,22,17,17,
303.000000,234.000000,0.089806,1268254336.000000,1.986219,0,1
24,28,28,17,17,18,16,16,
309.000000,234.000000,0.089751,1520718592.000000,1.919284,0,1
25,30,30,18,18,18,17,17,
323.000000,234.000000,0.089712,690370944.000000,1.772989,0,1
23,22,26,17,23,30,22,29,
586.000000,235.000000,0.097392,253912080.000000,1.544643,0,1
193,199,197,188,192,193,177,177,
597.000000,236.000000,0.098478,368426176.000000,1.660724,0,1
209,219,203,210,206,199,198,192,
571.000000,237.000000,0.098191,182542464.000000,1.472760,0,1
175,169,173,161,157,158,154,155,
453.000000,238.000000,0.101446,1004260224.000000,0.897539,0,1
35,34,32,39,39,37,42,42,
470.000000,238.000000,0.100909,411515744.000000,0.942542,0,1
32,33,32,41,38,34,47,49,
488.000000,238.000000,0.100655,165019632.000000,1.016611,0,1
39,37,42,36,42,51,46,47,
474.000000,239.000000,0.103655,2036115456.000000,1.017669,0,1
33,34,35,44,43,42,48,49,
487.000000,239.000000,0.100247,162679120.000000,1.012488,0,1
37,36,42,44,46,52,48,42,
471.000000,227.000000,0.082527,173542208.000000,0.776807,0,1
72,69,72,60,62,64,50,45,
582.000000,219.000000,0.080072,8187702272.000000,1.675726,0,1
223,215,222,208,204,215,185,189,
573.000000,215.000000,0.077568,2097564928.000000,1.184069,0,1
189,192,199,173,182,192,154,174,
374.000000,208.000000,0.044030,59118564.000000,0.316463,0,1
48,45,50,42,43,38,39,32,
325.000000,207.000000,0.041559,46044480.000000,0.354522,0,1
35,40,41,28,29,31,26,24,
608.000000,194.000000,0.072232,3985694976.000000,0.963531,0,1
111,82,62,188,88,58,151,100,
492.000000,193.000000,0.033488,300123904.000000,0.214068,0,1
92,104,90,105,89,79,82,69,
472.000000,187.000000,0.031025,387023264.000000,0.149419,0,1
129,149,116,146,126,109,134,96,
604.000000,185.000000,0.072118,123371266048.000000,1.445409,0,1
175,65,242,79,179,255,67,181,
445.000000,184.000000,0.031206,94114592.000000,0.106748,0,1
116,136,103,134,113,93,116,104,
215.000000,184.000000,0.059830,4250635776.000000,1.317851,0,1
27,21,41,19,25,57,20,23,
200.000000,184.000000,0.061269,11591380992.000000,1.466266,0,1
24,41,13,52,23,12,40,25,
199.000000,184.000000,0.061253,10274728960.000000,1.472143,0,1
44,54,23,56,40,12,50,39,
453.000000,183.000000,0.032440,101609504.000000,0.119536,0,1
97,89,116,88,103,104,86,99,
660.000000,117.000000,0.063581,8761435136.000000,1.488211,0,1
42,29,45,20,25,49,18,25,
445.000000,183.000000,0.033072,190677312.000000,0.112427,0,1
106,134,103,143,117,96,129,106,
200.000000,183.000000,0.061230,13746116608.000000,1.463672,0,1
22,44,13,54,23,12,40,24,
608.000000,181.000000,0.072275,12197598208.000000,0.949130,0,1
82,115,58,255,153,76,230,162,
484.000000,181.000000,0.036185,92159400.000000,0.142992,0,1
81,85,91,97,108,101,112,139,
470.000000,181.000000,0.036651,260330064.000000,0.168283,0,1
91,100,100,116,119,110,137,143,
311.000000,177.000000,0.032190,911907072.000000,0.306171,0,1
29,35,32,74,78,57,89,83,
256.000000,176.000000,0.030784,2343137792.000000,0.420568,0,1
252,205,127,49,47,35,31,44,
504.000000,135.000000,0.032090,2242793728.000000,0.192199,0,1
34,30,29,52,63,58,126,195,
228.000000,176.000000,0.030136,1527944192.000000,0.337115,0,1
249,255,174,184,138,52,66,29,
223.000000,176.000000,0.031037,21133381632.000000,0.506356,0,1
128,89,153,45,62,166,35,28,
231.000000,175.000000,0.031254,11624787968.000000,0.490334,0,1
204,246,146,174,108,37,52,27,
331.000000,171.000000,0.031418,4633032192.000000,0.244958,0,1
72,104,37,230,132,22,185,50,
126.000000,142.000000,0.020535,994365696.000000,0.456373,0,1
20,21,21,20,22,21,22,26,
623.000000,166.000000,0.038585,17111779328.000000,0.609849,0,1
34,26,76,23,43,113,25,35,
340.000000,161.000000,0.031373,2188814848.000000,0.217010,0,1
248,207,244,81,120,220,41,36,
584.000000,145.000000,0.032323,16243954688.000000,0.388804,0,1
79,132,81,235,119,85,194,105,
591.000000,157.000000,0.032262,16814789632.000000,0.406222,0,1
30,33,68,40,39,198,49,46,
247.000000,157.000000,0.031314,8345155584.000000,0.446022,0,1
255,244,238,127,151,81,49,28,
464.000000,146.000000,0.032119,707753600.000000,0.092856,0,1
255,150,246,72,112,160,67,48,
277.000000,155.000000,0.031353,8638754816.000000,0.370856,0,1
246,253,201,249,96,42,108,31,
544.000000,147.000000,0.031956,9180064768.000000,0.287272,0,1
105,244,110,234,189,38,73,48,
111.000000,152.000000,0.030801,67930021888.000000,0.778346,0,1
107,211,67,218,129,36,97,37,
360.000000,154.000000,0.032360,896594240.000000,0.171827,0,1
253,189,247,67,123,164,50,37,
550.000000,161.000000,0.031797,13339716608.000000,0.302812,0,1
70,38,140,24,71,182,64,96,
494.000000,140.000000,0.033164,1087628672.000000,0.150178,0,1
42,118,45,243,162,41,255,180,
488.000000,169.000000,0.031825,4814105600.000000,0.162724,0,1
194,84,255,43,212,230,60,60,
147.000000,174.000000,0.030537,3730930176.000000,0.482494,0,1
26,36,30,84,135,57,215,228,
495.000000,135.000000,0.030273,300213056.000000,0.158404,0,1
34,29,30,42,46,54,67,76,
479.000000,135.000000,0.030586,1548597760.000000,0.123709,0,1
39,31,32,35,38,44,57,180,
493.000000,147.000000,0.032044,4570217984.000000,0.164002,0,1
162,253,78,161,132,65,78,54,
458.000000,166.000000,0.031494,854963520.000000,0.093483,0,1
255,202,245,84,148,116,54,48,
502.000000,192.000000,0.029900,174943616.000000,0.202995,0,1
96,85,103,74,88,101,75,77,
472.000000,182.000000,0.032898,95195056.000000,0.111312,0,1
97,119,100,141,125,106,143,132,
591.000000,212.000000,0.072823,2045964928.000000,1.441236,0,1
56,90,61,149,122,96,177,187,
405.000000,160.000000,0.032044,493537824.000000,0.068081,0,1
218,170,255,53,160,205,54,45,
