# timestamp
1608635273555142656

# fx, fy, cx, cy, width, height, npoints
501.491089,501.475006,421.771179,167.669205,800,400,647

# camToWorld: translation vector, rotation quaternion
-27.927211,83.172360,4.491142,0.489102,0.536424,-0.519901,-0.450257

# Exposure time (ms)
10.322333

# Point Cloud Data : 
# u,v,idepth_scaled,idepth_hessian,maxRelBaseline,numGoodRes,status 
# color information 
737.000000,107.000000,0.115922,5454276.000000,0.606445,0,1
16,16,16,20,20,21,29,31,
482.000000,128.000000,0.067413,78157736.000000,0.072596,0,1
95,196,55,243,122,28,160,54,
435.000000,164.000000,0.067951,54296320.000000,0.122341,0,1
31,41,40,92,103,91,198,201,
579.000000,183.000000,0.063114,285280096.000000,0.209665,0,1
41,71,115,141,156,236,233,250,
419.000000,190.000000,0.059861,252668288.000000,0.178135,0,1
81,181,74,252,133,64,173,101,
358.000000,192.000000,0.063001,65575872.000000,0.094946,0,1
39,54,113,121,204,255,201,253,
740.000000,247.000000,0.114770,2681005.000000,0.666130,0,1
24,27,22,51,42,31,54,53,
530.000000,24.000000,0.231868,1019649.937500,0.519890,0,1
15,15,10,16,10,6,10,6,
236.000000,30.000000,0.241562,176356.140625,0.492786,0,1
15,13,15,8,11,14,8,8,
716.000000,60.000000,0.144430,122703.437500,0.507861,0,1
15,15,14,16,16,16,17,19,
720.000000,60.000000,0.145293,154448.671875,0.514844,0,1
14,14,14,16,15,15,17,19,
714.000000,79.000000,0.096639,251535.187500,0.464625,0,1
14,15,14,12,10,9,6,5,
669.000000,86.000000,0.102552,736406400.000000,0.426015,0,1
48,146,61,253,169,55,178,81,
675.000000,88.000000,0.099321,23145322.000000,0.454508,0,1
21,29,21,38,29,24,35,29,
671.000000,90.000000,0.104432,177784128.000000,0.465240,0,1
65,79,49,80,67,37,66,55,
675.000000,98.000000,0.099253,41833420.000000,0.451584,0,1
39,46,33,50,39,31,45,38,
676.000000,101.000000,0.099454,18969230.000000,0.453266,0,1
31,38,30,39,27,27,23,16,
712.000000,107.000000,0.111620,42637400.000000,0.552387,0,1
17,21,12,27,17,8,23,20,
712.000000,109.000000,0.112039,34307488.000000,0.553565,0,1
17,23,13,29,20,13,35,60,
721.000000,109.000000,0.120792,2859606.000000,0.601916,0,1
7,7,10,17,21,26,38,44,
683.000000,114.000000,0.103140,14627918.000000,0.475771,0,1
28,27,32,33,40,47,41,40,
689.000000,115.000000,0.100648,11789409.000000,0.476757,0,1
53,58,66,56,62,68,47,28,
636.000000,128.000000,0.063841,620874816.000000,0.269252,0,1
40,94,45,172,111,64,175,164,
694.000000,176.000000,0.094435,3026673.000000,0.471092,0,1
12,12,12,14,16,14,19,21,
734.000000,178.000000,0.104149,24369924.000000,0.567854,0,1
17,19,14,22,17,11,20,17,
698.000000,184.000000,0.090452,10675791.000000,0.466881,0,1
13,16,10,19,12,8,15,11,
719.000000,224.000000,0.101657,1854514.875000,0.569864,0,1
20,17,21,10,14,19,8,8,
720.000000,224.000000,0.102292,1929738.000000,0.571136,0,1
21,19,22,12,17,22,10,9,
735.000000,241.000000,0.116089,11029755.000000,0.660400,0,1
27,24,26,24,28,33,37,34,
725.000000,242.000000,0.114084,22010546.000000,0.639662,0,1
18,21,20,31,32,34,43,41,
719.000000,245.000000,0.118280,10196051.000000,0.652344,0,1
26,22,22,31,29,27,36,36,
720.000000,245.000000,0.117768,13586305.000000,0.651471,0,1
30,21,24,30,28,27,35,36,
692.000000,268.000000,0.122640,551623.375000,0.451670,0,1
43,42,42,38,39,40,36,35,
485.000000,280.000000,0.140397,4037974.500000,0.555856,0,1
58,65,54,76,60,50,64,52,
581.000000,208.000000,0.071530,150520000.000000,0.258590,0,1
96,101,116,121,133,136,145,158,
678.000000,134.000000,0.076092,15654418.000000,0.367276,0,1
15,17,12,20,14,9,17,15,
386.000000,137.000000,0.062277,66833152.000000,0.226289,0,1
30,80,42,178,137,108,196,201,
606.000000,143.000000,0.067933,661478720.000000,0.241833,0,1
78,32,138,17,83,152,26,20,
534.000000,148.000000,0.069652,455764032.000000,0.137729,0,1
194,112,229,59,177,255,72,133,
246.000000,36.000000,0.224489,248702.375000,0.603850,0,1
14,12,13,8,10,13,7,7,
268.000000,36.000000,0.219217,233399.718750,0.520066,0,1
13,11,13,6,10,13,6,6,
292.000000,38.000000,0.212888,305581.937500,0.437862,0,1
13,10,13,7,10,12,6,6,
314.000000,38.000000,0.208766,345096.187500,0.833435,0,1
13,11,12,8,11,13,7,7,
274.000000,40.000000,0.210268,231206.578125,0.480326,0,1
13,11,13,7,10,13,7,6,
334.000000,40.000000,0.209809,454871.687500,0.726963,0,1
12,9,12,7,9,12,7,7,
552.000000,52.000000,0.168063,334170.312500,0.509198,0,1
7,8,7,9,10,10,11,11,
656.000000,79.000000,0.075779,2307063.250000,0.243182,0,1
34,34,33,41,39,39,45,48,
646.000000,80.000000,0.084201,2765338.250000,0.337941,0,1
39,44,43,52,50,49,56,65,
621.000000,85.000000,0.093736,61242452.000000,0.330483,0,1
72,86,89,134,128,122,226,253,
614.000000,90.000000,0.104174,492381248.000000,0.360674,0,1
254,172,229,108,150,187,116,123,
320.000000,96.000000,0.098518,15920742.000000,0.057115,0,1
50,63,69,138,149,158,232,255,
335.000000,96.000000,0.100954,18314918.000000,0.049027,0,1
60,92,109,174,196,214,255,243,
648.000000,97.000000,0.096702,146671936.000000,0.408796,0,1
167,188,178,224,211,194,245,253,
360.000000,106.000000,0.080321,10474987.000000,0.388208,0,1
111,131,121,159,148,138,180,189,
666.000000,110.000000,0.103730,173000112.000000,0.451810,0,1
45,89,53,83,52,29,32,32,
332.000000,113.000000,0.105798,30137818.000000,0.593659,0,1
255,255,255,131,121,112,45,32,
591.000000,117.000000,0.067920,431377248.000000,0.220496,0,1
32,99,56,219,152,49,242,186,
661.000000,120.000000,0.099182,6945388.500000,0.426966,0,1
31,29,33,21,25,27,13,10,
451.000000,121.000000,0.080363,4948131.500000,0.071138,0,1
24,36,37,95,104,105,167,190,
442.000000,122.000000,0.067676,11605818.000000,0.084540,0,1
27,33,56,37,94,119,104,181,
348.000000,125.000000,0.058614,1947633.875000,0.016483,0,1
36,121,47,253,144,45,186,72,
426.000000,126.000000,0.057632,18437460.000000,0.047873,0,1
180,183,152,195,112,41,117,38,
586.000000,126.000000,0.067166,57358216.000000,0.211214,0,1
232,156,208,57,111,178,29,25,
467.000000,127.000000,0.070818,46198752.000000,0.061727,0,1
51,113,31,169,76,22,96,42,
648.000000,128.000000,0.069159,50235872.000000,0.307276,0,1
18,22,17,36,20,17,28,22,
414.000000,130.000000,0.060013,70150160.000000,0.091043,0,1
255,165,240,39,120,246,39,37,
444.000000,135.000000,0.057871,9991689.000000,0.069792,0,1
31,109,35,255,138,39,254,243,
640.000000,135.000000,0.064575,1088690432.000000,0.276639,0,1
151,143,84,147,86,37,102,60,
213.000000,137.000000,0.065525,151987760.000000,0.233672,0,1
32,108,44,173,113,24,217,127,
628.000000,142.000000,0.063064,173693648.000000,0.257092,0,1
29,61,47,159,135,78,247,255,
264.000000,143.000000,0.072157,442871072.000000,0.487445,0,1
28,74,32,103,65,23,89,78,
617.000000,143.000000,0.063821,1031892288.000000,0.245838,0,1
123,105,209,78,184,249,105,121,
262.000000,147.000000,0.058522,11469275.000000,0.056871,0,1
140,125,113,47,63,36,31,24,
108.000000,149.000000,0.065817,127924008.000000,0.264078,0,1
141,161,97,135,101,41,53,21,
441.000000,150.000000,0.061589,11270705.000000,0.034241,0,1
255,254,217,95,134,60,48,42,
415.000000,154.000000,0.059317,37237688.000000,0.089489,0,1
43,49,116,36,136,234,43,39,
484.000000,154.000000,0.068231,155051088.000000,0.103793,0,1
169,232,100,248,135,41,163,71,
676.000000,156.000000,0.076473,2973536.250000,0.369925,0,1
18,21,20,25,24,24,28,29,
188.000000,157.000000,0.060755,463018880.000000,0.252550,0,1
191,121,233,44,125,140,38,34,
641.000000,158.000000,0.064764,769966208.000000,0.282300,0,1
36,81,51,156,105,43,134,76,
126.000000,161.000000,0.054917,19733274.000000,0.215459,0,1
143,170,122,120,103,62,50,29,
315.000000,161.000000,0.245573,42685864.000000,0.776510,0,1
216,219,134,124,88,54,29,24,
170.000000,163.000000,0.060581,91947008.000000,0.279326,0,1
151,154,219,78,124,228,62,54,
674.000000,166.000000,0.077228,8906782.000000,0.373798,0,1
29,26,29,22,26,23,20,15,
324.000000,167.000000,0.059998,36594284.000000,0.430839,0,1
26,31,31,95,98,97,181,202,
398.000000,176.000000,0.063851,122224960.000000,0.219756,0,1
160,191,111,178,145,53,112,81,
645.000000,177.000000,0.069635,657604672.000000,0.312632,0,1
65,93,39,113,62,25,71,29,
416.000000,179.000000,0.063031,15766557.000000,0.104067,0,1
62,52,139,41,177,255,180,244,
45.000000,181.000000,0.060023,14300502.000000,0.090565,0,1
181,162,165,58,89,129,39,32,
627.000000,186.000000,0.064374,1090496000.000000,0.275013,0,1
45,33,107,34,109,201,126,164,
636.000000,188.000000,0.065370,988075264.000000,0.292320,0,1
184,240,125,200,169,81,57,36,
343.000000,194.000000,0.064587,92712336.000000,0.411402,0,1
194,142,133,63,101,52,46,36,
468.000000,195.000000,0.066539,108363040.000000,0.135969,0,1
180,182,160,80,75,68,56,54,
634.000000,200.000000,0.069489,188077808.000000,0.312711,0,1
24,85,72,142,112,75,119,78,
639.000000,207.000000,0.071353,45353056.000000,0.330361,0,1
85,78,71,68,63,59,58,58,
622.000000,208.000000,0.074363,24258440.000000,0.323051,0,1
103,102,100,89,85,81,69,63,
502.000000,212.000000,0.067361,44711628.000000,0.155291,0,1
133,166,112,225,174,85,177,163,
648.000000,224.000000,0.074355,55513504.000000,0.367552,0,1
38,40,31,42,32,25,33,27,
572.000000,225.000000,0.080961,70936736.000000,0.299340,0,1
133,79,73,71,63,57,63,57,
611.000000,226.000000,0.074457,8169183.000000,0.326738,0,1
64,54,63,41,43,49,37,39,
505.000000,228.000000,0.088478,4318193.000000,0.263047,0,1
112,118,108,106,102,93,101,90,
630.000000,230.000000,0.094638,44636796.000000,0.430680,0,1
97,97,94,64,75,75,47,39,
608.000000,256.000000,0.131829,907328.625000,0.552798,0,1
31,33,32,34,34,34,36,37,
612.000000,256.000000,0.126722,1271473.625000,0.561763,0,1
30,31,30,34,34,33,38,38,
446.000000,262.000000,0.074499,2557109.250000,0.324158,0,1
57,71,53,76,64,51,60,50,
492.000000,278.000000,0.140340,5436342.000000,0.530693,0,1
72,68,79,53,70,71,51,49,
204.000000,281.000000,0.143130,23541878.000000,1.356699,0,1
49,50,55,55,67,78,69,63,
207.000000,281.000000,0.141915,34019944.000000,1.345433,0,1
48,57,60,74,79,77,91,78,
256.000000,281.000000,0.140603,13649064.000000,1.516140,0,1
49,44,52,51,64,79,88,105,
307.000000,281.000000,0.113706,2618715.000000,1.026224,0,1
62,64,62,56,53,56,49,47,
231.000000,282.000000,0.139533,11913128.000000,1.175503,0,1
63,68,72,69,87,98,78,92,
287.000000,283.000000,0.133513,1577304.500000,0.887440,0,1
49,51,64,41,57,71,46,53,
237.000000,284.000000,0.121543,14913717.000000,1.044542,0,1
74,92,74,92,79,61,79,74,
99.000000,287.000000,0.123341,4505695.500000,0.539942,0,1
36,39,36,61,53,41,69,61,
210.000000,288.000000,0.122840,12951398.000000,1.205277,0,1
63,69,65,67,63,51,50,43,
259.000000,295.000000,0.150238,16525394.000000,1.603621,0,1
46,44,47,40,51,60,39,36,
261.000000,296.000000,0.153347,20083016.000000,1.608898,0,1
47,58,57,47,59,48,40,27,
225.000000,298.000000,0.128900,17075012.000000,1.208229,0,1
55,56,51,51,48,43,43,38,
498.000000,36.000000,0.203428,403671.812500,0.532640,0,1
13,12,9,11,10,6,9,6,
612.000000,88.000000,0.102156,638766720.000000,0.351175,0,1
79,80,197,71,152,254,89,108,
665.000000,88.000000,0.094803,33876768.000000,0.392520,0,1
255,255,244,181,138,105,98,67,
666.000000,102.000000,0.100928,17548484.000000,0.443288,0,1
76,73,63,48,40,38,18,15,
639.000000,229.000000,0.081074,51938036.000000,0.384882,0,1
74,80,66,72,64,57,53,42,
567.000000,119.000000,0.068632,415082688.000000,0.182114,0,1
101,215,121,243,137,40,154,59,
508.000000,212.000000,0.066468,173968928.000000,0.175118,0,1
119,107,194,79,176,246,131,171,
629.000000,125.000000,0.065862,345609728.000000,0.265472,0,1
33,22,26,20,46,77,42,66,
674.000000,208.000000,0.078157,2593100.000000,0.397917,0,1
24,32,31,27,31,36,22,20,
630.000000,143.000000,0.064670,615790976.000000,0.265103,0,1
38,107,54,230,154,63,248,191,
627.000000,159.000000,0.063935,847674496.000000,0.262099,0,1
25,27,93,38,113,210,141,198,
639.000000,162.000000,0.064942,1621985920.000000,0.281234,0,1
143,142,75,158,83,32,124,96,
639.000000,184.000000,0.067046,1384812160.000000,0.297886,0,1
48,89,34,143,57,27,90,50,
676.000000,166.000000,0.076472,14182836.000000,0.372586,0,1
28,29,24,26,23,16,19,14,
630.000000,178.000000,0.066142,519949504.000000,0.280360,0,1
22,34,29,60,70,52,103,133,
260.000000,297.000000,0.152981,26402476.000000,1.127288,0,1
58,47,59,32,40,39,27,25,
330.000000,276.000000,0.129700,988235.375000,0.312366,0,1
49,56,49,55,50,47,49,44,
430.000000,179.000000,0.064679,98694872.000000,0.097475,0,1
57,172,65,234,164,56,200,175,
611.000000,218.000000,0.064939,499510464.000000,0.212994,0,1
68,39,90,21,52,135,27,48,
513.000000,215.000000,0.066115,68289880.000000,0.099639,0,1
140,132,113,207,127,103,242,175,
630.000000,162.000000,0.063427,85451872.000000,0.218255,0,1
254,236,242,139,163,187,36,21,
313.000000,208.000000,0.065430,168663872.000000,0.346287,0,1
128,157,161,100,153,141,81,92,
459.000000,153.000000,0.064254,125833240.000000,0.096835,0,1
133,86,71,160,64,39,61,41,
449.000000,202.000000,0.064295,64117916.000000,0.116479,0,1
74,63,52,89,93,52,119,87,
333.000000,199.000000,0.068663,43128160.000000,0.110690,0,1
195,193,153,78,68,60,43,39,
456.000000,52.000000,0.169692,458234.000000,0.658056,0,1
5,5,5,7,6,6,7,8,
428.000000,56.000000,0.164710,421175.906250,0.531108,0,1
8,8,9,10,10,10,11,10,
602.000000,89.000000,0.101631,6261724.000000,0.657938,0,1
35,37,42,39,44,49,45,55,
592.000000,95.000000,0.097518,18508096.000000,0.596145,0,1
37,38,44,39,45,52,46,55,
304.000000,98.000000,0.101321,71012984.000000,0.483474,0,1
34,36,116,33,126,238,42,50,
601.000000,98.000000,0.095042,175997776.000000,0.599397,0,1
104,106,121,104,120,137,120,139,
349.000000,99.000000,0.096690,27099172.000000,0.060062,0,1
255,232,228,161,156,148,138,135,
351.000000,99.000000,0.095677,27850714.000000,0.145743,0,1
253,228,217,156,148,139,132,132,
608.000000,103.000000,0.095093,166932320.000000,0.615642,0,1
228,231,249,178,197,202,57,26,
593.000000,104.000000,0.097055,117075088.000000,0.591842,0,1
70,57,67,36,38,42,20,15,
602.000000,104.000000,0.096381,267102672.000000,0.609779,0,1
168,129,147,58,59,58,25,19,
362.000000,110.000000,0.095166,14307686.000000,0.416868,0,1
171,192,166,236,200,162,191,80,
540.000000,116.000000,0.103944,174630704.000000,0.256029,0,1
29,41,33,120,94,58,228,193,
332.000000,124.000000,0.260598,4244224.500000,1.003555,0,1
27,29,34,28,37,78,33,51,
596.000000,124.000000,0.066143,92091544.000000,0.382291,0,1
17,21,16,37,29,28,43,36,
288.000000,125.000000,0.056733,28918036.000000,0.525465,0,1
23,38,30,119,109,63,235,245,
316.000000,127.000000,0.062545,32586896.000000,0.097694,0,1
209,246,218,223,138,36,66,29,
357.000000,128.000000,0.051378,9648755.000000,0.021845,0,1
199,82,255,35,198,255,48,58,
571.000000,133.000000,0.067804,326492928.000000,0.184618,0,1
29,60,68,149,142,113,201,157,
525.000000,147.000000,0.063359,127399184.000000,0.136108,0,1
253,250,188,130,145,55,55,35,
371.000000,149.000000,0.061170,19796246.000000,0.163726,0,1
72,188,78,212,148,44,152,129,
594.000000,149.000000,0.067162,1192851968.000000,0.383562,0,1
29,56,21,138,36,18,74,31,
584.000000,150.000000,0.058969,120649632.000000,0.188936,0,1
82,62,107,28,46,70,34,43,
257.000000,152.000000,0.067747,27299976.000000,0.040149,0,1
37,206,28,255,77,31,232,199,
324.000000,153.000000,0.238500,87052664.000000,0.359505,0,1
23,31,23,134,40,21,121,69,
153.000000,157.000000,0.056686,71720680.000000,0.108033,0,1
21,31,23,145,95,32,206,179,
114.000000,160.000000,0.064785,343883872.000000,0.254294,0,1
102,72,131,45,102,146,63,78,
251.000000,160.000000,0.048054,20189372.000000,0.072447,0,1
116,167,245,74,124,215,41,72,
557.000000,161.000000,0.063454,354804544.000000,0.163798,0,1
35,105,69,203,157,60,192,110,
615.000000,167.000000,0.064599,459300672.000000,0.256032,0,1
29,113,38,221,133,37,230,193,
429.000000,183.000000,0.071088,86495088.000000,0.170749,0,1
200,208,164,207,145,80,125,63,
612.000000,183.000000,0.064220,278269152.000000,0.395029,0,1
23,55,33,199,130,45,251,217,
465.000000,184.000000,0.063291,74523304.000000,0.108844,0,1
33,44,43,76,94,51,136,174,
29.000000,186.000000,0.061766,266438560.000000,0.149027,0,1
32,62,31,89,58,28,82,82,
610.000000,189.000000,0.062586,63749672.000000,0.251409,0,1
62,66,59,59,63,47,26,22,
426.000000,191.000000,0.065309,120041344.000000,0.181929,0,1
246,227,216,107,181,110,86,63,
281.000000,199.000000,0.066393,8887189.000000,0.683178,0,1
25,32,27,34,56,79,36,31,
299.000000,199.000000,0.064360,50229460.000000,0.138221,0,1
235,247,153,172,153,57,50,29,
590.000000,200.000000,0.067292,260344864.000000,0.201806,0,1
165,162,135,116,119,83,87,92,
367.000000,208.000000,0.065459,8029627.000000,0.059239,0,1
102,85,62,201,114,37,176,98,
89.000000,213.000000,0.069537,90180808.000000,0.189533,0,1
24,40,36,69,76,48,90,83,
554.000000,219.000000,0.081823,23610290.000000,0.274020,0,1
70,68,69,82,82,82,119,110,
560.000000,225.000000,0.093939,50065996.000000,0.322078,0,1
97,75,78,65,67,67,58,57,
586.000000,225.000000,0.085464,45465372.000000,0.347343,0,1
103,69,72,53,58,58,52,50,
615.000000,225.000000,0.060485,87664536.000000,0.203898,0,1
174,121,137,72,94,111,56,44,
585.000000,249.000000,0.104430,6409792.000000,0.439356,0,1
60,52,51,42,44,43,38,35,
556.000000,259.000000,0.134690,3864778.500000,0.799913,0,1
44,41,45,42,47,48,47,47,
196.000000,270.000000,0.123420,2093400.875000,1.275054,0,1
43,50,46,57,54,48,62,60,
477.000000,270.000000,0.135867,4723023.000000,0.490471,0,1
51,56,54,64,61,58,68,65,
229.000000,275.000000,0.130819,8974116.000000,1.124464,0,1
67,69,71,60,71,81,54,56,
551.000000,275.000000,0.056916,2078188.750000,0.308561,0,1
54,59,54,58,53,47,48,47,
262.000000,278.000000,0.134724,10384359.000000,1.428823,0,1
56,57,51,71,69,54,88,83,
314.000000,288.000000,0.136950,1051885.375000,1.131580,0,1
55,56,58,50,50,52,46,43,
230.000000,290.000000,0.106331,19393602.000000,0.998241,0,1
65,60,59,55,55,59,49,48,
261.000000,297.000000,0.156198,4307865.500000,1.610803,0,1
60,57,56,36,41,34,28,24,
495.000000,281.000000,0.124473,4506247.000000,0.505765,0,1
61,58,56,48,51,48,45,42,
263.000000,279.000000,0.136354,15839022.000000,1.430685,0,1
51,69,54,88,77,52,83,71,
536.000000,52.000000,0.168260,754719.500000,0.973417,0,1
6,7,7,8,8,8,10,11,
336.000000,113.000000,0.101780,23306204.000000,0.563643,0,1
255,255,251,112,108,102,40,33,
612.000000,218.000000,0.065121,667901696.000000,0.260039,0,1
80,60,115,29,92,166,43,73,
593.000000,215.000000,0.067567,1446421504.000000,0.393627,0,1
148,207,101,211,151,69,138,73,
594.000000,213.000000,0.067136,1979012096.000000,0.391252,0,1
90,131,63,200,92,39,157,102,
548.000000,209.000000,0.064025,311930144.000000,0.201084,0,1
93,102,130,95,147,159,152,179,
594.000000,127.000000,0.067605,444220544.000000,0.388148,0,1
47,54,39,73,31,23,32,18,
390.000000,129.000000,0.065492,21027990.000000,0.125212,0,1
191,189,178,74,153,144,50,30,
80.000000,133.000000,0.067368,359736096.000000,0.137652,0,1
33,54,93,46,115,187,69,100,
442.000000,134.000000,0.046632,23197232.000000,0.060866,0,1
28,41,36,148,153,60,254,255,
612.000000,134.000000,0.064798,497335712.000000,0.399369,0,1
201,239,140,133,90,55,47,38,
512.000000,135.000000,0.064558,178108576.000000,0.129650,0,1
28,33,90,40,146,255,154,238,
411.000000,136.000000,0.083814,9738848.000000,0.077692,0,1
35,51,45,121,96,119,203,255,
312.000000,206.000000,0.063930,106726912.000000,0.538797,0,1
46,49,54,59,123,124,118,141,
348.000000,139.000000,0.052430,6768253.500000,0.015731,0,1
104,63,205,60,168,255,157,230,
596.000000,202.000000,0.065429,32880508.000000,0.381222,0,1
20,32,23,61,47,34,67,62,
591.000000,143.000000,0.065700,2237312256.000000,0.369698,0,1
75,142,45,205,107,32,211,188,
591.000000,144.000000,0.066157,717352064.000000,0.216058,0,1
89,166,54,237,153,48,235,177,
594.000000,197.000000,0.065083,433052512.000000,0.374284,0,1
27,34,23,87,32,21,66,37,
75.000000,157.000000,0.065350,62859444.000000,0.135319,0,1
244,222,244,90,141,120,50,26,
528.000000,189.000000,0.063763,80315848.000000,0.151217,0,1
247,202,192,85,97,68,45,65,
587.000000,167.000000,0.064816,820759808.000000,0.357442,0,1
17,46,39,123,153,74,201,194,
594.000000,179.000000,0.066929,2677549824.000000,0.383129,0,1
51,103,29,163,51,21,86,50,
214.000000,176.000000,0.062242,150716704.000000,0.226860,0,1
206,166,204,66,113,175,35,31,
606.000000,159.000000,0.070690,203334752.000000,0.240874,0,1
13,18,46,14,61,110,23,16,
608.000000,206.000000,0.070465,134014576.000000,0.435802,0,1
55,51,68,45,62,75,56,66,
373.000000,187.000000,0.066572,23795616.000000,0.066313,0,1
157,113,174,53,126,158,51,43,
354.000000,88.000000,0.146543,111999632.000000,0.505678,0,1
31,32,30,33,31,30,38,40,
358.000000,95.000000,0.105828,679886720.000000,0.317310,0,1
47,67,49,153,121,65,255,225,
326.000000,96.000000,0.107244,107072304.000000,0.106793,0,1
60,81,84,171,176,177,255,255,
360.000000,97.000000,0.103830,644421696.000000,0.311897,0,1
65,206,59,225,90,56,90,79,
305.000000,99.000000,0.100655,249387600.000000,0.478790,0,1
116,126,238,42,145,211,50,57,
326.000000,99.000000,0.097588,48215880.000000,0.091688,0,1
255,255,255,212,211,207,153,142,
333.000000,99.000000,0.096255,44129984.000000,0.095559,0,1
255,244,243,197,195,194,149,143,
308.000000,100.000000,0.097913,284849024.000000,0.160593,0,1
254,211,221,93,121,133,73,76,
369.000000,111.000000,0.099175,54538184.000000,0.389861,0,1
103,111,95,98,81,67,47,29,
314.000000,113.000000,0.098452,145673584.000000,0.690396,0,1
213,212,232,177,184,188,50,29,
296.000000,114.000000,0.096073,15175449.000000,0.789599,0,1
49,46,55,36,40,42,22,20,
305.000000,114.000000,0.098261,111999592.000000,0.729402,0,1
114,125,143,58,63,55,25,23,
360.000000,123.000000,0.071747,66955648.000000,0.173059,0,1
34,40,44,53,89,103,222,255,
405.000000,123.000000,0.064478,171818304.000000,0.241793,0,1
28,39,27,108,49,24,31,24,
315.000000,124.000000,0.069920,77288048.000000,0.302857,0,1
28,34,33,77,80,73,212,246,
401.000000,124.000000,0.064481,370993536.000000,0.232951,0,1
65,223,163,230,139,41,57,27,
276.000000,125.000000,0.067476,94784344.000000,0.663644,0,1
18,18,22,19,28,64,25,57,
286.000000,125.000000,0.068669,76196992.000000,0.363625,0,1
24,38,38,119,119,109,232,255,
305.000000,125.000000,0.067192,89793232.000000,0.549920,0,1
25,29,35,31,42,99,80,218,
311.000000,125.000000,0.069198,83487616.000000,0.075266,0,1
32,71,74,179,196,204,255,255,
387.000000,125.000000,0.060867,520343328.000000,0.228504,0,1
28,26,54,24,81,175,52,93,
491.000000,125.000000,0.065286,567470592.000000,0.454320,0,1
18,25,26,40,69,48,159,252,
531.000000,126.000000,0.066007,1455725440.000000,0.577579,0,1
255,226,239,58,102,176,38,34,
277.000000,127.000000,0.066613,226119424.000000,0.649281,0,1
46,49,170,26,167,255,43,63,
62.000000,134.000000,0.064079,911618496.000000,0.228965,0,1
69,153,126,233,136,46,95,33,
63.000000,134.000000,0.063562,651664256.000000,0.226112,0,1
66,141,106,192,80,25,52,24,
324.000000,134.000000,0.062964,110413816.000000,0.276469,0,1
157,216,91,228,135,33,186,100,
60.000000,135.000000,0.063933,1977894144.000000,0.229899,0,1
164,243,192,218,143,52,149,88,
501.000000,135.000000,0.065653,2621615104.000000,0.482980,0,1
38,137,52,243,173,39,248,109,
34.000000,136.000000,0.060167,994935104.000000,0.199098,0,1
217,219,180,182,118,57,99,45,
387.000000,137.000000,0.062942,132697080.000000,0.219255,0,1
28,54,39,163,115,110,196,204,
253.000000,138.000000,0.063771,55688824.000000,0.046956,0,1
48,75,193,28,164,255,35,26,
171.000000,141.000000,0.066205,497548320.000000,0.147058,0,1
200,215,132,93,119,38,30,18,
473.000000,141.000000,0.067176,930615872.000000,0.202106,0,1
225,227,93,255,143,32,181,83,
462.000000,142.000000,0.064187,783610560.000000,0.366824,0,1
251,218,242,70,163,203,42,28,
565.000000,143.000000,0.064459,1281650944.000000,0.471283,0,1
24,55,33,165,101,36,192,176,
495.000000,144.000000,0.063450,1873253376.000000,0.446209,0,1
252,178,231,71,186,150,42,26,
379.000000,145.000000,0.061677,71762032.000000,0.148399,0,1
222,193,226,52,107,127,34,30,
294.000000,147.000000,0.062660,41134020.000000,0.124552,0,1
254,187,248,54,129,159,36,27,
413.000000,147.000000,0.058407,54106900.000000,0.106653,0,1
255,251,238,141,184,73,56,35,
184.000000,150.000000,0.064404,418810944.000000,0.178383,0,1
255,196,244,51,132,211,37,37,
310.000000,151.000000,0.072022,39335504.000000,0.518555,0,1
30,36,80,35,161,241,134,252,
315.000000,152.000000,0.061763,113276984.000000,0.478274,0,1
29,111,31,241,103,41,201,140,
230.000000,154.000000,0.064689,177693920.000000,0.071376,0,1
26,111,34,229,129,36,224,206,
30.000000,158.000000,0.068238,1325945344.000000,0.304461,0,1
26,35,56,45,78,101,83,122,
59.000000,158.000000,0.067193,744741760.000000,0.272396,0,1
23,33,31,55,77,63,116,148,
343.000000,160.000000,0.067715,111490080.000000,0.121649,0,1
148,158,110,92,93,59,31,24,
44.000000,162.000000,0.064014,1950077568.000000,0.271213,0,1
31,69,36,123,78,32,110,40,
231.000000,162.000000,0.058746,226329728.000000,0.064667,0,1
178,219,114,230,163,63,132,41,
194.000000,164.000000,0.064820,452108032.000000,0.259920,0,1
153,112,184,60,106,114,43,24,
571.000000,164.000000,0.064655,451244576.000000,0.487781,0,1
214,188,139,61,88,65,27,16,
352.000000,166.000000,0.067297,45130548.000000,0.354017,0,1
28,29,30,60,71,70,180,209,
361.000000,166.000000,0.063471,85325136.000000,0.324577,0,1
29,31,30,88,97,74,115,35,
53.000000,167.000000,0.068252,2008110464.000000,0.283972,0,1
47,51,101,45,89,150,68,58,
460.000000,167.000000,0.064015,1927293312.000000,0.361477,0,1
92,113,222,62,190,243,52,30,
578.000000,167.000000,0.064922,366865760.000000,0.344470,0,1
252,213,243,69,147,109,34,18,
297.000000,168.000000,0.063297,50126600.000000,0.573989,0,1
19,28,24,70,91,43,181,222,
319.000000,168.000000,0.066906,214307488.000000,0.489780,0,1
26,36,76,43,125,173,133,209,
504.000000,170.000000,0.064806,2430203648.000000,0.483629,0,1
30,85,55,182,194,64,255,242,
532.000000,170.000000,0.065042,4684327424.000000,0.567801,0,1
35,145,35,248,141,27,248,163,
501.000000,171.000000,0.064537,4203818496.000000,0.473057,0,1
50,55,182,38,156,255,99,162,
532.000000,171.000000,0.065178,4728194560.000000,0.569382,0,1
82,222,61,255,171,35,218,95,
447.000000,172.000000,0.064275,1296979968.000000,0.332848,0,1
28,72,46,110,153,53,192,215,
520.000000,172.000000,0.065048,957299584.000000,0.532230,0,1
255,196,255,51,154,196,42,32,
523.000000,172.000000,0.064623,3576151808.000000,0.536855,0,1
169,254,98,188,162,45,86,33,
553.000000,172.000000,0.064775,1323040768.000000,0.447646,0,1
211,156,198,76,143,117,51,27,
504.000000,173.000000,0.064562,3195547904.000000,0.481985,0,1
249,255,180,210,194,76,128,148,
436.000000,174.000000,0.063024,367765824.000000,0.300629,0,1
219,160,226,44,141,225,51,41,
55.000000,176.000000,0.063716,1660123392.000000,0.261876,0,1
22,43,29,98,68,32,107,67,
385.000000,176.000000,0.065331,172947536.000000,0.257920,0,1
102,55,133,33,92,151,49,52,
153.000000,177.000000,0.065601,411157632.000000,0.327044,0,1
185,173,166,72,110,106,39,24,
394.000000,177.000000,0.062525,70851776.000000,0.147165,0,1
170,139,185,72,122,119,67,123,
278.000000,178.000000,0.067597,36895388.000000,0.673865,0,1
27,25,46,23,36,83,26,36,
586.000000,178.000000,0.058274,947945536.000000,0.464205,0,1
247,208,253,72,138,235,30,24,
179.000000,179.000000,0.064422,1074548224.000000,0.285932,0,1
177,111,188,46,102,154,38,29,
315.000000,179.000000,0.060082,186217760.000000,0.090547,0,1
174,242,71,255,164,33,193,63,
302.000000,180.000000,0.066192,102214448.000000,0.568268,0,1
123,78,149,33,108,117,41,30,
61.000000,182.000000,0.064058,548641664.000000,0.259284,0,1
25,35,38,59,81,67,131,151,
333.000000,182.000000,0.065804,408520512.000000,0.442477,0,1
46,46,99,45,134,198,136,199,
76.000000,183.000000,0.065573,280986144.000000,0.252658,0,1
237,165,173,74,105,74,33,24,
195.000000,183.000000,0.064884,465900256.000000,0.263097,0,1
179,123,143,53,104,94,38,36,
233.000000,184.000000,0.064862,167790736.000000,0.211114,0,1
43,52,35,99,98,90,209,218,
234.000000,184.000000,0.065145,151819792.000000,0.572563,0,1
29,40,34,97,96,83,209,203,
256.000000,184.000000,0.065649,46648156.000000,0.487301,0,1
51,54,64,122,133,125,239,242,
249.000000,185.000000,0.066048,215251408.000000,0.511581,0,1
51,64,117,73,193,240,169,235,
86.000000,186.000000,0.063583,1685401856.000000,0.235448,0,1
100,134,64,135,90,35,67,45,
368.000000,187.000000,0.066448,182300272.000000,0.208020,0,1
208,196,171,170,116,59,56,35,
530.000000,187.000000,0.063893,923315328.000000,0.394653,0,1
34,114,43,247,145,38,192,68,
164.000000,188.000000,0.065392,809690496.000000,0.315868,0,1
43,47,109,44,114,176,93,132,
288.000000,188.000000,0.064257,105808984.000000,0.148812,0,1
214,221,225,181,156,204,71,51,
510.000000,189.000000,0.064743,1605456128.000000,0.504818,0,1
157,139,94,64,76,44,40,48,
260.000000,190.000000,0.064487,316759264.000000,0.478029,0,1
173,187,90,205,129,33,176,126,
177.000000,191.000000,0.062485,741443072.000000,0.282544,0,1
142,149,102,169,92,40,122,64,
551.000000,191.000000,0.063789,805467008.000000,0.439061,0,1
252,250,211,191,184,156,63,32,
364.000000,192.000000,0.065118,244665056.000000,0.205114,0,1
35,78,34,244,134,34,225,145,
56.000000,193.000000,0.066736,1830707200.000000,0.279041,0,1
68,52,103,55,105,158,112,151,
207.000000,193.000000,0.065170,387670912.000000,0.249815,0,1
175,141,124,63,90,47,33,23,
458.000000,193.000000,0.066533,192270384.000000,0.273189,0,1
45,44,47,46,53,73,88,80,
26.000000,194.000000,0.065395,1527116032.000000,0.298530,0,1
40,39,70,35,66,104,50,56,
40.000000,194.000000,0.064791,4024453120.000000,0.283729,0,1
66,109,50,155,91,40,132,107,
245.000000,194.000000,0.064422,42544456.000000,0.132502,0,1
46,85,78,171,155,193,234,249,
296.000000,194.000000,0.063367,9285690.000000,0.059751,0,1
104,58,248,31,167,255,96,231,
467.000000,195.000000,0.063505,310761152.000000,0.384034,0,1
190,182,173,81,76,71,58,54,
46.000000,197.000000,0.069264,341222144.000000,0.227448,0,1
24,34,34,52,66,47,75,96,
37.000000,198.000000,0.066269,1064992896.000000,0.294791,0,1
133,84,119,43,62,67,33,25,
60.000000,198.000000,0.066446,1741048320.000000,0.275483,0,1
150,103,131,48,82,132,50,57,
236.000000,198.000000,0.064198,159999584.000000,0.561117,0,1
42,54,126,42,119,182,62,145,
231.000000,199.000000,0.064770,131417288.000000,0.578008,0,1
55,30,31,30,32,35,116,106,
532.000000,199.000000,0.064848,552549120.000000,0.573762,0,1
41,47,37,94,88,43,155,154,
489.000000,200.000000,0.065603,88093704.000000,0.328343,0,1
61,49,47,60,65,49,103,110,
529.000000,200.000000,0.064640,2325850624.000000,0.563028,0,1
42,43,94,31,92,155,56,89,
63.000000,201.000000,0.066491,1358505472.000000,0.273948,0,1
141,102,121,61,90,77,43,28,
98.000000,201.000000,0.065999,1560535552.000000,0.239272,0,1
79,68,118,63,101,150,76,104,
202.000000,201.000000,0.063651,72163712.000000,0.260681,0,1
19,19,23,57,58,62,69,29,
252.000000,201.000000,0.068165,55736400.000000,0.524366,0,1
61,133,109,58,51,46,28,26,
425.000000,203.000000,0.064126,317783968.000000,0.296235,0,1
72,74,57,135,118,57,145,89,
451.000000,204.000000,0.062763,527157376.000000,0.346025,0,1
52,93,47,87,60,34,70,59,
23.000000,205.000000,0.063659,195920320.000000,0.222797,0,1
137,134,108,133,94,60,105,77,
100.000000,205.000000,0.066875,622507456.000000,0.284871,0,1
154,151,163,97,99,96,42,24,
125.000000,205.000000,0.068148,178251888.000000,0.259363,0,1
57,75,89,48,49,50,26,24,
367.000000,205.000000,0.067356,142377056.000000,0.239049,0,1
48,60,38,106,76,39,111,74,
44.000000,207.000000,0.067725,848406784.000000,0.298867,0,1
104,112,142,80,87,89,37,24,
414.000000,207.000000,0.067772,169931504.000000,0.294737,0,1
31,42,46,58,74,67,89,104,
427.000000,207.000000,0.063889,171618880.000000,0.301910,0,1
48,64,40,93,67,59,91,102,
445.000000,207.000000,0.066685,358849376.000000,0.359374,0,1
40,52,69,82,84,95,101,115,
469.000000,207.000000,0.068133,222711024.000000,0.429800,0,1
54,90,91,103,107,111,121,134,
323.000000,208.000000,0.064304,26777380.000000,0.497123,0,1
138,173,151,163,169,106,63,64,
406.000000,208.000000,0.065994,154628368.000000,0.269628,0,1
52,60,53,82,81,80,107,110,
369.000000,209.000000,0.066443,101929992.000000,0.348496,0,1
49,55,34,121,52,55,90,97,
243.000000,210.000000,0.064267,160643552.000000,0.545549,0,1
23,62,24,106,44,20,40,55,
196.000000,211.000000,0.065905,231460784.000000,0.274489,0,1
48,41,82,29,72,90,42,62,
278.000000,212.000000,0.065307,29815370.000000,0.713963,0,1
22,22,22,22,32,48,49,60,
296.000000,212.000000,0.067274,148487888.000000,0.622955,0,1
27,46,47,70,71,80,89,121,
298.000000,212.000000,0.067289,194288992.000000,0.615531,0,1
27,47,48,71,80,87,107,126,
62.000000,213.000000,0.067761,642538688.000000,0.285316,0,1
32,30,32,47,59,59,85,104,
182.000000,214.000000,0.066548,130744472.000000,0.304308,0,1
42,34,26,55,44,41,72,88,
122.000000,215.000000,0.061710,94830248.000000,0.262212,0,1
20,37,39,43,43,44,62,97,
134.000000,215.000000,0.065396,145362272.000000,0.375614,0,1
18,23,22,39,42,45,77,95,
71.000000,216.000000,0.065510,471114784.000000,0.267859,0,1
96,118,91,108,98,64,63,61,
129.000000,216.000000,0.065084,182481280.000000,0.382200,0,1
22,34,37,67,70,72,92,92,
144.000000,216.000000,0.066041,212468736.000000,0.353871,0,1
64,67,76,89,92,96,101,103,
169.000000,216.000000,0.064832,86943192.000000,0.316621,0,1
54,77,78,92,91,91,100,104,
173.000000,216.000000,0.064308,79292992.000000,0.308174,0,1
63,78,79,91,92,91,101,102,
297.000000,216.000000,0.073708,74892400.000000,0.674362,0,1
128,124,113,112,99,92,89,80,
311.000000,216.000000,0.074595,25170816.000000,0.629270,0,1
110,105,115,95,98,99,85,85,
398.000000,216.000000,0.079467,40934752.000000,0.327892,0,1
106,100,101,94,96,96,87,79,
466.000000,216.000000,0.084808,11178393.000000,0.399761,0,1
123,113,122,99,105,112,92,90,
76.000000,218.000000,0.065017,160910784.000000,0.262096,0,1
27,36,34,59,60,61,75,83,
233.000000,218.000000,0.078680,24073028.000000,0.686902,0,1
109,105,105,96,94,93,86,86,
535.000000,218.000000,0.082469,261337312.000000,0.382012,0,1
83,89,86,159,157,142,255,254,
194.000000,222.000000,0.080138,43620884.000000,0.342693,0,1
113,111,108,95,88,84,79,74,
281.000000,222.000000,0.078378,20364524.000000,0.800112,0,1
67,63,74,61,78,94,76,75,
188.000000,224.000000,0.082897,20471204.000000,0.361432,0,1
89,92,90,87,80,76,73,67,
278.000000,224.000000,0.080625,9768306.000000,0.812477,0,1
58,57,68,56,63,73,64,64,
65.000000,225.000000,0.076127,325668768.000000,0.329758,0,1
107,115,124,100,106,105,84,74,
185.000000,225.000000,0.084111,19291558.000000,0.371598,0,1
85,87,87,81,76,73,67,64,
246.000000,225.000000,0.081226,36712544.000000,0.655495,0,1
82,86,88,68,68,68,59,54,
281.000000,225.000000,0.083310,21570492.000000,0.819116,0,1
85,73,71,69,65,62,59,54,
387.000000,225.000000,0.087645,93092272.000000,0.406823,0,1
74,78,67,90,68,63,75,65,
309.000000,226.000000,0.084870,19072360.000000,0.729181,0,1
75,73,76,60,63,66,57,61,
494.000000,226.000000,0.088618,206787840.000000,0.709071,0,1
97,82,96,75,94,112,78,78,
500.000000,230.000000,0.091888,193672160.000000,0.772562,0,1
120,120,115,100,106,99,94,90,
270.000000,231.000000,0.089029,18322086.000000,0.913392,0,1
61,66,60,71,60,48,58,45,
532.000000,231.000000,0.092883,10975478.000000,0.649879,0,1
84,74,79,61,63,63,55,56,
376.000000,232.000000,0.088162,16080588.000000,0.470619,0,1
57,57,62,56,59,69,56,58,
60.000000,233.000000,0.084821,7342587.000000,0.385612,0,1
63,61,64,64,71,81,77,76,
470.000000,234.000000,0.098286,43128620.000000,0.718435,0,1
60,62,62,67,67,67,88,79,
26.000000,236.000000,0.084389,37656996.000000,0.420740,0,1
61,57,56,51,50,50,47,46,
58.000000,236.000000,0.087636,26343036.000000,0.405388,0,1
73,76,77,68,64,62,53,50,
504.000000,236.000000,0.097015,59575660.000000,0.855392,0,1
93,84,93,64,77,83,58,58,
374.000000,240.000000,0.098514,46061724.000000,0.529303,0,1
53,51,62,50,59,70,55,65,
380.000000,240.000000,0.100956,81199936.000000,0.516884,0,1
64,65,50,67,56,42,63,54,
526.000000,240.000000,0.102631,24938126.000000,0.724106,0,1
65,73,66,73,68,60,61,53,
429.000000,242.000000,0.104804,58720032.000000,0.625102,0,1
51,50,50,53,53,53,64,53,
380.000000,243.000000,0.104479,60281140.000000,0.531997,0,1
56,61,48,67,55,49,63,57,
388.000000,243.000000,0.104071,121506432.000000,0.505216,0,1
42,44,45,51,53,53,64,58,
360.000000,244.000000,0.104490,66415912.000000,0.623406,0,1
45,46,45,53,53,54,58,50,
439.000000,244.000000,0.104173,31007986.000000,0.662451,0,1
62,62,66,51,56,58,51,48,
223.000000,245.000000,0.099197,41352148.000000,0.909022,0,1
72,67,68,56,56,54,51,50,
308.000000,245.000000,0.104574,68135888.000000,0.845012,0,1
50,55,50,60,56,53,65,70,
318.000000,245.000000,0.104212,71566592.000000,0.807346,0,1
48,48,48,53,54,53,65,60,
262.000000,247.000000,0.103393,108316344.000000,1.141914,0,1
45,47,45,58,59,58,66,52,
210.000000,248.000000,0.104708,57232700.000000,1.032801,0,1
40,40,40,46,50,57,63,52,
119.000000,249.000000,0.103093,18031188.000000,0.602542,0,1
48,54,52,54,45,39,37,36,
233.000000,250.000000,0.105137,68215672.000000,0.896733,0,1
63,67,67,50,50,49,47,45,
174.000000,251.000000,0.105573,27198102.000000,0.490473,0,1
44,54,52,43,42,41,40,38,
109.000000,253.000000,0.106578,50011344.000000,0.462984,0,1
53,59,57,57,54,50,41,38,
106.000000,254.000000,0.106948,50445064.000000,0.470502,0,1
56,56,57,44,43,41,38,37,
26.000000,255.000000,0.078290,22916842.000000,0.395588,0,1
36,36,38,43,43,46,50,47,
75.000000,255.000000,0.106532,62592320.000000,0.511530,0,1
46,60,60,48,47,46,39,36,
89.000000,255.000000,0.108140,42182288.000000,0.502125,0,1
51,53,53,45,43,39,37,35,
93.000000,255.000000,0.109509,35023812.000000,0.504651,0,1
49,52,50,39,37,35,35,34,
49.000000,256.000000,0.105494,118187560.000000,0.540209,0,1
59,67,67,56,55,53,40,37,
62.000000,256.000000,0.105348,69765264.000000,0.522478,0,1
50,56,55,40,38,37,34,33,
63.000000,256.000000,0.105584,71904416.000000,0.522655,0,1
50,56,53,39,37,37,34,34,
35.000000,257.000000,0.102701,47473308.000000,0.540429,0,1
47,49,50,39,40,38,35,35,
198.000000,258.000000,0.112492,8299909.000000,1.191524,0,1
46,53,45,53,45,40,45,39,
445.000000,260.000000,0.066067,2992125.250000,0.307419,0,1
52,59,52,67,63,51,76,73,
471.000000,260.000000,0.124987,32847248.000000,1.064793,0,1
48,51,55,56,59,62,59,62,
524.000000,260.000000,0.133302,3005125.250000,1.045692,0,1
41,41,42,44,45,45,48,51,
185.000000,261.000000,0.119817,6259822.500000,1.302999,0,1
37,37,38,40,43,45,46,48,
319.000000,263.000000,0.125273,9664688.000000,0.650073,0,1
39,44,41,49,46,44,52,53,
161.000000,264.000000,0.117964,25914806.000000,0.582481,0,1
33,26,35,27,30,38,33,39,
384.000000,265.000000,0.115300,23133036.000000,0.596040,0,1
44,43,43,49,46,43,52,52,
503.000000,265.000000,0.133271,9579523.000000,0.631980,0,1
63,65,72,58,63,74,55,54,
328.000000,266.000000,0.111116,4907624.000000,0.585644,0,1
43,43,41,50,46,44,49,49,
174.000000,267.000000,0.126282,61232112.000000,0.611700,0,1
36,35,35,37,41,42,50,49,
362.000000,267.000000,0.135946,114759496.000000,0.675330,0,1
43,44,43,52,49,44,55,54,
149.000000,268.000000,0.125646,39381208.000000,0.647853,0,1
35,34,38,34,40,46,39,39,
244.000000,268.000000,0.131488,4015061.500000,0.446240,0,1
50,49,48,54,52,50,55,57,
309.000000,268.000000,0.128886,43254380.000000,1.029522,0,1
44,48,44,57,58,53,69,68,
397.000000,268.000000,0.125019,68231688.000000,0.726728,0,1
40,40,38,49,43,38,52,52,
143.000000,269.000000,0.130121,101902248.000000,0.682137,0,1
38,43,43,43,40,33,36,30,
167.000000,269.000000,0.122964,145803072.000000,0.596562,0,1
45,57,48,63,56,48,52,45,
196.000000,269.000000,0.133446,5920963.500000,1.271334,0,1
40,45,42,51,48,44,56,58,
355.000000,269.000000,0.130510,58745320.000000,0.621196,0,1
46,43,48,41,48,55,42,45,
135.000000,270.000000,0.126825,115830240.000000,0.691645,0,1
40,39,41,33,35,37,28,31,
165.000000,270.000000,0.123410,91921552.000000,0.616460,0,1
57,61,61,57,56,50,40,38,
400.000000,270.000000,0.127371,1654147.625000,0.368323,0,1
37,45,39,49,46,42,47,45,
171.000000,271.000000,0.120683,30187928.000000,0.664234,0,1
50,52,47,48,42,39,38,35,
358.000000,272.000000,0.122474,4067979.500000,0.567912,0,1
61,57,57,45,47,49,41,40,
391.000000,272.000000,0.115898,47003644.000000,0.643777,0,1
56,57,55,50,51,52,45,45,
107.000000,274.000000,0.126106,31506742.000000,0.773176,0,1
34,34,36,37,43,48,45,40,
108.000000,274.000000,0.127038,38227456.000000,0.764900,0,1
34,35,39,40,47,48,48,41,
144.000000,274.000000,0.131376,40983160.000000,0.697842,0,1
30,30,30,35,36,35,44,46,
260.000000,274.000000,0.132497,8591727.000000,1.371549,0,1
46,44,41,48,52,48,69,69,
308.000000,274.000000,0.113636,16735392.000000,1.039039,0,1
62,57,62,50,56,62,50,53,
75.000000,275.000000,0.128569,85098728.000000,0.684082,0,1
30,31,32,33,37,39,39,37,
301.000000,275.000000,0.123278,46036884.000000,0.790044,0,1
50,47,44,51,49,46,56,53,
290.000000,277.000000,0.140356,17981234.000000,1.227468,0,1
35,36,37,40,41,39,48,48,
446.000000,277.000000,0.150788,115468904.000000,0.884018,0,1
50,46,48,50,51,52,55,55,
458.000000,277.000000,0.127510,81564040.000000,0.752818,0,1
59,61,57,55,53,49,50,46,
459.000000,277.000000,0.135526,5769073.500000,0.544255,0,1
56,60,54,55,51,49,48,45,
125.000000,278.000000,0.131362,62385496.000000,0.750225,0,1
40,37,37,34,32,30,27,25,
251.000000,278.000000,0.133686,59728936.000000,1.517079,0,1
54,51,57,42,52,64,46,41,
318.000000,278.000000,0.134248,23665406.000000,0.733943,0,1
55,59,51,66,56,45,64,55,
123.000000,279.000000,0.131406,38210972.000000,0.756759,0,1
35,34,33,30,28,27,25,23,
151.000000,279.000000,0.120876,2506652.750000,0.677214,0,1
31,30,30,31,34,35,39,41,
305.000000,279.000000,0.152726,35087732.000000,1.258777,0,1
51,47,53,52,57,62,60,56,
319.000000,280.000000,0.124765,30746340.000000,1.057363,0,1
48,56,38,61,47,42,54,50,
251.000000,282.000000,0.150478,57531624.000000,1.608483,0,1
41,40,42,44,48,64,62,69,
428.000000,282.000000,0.063254,11856809.000000,0.552170,0,1
49,50,47,43,45,41,40,39,
441.000000,282.000000,0.124407,9296162.000000,0.582172,0,1
49,45,46,37,41,41,35,34,
284.000000,288.000000,0.062441,3201991.500000,0.809726,0,1
40,36,44,33,39,45,36,39,
315.000000,288.000000,0.077270,21774532.000000,0.743051,0,1
55,57,56,50,51,51,46,44,
391.000000,267.000000,0.130838,55219792.000000,0.747351,0,1
44,43,44,51,49,46,56,55,
302.000000,265.000000,0.122439,19951446.000000,1.023711,0,1
36,41,40,46,45,49,52,53,
494.000000,259.000000,0.126085,36657856.000000,1.215661,0,1
45,48,49,55,56,58,67,68,
173.000000,257.000000,0.114354,8485406.000000,0.542752,0,1
34,36,35,39,40,44,44,42,
107.000000,251.000000,0.103028,12453487.000000,0.443676,0,1
41,39,41,41,47,53,56,57,
242.000000,249.000000,0.104622,161335120.000000,0.857702,0,1
88,85,87,69,68,65,51,49,
346.000000,244.000000,0.104213,67681272.000000,0.673144,0,1
45,44,44,46,46,49,56,57,
252.000000,243.000000,0.100593,29121536.000000,1.117764,0,1
83,83,71,82,67,53,62,48,
253.000000,239.000000,0.095086,33852404.000000,1.157652,0,1
52,52,64,54,68,79,77,81,
75.000000,236.000000,0.088983,39134756.000000,0.393362,0,1
75,73,72,61,60,58,55,51,
173.000000,229.000000,0.086459,11739044.000000,0.409845,0,1
71,77,79,75,72,63,61,55,
337.000000,227.000000,0.087151,16052789.000000,0.603886,0,1
69,68,71,58,59,71,59,60,
44.000000,219.000000,0.064873,155642608.000000,0.288608,0,1
23,39,36,56,58,61,76,85,
567.000000,116.000000,0.065458,281803136.000000,0.333890,0,1
18,21,19,38,35,28,114,182,
584.000000,116.000000,0.064865,904616064.000000,0.523385,0,1
16,18,21,21,30,59,30,51,
119.000000,217.000000,0.064425,140267328.000000,0.220891,0,1
45,60,61,84,90,96,114,107,
501.000000,121.000000,0.065063,2993665024.000000,0.481358,0,1
42,43,155,28,101,249,46,136,
566.000000,121.000000,0.065047,2041793792.000000,0.331143,0,1
202,222,83,246,123,31,188,102,
567.000000,214.000000,0.063821,766070528.000000,0.330071,0,1
217,245,178,209,193,148,165,132,
72.000000,214.000000,0.064957,988128320.000000,0.263574,0,1
34,64,41,113,78,45,107,82,
68.000000,213.000000,0.064741,208664432.000000,0.265611,0,1
32,35,39,61,71,71,119,127,
563.000000,211.000000,0.066528,988207744.000000,0.338530,0,1
124,137,183,127,186,232,181,219,
386.000000,125.000000,0.060319,247062928.000000,0.232083,0,1
25,23,38,23,36,146,27,52,
386.000000,210.000000,0.066724,449200032.000000,0.309485,0,1
51,79,86,100,114,136,115,139,
171.000000,210.000000,0.065932,371030848.000000,0.309856,0,1
30,29,35,35,84,105,72,95,
381.000000,127.000000,0.065774,247468640.000000,0.249283,0,1
27,40,35,67,96,43,154,182,
357.000000,209.000000,0.064224,70423472.000000,0.383949,0,1
27,47,28,68,46,35,73,78,
227.000000,209.000000,0.063501,256040448.000000,0.590888,0,1
39,43,88,30,85,142,47,56,
499.000000,128.000000,0.065472,1731871232.000000,0.477297,0,1
254,192,252,54,151,214,37,28,
401.000000,208.000000,0.066031,162905552.000000,0.263015,0,1
85,64,60,91,84,83,109,112,
505.000000,130.000000,0.064983,1551728512.000000,0.489398,0,1
255,199,254,61,171,225,46,35,
552.000000,131.000000,0.065618,2260110592.000000,0.453029,0,1
55,151,55,247,165,85,251,254,
544.000000,132.000000,0.065077,2146372736.000000,0.606751,0,1
33,43,63,78,146,170,215,255,
309.000000,133.000000,0.069562,45112320.000000,0.118943,0,1
255,220,255,75,169,250,40,34,
240.000000,208.000000,0.063830,188336064.000000,0.547310,0,1
36,50,31,145,107,35,164,135,
126.000000,134.000000,0.066041,639352960.000000,0.199448,0,1
20,25,30,33,65,70,80,137,
540.000000,206.000000,0.066962,48207864.000000,0.624824,0,1
61,69,63,84,76,64,106,116,
477.000000,206.000000,0.067288,960583936.000000,0.443855,0,1
54,74,95,111,136,150,155,174,
507.000000,205.000000,0.064933,1531620864.000000,0.504872,0,1
208,208,205,115,146,117,98,106,
465.000000,205.000000,0.066759,351416384.000000,0.407948,0,1
30,32,39,37,48,59,72,98,
519.000000,203.000000,0.064208,1379056128.000000,0.530827,0,1
26,42,53,52,76,111,69,65,
160.000000,203.000000,0.069593,288011424.000000,0.189851,0,1
140,158,180,131,142,139,63,30,
486.000000,141.000000,0.064954,1328264704.000000,0.434684,0,1
255,188,251,45,127,193,33,26,
520.000000,141.000000,0.066744,1295895808.000000,0.389702,0,1
252,140,249,35,120,253,33,39,
432.000000,142.000000,0.056215,64621380.000000,0.179260,0,1
244,210,209,97,90,113,36,30,
534.000000,143.000000,0.065505,4341184512.000000,0.578343,0,1
35,41,141,32,136,248,102,197,
137.000000,144.000000,0.065212,95030552.000000,0.343783,0,1
21,35,44,80,116,135,173,228,
124.000000,145.000000,0.068145,638232192.000000,0.208269,0,1
35,42,63,73,114,115,144,159,
482.000000,147.000000,0.064000,2078123136.000000,0.416010,0,1
44,184,49,255,158,65,247,245,
547.000000,148.000000,0.064331,2663778816.000000,0.605622,0,1
156,252,137,211,168,58,69,33,
367.000000,149.000000,0.065139,513586752.000000,0.300225,0,1
50,58,164,42,145,212,101,162,
557.000000,150.000000,0.063894,1708900608.000000,0.449579,0,1
28,27,53,24,68,140,65,110,
188.000000,197.000000,0.063441,403890560.000000,0.278065,0,1
41,87,38,106,77,82,126,153,
100.000000,197.000000,0.066480,411556352.000000,0.237778,0,1
21,27,29,41,70,68,86,130,
434.000000,195.000000,0.065850,198135712.000000,0.156088,0,1
186,176,196,156,172,172,77,62,
335.000000,195.000000,0.060858,132217664.000000,0.259509,0,1
181,234,93,243,131,40,126,93,
494.000000,194.000000,0.063850,913356992.000000,0.454891,0,1
170,158,190,82,79,77,48,46,
380.000000,153.000000,0.069419,141673152.000000,0.259491,0,1
62,132,62,143,101,42,82,40,
503.000000,153.000000,0.059185,169827040.000000,0.212573,0,1
144,125,161,55,74,109,74,69,
80.000000,193.000000,0.065776,2106370048.000000,0.252519,0,1
129,104,163,63,111,140,49,30,
225.000000,192.000000,0.063405,307164608.000000,0.595815,0,1
210,181,199,104,106,126,45,28,
507.000000,154.000000,0.062445,601825280.000000,0.335061,0,1
235,151,240,91,163,227,73,34,
170.000000,192.000000,0.063693,533569696.000000,0.301762,0,1
195,129,197,47,92,176,35,33,
202.000000,191.000000,0.063071,240675664.000000,0.251514,0,1
225,193,190,146,140,115,71,27,
371.000000,159.000000,0.070391,367119936.000000,0.289516,0,1
164,190,145,121,117,68,44,30,
483.000000,189.000000,0.063561,755328128.000000,0.421915,0,1
170,153,99,72,72,51,47,41,
392.000000,187.000000,0.072018,35019796.000000,0.270705,0,1
151,154,164,105,116,100,57,49,
558.000000,161.000000,0.065825,2699650560.000000,0.466425,0,1
30,92,43,189,110,31,149,67,
80.000000,163.000000,0.066618,821266304.000000,0.249863,0,1
45,37,73,40,60,83,64,64,
566.000000,185.000000,0.064067,2036749568.000000,0.472959,0,1
244,248,168,174,168,71,88,35,
525.000000,163.000000,0.065083,4565854720.000000,0.546277,0,1
122,246,147,240,141,41,136,46,
263.000000,185.000000,0.064668,289608192.000000,0.462745,0,1
33,92,48,183,129,45,177,118,
441.000000,164.000000,0.065399,740368512.000000,0.323673,0,1
32,56,64,123,174,137,228,154,
585.000000,184.000000,0.064617,2224865792.000000,0.521508,0,1
43,131,43,236,111,35,194,104,
452.000000,184.000000,0.063815,584604544.000000,0.345556,0,1
220,206,165,167,128,77,81,43,
133.000000,183.000000,0.065444,855059840.000000,0.357441,0,1
70,42,84,27,59,93,36,41,
542.000000,182.000000,0.064657,4552159744.000000,0.596709,0,1
185,215,108,159,126,45,63,30,
531.000000,181.000000,0.064021,2116022656.000000,0.556234,0,1
219,190,230,83,175,194,49,30,
511.000000,181.000000,0.065026,4961859584.000000,0.507872,0,1
250,244,172,246,156,64,176,112,
566.000000,170.000000,0.064545,3775338240.000000,0.476417,0,1
174,237,78,254,147,31,181,79,
159.000000,180.000000,0.066141,943536576.000000,0.321426,0,1
191,132,177,58,108,100,41,24,
108.000000,175.000000,0.064390,568906432.000000,0.214859,0,1
29,61,38,96,48,26,40,21,
237.000000,175.000000,0.066872,174839088.000000,0.543849,0,1
189,144,158,44,60,65,26,22,
373.000000,179.000000,0.065894,179451872.000000,0.296614,0,1
43,43,62,84,92,72,156,176,
558.000000,177.000000,0.064843,3631738624.000000,0.460066,0,1
80,37,155,36,132,245,163,252,
125.000000,178.000000,0.067331,874256960.000000,0.208831,0,1
130,104,146,46,75,90,27,21,
252.000000,178.000000,0.064138,217871680.000000,0.495834,0,1
27,65,75,89,197,122,195,231,
104.000000,178.000000,0.064054,2502899712.000000,0.218214,0,1
128,147,77,167,98,34,131,68,
459.000000,178.000000,0.065032,2444210176.000000,0.368487,0,1
60,132,48,210,93,32,137,89,
542.000000,178.000000,0.064971,9789798400.000000,0.599299,0,1
123,208,57,255,141,35,238,185,
161.000000,271.000000,0.124336,126873832.000000,0.620790,0,1
52,51,55,40,41,40,36,33,
162.000000,179.000000,0.065468,595020288.000000,0.312034,0,1
108,174,87,177,126,43,100,32,
571.000000,174.000000,0.067099,704433664.000000,0.346839,0,1
26,50,35,207,148,42,238,134,
374.000000,245.000000,0.105709,92392800.000000,0.452214,0,1
65,65,69,59,59,59,46,45,
429.000000,244.000000,0.105192,92922640.000000,0.632013,0,1
53,64,63,55,53,49,48,46,
136.000000,243.000000,0.098620,12981525.000000,0.544776,0,1
58,62,60,58,52,46,44,40,
103.000000,180.000000,0.063529,1757456256.000000,0.217620,0,1
142,158,90,173,108,41,146,110,
485.000000,180.000000,0.064748,2733259776.000000,0.433588,0,1
255,247,220,226,148,95,131,61,
153.000000,237.000000,0.090572,23394536.000000,0.472471,0,1
71,74,68,67,58,52,52,48,
380.000000,226.000000,0.082430,155961232.000000,0.311186,0,1
71,64,84,60,76,96,70,84,
252.000000,224.000000,0.080603,27459190.000000,0.632589,0,1
90,90,85,77,75,73,65,66,
251.000000,224.000000,0.080198,27780328.000000,0.638526,0,1
87,90,88,81,75,75,67,65,
473.000000,182.000000,0.065466,3692062208.000000,0.408318,0,1
44,46,144,38,137,228,94,124,
494.000000,221.000000,0.085817,929341696.000000,0.675593,0,1
108,150,98,163,132,85,136,117,
387.000000,221.000000,0.083555,225177520.000000,0.325945,0,1
100,106,86,108,91,73,95,74,
401.000000,183.000000,0.066129,53740620.000000,0.134899,0,1
163,138,122,152,93,52,129,78,
513.000000,216.000000,0.064315,1455961984.000000,0.373785,0,1
119,162,108,255,161,104,243,157,
514.000000,164.000000,0.064718,5263145984.000000,0.510467,0,1
36,33,120,40,146,252,151,251,
485.000000,216.000000,0.082437,289399232.000000,0.605683,0,1
214,184,202,144,174,187,134,110,
296.000000,216.000000,0.073651,72250416.000000,0.442793,0,1
121,121,121,115,106,94,94,81,
514.000000,122.000000,0.065202,378070240.000000,0.519485,0,1
233,240,216,158,130,72,52,28,
137.000000,215.000000,0.065356,148228160.000000,0.361325,0,1
17,23,24,43,48,52,80,96,
544.000000,162.000000,0.065233,4489526784.000000,0.606327,0,1
34,38,150,52,172,254,191,236,
497.000000,186.000000,0.064721,964058112.000000,0.467480,0,1
44,78,144,122,188,234,196,217,
224.000000,211.000000,0.064906,111425040.000000,0.606488,0,1
22,20,29,22,24,39,44,83,
126.000000,162.000000,0.063771,144159952.000000,0.191788,0,1
151,115,83,57,44,34,32,26,
156.000000,211.000000,0.062795,761732416.000000,0.322198,0,1
29,54,37,112,84,44,120,87,
569.000000,160.000000,0.065813,1344954880.000000,0.491766,0,1
20,38,64,48,147,142,133,191,
501.000000,189.000000,0.064484,4176583680.000000,0.477381,0,1
186,196,104,223,139,56,151,74,
105.000000,131.000000,0.071471,361192832.000000,0.186516,0,1
25,29,31,46,95,121,138,192,
450.000000,131.000000,0.065429,878731456.000000,0.347290,0,1
131,67,164,25,101,149,28,23,
478.000000,207.000000,0.067928,951542272.000000,0.452236,0,1
95,136,150,155,196,196,174,177,
456.000000,207.000000,0.068600,182573712.000000,0.399437,0,1
32,49,50,83,84,84,108,121,
90.000000,191.000000,0.067100,1794916224.000000,0.248064,0,1
41,87,44,117,59,45,85,59,
125.000000,135.000000,0.066200,1020882560.000000,0.200979,0,1
25,33,65,31,80,151,61,112,
129.000000,135.000000,0.064979,773836096.000000,0.192395,0,1
24,70,34,151,103,38,142,116,
484.000000,136.000000,0.065665,2240313600.000000,0.435724,0,1
27,32,93,33,144,231,122,211,
159.000000,193.000000,0.064365,548200128.000000,0.316214,0,1
26,65,34,103,78,37,110,89,
405.000000,153.000000,0.065080,194833856.000000,0.166984,0,1
230,201,161,113,99,62,50,37,
395.000000,205.000000,0.065577,458036960.000000,0.243125,0,1
70,87,136,47,108,150,48,54,
503.000000,203.000000,0.064718,2694347776.000000,0.490834,0,1
81,41,98,32,62,170,50,81,
305.000000,139.000000,0.068649,11381644.000000,0.103459,0,1
29,37,55,94,131,186,211,255,
331.000000,139.000000,0.066291,64165848.000000,0.257249,0,1
26,39,32,121,118,55,218,231,
118.000000,194.000000,0.071002,174349328.000000,0.236057,0,1
159,134,124,101,83,78,44,26,
156.000000,152.000000,0.068494,452658624.000000,0.171688,0,1
205,159,229,69,123,202,56,50,
377.000000,196.000000,0.066339,465992000.000000,0.204058,0,1
47,49,124,67,120,206,89,64,
404.000000,144.000000,0.060877,145350176.000000,0.153077,0,1
253,196,248,64,144,168,41,35,
507.000000,144.000000,0.065749,5231976448.000000,0.499763,0,1
78,225,61,255,163,37,226,149,
431.000000,149.000000,0.062934,522648000.000000,0.201798,0,1
32,73,34,209,122,30,221,137,
31.000000,198.000000,0.065841,227552864.000000,0.297668,0,1
144,87,86,43,46,40,28,23,
355.000000,198.000000,0.066611,405511552.000000,0.243857,0,1
255,226,219,97,103,90,56,45,
570.000000,147.000000,0.065265,747850624.000000,0.335091,0,1
175,224,146,206,153,67,94,37,
355.000000,178.000000,0.065566,31284036.000000,0.099506,0,1
185,169,135,61,101,50,40,29,
230.000000,177.000000,0.063120,282336960.000000,0.207953,0,1
24,44,34,118,144,58,223,208,
327.000000,175.000000,0.066496,87791232.000000,0.099329,0,1
222,152,212,49,125,133,36,24,
94.000000,180.000000,0.064815,1501304064.000000,0.207950,0,1
123,98,173,59,138,200,74,64,
216.000000,171.000000,0.063144,187681152.000000,0.224740,0,1
27,69,65,165,159,155,210,207,
432.000000,181.000000,0.064430,1715084032.000000,0.301820,0,1
56,124,53,175,75,38,116,56,
415.000000,170.000000,0.065616,623762624.000000,0.186988,0,1
37,96,34,194,81,32,149,63,
188.000000,170.000000,0.062775,71117000.000000,0.263264,0,1
22,22,23,29,30,29,85,175,
77.000000,206.000000,0.068958,455477888.000000,0.274327,0,1
164,157,156,103,100,92,32,25,
402.000000,168.000000,0.063492,397196800.000000,0.159235,0,1
96,67,145,35,92,171,40,39,
455.000000,156.000000,0.064797,831088320.000000,0.353101,0,1
250,255,187,222,203,92,76,31,
54.000000,218.000000,0.065240,81590096.000000,0.281836,0,1
19,23,26,41,43,46,71,83,
285.000000,161.000000,0.067567,19899548.000000,0.144664,0,1
252,248,248,163,209,179,48,25,
516.000000,189.000000,0.065061,5826185216.000000,0.525011,0,1
143,98,205,47,148,232,88,160,
324.000000,147.000000,0.059879,35489128.000000,0.084521,0,1
232,212,245,112,115,184,41,34,
287.000000,188.000000,0.065225,109947744.000000,0.147135,0,1
211,218,224,194,160,181,89,33,
209.000000,149.000000,0.076531,261443904.000000,0.116114,0,1
228,134,220,41,122,219,33,25,
139.000000,175.000000,0.065575,935214912.000000,0.346625,0,1
58,117,57,127,83,29,79,32,
170.000000,211.000000,0.064554,211250496.000000,0.305880,0,1
29,35,84,29,72,112,48,53,
394.000000,152.000000,0.063637,305591680.000000,0.144973,0,1
141,102,187,60,137,180,82,110,
391.000000,158.000000,0.062199,548196864.000000,0.198579,0,1
138,110,183,67,118,131,48,33,
168.000000,140.000000,0.063167,252903392.000000,0.142842,0,1
254,178,241,46,122,215,33,25,
152.000000,237.000000,0.090198,19732532.000000,0.460188,0,1
71,75,72,71,62,54,55,48,
362.000000,138.000000,0.062409,360852096.000000,0.144522,0,1
33,93,32,244,129,29,254,226,
419.000000,229.000000,0.082479,11450344.000000,0.413678,0,1
75,71,71,61,66,62,56,55,
362.000000,158.000000,0.062583,371694048.000000,0.144452,0,1
71,77,185,47,158,246,70,47,
231.000000,227.000000,0.085331,16130957.000000,0.296011,0,1
75,71,71,64,66,65,58,54,
349.000000,168.000000,0.063470,273548064.000000,0.126290,0,1
46,47,148,31,112,205,86,151,
476.000000,206.000000,0.067044,917150848.000000,0.439268,0,1
45,66,84,102,124,147,134,151,
548.000000,191.000000,0.064950,430469760.000000,0.621354,0,1
253,235,251,166,190,189,67,33,
343.000000,207.000000,0.067122,146511872.000000,0.159344,0,1
55,102,49,121,81,66,86,72,
140.000000,191.000000,0.064041,694279104.000000,0.186290,0,1
56,54,119,62,140,199,131,184,
331.000000,185.000000,0.065332,251889120.000000,0.112550,0,1
81,57,166,30,106,185,39,32,
