# timestamp
1608635284511168768

# fx, fy, cx, cy, width, height, npoints
501.493896,501.474945,421.770935,167.670166,800,400,557

# camToWorld: translation vector, rotation quaternion
-20.207860,33.738830,4.300702,-0.502483,0.521372,-0.479055,0.496174

# Exposure time (ms)
9.811343

# Point Cloud Data : 
# u,v,idepth_scaled,idepth_hessian,maxRelBaseline,numGoodRes,status 
# color information 
692.000000,125.000000,0.070217,1118194432.000000,0.344121,0,1
23,52,41,152,97,43,212,135,
654.000000,129.000000,0.068961,560237312.000000,0.277117,0,1
34,98,57,247,157,46,242,172,
374.000000,130.000000,0.108351,11298481.000000,0.163292,0,1
52,54,73,120,151,196,249,255,
536.000000,132.000000,0.051835,215711552.000000,0.107164,0,1
38,72,46,188,129,40,220,137,
580.000000,133.000000,0.052321,317752960.000000,0.103132,0,1
254,255,149,254,188,55,207,113,
501.000000,140.000000,0.051922,139392048.000000,0.105883,0,1
37,140,47,252,176,47,255,255,
588.000000,152.000000,0.053174,377432448.000000,0.157308,0,1
44,90,36,178,77,32,120,46,
538.000000,157.000000,0.047476,277858112.000000,0.075318,0,1
255,254,162,254,167,50,187,78,
395.000000,160.000000,0.054489,165970480.000000,0.082118,0,1
136,73,245,44,164,255,87,249,
725.000000,176.000000,0.079427,2159451904.000000,0.367210,0,1
205,255,123,255,186,65,255,222,
585.000000,182.000000,0.050073,387887616.000000,0.138061,0,1
219,113,254,57,172,255,88,194,
727.000000,189.000000,0.078881,970113728.000000,0.447830,0,1
47,36,66,31,59,112,45,56,
700.000000,201.000000,0.077314,1088374656.000000,0.412962,0,1
155,172,124,170,136,96,111,66,
724.000000,122.000000,0.076915,483117024.000000,0.418076,0,1
19,26,29,25,63,107,27,29,
714.000000,124.000000,0.073707,1809748480.000000,0.390647,0,1
33,53,29,115,37,19,66,44,
712.000000,130.000000,0.075060,2786928896.000000,0.393170,0,1
192,251,114,241,154,52,167,63,
734.000000,130.000000,0.080519,453173696.000000,0.446998,0,1
101,61,85,27,42,41,17,14,
711.000000,133.000000,0.073662,447210400.000000,0.386158,0,1
167,97,63,41,35,22,22,17,
692.000000,142.000000,0.071597,809072768.000000,0.305659,0,1
190,119,208,50,125,178,51,40,
695.000000,143.000000,0.073997,145736096.000000,0.215231,0,1
228,178,202,92,129,175,58,43,
694.000000,150.000000,0.070960,359362304.000000,0.206650,0,1
40,98,76,196,164,101,238,244,
714.000000,151.000000,0.078187,2207347200.000000,0.411298,0,1
39,94,35,226,83,28,170,99,
714.000000,158.000000,0.079095,613953152.000000,0.241185,0,1
107,175,60,228,90,36,97,41,
734.000000,160.000000,0.079871,225504448.000000,0.449189,0,1
75,64,81,48,62,62,36,24,
709.000000,161.000000,0.078173,13878860.000000,0.406764,0,1
167,65,65,28,29,29,25,25,
735.000000,161.000000,0.079812,44991760.000000,0.450651,0,1
81,62,62,36,38,37,24,25,
728.000000,167.000000,0.079718,501918464.000000,0.442686,0,1
26,29,28,42,37,31,144,185,
700.000000,168.000000,0.078160,711719616.000000,0.395870,0,1
35,136,87,232,204,92,246,190,
727.000000,168.000000,0.078687,1044930304.000000,0.437328,0,1
29,42,37,166,144,72,242,213,
713.000000,172.000000,0.075067,661856832.000000,0.230018,0,1
47,46,69,41,101,187,90,204,
705.000000,181.000000,0.074078,860694336.000000,0.393700,0,1
247,176,243,98,176,185,56,102,
693.000000,198.000000,0.071401,328214144.000000,0.157320,0,1
120,155,217,87,193,228,100,114,
726.000000,202.000000,0.077566,49410696.000000,0.137715,0,1
104,127,105,107,90,64,59,47,
714.000000,213.000000,0.076086,596670912.000000,0.354753,0,1
41,67,38,176,73,50,135,96,
726.000000,216.000000,0.076955,543640832.000000,0.458071,0,1
25,24,35,23,54,96,50,80,
720.000000,218.000000,0.076190,99072456.000000,0.449745,0,1
73,57,45,74,67,59,85,88,
735.000000,218.000000,0.082974,218702688.000000,0.498673,0,1
25,44,24,112,73,34,111,89,
703.000000,225.000000,0.074404,10036064.000000,0.427057,0,1
97,95,95,89,88,91,80,81,
720.000000,232.000000,0.079711,9247222.000000,0.476936,0,1
105,104,104,90,93,92,90,86,
693.000000,233.000000,0.071697,110676864.000000,0.327272,0,1
107,115,102,132,116,98,117,98,
708.000000,236.000000,0.072746,49587920.000000,0.435566,0,1
105,107,118,98,115,123,98,95,
709.000000,244.000000,0.077768,29225410.000000,0.468574,0,1
91,86,84,73,75,73,67,65,
736.000000,245.000000,0.080163,89668832.000000,0.509253,0,1
99,97,107,82,93,102,80,84,
720.000000,282.000000,0.123670,2465816.000000,0.741702,0,1
53,51,50,46,46,45,43,42,
559.000000,213.000000,0.059035,27599792.000000,0.088970,0,1
166,204,159,177,169,134,132,96,
569.000000,133.000000,0.051199,403239200.000000,0.135879,0,1
255,166,255,40,146,248,40,37,
641.000000,203.000000,0.059166,1476797056.000000,0.265234,0,1
200,248,143,174,124,52,94,93,
532.000000,136.000000,0.053937,106571736.000000,0.107303,0,1
255,216,238,84,141,219,38,34,
615.000000,138.000000,0.054570,302035456.000000,0.125051,0,1
109,111,161,85,190,243,174,251,
363.000000,198.000000,0.056472,125970360.000000,0.134198,0,1
249,243,227,181,166,112,67,40,
601.000000,196.000000,0.054093,350196832.000000,0.188345,0,1
131,110,155,45,73,70,64,88,
503.000000,191.000000,0.052665,113481496.000000,0.079369,0,1
255,255,236,227,205,118,95,59,
630.000000,145.000000,0.057581,70312848.000000,0.205134,0,1
179,154,132,81,96,94,53,55,
622.000000,147.000000,0.057021,349005824.000000,0.196888,0,1
35,62,70,114,117,151,128,152,
611.000000,153.000000,0.055744,188216768.000000,0.093581,0,1
197,250,174,255,223,109,164,70,
628.000000,153.000000,0.058170,1121947520.000000,0.203794,0,1
235,253,187,254,174,80,167,74,
667.000000,181.000000,0.065900,1884320640.000000,0.307083,0,1
51,63,112,75,165,254,98,172,
651.000000,156.000000,0.063155,221333168.000000,0.163428,0,1
255,236,255,105,195,198,131,100,
572.000000,179.000000,0.053517,648783616.000000,0.150024,0,1
175,82,254,39,137,247,39,40,
686.000000,159.000000,0.060397,19706766.000000,0.174266,0,1
255,255,255,173,199,216,55,33,
654.000000,168.000000,0.063655,2096060160.000000,0.271155,0,1
41,43,139,38,125,251,77,148,
520.000000,166.000000,0.054557,299040096.000000,0.100669,0,1
48,48,116,52,183,255,208,252,
398.000000,111.000000,0.168666,692152.250000,0.254191,0,1
41,47,47,59,60,61,95,210,
397.000000,125.000000,0.071015,4548218.500000,0.073626,0,1
169,175,174,179,179,177,142,71,
405.000000,125.000000,0.072602,21230940.000000,0.636007,0,1
138,152,136,160,144,125,123,46,
664.000000,127.000000,0.060013,375613248.000000,0.265336,0,1
24,30,42,64,119,163,146,116,
383.000000,132.000000,0.104136,158000384.000000,0.156960,0,1
143,251,111,255,190,69,255,202,
383.000000,133.000000,0.104118,158308816.000000,0.156913,0,1
181,255,112,255,197,74,255,202,
450.000000,133.000000,0.053812,290205344.000000,0.296271,0,1
24,67,32,249,180,22,238,51,
664.000000,135.000000,0.067814,241847472.000000,0.268488,0,1
43,75,58,159,143,77,255,255,
541.000000,136.000000,0.053180,20931912.000000,0.109891,0,1
35,41,131,37,143,228,113,191,
643.000000,138.000000,0.060308,801507968.000000,0.232859,0,1
85,101,138,88,170,230,153,207,
328.000000,139.000000,0.055810,35005272.000000,0.047869,0,1
211,255,150,255,181,26,244,160,
685.000000,141.000000,0.070562,484059360.000000,0.336464,0,1
255,247,182,224,162,75,154,94,
341.000000,143.000000,0.054227,283444864.000000,0.140097,0,1
252,119,255,30,121,225,27,25,
539.000000,143.000000,0.051699,170165152.000000,0.082469,0,1
54,63,159,83,200,247,182,255,
558.000000,144.000000,0.051214,190860736.000000,0.127110,0,1
59,46,121,32,98,174,40,40,
263.000000,145.000000,0.057127,160436928.000000,0.098855,0,1
58,219,62,255,147,61,186,38,
360.000000,148.000000,0.051942,2462768.750000,0.021300,0,1
252,216,197,133,145,141,92,100,
549.000000,149.000000,0.052207,392689888.000000,0.121490,0,1
189,255,82,254,153,110,96,41,
556.000000,149.000000,0.051226,420450848.000000,0.125707,0,1
66,225,72,255,191,51,255,221,
409.000000,153.000000,0.052359,57245856.000000,0.079077,0,1
253,184,255,80,182,255,61,60,
522.000000,153.000000,0.050621,127320600.000000,0.093780,0,1
34,100,40,236,145,40,252,229,
424.000000,156.000000,0.055584,135272592.000000,0.434218,0,1
41,64,69,160,190,210,247,255,
560.000000,156.000000,0.051598,656042624.000000,0.130867,0,1
245,252,157,253,159,65,192,92,
663.000000,156.000000,0.064071,310602720.000000,0.282151,0,1
34,32,57,32,78,140,50,103,
472.000000,159.000000,0.053515,230430336.000000,0.215158,0,1
253,255,156,245,161,46,182,83,
672.000000,159.000000,0.070619,149441808.000000,0.320548,0,1
169,158,131,73,66,65,35,29,
449.000000,161.000000,0.054164,128634648.000000,0.081629,0,1
253,255,139,255,163,44,176,56,
395.000000,165.000000,0.048560,31592520.000000,0.073183,0,1
255,228,243,79,92,84,42,39,
657.000000,165.000000,0.065417,1500007552.000000,0.281001,0,1
30,35,49,47,138,167,169,247,
658.000000,165.000000,0.064853,304344896.000000,0.212064,0,1
31,41,55,95,158,170,233,255,
625.000000,166.000000,0.058123,781083776.000000,0.205563,0,1
46,46,193,34,209,255,55,45,
678.000000,166.000000,0.067276,540305408.000000,0.320903,0,1
24,27,31,61,94,105,153,219,
686.000000,166.000000,0.070052,620443840.000000,0.343387,0,1
31,37,34,129,93,41,222,201,
475.000000,167.000000,0.057540,148698624.000000,0.223304,0,1
44,53,58,133,179,188,252,255,
619.000000,167.000000,0.055710,675291072.000000,0.131018,0,1
214,255,104,255,164,43,245,122,
685.000000,170.000000,0.069664,1289978368.000000,0.342274,0,1
255,255,165,197,149,58,85,37,
409.000000,175.000000,0.051741,63318744.000000,0.077977,0,1
255,172,250,58,160,254,54,52,
549.000000,176.000000,0.055204,488562912.000000,0.133532,0,1
86,67,138,53,181,245,115,220,
605.000000,176.000000,0.050958,305320160.000000,0.162973,0,1
71,81,105,111,136,255,57,95,
661.000000,176.000000,0.064870,419815200.000000,0.259657,0,1
254,238,213,143,157,124,65,49,
654.000000,179.000000,0.063317,1108301824.000000,0.277689,0,1
60,99,55,234,150,54,245,201,
528.000000,181.000000,0.054856,241969504.000000,0.115439,0,1
58,64,120,60,140,248,83,84,
461.000000,184.000000,0.057424,336851136.000000,0.296814,0,1
57,56,111,55,63,226,56,59,
525.000000,184.000000,0.055202,69087784.000000,0.084237,0,1
69,186,79,255,208,85,255,255,
466.000000,186.000000,0.051884,53917808.000000,0.078261,0,1
255,231,255,104,134,255,49,51,
570.000000,187.000000,0.048628,129757560.000000,0.095653,0,1
255,252,215,243,165,74,139,61,
682.000000,187.000000,0.068715,1748601984.000000,0.344251,0,1
48,55,172,60,171,253,130,157,
546.000000,189.000000,0.045255,19409972.000000,0.079553,0,1
255,246,252,153,200,201,84,62,
626.000000,190.000000,0.059834,616711744.000000,0.233501,0,1
37,42,69,86,110,137,119,65,
482.000000,192.000000,0.053562,42147060.000000,0.080722,0,1
255,255,252,224,219,163,95,63,
437.000000,193.000000,0.054500,595009152.000000,0.393512,0,1
210,255,122,255,138,42,169,48,
552.000000,196.000000,0.052512,601005376.000000,0.137847,0,1
81,58,209,33,189,255,87,124,
685.000000,196.000000,0.067710,456260864.000000,0.244604,0,1
208,255,150,164,135,62,63,46,
403.000000,205.000000,0.053892,174724832.000000,0.092938,0,1
255,248,243,178,163,144,89,76,
664.000000,205.000000,0.063444,488236480.000000,0.313810,0,1
42,39,51,38,63,74,72,110,
674.000000,206.000000,0.065099,58976788.000000,0.334661,0,1
41,43,43,58,53,45,73,75,
658.000000,210.000000,0.069037,56168712.000000,0.332151,0,1
56,67,75,77,80,86,89,96,
538.000000,211.000000,0.058057,16272672.000000,0.088527,0,1
102,159,148,141,141,124,116,96,
554.000000,223.000000,0.076746,8964777.000000,0.263994,0,1
96,108,110,90,96,90,84,81,
549.000000,226.000000,0.082390,6691276.000000,0.288614,0,1
89,99,91,91,87,77,74,79,
671.000000,227.000000,0.067915,73117272.000000,0.363383,0,1
94,96,102,93,106,109,104,112,
651.000000,228.000000,0.064420,28303372.000000,0.349459,0,1
98,101,96,88,86,80,81,75,
675.000000,233.000000,0.072091,21544650.000000,0.317131,0,1
101,120,96,123,113,93,94,85,
636.000000,248.000000,0.109338,90284032.000000,0.598566,0,1
72,76,77,70,62,57,49,44,
638.000000,248.000000,0.109889,63586172.000000,0.595622,0,1
76,77,79,62,57,63,34,33,
644.000000,249.000000,0.116982,25672412.000000,0.608963,0,1
81,76,80,59,74,77,61,63,
568.000000,250.000000,0.111348,42689572.000000,0.443786,0,1
60,61,63,76,84,88,94,75,
574.000000,251.000000,0.104955,20222338.000000,0.433828,0,1
70,85,78,81,73,66,63,60,
552.000000,252.000000,0.110275,32582760.000000,0.449212,0,1
61,80,72,106,98,82,95,73,
553.000000,252.000000,0.110452,26807398.000000,0.449056,0,1
61,76,69,104,90,75,93,71,
571.000000,252.000000,0.106406,28313732.000000,0.440172,0,1
89,93,81,77,69,63,64,62,
639.000000,252.000000,0.113083,28242242.000000,0.623420,0,1
34,47,49,56,54,57,59,62,
658.000000,258.000000,0.124718,9964625.000000,0.659054,0,1
59,60,60,64,64,65,70,71,
669.000000,258.000000,0.086788,7034108.000000,0.523909,0,1
61,61,62,65,65,65,73,74,
622.000000,262.000000,0.119766,3623544.250000,0.737283,0,1
56,56,60,54,57,61,51,50,
468.000000,268.000000,0.108490,126514.179688,0.279619,0,1
33,32,33,29,30,31,29,30,
559.000000,269.000000,0.098173,27608520.000000,0.473352,0,1
69,72,67,63,58,53,55,53,
560.000000,269.000000,0.096953,22508722.000000,0.468777,0,1
68,69,63,61,55,51,53,51,
629.000000,269.000000,0.120660,2071105.000000,0.784258,0,1
56,52,53,46,47,48,43,42,
539.000000,272.000000,0.121843,1485472.375000,0.384376,0,1
64,63,64,55,57,56,48,46,
655.000000,273.000000,0.123856,4619979.500000,0.753555,0,1
54,55,54,49,50,49,45,46,
685.000000,234.000000,0.066188,109502480.000000,0.379743,0,1
101,90,112,85,94,105,84,96,
666.000000,137.000000,0.067614,1596455296.000000,0.269549,0,1
77,194,69,255,154,53,225,158,
608.000000,198.000000,0.054252,359768160.000000,0.187560,0,1
64,63,145,71,133,230,99,103,
563.000000,141.000000,0.051037,521219424.000000,0.130987,0,1
138,88,189,62,158,234,126,193,
588.000000,187.000000,0.051759,581681280.000000,0.153728,0,1
232,249,96,219,140,38,64,32,
370.000000,123.000000,0.089993,1190275.000000,0.042835,0,1
89,87,103,92,102,121,99,112,
385.000000,123.000000,0.107791,62523976.000000,0.162789,0,1
134,120,161,123,150,178,148,196,
381.000000,124.000000,0.105374,24550306.000000,0.159016,0,1
152,166,140,166,160,136,106,143,
372.000000,125.000000,0.086145,3202553.500000,0.041669,0,1
121,116,137,112,136,155,122,109,
407.000000,125.000000,0.072918,38606016.000000,0.625325,0,1
123,136,120,144,125,108,102,42,
581.000000,133.000000,0.051104,459193152.000000,0.123059,0,1
218,237,77,246,101,50,132,65,
601.000000,133.000000,0.057469,147594256.000000,0.262359,0,1
17,23,28,36,52,65,57,64,
300.000000,137.000000,0.030248,1089551.250000,0.038652,0,1
22,33,35,113,121,127,223,255,
390.000000,137.000000,0.055809,89436304.000000,0.085155,0,1
52,56,188,48,168,255,71,97,
413.000000,137.000000,0.055134,914171520.000000,0.477754,0,1
38,39,62,40,139,225,141,246,
329.000000,138.000000,0.055456,101116304.000000,0.084573,0,1
88,211,111,255,150,29,181,40,
491.000000,139.000000,0.053577,220068256.000000,0.140663,0,1
38,145,57,241,185,35,250,110,
500.000000,139.000000,0.052748,88053704.000000,0.108925,0,1
27,41,37,121,140,47,252,255,
588.000000,140.000000,0.054437,1274356480.000000,0.232312,0,1
42,64,30,129,57,28,113,69,
471.000000,145.000000,0.054395,379811424.000000,0.213529,0,1
30,34,66,45,134,235,113,235,
426.000000,146.000000,0.053382,884155776.000000,0.402081,0,1
39,41,113,56,138,249,185,255,
425.000000,147.000000,0.054933,794797376.000000,0.415239,0,1
41,56,138,63,185,254,164,232,
365.000000,148.000000,0.036229,33176218.000000,0.070989,0,1
170,213,200,143,138,121,92,98,
447.000000,152.000000,0.054604,230561792.000000,0.313556,0,1
30,43,37,129,156,46,250,255,
451.000000,155.000000,0.056476,333114720.000000,0.305323,0,1
31,55,45,177,192,52,255,255,
476.000000,155.000000,0.052959,274949472.000000,0.196013,0,1
40,117,55,251,200,54,248,128,
463.000000,159.000000,0.054326,415874496.000000,0.252184,0,1
51,36,141,37,125,247,135,227,
529.000000,159.000000,0.053418,208972448.000000,0.106408,0,1
126,115,251,48,162,199,41,40,
373.000000,161.000000,0.056829,116000864.000000,0.085653,0,1
125,71,138,38,101,146,80,160,
446.000000,163.000000,0.053795,100610528.000000,0.319518,0,1
255,217,206,96,105,71,38,31,
550.000000,169.000000,0.052202,312417216.000000,0.109340,0,1
60,183,51,255,121,54,218,151,
635.000000,170.000000,0.061566,126922496.000000,0.185520,0,1
52,48,67,62,117,189,124,224,
386.000000,171.000000,0.058470,48969844.000000,0.088383,0,1
37,55,64,115,158,170,246,254,
488.000000,173.000000,0.053461,246802064.000000,0.177150,0,1
34,54,43,131,138,49,255,245,
419.000000,176.000000,0.055139,391280512.000000,0.462288,0,1
32,44,39,111,147,53,249,245,
443.000000,177.000000,0.053565,685857280.000000,0.343695,0,1
48,200,40,254,129,35,229,130,
440.000000,179.000000,0.054915,447952576.000000,0.366174,0,1
254,158,242,48,128,157,50,68,
482.000000,180.000000,0.054447,351976672.000000,0.208913,0,1
55,51,146,43,132,255,74,133,
414.000000,183.000000,0.055245,921709312.000000,0.495874,0,1
59,54,184,48,178,255,121,185,
395.000000,184.000000,0.058145,228723216.000000,0.088031,0,1
56,62,194,54,138,253,87,152,
371.000000,185.000000,0.058131,186149392.000000,0.088318,0,1
100,77,187,69,179,246,165,237,
370.000000,186.000000,0.057169,241588416.000000,0.116911,0,1
77,69,179,53,165,244,113,172,
432.000000,188.000000,0.054497,285505216.000000,0.409050,0,1
41,51,51,99,168,87,236,255,
473.000000,190.000000,0.053835,482586048.000000,0.249562,0,1
88,102,117,71,157,255,99,107,
319.000000,191.000000,0.080879,2330192.000000,0.104672,0,1
46,32,61,21,48,68,31,44,
424.000000,192.000000,0.054946,630962816.000000,0.453105,0,1
250,249,184,116,150,64,68,52,
322.000000,193.000000,0.065273,20224160.000000,0.222043,0,1
68,62,50,54,42,29,47,36,
430.000000,195.000000,0.054715,739548288.000000,0.428123,0,1
249,227,255,109,128,117,65,50,
536.000000,195.000000,0.055404,201925120.000000,0.130656,0,1
64,89,93,160,168,172,255,255,
575.000000,196.000000,0.051277,147486432.000000,0.122137,0,1
94,187,87,184,162,81,106,104,
511.000000,197.000000,0.053547,322331744.000000,0.168190,0,1
54,92,61,184,151,49,254,229,
492.000000,198.000000,0.053670,316728672.000000,0.210697,0,1
58,103,66,209,171,52,255,225,
472.000000,199.000000,0.054708,507836096.000000,0.271960,0,1
56,77,123,108,200,239,222,219,
267.000000,201.000000,0.056852,27088138.000000,0.305709,0,1
50,49,53,61,67,59,98,71,
626.000000,201.000000,0.056543,853403520.000000,0.285232,0,1
110,246,170,136,135,81,103,106,
407.000000,202.000000,0.055235,47471548.000000,0.083721,0,1
61,61,57,170,169,90,255,238,
419.000000,202.000000,0.055348,685687808.000000,0.493805,0,1
60,51,109,39,167,254,104,152,
268.000000,203.000000,0.059069,23127170.000000,0.311688,0,1
68,101,85,73,66,50,27,16,
287.000000,203.000000,0.059553,44144384.000000,0.274659,0,1
114,75,71,21,21,20,16,15,
424.000000,203.000000,0.054493,715808704.000000,0.466370,0,1
91,244,83,242,173,164,156,83,
586.000000,205.000000,0.062008,85813704.000000,0.269335,0,1
128,126,126,116,119,118,97,92,
540.000000,210.000000,0.060520,24708904.000000,0.191759,0,1
92,94,80,157,132,103,133,106,
531.000000,219.000000,0.067441,41133416.000000,0.236708,0,1
60,63,68,71,88,104,87,76,
608.000000,220.000000,0.056184,9013680.000000,0.266990,0,1
101,102,113,89,100,111,86,84,
636.000000,226.000000,0.055003,67130536.000000,0.293295,0,1
103,94,107,81,89,98,78,82,
640.000000,226.000000,0.064921,78234520.000000,0.354039,0,1
105,110,98,98,95,87,87,82,
581.000000,228.000000,0.081269,19065428.000000,0.305876,0,1
79,78,78,72,72,72,62,60,
548.000000,231.000000,0.063333,10849579.000000,0.256946,0,1
84,93,86,84,81,74,71,64,
608.000000,233.000000,0.095235,10906862.000000,0.565142,0,1
69,70,69,62,64,64,58,57,
616.000000,233.000000,0.092046,10642769.000000,0.530783,0,1
82,74,76,65,69,73,54,57,
609.000000,247.000000,0.106118,16050579.000000,0.682805,0,1
60,58,59,64,65,66,71,67,
566.000000,250.000000,0.113090,40850392.000000,0.448706,0,1
58,58,61,72,76,84,81,67,
545.000000,251.000000,0.111951,42638344.000000,0.453459,0,1
68,67,70,67,73,80,77,82,
551.000000,251.000000,0.111216,38877636.000000,0.448273,0,1
58,64,61,84,80,72,106,95,
553.000000,251.000000,0.111534,28402142.000000,0.448367,0,1
57,61,62,80,72,66,98,89,
531.000000,252.000000,0.107999,16133612.000000,0.459163,0,1
61,53,65,57,62,76,68,76,
566.000000,252.000000,0.107576,18875682.000000,0.439876,0,1
76,81,94,64,67,75,58,59,
536.000000,255.000000,0.108105,19151844.000000,0.469601,0,1
107,96,110,75,84,99,65,61,
538.000000,262.000000,0.091908,22875908.000000,0.442801,0,1
74,74,74,65,65,63,58,56,
539.000000,262.000000,0.091963,24841772.000000,0.442338,0,1
75,74,73,65,64,62,57,56,
496.000000,268.000000,0.048742,228322.859375,0.177789,0,1
36,36,35,36,34,33,34,32,
616.000000,280.000000,0.117229,1948785.625000,0.870388,0,1
47,45,46,40,43,44,38,37,
636.000000,203.000000,0.058689,883739072.000000,0.257937,0,1
207,122,241,82,119,171,100,97,
286.000000,202.000000,0.059712,51369072.000000,0.278220,0,1
69,75,114,72,75,71,21,16,
488.000000,201.000000,0.053087,457261376.000000,0.224298,0,1
250,191,244,75,150,159,83,88,
388.000000,197.000000,0.055783,147952816.000000,0.101161,0,1
255,249,229,159,150,111,70,45,
601.000000,140.000000,0.050497,869497984.000000,0.227007,0,1
67,64,93,68,89,147,101,129,
600.000000,195.000000,0.054330,408567872.000000,0.187114,0,1
64,64,131,45,110,155,45,64,
544.000000,195.000000,0.052490,342822784.000000,0.134680,0,1
66,98,70,194,140,48,255,228,
520.000000,190.000000,0.053346,440344000.000000,0.139005,0,1
109,82,235,78,190,221,76,54,
623.000000,146.000000,0.057018,311332896.000000,0.282799,0,1
27,35,39,62,70,81,117,191,
508.000000,189.000000,0.052714,527069984.000000,0.154216,0,1
246,248,176,207,118,49,67,71,
449.000000,187.000000,0.054284,353819424.000000,0.333943,0,1
254,183,228,55,108,82,40,33,
636.000000,149.000000,0.058334,965426944.000000,0.217611,0,1
56,84,132,65,185,200,168,240,
474.000000,182.000000,0.052826,310662368.000000,0.231236,0,1
255,248,214,224,127,90,95,57,
633.000000,155.000000,0.059032,1246689280.000000,0.213800,0,1
50,45,156,40,166,254,122,182,
581.000000,157.000000,0.051104,350508352.000000,0.147506,0,1
255,255,193,187,159,94,80,40,
502.000000,175.000000,0.052811,328520576.000000,0.140215,0,1
251,255,212,158,182,84,86,51,
584.000000,163.000000,0.051607,484359616.000000,0.152433,0,1
25,31,82,32,142,233,170,254,
440.000000,147.000000,0.053769,419270784.000000,0.338409,0,1
129,247,88,250,172,37,131,37,
392.000000,195.000000,0.056386,94702880.000000,0.095494,0,1
225,249,161,230,135,104,125,76,
408.000000,183.000000,0.054357,1211776128.000000,0.519377,0,1
64,209,57,254,146,42,181,68,
473.000000,85.000000,0.203564,1761947.125000,0.787888,0,1
10,9,9,8,11,18,7,9,
391.000000,111.000000,0.112666,3639536.500000,0.205446,0,1
41,47,47,56,56,57,79,185,
410.000000,111.000000,0.093365,28680454.000000,0.148228,0,1
36,43,40,60,57,50,120,229,
588.000000,136.000000,0.054097,2454121216.000000,0.410899,0,1
67,104,34,106,59,25,70,42,
564.000000,137.000000,0.051775,625954688.000000,0.199580,0,1
35,41,48,58,126,113,140,182,
307.000000,138.000000,0.057152,214839728.000000,0.209530,0,1
25,110,33,229,120,25,166,31,
290.000000,139.000000,0.056031,536947904.000000,0.237446,0,1
26,27,113,23,91,252,35,77,
485.000000,139.000000,0.055434,290363776.000000,0.166686,0,1
38,65,124,50,136,232,44,31,
447.000000,141.000000,0.055342,332698720.000000,0.309703,0,1
128,238,51,235,117,33,101,29,
531.000000,141.000000,0.051281,15438930.000000,0.168111,0,1
30,40,50,89,132,109,214,250,
451.000000,145.000000,0.056738,122751608.000000,0.300145,0,1
25,52,54,92,152,35,217,203,
461.000000,148.000000,0.056135,216858976.000000,0.264411,0,1
127,43,208,24,71,99,28,27,
462.000000,161.000000,0.055026,318968576.000000,0.259975,0,1
65,59,219,34,160,241,48,39,
588.000000,162.000000,0.053890,289074528.000000,0.231346,0,1
26,30,29,109,89,33,227,192,
472.000000,168.000000,0.054068,506776768.000000,0.226328,0,1
44,46,133,41,179,252,112,172,
426.000000,172.000000,0.054642,319259008.000000,0.422543,0,1
36,39,121,40,146,248,120,196,
348.000000,180.000000,0.054861,106528944.000000,0.141203,0,1
28,69,40,103,109,31,151,96,
507.000000,180.000000,0.052942,1117569024.000000,0.154148,0,1
65,54,183,39,155,254,78,135,
330.000000,189.000000,0.040334,24166052.000000,0.132186,0,1
99,83,71,59,48,33,40,33,
566.000000,189.000000,0.049223,146273184.000000,0.192084,0,1
249,190,185,70,73,69,54,49,
441.000000,190.000000,0.053715,162771264.000000,0.104295,0,1
38,67,38,163,158,34,213,81,
448.000000,193.000000,0.055600,9938473.000000,0.353725,0,1
31,30,30,34,37,41,63,51,
572.000000,195.000000,0.050862,1544123392.000000,0.357878,0,1
65,41,110,24,129,187,66,89,
571.000000,196.000000,0.051012,1369484800.000000,0.357566,0,1
41,24,129,28,66,184,58,96,
562.000000,197.000000,0.052864,1003003520.000000,0.357104,0,1
72,189,70,202,146,62,112,111,
297.000000,198.000000,0.052849,23242486.000000,0.075325,0,1
28,94,38,106,78,23,60,23,
507.000000,198.000000,0.052707,808582208.000000,0.177540,0,1
63,47,149,29,121,255,57,105,
303.000000,200.000000,0.053200,9140321.000000,0.227125,0,1
16,15,17,23,27,31,43,30,
279.000000,201.000000,0.057374,8873752.000000,0.281285,0,1
36,22,17,21,21,19,75,31,
398.000000,202.000000,0.053744,152286400.000000,0.094634,0,1
52,55,58,80,88,101,211,245,
446.000000,202.000000,0.053329,45462196.000000,0.362224,0,1
30,76,29,154,87,29,115,60,
468.000000,203.000000,0.054630,141892656.000000,0.292832,0,1
225,133,111,66,73,68,73,83,
473.000000,203.000000,0.051445,115492304.000000,0.271036,0,1
225,123,134,69,77,81,80,89,
535.000000,207.000000,0.062348,44119712.000000,0.382990,0,1
136,122,136,100,113,128,82,111,
299.000000,208.000000,0.055501,80996256.000000,0.243842,0,1
22,24,23,31,49,30,68,63,
531.000000,209.000000,0.057592,71664392.000000,0.197545,0,1
104,89,84,91,103,114,109,108,
539.000000,209.000000,0.062273,25767674.000000,0.222860,0,1
125,90,92,106,94,80,157,133,
577.000000,213.000000,0.068607,70460840.000000,0.294961,0,1
131,126,127,109,111,114,101,93,
550.000000,214.000000,0.066984,48809716.000000,0.450179,0,1
121,118,130,108,126,135,95,88,
567.000000,215.000000,0.069668,124780664.000000,0.505277,0,1
122,115,112,95,95,93,77,81,
554.000000,224.000000,0.079602,62376064.000000,0.560269,0,1
114,95,93,88,82,83,81,79,
535.000000,225.000000,0.059122,68005024.000000,0.363753,0,1
95,86,97,76,91,96,78,69,
588.000000,228.000000,0.050102,30263276.000000,0.385077,0,1
74,78,73,75,74,68,69,62,
590.000000,244.000000,0.048559,36763856.000000,0.379710,0,1
56,58,54,66,58,51,62,53,
537.000000,251.000000,0.117327,8782532.000000,0.473338,0,1
61,72,61,84,71,63,97,106,
541.000000,255.000000,0.105726,27782292.000000,0.463224,0,1
85,93,78,99,79,66,85,72,
546.000000,262.000000,0.099115,3632641.000000,0.451101,0,1
74,68,66,59,61,60,56,54,
543.000000,273.000000,0.085678,5152341.500000,0.460243,0,1
62,55,52,50,49,45,45,45,
528.000000,274.000000,0.122584,1647650.375000,0.538403,0,1
43,42,44,40,41,42,37,36,
542.000000,280.000000,0.119256,1802382.875000,0.516846,0,1
44,40,39,35,35,34,33,31,
560.000000,280.000000,0.062254,5318731.500000,0.460291,0,1
38,38,38,40,38,37,38,35,
588.000000,132.000000,0.053303,487239168.000000,0.229381,0,1
24,44,24,84,53,21,103,67,
531.000000,136.000000,0.052237,217439264.000000,0.171721,0,1
254,201,229,60,105,183,32,29,
584.000000,140.000000,0.051983,1420986880.000000,0.385561,0,1
52,61,85,76,143,129,153,189,
574.000000,142.000000,0.053434,2800154368.000000,0.379661,0,1
52,115,42,160,75,36,78,32,
508.000000,157.000000,0.054235,317210400.000000,0.157593,0,1
35,37,56,44,139,205,196,253,
441.000000,174.000000,0.054746,49954256.000000,0.354488,0,1
28,29,26,34,38,28,135,249,
383.000000,172.000000,0.055714,201288896.000000,0.085766,0,1
39,47,115,59,165,246,180,208,
275.000000,209.000000,0.056372,53920908.000000,0.288759,0,1
23,17,20,17,45,54,52,75,
409.000000,204.000000,0.054770,263368912.000000,0.540336,0,1
90,244,92,238,178,44,113,79,
545.000000,196.000000,0.052643,1031238592.000000,0.188177,0,1
70,140,48,255,127,33,228,121,
531.000000,196.000000,0.052379,685888768.000000,0.174893,0,1
65,59,118,49,129,240,47,83,
450.000000,148.000000,0.053044,227825344.000000,0.105785,0,1
217,140,203,36,153,108,50,32,
372.000000,116.000000,0.079339,68282872.000000,0.120688,0,1
178,173,255,73,144,171,83,99,
588.000000,197.000000,0.054114,36047668.000000,0.412340,0,1
25,38,34,73,64,59,92,115,
587.000000,198.000000,0.053620,36003400.000000,0.406492,0,1
38,73,64,96,92,89,118,133,
398.000000,126.000000,0.068577,18021716.000000,0.171638,0,1
174,179,177,142,140,141,71,39,
399.000000,126.000000,0.069280,20003524.000000,0.175225,0,1
174,179,173,141,142,139,68,37,
438.000000,132.000000,0.060127,42021196.000000,0.372988,0,1
23,25,27,30,42,43,117,243,
358.000000,137.000000,0.056112,253558176.000000,0.114833,0,1
71,201,86,255,179,36,124,31,
300.000000,147.000000,0.056257,133981248.000000,0.218839,0,1
254,140,202,31,69,52,23,18,
364.000000,159.000000,0.054322,105864992.000000,0.108029,0,1
77,55,87,34,67,60,35,29,
323.000000,164.000000,0.052337,21901634.000000,0.074270,0,1
46,28,65,20,50,81,38,48,
451.000000,170.000000,0.053747,434486944.000000,0.311412,0,1
24,28,33,35,97,65,120,61,
336.000000,177.000000,0.055540,6210478.000000,0.168247,0,1
39,54,50,40,39,50,17,17,
525.000000,191.000000,0.053664,881742208.000000,0.488032,0,1
249,210,151,91,81,70,57,52,
272.000000,192.000000,0.060077,31851480.000000,0.301505,0,1
64,56,72,36,48,65,23,16,
518.000000,198.000000,0.051291,170543616.000000,0.447724,0,1
42,29,28,41,48,33,89,90,
430.000000,203.000000,0.053812,254489120.000000,0.433154,0,1
34,76,42,177,108,35,104,73,
476.000000,203.000000,0.052433,326214592.000000,0.264111,0,1
215,133,106,80,81,78,85,91,
371.000000,204.000000,0.054413,293577344.000000,0.126296,0,1
44,45,62,55,173,165,135,156,
419.000000,204.000000,0.054715,461095712.000000,0.494175,0,1
167,104,239,52,152,177,71,74,
489.000000,209.000000,0.062042,76937960.000000,0.481089,0,1
85,75,77,69,68,69,54,56,
491.000000,209.000000,0.061179,98660048.000000,0.478513,0,1
84,77,77,68,69,66,50,54,
524.000000,242.000000,0.038237,112158800.000000,0.343549,0,1
63,59,64,49,57,67,48,48,
367.000000,193.000000,0.055180,138592384.000000,0.123186,0,1
43,51,59,81,142,138,224,236,
406.000000,161.000000,0.057150,333734112.000000,0.146958,0,1
223,107,59,75,43,36,42,38,
497.000000,156.000000,0.054102,2278963456.000000,0.261379,0,1
84,193,51,245,94,33,126,42,
383.000000,196.000000,0.053282,530853440.000000,0.118355,0,1
58,48,137,51,123,232,94,69,
369.000000,181.000000,0.055624,315463040.000000,0.110957,0,1
143,90,205,40,120,147,49,47,
371.000000,181.000000,0.055921,376001664.000000,0.108673,0,1
144,205,124,120,147,65,76,100,
377.000000,111.000000,0.099609,15471673.000000,0.395078,0,1
36,39,41,43,48,52,63,156,
420.000000,124.000000,0.073818,160103440.000000,0.587737,0,1
48,53,47,60,53,46,55,42,
336.000000,155.000000,0.041074,9393186.000000,0.131489,0,1
54,52,47,36,37,34,19,19,
331.000000,160.000000,0.057234,13338478.000000,0.164975,0,1
18,20,25,33,42,51,61,72,
461.000000,161.000000,0.055051,4356873216.000000,0.528794,0,1
37,32,135,30,71,227,31,33,
309.000000,191.000000,0.054293,65424264.000000,0.209638,0,1
25,51,20,74,39,18,64,32,
371.000000,196.000000,0.055566,933160448.000000,0.183131,0,1
115,153,55,76,47,35,53,62,
314.000000,201.000000,0.061424,75114264.000000,0.230387,0,1
53,67,72,50,51,48,24,19,
450.000000,202.000000,0.054331,139916784.000000,0.493223,0,1
25,24,25,29,39,34,46,54,
444.000000,203.000000,0.053412,219010160.000000,0.306788,0,1
86,128,144,90,120,84,61,60,
448.000000,203.000000,0.053721,506286720.000000,0.480763,0,1
24,45,32,84,43,51,58,59,
176.000000,204.000000,0.075591,2069087.750000,0.233386,0,1
17,15,17,12,16,17,13,14,
164.000000,210.000000,0.082252,9979539.000000,0.267735,0,1
9,7,12,8,9,16,7,8,
460.000000,210.000000,0.061463,14023975.000000,0.616013,0,1
78,71,74,61,63,67,55,50,
462.000000,210.000000,0.061573,18384898.000000,0.625130,0,1
77,74,74,63,67,69,56,50,
473.000000,224.000000,0.050062,37231548.000000,0.526419,0,1
55,61,56,58,55,51,51,47,
476.000000,224.000000,0.049070,48241792.000000,0.523119,0,1
52,54,51,52,50,49,48,47,
419.000000,225.000000,0.071493,8405574.000000,0.651378,0,1
46,45,44,48,49,48,54,54,
468.000000,225.000000,0.059329,11985859.000000,0.425997,0,1
59,54,58,47,52,53,46,44,
96.000000,236.000000,0.086556,20387082.000000,0.310456,0,1
7,8,11,10,15,18,16,18,
300.000000,256.000000,0.099978,633101.312500,0.318904,0,1
23,22,23,21,22,23,21,20,
384.000000,256.000000,0.105259,4065322.750000,0.550553,0,1
36,34,36,33,33,35,32,33,
483.000000,167.000000,0.054238,5347350016.000000,0.596428,0,1
41,46,35,179,46,31,111,58,
440.000000,163.000000,0.053509,1549309824.000000,0.444209,0,1
95,81,120,37,47,62,27,26,
461.000000,143.000000,0.055580,2657995520.000000,0.537330,0,1
28,26,29,26,35,92,38,120,
361.000000,154.000000,0.055901,127529304.000000,0.154885,0,1
69,49,69,28,45,70,27,29,
335.000000,187.000000,0.053285,137900576.000000,0.159308,0,1
57,90,45,87,60,26,49,28,
336.000000,187.000000,0.053853,126220264.000000,0.159277,0,1
37,70,27,78,39,25,37,27,
128.000000,108.000000,0.129193,452252.750000,0.493303,0,1
12,12,12,13,13,13,13,14,
286.000000,147.000000,0.057430,262501216.000000,0.251074,0,1
21,64,55,105,158,61,211,206,
324.000000,160.000000,0.056650,107571544.000000,0.169092,0,1
21,23,51,21,54,75,43,65,
275.000000,161.000000,0.054427,14902944.000000,0.264067,0,1
30,40,22,38,32,15,41,41,
427.000000,161.000000,0.055141,5212948480.000000,0.422575,0,1
216,221,68,221,71,34,95,49,
306.000000,166.000000,0.050167,42023448.000000,0.196849,0,1
51,52,35,47,34,20,39,27,
336.000000,173.000000,0.056714,25843076.000000,0.198507,0,1
17,15,15,27,24,28,38,39,
324.000000,186.000000,0.056968,191559872.000000,0.187164,0,1
35,36,58,33,66,94,48,62,
439.000000,202.000000,0.054668,3289419264.000000,0.697501,0,1
36,23,58,23,48,92,31,53,
438.000000,203.000000,0.054667,1292837760.000000,0.693324,0,1
23,23,48,28,31,80,48,63,
408.000000,212.000000,0.064071,99104192.000000,0.698031,0,1
68,69,69,63,65,66,58,52,
398.000000,230.000000,0.084506,23733976.000000,0.981368,0,1
45,41,47,39,43,45,41,39,
384.000000,240.000000,0.097078,12921939.000000,1.116858,0,1
33,33,34,34,35,37,35,36,
404.000000,256.000000,0.065457,11062169.000000,0.759030,0,1
41,38,39,36,37,39,38,38,
436.000000,264.000000,0.036359,8032380.500000,0.670810,0,1
37,38,38,37,37,36,37,34,
362.000000,182.000000,0.054501,311181472.000000,0.249823,0,1
186,87,120,39,59,50,36,33,
349.000000,165.000000,0.051687,172690144.000000,0.202416,0,1
83,69,87,36,55,85,38,28,
336.000000,161.000000,0.049903,69476376.000000,0.168244,0,1
17,34,19,61,32,18,37,18,
356.000000,160.000000,0.056607,495022144.000000,0.241527,0,1
31,57,35,77,58,30,75,53,
272.000000,188.000000,0.054676,83045128.000000,0.277802,0,1
26,27,36,30,53,62,53,64,
413.000000,125.000000,0.075934,540671232.000000,0.905009,0,1
81,91,78,96,83,72,65,34,
271.000000,164.000000,0.059720,21376216.000000,0.290758,0,1
23,17,34,16,31,47,35,47,
363.000000,127.000000,0.076748,935261376.000000,0.861227,0,1
69,66,78,56,63,71,41,30,
162.000000,128.000000,0.068692,23482810.000000,0.234514,0,1
60,72,65,84,76,69,87,88,
385.000000,161.000000,0.056048,8868679680.000000,0.650613,0,1
152,214,83,165,81,38,51,36,
312.000000,162.000000,0.053480,246070336.000000,0.222966,0,1
19,47,23,70,56,20,74,36,
303.000000,186.000000,0.055892,210430816.000000,0.224302,0,1
15,25,26,42,44,44,63,67,
278.000000,188.000000,0.057944,122585560.000000,0.277849,0,1
19,39,33,64,52,44,66,61,
382.000000,188.000000,0.055695,12802479104.000000,0.634797,0,1
64,140,49,212,107,53,161,60,
299.000000,193.000000,0.057203,166737344.000000,0.252271,0,1
74,68,70,29,44,34,18,15,
265.000000,201.000000,0.059528,201872480.000000,0.326773,0,1
46,51,49,50,61,67,77,71,
357.000000,205.000000,0.056628,907839104.000000,0.399029,0,1
38,28,29,31,36,29,106,113,
388.000000,206.000000,0.057102,757470080.000000,0.698472,0,1
30,27,27,36,41,43,64,62,
337.000000,207.000000,0.054442,269554656.000000,0.321742,0,1
23,40,26,74,53,24,59,30,
379.000000,207.000000,0.056663,415876256.000000,0.646370,0,1
28,29,32,57,57,58,62,73,
364.000000,214.000000,0.063718,93745184.000000,0.679996,0,1
60,58,57,53,53,51,46,40,
392.000000,214.000000,0.061913,104376408.000000,0.810003,0,1
62,58,57,53,51,51,47,42,
90.000000,222.000000,0.072623,106743928.000000,0.281367,0,1
12,14,10,17,13,8,15,12,
331.000000,174.000000,0.059633,220590624.000000,0.317756,0,1
14,15,24,15,32,45,22,32,
279.000000,194.000000,0.056089,121756048.000000,0.270236,0,1
52,75,40,67,54,20,59,49,
126.000000,130.000000,0.090989,127827808.000000,0.348186,0,1
93,97,103,100,109,114,113,122,
121.000000,132.000000,0.090282,131923408.000000,0.342666,0,1
92,95,103,92,101,111,94,89,
159.000000,132.000000,0.079703,254965616.000000,0.256218,0,1
99,105,91,107,94,81,87,36,
355.000000,149.000000,0.055271,6535799808.000000,0.686913,0,1
26,24,54,29,56,85,70,69,
343.000000,151.000000,0.056488,2848407296.000000,0.637100,0,1
78,84,65,60,51,28,24,22,
346.000000,160.000000,0.054835,4494737408.000000,0.626029,0,1
43,29,61,24,50,74,40,64,
297.000000,166.000000,0.058341,129075488.000000,0.301310,0,1
15,20,26,26,46,47,52,51,
340.000000,210.000000,0.057665,691128960.000000,0.659957,0,1
21,30,37,40,44,48,53,57,
333.000000,214.000000,0.061152,54053024.000000,0.679561,0,1
53,50,51,44,45,46,36,29,
345.000000,214.000000,0.062983,116947400.000000,0.782442,0,1
58,56,56,50,49,49,41,37,
351.000000,214.000000,0.062748,157662432.000000,0.817372,0,1
60,57,56,50,50,50,42,39,
356.000000,174.000000,0.054623,13115604992.000000,0.678571,0,1
23,23,60,24,59,140,75,157,
314.000000,149.000000,0.056208,1537028096.000000,0.347588,0,1
146,222,141,142,156,118,96,84,
356.000000,178.000000,0.054619,8855959552.000000,0.679339,0,1
157,105,182,36,95,157,29,24,
115.000000,131.000000,0.092015,111467800.000000,0.362071,0,1
67,67,75,68,75,83,76,83,
111.000000,132.000000,0.091099,111202704.000000,0.363793,0,1
58,58,66,58,65,74,65,71,
179.000000,136.000000,0.079284,351474528.000000,0.233245,0,1
12,14,47,10,56,132,20,24,
247.000000,140.000000,0.063739,62909688.000000,0.364936,0,1
33,40,40,45,48,48,49,49,
310.000000,160.000000,0.055031,61841380.000000,0.621647,0,1
16,17,16,23,25,19,47,70,
280.000000,161.000000,0.053108,82234832.000000,0.313529,0,1
12,12,12,15,17,15,25,29,
305.000000,168.000000,0.054181,74782448.000000,0.579648,0,1
45,43,29,37,33,23,23,14,
313.000000,174.000000,0.054917,336446048.000000,0.637725,0,1
14,12,13,17,22,23,28,32,
318.000000,174.000000,0.055842,73153088.000000,0.683622,0,1
14,13,14,23,25,27,31,34,
314.000000,179.000000,0.050481,239611568.000000,0.580863,0,1
32,29,34,15,22,33,14,14,
325.000000,180.000000,0.056453,1274641792.000000,0.741352,0,1
14,16,25,18,36,45,37,54,
320.000000,186.000000,0.060634,534059744.000000,0.575425,0,1
20,20,23,23,29,33,40,51,
265.000000,195.000000,0.055669,125126496.000000,0.306289,0,1
17,32,17,41,25,15,36,32,
302.000000,209.000000,0.057100,1897389440.000000,0.633071,0,1
16,30,15,71,39,15,47,18,
314.000000,210.000000,0.057831,479094816.000000,0.718370,0,1
13,13,13,18,25,34,21,23,
325.000000,213.000000,0.060263,71426432.000000,0.842105,0,1
43,45,48,32,36,42,24,24,
297.000000,221.000000,0.066968,330255648.000000,0.782134,0,1
34,33,31,29,24,21,21,17,
242.000000,231.000000,0.078505,349984736.000000,0.513395,0,1
31,27,31,23,25,22,17,16,
302.000000,210.000000,0.057096,2547379712.000000,0.634260,0,1
20,56,24,57,34,14,23,21,
263.000000,203.000000,0.059221,687343872.000000,0.332049,0,1
50,41,77,28,54,71,28,19,
286.000000,195.000000,0.054931,1015202944.000000,0.366861,0,1
14,15,17,15,30,44,29,59,
98.000000,132.000000,0.082294,158692784.000000,0.276449,0,1
45,54,40,61,51,38,63,60,
277.000000,147.000000,0.057653,11033035776.000000,0.666664,0,1
169,210,41,189,89,18,95,24,
269.000000,154.000000,0.057790,1220432768.000000,0.611798,0,1
47,48,32,28,22,15,24,17,
286.000000,156.000000,0.054471,334835712.000000,0.669780,0,1
31,32,36,17,25,32,15,14,
292.000000,157.000000,0.056921,880658816.000000,0.753899,0,1
20,25,17,42,30,16,44,40,
275.000000,159.000000,0.056715,469527904.000000,0.631999,0,1
14,30,16,41,30,14,40,32,
259.000000,162.000000,0.062428,234227440.000000,0.612379,0,1
28,30,20,32,24,15,20,18,
290.000000,162.000000,0.056374,930703424.000000,0.729537,0,1
38,27,43,16,28,29,16,14,
271.000000,168.000000,0.056754,470816128.000000,0.605987,0,1
47,33,38,17,18,22,18,19,
280.000000,169.000000,0.058101,1419468544.000000,0.687604,0,1
26,38,18,45,28,21,17,13,
268.000000,181.000000,0.057196,479604480.000000,0.597760,0,1
14,25,13,33,20,11,25,13,
282.000000,181.000000,0.056546,901631040.000000,0.677706,0,1
38,30,43,16,33,40,15,13,
296.000000,181.000000,0.055346,896964416.000000,0.752615,0,1
10,11,11,12,20,18,23,33,
290.000000,182.000000,0.056964,1793356672.000000,0.741227,0,1
27,38,19,47,31,14,40,29,
265.000000,183.000000,0.056936,229632128.000000,0.576711,0,1
35,30,30,18,24,17,13,12,
288.000000,195.000000,0.056485,1377864192.000000,0.727055,0,1
15,17,16,30,44,24,69,85,
282.000000,210.000000,0.056256,1622857472.000000,0.699560,0,1
13,13,15,28,41,40,51,27,
287.000000,211.000000,0.057369,1129202560.000000,0.755314,0,1
12,23,12,40,18,13,22,38,
270.000000,212.000000,0.057724,1660401280.000000,0.651193,0,1
10,10,12,20,23,30,44,48,
262.000000,217.000000,0.063512,852226496.000000,0.703091,0,1
72,70,57,67,50,40,44,31,
268.000000,217.000000,0.063274,229389344.000000,0.740403,0,1
52,51,53,42,44,42,36,36,
289.000000,217.000000,0.062607,482799936.000000,0.885741,0,1
39,36,33,39,30,21,30,28,
277.000000,219.000000,0.064983,106601776.000000,0.843143,0,1
45,41,42,38,37,36,31,26,
284.000000,219.000000,0.064377,202368720.000000,0.886606,0,1
40,41,38,37,36,32,31,25,
257.000000,221.000000,0.066637,529325056.000000,0.729337,0,1
56,50,41,44,36,25,29,17,
280.000000,224.000000,0.066073,32542988.000000,0.902305,0,1
22,19,19,19,18,18,18,18,
217.000000,233.000000,0.081436,136837760.000000,0.610339,0,1
21,22,21,16,15,15,13,12,
294.000000,154.000000,0.056392,874201280.000000,0.759636,0,1
73,38,27,25,18,15,16,15,
261.000000,214.000000,0.062687,2020086784.000000,0.677155,0,1
24,25,36,26,47,63,53,70,
258.000000,216.000000,0.064107,1149534208.000000,0.502758,0,1
22,22,39,22,42,68,44,62,
295.000000,168.000000,0.058300,209540800.000000,0.801506,0,1
26,23,52,19,36,51,22,13,
258.000000,139.000000,0.063565,1641067648.000000,0.637463,0,1
22,33,21,46,34,18,54,44,
259.000000,139.000000,0.063531,1476933760.000000,0.643934,0,1
19,27,18,43,25,17,41,29,
148.000000,129.000000,0.097529,94791216.000000,0.322102,0,1
101,109,106,118,118,114,130,132,
79.000000,127.000000,0.083595,11807080.000000,0.324659,0,1
38,46,40,53,47,41,53,51,
184.000000,137.000000,0.077633,1379372672.000000,0.320246,0,1
49,129,77,114,95,31,29,8,
236.000000,138.000000,0.078064,316742304.000000,0.993319,0,1
9,8,12,8,10,16,8,10,
239.000000,139.000000,0.076695,674917504.000000,0.994305,0,1
21,16,27,12,24,35,18,27,
237.000000,142.000000,0.075901,1574502528.000000,0.948898,0,1
13,10,19,9,13,28,10,13,
240.000000,147.000000,0.074584,1722243200.000000,0.654914,0,1
34,24,39,16,30,40,21,28,
240.000000,157.000000,0.076144,1008280128.000000,0.969485,0,1
25,18,32,14,24,36,18,23,
240.000000,162.000000,0.077047,500988672.000000,0.987096,0,1
23,17,27,12,22,29,15,20,
210.000000,167.000000,0.076781,414717984.000000,0.676920,0,1
13,21,10,31,14,10,21,13,
210.000000,172.000000,0.076558,329785792.000000,0.675972,0,1
14,21,11,29,13,10,21,14,
210.000000,175.000000,0.076861,291111072.000000,0.682254,0,1
14,21,10,27,14,10,21,14,
240.000000,192.000000,0.077094,100068064.000000,1.006964,0,1
10,9,13,8,11,13,8,11,
253.000000,224.000000,0.069188,596996032.000000,1.026593,0,1
38,34,28,33,23,15,21,13,
230.000000,228.000000,0.076596,679138240.000000,0.985781,0,1
8,8,8,12,13,15,21,23,
239.000000,228.000000,0.076514,968123328.000000,1.075500,0,1
9,9,10,17,19,23,24,26,
217.000000,229.000000,0.076341,711840320.000000,0.864323,0,1
8,9,8,16,17,18,21,21,
245.000000,231.000000,0.074758,634779328.000000,1.105332,0,1
34,32,20,25,17,13,15,15,
236.000000,232.000000,0.080465,177912192.000000,1.160808,0,1
25,23,23,17,17,16,14,14,
215.000000,233.000000,0.079973,292460320.000000,0.958597,0,1
22,21,22,16,16,15,13,13,
248.000000,223.000000,0.071712,743604800.000000,1.035653,0,1
16,15,22,15,24,33,26,32,
248.000000,139.000000,0.066903,313151648.000000,0.617335,0,1
27,33,34,40,40,41,48,53,
154.000000,134.000000,0.081550,937676416.000000,0.266412,0,1
123,112,106,59,53,47,19,10,
145.000000,130.000000,0.096860,175041280.000000,0.318704,0,1
109,120,118,132,130,130,142,145,
239.000000,141.000000,0.075622,2436270592.000000,0.966389,0,1
24,18,34,13,27,42,20,28,
206.000000,144.000000,0.075499,46958692.000000,0.941307,0,1
7,8,8,15,14,9,18,19,
207.000000,157.000000,0.076624,391344000.000000,0.965937,0,1
29,35,23,38,34,17,42,38,
198.000000,158.000000,0.074811,20213998.000000,0.555532,0,1
34,37,34,41,39,38,44,47,
207.000000,169.000000,0.075491,160406896.000000,0.934587,0,1
39,41,30,39,37,21,37,34,
187.000000,171.000000,0.071655,26972738.000000,0.660509,0,1
50,45,46,40,41,45,36,36,
209.000000,177.000000,0.076715,572933376.000000,0.988830,0,1
21,27,14,30,21,11,26,21,
210.000000,183.000000,0.075316,222811104.000000,0.972410,0,1
15,21,10,26,15,9,21,15,
174.000000,192.000000,0.078030,13844150.000000,0.671664,0,1
22,19,22,15,19,20,15,15,
206.000000,196.000000,0.075594,72893248.000000,0.955284,0,1
18,19,14,19,15,9,18,17,
213.000000,229.000000,0.069576,48489136.000000,0.753829,0,1
8,8,8,11,15,16,16,20,
161.000000,133.000000,0.080919,592396096.000000,0.384563,0,1
85,87,76,80,68,59,33,12,
168.000000,134.000000,0.082571,505676384.000000,0.692111,0,1
62,50,42,24,21,17,9,8,
198.000000,167.000000,0.076366,122328920.000000,0.857008,0,1
47,48,47,44,42,44,32,29,
196.000000,132.000000,0.084567,6227296.500000,1.063376,0,1
13,13,12,12,12,11,9,6,
182.000000,132.000000,0.081240,51786692.000000,0.822643,0,1
26,28,25,27,23,20,18,14,
192.000000,144.000000,0.073483,9774110.000000,0.753905,0,1
7,7,7,12,12,13,17,20,
187.000000,150.000000,0.072865,5626829.500000,0.700259,0,1
24,24,24,28,30,32,33,35,
182.000000,160.000000,0.067508,17723468.000000,0.556966,0,1
40,43,44,50,50,50,54,56,
170.000000,153.000000,0.075341,362889824.000000,0.866579,0,1
20,20,28,19,26,36,21,25,
167.000000,158.000000,0.075547,382731744.000000,0.833242,0,1
17,16,19,17,23,23,24,29,
172.000000,160.000000,0.074990,236820368.000000,0.874190,0,1
36,30,36,25,38,42,34,43,
165.000000,161.000000,0.075691,758597120.000000,0.810662,0,1
18,13,25,10,17,29,13,16,
171.000000,162.000000,0.072507,332085760.000000,0.811709,0,1
32,27,41,27,36,46,28,36,
166.000000,168.000000,0.075780,499185632.000000,0.821925,0,1
21,15,24,11,19,25,14,17,
171.000000,168.000000,0.073985,155342480.000000,0.838960,0,1
33,26,38,24,31,40,24,29,
165.000000,194.000000,0.078215,81636680.000000,0.891994,0,1
8,8,10,8,12,13,12,16,
165.000000,198.000000,0.078385,98599136.000000,0.906505,0,1
16,9,15,7,14,16,11,15,
163.000000,233.000000,0.075690,538710336.000000,0.955611,0,1
11,18,10,22,15,9,19,14,
155.000000,123.000000,0.084897,1186869376.000000,0.988253,0,1
32,42,41,56,54,51,66,73,
161.000000,123.000000,0.083829,832419840.000000,1.040566,0,1
27,35,33,47,43,39,53,58,
150.000000,153.000000,0.077280,1521213.000000,0.686772,0,1
7,9,9,15,15,16,18,19,
63.000000,139.000000,0.098963,109992952.000000,0.420937,0,1
40,38,44,39,44,48,46,52,
153.000000,231.000000,0.076559,346871616.000000,1.089162,0,1
7,7,7,8,9,10,19,18,
140.000000,232.000000,0.076978,450956544.000000,0.961036,0,1
7,8,8,12,13,14,20,20,
96.000000,238.000000,0.086417,323538528.000000,0.664553,0,1
15,16,20,14,18,17,13,11,
126.000000,238.000000,0.083142,417920896.000000,0.999792,0,1
20,18,18,14,14,15,11,9,
69.000000,123.000000,0.100577,382556032.000000,1.068138,0,1
10,15,15,21,24,26,30,35,
71.000000,125.000000,0.096503,491960832.000000,0.974278,0,1
26,34,38,35,40,45,40,47,
54.000000,138.000000,0.098881,30043936.000000,0.683516,0,1
23,23,25,23,25,28,26,28,
62.000000,139.000000,0.098732,77646128.000000,0.421683,0,1
37,37,41,37,41,46,43,49,
98.000000,145.000000,0.085292,967852736.000000,0.708690,0,1
39,46,34,31,29,26,15,9,
111.000000,149.000000,0.080193,40707052.000000,0.767122,0,1
10,10,10,12,14,13,20,25,
112.000000,149.000000,0.080772,54609108.000000,0.782702,0,1
9,10,9,13,14,13,22,24,
121.000000,149.000000,0.079230,32957238.000000,0.861102,0,1
8,9,9,13,13,10,19,20,
106.000000,154.000000,0.080941,333640960.000000,0.709424,0,1
19,17,23,12,20,27,14,17,
88.000000,196.000000,0.078832,110890992.000000,0.731252,0,1
13,15,11,17,14,9,17,15,
54.000000,228.000000,0.089166,310981184.000000,0.772325,0,1
15,13,14,13,14,15,11,8,
76.000000,228.000000,0.086521,269092896.000000,0.929241,0,1
16,18,19,13,13,13,8,6,
85.000000,228.000000,0.085667,254010000.000000,1.010374,0,1
17,17,16,11,11,10,7,6,
63.000000,229.000000,0.086426,297396320.000000,0.806356,0,1
15,15,15,11,11,10,6,6,
117.000000,234.000000,0.078558,307283264.000000,0.990887,0,1
7,7,7,10,11,11,17,18,
123.000000,234.000000,0.079957,1248216960.000000,1.095445,0,1
7,7,8,12,13,14,19,23,
126.000000,234.000000,0.080012,1113125504.000000,1.133520,0,1
7,8,8,14,14,16,20,20,
98.000000,235.000000,0.078491,548414464.000000,1.019796,0,1
7,7,8,10,12,13,17,20,
111.000000,235.000000,0.078443,688884800.000000,0.931793,0,1
7,9,9,15,16,16,17,18,
98.000000,238.000000,0.084303,592716096.000000,0.979406,0,1
18,20,20,18,17,17,13,10,
118.000000,238.000000,0.082347,782753792.000000,1.151630,0,1
20,19,20,14,14,14,10,9,
121.000000,238.000000,0.082119,878549568.000000,1.180630,0,1
22,20,20,14,14,14,10,10,
95.000000,145.000000,0.084984,682694976.000000,0.668578,0,1
49,46,48,27,30,30,13,9,
62.000000,144.000000,0.096608,1578502144.000000,0.714765,0,1
49,40,45,20,23,26,9,10,
