# timestamp
1608635159506872064

# fx, fy, cx, cy, width, height, npoints
501.480835,501.475708,421.796692,167.661118,800,400,450

# camToWorld: translation vector, rotation quaternion
-16.535930,43.817099,3.651886,0.722340,-0.003021,-0.021901,-0.691185

# Exposure time (ms)
7.053635

# Point Cloud Data : 
# u,v,idepth_scaled,idepth_hessian,maxRelBaseline,numGoodRes,status 
# color information 
763.000000,276.000000,0.143595,9613875.000000,1.109139,0,1
43,64,53,116,85,66,125,132,
668.000000,90.000000,0.331297,13939639.000000,1.276487,0,1
11,13,13,19,20,18,32,29,
684.000000,90.000000,0.334752,1883689.500000,1.351054,0,1
11,11,11,12,12,13,18,25,
699.000000,90.000000,0.311527,5334871.500000,1.376171,0,1
12,13,13,15,17,21,25,34,
136.000000,91.000000,0.313249,1235201.375000,4.010876,0,1
9,9,10,15,15,15,17,19,
146.000000,99.000000,0.331576,935748.500000,3.893422,0,1
18,17,16,13,12,12,7,7,
147.000000,99.000000,0.336705,823604.000000,3.887288,0,1
15,17,14,13,12,11,7,6,
772.000000,139.000000,0.069874,445991840.000000,0.625464,0,1
112,123,116,197,169,136,183,168,
584.000000,184.000000,0.060497,911966080.000000,0.295937,0,1
62,31,99,23,58,93,26,51,
762.000000,202.000000,0.094544,9148116.000000,0.342021,0,1
255,240,254,159,198,224,68,53,
755.000000,203.000000,0.118128,12365278.000000,0.679155,0,1
181,67,86,52,52,57,53,54,
755.000000,245.000000,0.123813,40084632.000000,0.961841,0,1
52,53,63,26,39,58,21,19,
740.000000,262.000000,0.129258,243597600.000000,0.974270,0,1
41,67,48,122,86,53,130,124,
742.000000,265.000000,0.129942,472321376.000000,0.740704,0,1
64,97,62,134,88,63,130,129,
741.000000,266.000000,0.130619,408309184.000000,0.742585,0,1
97,134,88,157,130,81,159,161,
644.000000,268.000000,0.121979,9124008.000000,0.854902,0,1
111,110,105,112,106,100,111,107,
748.000000,271.000000,0.133889,70851424.000000,1.025167,0,1
63,102,68,147,118,81,150,146,
749.000000,271.000000,0.133753,30454720.000000,0.775810,0,1
57,83,60,135,97,68,148,148,
756.000000,272.000000,0.130745,7496756.000000,0.775824,0,1
39,47,41,64,52,45,86,105,
754.000000,273.000000,0.136731,18891226.000000,1.053765,0,1
51,75,57,135,103,71,139,141,
759.000000,275.000000,0.137434,8560650.000000,0.813336,0,1
50,75,59,124,96,72,141,141,
685.000000,126.000000,0.052771,762528064.000000,0.274213,0,1
184,149,225,168,190,253,183,231,
747.000000,200.000000,0.117990,45245064.000000,0.663212,0,1
255,227,254,105,137,172,56,50,
568.000000,132.000000,0.051958,452179296.000000,0.230512,0,1
255,255,255,130,231,253,69,46,
572.000000,134.000000,0.054241,456551712.000000,0.244758,0,1
255,236,255,62,180,244,48,43,
96.000000,170.000000,0.027385,662515776.000000,0.222432,0,1
34,32,65,26,62,121,38,41,
602.000000,82.000000,0.318215,2225833.500000,1.113603,0,1
9,14,8,20,11,9,16,11,
181.000000,89.000000,0.323046,6385125.500000,3.250346,0,1
9,9,9,13,13,13,24,27,
184.000000,89.000000,0.322902,4900218.000000,3.201023,0,1
9,9,10,13,12,12,28,29,
195.000000,89.000000,0.324937,10921032.000000,3.042257,0,1
9,10,10,18,18,19,28,32,
204.000000,89.000000,0.327879,10308632.000000,2.902942,0,1
10,11,10,19,18,17,29,33,
146.000000,90.000000,0.310531,2318645.750000,3.824899,0,1
9,9,9,12,12,13,17,19,
153.000000,90.000000,0.319508,2998394.500000,3.706981,0,1
9,9,10,13,13,14,20,22,
160.000000,90.000000,0.318640,2740388.250000,3.595664,0,1
9,10,9,16,17,18,23,24,
170.000000,90.000000,0.321731,4649603.000000,3.440535,0,1
9,11,12,20,21,20,26,27,
651.000000,91.000000,0.296689,8904674.000000,1.148189,0,1
12,15,15,18,20,19,24,19,
251.000000,94.000000,0.321795,1944069.250000,2.195826,0,1
21,22,23,22,19,22,16,15,
183.000000,95.000000,0.324900,9042544.000000,3.206568,0,1
25,28,29,27,26,28,17,15,
157.000000,96.000000,0.332866,2204840.250000,3.689919,0,1
21,22,22,21,17,18,15,14,
165.000000,96.000000,0.332170,2209668.250000,3.545491,0,1
22,23,22,21,18,18,18,14,
190.000000,96.000000,0.325280,16082794.000000,3.084339,0,1
30,29,26,28,22,15,24,17,
173.000000,97.000000,0.326722,8008101.500000,3.389165,0,1
25,24,18,23,17,9,19,10,
154.000000,98.000000,0.329865,2925229.250000,3.726651,0,1
20,19,19,17,18,16,12,8,
171.000000,98.000000,0.325755,4107699.750000,3.411772,0,1
24,22,22,18,19,19,10,7,
181.000000,98.000000,0.325617,7686317.500000,3.236896,0,1
23,24,17,19,19,16,9,6,
188.000000,98.000000,0.323962,6646485.000000,3.116376,0,1
28,25,24,17,17,17,9,6,
195.000000,98.000000,0.324377,6620096.500000,3.007038,0,1
28,21,25,16,17,17,8,7,
205.000000,98.000000,0.323212,6217718.000000,2.849992,0,1
25,23,22,15,14,14,6,6,
162.000000,99.000000,0.328167,3233364.000000,3.575784,0,1
20,17,17,12,12,11,7,8,
566.000000,125.000000,0.050498,169720000.000000,0.076153,0,1
31,38,57,41,163,189,139,255,
667.000000,125.000000,0.088612,3807282176.000000,0.562833,0,1
175,70,237,44,174,255,69,177,
722.000000,125.000000,0.082748,6294779.500000,0.168005,0,1
255,246,242,214,208,203,171,166,
743.000000,125.000000,0.065545,717154368.000000,0.556844,0,1
248,197,240,172,209,230,193,244,
643.000000,126.000000,0.085734,1382677504.000000,0.355580,0,1
140,249,106,255,189,61,255,218,
692.000000,126.000000,0.052542,271561760.000000,0.279720,0,1
252,255,222,254,234,223,224,166,
667.000000,127.000000,0.088536,3785249024.000000,0.562222,0,1
174,69,226,44,177,253,74,192,
614.000000,131.000000,0.036367,3395845.000000,0.054806,0,1
255,250,251,255,251,241,255,255,
677.000000,133.000000,0.089724,375213696.000000,0.589657,0,1
255,220,255,207,240,255,201,236,
725.000000,137.000000,0.059558,28002902.000000,0.120377,0,1
255,255,255,209,240,237,178,203,
644.000000,138.000000,0.085019,2769253888.000000,0.499260,0,1
141,224,73,250,128,47,178,103,
733.000000,141.000000,0.059734,140748928.000000,0.356650,0,1
196,159,151,230,208,182,255,255,
741.000000,142.000000,0.065770,99808544.000000,0.228744,0,1
219,171,242,195,212,247,237,255,
293.000000,147.000000,0.038564,360166272.000000,0.113282,0,1
32,64,34,217,184,39,255,255,
529.000000,147.000000,0.020753,1006255360.000000,0.075043,0,1
216,250,102,219,163,58,178,135,
643.000000,147.000000,0.084861,1157751424.000000,0.350922,0,1
238,255,151,255,253,85,255,255,
626.000000,148.000000,0.072407,24199110.000000,0.409932,0,1
223,241,252,253,237,255,249,254,
456.000000,151.000000,0.014600,4890358.000000,0.013823,0,1
127,122,130,217,240,229,255,255,
392.000000,153.000000,0.015362,2839373.500000,0.033636,0,1
169,156,150,225,222,235,255,255,
643.000000,154.000000,0.084714,1074754048.000000,0.350565,0,1
254,255,163,255,255,88,255,255,
416.000000,155.000000,0.013898,12985618.000000,0.020945,0,1
252,255,255,226,222,230,137,108,
440.000000,155.000000,0.012506,30844360.000000,0.018848,0,1
255,255,255,250,217,215,205,146,
86.000000,159.000000,0.028752,1499439360.000000,0.240581,0,1
56,135,42,85,76,17,32,18,
97.000000,159.000000,0.027058,1129834368.000000,0.219799,0,1
144,64,163,31,83,128,32,26,
432.000000,159.000000,0.020354,8024824.500000,0.010325,0,1
255,255,254,241,225,223,156,149,
277.000000,160.000000,0.031276,221166576.000000,0.105678,0,1
92,100,18,108,94,19,128,13,
323.000000,160.000000,0.028405,340022944.000000,0.144328,0,1
176,253,84,199,172,20,152,164,
509.000000,160.000000,0.013381,105214592.000000,0.020166,0,1
211,255,152,255,209,169,253,244,
256.000000,162.000000,0.058590,310818656.000000,0.454436,0,1
40,32,76,16,62,76,16,28,
712.000000,162.000000,0.060368,23619572.000000,0.192383,0,1
184,194,182,254,234,199,255,255,
728.000000,165.000000,0.064338,32183862.000000,0.218404,0,1
255,246,254,193,226,251,201,234,
725.000000,166.000000,0.062099,26979162.000000,0.207332,0,1
223,203,193,254,234,201,255,255,
101.000000,171.000000,0.026430,531362176.000000,0.212214,0,1
41,93,34,123,62,26,88,65,
672.000000,174.000000,0.088446,66057212.000000,0.574269,0,1
253,251,255,254,225,255,197,131,
748.000000,175.000000,0.067492,215745024.000000,0.578220,0,1
228,229,214,255,237,218,255,255,
679.000000,178.000000,0.093294,94516088.000000,0.441655,0,1
255,250,255,157,216,246,65,51,
687.000000,181.000000,0.095765,87566416.000000,0.466040,0,1
255,232,252,80,172,232,54,47,
97.000000,184.000000,0.028059,28701040.000000,0.227399,0,1
47,45,50,39,44,52,36,33,
697.000000,184.000000,0.099189,79246752.000000,0.498726,0,1
255,248,254,84,184,250,57,50,
734.000000,219.000000,0.110840,42304284.000000,0.615440,0,1
49,65,72,31,53,76,25,23,
728.000000,258.000000,0.120757,45222152.000000,0.903807,0,1
45,71,52,120,88,65,127,133,
734.000000,269.000000,0.130820,7689956.000000,0.976710,0,1
160,163,166,157,158,163,151,148,
546.000000,292.000000,0.163660,1420233.125000,0.972282,0,1
22,25,23,32,26,23,32,31,
610.000000,292.000000,0.148030,2097733.750000,0.629333,0,1
70,61,72,55,63,67,55,54,
629.000000,292.000000,0.154678,3518458.500000,0.657723,0,1
90,86,90,76,85,90,74,72,
632.000000,292.000000,0.148757,4184800.250000,0.647239,0,1
101,90,96,89,82,84,85,75,
538.000000,295.000000,0.166775,2399110.000000,1.011594,0,1
28,22,30,20,26,30,21,22,
621.000000,295.000000,0.172663,6312590.500000,1.092443,0,1
69,69,70,63,64,67,57,55,
629.000000,297.000000,0.159016,8473385.000000,0.665931,0,1
70,70,77,71,81,86,80,77,
450.000000,161.000000,0.019380,21839296.000000,0.029206,0,1
255,248,255,181,203,214,110,151,
382.000000,160.000000,0.019858,53584124.000000,0.047705,0,1
143,140,138,228,228,144,255,255,
579.000000,174.000000,0.053805,75474400.000000,0.108599,0,1
21,45,18,89,56,22,82,63,
601.000000,82.000000,0.323313,6605076.500000,1.121390,0,1
11,17,10,21,16,9,20,15,
253.000000,88.000000,0.338589,37134764.000000,2.198135,0,1
11,11,11,12,13,13,19,20,
216.000000,89.000000,0.328211,50386500.000000,2.714676,0,1
10,11,10,18,19,21,26,22,
220.000000,89.000000,0.329056,47273844.000000,2.666744,0,1
10,10,11,21,20,19,27,27,
230.000000,89.000000,0.331688,47966384.000000,2.533695,0,1
9,12,12,19,19,19,25,27,
231.000000,89.000000,0.331902,48941776.000000,2.508300,0,1
9,12,12,19,19,20,25,27,
245.000000,89.000000,0.333376,23707418.000000,2.315560,0,1
10,12,12,21,20,20,22,20,
296.000000,94.000000,0.324956,2598237.750000,1.668192,0,1
16,16,16,9,13,16,11,14,
217.000000,95.000000,0.323032,54252580.000000,2.677846,0,1
27,27,28,24,18,23,18,17,
242.000000,95.000000,0.319515,20300802.000000,2.319166,0,1
25,24,23,22,14,13,19,17,
403.000000,96.000000,0.307353,10844416.000000,0.249615,0,1
19,20,17,57,38,16,57,20,
409.000000,96.000000,0.310190,8716588.000000,0.473677,0,1
15,18,20,16,41,38,35,16,
413.000000,96.000000,0.316622,5529722.500000,0.541019,0,1
15,17,13,38,26,16,28,12,
231.000000,97.000000,0.319165,41424196.000000,2.462926,0,1
24,23,22,18,18,18,10,7,
398.000000,97.000000,0.308862,3865020.250000,0.466112,0,1
15,15,33,16,20,66,14,13,
214.000000,98.000000,0.324506,15611470.000000,2.715695,0,1
25,22,21,12,12,12,7,6,
230.000000,98.000000,0.322286,23726108.000000,2.488356,0,1
23,18,18,11,10,10,7,7,
231.000000,98.000000,0.322561,22019948.000000,2.470923,0,1
23,18,18,10,10,10,7,7,
245.000000,98.000000,0.325949,30795102.000000,2.312250,0,1
18,17,16,8,7,8,7,7,
254.000000,98.000000,0.325688,23887902.000000,1.679978,0,1
19,13,14,8,8,8,7,7,
403.000000,98.000000,0.309032,10018266.000000,0.241785,0,1
38,57,51,15,20,14,14,13,
409.000000,98.000000,0.310946,4857140.000000,0.476543,0,1
41,35,46,13,16,14,13,14,
644.000000,125.000000,0.086258,2442704128.000000,0.506597,0,1
65,140,50,249,106,40,189,128,
702.000000,130.000000,0.050846,77394032.000000,0.175020,0,1
174,161,160,160,190,189,222,230,
539.000000,139.000000,0.040172,24706026.000000,0.060541,0,1
16,26,17,60,37,18,94,101,
445.000000,140.000000,0.027990,5415510.000000,0.015258,0,1
39,57,73,128,151,194,255,255,
540.000000,140.000000,0.040486,42516736.000000,0.061081,0,1
17,37,18,94,58,22,101,77,
727.000000,140.000000,0.058373,91290072.000000,0.346133,0,1
178,187,160,247,226,201,255,255,
644.000000,147.000000,0.084889,2154044928.000000,0.499038,0,1
144,246,81,255,158,52,255,162,
400.000000,153.000000,0.032430,4550096.000000,0.048021,0,1
184,176,175,227,232,239,255,238,
644.000000,157.000000,0.084650,2030281216.000000,0.351954,0,1
162,255,98,255,190,62,255,208,
84.000000,161.000000,0.027504,228733824.000000,0.232620,0,1
85,41,32,34,24,18,15,15,
440.000000,162.000000,0.016314,16109222.000000,0.011009,0,1
130,176,137,242,175,169,237,240,
49.000000,173.000000,0.030153,582021824.000000,0.283313,0,1
33,50,36,109,76,36,123,94,
85.000000,181.000000,0.028211,41299688.000000,0.238896,0,1
17,22,15,39,25,16,46,51,
725.000000,195.000000,0.111802,439078208.000000,0.642539,0,1
148,91,112,111,158,189,101,44,
727.000000,217.000000,0.113745,196821104.000000,0.838986,0,1
45,54,65,26,42,63,22,23,
708.000000,278.000000,0.133643,17358976.000000,0.947915,0,1
145,143,143,133,138,139,133,128,
610.000000,286.000000,0.145554,3338712.750000,0.580196,0,1
84,78,83,69,74,80,70,70,
542.000000,289.000000,0.154875,18044058.000000,0.953775,0,1
22,24,22,32,26,23,32,32,
536.000000,290.000000,0.158751,13301155.000000,0.955258,0,1
29,22,29,20,25,29,20,21,
644.000000,292.000000,0.093647,8976139.000000,0.463441,0,1
75,77,72,88,79,72,86,77,
644.000000,294.000000,0.094538,10103327.000000,0.745261,0,1
79,86,77,81,77,73,78,72,
550.000000,295.000000,0.169739,134491792.000000,1.006956,0,1
23,25,23,31,26,23,32,32,
595.000000,144.000000,0.062615,639537728.000000,0.314328,0,1
255,215,255,81,154,244,61,54,
572.000000,181.000000,0.034239,79779584.000000,0.065377,0,1
131,138,161,84,121,137,92,103,
626.000000,157.000000,0.074587,272958336.000000,0.293384,0,1
255,173,254,64,163,236,54,42,
553.000000,161.000000,0.049690,254346176.000000,0.200263,0,1
47,73,30,79,45,23,52,36,
553.000000,158.000000,0.049624,272269472.000000,0.199496,0,1
45,62,29,89,46,24,74,47,
374.000000,83.000000,0.306317,3484371.500000,0.869447,0,1
7,5,12,7,10,13,6,11,
374.000000,85.000000,0.310396,4067396.000000,0.992353,0,1
10,6,16,9,11,15,9,15,
380.000000,85.000000,0.295325,5992791.000000,2.149587,0,1
13,12,15,17,19,20,22,23,
388.000000,85.000000,0.296453,5234492.000000,2.000982,0,1
13,15,12,20,19,15,21,21,
392.000000,85.000000,0.311967,2330372.750000,0.874043,0,1
10,12,12,15,15,13,20,20,
405.000000,88.000000,0.321385,9092180.000000,0.827521,0,1
10,11,19,12,17,15,12,17,
407.000000,88.000000,0.313804,28417020.000000,1.662420,0,1
10,19,13,17,15,15,23,14,
391.000000,96.000000,0.337052,13122329.000000,0.904211,0,1
17,16,17,15,22,17,31,14,
439.000000,96.000000,0.311497,1906608.625000,0.700043,0,1
12,16,10,15,14,9,12,9,
487.000000,96.000000,0.316347,12608510.000000,1.169661,0,1
14,17,18,10,12,11,11,11,
266.000000,97.000000,0.319639,78430568.000000,2.309206,0,1
19,18,16,13,12,12,7,7,
383.000000,98.000000,0.341024,19628428.000000,0.989162,0,1
18,28,21,13,15,12,12,12,
667.000000,139.000000,0.088348,3849161728.000000,0.399953,0,1
173,80,247,46,165,255,77,147,
294.000000,146.000000,0.038166,821689280.000000,0.243419,0,1
20,32,16,64,34,18,184,212,
294.000000,147.000000,0.037357,1182237696.000000,0.239524,0,1
23,52,20,217,118,19,248,233,
150.000000,157.000000,0.022599,1582972928.000000,0.152467,0,1
183,223,105,163,135,47,100,20,
165.000000,164.000000,0.022130,135934960.000000,0.332741,0,1
17,14,20,18,34,28,23,25,
78.000000,166.000000,0.028462,866103616.000000,0.246200,0,1
16,21,22,26,56,51,52,60,
667.000000,166.000000,0.088169,3284113408.000000,0.400678,0,1
144,71,249,46,141,255,73,144,
242.000000,169.000000,0.053122,87467032.000000,0.158474,0,1
33,43,14,68,60,9,55,36,
667.000000,169.000000,0.088087,3569771264.000000,0.400798,0,1
147,72,247,47,150,255,80,182,
46.000000,173.000000,0.030380,855769472.000000,0.224293,0,1
57,53,56,63,106,101,109,119,
79.000000,183.000000,0.028741,89676152.000000,0.250764,0,1
19,31,32,52,46,51,57,51,
701.000000,262.000000,0.123100,66732020.000000,0.893746,0,1
156,151,152,143,143,150,141,145,
617.000000,276.000000,0.138633,18199678.000000,0.647536,0,1
92,93,94,84,88,89,81,82,
691.000000,276.000000,0.138576,17724050.000000,0.819634,0,1
148,147,146,142,143,142,129,128,
698.000000,276.000000,0.131883,14508340.000000,0.987488,0,1
150,145,146,140,138,141,136,133,
608.000000,277.000000,0.139354,16731277.000000,0.634339,0,1
89,86,88,78,80,80,72,73,
614.000000,279.000000,0.140490,8386735.500000,0.656442,0,1
84,84,88,73,82,85,76,79,
639.000000,282.000000,0.100235,19426650.000000,0.709858,0,1
96,92,94,87,89,90,82,82,
534.000000,285.000000,0.144062,18723918.000000,0.896454,0,1
24,22,27,20,25,28,20,22,
586.000000,140.000000,0.059007,831613632.000000,0.284947,0,1
255,220,255,82,178,244,63,56,
601.000000,147.000000,0.065299,570865728.000000,0.335552,0,1
255,170,255,70,109,211,58,51,
242.000000,160.000000,0.053738,1172525056.000000,0.463696,0,1
23,36,10,38,26,9,38,29,
242.000000,165.000000,0.053897,34029696.000000,0.160699,0,1
29,39,12,41,30,8,41,33,
567.000000,182.000000,0.048154,325715008.000000,0.122432,0,1
61,31,66,16,55,81,26,41,
705.000000,251.000000,0.116901,225548928.000000,0.833898,0,1
43,59,51,91,76,67,119,135,
742.000000,129.000000,0.065655,2212464384.000000,0.523244,0,1
218,130,179,167,188,234,213,198,
466.000000,160.000000,0.018165,28010712.000000,0.029666,0,1
255,226,235,183,185,184,146,118,
232.000000,175.000000,0.025589,16338336.000000,0.264367,0,1
28,24,25,19,20,20,15,11,
37.000000,178.000000,0.031877,1319483264.000000,0.287775,0,1
98,75,92,42,66,70,42,38,
70.000000,179.000000,0.029258,275132480.000000,0.267870,0,1
74,65,76,40,46,42,26,28,
70.000000,182.000000,0.029255,186056288.000000,0.260970,0,1
25,30,26,54,47,30,87,60,
40.000000,185.000000,0.031396,225024640.000000,0.281515,0,1
26,28,27,52,56,45,81,71,
42.000000,186.000000,0.031696,628920192.000000,0.303984,0,1
25,52,35,79,62,42,66,63,
483.000000,186.000000,0.031544,11710603.000000,0.161616,0,1
44,51,47,47,50,46,40,30,
692.000000,248.000000,0.112421,28418406.000000,0.923505,0,1
50,72,57,118,94,73,132,136,
566.000000,179.000000,0.049010,679362048.000000,0.148177,0,1
32,18,69,15,36,84,17,31,
42.000000,190.000000,0.035703,52984352.000000,0.339547,0,1
63,61,63,52,53,50,42,36,
41.000000,190.000000,0.035299,63860516.000000,0.337011,0,1
62,60,62,52,53,52,43,36,
324.000000,163.000000,0.028176,1949954176.000000,0.143374,0,1
51,164,21,251,114,18,212,107,
61.000000,185.000000,0.029558,28674420.000000,0.269047,0,1
18,22,28,50,54,60,62,66,
667.000000,118.000000,0.088626,10180103168.000000,0.574799,0,1
149,70,227,41,182,255,70,195,
644.000000,128.000000,0.085839,7210919424.000000,0.499549,0,1
111,208,66,255,137,46,220,135,
528.000000,139.000000,0.022600,47775632.000000,0.075810,0,1
18,22,22,51,48,34,130,216,
667.000000,160.000000,0.088276,4986830336.000000,0.571353,0,1
140,72,250,46,149,255,76,150,
51.000000,166.000000,0.030868,2153858560.000000,0.325625,0,1
20,26,28,35,64,71,62,83,
229.000000,167.000000,0.021619,267650112.000000,0.230361,0,1
19,12,28,8,19,29,11,20,
115.000000,182.000000,0.087067,2167343104.000000,0.907796,0,1
36,38,19,45,33,11,46,32,
57.000000,189.000000,0.030570,12474414.000000,0.280845,0,1
70,67,64,56,53,50,40,34,
116.000000,196.000000,0.086920,213340144.000000,1.257761,0,1
14,17,11,17,14,8,14,12,
621.000000,258.000000,0.116009,12242175.000000,0.771614,0,1
109,105,111,94,103,111,92,90,
627.000000,258.000000,0.105275,49152624.000000,0.714948,0,1
122,119,124,114,121,124,112,114,
164.000000,152.000000,0.021618,2903641344.000000,0.126993,0,1
101,79,250,32,132,192,35,76,
167.000000,156.000000,0.020975,1079667840.000000,0.148259,0,1
186,161,246,143,182,193,55,31,
567.000000,174.000000,0.050684,790957440.000000,0.180282,0,1
69,46,97,18,76,97,30,49,
52.000000,186.000000,0.030718,212135776.000000,0.324741,0,1
21,30,35,57,58,63,74,71,
313.000000,162.000000,0.031665,812254912.000000,0.082398,0,1
188,97,252,25,159,242,48,75,
515.000000,142.000000,0.036694,498160704.000000,0.078805,0,1
62,221,34,224,120,24,124,92,
384.000000,164.000000,0.019293,122153280.000000,0.045673,0,1
171,200,112,254,152,169,233,157,
489.000000,171.000000,0.015931,71218112.000000,0.030333,0,1
155,123,166,95,118,138,86,86,
303.000000,147.000000,0.035420,2367714560.000000,0.212480,0,1
53,37,163,24,160,246,55,180,
330.000000,154.000000,0.028454,1126059136.000000,0.075460,0,1
130,42,149,22,116,192,42,109,
358.000000,162.000000,0.019508,1169158400.000000,0.153190,0,1
199,133,208,61,156,219,81,135,
229.000000,175.000000,0.027768,24886144.000000,0.289101,0,1
26,22,23,17,18,19,12,10,
53.000000,180.000000,0.030539,1348437120.000000,0.320949,0,1
75,87,75,62,69,46,40,23,
482.000000,187.000000,0.029925,22785320.000000,0.160347,0,1
51,47,50,37,40,37,33,35,
598.000000,189.000000,0.039270,83134232.000000,0.244990,0,1
26,36,28,52,41,30,52,53,
591.000000,204.000000,0.050038,48026372.000000,0.349552,0,1
48,47,45,33,37,37,27,27,
620.000000,247.000000,0.107081,30279360.000000,0.847607,0,1
112,115,113,121,121,120,125,130,
649.000000,253.000000,0.116777,220969168.000000,1.487272,0,1
121,120,117,113,111,110,107,109,
651.000000,253.000000,0.117057,190175376.000000,1.503517,0,1
120,117,121,111,110,117,104,110,
322.000000,266.000000,0.131199,5259765.500000,1.129480,0,1
17,14,13,16,16,11,18,12,
589.000000,266.000000,0.112105,17676428.000000,0.833774,0,1
80,82,81,73,79,77,74,72,
609.000000,201.000000,0.068914,274394944.000000,0.421793,0,1
54,58,36,26,37,22,29,40,
552.000000,175.000000,0.049424,106315536.000000,0.206602,0,1
76,57,45,40,44,25,27,23,
158.000000,150.000000,0.022337,2948051968.000000,0.163282,0,1
14,70,16,248,107,20,254,113,
364.000000,157.000000,0.021210,27223672.000000,0.068505,0,1
128,123,119,163,170,157,235,235,
566.000000,182.000000,0.049548,981127680.000000,0.214779,0,1
31,18,58,15,29,69,16,24,
543.000000,152.000000,0.019843,591631808.000000,0.064079,0,1
121,159,64,118,131,65,130,105,
477.000000,158.000000,0.017033,106304880.000000,0.030572,0,1
121,147,145,182,203,149,255,189,
664.000000,111.000000,0.089041,7136161792.000000,1.188476,0,1
66,78,102,41,38,82,33,32,
281.000000,161.000000,0.031107,569287296.000000,0.160736,0,1
51,67,19,15,33,9,10,8,
473.000000,163.000000,0.019429,89778112.000000,0.036225,0,1
117,113,96,171,182,196,200,162,
335.000000,167.000000,0.021858,71876944.000000,0.069561,0,1
176,197,208,148,138,142,105,96,
336.000000,167.000000,0.021443,66544216.000000,0.067421,0,1
190,205,207,143,140,140,102,98,
566.000000,173.000000,0.051403,1521513472.000000,0.285424,0,1
21,18,69,15,46,97,18,30,
481.000000,180.000000,0.036092,12487142.000000,0.193414,0,1
48,42,48,39,44,55,45,41,
466.000000,184.000000,0.047579,17141940.000000,0.291713,0,1
33,33,33,45,44,42,48,44,
653.000000,185.000000,0.087037,1407617664.000000,0.893354,0,1
112,105,106,84,65,87,58,33,
650.000000,186.000000,0.088187,4163298304.000000,0.898810,0,1
76,43,84,24,66,58,42,53,
657.000000,232.000000,0.095274,1308458496.000000,1.357587,0,1
25,40,34,61,61,55,75,87,
657.000000,239.000000,0.101882,318359168.000000,1.523830,0,1
113,113,112,119,116,115,124,131,
658.000000,240.000000,0.102510,336197536.000000,1.547014,0,1
112,116,115,124,123,121,131,133,
370.000000,164.000000,0.017500,149577280.000000,0.055324,0,1
122,130,94,155,155,143,219,159,
633.000000,161.000000,0.077382,1139589504.000000,0.686969,0,1
239,110,206,50,67,144,43,36,
552.000000,170.000000,0.050459,564092544.000000,0.251902,0,1
39,65,41,93,86,33,88,81,
532.000000,167.000000,0.039036,790385408.000000,0.187634,0,1
32,25,63,17,58,73,22,39,
491.000000,139.000000,0.015528,73382048.000000,0.035412,0,1
30,35,32,64,59,41,218,232,
658.000000,230.000000,0.095414,521229536.000000,1.362097,0,1
15,18,17,26,23,21,37,59,
649.000000,109.000000,0.088782,391932736.000000,1.351568,0,1
17,16,19,19,21,22,28,31,
650.000000,118.000000,0.088825,7651769856.000000,1.349973,0,1
37,33,41,23,48,50,40,64,
652.000000,118.000000,0.088488,1592752512.000000,1.353477,0,1
31,41,40,48,50,53,65,74,
658.000000,118.000000,0.087508,1699451776.000000,1.363780,0,1
54,51,57,59,67,65,85,88,
661.000000,132.000000,0.087066,25384130560.000000,1.363404,0,1
81,108,62,124,87,49,113,87,
651.000000,139.000000,0.088565,31334664192.000000,1.341420,0,1
135,114,140,68,139,145,117,138,
661.000000,140.000000,0.087035,21675935744.000000,1.361159,0,1
88,110,63,125,84,49,105,81,
356.000000,143.000000,0.019405,1187978112.000000,0.071050,0,1
23,28,99,33,96,231,39,117,
651.000000,146.000000,0.088504,29174675456.000000,1.339866,0,1
140,118,144,64,139,146,115,138,
651.000000,147.000000,0.088496,29004953600.000000,1.339765,0,1
140,117,144,64,139,146,115,137,
661.000000,154.000000,0.086922,15470560256.000000,1.359727,0,1
79,97,61,111,80,49,96,80,
651.000000,156.000000,0.088440,28698423296.000000,1.340500,0,1
136,115,142,62,136,143,114,135,
388.000000,164.000000,0.017916,131964576.000000,0.099551,0,1
101,125,114,169,156,157,218,153,
399.000000,164.000000,0.019246,132075504.000000,0.084967,0,1
82,93,90,175,169,123,210,155,
659.000000,166.000000,0.086660,8394915840.000000,1.347226,0,1
109,118,94,124,105,77,114,101,
649.000000,168.000000,0.088283,35651088384.000000,1.331321,0,1
55,31,102,27,52,123,31,51,
661.000000,169.000000,0.086802,10540198912.000000,1.363694,0,1
76,89,61,101,75,50,87,74,
168.000000,173.000000,0.020179,1355604096.000000,0.215082,0,1
19,30,26,59,45,58,62,43,
514.000000,174.000000,0.031568,94231936.000000,0.128317,0,1
42,35,29,38,41,24,71,78,
651.000000,174.000000,0.088327,24035143680.000000,1.348169,0,1
118,92,122,48,115,121,91,112,
242.000000,175.000000,0.050875,41620164.000000,0.559522,0,1
26,29,13,21,21,8,19,13,
650.000000,175.000000,0.088294,37292646400.000000,1.342505,0,1
92,48,115,28,91,120,48,87,
661.000000,178.000000,0.086440,7920206336.000000,1.361639,0,1
69,79,55,87,67,44,77,66,
651.000000,179.000000,0.088304,23858735104.000000,1.352024,0,1
110,86,117,45,108,117,82,103,
377.000000,182.000000,0.028825,20109086.000000,0.196131,0,1
49,53,57,50,53,52,41,43,
437.000000,186.000000,0.039928,15506286.000000,0.105708,0,1
41,45,46,37,43,37,35,31,
658.000000,187.000000,0.086701,926496128.000000,1.362176,0,1
83,85,74,45,57,65,37,54,
655.000000,189.000000,0.087901,1840100992.000000,1.376969,0,1
39,29,36,30,51,61,59,74,
447.000000,191.000000,0.043640,13630299.000000,0.105661,0,1
39,40,43,36,37,38,28,24,
448.000000,191.000000,0.042827,13305813.000000,0.103458,0,1
40,43,41,36,37,36,28,24,
380.000000,192.000000,0.039511,14205314.000000,0.242903,0,1
33,36,39,32,37,47,34,38,
433.000000,192.000000,0.043029,16456158.000000,0.125703,0,1
41,36,45,32,35,38,26,22,
436.000000,192.000000,0.043390,20112056.000000,0.122615,0,1
42,47,39,37,37,30,27,23,
490.000000,192.000000,0.040933,5894091.000000,0.209142,0,1
42,36,38,29,30,31,27,27,
366.000000,193.000000,0.043614,9964928.000000,0.290927,0,1
32,34,33,27,28,26,22,18,
604.000000,193.000000,0.039242,55770728.000000,0.316519,0,1
29,40,32,52,44,35,54,57,
661.000000,193.000000,0.085606,2366822144.000000,1.356754,0,1
49,53,41,56,46,34,50,43,
651.000000,197.000000,0.088113,8167084032.000000,1.368476,0,1
56,45,66,31,57,74,45,53,
650.000000,198.000000,0.088252,7878880256.000000,1.367485,0,1
45,31,57,23,45,68,30,41,
663.000000,201.000000,0.085076,684618112.000000,1.362841,0,1
30,32,25,44,31,24,40,34,
608.000000,204.000000,0.069603,456451456.000000,0.673287,0,1
29,45,40,20,26,24,23,25,
654.000000,205.000000,0.087786,1134849920.000000,1.390008,0,1
26,25,36,28,33,41,30,37,
657.000000,220.000000,0.087155,790549184.000000,1.417616,0,1
21,24,26,19,21,23,13,12,
598.000000,245.000000,0.099936,24937000.000000,1.192525,0,1
103,100,107,91,97,105,90,93,
594.000000,147.000000,0.064738,576777664.000000,0.534886,0,1
61,50,54,43,43,49,39,35,
615.000000,154.000000,0.071037,1764168320.000000,0.680964,0,1
221,66,140,46,55,71,40,36,
554.000000,175.000000,0.050321,971910528.000000,0.306791,0,1
32,45,19,44,25,16,25,20,
313.000000,279.000000,0.100600,772397120.000000,1.074273,0,1
18,18,12,19,14,10,15,10,
657.000000,127.000000,0.087079,753917824.000000,1.343441,0,1
50,65,67,82,87,83,104,121,
356.000000,159.000000,0.019601,1800495104.000000,0.071334,0,1
57,38,150,34,73,226,39,68,
514.000000,139.000000,0.031988,179616560.000000,0.138586,0,1
18,21,19,37,38,22,107,221,
583.000000,169.000000,0.034019,318565888.000000,0.268961,0,1
34,39,28,42,35,24,32,26,
411.000000,175.000000,0.033995,81377768.000000,0.062846,0,1
94,100,77,99,87,72,87,58,
489.000000,175.000000,0.022505,57853824.000000,0.074133,0,1
86,71,83,55,65,78,54,53,
451.000000,181.000000,0.034550,40658768.000000,0.080588,0,1
57,57,58,55,53,48,41,37,
387.000000,182.000000,0.034052,29479298.000000,0.184013,0,1
62,63,67,57,56,57,44,42,
640.000000,184.000000,0.085057,185121968.000000,1.472428,0,1
33,47,46,22,27,40,20,20,
385.000000,191.000000,0.051702,8057706.000000,0.268427,0,1
41,47,35,48,36,33,35,27,
566.000000,133.000000,0.051824,3137443840.000000,0.394865,0,1
239,83,181,37,70,84,43,36,
324.000000,168.000000,0.028469,3274822144.000000,0.149820,0,1
115,161,19,122,55,16,93,52,
432.000000,139.000000,0.027187,6820625.500000,0.009608,0,1
38,41,41,52,52,52,99,237,
205.000000,146.000000,0.023750,13735768064.000000,0.297644,0,1
10,14,11,35,145,19,82,20,
537.000000,147.000000,0.023016,1099021568.000000,0.135845,0,1
110,85,117,64,92,90,63,77,
259.000000,163.000000,0.031333,1945128192.000000,0.311595,0,1
82,76,16,46,22,10,22,8,
413.000000,164.000000,0.021433,180831168.000000,0.069035,0,1
114,127,119,176,163,174,195,139,
336.000000,168.000000,0.021818,314241824.000000,0.115289,0,1
208,138,142,105,104,105,96,106,
500.000000,170.000000,0.022302,673352960.000000,0.092700,0,1
144,142,129,115,104,93,82,79,
491.000000,171.000000,0.022461,398085408.000000,0.083942,0,1
184,166,154,118,138,118,111,96,
630.000000,223.000000,0.084838,840447872.000000,1.760773,0,1
22,34,26,55,43,34,58,56,
610.000000,226.000000,0.087320,194302544.000000,1.428661,0,1
93,88,88,100,96,89,106,108,
618.000000,226.000000,0.090236,467910272.000000,1.888990,0,1
89,80,82,86,86,88,97,105,
623.000000,227.000000,0.089607,1907344000.000000,1.907499,0,1
77,81,78,93,91,90,98,104,
581.000000,251.000000,0.084164,380369408.000000,1.263052,0,1
91,92,95,82,92,92,79,76,
538.000000,158.000000,0.021174,2198107136.000000,0.127651,0,1
51,67,82,60,83,113,74,60,
532.000000,169.000000,0.039225,2713466112.000000,0.247858,0,1
58,22,58,16,39,48,17,17,
460.000000,168.000000,0.019850,194800096.000000,0.043759,0,1
135,126,113,138,129,119,154,115,
422.000000,164.000000,0.021615,177912832.000000,0.055146,0,1
106,111,115,169,161,164,194,155,
566.000000,167.000000,0.051283,1254763392.000000,0.520197,0,1
15,14,25,14,21,33,14,21,
478.000000,170.000000,0.029919,77499072.000000,0.153055,0,1
125,133,121,108,107,110,91,81,
396.000000,182.000000,0.034877,80930560.000000,0.168199,0,1
62,66,60,56,53,50,39,33,
450.000000,182.000000,0.034902,113378232.000000,0.101920,0,1
57,55,53,42,41,37,34,36,
384.000000,183.000000,0.033033,102838472.000000,0.190114,0,1
60,55,57,45,44,44,38,35,
334.000000,194.000000,0.038614,4780406.000000,0.431345,0,1
28,25,24,18,18,18,13,11,
338.000000,194.000000,0.037828,3737317.750000,0.414117,0,1
27,24,22,18,18,16,13,12,
611.000000,218.000000,0.078603,1385998208.000000,1.765312,0,1
53,65,56,75,63,53,75,76,
601.000000,223.000000,0.083738,2248389120.000000,1.928550,0,1
105,110,110,106,106,104,98,97,
608.000000,226.000000,0.087991,367312800.000000,1.725177,0,1
91,91,88,103,100,96,106,105,
579.000000,250.000000,0.073858,563303872.000000,1.188098,0,1
88,87,91,78,87,95,80,80,
628.000000,161.000000,0.075546,2431543040.000000,1.657554,0,1
60,40,52,30,36,45,29,28,
350.000000,165.000000,0.022329,4473757696.000000,0.115762,0,1
101,39,115,22,147,177,38,84,
616.000000,216.000000,0.076816,596544384.000000,1.722868,0,1
21,27,23,39,30,25,40,46,
485.000000,128.000000,0.085387,804737216.000000,0.617201,0,1
23,33,23,30,30,19,30,21,
600.000000,154.000000,0.075782,328861600.000000,1.441905,0,1
34,31,32,28,29,31,27,25,
541.000000,167.000000,0.045340,5152715264.000000,0.428634,0,1
29,49,21,86,72,19,86,69,
378.000000,170.000000,0.024071,732432320.000000,0.153352,0,1
155,176,161,122,121,118,95,70,
449.000000,173.000000,0.028042,398568064.000000,0.071926,0,1
119,122,122,100,95,99,76,76,
510.000000,176.000000,0.033348,1400296832.000000,0.218463,0,1
46,82,62,55,54,46,28,25,
446.000000,182.000000,0.033712,53488244.000000,0.108465,0,1
51,49,51,40,42,42,34,36,
612.000000,215.000000,0.072796,46085728.000000,1.888339,0,1
22,33,26,46,39,31,53,56,
540.000000,224.000000,0.085869,600743616.000000,1.503380,0,1
59,58,62,54,57,58,51,50,
558.000000,224.000000,0.084671,248075808.000000,1.600321,0,1
81,78,83,72,77,82,65,68,
561.000000,224.000000,0.086167,404121824.000000,1.681747,0,1
87,85,89,81,83,87,72,73,
573.000000,224.000000,0.084596,884232896.000000,1.723776,0,1
99,99,102,94,99,102,87,85,
580.000000,224.000000,0.085657,2985064704.000000,1.832883,0,1
107,108,112,105,105,107,96,92,
581.000000,224.000000,0.085704,3373815552.000000,1.844140,0,1
108,110,112,105,106,107,96,93,
585.000000,193.000000,0.059451,6090623488.000000,0.912045,0,1
62,44,69,19,61,72,20,26,
580.000000,140.000000,0.057943,3011400704.000000,0.806783,0,1
107,49,65,38,44,53,36,35,
419.000000,175.000000,0.029143,262706496.000000,0.074859,0,1
118,90,117,74,93,107,63,63,
524.000000,164.000000,0.036712,2125088384.000000,0.316677,0,1
34,18,32,17,43,44,18,18,
171.000000,165.000000,0.020484,19975163904.000000,0.450511,0,1
13,25,11,32,15,10,29,15,
175.000000,172.000000,0.021416,4023900928.000000,0.469474,0,1
10,12,11,28,15,15,27,25,
294.000000,178.000000,0.034230,475281600.000000,0.450710,0,1
7,21,8,30,14,8,14,10,
352.000000,194.000000,0.042492,14794505.000000,0.411130,0,1
24,25,21,17,18,17,13,13,
379.000000,197.000000,0.038384,15720295.000000,0.274345,0,1
36,35,32,33,30,23,28,19,
496.000000,212.000000,0.067990,5252883.000000,1.048138,0,1
31,31,32,29,31,31,27,28,
581.000000,213.000000,0.074309,2091590528.000000,2.091075,0,1
72,78,73,87,82,81,95,98,
531.000000,168.000000,0.039880,9852882944.000000,0.382755,0,1
25,17,58,17,22,58,16,17,
418.000000,173.000000,0.026546,68606584.000000,0.080420,0,1
92,87,116,85,95,123,80,80,
196.000000,177.000000,0.029500,82697984.000000,0.634274,0,1
20,18,19,14,14,13,9,10,
543.000000,160.000000,0.020372,5184397312.000000,0.202513,0,1
104,129,71,94,88,56,72,60,
434.000000,174.000000,0.029469,526595840.000000,0.090006,0,1
118,130,127,125,124,109,85,72,
426.000000,175.000000,0.030306,1284819200.000000,0.099285,0,1
141,131,146,96,98,97,69,58,
427.000000,175.000000,0.030508,1476398720.000000,0.099450,0,1
142,141,140,95,100,91,71,59,
490.000000,175.000000,0.023006,637103552.000000,0.138647,0,1
96,75,85,61,73,77,57,55,
538.000000,185.000000,0.042176,4774909952.000000,0.529938,0,1
14,18,30,14,34,70,13,12,
377.000000,195.000000,0.032854,26275968.000000,0.270837,0,1
30,26,32,21,26,36,24,33,
573.000000,213.000000,0.074436,3223501312.000000,2.517359,0,1
78,84,83,91,91,90,96,99,
524.000000,214.000000,0.075668,417864992.000000,1.561206,0,1
51,49,50,44,50,53,44,46,
362.000000,218.000000,0.079438,130436384.000000,1.644475,0,1
22,22,19,22,19,14,20,14,
356.000000,224.000000,0.073520,26468658.000000,1.480548,0,1
19,18,18,17,18,12,16,13,
429.000000,174.000000,0.030120,813121920.000000,0.105706,0,1
115,136,124,146,134,124,97,70,
434.000000,175.000000,0.029752,1261652736.000000,0.105792,0,1
135,122,117,85,84,87,72,60,
267.000000,176.000000,0.029333,176036400.000000,0.586598,0,1
6,7,9,9,20,21,27,30,
377.000000,196.000000,0.039149,10260004.000000,0.379074,0,1
27,22,34,21,31,35,27,31,
392.000000,196.000000,0.038236,17642602.000000,0.324542,0,1
25,25,26,25,24,26,22,19,
148.000000,175.000000,0.022405,19429892096.000000,0.713135,0,1
33,32,77,35,60,97,62,51,
272.000000,161.000000,0.030595,14929487872.000000,0.589340,0,1
35,13,31,10,15,52,10,9,
584.000000,200.000000,0.059387,20637243392.000000,1.550245,0,1
20,13,35,13,27,43,13,25,
443.000000,169.000000,0.021336,259489008.000000,0.065231,0,1
122,128,112,130,118,115,111,104,
144.000000,175.000000,0.023179,5255531008.000000,0.837067,0,1
18,22,16,33,43,35,66,59,
609.000000,194.000000,0.041810,2180743424.000000,1.068514,0,1
20,26,21,39,29,22,41,41,
240.000000,196.000000,0.050949,582527232.000000,2.092027,0,1
10,11,11,12,11,11,9,10,
571.000000,205.000000,0.067329,1682491136.000000,2.624235,0,1
41,44,44,53,52,50,60,65,
419.000000,139.000000,0.023846,45134896.000000,0.048219,0,1
34,36,38,39,43,44,58,202,
406.000000,170.000000,0.025261,751892160.000000,0.130969,0,1
137,141,137,120,117,119,98,93,
542.000000,175.000000,0.045101,17225398272.000000,0.829087,0,1
26,29,17,29,21,17,20,16,
396.000000,176.000000,0.032360,1836868736.000000,0.240352,0,1
90,98,91,87,90,77,72,62,
403.000000,176.000000,0.033345,2949554176.000000,0.223276,0,1
96,92,101,77,80,85,69,61,
564.000000,203.000000,0.064156,624284032.000000,2.543862,0,1
29,38,35,47,44,41,53,58,
258.000000,194.000000,0.050465,6460881920.000000,2.301037,0,1
12,11,12,8,11,10,7,6,
559.000000,203.000000,0.064178,1784657664.000000,2.786269,0,1
38,46,43,53,50,47,57,59,
364.000000,171.000000,0.024583,6596922368.000000,0.283594,0,1
127,112,107,82,80,78,61,54,
391.000000,176.000000,0.030985,2857896704.000000,0.282399,0,1
100,95,104,80,86,89,70,62,
445.000000,177.000000,0.029335,1171199488.000000,0.156765,0,1
70,62,68,56,57,64,51,50,
313.000000,178.000000,0.031669,2529243648.000000,0.680071,0,1
41,44,47,33,36,35,22,20,
315.000000,178.000000,0.031627,1258735872.000000,0.668182,0,1
42,47,41,36,35,35,26,25,
457.000000,181.000000,0.030393,1440869120.000000,0.203132,0,1
56,57,50,46,40,36,37,37,
623.000000,202.000000,0.043245,9675283456.000000,1.824537,0,1
17,23,18,34,25,19,38,42,
555.000000,130.000000,0.051762,55934009344.000000,1.679516,0,1
27,16,37,15,35,48,20,32,
289.000000,174.000000,0.034431,1116509568.000000,1.045107,0,1
6,6,6,9,8,6,19,33,
315.000000,193.000000,0.025516,77215552.000000,0.568995,0,1
24,23,29,17,23,24,17,16,
566.000000,193.000000,0.051534,63998312448.000000,2.310909,0,1
12,8,16,8,12,28,8,14,
544.000000,196.000000,0.057222,925008832.000000,2.754440,0,1
23,27,27,33,32,31,36,39,
306.000000,174.000000,0.030066,3446615552.000000,0.841750,0,1
9,11,23,15,34,42,33,41,
305.000000,177.000000,0.030286,14184778752.000000,0.863177,0,1
33,30,41,17,27,35,18,15,
465.000000,179.000000,0.028726,1020369408.000000,0.243564,0,1
51,54,53,49,49,46,40,35,
428.000000,182.000000,0.030609,1424977664.000000,0.244717,0,1
61,51,53,37,37,37,32,32,
510.000000,194.000000,0.057652,809400640.000000,2.141163,0,1
27,27,28,29,30,31,33,36,
530.000000,196.000000,0.057348,575718912.000000,2.525587,0,1
28,31,31,35,34,34,38,40,
561.000000,140.000000,0.050981,135057670144.000000,2.393774,0,1
55,61,39,63,46,25,50,35,
555.000000,140.000000,0.051718,498354946048.000000,2.005171,0,1
44,18,68,17,43,71,19,40,
357.000000,169.000000,0.021305,10732076032.000000,0.315151,0,1
107,78,96,66,89,106,66,64,
362.000000,138.000000,0.016423,127918176.000000,0.253077,0,1
18,18,19,20,21,21,23,24,
366.000000,138.000000,0.015709,76599856.000000,0.226362,0,1
19,19,20,21,22,24,23,26,
391.000000,139.000000,0.019644,354814400.000000,0.201976,0,1
35,36,36,39,40,40,50,122,
188.000000,159.000000,0.021605,11836158976.000000,1.251300,0,1
12,8,16,7,12,16,9,10,
214.000000,162.000000,0.021728,10664412160.000000,1.125231,0,1
10,9,14,7,12,15,9,12,
387.000000,171.000000,0.026459,6376980992.000000,0.382206,0,1
125,110,112,85,95,94,76,77,
396.000000,171.000000,0.026957,7425035264.000000,0.309080,0,1
126,117,117,97,94,96,79,81,
265.000000,176.000000,0.030034,656467584.000000,1.474249,0,1
6,6,7,5,9,20,10,20,
500.000000,177.000000,0.021848,1697196288.000000,0.317442,0,1
59,54,52,47,45,42,39,36,
472.000000,178.000000,0.024620,3175680512.000000,0.261207,0,1
56,53,55,48,49,48,39,38,
403.000000,182.000000,0.029449,5234663936.000000,0.406702,0,1
52,51,53,46,45,42,34,30,
314.000000,192.000000,0.024478,155172944.000000,0.780276,0,1
19,18,24,17,23,29,17,17,
358.000000,193.000000,0.019138,2851908096.000000,0.379832,0,1
31,26,31,18,21,24,18,15,
420.000000,196.000000,0.021841,175271808.000000,0.263333,0,1
23,25,25,23,23,22,21,19,
397.000000,139.000000,0.021000,206208048.000000,0.195001,0,1
35,37,39,40,42,43,53,149,
324.000000,175.000000,0.028445,28695920640.000000,0.804386,0,1
23,41,17,43,29,16,35,27,
331.000000,175.000000,0.027621,18280937472.000000,0.795037,0,1
31,23,40,18,41,54,29,38,
345.000000,168.000000,0.022220,134820020224.000000,0.485178,0,1
62,107,35,96,63,46,82,53,
