# timestamp
1608635174191906816

# fx, fy, cx, cy, width, height, npoints
501.482056,501.475647,421.797180,167.661957,800,400,521

# camToWorld: translation vector, rotation quaternion
-29.032953,83.955080,3.893117,0.414684,0.595224,-0.572097,-0.382688

# Exposure time (ms)
9.785718

# Point Cloud Data : 
# u,v,idepth_scaled,idepth_hessian,maxRelBaseline,numGoodRes,status 
# color information 
739.000000,131.000000,0.090244,1684786048.000000,0.518828,0,1
250,238,189,192,138,83,83,37,
422.000000,135.000000,0.079266,140190128.000000,0.211599,0,1
34,36,90,34,141,232,113,220,
735.000000,145.000000,0.092033,1491165568.000000,0.490138,0,1
240,245,166,222,169,79,118,37,
577.000000,150.000000,0.084613,680076672.000000,0.236481,0,1
52,47,134,39,122,175,74,86,
740.000000,165.000000,0.086594,147264848.000000,0.507909,0,1
18,21,18,41,30,23,66,28,
672.000000,170.000000,0.086583,1725493376.000000,0.414061,0,1
203,133,254,49,179,253,64,59,
737.000000,200.000000,0.092297,251023424.000000,0.505614,0,1
21,28,27,93,93,57,164,201,
727.000000,201.000000,0.092965,917666176.000000,0.323247,0,1
104,172,88,222,140,66,195,158,
740.000000,204.000000,0.090566,2853817344.000000,0.540827,0,1
133,172,103,135,105,59,59,25,
512.000000,216.000000,0.078076,131019840.000000,0.203084,0,1
25,54,26,92,60,30,66,28,
740.000000,219.000000,0.091482,1190554368.000000,0.553586,0,1
29,25,27,33,53,56,83,132,
739.000000,226.000000,0.092336,2123751424.000000,0.519570,0,1
54,89,155,56,115,167,64,66,
730.000000,278.000000,0.151128,25530790.000000,0.846340,0,1
53,66,52,80,62,52,66,60,
674.000000,26.000000,0.212120,750797.125000,0.444279,0,1
14,16,15,16,15,12,15,11,
694.000000,26.000000,0.210706,689386.562500,0.733321,0,1
16,16,14,16,14,11,15,10,
652.000000,30.000000,0.209546,791923.000000,0.652733,0,1
16,16,14,16,14,11,15,12,
620.000000,32.000000,0.204119,525142.875000,0.581138,0,1
13,11,13,9,11,16,10,12,
590.000000,34.000000,0.209017,551675.187500,0.339300,0,1
14,16,13,18,14,10,15,13,
699.000000,107.000000,0.087294,195109248.000000,0.286388,0,1
22,23,32,35,95,141,127,214,
723.000000,108.000000,0.090295,1956552064.000000,0.500278,0,1
58,153,66,244,126,40,155,51,
609.000000,115.000000,0.086313,1389633920.000000,0.299240,0,1
146,105,219,45,156,200,50,54,
709.000000,118.000000,0.090744,2756412672.000000,0.454069,0,1
137,192,73,243,134,48,202,135,
710.000000,119.000000,0.090643,3382511104.000000,0.481794,0,1
73,134,48,202,78,32,135,76,
726.000000,119.000000,0.088777,865587840.000000,0.496295,0,1
19,23,26,45,55,44,171,229,
726.000000,120.000000,0.088192,1327621376.000000,0.493679,0,1
25,52,49,165,154,86,240,248,
708.000000,122.000000,0.090402,2129105792.000000,0.477614,0,1
199,244,132,249,180,67,146,38,
733.000000,124.000000,0.095810,5752980.500000,0.176184,0,1
29,51,62,124,177,215,232,255,
718.000000,127.000000,0.090685,1625404928.000000,0.492786,0,1
38,35,121,48,135,240,198,255,
703.000000,138.000000,0.093072,43218920.000000,0.156603,0,1
26,60,51,161,150,84,254,255,
729.000000,142.000000,0.091071,3783593472.000000,0.510722,0,1
80,42,123,28,84,193,46,86,
690.000000,172.000000,0.090276,2663369728.000000,0.457112,0,1
64,166,56,250,141,45,246,188,
730.000000,174.000000,0.090340,6307561472.000000,0.514764,0,1
194,225,106,253,150,56,197,131,
702.000000,179.000000,0.090621,2311612928.000000,0.478785,0,1
102,216,88,250,159,55,196,101,
724.000000,180.000000,0.091431,1318783104.000000,0.513597,0,1
243,137,227,40,115,207,28,30,
689.000000,188.000000,0.087664,2515289088.000000,0.452232,0,1
24,24,84,23,76,181,58,103,
689.000000,190.000000,0.087335,2035722880.000000,0.451960,0,1
76,58,158,25,103,221,30,28,
705.000000,202.000000,0.089662,1617856000.000000,0.490732,0,1
103,63,144,33,93,156,36,25,
700.000000,219.000000,0.084326,89524784.000000,0.200161,0,1
26,51,60,86,124,136,131,118,
680.000000,251.000000,0.118416,694538816.000000,0.611363,0,1
90,123,84,147,116,81,145,141,
687.000000,260.000000,0.127462,95264296.000000,0.667676,0,1
63,79,62,90,79,64,90,90,
667.000000,282.000000,0.157664,4058781.500000,0.774442,0,1
40,38,36,47,41,36,49,57,
666.000000,292.000000,0.166414,8025315.500000,0.820998,0,1
38,40,38,50,48,47,54,57,
699.000000,294.000000,0.167635,16542042.000000,0.882762,0,1
45,43,44,57,52,50,63,61,
560.000000,122.000000,0.081773,491955552.000000,0.203396,0,1
38,40,114,38,126,172,112,177,
667.000000,145.000000,0.089297,710957568.000000,0.314991,0,1
69,191,69,255,180,56,238,216,
465.000000,146.000000,0.080878,15965833.000000,0.065780,0,1
229,198,169,72,120,56,40,26,
541.000000,200.000000,0.081455,508008288.000000,0.204979,0,1
60,173,50,225,99,41,112,50,
476.000000,44.000000,0.185834,33341292.000000,0.632591,0,1
20,29,24,48,46,26,58,54,
469.000000,45.000000,0.188690,17313758.000000,0.620667,0,1
22,25,34,20,33,42,21,22,
440.000000,46.000000,0.188276,23730958.000000,0.560904,0,1
21,23,23,27,33,28,56,61,
459.000000,46.000000,0.183293,18895856.000000,0.307362,0,1
24,41,29,63,53,32,66,63,
624.000000,48.000000,0.179290,602267.375000,0.624492,0,1
11,11,10,11,10,9,11,9,
426.000000,49.000000,0.180567,30890296.000000,0.575479,0,1
22,34,26,54,45,31,54,52,
484.000000,50.000000,0.173249,31907576.000000,0.591657,0,1
19,32,19,49,33,20,47,45,
418.000000,58.000000,0.165017,23234528.000000,0.370865,0,1
67,63,71,49,62,75,49,56,
394.000000,59.000000,0.161963,23000758.000000,0.309619,0,1
28,35,35,25,32,40,23,25,
409.000000,59.000000,0.178783,13610008.000000,0.613315,0,1
40,38,44,36,44,55,43,53,
459.000000,59.000000,0.159128,50497100.000000,0.239811,0,1
77,138,107,118,151,145,129,146,
462.000000,59.000000,0.157290,67953504.000000,0.237041,0,1
39,78,46,160,116,60,187,217,
480.000000,60.000000,0.149013,89730088.000000,0.257286,0,1
27,44,27,75,41,28,55,50,
389.000000,67.000000,0.146903,24239416.000000,0.221920,0,1
24,33,28,51,47,40,51,41,
409.000000,67.000000,0.135705,64115176.000000,0.206348,0,1
82,61,107,54,106,145,56,44,
192.000000,68.000000,0.223979,361124.687500,1.970268,0,1
8,8,8,9,9,10,12,13,
200.000000,68.000000,0.200925,170212.031250,0.832251,0,1
9,9,9,10,9,9,11,13,
369.000000,68.000000,0.148126,8470341.000000,0.225356,0,1
27,28,32,17,21,28,16,18,
360.000000,70.000000,0.144681,2811347.000000,0.223534,0,1
20,22,24,16,17,21,14,15,
389.000000,70.000000,0.142259,71787048.000000,0.237350,0,1
60,32,52,22,24,36,24,26,
453.000000,73.000000,0.155847,20137830.000000,0.234867,0,1
96,108,117,141,162,180,237,255,
410.000000,77.000000,0.140756,135650144.000000,0.262407,0,1
54,63,90,72,157,207,223,255,
486.000000,78.000000,0.137525,59203676.000000,0.418985,0,1
59,69,65,80,79,73,96,103,
500.000000,78.000000,0.135270,9092749.000000,0.444005,0,1
33,37,33,41,37,34,41,42,
490.000000,79.000000,0.135974,72676512.000000,0.421887,0,1
56,68,58,82,70,61,86,80,
409.000000,80.000000,0.134130,403105920.000000,0.459299,0,1
223,172,255,59,144,211,61,63,
458.000000,88.000000,0.146332,63408808.000000,0.262834,0,1
196,210,208,226,225,221,245,255,
490.000000,88.000000,0.136255,109499744.000000,0.415849,0,1
103,120,108,137,126,116,151,151,
469.000000,89.000000,0.145481,62780968.000000,0.230373,0,1
192,210,207,230,230,222,248,254,
478.000000,89.000000,0.141468,84109120.000000,0.224898,0,1
154,176,172,200,196,189,226,232,
491.000000,91.000000,0.135661,68992768.000000,0.413906,0,1
136,151,135,157,138,121,144,136,
439.000000,98.000000,0.130761,217137552.000000,0.278885,0,1
255,255,255,192,181,169,77,43,
409.000000,99.000000,0.125549,52066176.000000,0.404351,0,1
85,81,98,75,94,114,62,31,
430.000000,100.000000,0.129396,188493200.000000,0.309011,0,1
219,119,106,43,43,42,36,35,
680.000000,108.000000,0.089712,75341472.000000,0.439001,0,1
20,25,18,76,27,18,36,21,
591.000000,109.000000,0.086409,62336348.000000,0.270992,0,1
26,30,28,39,36,33,55,121,
659.000000,109.000000,0.087736,67156104.000000,0.391080,0,1
26,25,30,34,73,117,114,249,
597.000000,112.000000,0.082772,1047350464.000000,0.385485,0,1
33,74,47,181,143,51,218,128,
641.000000,114.000000,0.086525,389360608.000000,0.359001,0,1
21,24,35,27,79,94,118,195,
518.000000,119.000000,0.084741,70263760.000000,0.130403,0,1
255,255,171,252,162,55,131,49,
550.000000,125.000000,0.080185,426399200.000000,0.182698,0,1
139,160,73,96,75,30,44,25,
225.000000,127.000000,0.068477,135188368.000000,0.105322,0,1
114,84,255,37,128,255,79,224,
288.000000,129.000000,0.068884,242276048.000000,0.764583,0,1
21,24,36,36,68,64,95,114,
329.000000,129.000000,0.090034,5600845.000000,0.029330,0,1
26,56,52,96,178,82,236,255,
368.000000,129.000000,0.075955,9843330.000000,0.417195,0,1
20,24,25,29,28,30,53,150,
221.000000,130.000000,0.060672,114370736.000000,0.068300,0,1
36,44,141,32,168,255,86,155,
331.000000,130.000000,0.067366,80508520.000000,0.101523,0,1
37,144,40,255,145,21,249,134,
418.000000,130.000000,0.073258,77946776.000000,0.109011,0,1
191,255,72,218,134,33,92,34,
662.000000,130.000000,0.088795,1572925056.000000,0.399579,0,1
113,199,86,242,127,58,166,63,
672.000000,130.000000,0.087041,616366016.000000,0.313115,0,1
25,37,104,43,161,231,129,240,
329.000000,133.000000,0.072217,207116832.000000,0.357011,0,1
255,195,222,52,133,71,38,19,
444.000000,133.000000,0.076835,169484416.000000,0.145855,0,1
33,55,37,171,121,40,222,171,
658.000000,133.000000,0.088072,666316416.000000,0.389997,0,1
255,251,223,238,177,101,91,31,
263.000000,135.000000,0.069194,54417092.000000,0.067026,0,1
248,117,238,38,151,242,51,86,
241.000000,136.000000,0.066738,1358018048.000000,0.646677,0,1
32,112,34,173,98,30,164,157,
134.000000,138.000000,0.060336,164862384.000000,0.123190,0,1
35,45,42,101,93,37,174,164,
600.000000,138.000000,0.083938,482078240.000000,0.393540,0,1
243,171,219,56,114,194,36,30,
34.000000,139.000000,0.058675,162878480.000000,0.174946,0,1
29,29,29,35,59,63,43,33,
93.000000,139.000000,0.062025,90185936.000000,0.166765,0,1
29,26,28,23,36,30,42,54,
113.000000,139.000000,0.059793,294952448.000000,0.149508,0,1
33,38,32,67,104,52,145,192,
126.000000,139.000000,0.056757,73300496.000000,0.130894,0,1
34,70,37,67,45,22,29,19,
647.000000,139.000000,0.086920,857810880.000000,0.368239,0,1
238,219,244,82,136,192,48,71,
203.000000,140.000000,0.065919,258909808.000000,0.319488,0,1
27,49,80,106,179,227,209,235,
685.000000,140.000000,0.088589,1736774144.000000,0.437136,0,1
220,127,217,50,154,235,57,45,
453.000000,141.000000,0.074717,261335328.000000,0.151306,0,1
234,152,251,36,146,229,35,31,
648.000000,142.000000,0.087133,1520036096.000000,0.370601,0,1
122,71,186,29,110,171,29,20,
570.000000,144.000000,0.083278,577657408.000000,0.341237,0,1
231,243,128,166,125,38,42,24,
659.000000,145.000000,0.087089,710601600.000000,0.301140,0,1
24,25,97,22,108,232,63,167,
420.000000,146.000000,0.070463,167292240.000000,0.105806,0,1
49,179,43,255,140,39,238,159,
549.000000,146.000000,0.081024,258497008.000000,0.299058,0,1
33,102,49,182,138,55,203,250,
482.000000,148.000000,0.076679,33078752.000000,0.108945,0,1
24,31,42,47,88,143,136,209,
58.000000,149.000000,0.054017,38788568.000000,0.110747,0,1
224,206,214,118,144,167,65,42,
391.000000,149.000000,0.074778,121685208.000000,0.317906,0,1
25,37,28,70,69,26,141,97,
187.000000,150.000000,0.062495,93451744.000000,0.094181,0,1
25,60,78,94,198,103,221,231,
303.000000,150.000000,0.066477,8458640.000000,0.017102,0,1
87,173,59,203,116,29,167,138,
339.000000,150.000000,0.078704,447941.375000,0.027826,0,1
23,33,26,136,93,36,254,255,
209.000000,151.000000,0.064942,192905888.000000,0.304731,0,1
20,36,24,85,99,29,164,181,
341.000000,151.000000,0.069587,1956701.375000,0.026288,0,1
23,60,26,244,124,27,252,231,
544.000000,151.000000,0.078282,74788584.000000,0.143905,0,1
142,90,204,44,137,170,54,120,
145.000000,152.000000,0.062133,115220992.000000,0.250096,0,1
17,24,19,48,78,33,131,170,
259.000000,152.000000,0.062742,18390104.000000,0.042200,0,1
30,56,84,140,140,216,160,169,
657.000000,152.000000,0.087497,179836048.000000,0.293819,0,1
36,35,79,43,129,221,174,252,
106.000000,153.000000,0.060816,146070368.000000,0.157274,0,1
58,114,39,143,89,25,123,110,
215.000000,153.000000,0.066063,78198568.000000,0.182194,0,1
22,50,30,130,110,46,176,108,
299.000000,153.000000,0.068642,1012780160.000000,0.440740,0,1
106,46,204,30,139,236,65,75,
616.000000,153.000000,0.084287,264477584.000000,0.422305,0,1
29,39,57,65,155,190,220,250,
73.000000,154.000000,0.057855,449543616.000000,0.151941,0,1
46,111,39,175,90,36,177,225,
132.000000,154.000000,0.058353,121188592.000000,0.264082,0,1
19,36,23,126,109,38,181,171,
179.000000,154.000000,0.063409,461082080.000000,0.352354,0,1
146,185,81,101,88,28,43,24,
469.000000,155.000000,0.075941,22443408.000000,0.067510,0,1
92,86,204,33,169,229,35,38,
539.000000,156.000000,0.081891,758905216.000000,0.287850,0,1
33,31,152,24,95,222,53,76,
69.000000,157.000000,0.057763,969458752.000000,0.153910,0,1
157,111,208,61,145,223,78,108,
480.000000,158.000000,0.083456,111541312.000000,0.208359,0,1
244,218,209,120,166,136,71,31,
256.000000,160.000000,0.065000,129558864.000000,0.226042,0,1
211,219,194,170,163,109,53,26,
306.000000,160.000000,0.068595,507510336.000000,0.668498,0,1
171,152,105,103,91,63,30,21,
419.000000,160.000000,0.071541,38925476.000000,0.214105,0,1
255,130,96,41,42,36,33,32,
210.000000,161.000000,0.060766,82062592.000000,0.297015,0,1
185,184,143,107,91,61,37,23,
70.000000,162.000000,0.057057,133297120.000000,0.151565,0,1
183,144,183,88,119,108,38,23,
125.000000,162.000000,0.060763,58109844.000000,0.267941,0,1
171,124,139,56,73,63,24,19,
266.000000,167.000000,0.066319,7274566.000000,0.042791,0,1
23,26,26,52,65,59,241,255,
570.000000,167.000000,0.083626,999605888.000000,0.343724,0,1
20,40,22,136,50,20,100,39,
672.000000,167.000000,0.086522,1830618112.000000,0.413098,0,1
21,47,108,45,153,227,127,213,
141.000000,168.000000,0.062893,44899248.000000,0.259804,0,1
20,29,24,65,75,35,166,159,
175.000000,168.000000,0.060695,30155376.000000,0.115324,0,1
17,35,36,88,108,89,186,198,
220.000000,168.000000,0.065524,157024992.000000,0.289480,0,1
22,32,27,85,109,62,144,159,
287.000000,168.000000,0.066155,12807847.000000,0.049685,0,1
22,57,45,135,131,107,211,174,
59.000000,169.000000,0.054387,228849488.000000,0.149815,0,1
26,51,82,57,131,187,117,188,
429.000000,169.000000,0.078488,145136352.000000,0.203479,0,1
67,155,51,177,119,76,193,120,
634.000000,169.000000,0.084968,128920480.000000,0.160191,0,1
21,34,85,53,155,229,189,232,
539.000000,171.000000,0.077254,600891968.000000,0.164399,0,1
179,188,119,159,117,40,89,33,
261.000000,172.000000,0.065264,14278438.000000,0.141103,0,1
170,113,248,29,118,191,27,22,
342.000000,172.000000,0.058056,6235298.500000,0.029581,0,1
255,253,255,175,207,197,49,26,
365.000000,172.000000,0.066497,7046518.500000,0.051889,0,1
242,152,224,46,147,170,37,28,
391.000000,174.000000,0.069924,123893696.000000,0.315924,0,1
54,43,54,28,48,32,29,28,
36.000000,175.000000,0.060354,226462656.000000,0.180327,0,1
25,36,45,48,72,75,82,102,
47.000000,175.000000,0.057239,287294272.000000,0.164801,0,1
102,109,76,80,76,47,51,37,
449.000000,175.000000,0.075229,170930672.000000,0.148547,0,1
32,55,31,146,93,31,181,149,
548.000000,175.000000,0.082181,178260912.000000,0.192744,0,1
22,28,35,61,117,86,148,197,
663.000000,175.000000,0.087427,663130560.000000,0.404943,0,1
26,39,61,74,137,143,203,247,
302.000000,176.000000,0.068409,768008832.000000,0.695125,0,1
19,52,21,130,82,19,160,103,
615.000000,176.000000,0.084221,296271648.000000,0.421942,0,1
18,25,24,48,74,39,154,217,
91.000000,178.000000,0.060769,462333728.000000,0.151438,0,1
103,132,51,149,95,27,92,42,
129.000000,178.000000,0.062008,31463204.000000,0.281626,0,1
18,19,19,24,33,36,57,89,
620.000000,179.000000,0.084685,2201133312.000000,0.433605,0,1
18,40,18,114,30,18,75,58,
278.000000,180.000000,0.067729,29312612.000000,0.042087,0,1
234,189,197,102,128,115,64,111,
354.000000,180.000000,0.069685,580025024.000000,0.282507,0,1
122,66,213,32,151,236,61,60,
538.000000,180.000000,0.081037,1276721920.000000,0.285777,0,1
82,139,41,141,71,26,94,47,
601.000000,180.000000,0.085146,489515776.000000,0.403821,0,1
247,171,244,43,118,184,63,37,
51.000000,181.000000,0.056013,136188656.000000,0.159504,0,1
75,56,57,82,118,104,160,178,
89.000000,181.000000,0.057205,44159728.000000,0.161980,0,1
105,60,52,81,116,92,141,168,
649.000000,182.000000,0.085760,583743488.000000,0.382619,0,1
207,176,176,101,132,103,42,28,
49.000000,184.000000,0.056545,754853248.000000,0.162402,0,1
130,103,169,63,128,163,60,40,
454.000000,184.000000,0.078705,196707120.000000,0.166946,0,1
34,50,51,123,133,129,203,218,
183.000000,186.000000,0.062986,432323456.000000,0.349585,0,1
49,40,86,27,76,108,36,35,
325.000000,186.000000,0.068331,79396008.000000,0.105208,0,1
44,34,124,25,115,174,61,131,
35.000000,187.000000,0.057219,44413088.000000,0.171799,0,1
91,91,70,62,57,41,33,29,
658.000000,187.000000,0.086145,2444499456.000000,0.400057,0,1
159,116,224,79,169,246,96,155,
560.000000,188.000000,0.081025,304549856.000000,0.220541,0,1
143,146,90,88,71,29,40,38,
521.000000,189.000000,0.081271,444935808.000000,0.264235,0,1
54,130,42,213,118,36,250,229,
541.000000,189.000000,0.081255,838324992.000000,0.292895,0,1
35,41,93,55,135,195,172,237,
82.000000,190.000000,0.054141,255850416.000000,0.159494,0,1
48,73,43,83,69,38,82,78,
390.000000,192.000000,0.073743,824736192.000000,0.352542,0,1
85,135,38,169,77,28,136,74,
31.000000,193.000000,0.054665,201019312.000000,0.166093,0,1
89,99,78,103,85,56,103,101,
358.000000,193.000000,0.056461,4836183.000000,0.048610,0,1
165,80,158,36,100,149,45,72,
624.000000,193.000000,0.084548,182752800.000000,0.343763,0,1
232,201,163,159,111,72,53,28,
280.000000,194.000000,0.067556,319119232.000000,0.205852,0,1
139,64,165,30,105,145,36,31,
468.000000,194.000000,0.077925,165792544.000000,0.185328,0,1
44,49,51,68,106,81,234,255,
59.000000,196.000000,0.058684,134072824.000000,0.165135,0,1
81,99,127,64,72,78,31,24,
149.000000,196.000000,0.061070,54081592.000000,0.250011,0,1
22,22,20,60,54,36,112,58,
307.000000,196.000000,0.067439,16983432.000000,0.044449,0,1
143,162,73,75,112,31,46,28,
102.000000,197.000000,0.061843,52845600.000000,0.162740,0,1
76,108,106,71,71,65,34,23,
197.000000,198.000000,0.060739,38955128.000000,0.091843,0,1
170,172,190,118,139,144,45,24,
268.000000,200.000000,0.069617,69393440.000000,0.140299,0,1
184,174,166,85,90,85,34,30,
595.000000,200.000000,0.084707,1140922624.000000,0.395589,0,1
62,51,149,34,131,195,62,92,
387.000000,201.000000,0.073643,101245896.000000,0.375538,0,1
45,45,45,111,77,56,82,43,
486.000000,201.000000,0.085136,29325304.000000,0.132120,0,1
58,39,78,32,56,88,37,70,
615.000000,201.000000,0.082671,1714852352.000000,0.417798,0,1
48,135,50,185,111,36,123,50,
53.000000,202.000000,0.056846,114752696.000000,0.163404,0,1
28,27,29,31,52,64,43,42,
391.000000,202.000000,0.076226,52071504.000000,0.373329,0,1
51,65,68,53,64,57,41,37,
447.000000,202.000000,0.076751,87282712.000000,0.160737,0,1
49,46,51,83,84,84,145,117,
108.000000,203.000000,0.058274,27205176.000000,0.150425,0,1
26,28,27,39,49,35,75,58,
427.000000,203.000000,0.078186,307281440.000000,0.266149,0,1
158,152,206,99,134,134,66,57,
673.000000,203.000000,0.087693,1066128704.000000,0.439180,0,1
33,48,79,49,101,133,82,90,
110.000000,204.000000,0.059933,50823336.000000,0.149543,0,1
25,43,26,79,52,31,53,30,
519.000000,204.000000,0.079855,147693296.000000,0.260685,0,1
32,31,35,60,66,84,99,68,
38.000000,205.000000,0.057981,26730512.000000,0.174866,0,1
36,30,32,54,43,34,47,61,
64.000000,205.000000,0.057829,22862160.000000,0.161268,0,1
19,20,18,39,36,33,56,65,
146.000000,205.000000,0.058542,72862272.000000,0.248709,0,1
38,45,81,33,90,121,47,47,
173.000000,206.000000,0.061952,89617280.000000,0.373307,0,1
22,22,20,45,51,27,66,32,
286.000000,208.000000,0.059897,53913736.000000,0.051759,0,1
41,83,83,156,161,150,230,234,
98.000000,210.000000,0.059890,17945618.000000,0.172576,0,1
47,65,65,84,83,82,92,91,
104.000000,210.000000,0.059507,12272629.000000,0.167667,0,1
55,67,67,83,85,87,94,96,
292.000000,210.000000,0.065272,77552880.000000,0.099258,0,1
37,144,24,197,80,18,49,57,
649.000000,210.000000,0.085143,52584456.000000,0.398123,0,1
120,54,55,28,28,28,26,24,
246.000000,211.000000,0.067097,88775784.000000,0.655282,0,1
19,25,25,59,56,54,77,100,
149.000000,212.000000,0.063879,9971874.000000,0.263829,0,1
53,53,49,61,63,62,69,77,
323.000000,213.000000,0.070581,96877600.000000,0.641138,0,1
20,28,30,74,69,68,87,107,
390.000000,213.000000,0.073939,61142956.000000,0.386486,0,1
63,51,78,54,67,78,36,40,
529.000000,213.000000,0.074951,14829805.000000,0.258600,0,1
61,57,56,35,36,36,26,23,
213.000000,217.000000,0.064659,35356992.000000,0.313666,0,1
96,124,110,109,107,93,85,93,
578.000000,217.000000,0.080872,80919704.000000,0.129447,0,1
39,38,106,22,92,144,36,32,
659.000000,217.000000,0.086799,187072160.000000,0.424155,0,1
35,28,29,32,46,51,73,83,
136.000000,218.000000,0.074007,1235500.000000,0.305568,0,1
67,59,60,63,65,69,74,63,
460.000000,218.000000,0.078809,117480944.000000,0.231225,0,1
44,38,31,66,60,53,90,108,
560.000000,218.000000,0.078632,108142960.000000,0.199258,0,1
125,134,108,68,67,49,36,39,
427.000000,219.000000,0.078779,219703424.000000,0.301223,0,1
45,60,58,88,97,93,117,115,
532.000000,219.000000,0.084835,105600656.000000,0.303923,0,1
19,21,18,43,36,29,52,65,
621.000000,219.000000,0.083207,632294400.000000,0.435965,0,1
25,73,30,93,74,29,39,27,
325.000000,220.000000,0.082501,36960660.000000,0.723393,0,1
120,124,125,115,106,100,91,84,
510.000000,220.000000,0.081382,114546696.000000,0.260203,0,1
29,51,31,74,52,44,83,103,
227.000000,221.000000,0.081788,20065224.000000,0.863020,0,1
100,103,99,86,84,74,70,68,
540.000000,221.000000,0.084614,259507616.000000,0.315695,0,1
28,42,45,64,67,70,104,109,
559.000000,222.000000,0.086926,77046416.000000,0.355509,0,1
42,56,50,86,82,79,116,101,
209.000000,223.000000,0.081109,22511882.000000,0.394572,0,1
72,66,70,73,79,90,91,84,
142.000000,225.000000,0.082065,895914.187500,0.529762,0,1
57,57,57,54,52,50,46,43,
308.000000,225.000000,0.089557,34124924.000000,0.874539,0,1
99,97,103,97,87,77,75,71,
104.000000,226.000000,0.084261,4142441.750000,0.224722,0,1
68,67,64,58,53,53,49,48,
417.000000,226.000000,0.089848,70514928.000000,0.378321,0,1
111,111,106,99,92,84,82,76,
190.000000,229.000000,0.085694,9472495.000000,0.457706,0,1
56,66,72,58,58,55,52,50,
246.000000,229.000000,0.089474,3628894.250000,0.848580,0,1
59,65,61,63,57,50,50,50,
409.000000,229.000000,0.094897,21261356.000000,0.427097,0,1
83,83,85,80,82,76,71,63,
664.000000,229.000000,0.098506,294891008.000000,0.360241,0,1
140,181,139,228,180,140,226,202,
128.000000,230.000000,0.091338,910452.875000,0.378548,0,1
51,45,48,44,45,47,41,39,
533.000000,230.000000,0.094536,395593216.000000,0.350963,0,1
160,156,129,154,127,108,128,104,
608.000000,230.000000,0.096181,22497552.000000,0.493440,0,1
117,116,118,107,108,111,100,92,
658.000000,230.000000,0.094412,184229024.000000,0.331219,0,1
210,173,216,143,193,230,140,136,
290.000000,231.000000,0.092552,10357375.000000,1.037112,0,1
71,75,70,69,63,58,57,55,
629.000000,232.000000,0.099027,31572466.000000,0.553845,0,1
116,113,112,100,98,106,93,99,
218.000000,233.000000,0.090102,11014716.000000,0.986409,0,1
64,61,59,57,53,55,47,47,
157.000000,237.000000,0.089428,2554775.000000,0.562868,0,1
40,44,43,40,36,34,33,32,
272.000000,237.000000,0.095386,13929034.000000,1.162974,0,1
73,71,63,56,49,47,46,47,
391.000000,238.000000,0.099941,46489188.000000,0.534498,0,1
66,84,70,93,73,56,66,51,
389.000000,239.000000,0.100272,57532736.000000,0.173653,0,1
87,94,84,87,75,57,66,52,
672.000000,240.000000,0.107331,359658528.000000,0.545160,0,1
111,149,109,186,145,110,174,166,
480.000000,242.000000,0.102519,11287195.000000,0.342462,0,1
79,76,74,68,69,66,64,60,
607.000000,243.000000,0.110213,36261728.000000,0.583286,0,1
71,67,68,63,58,61,50,63,
369.000000,246.000000,0.107712,35358928.000000,0.681388,0,1
48,49,55,49,62,74,66,71,
39.000000,248.000000,0.106050,3387134.000000,0.354212,0,1
29,28,29,33,36,36,39,37,
228.000000,248.000000,0.110945,3884998.250000,1.111554,0,1
39,37,40,39,46,53,52,46,
93.000000,249.000000,0.106051,2218666.500000,0.305141,0,1
32,30,29,33,33,39,40,41,
63.000000,250.000000,0.105933,6418277.000000,0.332923,0,1
34,32,33,38,38,38,43,40,
230.000000,250.000000,0.108813,7622349.500000,1.080639,0,1
53,53,46,46,38,36,36,35,
370.000000,250.000000,0.111976,47189044.000000,0.703233,0,1
70,66,56,61,50,49,46,46,
520.000000,250.000000,0.114623,189251504.000000,0.427999,0,1
85,88,66,91,70,59,73,59,
87.000000,251.000000,0.108100,1116854.250000,0.325704,0,1
33,34,35,35,38,44,44,42,
359.000000,251.000000,0.113964,23762412.000000,0.772042,0,1
42,43,49,45,55,64,59,63,
58.000000,252.000000,0.105241,7299913.000000,0.335941,0,1
40,41,42,35,37,38,33,30,
364.000000,252.000000,0.114152,37522196.000000,0.747131,0,1
69,67,65,64,59,49,49,43,
141.000000,255.000000,0.112075,19602400.000000,0.458943,0,1
30,32,29,43,40,37,52,49,
439.000000,256.000000,0.118172,2379770.250000,0.498764,0,1
49,50,49,58,56,54,60,58,
134.000000,257.000000,0.115939,42092540.000000,0.489453,0,1
46,53,52,42,42,44,30,27,
198.000000,257.000000,0.119606,7709831.000000,1.387792,0,1
31,31,34,33,41,45,46,50,
455.000000,257.000000,0.122333,1154301.000000,0.449786,0,1
52,51,55,50,57,58,58,59,
152.000000,258.000000,0.115584,39224236.000000,0.723039,0,1
36,43,38,34,34,31,24,23,
186.000000,258.000000,0.117265,8775388.000000,0.630784,0,1
32,34,32,40,38,36,47,41,
614.000000,258.000000,0.123383,12763697.000000,0.696110,0,1
63,58,61,52,53,54,48,45,
209.000000,259.000000,0.119524,24173566.000000,1.302775,0,1
30,30,28,36,33,30,43,43,
461.000000,259.000000,0.113458,1691370.375000,0.490262,0,1
59,60,59,68,64,57,67,62,
200.000000,261.000000,0.117647,19974010.000000,1.351790,0,1
46,47,46,37,39,42,32,30,
248.000000,261.000000,0.122714,11671199.000000,1.633698,0,1
34,29,33,31,32,36,41,47,
459.000000,262.000000,0.129554,3113437.750000,0.495076,0,1
64,61,61,54,56,54,50,48,
665.000000,263.000000,0.085924,15297113.000000,0.486271,0,1
70,84,74,80,79,69,70,67,
257.000000,264.000000,0.123819,13124907.000000,1.563684,0,1
38,45,46,39,41,42,32,29,
510.000000,265.000000,0.128932,110761456.000000,0.486009,0,1
62,64,50,67,50,43,53,43,
530.000000,266.000000,0.128281,4766786.500000,0.528239,0,1
48,49,48,46,46,45,42,40,
341.000000,269.000000,0.132596,45981344.000000,1.006523,0,1
35,39,38,51,48,46,54,46,
360.000000,269.000000,0.134169,42730732.000000,0.903551,0,1
47,46,46,46,51,44,58,66,
350.000000,271.000000,0.132230,39461996.000000,0.959059,0,1
47,55,56,51,59,68,44,40,
227.000000,273.000000,0.134592,3033172.250000,1.311251,0,1
36,35,38,36,41,44,42,37,
365.000000,273.000000,0.134900,46413256.000000,0.893147,0,1
59,64,65,49,56,59,43,45,
396.000000,276.000000,0.136617,20494422.000000,0.762755,0,1
44,43,44,35,34,34,32,31,
412.000000,277.000000,0.139172,35856192.000000,0.711072,0,1
52,49,50,36,39,40,34,34,
421.000000,277.000000,0.139560,23264838.000000,0.683144,0,1
53,55,54,50,51,50,43,41,
474.000000,278.000000,0.146036,27267558.000000,0.575436,0,1
38,40,40,50,48,46,61,61,
456.000000,279.000000,0.144745,39090364.000000,0.607454,0,1
52,65,60,62,60,56,50,42,
484.000000,279.000000,0.146343,31534498.000000,0.568957,0,1
38,44,41,54,51,48,62,57,
227.000000,280.000000,0.117069,8166156.000000,1.223040,0,1
32,34,33,32,28,26,25,25,
252.000000,280.000000,0.127302,2171569.750000,1.679020,0,1
33,32,31,32,31,26,29,22,
454.000000,280.000000,0.143042,41869076.000000,0.613643,0,1
66,61,63,49,48,49,40,40,
481.000000,281.000000,0.144207,34165616.000000,0.578499,0,1
55,62,63,53,56,57,42,38,
506.000000,281.000000,0.148672,35228116.000000,0.590927,0,1
36,38,37,52,52,52,56,52,
493.000000,282.000000,0.145625,50527176.000000,0.572738,0,1
65,62,65,52,54,56,42,40,
292.000000,284.000000,0.074558,4978174.000000,0.968360,0,1
29,31,31,28,29,29,26,26,
430.000000,286.000000,0.101159,12479750.000000,0.564030,0,1
45,44,44,46,48,43,48,40,
537.000000,286.000000,0.148907,24320344.000000,0.679824,0,1
45,49,47,42,42,41,38,37,
550.000000,287.000000,0.150036,4337164.000000,0.604297,0,1
44,46,44,37,38,38,35,35,
599.000000,288.000000,0.156756,49919864.000000,0.920211,0,1
38,40,39,50,50,47,53,47,
603.000000,288.000000,0.155869,43101848.000000,0.926817,0,1
41,39,39,47,44,40,52,49,
572.000000,289.000000,0.153532,25725004.000000,0.640443,0,1
56,53,54,47,43,40,41,37,
600.000000,290.000000,0.155093,54080504.000000,0.913684,0,1
49,55,54,46,49,49,39,38,
636.000000,293.000000,0.158449,6083456.500000,0.751805,0,1
49,49,51,38,40,43,36,37,
653.000000,294.000000,0.161686,6470233.000000,0.791129,0,1
52,56,55,44,46,49,39,38,
596.000000,290.000000,0.154121,63664208.000000,0.893507,0,1
50,51,53,44,43,46,39,37,
216.000000,288.000000,0.148200,18426962.000000,1.507556,0,1
25,26,26,22,20,24,12,15,
547.000000,286.000000,0.151592,6409586.000000,0.602623,0,1
44,49,47,48,48,46,37,34,
480.000000,47.000000,0.179220,36565808.000000,0.610550,0,1
20,37,21,53,39,22,54,53,
474.000000,281.000000,0.145124,55302768.000000,0.586171,0,1
60,61,61,49,52,55,39,38,
490.000000,55.000000,0.165226,15836345.000000,0.567094,0,1
18,30,18,39,30,19,38,35,
382.000000,59.000000,0.161723,20190250.000000,0.497211,0,1
19,21,20,32,27,23,34,30,
460.000000,280.000000,0.142832,19168418.000000,0.600688,0,1
55,56,53,49,48,46,39,38,
490.000000,279.000000,0.146784,47606936.000000,0.564105,0,1
40,41,48,46,49,58,59,59,
449.000000,65.000000,0.148662,34016740.000000,0.224070,0,1
204,204,236,68,151,219,56,56,
399.000000,67.000000,0.147863,70439136.000000,0.272073,0,1
61,79,89,42,66,90,34,31,
440.000000,276.000000,0.141092,42000360.000000,0.623406,0,1
38,41,40,50,52,49,59,54,
246.000000,273.000000,0.135917,5749557.500000,1.786265,0,1
36,38,34,36,31,25,35,33,
380.000000,272.000000,0.136097,25360506.000000,0.818394,0,1
38,41,39,51,48,47,56,49,
469.000000,72.000000,0.143828,156332896.000000,0.406538,0,1
98,122,122,177,184,190,245,255,
338.000000,271.000000,0.130079,41014508.000000,1.019365,0,1
51,49,52,38,41,44,34,33,
273.000000,271.000000,0.129176,4216895.000000,1.507347,0,1
40,37,36,33,33,30,29,27,
498.000000,269.000000,0.136982,60727184.000000,0.500582,0,1
48,46,57,43,55,66,52,61,
306.000000,269.000000,0.127498,13586168.000000,1.211363,0,1
45,40,41,33,32,32,30,30,
480.000000,89.000000,0.141273,84280312.000000,0.227378,0,1
154,172,168,196,189,177,221,220,
297.000000,264.000000,0.126215,15448972.000000,1.266037,0,1
29,28,27,33,32,33,42,46,
462.000000,262.000000,0.095599,7249936.000000,0.398738,0,1
68,62,66,55,54,62,50,47,
444.000000,98.000000,0.131099,229995360.000000,0.287435,0,1
255,255,249,165,154,139,59,44,
429.000000,99.000000,0.128476,195936480.000000,0.314114,0,1
255,221,219,126,119,106,43,36,
215.000000,260.000000,0.120676,31855826.000000,1.273081,0,1
28,29,28,41,41,39,49,40,
419.000000,100.000000,0.127950,133189544.000000,0.355279,0,1
161,123,126,53,50,46,33,31,
178.000000,258.000000,0.117092,8852763.000000,0.652525,0,1
32,32,33,37,40,41,40,37,
440.000000,256.000000,0.117688,1988224.125000,0.483744,0,1
50,50,50,56,56,51,61,59,
349.000000,256.000000,0.120570,23248336.000000,0.866682,0,1
42,42,48,44,52,60,56,62,
508.000000,255.000000,0.121180,82084592.000000,0.437097,0,1
52,51,63,49,58,75,60,71,
211.000000,255.000000,0.114671,14334503.000000,1.246558,0,1
42,51,50,52,47,39,36,28,
632.000000,110.000000,0.084614,452602144.000000,0.455564,0,1
25,34,32,95,99,58,227,209,
673.000000,110.000000,0.087544,174971200.000000,0.311934,0,1
111,183,153,184,104,52,45,22,
560.000000,112.000000,0.091534,110023632.000000,0.227460,0,1
22,30,27,67,60,27,115,49,
510.000000,253.000000,0.118357,105516960.000000,0.427102,0,1
58,58,77,52,67,82,63,75,
515.000000,246.000000,0.111088,145405568.000000,0.399826,0,1
69,64,84,58,75,94,70,88,
521.000000,245.000000,0.108942,92555952.000000,0.401149,0,1
96,90,75,100,87,68,98,85,
375.000000,243.000000,0.105810,43033952.000000,0.636171,0,1
51,50,57,54,67,77,78,79,
386.000000,241.000000,0.102874,66177648.000000,0.571966,0,1
88,88,74,85,66,54,59,51,
590.000000,240.000000,0.102724,20570762.000000,0.500915,0,1
88,86,81,81,79,75,74,66,
418.000000,240.000000,0.104169,9079592.000000,0.460063,0,1
66,59,61,56,56,56,53,50,
256.000000,239.000000,0.101705,10956974.000000,0.876887,0,1
49,47,49,45,53,59,56,56,
666.000000,238.000000,0.106366,294448384.000000,0.392630,0,1
153,149,154,149,171,170,182,194,
269.000000,237.000000,0.096704,8355317.000000,1.201260,0,1
58,69,72,67,61,51,54,51,
543.000000,236.000000,0.101597,31251244.000000,0.402952,0,1
92,85,88,76,78,83,69,66,
630.000000,232.000000,0.098138,21719584.000000,0.550135,0,1
117,112,114,98,100,109,93,99,
404.000000,232.000000,0.096093,28822540.000000,0.455847,0,1
74,75,72,71,64,58,58,54,
361.000000,232.000000,0.095579,21295732.000000,0.630814,0,1
78,83,77,78,76,68,67,61,
178.000000,232.000000,0.084266,10024075.000000,0.492237,0,1
59,68,70,58,55,50,44,42,
445.000000,231.000000,0.093972,35510520.000000,0.329861,0,1
88,83,92,62,79,101,69,84,
370.000000,231.000000,0.094275,11907966.000000,0.581959,0,1
69,70,66,67,64,57,58,55,
526.000000,230.000000,0.093317,149384240.000000,0.334481,0,1
116,107,136,102,125,152,116,128,
658.000000,226.000000,0.090620,576235136.000000,0.447346,0,1
83,107,116,145,156,157,193,210,
529.000000,226.000000,0.087479,209357056.000000,0.258739,0,1
112,120,145,122,145,173,138,158,
409.000000,136.000000,0.075021,22177984.000000,0.113059,0,1
35,51,29,52,50,26,63,49,
602.000000,223.000000,0.089489,246253184.000000,0.440930,0,1
26,26,39,51,52,56,77,82,
214.000000,223.000000,0.076677,21924136.000000,0.365916,0,1
70,76,70,91,73,58,79,71,
80.000000,139.000000,0.057439,522284224.000000,0.169330,0,1
28,31,23,75,28,19,76,45,
622.000000,220.000000,0.083494,383998048.000000,0.439667,0,1
30,74,29,39,33,22,27,32,
504.000000,220.000000,0.082214,271636128.000000,0.255069,0,1
27,29,52,43,48,73,74,91,
489.000000,220.000000,0.083010,137953424.000000,0.237754,0,1
24,25,27,49,41,45,71,78,
430.000000,220.000000,0.078726,93135112.000000,0.295798,0,1
58,93,85,113,94,82,95,87,
231.000000,220.000000,0.081115,24340372.000000,0.835801,0,1
93,97,87,91,75,72,68,63,
322.000000,141.000000,0.076628,1062486.750000,0.037072,0,1
253,236,214,166,128,63,71,24,
585.000000,217.000000,0.081395,332434080.000000,0.367483,0,1
44,108,54,141,103,39,102,49,
384.000000,145.000000,0.074230,48945024.000000,0.072572,0,1
28,73,34,163,129,34,209,217,
375.000000,147.000000,0.053077,4469017.000000,0.021730,0,1
228,254,91,248,196,32,87,31,
370.000000,212.000000,0.070587,162894000.000000,0.441230,0,1
60,112,59,135,83,34,62,39,
317.000000,212.000000,0.071411,117849872.000000,0.674504,0,1
19,19,18,40,33,30,77,84,
286.000000,211.000000,0.068063,88029248.000000,0.061913,0,1
244,220,235,69,121,123,78,94,
229.000000,211.000000,0.067369,59339676.000000,0.294706,0,1
26,32,25,51,41,30,66,77,
153.000000,211.000000,0.065473,74442232.000000,0.425136,0,1
21,33,25,48,45,48,62,72,
278.000000,210.000000,0.066899,328559936.000000,0.532306,0,1
111,37,108,20,44,93,34,79,
111.000000,210.000000,0.059265,14894162.000000,0.155770,0,1
61,66,67,89,88,84,104,98,
390.000000,153.000000,0.078645,111265320.000000,0.335120,0,1
138,146,98,124,110,42,65,67,
241.000000,209.000000,0.065303,267990240.000000,0.658707,0,1
20,54,22,76,55,21,41,65,
89.000000,154.000000,0.058509,77644032.000000,0.108175,0,1
27,70,35,112,105,41,134,168,
168.000000,156.000000,0.064238,336230304.000000,0.377878,0,1
89,69,116,31,75,80,34,32,
217.000000,206.000000,0.063228,289741664.000000,0.296245,0,1
37,70,44,142,108,47,137,105,
92.000000,157.000000,0.058902,441146560.000000,0.144444,0,1
75,140,88,173,118,52,97,68,
89.000000,204.000000,0.059924,90545608.000000,0.167131,0,1
28,40,64,29,55,69,36,47,
500.000000,203.000000,0.074929,133733472.000000,0.218772,0,1
124,116,62,140,74,54,144,103,
368.000000,202.000000,0.074875,337388128.000000,0.454201,0,1
144,163,163,94,100,101,50,44,
339.000000,201.000000,0.074241,240028336.000000,0.574397,0,1
43,110,160,97,116,138,41,35,
489.000000,166.000000,0.078652,266475168.000000,0.207580,0,1
27,25,26,23,31,35,58,118,
540.000000,167.000000,0.080666,278646080.000000,0.285329,0,1
24,60,37,137,112,37,176,134,
645.000000,198.000000,0.083551,146183488.000000,0.375981,0,1
35,78,35,161,101,51,168,159,
177.000000,198.000000,0.063819,39401040.000000,0.122008,0,1
143,130,114,74,73,64,28,21,
374.000000,168.000000,0.070224,287602112.000000,0.221356,0,1
31,123,44,246,155,30,247,160,
569.000000,168.000000,0.083521,494838240.000000,0.226139,0,1
40,136,50,193,100,26,136,72,
595.000000,168.000000,0.084164,935825280.000000,0.271731,0,1
28,31,112,21,81,169,72,218,
339.000000,169.000000,0.072685,224325008.000000,0.537499,0,1
30,30,120,39,126,241,157,221,
669.000000,169.000000,0.087371,1164674176.000000,0.412807,0,1
22,18,62,17,28,133,18,19,
119.000000,195.000000,0.059274,115983656.000000,0.145965,0,1
111,119,81,124,94,46,128,83,
65.000000,194.000000,0.054638,241363680.000000,0.149831,0,1
123,126,88,127,85,38,123,70,
133.000000,172.000000,0.061509,102654832.000000,0.140998,0,1
154,169,183,89,140,153,51,27,
427.000000,172.000000,0.075986,167681088.000000,0.208514,0,1
201,192,192,126,156,101,53,28,
92.000000,191.000000,0.057066,151877872.000000,0.158705,0,1
70,77,46,64,59,32,40,28,
669.000000,190.000000,0.086757,1545864832.000000,0.420823,0,1
248,241,197,234,162,79,176,96,
276.000000,178.000000,0.065653,33204404.000000,0.040688,0,1
77,52,205,35,142,234,72,102,
600.000000,179.000000,0.085137,642774400.000000,0.401926,0,1
234,176,247,54,171,244,43,63,
249.000000,180.000000,0.065485,371077600.000000,0.243062,0,1
113,49,137,28,61,100,26,24,
69.000000,186.000000,0.056479,339655936.000000,0.152269,0,1
85,59,116,37,69,106,40,34,
497.000000,180.000000,0.081321,149890272.000000,0.118699,0,1
123,199,81,143,113,30,69,36,
614.000000,181.000000,0.084607,1790337024.000000,0.423132,0,1
206,132,217,60,170,210,60,37,
380.000000,184.000000,0.076061,117652416.000000,0.389110,0,1
97,55,60,106,154,132,199,213,
110.000000,182.000000,0.059563,332958720.000000,0.151209,0,1
30,51,31,107,67,40,95,75,
224.000000,184.000000,0.065378,437532800.000000,0.286403,0,1
49,50,160,35,141,230,82,112,
150.000000,183.000000,0.063407,422113952.000000,0.134877,0,1
27,61,27,129,67,21,123,68,
260.000000,183.000000,0.065786,181350240.000000,0.099141,0,1
47,103,52,193,129,32,182,143,
101.000000,184.000000,0.059230,406523008.000000,0.155791,0,1
76,71,125,61,100,143,58,42,
217.000000,183.000000,0.064709,530432576.000000,0.294682,0,1
28,84,27,165,87,21,136,43,
213.000000,290.000000,0.154991,12223030.000000,1.576893,0,1
26,24,14,24,19,13,23,23,
410.000000,182.000000,0.075754,301101408.000000,0.276051,0,1
171,124,162,43,121,127,42,41,
285.000000,182.000000,0.068607,392670176.000000,0.791690,0,1
25,41,35,104,114,76,172,196,
235.000000,182.000000,0.066853,87516216.000000,0.679864,0,1
26,29,29,47,84,41,95,110,
129.000000,182.000000,0.061440,99687848.000000,0.131268,0,1
89,60,54,108,99,57,156,144,
550.000000,181.000000,0.080650,725155712.000000,0.301941,0,1
192,210,100,161,148,46,86,51,
91.000000,185.000000,0.058145,273973824.000000,0.145190,0,1
139,150,92,155,105,42,115,77,
501.000000,277.000000,0.140272,50097436.000000,0.533283,0,1
62,61,51,64,57,40,62,47,
267.000000,277.000000,0.141724,2254046.750000,1.636340,0,1
25,23,27,22,30,36,33,33,
144.000000,188.000000,0.061221,164329184.000000,0.122696,0,1
156,144,164,98,110,140,39,33,
176.000000,189.000000,0.062986,40418008.000000,0.361311,0,1
17,18,18,24,24,19,64,108,
230.000000,275.000000,0.131758,5636867.000000,1.278224,0,1
43,46,45,40,44,43,37,36,
493.000000,179.000000,0.076008,116654336.000000,0.117881,0,1
196,140,208,41,140,200,38,37,
377.000000,70.000000,0.143101,9396278.000000,0.219534,0,1
28,32,33,20,26,31,16,16,
632.000000,189.000000,0.085131,2751909888.000000,0.458894,0,1
97,141,50,216,113,36,200,158,
340.000000,271.000000,0.130719,47744524.000000,1.010239,0,1
50,52,54,41,44,47,36,35,
408.000000,79.000000,0.135096,463354944.000000,0.468600,0,1
72,92,223,46,172,255,59,61,
319.000000,270.000000,0.129491,23534126.000000,1.135218,0,1
50,44,47,37,38,40,36,34,
354.000000,269.000000,0.134489,51529996.000000,0.938376,0,1
41,40,39,44,42,42,58,69,
312.000000,269.000000,0.127831,22524444.000000,1.171065,0,1
45,42,45,33,36,39,30,33,
462.000000,176.000000,0.076486,65825668.000000,0.122549,0,1
165,89,198,34,112,172,36,29,
459.000000,97.000000,0.132329,216612592.000000,0.324261,0,1
255,255,255,179,157,135,75,47,
419.000000,190.000000,0.073606,312361920.000000,0.253120,0,1
205,163,188,116,100,194,49,48,
223.000000,260.000000,0.121397,23566620.000000,1.225757,0,1
31,30,32,35,39,41,50,53,
419.000000,99.000000,0.126468,107256128.000000,0.354673,0,1
159,152,170,120,124,128,52,33,
409.000000,100.000000,0.126843,59088648.000000,0.400147,0,1
89,83,105,57,69,71,30,27,
539.000000,190.000000,0.081026,1163849728.000000,0.289300,0,1
30,34,94,32,114,200,97,192,
243.000000,192.000000,0.063347,79546632.000000,0.065590,0,1
26,113,41,179,127,36,144,140,
126.000000,254.000000,0.109834,11758304.000000,0.288980,0,1
29,32,30,41,37,34,48,49,
641.000000,173.000000,0.087664,112433624.000000,0.367323,0,1
255,213,241,69,127,199,27,22,
553.000000,115.000000,0.084936,401881824.000000,0.324862,0,1
158,252,193,247,160,50,133,41,
580.000000,192.000000,0.083024,177617536.000000,0.360803,0,1
254,188,247,55,130,235,40,37,
184.000000,193.000000,0.062475,428805440.000000,0.345386,0,1
21,66,24,115,70,21,110,87,
536.000000,117.000000,0.082889,327848192.000000,0.164964,0,1
36,33,170,31,116,254,51,92,
471.000000,118.000000,0.076303,449496416.000000,0.180052,0,1
151,58,252,42,120,255,57,134,
490.000000,118.000000,0.077656,418723776.000000,0.207807,0,1
182,255,100,255,137,34,103,35,
346.000000,193.000000,0.070512,699968896.000000,0.513662,0,1
28,77,27,152,81,30,159,147,
458.000000,246.000000,0.109182,19260524.000000,0.389117,0,1
67,52,67,47,50,72,57,60,
451.000000,119.000000,0.077264,194001152.000000,0.157783,0,1
255,255,219,255,189,71,195,56,
469.000000,119.000000,0.076801,172832224.000000,0.178670,0,1
42,39,51,37,49,83,70,216,
248.000000,244.000000,0.103670,8448482.000000,0.937477,0,1
56,62,60,57,48,41,43,41,
121.000000,194.000000,0.058547,112785728.000000,0.130991,0,1
92,101,80,102,63,41,67,69,
261.000000,240.000000,0.098558,17368688.000000,1.276344,0,1
62,64,63,60,55,50,47,42,
441.000000,125.000000,0.073851,58211788.000000,0.145770,0,1
255,225,251,100,153,197,50,38,
500.000000,170.000000,0.077987,533534464.000000,0.220602,0,1
167,170,56,160,53,23,54,25,
487.000000,170.000000,0.078346,529743168.000000,0.204625,0,1
34,33,84,41,110,187,129,181,
169.000000,127.000000,0.064510,242085488.000000,0.377168,0,1
15,25,20,81,142,71,209,250,
479.000000,127.000000,0.077736,172995008.000000,0.108362,0,1
146,200,82,250,175,42,240,187,
490.000000,128.000000,0.080416,275359168.000000,0.214332,0,1
33,45,96,44,156,193,127,188,
465.000000,169.000000,0.076282,232278096.000000,0.114960,0,1
126,209,74,211,132,32,193,157,
210.000000,130.000000,0.063837,326846528.000000,0.096205,0,1
203,255,53,246,101,22,116,43,
358.000000,231.000000,0.093267,20487866.000000,0.632130,0,1
67,63,71,61,74,83,69,66,
244.000000,230.000000,0.087802,4934716.000000,0.832997,0,1
62,62,60,62,55,46,54,51,
503.000000,132.000000,0.080260,276226560.000000,0.231102,0,1
41,148,53,244,182,44,255,226,
189.000000,229.000000,0.085247,8190938.000000,0.457936,0,1
53,61,69,60,58,57,52,49,
359.000000,228.000000,0.095335,15004706.000000,0.630660,0,1
80,78,84,76,80,79,67,71,
299.000000,228.000000,0.090268,16649891.000000,0.928907,0,1
85,88,87,78,73,68,64,61,
519.000000,136.000000,0.077732,397996992.000000,0.139121,0,1
72,34,139,27,56,225,29,33,
563.000000,222.000000,0.086416,126275104.000000,0.359466,0,1
33,46,43,79,74,70,115,100,
614.000000,221.000000,0.087230,597023168.000000,0.448313,0,1
60,25,38,34,61,87,52,62,
452.000000,139.000000,0.075618,461881856.000000,0.152250,0,1
184,101,237,38,176,253,69,74,
469.000000,139.000000,0.078349,247135264.000000,0.118075,0,1
245,215,111,230,107,34,140,46,
609.000000,199.000000,0.084184,285702848.000000,0.415835,0,1
31,48,61,86,133,134,167,184,
308.000000,140.000000,0.068788,2222868480.000000,0.656593,0,1
51,51,164,43,141,246,101,165,
500.000000,140.000000,0.079337,739052096.000000,0.223438,0,1
184,202,57,237,108,30,170,114,
523.000000,140.000000,0.082865,247363456.000000,0.267893,0,1
254,148,251,37,126,232,35,34,
429.000000,220.000000,0.078893,116002424.000000,0.298756,0,1
58,97,90,118,105,85,102,87,
410.000000,200.000000,0.073835,30692028.000000,0.114771,0,1
75,61,40,65,42,30,59,79,
471.000000,200.000000,0.072219,183546240.000000,0.159066,0,1
237,244,125,239,147,59,148,70,
120.000000,142.000000,0.061009,424181824.000000,0.133140,0,1
21,87,28,199,107,26,205,159,
139.000000,142.000000,0.060144,145986848.000000,0.119637,0,1
29,62,92,105,159,206,175,208,
320.000000,201.000000,0.072412,91794536.000000,0.161423,0,1
152,153,129,74,73,69,35,30,
342.000000,201.000000,0.073831,254808224.000000,0.558450,0,1
146,189,208,126,147,159,48,37,
474.000000,215.000000,0.078270,254866960.000000,0.205456,0,1
54,43,108,27,74,102,32,33,
65.000000,145.000000,0.057459,985976640.000000,0.154968,0,1
65,177,73,209,127,38,163,90,
586.000000,201.000000,0.082286,616412800.000000,0.279455,0,1
199,151,178,75,145,100,58,34,
485.000000,214.000000,0.077311,122879048.000000,0.212067,0,1
39,26,37,32,41,52,74,81,
169.000000,146.000000,0.062954,917353536.000000,0.368403,0,1
198,143,239,67,170,208,72,36,
345.000000,214.000000,0.072189,227364992.000000,0.553028,0,1
23,47,43,80,78,76,106,108,
108.000000,160.000000,0.061191,212946976.000000,0.141171,0,1
62,96,55,117,83,36,88,44,
420.000000,159.000000,0.071329,152734816.000000,0.209047,0,1
237,255,111,130,96,54,42,32,
318.000000,149.000000,0.061634,4191096.000000,0.011887,0,1
184,70,232,27,142,251,55,130,
151.000000,205.000000,0.064779,142515568.000000,0.129916,0,1
30,72,35,114,71,24,80,43,
330.000000,210.000000,0.069340,352481856.000000,0.596874,0,1
28,50,24,87,62,24,76,41,
306.000000,210.000000,0.068457,297673376.000000,0.705001,0,1
94,157,59,159,118,43,81,51,
198.000000,210.000000,0.064582,63114396.000000,0.336243,0,1
19,30,30,56,57,57,78,84,
160.000000,210.000000,0.065519,14518954.000000,0.411327,0,1
25,20,27,31,40,46,57,73,
194.000000,153.000000,0.058737,82268696.000000,0.088519,0,1
23,56,29,185,141,49,225,212,
639.000000,208.000000,0.085843,165917312.000000,0.382854,0,1
179,180,196,98,109,117,44,30,
276.000000,154.000000,0.068808,335926816.000000,0.203591,0,1
120,64,194,35,122,194,50,77,
