# timestamp
1608635258672107264

# fx, fy, cx, cy, width, height, npoints
501.488312,501.475037,421.772644,167.669617,800,400,645

# camToWorld: translation vector, rotation quaternion
-31.522664,32.771867,4.244207,0.311911,-0.650360,0.615118,-0.318391

# Exposure time (ms)
5.701239

# Point Cloud Data : 
# u,v,idepth_scaled,idepth_hessian,maxRelBaseline,numGoodRes,status 
# color information 
727.000000,120.000000,0.119373,156066208.000000,0.546677,0,1
141,25,55,16,19,22,16,16,
655.000000,131.000000,0.102523,800906048.000000,0.390180,0,1
85,29,144,19,85,167,24,37,
549.000000,138.000000,0.087051,145753792.000000,0.182764,0,1
39,67,43,159,97,46,237,254,
639.000000,141.000000,0.099865,331280320.000000,0.255302,0,1
239,254,145,218,143,36,87,26,
527.000000,147.000000,0.084880,531868256.000000,0.624479,0,1
159,159,95,165,84,32,127,45,
631.000000,152.000000,0.097900,165842080.000000,0.243987,0,1
143,140,83,118,81,30,38,16,
735.000000,153.000000,0.115272,391827424.000000,0.542011,0,1
16,15,20,16,19,58,17,24,
731.000000,163.000000,0.114776,643137792.000000,0.536458,0,1
17,22,41,27,71,115,90,132,
175.000000,175.000000,0.038449,513619808.000000,0.147789,0,1
249,255,149,252,212,32,207,83,
722.000000,183.000000,0.110800,1531021184.000000,0.515141,0,1
196,253,211,239,147,61,122,47,
721.000000,184.000000,0.111222,2075572352.000000,0.515738,0,1
253,239,147,251,122,44,143,60,
733.000000,208.000000,0.112447,712292288.000000,0.387518,0,1
104,58,85,93,168,177,232,255,
641.000000,211.000000,0.097512,1184965760.000000,0.377854,0,1
202,240,85,240,171,38,109,38,
735.000000,217.000000,0.111532,247709568.000000,0.411840,0,1
255,255,255,148,175,192,65,23,
735.000000,234.000000,0.115771,29019244.000000,0.571944,0,1
9,12,10,27,23,19,46,47,
735.000000,259.000000,0.127256,16891514.000000,0.649670,0,1
67,65,71,53,54,57,55,59,
696.000000,114.000000,0.110386,281154624.000000,0.475071,0,1
12,17,15,35,25,20,60,38,
719.000000,114.000000,0.113341,178797056.000000,0.515459,0,1
13,19,22,23,24,79,14,13,
680.000000,117.000000,0.105442,93413536.000000,0.437715,0,1
37,64,142,112,198,255,244,255,
706.000000,127.000000,0.109733,843971520.000000,0.339762,0,1
28,52,194,28,151,252,91,172,
713.000000,128.000000,0.111806,1760101504.000000,0.500656,0,1
115,205,80,249,154,50,205,161,
705.000000,130.000000,0.109482,1342255488.000000,0.482252,0,1
91,42,172,18,98,205,43,103,
680.000000,138.000000,0.105234,1336480512.000000,0.434330,0,1
38,83,37,134,47,24,51,22,
728.000000,138.000000,0.113537,181279536.000000,0.369476,0,1
255,253,210,225,166,87,99,33,
695.000000,139.000000,0.107163,365570624.000000,0.322858,0,1
43,22,99,20,71,178,27,50,
711.000000,144.000000,0.110426,149886432.000000,0.346037,0,1
234,162,216,33,95,186,24,21,
655.000000,146.000000,0.103615,182783952.000000,0.278801,0,1
231,188,229,62,148,182,35,21,
723.000000,147.000000,0.113186,1790278528.000000,0.518728,0,1
86,155,68,212,142,61,199,197,
728.000000,151.000000,0.113644,1716839168.000000,0.527208,0,1
26,44,21,76,28,18,45,26,
681.000000,152.000000,0.106041,1819493760.000000,0.438599,0,1
105,44,167,18,109,240,39,93,
689.000000,156.000000,0.107216,361094592.000000,0.318134,0,1
95,171,75,224,160,133,240,236,
722.000000,156.000000,0.112350,772033408.000000,0.515069,0,1
234,219,170,165,142,74,82,26,
704.000000,157.000000,0.110032,1829344512.000000,0.483588,0,1
39,87,33,158,61,24,102,56,
679.000000,159.000000,0.106341,434477888.000000,0.307501,0,1
23,23,92,26,82,189,114,185,
703.000000,159.000000,0.109618,881571840.000000,0.337105,0,1
103,156,61,176,93,34,129,50,
727.000000,166.000000,0.114945,966018624.000000,0.532403,0,1
20,18,45,16,31,87,20,55,
688.000000,167.000000,0.109013,58202488.000000,0.179989,0,1
184,104,171,44,94,159,117,85,
696.000000,169.000000,0.111077,439656000.000000,0.478520,0,1
99,138,102,86,68,56,29,21,
704.000000,184.000000,0.108944,1502728320.000000,0.485873,0,1
139,59,209,96,221,255,251,255,
695.000000,189.000000,0.107858,459932416.000000,0.472118,0,1
18,16,57,15,24,144,16,16,
681.000000,191.000000,0.106421,176366512.000000,0.449978,0,1
17,19,19,22,24,24,86,227,
703.000000,193.000000,0.109385,242179216.000000,0.489967,0,1
255,228,255,76,147,231,29,21,
685.000000,196.000000,0.106818,1543561856.000000,0.458241,0,1
141,237,81,232,155,43,113,42,
727.000000,196.000000,0.112908,1856755712.000000,0.534369,0,1
28,24,108,26,97,229,52,65,
679.000000,197.000000,0.104323,173214288.000000,0.308640,0,1
241,161,224,51,97,118,35,114,
684.000000,200.000000,0.102868,99822776.000000,0.308620,0,1
45,84,45,207,143,54,252,255,
695.000000,201.000000,0.108545,52921904.000000,0.334330,0,1
30,86,42,229,150,84,254,252,
704.000000,206.000000,0.106873,554801024.000000,0.487235,0,1
17,22,18,69,38,30,51,33,
702.000000,208.000000,0.108288,1155591680.000000,0.444031,0,1
69,162,51,241,131,33,197,106,
704.000000,208.000000,0.107467,1394723328.000000,0.490247,0,1
38,51,26,131,33,19,60,30,
559.000000,210.000000,0.086759,122889296.000000,0.237016,0,1
31,138,35,203,161,32,252,247,
727.000000,212.000000,0.111717,2194335744.000000,0.535639,0,1
37,30,67,26,48,186,31,41,
687.000000,215.000000,0.105540,1573968128.000000,0.466133,0,1
185,82,250,24,122,252,32,51,
687.000000,216.000000,0.106060,1384718208.000000,0.468715,0,1
166,52,224,21,74,242,24,36,
696.000000,217.000000,0.107291,2679405568.000000,0.484221,0,1
63,128,31,223,65,20,117,36,
689.000000,218.000000,0.106565,1174088832.000000,0.473989,0,1
242,131,255,36,183,241,43,89,
679.000000,221.000000,0.104724,472679840.000000,0.314694,0,1
23,94,33,237,137,33,252,170,
691.000000,224.000000,0.106162,912195008.000000,0.478197,0,1
166,164,72,63,108,32,37,18,
705.000000,225.000000,0.107939,516664256.000000,0.376303,0,1
14,22,28,89,195,183,150,119,
702.000000,230.000000,0.108198,315382144.000000,0.345521,0,1
14,15,18,55,102,48,99,79,
717.000000,231.000000,0.111270,1454108416.000000,0.518375,0,1
158,234,85,253,150,44,222,89,
702.000000,232.000000,0.108236,302036928.000000,0.504270,0,1
102,99,125,52,79,79,41,25,
711.000000,232.000000,0.109742,460203168.000000,0.519950,0,1
230,98,236,46,100,209,56,44,
720.000000,235.000000,0.111740,186761168.000000,0.532062,0,1
38,51,32,32,31,27,23,23,
679.000000,243.000000,0.105321,195958496.000000,0.322946,0,1
14,13,24,15,16,103,28,49,
681.000000,244.000000,0.104767,582849984.000000,0.323518,0,1
51,43,193,27,95,214,51,63,
698.000000,245.000000,0.107772,67150224.000000,0.506323,0,1
11,13,12,24,30,19,89,71,
704.000000,247.000000,0.113113,141387952.000000,0.534531,0,1
12,26,13,57,32,23,55,62,
703.000000,248.000000,0.111454,151432976.000000,0.529011,0,1
26,57,32,60,55,47,65,69,
727.000000,248.000000,0.111500,918075136.000000,0.554997,0,1
26,26,42,22,31,127,24,31,
719.000000,251.000000,0.117625,76564440.000000,0.578724,0,1
28,46,30,56,43,22,50,42,
714.000000,256.000000,0.120647,5629758.000000,0.591940,0,1
65,73,72,62,64,66,58,59,
691.000000,263.000000,0.132045,7204788.000000,0.612936,0,1
95,93,94,88,89,89,78,77,
692.000000,264.000000,0.132728,8846252.000000,0.613310,0,1
94,89,89,78,81,82,77,75,
692.000000,272.000000,0.136680,12408833.000000,0.645970,0,1
71,70,69,66,67,66,65,60,
666.000000,286.000000,0.162112,4847230.000000,0.729330,0,1
59,54,60,49,53,60,51,53,
548.000000,128.000000,0.087702,190915504.000000,0.183847,0,1
29,47,43,98,142,50,253,255,
577.000000,133.000000,0.093649,465249952.000000,0.244205,0,1
26,27,120,25,138,255,55,214,
665.000000,133.000000,0.103746,135748720.000000,0.277934,0,1
31,70,35,133,84,42,152,175,
651.000000,143.000000,0.102716,1187192704.000000,0.384521,0,1
154,94,222,26,139,219,38,42,
112.000000,44.000000,0.219253,26840126.000000,0.967278,0,1
16,22,15,24,17,10,15,10,
102.000000,46.000000,0.215340,117587848.000000,0.685216,0,1
29,31,26,33,25,23,23,32,
148.000000,47.000000,0.208279,16373711.000000,0.795304,0,1
11,12,14,13,19,28,24,32,
145.000000,49.000000,0.206000,23862190.000000,0.792918,0,1
12,13,18,15,25,32,31,33,
169.000000,52.000000,0.201866,20485356.000000,0.484717,0,1
26,31,28,34,26,19,22,27,
121.000000,55.000000,0.199022,122636736.000000,0.838389,0,1
42,50,43,58,39,22,33,19,
156.000000,55.000000,0.187292,32426036.000000,0.458810,0,1
25,30,35,36,41,44,47,62,
163.000000,55.000000,0.196084,32625896.000000,0.473199,0,1
35,42,37,47,35,25,31,38,
204.000000,55.000000,0.190116,16939530.000000,0.558029,0,1
13,16,17,19,14,10,11,10,
103.000000,61.000000,0.190306,318781120.000000,0.864891,0,1
44,38,65,29,42,44,26,22,
199.000000,62.000000,0.182131,28918012.000000,0.557594,0,1
12,14,21,23,31,26,33,38,
153.000000,63.000000,0.180962,343595328.000000,0.673223,0,1
78,110,84,131,71,25,38,19,
186.000000,63.000000,0.174409,62423560.000000,0.356380,0,1
42,51,54,73,85,51,107,94,
220.000000,63.000000,0.181885,8667004.000000,1.511332,0,1
8,11,12,14,15,17,20,21,
130.000000,64.000000,0.181417,278568352.000000,0.746975,0,1
97,60,48,38,29,22,25,25,
224.000000,64.000000,0.171179,26881962.000000,1.422423,0,1
14,21,18,21,14,10,10,8,
167.000000,65.000000,0.171201,68801168.000000,0.260662,0,1
104,84,77,66,59,39,37,20,
194.000000,65.000000,0.169726,14028021.000000,0.532643,0,1
19,23,30,20,28,36,25,27,
183.000000,67.000000,0.167906,169059312.000000,0.339068,0,1
103,83,80,58,60,50,34,18,
94.000000,71.000000,0.178810,910740416.000000,0.846214,0,1
27,27,38,33,71,129,74,112,
98.000000,71.000000,0.178062,300395072.000000,0.830288,0,1
36,51,53,129,133,118,229,255,
104.000000,71.000000,0.177567,152028000.000000,0.808950,0,1
42,57,57,111,100,88,225,253,
120.000000,71.000000,0.174809,104863696.000000,0.749918,0,1
37,46,44,64,61,57,113,215,
95.000000,72.000000,0.178628,1330648192.000000,0.841656,0,1
38,71,129,74,194,229,112,114,
126.000000,73.000000,0.170634,55170804.000000,0.716946,0,1
47,71,64,189,164,147,241,255,
128.000000,73.000000,0.170580,72545448.000000,0.710068,0,1
46,64,62,164,147,139,231,255,
114.000000,76.000000,0.176176,26261904.000000,0.769602,0,1
255,239,245,167,177,189,80,60,
136.000000,77.000000,0.173156,43196928.000000,0.692148,0,1
255,251,255,196,205,211,96,66,
178.000000,77.000000,0.160316,51944108.000000,0.537590,0,1
44,82,65,221,197,183,255,255,
108.000000,80.000000,0.176549,1809407.125000,0.787424,0,1
53,44,45,38,40,42,37,37,
124.000000,80.000000,0.175189,19569474.000000,0.739152,0,1
73,55,57,46,47,47,42,40,
143.000000,80.000000,0.171149,71581368.000000,0.676919,0,1
139,69,72,53,54,55,46,43,
151.000000,80.000000,0.167099,82715888.000000,0.647055,0,1
213,90,94,59,62,65,49,44,
159.000000,80.000000,0.167058,136025888.000000,0.613415,0,1
255,135,150,71,75,79,54,45,
167.000000,80.000000,0.166532,163283632.000000,0.587157,0,1
255,195,210,91,98,108,58,46,
176.000000,80.000000,0.163127,136664208.000000,0.552957,0,1
255,252,255,130,145,162,67,47,
192.000000,80.000000,0.158910,615045952.000000,0.494347,0,1
58,188,33,184,39,17,37,21,
512.000000,94.000000,0.193454,2065686.250000,0.788265,0,1
7,7,6,9,8,10,12,13,
39.000000,103.000000,0.115566,604961152.000000,0.360179,0,1
27,34,45,43,81,122,82,113,
119.000000,103.000000,0.159905,40622520.000000,0.688550,0,1
58,98,84,60,63,60,25,21,
120.000000,103.000000,0.159075,36178736.000000,0.680431,0,1
57,92,77,63,62,61,24,21,
176.000000,103.000000,0.147345,2766761.500000,0.492012,0,1
33,34,33,37,34,33,46,31,
119.000000,104.000000,0.155800,28846562.000000,0.671630,0,1
92,63,62,25,24,24,22,22,
106.000000,105.000000,0.103418,19600368.000000,0.179316,0,1
40,51,41,171,145,79,238,218,
176.000000,105.000000,0.148389,6848937.000000,0.495087,0,1
34,46,44,30,31,32,16,12,
184.000000,106.000000,0.146513,4524090.500000,0.472018,0,1
34,31,31,16,16,16,11,10,
200.000000,106.000000,0.143611,1342785.250000,0.427403,0,1
20,25,23,15,15,15,10,9,
31.000000,110.000000,0.111403,47766364.000000,0.352151,0,1
49,48,56,48,56,66,57,66,
104.000000,112.000000,0.103200,58502396.000000,0.249619,0,1
55,59,47,68,52,45,61,55,
426.000000,115.000000,0.166438,8226558.500000,2.058968,0,1
13,13,14,18,22,25,31,29,
71.000000,116.000000,0.104925,14379622.000000,0.288029,0,1
166,179,170,196,192,180,206,206,
81.000000,116.000000,0.105970,210172784.000000,0.280883,0,1
130,162,126,181,154,129,183,175,
91.000000,116.000000,0.105120,116787808.000000,0.267853,0,1
91,118,89,130,114,95,148,143,
414.000000,116.000000,0.162229,3166513.000000,2.222514,0,1
13,14,14,16,19,22,30,30,
58.000000,117.000000,0.110603,395912320.000000,0.319763,0,1
148,140,180,150,171,207,171,195,
79.000000,117.000000,0.105471,127358016.000000,0.281281,0,1
168,186,174,204,194,167,206,200,
31.000000,119.000000,0.111398,55003188.000000,0.350680,0,1
94,91,103,81,93,104,80,65,
35.000000,119.000000,0.110139,84428432.000000,0.342020,0,1
117,113,126,104,118,134,103,89,
47.000000,119.000000,0.111347,150785568.000000,0.333680,0,1
113,119,136,133,137,163,141,151,
607.000000,119.000000,0.202467,1154962.500000,0.664421,0,1
17,18,17,27,26,24,57,183,
621.000000,119.000000,0.097919,113596952.000000,0.546758,0,1
18,23,25,38,55,42,137,246,
648.000000,119.000000,0.101913,1255494400.000000,0.379826,0,1
25,53,28,162,40,19,75,36,
671.000000,119.000000,0.102893,612696128.000000,0.415483,0,1
28,20,48,19,81,242,83,211,
670.000000,120.000000,0.105218,404557600.000000,0.392223,0,1
20,19,81,19,83,252,29,58,
112.000000,122.000000,0.103441,28638514.000000,0.239831,0,1
65,78,67,67,60,53,27,15,
121.000000,122.000000,0.102893,10480008.000000,0.467936,0,1
36,40,34,39,36,31,20,14,
128.000000,122.000000,0.103376,2370426.000000,0.455431,0,1
23,25,22,26,23,21,16,13,
589.000000,122.000000,0.093253,550735488.000000,0.452690,0,1
28,46,88,56,166,200,157,214,
583.000000,123.000000,0.094859,150414976.000000,0.449703,0,1
27,34,31,27,27,22,20,19,
559.000000,124.000000,0.094212,78788520.000000,0.226593,0,1
47,64,113,94,161,233,207,255,
632.000000,124.000000,0.099217,646807488.000000,0.348745,0,1
255,168,253,40,114,180,26,22,
569.000000,125.000000,0.090257,363250624.000000,0.174226,0,1
149,243,133,255,140,37,190,56,
656.000000,126.000000,0.101356,1057281664.000000,0.358293,0,1
33,28,148,21,149,247,77,199,
536.000000,127.000000,0.087190,625482432.000000,0.208150,0,1
61,182,52,255,168,36,248,164,
567.000000,127.000000,0.089065,626421184.000000,0.219063,0,1
255,255,190,255,223,56,248,170,
641.000000,127.000000,0.100242,408308640.000000,0.335757,0,1
245,95,239,27,97,253,25,23,
597.000000,128.000000,0.099922,62492240.000000,0.292682,0,1
255,223,203,100,108,92,33,25,
615.000000,128.000000,0.097395,1137383552.000000,0.316737,0,1
44,26,153,21,67,241,26,45,
643.000000,128.000000,0.099947,341655008.000000,0.337290,0,1
255,220,255,40,177,188,36,29,
542.000000,133.000000,0.086415,1103546240.000000,0.333040,0,1
44,36,159,33,144,255,52,202,
624.000000,133.000000,0.097194,831266688.000000,0.304266,0,1
68,176,50,250,141,42,244,237,
366.000000,135.000000,0.056695,4429924.500000,0.049143,0,1
20,24,25,36,56,59,158,255,
371.000000,135.000000,0.053425,15563603.000000,0.164098,0,1
18,24,19,64,44,23,182,149,
382.000000,135.000000,0.061207,304045088.000000,0.158311,0,1
24,32,101,29,159,213,96,200,
507.000000,136.000000,0.082263,2202009344.000000,0.756709,0,1
117,255,44,255,92,27,104,29,
566.000000,136.000000,0.089706,92745872.000000,0.169555,0,1
255,255,167,120,131,37,37,26,
587.000000,136.000000,0.094906,115508808.000000,0.456130,0,1
28,41,62,78,149,156,212,255,
619.000000,136.000000,0.096147,503336928.000000,0.318272,0,1
210,85,237,78,186,255,220,255,
487.000000,137.000000,0.078925,544133888.000000,0.425464,0,1
22,25,38,28,102,90,113,232,
613.000000,137.000000,0.097787,606640512.000000,0.526308,0,1
23,27,57,35,137,210,169,245,
337.000000,138.000000,0.064142,38762508.000000,0.096666,0,1
24,31,47,43,138,143,166,255,
382.000000,138.000000,0.061694,284446048.000000,0.158757,0,1
211,82,255,26,155,255,33,37,
439.000000,139.000000,0.071834,495563776.000000,0.142287,0,1
196,69,254,26,145,253,39,68,
576.000000,139.000000,0.094289,573597056.000000,0.243983,0,1
57,38,191,48,159,253,180,255,
365.000000,140.000000,0.059280,122964728.000000,0.192525,0,1
255,213,255,66,200,249,46,33,
384.000000,140.000000,0.068134,108676104.000000,0.168065,0,1
255,179,201,37,104,40,30,25,
527.000000,140.000000,0.083785,101569936.000000,0.297346,0,1
32,36,85,62,130,226,169,238,
405.000000,141.000000,0.066080,70455080.000000,0.113465,0,1
255,240,255,59,161,219,40,34,
640.000000,141.000000,0.100074,461991968.000000,0.332986,0,1
181,223,56,191,78,23,58,22,
675.000000,141.000000,0.105623,1077992064.000000,0.428155,0,1
229,242,133,247,144,46,159,69,
278.000000,143.000000,0.071752,5052604.500000,0.043797,0,1
11,14,15,20,52,57,71,81,
292.000000,143.000000,0.052021,852655488.000000,0.350632,0,1
17,115,22,228,146,16,209,83,
558.000000,143.000000,0.087211,362314624.000000,0.198614,0,1
122,227,92,207,152,36,125,33,
448.000000,144.000000,0.075274,91111728.000000,0.160524,0,1
29,47,89,105,171,236,227,255,
592.000000,144.000000,0.092953,689694208.000000,0.454489,0,1
255,195,144,129,70,34,41,24,
344.000000,146.000000,0.057989,310100928.000000,0.239717,0,1
35,38,168,27,159,155,51,159,
472.000000,146.000000,0.077468,2360732160.000000,0.995487,0,1
109,247,58,236,147,25,137,35,
616.000000,147.000000,0.096623,398232000.000000,0.524800,0,1
233,160,218,40,155,188,26,21,
672.000000,147.000000,0.104687,2678464000.000000,0.421013,0,1
181,211,111,240,168,57,200,150,
230.000000,148.000000,0.040064,51295856.000000,0.060529,0,1
14,22,24,32,105,44,67,94,
494.000000,148.000000,0.077373,85114968.000000,0.088755,0,1
251,238,166,242,151,45,214,141,
143.000000,149.000000,0.040354,222201312.000000,0.185909,0,1
23,29,46,44,90,166,179,251,
71.000000,151.000000,0.042344,407616512.000000,0.106316,0,1
20,87,39,168,103,21,115,26,
72.000000,151.000000,0.042278,451481152.000000,0.105753,0,1
17,64,19,153,57,15,60,17,
198.000000,151.000000,0.039170,23300544.000000,0.131740,0,1
11,17,17,28,59,44,49,43,
367.000000,151.000000,0.059967,176312512.000000,0.090373,0,1
225,234,117,216,149,30,123,31,
603.000000,151.000000,0.096853,527602752.000000,0.295473,0,1
19,23,50,30,106,166,120,189,
671.000000,151.000000,0.104709,1003139264.000000,0.420396,0,1
197,222,140,184,145,56,74,22,
166.000000,152.000000,0.036208,336223520.000000,0.056756,0,1
225,228,55,244,77,20,140,67,
383.000000,152.000000,0.062805,349073472.000000,0.158681,0,1
232,215,105,239,95,29,165,80,
565.000000,152.000000,0.090095,2149200128.000000,0.408240,0,1
42,139,38,216,108,28,202,143,
602.000000,152.000000,0.096707,805326080.000000,0.293465,0,1
23,30,106,30,120,197,85,141,
670.000000,152.000000,0.104451,128151144.000000,0.387509,0,1
222,184,145,56,74,44,24,16,
199.000000,153.000000,0.039227,17836664.000000,0.131254,0,1
51,71,50,36,42,28,28,33,
317.000000,153.000000,0.052756,116113616.000000,0.079669,0,1
104,61,174,75,113,206,51,52,
559.000000,153.000000,0.090851,357115584.000000,0.207900,0,1
33,23,104,30,38,170,24,29,
592.000000,153.000000,0.093367,2176619776.000000,0.456656,0,1
30,72,23,167,39,19,84,37,
645.000000,153.000000,0.101555,396905120.000000,0.344424,0,1
28,74,44,172,134,52,229,212,
45.000000,154.000000,0.043180,989307904.000000,0.118700,0,1
197,204,122,209,96,29,124,79,
61.000000,155.000000,0.043579,205765344.000000,0.113613,0,1
225,154,209,43,69,109,28,22,
432.000000,155.000000,0.070034,1800839168.000000,1.289732,0,1
25,29,53,33,128,63,116,168,
532.000000,155.000000,0.082743,288917888.000000,0.582786,0,1
23,25,61,24,119,213,74,152,
28.000000,156.000000,0.046263,586054400.000000,0.134609,0,1
31,45,86,58,123,143,118,157,
109.000000,156.000000,0.040568,519776160.000000,0.087210,0,1
108,219,74,141,135,25,73,26,
208.000000,156.000000,0.087838,40197396.000000,0.260789,0,1
10,12,10,35,11,10,24,11,
431.000000,156.000000,0.069410,2318624000.000000,1.292762,0,1
29,33,128,27,116,185,61,125,
658.000000,156.000000,0.102824,412463200.000000,0.365875,0,1
23,73,39,171,119,51,201,175,
39.000000,157.000000,0.044213,153516976.000000,0.124089,0,1
246,223,244,79,121,175,42,30,
541.000000,157.000000,0.087642,161001552.000000,0.335915,0,1
23,31,48,46,144,118,203,255,
590.000000,157.000000,0.093411,1883852416.000000,0.453089,0,1
155,197,66,188,99,27,91,27,
648.000000,157.000000,0.101994,777211520.000000,0.349847,0,1
50,107,36,176,78,94,158,187,
575.000000,158.000000,0.090766,652043968.000000,0.410538,0,1
41,118,40,135,114,29,160,125,
51.000000,159.000000,0.044489,816491776.000000,0.120207,0,1
74,75,177,55,149,228,139,225,
72.000000,159.000000,0.043022,16318094.000000,0.107846,0,1
18,17,16,21,24,18,40,57,
254.000000,159.000000,0.044206,4838592.000000,0.103386,0,1
12,12,16,14,20,18,21,33,
368.000000,159.000000,0.061451,338528192.000000,0.192582,0,1
30,29,99,25,104,129,54,151,
620.000000,159.000000,0.097545,2007065856.000000,0.539228,0,1
59,155,60,197,140,40,179,85,
370.000000,160.000000,0.062612,178232928.000000,0.191015,0,1
77,169,53,142,159,71,197,194,
382.000000,160.000000,0.062580,212530048.000000,0.094312,0,1
180,91,137,34,134,47,47,30,
493.000000,160.000000,0.079366,540751168.000000,0.836796,0,1
255,125,204,28,79,53,27,25,
559.000000,160.000000,0.091174,198651920.000000,0.166297,0,1
37,32,116,52,101,189,118,173,
560.000000,160.000000,0.090865,281947680.000000,0.166990,0,1
88,56,184,58,150,220,151,173,
662.000000,160.000000,0.103452,827658624.000000,0.404690,0,1
49,92,28,74,34,16,25,14,
517.000000,161.000000,0.079509,308691360.000000,0.120557,0,1
126,234,63,240,165,27,179,37,
575.000000,161.000000,0.090904,1002803072.000000,0.411394,0,1
128,156,59,125,102,26,107,54,
61.000000,162.000000,0.043282,451734112.000000,0.112958,0,1
145,156,105,104,102,34,29,20,
102.000000,162.000000,0.041051,671716096.000000,0.091230,0,1
220,229,126,248,141,34,186,99,
37.000000,163.000000,0.044652,1013880960.000000,0.126318,0,1
144,207,140,214,137,47,134,71,
53.000000,164.000000,0.044655,99609632.000000,0.120023,0,1
224,198,213,96,118,189,41,33,
294.000000,164.000000,0.050846,51523724.000000,0.340196,0,1
25,41,17,36,27,11,34,17,
471.000000,164.000000,0.073745,1370981888.000000,0.499019,0,1
98,73,183,28,131,203,35,30,
253.000000,166.000000,0.044481,12763690.000000,0.104314,0,1
22,16,34,14,22,32,19,18,
509.000000,166.000000,0.079995,431057024.000000,0.145241,0,1
249,252,84,255,133,35,218,126,
93.000000,167.000000,0.041759,97263176.000000,0.096647,0,1
24,34,34,105,122,135,190,151,
145.000000,167.000000,0.039905,541609984.000000,0.072011,0,1
98,59,191,43,136,237,127,210,
608.000000,167.000000,0.095178,672584960.000000,0.302553,0,1
139,177,70,175,112,48,182,46,
127.000000,168.000000,0.039908,391944736.000000,0.079193,0,1
127,57,178,46,93,210,177,136,
340.000000,168.000000,0.057135,43275364.000000,0.251043,0,1
209,91,74,39,44,31,24,21,
410.000000,168.000000,0.067123,846239616.000000,1.483096,0,1
120,61,102,60,72,51,30,25,
478.000000,168.000000,0.075099,148993632.000000,0.198768,0,1
225,69,202,111,141,128,40,30,
555.000000,168.000000,0.090362,260032704.000000,0.475969,0,1
94,49,75,25,55,62,24,18,
566.000000,168.000000,0.090186,586644416.000000,0.412060,0,1
168,77,167,75,101,114,39,19,
607.000000,168.000000,0.095813,142192144.000000,0.219967,0,1
177,175,112,182,182,129,47,28,
506.000000,169.000000,0.080474,48539360.000000,0.143915,0,1
254,204,208,65,76,74,31,27,
512.000000,169.000000,0.080381,81952896.000000,0.708395,0,1
41,80,66,56,49,47,27,25,
591.000000,169.000000,0.093027,85085192.000000,0.453682,0,1
23,54,61,28,28,30,25,24,
26.000000,172.000000,0.044528,364570816.000000,0.130537,0,1
135,176,161,154,102,51,88,34,
39.000000,173.000000,0.044846,354337664.000000,0.126501,0,1
146,159,211,54,82,100,36,25,
48.000000,173.000000,0.043264,598071552.000000,0.118379,0,1
167,171,92,170,84,26,69,26,
268.000000,173.000000,0.044521,20872230.000000,0.100510,0,1
20,45,35,96,162,20,152,235,
294.000000,173.000000,0.050449,432328064.000000,0.340110,0,1
16,20,36,19,104,114,50,132,
152.000000,174.000000,0.040044,543479616.000000,0.173412,0,1
31,42,57,46,145,142,107,95,
256.000000,174.000000,0.045573,174019072.000000,0.105225,0,1
28,20,153,16,73,250,22,25,
345.000000,174.000000,0.058334,309008384.000000,0.244665,0,1
24,33,48,34,211,217,171,255,
197.000000,175.000000,0.037251,72016488.000000,0.056139,0,1
29,33,43,37,64,145,51,103,
378.000000,175.000000,0.061033,241302240.000000,0.175256,0,1
29,33,116,32,178,233,67,178,
424.000000,175.000000,0.068803,1456663040.000000,1.356365,0,1
22,27,23,91,74,29,236,111,
441.000000,175.000000,0.070553,62755776.000000,0.144000,0,1
22,23,24,25,42,48,101,253,
176.000000,176.000000,0.038971,388129728.000000,0.149645,0,1
149,212,32,207,50,22,83,38,
343.000000,176.000000,0.058428,147206224.000000,0.088054,0,1
34,29,171,23,154,255,69,213,
384.000000,176.000000,0.063382,334999136.000000,0.168490,0,1
58,181,39,245,52,24,106,27,
466.000000,176.000000,0.074477,96362888.000000,0.183230,0,1
25,32,33,75,111,74,191,255,
238.000000,177.000000,0.042171,51785984.000000,0.039228,0,1
31,49,94,54,139,92,112,141,
424.000000,177.000000,0.068434,263065696.000000,0.103133,0,1
74,236,87,255,111,24,184,38,
299.000000,178.000000,0.051436,1110455040.000000,0.333873,0,1
168,250,70,116,168,29,82,33,
404.000000,178.000000,0.066673,285188928.000000,0.132877,0,1
215,139,147,56,183,28,70,27,
514.000000,178.000000,0.084127,651302144.000000,0.280786,0,1
27,32,113,36,153,235,191,255,
541.000000,178.000000,0.085061,802897344.000000,0.326867,0,1
19,32,57,63,184,213,200,252,
423.000000,179.000000,0.067777,324341568.000000,0.102143,0,1
226,249,57,255,133,26,228,68,
592.000000,179.000000,0.092230,559243904.000000,0.452412,0,1
26,100,73,218,106,68,45,19,
255.000000,180.000000,0.045113,71175208.000000,0.109516,0,1
17,33,24,37,77,43,155,252,
326.000000,180.000000,0.055262,451980736.000000,0.283041,0,1
26,33,185,62,176,229,79,76,
329.000000,180.000000,0.057015,33351004.000000,0.065974,0,1
30,177,25,254,122,26,188,44,
459.000000,180.000000,0.073521,249184288.000000,0.173014,0,1
228,48,255,23,111,246,25,25,
35.000000,181.000000,0.044157,1023625984.000000,0.126428,0,1
30,107,45,157,91,24,142,132,
47.000000,181.000000,0.043450,375415680.000000,0.119749,0,1
22,22,36,22,39,97,31,43,
26.000000,182.000000,0.045401,795512320.000000,0.133774,0,1
72,81,156,45,109,162,48,30,
108.000000,182.000000,0.041063,399216416.000000,0.090110,0,1
24,115,38,159,91,23,119,113,
317.000000,182.000000,0.056270,6958790.000000,0.027696,0,1
24,28,25,38,72,30,137,235,
50.000000,183.000000,0.044160,863576064.000000,0.120781,0,1
146,133,199,65,141,200,52,34,
91.000000,183.000000,0.041975,686945600.000000,0.098971,0,1
78,158,56,199,115,28,131,105,
294.000000,183.000000,0.052235,1150125440.000000,0.353778,0,1
38,137,21,232,99,13,173,54,
635.000000,183.000000,0.099893,1659575552.000000,0.362601,0,1
219,255,114,255,164,37,176,43,
52.000000,184.000000,0.044675,411250944.000000,0.121549,0,1
207,178,211,70,115,171,43,32,
304.000000,184.000000,0.052482,682658944.000000,0.328574,0,1
25,179,34,218,137,33,216,146,
445.000000,184.000000,0.071329,709435520.000000,1.183708,0,1
154,66,146,26,86,120,42,53,
586.000000,185.000000,0.091915,1503028480.000000,0.267995,0,1
230,247,78,255,146,28,218,80,
613.000000,185.000000,0.095210,348116672.000000,0.286722,0,1
255,162,252,27,154,216,22,19,
43.000000,186.000000,0.044365,532369728.000000,0.124310,0,1
32,90,39,129,78,27,95,106,
265.000000,186.000000,0.044408,360935872.000000,0.097766,0,1
199,240,61,223,189,26,226,106,
344.000000,186.000000,0.057521,126641768.000000,0.087314,0,1
25,52,22,136,46,24,76,80,
398.000000,186.000000,0.069461,296158560.000000,1.653964,0,1
28,24,30,28,39,48,44,52,
500.000000,186.000000,0.079925,415721792.000000,0.246824,0,1
18,41,22,119,127,19,229,68,
536.000000,186.000000,0.082346,174858480.000000,0.173172,0,1
33,91,42,247,219,41,255,252,
653.000000,186.000000,0.101603,559285376.000000,0.356547,0,1
251,107,252,23,108,240,22,22,
622.000000,187.000000,0.096686,78883992.000000,0.302352,0,1
255,211,252,39,143,243,26,22,
148.000000,188.000000,0.038837,318933184.000000,0.070684,0,1
241,156,233,49,134,191,56,39,
491.000000,188.000000,0.077527,44166704.000000,0.116837,0,1
252,243,207,58,70,48,36,47,
561.000000,188.000000,0.088453,411143040.000000,0.377799,0,1
17,33,31,66,138,56,246,241,
624.000000,188.000000,0.097044,142328400.000000,0.345435,0,1
255,213,253,37,170,225,28,36,
176.000000,189.000000,0.019597,117818168.000000,0.029622,0,1
45,155,37,228,119,33,102,31,
190.000000,189.000000,0.039885,54914156.000000,0.145739,0,1
20,51,26,43,35,24,19,18,
531.000000,189.000000,0.084300,807829056.000000,0.309979,0,1
139,94,253,48,191,222,46,89,
643.000000,189.000000,0.101681,499267712.000000,0.382373,0,1
22,23,39,31,101,131,178,230,
119.000000,190.000000,0.039620,137301696.000000,0.083418,0,1
21,58,37,109,126,60,215,228,
472.000000,190.000000,0.076022,633541952.000000,0.198324,0,1
42,51,189,33,156,255,61,201,
578.000000,190.000000,0.092036,400013664.000000,0.427003,0,1
252,145,247,25,103,244,31,45,
593.000000,190.000000,0.093059,1646462464.000000,0.461079,0,1
25,24,122,20,137,248,77,162,
73.000000,191.000000,0.042363,685716608.000000,0.107570,0,1
92,150,60,130,107,28,84,20,
103.000000,191.000000,0.039340,128353552.000000,0.088783,0,1
33,42,48,92,129,104,205,220,
317.000000,191.000000,0.051077,22146440.000000,0.078888,0,1
214,116,198,65,132,59,58,34,
27.000000,192.000000,0.044447,228647712.000000,0.131133,0,1
143,153,128,127,90,62,52,32,
72.000000,192.000000,0.042603,303208416.000000,0.108686,0,1
150,130,107,52,84,42,24,16,
139.000000,192.000000,0.040077,208035360.000000,0.077034,0,1
122,165,72,142,117,46,66,28,
231.000000,192.000000,0.042732,23936794.000000,0.064400,0,1
57,47,58,24,28,34,18,20,
310.000000,192.000000,0.050418,85591856.000000,0.077222,0,1
21,111,23,246,88,62,224,230,
340.000000,192.000000,0.054488,54933492.000000,0.083741,0,1
229,105,237,32,155,118,38,72,
512.000000,192.000000,0.085510,907922688.000000,0.755977,0,1
26,40,28,158,37,41,87,49,
584.000000,192.000000,0.091438,331963904.000000,0.435415,0,1
251,251,239,179,199,138,53,28,
596.000000,192.000000,0.094322,1391406848.000000,0.474638,0,1
189,255,123,217,201,47,123,43,
665.000000,192.000000,0.103350,620988736.000000,0.418287,0,1
255,125,254,29,112,237,25,20,
623.000000,193.000000,0.098427,186846304.000000,0.347625,0,1
19,18,21,23,23,42,43,27,
286.000000,194.000000,0.044885,21121828.000000,0.028516,0,1
17,21,61,18,129,64,93,70,
313.000000,194.000000,0.052403,18851238.000000,0.032822,0,1
45,179,48,254,178,62,213,60,
363.000000,194.000000,0.058483,95033792.000000,0.088137,0,1
30,96,35,145,127,54,255,240,
647.000000,194.000000,0.101156,1478479232.000000,0.388391,0,1
230,255,122,255,208,52,187,50,
85.000000,195.000000,0.042673,126301816.000000,0.104171,0,1
43,62,40,40,54,24,23,23,
184.000000,195.000000,0.034837,33337794.000000,0.130635,0,1
18,25,14,42,36,26,58,67,
208.000000,195.000000,0.088049,66545672.000000,0.133556,0,1
22,47,16,59,45,11,44,29,
345.000000,195.000000,0.057725,109983608.000000,0.086994,0,1
25,25,141,38,116,251,39,151,
462.000000,195.000000,0.074025,421739840.000000,0.181993,0,1
179,254,57,216,144,27,62,34,
544.000000,195.000000,0.086872,1106861056.000000,0.564364,0,1
23,46,25,150,115,26,253,211,
164.000000,196.000000,0.038642,231857472.000000,0.065398,0,1
42,47,127,37,171,225,78,81,
239.000000,196.000000,0.045068,122805216.000000,0.121153,0,1
19,23,26,19,48,35,55,87,
352.000000,196.000000,0.058229,308421120.000000,0.240833,0,1
27,44,26,206,126,24,255,206,
379.000000,196.000000,0.063177,159557568.000000,0.095211,0,1
30,31,63,31,134,135,81,245,
438.000000,196.000000,0.075694,125986448.000000,0.117942,0,1
75,226,41,248,135,31,245,134,
607.000000,196.000000,0.097001,331872448.000000,0.513790,0,1
29,35,49,76,120,148,230,255,
373.000000,198.000000,0.060122,207856192.000000,0.091382,0,1
206,255,79,213,143,32,118,35,
263.000000,199.000000,0.045529,84293160.000000,0.104382,0,1
20,21,29,25,61,123,36,53,
272.000000,199.000000,0.020747,26237724.000000,0.031267,0,1
19,18,18,14,21,15,30,66,
387.000000,199.000000,0.061917,279336288.000000,0.179053,0,1
32,104,33,241,121,32,249,143,
419.000000,199.000000,0.068349,1767472640.000000,1.415733,0,1
28,29,41,28,115,116,86,242,
452.000000,199.000000,0.071498,138709792.000000,0.107880,0,1
255,255,255,224,211,250,98,43,
529.000000,199.000000,0.084457,771127040.000000,0.180016,0,1
69,36,159,37,131,247,165,254,
54.000000,200.000000,0.045757,134798912.000000,0.125307,0,1
150,73,72,24,23,21,18,18,
148.000000,200.000000,0.039971,110814800.000000,0.188099,0,1
174,81,95,58,66,64,58,52,
207.000000,200.000000,0.087592,45361468.000000,0.132005,0,1
41,60,35,63,54,17,56,45,
208.000000,200.000000,0.088102,65358936.000000,0.132774,0,1
28,52,16,61,37,11,49,32,
273.000000,200.000000,0.049356,47260172.000000,0.104883,0,1
18,21,15,30,78,13,66,45,
544.000000,200.000000,0.085890,1063361792.000000,0.340403,0,1
221,231,106,126,99,29,40,29,
576.000000,200.000000,0.090427,1707774720.000000,0.417329,0,1
26,87,31,179,64,31,146,57,
611.000000,200.000000,0.095019,1464700160.000000,0.322191,0,1
255,240,157,177,123,42,101,44,
637.000000,201.000000,0.099408,809105152.000000,0.331029,0,1
223,75,249,24,113,213,33,69,
97.000000,202.000000,0.042197,363485248.000000,0.099159,0,1
66,187,113,189,152,70,64,47,
281.000000,202.000000,0.049965,22931540.000000,0.387302,0,1
12,13,12,34,31,26,44,49,
296.000000,202.000000,0.050499,58353456.000000,0.090880,0,1
19,32,16,146,64,14,152,52,
361.000000,202.000000,0.059733,481436928.000000,0.230428,0,1
228,181,255,128,196,189,76,41,
595.000000,202.000000,0.093112,1962067328.000000,0.468242,0,1
37,42,136,29,163,193,126,255,
412.000000,203.000000,0.066959,292507840.000000,0.149357,0,1
254,143,165,34,117,41,30,31,
230.000000,204.000000,0.089463,40157016.000000,0.242692,0,1
47,31,50,23,43,48,28,41,
562.000000,204.000000,0.087473,731276160.000000,0.488898,0,1
255,211,255,58,154,251,32,27,
606.000000,204.000000,0.093933,1209857792.000000,0.315069,0,1
254,252,186,252,164,41,158,38,
43.000000,205.000000,0.045173,332396096.000000,0.128448,0,1
23,38,69,41,116,154,100,60,
319.000000,205.000000,0.055886,41746500.000000,0.318875,0,1
15,17,17,42,37,31,63,67,
327.000000,205.000000,0.052564,57980776.000000,0.289396,0,1
18,15,16,32,40,30,61,76,
491.000000,205.000000,0.078728,2290456576.000000,0.886126,0,1
42,185,42,254,168,39,255,247,
32.000000,206.000000,0.043938,515060352.000000,0.128957,0,1
19,32,18,115,59,21,94,49,
474.000000,206.000000,0.076142,3851204096.000000,0.999735,0,1
94,227,46,255,118,35,216,65,
570.000000,207.000000,0.090066,2854602496.000000,0.406781,0,1
155,243,61,255,151,25,245,170,
32.000000,208.000000,0.043821,417695040.000000,0.128803,0,1
59,94,40,76,49,33,37,34,
208.000000,208.000000,0.088858,49513904.000000,0.277419,0,1
33,44,19,46,32,12,38,30,
230.000000,208.000000,0.089995,26389890.000000,0.245668,0,1
41,28,43,23,38,43,26,35,
334.000000,208.000000,0.057491,47915904.000000,0.290470,0,1
25,64,57,73,72,70,78,77,
407.000000,208.000000,0.069363,70691160.000000,1.572829,0,1
64,63,77,35,40,44,28,23,
448.000000,208.000000,0.072375,364124160.000000,0.166428,0,1
149,144,89,96,49,32,71,93,
534.000000,208.000000,0.084916,1695194624.000000,0.640716,0,1
243,92,255,32,158,255,46,87,
600.000000,208.000000,0.094759,1389281536.000000,0.489476,0,1
208,251,132,173,161,63,73,23,
362.000000,209.000000,0.061475,63306756.000000,0.240630,0,1
22,23,22,52,47,41,66,68,
378.000000,210.000000,0.064055,47003584.000000,0.215026,0,1
23,22,22,34,29,26,60,65,
384.000000,211.000000,0.064385,47481152.000000,0.204955,0,1
22,23,22,46,40,33,58,49,
551.000000,211.000000,0.088702,1301483648.000000,0.567157,0,1
102,244,67,204,188,42,218,209,
631.000000,211.000000,0.098648,1089690880.000000,0.368390,0,1
52,27,155,17,64,240,22,22,
664.000000,211.000000,0.103449,400646368.000000,0.381691,0,1
35,139,47,255,156,60,229,238,
184.000000,212.000000,0.047514,7974543.500000,0.178247,0,1
59,63,71,55,63,63,54,48,
504.000000,214.000000,0.081201,72785536.000000,0.824940,0,1
19,19,20,43,33,29,70,47,
560.000000,214.000000,0.088450,1968777344.000000,0.383610,0,1
127,239,48,252,108,26,160,41,
648.000000,214.000000,0.099371,431082912.000000,0.346328,0,1
217,130,244,38,132,111,30,25,
595.000000,215.000000,0.093142,420279040.000000,0.306546,0,1
30,144,39,255,181,34,255,243,
430.000000,216.000000,0.072290,309959072.000000,1.367922,0,1
21,23,21,56,50,41,74,80,
517.000000,216.000000,0.082854,145495232.000000,0.184663,0,1
255,153,253,62,167,218,62,39,
552.000000,216.000000,0.089003,1777036800.000000,0.373470,0,1
91,241,49,255,107,41,236,90,
560.000000,216.000000,0.088085,1435804672.000000,0.533008,0,1
108,160,34,104,41,22,33,26,
569.000000,216.000000,0.089333,841919680.000000,0.493607,0,1
252,181,135,38,72,32,23,19,
520.000000,217.000000,0.083958,657087872.000000,0.394574,0,1
254,218,218,89,109,118,38,40,
634.000000,217.000000,0.097756,210083280.000000,0.324548,0,1
20,35,24,150,92,28,240,249,
531.000000,218.000000,0.085154,100186656.000000,0.322877,0,1
35,110,75,69,76,57,33,32,
551.000000,218.000000,0.088496,912687488.000000,0.370153,0,1
243,254,104,193,204,42,132,43,
594.000000,218.000000,0.092803,1065309568.000000,0.469730,0,1
255,248,243,155,174,95,47,23,
456.000000,219.000000,0.076194,409131744.000000,1.169029,0,1
20,26,24,64,54,44,85,91,
580.000000,221.000000,0.091736,913515264.000000,0.468684,0,1
255,233,255,108,176,196,70,39,
631.000000,221.000000,0.097487,618553792.000000,0.321021,0,1
124,68,253,41,110,199,34,19,
174.000000,222.000000,0.045165,2060720.875000,0.180915,0,1
49,46,50,39,42,40,34,31,
209.000000,222.000000,0.090049,37643072.000000,0.284887,0,1
23,31,14,37,24,12,34,25,
423.000000,222.000000,0.076096,15395696.000000,0.182499,0,1
92,100,105,91,97,101,83,75,
585.000000,222.000000,0.092213,1221471488.000000,0.453776,0,1
255,211,215,112,128,115,50,27,
656.000000,222.000000,0.101172,1009039936.000000,0.416095,0,1
22,75,41,182,184,47,255,240,
230.000000,223.000000,0.090248,26831908.000000,0.253554,0,1
30,25,42,22,31,41,24,28,
600.000000,223.000000,0.093302,18347224.000000,0.486067,0,1
11,21,16,42,35,31,39,23,
652.000000,223.000000,0.101346,1392802688.000000,0.412658,0,1
25,23,108,18,66,242,23,23,
266.000000,224.000000,0.067029,6007259.000000,0.574016,0,1
46,43,38,38,38,36,37,33,
295.000000,224.000000,0.076716,5255849.500000,0.529695,0,1
49,55,42,46,43,36,41,34,
330.000000,224.000000,0.057051,4829432.500000,0.314757,0,1
59,63,57,62,57,51,56,52,
341.000000,224.000000,0.056149,5993774.000000,0.283034,0,1
74,70,62,69,67,56,63,55,
376.000000,224.000000,0.071817,56986556.000000,2.005051,0,1
66,77,62,84,67,60,72,63,
439.000000,224.000000,0.081248,51746020.000000,1.393648,0,1
82,80,81,85,87,93,101,100,
442.000000,224.000000,0.079549,47294992.000000,1.343842,0,1
93,83,93,89,101,110,105,94,
499.000000,224.000000,0.081344,439360256.000000,0.881105,0,1
19,29,38,59,62,55,78,85,
593.000000,224.000000,0.093551,38019932.000000,0.474482,0,1
50,56,54,32,35,38,22,26,
615.000000,224.000000,0.098176,20983778.000000,0.547047,0,1
12,12,13,30,26,25,40,24,
505.000000,225.000000,0.083177,326965376.000000,0.852658,0,1
19,36,29,69,62,53,82,78,
600.000000,225.000000,0.091443,14341424.000000,0.475727,0,1
35,39,38,23,23,25,20,23,
304.000000,226.000000,0.077141,2208942.250000,0.490357,0,1
43,39,38,37,37,37,32,31,
430.000000,226.000000,0.083181,52537892.000000,1.519659,0,1
77,75,79,74,83,91,89,79,
676.000000,226.000000,0.104198,617279936.000000,0.403150,0,1
255,249,197,131,146,69,65,25,
230.000000,227.000000,0.090389,20142772.000000,0.256072,0,1
28,23,36,21,29,42,23,24,
411.000000,227.000000,0.081231,27245450.000000,0.220275,0,1
97,104,104,88,95,94,85,79,
516.000000,227.000000,0.086825,242173472.000000,0.804595,0,1
37,37,44,34,51,69,56,72,
664.000000,227.000000,0.102917,1212648320.000000,0.434404,0,1
171,71,249,24,135,243,57,68,
156.000000,228.000000,0.037401,3029429.000000,0.166122,0,1
29,27,30,24,26,28,24,26,
240.000000,228.000000,0.084061,4450816.000000,0.231002,0,1
42,37,36,34,33,34,28,23,
419.000000,228.000000,0.085215,26003962.000000,1.644438,0,1
69,66,69,70,75,81,82,72,
548.000000,229.000000,0.086116,276516992.000000,0.622424,0,1
19,64,21,124,91,21,71,72,
568.000000,230.000000,0.089211,266383216.000000,0.407601,0,1
17,19,16,151,64,17,187,78,
559.000000,231.000000,0.090487,414625312.000000,0.592275,0,1
15,26,24,56,48,58,72,79,
563.000000,232.000000,0.086271,65115128.000000,0.264886,0,1
211,94,166,70,78,84,76,74,
595.000000,233.000000,0.093999,723337984.000000,0.484778,0,1
17,17,20,20,86,57,73,91,
175.000000,234.000000,0.085655,3279138.750000,0.335623,0,1
32,32,35,29,28,28,24,21,
177.000000,234.000000,0.083125,2163460.000000,0.316473,0,1
38,35,35,28,28,28,24,22,
591.000000,235.000000,0.095752,436732672.000000,0.489835,0,1
15,32,27,56,53,51,67,68,
600.000000,235.000000,0.096166,337845696.000000,0.508510,0,1
19,74,25,98,87,26,66,69,
455.000000,236.000000,0.094644,40575308.000000,1.375646,0,1
97,99,110,85,93,88,77,75,
529.000000,236.000000,0.096460,122920728.000000,0.793390,0,1
81,88,88,96,103,108,117,110,
539.000000,236.000000,0.095605,49532136.000000,0.391699,0,1
99,105,101,103,97,87,90,90,
639.000000,238.000000,0.099390,701216128.000000,0.397421,0,1
17,29,36,28,121,117,84,73,
516.000000,239.000000,0.100518,53740412.000000,0.904895,0,1
80,75,83,75,84,95,92,91,
336.000000,240.000000,0.088011,21027772.000000,0.448547,0,1
52,49,54,45,50,60,45,48,
520.000000,240.000000,0.100391,81154344.000000,0.880560,0,1
93,98,102,100,95,88,85,75,
599.000000,240.000000,0.098479,19706086.000000,0.523119,0,1
68,65,63,83,78,73,81,71,
639.000000,240.000000,0.099247,827972672.000000,0.403848,0,1
121,84,218,50,73,111,72,82,
659.000000,240.000000,0.104505,140411616.000000,0.386421,0,1
18,56,28,191,136,79,220,138,
608.000000,241.000000,0.100554,28342152.000000,0.555360,0,1
68,59,60,83,79,74,81,68,
316.000000,242.000000,0.069347,2543232.750000,0.429419,0,1
31,29,32,25,28,33,23,29,
514.000000,242.000000,0.101892,93286408.000000,0.934190,0,1
89,95,94,89,80,75,69,63,
617.000000,242.000000,0.101685,27162002.000000,0.582622,0,1
71,61,63,80,77,74,77,72,
664.000000,242.000000,0.102930,381621728.000000,0.446846,0,1
18,56,16,130,37,18,62,62,
511.000000,243.000000,0.101806,73341056.000000,0.960735,0,1
96,100,89,89,81,69,78,72,
380.000000,244.000000,0.099571,107243320.000000,2.325452,0,1
51,49,54,47,50,53,44,44,
570.000000,244.000000,0.092857,31761106.000000,0.594629,0,1
82,88,79,98,90,81,96,87,
444.000000,246.000000,0.103482,25574220.000000,1.557361,0,1
65,66,71,61,62,62,58,55,
538.000000,248.000000,0.082921,30413172.000000,0.716846,0,1
94,91,88,84,86,81,79,75,
356.000000,249.000000,0.093660,5166075.000000,2.649207,0,1
53,47,58,44,53,57,44,47,
672.000000,249.000000,0.111784,39546004.000000,0.492779,0,1
72,69,67,85,80,76,90,81,
662.000000,251.000000,0.115718,115658144.000000,0.495192,0,1
77,69,73,77,86,94,97,105,
664.000000,251.000000,0.115051,101589696.000000,0.497474,0,1
75,73,85,86,94,94,103,105,
476.000000,252.000000,0.110045,47936192.000000,1.312864,0,1
79,78,74,67,63,63,58,59,
655.000000,254.000000,0.118464,80949488.000000,0.499890,0,1
82,88,89,89,98,106,101,104,
272.000000,256.000000,0.109941,3325529.000000,0.839955,0,1
25,20,24,19,19,20,19,19,
457.000000,256.000000,0.113609,27278580.000000,1.526629,0,1
63,63,62,64,58,52,53,48,
468.000000,256.000000,0.100879,24090514.000000,1.334011,0,1
63,57,60,51,54,55,50,49,
484.000000,256.000000,0.107632,10246527.000000,1.239556,0,1
59,57,60,54,55,60,54,52,
349.000000,257.000000,0.106702,8642032.000000,0.512586,0,1
54,54,52,45,51,46,44,40,
512.000000,258.000000,0.102230,4702728.000000,1.002228,0,1
57,57,57,51,53,56,48,49,
655.000000,258.000000,0.123123,127315696.000000,0.521981,0,1
104,108,106,103,96,86,86,73,
656.000000,258.000000,0.123054,140373728.000000,0.522920,0,1
106,107,100,101,90,84,81,72,
413.000000,259.000000,0.082450,9666837.000000,1.742979,0,1
45,49,44,55,45,41,50,48,
446.000000,259.000000,0.118377,13916145.000000,1.680842,0,1
55,59,56,55,55,50,48,46,
432.000000,260.000000,0.108354,24289240.000000,1.763501,0,1
44,42,47,44,46,53,52,49,
352.000000,261.000000,0.110437,17256316.000000,2.951719,0,1
45,42,43,37,38,40,34,31,
431.000000,262.000000,0.118855,6364932.000000,1.777615,0,1
44,49,53,48,48,49,43,41,
647.000000,262.000000,0.126545,129096104.000000,0.553561,0,1
103,99,91,94,82,75,73,69,
419.000000,263.000000,0.109168,6019824.000000,1.306338,0,1
41,41,40,44,47,47,49,49,
302.000000,264.000000,0.116030,3640828.500000,0.741236,0,1
29,28,29,21,24,27,21,21,
538.000000,264.000000,0.102148,5391263.500000,0.860890,0,1
64,61,59,59,57,56,55,52,
643.000000,264.000000,0.128339,142518656.000000,0.571889,0,1
97,89,83,85,74,68,66,62,
311.000000,267.000000,0.122785,5955791.000000,3.981399,0,1
28,26,29,20,24,28,20,20,
584.000000,267.000000,0.126268,6225141.000000,0.736766,0,1
56,57,60,51,53,54,49,49,
635.000000,267.000000,0.131938,119824520.000000,0.606483,0,1
88,86,83,81,76,65,67,57,
317.000000,269.000000,0.121296,3762417.250000,0.743025,0,1
29,27,29,21,24,28,20,21,
631.000000,269.000000,0.133422,76517352.000000,0.626793,0,1
81,77,75,72,68,62,61,55,
617.000000,270.000000,0.134702,50738060.000000,0.665619,0,1
51,50,54,54,61,65,69,71,
325.000000,271.000000,0.125682,7410913.500000,3.702570,0,1
32,31,32,24,28,29,21,22,
326.000000,272.000000,0.122860,4265494.500000,0.685107,0,1
32,28,29,21,25,28,22,23,
390.000000,272.000000,0.109501,6288755.500000,2.349415,0,1
35,37,36,36,36,32,33,29,
624.000000,273.000000,0.136425,58594100.000000,0.667939,0,1
69,65,60,60,56,55,51,49,
617.000000,275.000000,0.138564,69933952.000000,0.699799,0,1
68,68,64,65,59,53,53,48,
350.000000,279.000000,0.123927,7815744.000000,3.308236,0,1
34,30,32,23,25,28,22,24,
353.000000,279.000000,0.135606,36419692.000000,3.232273,0,1
35,31,35,26,31,36,24,26,
607.000000,279.000000,0.141820,18826224.000000,0.756333,0,1
58,59,56,60,53,48,49,45,
605.000000,280.000000,0.143060,43638552.000000,0.875882,0,1
59,61,58,57,52,46,48,47,
424.000000,282.000000,0.097170,9713920.000000,1.832879,0,1
48,45,48,40,43,45,39,38,
375.000000,285.000000,0.143033,2674544.250000,0.616318,0,1
33,30,33,25,28,33,23,25,
442.000000,287.000000,0.136072,19328654.000000,1.926751,0,1
54,49,54,41,48,53,39,37,
586.000000,287.000000,0.150124,46739908.000000,0.893448,0,1
62,65,61,68,60,55,58,47,
582.000000,288.000000,0.150629,35282544.000000,0.916319,0,1
65,61,67,56,59,62,54,45,
444.000000,289.000000,0.127489,11140596.000000,1.860039,0,1
53,47,49,37,44,44,36,35,
568.000000,290.000000,0.155614,24436194.000000,1.005027,0,1
39,36,42,38,45,52,49,53,
407.000000,295.000000,0.150702,3495435.500000,0.579376,0,1
34,29,33,21,25,31,22,23,
584.000000,289.000000,0.150172,59206964.000000,0.911848,0,1
68,61,58,51,50,47,43,41,
599.000000,277.000000,0.143506,42387720.000000,0.857092,0,1
47,48,48,50,53,56,58,61,
613.000000,272.000000,0.136609,58527584.000000,0.690654,0,1
53,51,60,53,61,69,63,66,
615.000000,270.000000,0.135359,47137764.000000,0.672359,0,1
51,51,50,53,54,61,60,69,
388.000000,268.000000,0.055486,3460249.500000,0.252125,0,1
37,43,34,43,37,31,38,35,
334.000000,250.000000,0.097609,2519432.500000,0.511625,0,1
47,43,48,41,43,49,41,40,
136.000000,58.000000,0.192956,107326528.000000,0.765059,0,1
64,65,48,69,58,58,73,58,
502.000000,245.000000,0.105629,48314968.000000,1.048900,0,1
86,89,92,80,77,76,67,64,
527.000000,239.000000,0.099792,59012472.000000,0.829767,0,1
110,106,110,96,93,93,81,81,
379.000000,237.000000,0.100067,38286844.000000,2.334594,0,1
62,64,67,56,56,59,51,53,
201.000000,65.000000,0.174417,37469924.000000,0.518133,0,1
32,42,34,36,25,15,17,13,
398.000000,234.000000,0.091271,24024686.000000,2.002426,0,1
60,62,61,55,52,53,51,49,
232.000000,228.000000,0.088260,15917914.000000,0.251695,0,1
39,38,41,27,37,36,28,26,
541.000000,227.000000,0.086128,343285152.000000,0.654235,0,1
19,19,20,32,64,53,148,102,
525.000000,227.000000,0.086651,318754208.000000,0.747372,0,1
17,27,22,61,52,41,83,86,
191.000000,78.000000,0.158871,249372320.000000,0.496734,0,1
24,53,25,176,112,24,247,123,
360.000000,225.000000,0.060577,12227217.000000,0.260286,0,1
63,68,58,69,64,56,68,62,
495.000000,224.000000,0.081611,369853280.000000,0.910575,0,1
20,40,33,73,68,59,84,85,
209.000000,224.000000,0.090606,33517396.000000,0.287196,0,1
24,34,16,38,25,12,32,22,
492.000000,223.000000,0.081511,338789472.000000,0.929429,0,1
19,26,22,55,48,40,77,84,
522.000000,215.000000,0.083701,414345760.000000,0.189789,0,1
210,248,112,254,178,41,218,118,
632.000000,211.000000,0.098761,874423872.000000,0.324638,0,1
128,70,240,26,147,255,33,25,
373.000000,210.000000,0.063265,65325480.000000,0.223272,0,1
23,23,22,51,45,38,67,66,
454.000000,112.000000,0.172334,2370082.000000,1.707243,0,1
11,11,13,13,14,16,22,26,
332.000000,206.000000,0.052141,14665608.000000,0.079425,0,1
17,24,18,99,63,25,75,73,
527.000000,205.000000,0.083386,1100391424.000000,0.669849,0,1
241,142,239,41,107,117,34,28,
304.000000,204.000000,0.052890,161460448.000000,0.342996,0,1
23,71,29,59,75,36,57,60,
68.000000,204.000000,0.042704,125514464.000000,0.111712,0,1
16,41,16,75,53,16,43,31,
405.000000,203.000000,0.064738,161939280.000000,0.105537,0,1
118,152,38,59,65,24,45,38,
505.000000,202.000000,0.079754,914602496.000000,0.788536,0,1
255,195,187,108,111,70,43,28,
115.000000,200.000000,0.042045,94390640.000000,0.091590,0,1
22,20,18,62,75,48,69,47,
95.000000,200.000000,0.038703,47506808.000000,0.091032,0,1
23,28,31,50,70,66,177,189,
155.000000,196.000000,0.039265,172789520.000000,0.069907,0,1
33,38,31,163,121,37,171,81,
558.000000,194.000000,0.087634,880696960.000000,0.370098,0,1
36,47,105,56,140,220,96,221,
583.000000,192.000000,0.091587,173070288.000000,0.434362,0,1
255,248,253,155,191,196,47,28,
508.000000,191.000000,0.082499,170796032.000000,0.766984,0,1
28,36,36,62,100,69,207,255,
602.000000,133.000000,0.095748,385931744.000000,0.491360,0,1
216,139,183,39,74,43,27,20,
548.000000,185.000000,0.087076,893639872.000000,0.348597,0,1
222,88,247,29,166,255,39,63,
104.000000,185.000000,0.042286,530753024.000000,0.094793,0,1
73,47,102,50,128,194,122,175,
524.000000,184.000000,0.084122,1024720576.000000,0.297280,0,1
205,245,86,189,128,30,204,143,
572.000000,183.000000,0.091066,386005696.000000,0.230615,0,1
33,25,81,15,49,239,21,64,
130.000000,183.000000,0.038401,54295012.000000,0.076029,0,1
25,54,64,113,154,163,207,228,
528.000000,140.000000,0.084287,160260608.000000,0.300929,0,1
37,50,114,80,195,240,232,247,
65.000000,183.000000,0.043490,313804608.000000,0.113047,0,1
16,21,16,52,33,17,117,97,
87.000000,182.000000,0.043229,473619264.000000,0.103603,0,1
26,35,80,43,114,176,110,157,
528.000000,181.000000,0.082155,379491136.000000,0.155521,0,1
147,248,46,255,78,22,74,25,
578.000000,180.000000,0.091394,1013388992.000000,0.251482,0,1
122,126,249,63,199,255,147,248,
511.000000,180.000000,0.082812,698979072.000000,0.271739,0,1
27,25,118,21,114,250,28,63,
115.000000,180.000000,0.040883,446415808.000000,0.086813,0,1
221,177,229,68,151,204,37,29,
499.000000,144.000000,0.079941,755419584.000000,0.241291,0,1
42,174,30,255,98,23,209,52,
557.000000,144.000000,0.089138,248105424.000000,0.208565,0,1
227,207,152,86,125,40,50,26,
102.000000,180.000000,0.041108,611114880.000000,0.092375,0,1
71,179,50,199,134,38,113,41,
338.000000,146.000000,0.056299,221458640.000000,0.248756,0,1
255,203,255,49,182,182,36,31,
439.000000,177.000000,0.068590,294624320.000000,0.137852,0,1
25,25,101,24,93,253,126,189,
422.000000,175.000000,0.068601,839963328.000000,1.374522,0,1
23,27,27,80,91,74,241,255,
306.000000,175.000000,0.051432,103682376.000000,0.077511,0,1
23,26,33,30,80,113,118,250,
615.000000,148.000000,0.096682,447230112.000000,0.523040,0,1
160,40,155,21,26,59,20,19,
119.000000,175.000000,0.039413,85334000.000000,0.081659,0,1
24,35,36,102,120,110,207,221,
564.000000,151.000000,0.090187,1090795392.000000,0.414113,0,1
31,101,42,201,139,38,216,202,
568.000000,168.000000,0.090600,682394240.000000,0.401636,0,1
176,167,108,101,114,63,43,19,
474.000000,153.000000,0.074638,306753984.000000,0.191221,0,1
29,33,103,27,183,189,73,193,
162.000000,168.000000,0.038677,103747240.000000,0.063099,0,1
247,183,200,48,71,89,30,27,
671.000000,167.000000,0.111181,6276137.500000,0.443309,0,1
15,14,15,19,20,21,41,42,
95.000000,155.000000,0.043847,424859424.000000,0.100509,0,1
27,27,26,39,89,90,102,158,
72.000000,167.000000,0.042527,508869856.000000,0.106807,0,1
19,40,19,96,46,26,144,153,
240.000000,166.000000,0.033554,146649744.000000,0.050704,0,1
66,110,26,139,56,23,79,21,
111.000000,166.000000,0.039775,164528304.000000,0.084989,0,1
23,54,40,129,106,108,202,211,
69.000000,166.000000,0.042029,412424320.000000,0.106604,0,1
22,61,37,161,133,40,180,191,
527.000000,165.000000,0.086970,357457088.000000,0.175338,0,1
24,23,91,19,97,187,49,138,
455.000000,157.000000,0.075503,665798400.000000,0.600223,0,1
27,80,33,139,118,28,202,184,
136.000000,162.000000,0.038488,91369320.000000,0.072543,0,1
251,167,211,53,103,114,28,31,
458.000000,159.000000,0.074966,630574400.000000,1.091923,0,1
26,37,68,105,110,164,141,209,
423.000000,160.000000,0.069679,288133760.000000,0.120169,0,1
147,64,130,26,81,56,26,23,
152.000000,160.000000,0.036990,58972688.000000,0.063574,0,1
173,151,179,57,101,109,35,23,
123.000000,160.000000,0.039975,500803840.000000,0.080544,0,1
210,236,146,212,126,44,96,29,
412.000000,159.000000,0.066810,124056752.000000,0.103384,0,1
28,45,45,104,113,59,161,201,
576.000000,160.000000,0.091028,1419674624.000000,0.413828,0,1
54,128,32,156,59,20,102,36,
486.000000,249.000000,0.108466,34708872.000000,1.202254,0,1
74,80,81,72,70,69,59,59,
317.000000,162.000000,0.053262,64554880.000000,0.080269,0,1
42,39,123,39,83,154,39,53,
114.000000,158.000000,0.041234,543372288.000000,0.086771,0,1
67,49,154,51,139,241,164,244,
622.000000,238.000000,0.101527,208853936.000000,0.590504,0,1
13,19,17,45,40,35,64,73,
496.000000,157.000000,0.079512,3669719552.000000,0.814956,0,1
125,235,48,255,130,29,205,58,
190.000000,80.000000,0.160059,569184512.000000,0.501026,0,1
156,255,188,221,184,39,108,32,
593.000000,165.000000,0.093967,1019032192.000000,0.462523,0,1
18,18,79,18,76,163,32,77,
128.000000,103.000000,0.159463,20182500.000000,0.658303,0,1
56,80,76,85,91,91,25,19,
139.000000,104.000000,0.156914,15877981.000000,0.618304,0,1
52,77,79,30,33,38,18,16,
151.000000,104.000000,0.155520,9569116.000000,0.580706,0,1
49,65,68,50,55,64,20,15,
152.000000,104.000000,0.155387,12053190.000000,0.577571,0,1
49,66,68,52,61,63,21,15,
341.000000,210.000000,0.064849,35754736.000000,0.304311,0,1
66,61,66,43,42,68,21,39,
440.000000,209.000000,0.072382,4069867520.000000,1.263581,0,1
161,134,254,96,168,201,68,51,
424.000000,209.000000,0.069413,932811136.000000,1.387160,0,1
121,109,81,55,57,58,39,31,
439.000000,208.000000,0.071830,2325507840.000000,1.266207,0,1
35,34,161,57,134,254,96,68,
423.000000,208.000000,0.069274,1704385024.000000,1.394522,0,1
251,207,121,99,109,81,55,39,
413.000000,208.000000,0.070293,289700512.000000,1.510941,0,1
48,81,44,53,47,41,36,29,
352.000000,208.000000,0.060193,56672236.000000,0.258042,0,1
20,29,21,46,43,39,63,73,
440.000000,207.000000,0.071585,2892159232.000000,1.253202,0,1
44,35,196,34,161,255,134,168,
433.000000,168.000000,0.071832,43517292.000000,0.108255,0,1
172,160,144,86,114,75,42,26,
458.000000,204.000000,0.073170,713133760.000000,0.178144,0,1
207,255,84,248,162,38,145,43,
379.000000,204.000000,0.062555,507302112.000000,0.202028,0,1
250,189,255,73,137,165,49,35,
94.000000,169.000000,0.040637,335102432.000000,0.093632,0,1
142,200,166,193,110,56,81,28,
442.000000,152.000000,0.073706,107027432.000000,0.149590,0,1
232,219,182,170,174,111,68,28,
293.000000,201.000000,0.048710,41051840.000000,0.088852,0,1
23,18,19,17,40,32,99,142,
498.000000,200.000000,0.079647,1522585472.000000,0.833703,0,1
72,35,208,29,66,226,30,32,
130.000000,200.000000,0.038423,194438384.000000,0.077977,0,1
23,73,22,90,52,34,43,46,
127.000000,200.000000,0.040033,251227808.000000,0.082531,0,1
101,115,112,68,112,70,52,51,
143.000000,152.000000,0.036395,138274816.000000,0.065613,0,1
229,216,255,71,197,251,47,27,
104.000000,122.000000,0.103285,42976276.000000,0.247910,0,1
103,118,102,91,83,78,38,17,
264.000000,199.000000,0.045682,162231072.000000,0.103963,0,1
21,24,26,27,109,91,76,67,
499.000000,197.000000,0.079592,1431841152.000000,0.821994,0,1
48,47,125,33,132,187,72,208,
384.000000,151.000000,0.064158,311284480.000000,0.158992,0,1
245,232,127,215,105,30,95,32,
523.000000,127.000000,0.083140,727594816.000000,0.289953,0,1
49,56,216,36,190,255,59,90,
471.000000,193.000000,0.075745,998471488.000000,0.197142,0,1
61,42,201,40,170,255,147,255,
493.000000,129.000000,0.079056,1558011264.000000,0.848520,0,1
60,48,208,26,168,255,30,48,
135.000000,192.000000,0.040373,246846080.000000,0.079177,0,1
35,27,72,23,48,142,31,28,
116.000000,192.000000,0.041298,613446080.000000,0.088524,0,1
70,60,175,50,140,235,71,108,
440.000000,133.000000,0.071882,322054816.000000,0.144164,0,1
30,28,82,25,135,209,79,238,
136.000000,175.000000,0.040247,186895072.000000,0.076814,0,1
31,47,109,63,169,226,179,141,
485.000000,185.000000,0.077104,2048111104.000000,0.896022,0,1
255,214,255,51,163,255,36,45,
466.000000,185.000000,0.075072,1858693888.000000,1.033094,0,1
255,122,255,35,131,161,43,40,
184.000000,183.000000,0.032729,37606928.000000,0.049324,0,1
67,64,66,57,54,53,31,21,
527.000000,181.000000,0.083596,616574400.000000,0.299193,0,1
235,254,130,243,191,33,144,32,
152.000000,176.000000,0.039970,272145088.000000,0.070002,0,1
145,107,192,38,95,106,35,23,
309.000000,142.000000,0.051240,414715392.000000,0.300863,0,1
42,65,185,31,153,181,26,23,
450.000000,143.000000,0.074424,123494768.000000,0.624491,0,1
27,33,49,60,132,116,202,255,
383.000000,177.000000,0.063192,324616320.000000,0.170408,0,1
181,245,52,255,106,24,213,46,
494.000000,180.000000,0.078578,552540864.000000,0.131853,0,1
248,250,107,255,131,29,202,58,
447.000000,144.000000,0.075626,98961696.000000,0.160125,0,1
27,47,60,120,139,202,166,238,
