# timestamp
1608635208940989184

# fx, fy, cx, cy, width, height, npoints
501.483917,501.475464,421.792175,167.664658,800,400,523

# camToWorld: translation vector, rotation quaternion
-32.042503,64.138894,6.971944,-0.009374,-0.724380,0.689323,-0.004430

# Exposure time (ms)
0.288322

# Point Cloud Data : 
# u,v,idepth_scaled,idepth_hessian,maxRelBaseline,numGoodRes,status 
# color information 
752.000000,260.000000,0.106708,12829520.000000,1.462618,0,1
24,22,22,17,19,20,12,15,
343.000000,298.000000,0.172604,857559.625000,1.302259,0,1
60,59,55,65,63,63,65,64,
758.000000,69.000000,0.052154,79668728.000000,0.704743,0,1
79,84,76,89,81,70,87,85,
762.000000,70.000000,0.051406,197672592.000000,0.961386,0,1
73,70,71,70,68,67,60,58,
748.000000,99.000000,0.050042,17916352.000000,0.404297,0,1
65,67,63,73,68,60,74,67,
610.000000,108.000000,0.056642,45262580.000000,0.566863,0,1
47,52,37,52,49,36,53,38,
668.000000,207.000000,0.160202,3197241.000000,1.300920,0,1
22,23,22,16,20,17,16,17,
59.000000,231.000000,0.085246,10281923.000000,2.625971,0,1
62,75,80,70,71,71,63,60,
42.000000,232.000000,0.084539,17627952.000000,2.741086,0,1
68,78,81,66,67,66,62,60,
70.000000,250.000000,0.107866,18805856.000000,2.827347,0,1
61,62,63,66,68,70,88,73,
86.000000,250.000000,0.106694,17863900.000000,2.667046,0,1
61,63,64,76,74,72,78,66,
56.000000,251.000000,0.106841,25090308.000000,2.946281,0,1
60,65,67,79,79,78,86,66,
69.000000,252.000000,0.106353,15056014.000000,2.824538,0,1
67,86,88,73,72,73,63,61,
82.000000,252.000000,0.105739,11595843.000000,2.700700,0,1
75,75,76,69,69,70,64,62,
86.000000,252.000000,0.105879,14473678.000000,2.661812,0,1
74,78,79,70,66,64,65,66,
55.000000,253.000000,0.107223,16326817.000000,2.963990,0,1
79,85,86,68,66,65,63,64,
736.000000,253.000000,0.087256,7474472.000000,1.009654,0,1
6,10,7,16,13,12,21,24,
748.000000,255.000000,0.089645,5150343.500000,1.067956,0,1
9,14,13,22,21,20,25,24,
98.000000,287.000000,0.146285,20592200.000000,2.994610,0,1
63,62,63,70,69,70,76,76,
88.000000,288.000000,0.146119,22189034.000000,3.093061,0,1
62,66,65,76,78,79,81,76,
120.000000,289.000000,0.145746,28119950.000000,2.786266,0,1
80,83,83,78,77,75,65,61,
93.000000,290.000000,0.145182,11453617.000000,3.043888,0,1
78,82,77,74,74,71,65,61,
633.000000,287.000000,0.151670,239519808.000000,1.386962,0,1
50,53,40,55,43,30,49,35,
663.000000,279.000000,0.147329,11879721.000000,1.437255,0,1
12,16,13,24,21,16,29,34,
614.000000,78.000000,0.053413,46449632.000000,0.583195,0,1
54,39,58,36,48,59,37,44,
628.000000,96.000000,0.020575,420303040.000000,0.315669,0,1
73,65,76,62,70,76,60,68,
675.000000,99.000000,0.003706,2779804928.000000,0.085403,0,1
48,36,51,40,53,67,42,56,
560.000000,40.000000,0.019904,43994844.000000,0.302201,0,1
103,102,101,101,97,98,98,87,
563.000000,44.000000,0.021479,435762656.000000,0.312328,0,1
97,93,91,84,87,94,81,79,
555.000000,45.000000,0.017590,105530064.000000,0.261641,0,1
99,100,86,98,93,88,93,86,
573.000000,45.000000,0.020507,132195760.000000,0.306690,0,1
102,100,96,97,91,94,91,78,
586.000000,47.000000,0.021021,132972896.000000,0.287525,0,1
98,96,85,91,83,73,88,64,
589.000000,53.000000,0.020696,142714752.000000,0.308909,0,1
73,70,85,72,84,91,86,78,
541.000000,55.000000,0.019947,56077640.000000,0.258083,0,1
96,97,94,97,92,94,95,83,
596.000000,55.000000,0.018489,130029872.000000,0.288032,0,1
96,94,94,90,89,89,91,79,
595.000000,58.000000,0.019838,320105120.000000,0.298041,0,1
91,88,79,80,74,81,68,71,
560.000000,59.000000,0.021344,329641632.000000,0.272135,0,1
73,58,80,63,65,65,56,52,
591.000000,59.000000,0.020838,172804512.000000,0.302327,0,1
74,69,77,69,78,74,70,73,
543.000000,61.000000,0.020800,308539392.000000,0.250098,0,1
87,76,89,72,80,91,69,76,
545.000000,64.000000,0.020200,304586944.000000,0.237498,0,1
88,82,91,74,82,93,71,76,
582.000000,64.000000,0.020035,241655856.000000,0.285365,0,1
62,53,64,60,57,68,53,61,
553.000000,66.000000,0.022655,44522144.000000,0.159859,0,1
81,77,75,66,71,64,67,66,
601.000000,66.000000,0.022340,90678784.000000,0.306698,0,1
79,82,72,78,76,70,80,71,
573.000000,68.000000,0.021205,141659072.000000,0.264533,0,1
76,74,66,64,60,63,57,54,
549.000000,70.000000,0.016977,163347168.000000,0.196445,0,1
77,70,59,64,55,64,61,50,
577.000000,71.000000,0.021119,267766208.000000,0.263543,0,1
65,65,60,62,67,47,54,47,
622.000000,72.000000,0.054836,259823200.000000,0.477739,0,1
89,85,84,68,67,65,41,30,
632.000000,73.000000,0.054772,542931072.000000,0.497171,0,1
89,80,86,55,64,86,46,81,
544.000000,74.000000,0.019215,147152416.000000,0.202905,0,1
62,69,51,66,60,48,64,51,
626.000000,77.000000,0.055156,175564304.000000,0.486091,0,1
45,72,72,85,86,86,86,87,
583.000000,78.000000,0.020223,116656792.000000,0.127787,0,1
62,73,49,69,59,42,66,52,
592.000000,78.000000,0.023006,170748368.000000,0.294330,0,1
55,57,62,59,58,62,48,61,
601.000000,80.000000,0.022788,59639364.000000,0.310101,0,1
45,42,50,43,54,66,50,60,
539.000000,81.000000,0.017433,118608280.000000,0.169957,0,1
58,52,61,46,55,55,44,46,
560.000000,81.000000,0.020977,146270688.000000,0.217169,0,1
45,46,38,56,42,43,51,47,
608.000000,81.000000,0.025181,108641992.000000,0.345433,0,1
47,50,51,53,52,52,51,56,
514.000000,82.000000,0.001877,5381940.000000,0.034955,0,1
88,88,88,87,88,83,86,80,
525.000000,82.000000,0.016972,79859376.000000,0.160427,0,1
82,75,75,76,71,69,67,66,
594.000000,85.000000,0.024909,78306480.000000,0.322609,0,1
60,59,56,57,50,43,45,44,
516.000000,87.000000,0.016730,26105866.000000,0.149789,0,1
78,76,74,77,76,73,73,68,
595.000000,87.000000,0.023322,110487416.000000,0.297743,0,1
44,40,49,39,54,63,53,56,
721.000000,87.000000,0.032152,545103424.000000,0.421668,0,1
76,65,77,64,62,80,69,70,
554.000000,88.000000,0.018893,83004520.000000,0.186750,0,1
52,45,55,40,43,46,39,40,
697.000000,88.000000,0.028624,968376128.000000,0.545240,0,1
77,58,79,51,68,80,57,72,
573.000000,90.000000,0.020055,101610008.000000,0.219672,0,1
52,48,46,41,43,49,37,45,
584.000000,90.000000,0.020956,67776464.000000,0.246652,0,1
61,63,49,57,57,44,52,47,
703.000000,90.000000,0.030077,273976928.000000,0.527066,0,1
83,81,81,80,78,74,77,51,
572.000000,93.000000,0.020775,98050368.000000,0.223074,0,1
37,34,45,32,41,45,32,37,
598.000000,93.000000,0.020879,190010624.000000,0.266222,0,1
64,67,51,67,57,47,57,47,
769.000000,93.000000,0.017261,2913839104.000000,0.432091,0,1
38,55,32,60,46,27,58,43,
588.000000,94.000000,0.021940,391877152.000000,0.255432,0,1
38,37,52,39,54,66,50,61,
712.000000,94.000000,0.030139,139496816.000000,0.330371,0,1
79,76,77,73,66,77,52,69,
553.000000,95.000000,0.020462,91005208.000000,0.193465,0,1
40,56,35,57,44,38,51,38,
587.000000,95.000000,0.021901,371157856.000000,0.253119,0,1
37,39,54,47,50,66,44,60,
562.000000,96.000000,0.020555,156783152.000000,0.205814,0,1
35,38,30,43,37,28,42,44,
618.000000,96.000000,0.019854,554338880.000000,0.293515,0,1
56,45,60,43,52,61,43,52,
695.000000,96.000000,0.030791,834843520.000000,0.566951,0,1
55,51,65,43,45,57,44,43,
721.000000,96.000000,0.031730,801605632.000000,0.359893,0,1
64,45,65,40,54,73,49,67,
538.000000,97.000000,0.019317,95483648.000000,0.164560,0,1
57,54,66,51,60,66,51,56,
696.000000,98.000000,0.030202,685484992.000000,0.560027,0,1
54,41,49,46,51,53,36,31,
588.000000,99.000000,0.020398,150491472.000000,0.238084,0,1
62,62,58,50,54,54,44,52,
596.000000,99.000000,0.020994,69816296.000000,0.256098,0,1
48,48,53,46,49,48,40,45,
608.000000,99.000000,0.020587,60176956.000000,0.276255,0,1
66,59,57,57,61,59,70,67,
343.000000,100.000000,0.007992,64915652.000000,0.099217,0,1
75,75,71,72,63,68,62,52,
688.000000,100.000000,0.029114,2643254272.000000,0.530386,0,1
54,67,49,73,54,42,63,57,
314.000000,101.000000,0.009177,115491680.000000,0.143554,0,1
75,74,68,75,67,66,71,65,
527.000000,101.000000,0.017891,52932880.000000,0.138614,0,1
41,46,42,53,48,46,57,57,
563.000000,102.000000,0.020795,312031968.000000,0.207989,0,1
48,48,30,43,43,28,43,41,
350.000000,103.000000,0.009371,35126308.000000,0.108456,0,1
67,63,71,61,64,73,57,60,
626.000000,103.000000,0.021019,306264000.000000,0.312734,0,1
51,45,57,45,52,63,47,52,
321.000000,104.000000,0.010596,99867272.000000,0.154789,0,1
65,54,63,50,58,63,51,57,
535.000000,104.000000,0.016572,75763016.000000,0.139519,0,1
51,40,57,42,51,48,35,36,
653.000000,104.000000,0.025185,925745024.000000,0.413134,0,1
65,71,61,72,67,58,74,64,
147.000000,106.000000,0.001600,319864608.000000,0.026839,0,1
68,63,68,61,69,76,71,76,
312.000000,106.000000,0.008783,187409328.000000,0.137672,0,1
72,74,67,76,66,61,69,66,
541.000000,106.000000,0.018281,75561560.000000,0.154658,0,1
42,44,37,55,50,44,60,63,
605.000000,106.000000,0.018518,207735520.000000,0.244338,0,1
58,57,55,54,51,47,43,39,
627.000000,106.000000,0.020284,692941632.000000,0.304457,0,1
60,52,59,43,51,62,42,51,
553.000000,107.000000,0.018268,100579792.000000,0.170120,0,1
35,28,38,29,33,43,28,34,
730.000000,107.000000,0.029103,113819696.000000,0.334975,0,1
76,74,73,74,62,62,72,64,
683.000000,108.000000,0.029569,597676928.000000,0.341383,0,1
52,62,39,64,56,43,70,58,
175.000000,110.000000,0.001366,696600384.000000,0.054213,0,1
79,79,75,77,71,65,66,56,
622.000000,110.000000,0.019241,147421776.000000,0.291536,0,1
51,52,43,46,45,41,50,40,
211.000000,111.000000,0.006476,49131928.000000,0.196913,0,1
83,79,77,69,73,73,68,63,
450.000000,111.000000,0.006383,4024407.750000,0.021013,0,1
73,72,64,72,76,68,76,70,
587.000000,111.000000,0.025742,64357376.000000,0.285260,0,1
34,27,36,27,30,36,26,33,
144.000000,112.000000,0.001510,695301824.000000,0.024884,0,1
55,56,73,57,67,71,62,65,
288.000000,113.000000,0.007895,42643916.000000,0.146792,0,1
81,74,79,67,71,77,66,64,
528.000000,113.000000,0.017713,84287808.000000,0.130401,0,1
41,48,39,47,41,40,42,35,
617.000000,113.000000,0.019357,516623104.000000,0.271541,0,1
34,30,43,34,37,50,28,38,
659.000000,113.000000,0.026128,287339904.000000,0.433081,0,1
48,39,46,45,38,32,44,38,
690.000000,113.000000,0.029853,726600512.000000,0.496391,0,1
40,38,58,32,47,58,29,23,
693.000000,113.000000,0.030040,597019456.000000,0.503753,0,1
48,58,43,61,50,31,36,23,
563.000000,114.000000,0.020725,485234944.000000,0.199745,0,1
27,43,29,50,44,35,57,54,
665.000000,114.000000,0.026026,280213984.000000,0.442511,0,1
32,42,40,44,43,29,34,33,
682.000000,114.000000,0.029545,162085232.000000,0.519552,0,1
54,44,54,40,41,41,27,27,
713.000000,114.000000,0.030802,535974368.000000,0.592607,0,1
33,26,33,23,28,41,29,34,
203.000000,115.000000,0.006308,172862144.000000,0.196807,0,1
76,66,74,64,66,68,60,55,
314.000000,115.000000,0.008965,45165740.000000,0.136774,0,1
60,65,59,67,60,57,67,65,
237.000000,116.000000,0.005870,70180712.000000,0.153309,0,1
83,78,78,71,69,73,66,57,
451.000000,116.000000,0.007942,3906999.750000,0.022009,0,1
68,70,59,71,67,66,70,68,
502.000000,116.000000,0.018285,35642708.000000,0.102009,0,1
47,49,56,44,50,42,40,38,
599.000000,117.000000,0.019570,154993472.000000,0.235297,0,1
40,40,45,33,40,46,31,34,
465.000000,118.000000,0.002459,24548600.000000,0.008010,0,1
78,77,70,78,65,67,69,54,
609.000000,119.000000,0.018593,98839544.000000,0.245263,0,1
48,49,49,45,45,34,36,31,
759.000000,119.000000,0.016516,420722560.000000,0.412992,0,1
39,39,22,45,30,16,39,32,
357.000000,120.000000,0.010330,25465036.000000,0.107486,0,1
65,62,68,63,65,70,64,67,
508.000000,120.000000,0.016261,14418598.000000,0.093377,0,1
38,32,40,28,34,33,26,27,
727.000000,120.000000,0.018265,176206976.000000,0.411109,0,1
36,36,41,39,33,23,33,25,
457.000000,121.000000,0.005193,22808356.000000,0.013133,0,1
72,64,77,58,70,70,55,57,
473.000000,121.000000,0.010463,61214268.000000,0.126255,0,1
77,66,76,59,67,66,44,48,
83.000000,122.000000,0.001723,461415520.000000,0.036996,0,1
59,57,52,58,49,37,58,61,
447.000000,123.000000,0.009291,4443178.000000,0.018939,0,1
72,75,65,76,69,65,70,63,
561.000000,123.000000,0.019648,182915200.000000,0.188886,0,1
46,44,44,48,40,34,40,32,
218.000000,124.000000,0.006242,443131584.000000,0.180025,0,1
48,44,53,47,52,56,44,52,
265.000000,124.000000,0.006615,161476928.000000,0.145566,0,1
52,46,56,48,52,58,46,55,
274.000000,124.000000,0.006936,312954400.000000,0.144522,0,1
53,57,47,60,50,48,54,44,
324.000000,124.000000,0.009674,146234384.000000,0.133158,0,1
45,44,51,58,43,53,58,53,
343.000000,124.000000,0.008969,178659472.000000,0.104371,0,1
53,53,49,49,53,48,56,52,
755.000000,124.000000,0.016818,338442240.000000,0.408922,0,1
36,22,36,14,33,37,23,34,
173.000000,125.000000,0.001266,572621504.000000,0.052415,0,1
62,66,55,70,63,53,69,64,
211.000000,125.000000,0.007266,92713656.000000,0.214466,0,1
46,56,49,53,52,51,61,55,
596.000000,125.000000,0.018672,262142272.000000,0.223705,0,1
36,42,35,41,37,31,37,31,
270.000000,126.000000,0.006778,281815072.000000,0.145432,0,1
55,45,60,52,52,58,49,54,
604.000000,126.000000,0.016554,135751712.000000,0.212303,0,1
48,37,39,32,26,29,25,20,
754.000000,126.000000,0.016653,665931712.000000,0.404346,0,1
23,14,35,12,23,39,13,21,
132.000000,127.000000,0.001266,1368537856.000000,0.022068,0,1
66,56,76,60,70,82,60,73,
239.000000,127.000000,0.005837,170163152.000000,0.150442,0,1
48,52,51,50,52,54,52,57,
69.000000,128.000000,0.000142,130110688.000000,0.003782,0,1
70,76,72,83,82,75,86,85,
475.000000,128.000000,0.010020,40324204.000000,0.111699,0,1
47,40,38,32,52,34,38,40,
581.000000,129.000000,0.014371,55542248.000000,0.208586,0,1
37,32,36,24,31,31,25,23,
169.000000,130.000000,0.006135,724212224.000000,0.227631,0,1
74,67,72,58,67,65,59,58,
213.000000,130.000000,0.005872,199669776.000000,0.179303,0,1
57,59,55,55,56,53,48,50,
219.000000,130.000000,0.006506,135368704.000000,0.188693,0,1
54,56,53,57,53,48,52,48,
235.000000,130.000000,0.005655,1133097728.000000,0.151137,0,1
62,50,62,41,51,51,43,39,
292.000000,130.000000,0.007474,237397328.000000,0.134083,0,1
63,63,59,49,58,48,46,41,
382.000000,130.000000,0.002048,89111696.000000,0.016181,0,1
64,64,54,64,55,51,60,49,
458.000000,130.000000,0.007308,2654469.750000,0.013958,0,1
45,39,40,34,38,34,33,29,
594.000000,130.000000,0.017446,92865888.000000,0.208049,0,1
32,31,28,25,26,23,21,19,
324.000000,131.000000,0.003361,87223856.000000,0.051997,0,1
44,40,57,38,41,53,40,42,
447.000000,131.000000,0.008039,3516587.000000,0.012511,0,1
59,62,57,59,58,46,53,43,
70.000000,132.000000,0.004825,286402816.000000,0.098604,0,1
86,80,85,74,78,85,69,70,
138.000000,132.000000,0.002305,910355904.000000,0.037997,0,1
81,81,70,81,74,58,76,64,
144.000000,132.000000,0.001984,1184587264.000000,0.032061,0,1
68,56,75,50,64,80,53,61,
208.000000,132.000000,0.006068,378076704.000000,0.072621,0,1
77,69,66,66,69,55,52,48,
426.000000,132.000000,0.002434,10049507.000000,0.006174,0,1
66,63,64,62,55,61,50,40,
537.000000,132.000000,0.003700,45401976.000000,0.032435,0,1
28,22,30,18,25,21,17,17,
553.000000,132.000000,0.009748,19662502.000000,0.067804,0,1
40,41,31,43,31,20,30,18,
725.000000,132.000000,0.015753,547484288.000000,0.361542,0,1
25,22,29,18,31,28,32,40,
138.000000,133.000000,0.002313,1092625536.000000,0.038361,0,1
78,79,63,79,68,56,73,61,
171.000000,133.000000,0.004751,415439264.000000,0.176072,0,1
63,60,60,59,57,53,53,46,
429.000000,133.000000,0.004359,9579489.000000,0.009519,0,1
64,61,49,51,49,41,39,34,
452.000000,133.000000,0.005514,6963228.000000,0.008536,0,1
38,53,35,44,41,37,45,35,
551.000000,133.000000,0.003617,60337532.000000,0.035894,0,1
44,33,43,21,32,24,18,15,
196.000000,134.000000,0.006111,808627904.000000,0.198878,0,1
58,51,50,44,47,43,41,40,
295.000000,134.000000,0.001540,61842568.000000,0.012670,0,1
50,45,45,44,42,40,39,34,
728.000000,134.000000,0.015910,253261648.000000,0.172636,0,1
25,36,22,42,28,18,33,27,
660.000000,135.000000,0.012315,358105344.000000,0.237431,0,1
23,30,17,30,24,17,30,24,
302.000000,136.000000,0.004070,69660928.000000,0.041666,0,1
63,48,63,41,57,57,45,53,
213.000000,138.000000,0.006084,423533152.000000,0.180800,0,1
53,47,44,36,48,37,37,41,
132.000000,139.000000,0.001237,424746592.000000,0.026014,0,1
66,65,75,59,63,76,63,64,
148.000000,139.000000,0.004220,686034560.000000,0.070434,0,1
65,71,51,71,56,42,65,51,
348.000000,139.000000,0.004972,80449520.000000,0.058419,0,1
55,42,59,42,57,58,44,46,
325.000000,140.000000,0.003877,314669440.000000,0.057412,0,1
53,38,56,38,49,60,35,29,
552.000000,140.000000,0.017237,20646888.000000,0.152005,0,1
29,25,26,21,22,26,15,13,
554.000000,140.000000,0.019625,20179362.000000,0.175897,0,1
26,26,30,22,26,30,16,15,
561.000000,140.000000,0.017260,20871734.000000,0.163930,0,1
27,25,22,22,21,20,16,16,
416.000000,141.000000,0.003736,4734562.500000,0.013522,0,1
54,56,48,58,49,45,59,60,
160.000000,142.000000,0.006067,173584144.000000,0.236542,0,1
42,39,40,37,38,33,36,32,
245.000000,142.000000,0.003570,530852224.000000,0.092038,0,1
48,45,38,52,40,37,42,33,
259.000000,142.000000,0.005949,349118688.000000,0.135542,0,1
44,48,38,51,44,32,43,36,
649.000000,143.000000,0.021567,57942592.000000,0.177697,0,1
14,16,17,24,29,23,28,35,
656.000000,143.000000,0.024014,56015028.000000,0.366261,0,1
15,16,16,20,20,21,24,29,
192.000000,144.000000,0.005074,280874208.000000,0.174864,0,1
46,40,43,36,37,32,30,28,
700.000000,144.000000,0.030068,358555072.000000,0.557822,0,1
25,30,36,19,37,44,28,33,
145.000000,146.000000,0.002864,159592112.000000,0.045708,0,1
59,62,65,48,48,49,35,48,
95.000000,147.000000,0.001216,74701016.000000,0.025137,0,1
61,49,45,36,36,33,30,29,
101.000000,147.000000,0.001218,30838990.000000,0.027413,0,1
45,39,39,31,33,31,27,28,
318.000000,147.000000,0.005022,61424436.000000,0.075631,0,1
38,37,43,32,34,36,29,24,
659.000000,147.000000,0.019499,81661640.000000,0.345370,0,1
22,25,18,27,25,17,27,27,
323.000000,148.000000,0.004048,312022688.000000,0.060100,0,1
33,30,43,22,33,45,22,30,
657.000000,148.000000,0.012286,190854752.000000,0.232493,0,1
29,25,29,14,21,25,14,20,
431.000000,150.000000,0.012453,2846555.000000,0.027724,0,1
42,36,51,30,41,48,29,29,
61.000000,154.000000,0.005288,126121608.000000,0.110051,0,1
50,44,37,32,30,35,30,27,
77.000000,154.000000,0.005327,120876936.000000,0.106593,0,1
55,46,46,40,33,33,31,27,
267.000000,154.000000,0.006609,74957256.000000,0.142500,0,1
33,38,31,29,30,27,27,25,
388.000000,154.000000,0.024756,14162941.000000,0.132852,0,1
31,30,31,29,39,41,40,45,
438.000000,154.000000,0.025121,3355258.500000,0.038083,0,1
29,30,42,27,30,29,26,31,
453.000000,154.000000,0.021378,3850445.500000,0.032218,0,1
26,43,32,22,23,21,24,29,
343.000000,156.000000,0.024653,16932902.000000,0.243095,0,1
27,26,42,26,33,34,32,32,
355.000000,156.000000,0.026123,9329257.000000,0.223771,0,1
26,23,32,25,30,35,30,35,
127.000000,157.000000,0.004199,58425404.000000,0.070917,0,1
37,38,40,29,32,32,28,27,
471.000000,157.000000,0.015928,1610875.375000,0.181177,0,1
26,25,24,18,17,18,14,14,
526.000000,157.000000,0.039294,2990852.500000,0.231723,0,1
13,14,11,17,15,15,25,24,
96.000000,158.000000,0.005299,94427776.000000,0.102211,0,1
42,45,41,40,38,37,33,28,
412.000000,159.000000,0.018043,3777873.000000,0.027192,0,1
36,33,32,29,40,34,35,38,
281.000000,162.000000,0.025058,17822958.000000,0.411402,0,1
28,30,30,23,23,23,20,17,
417.000000,162.000000,0.018890,4478103.500000,0.059490,0,1
22,24,22,26,28,24,36,30,
178.000000,163.000000,0.025085,486213248.000000,0.733782,0,1
45,42,49,34,41,35,34,29,
361.000000,163.000000,0.011819,41729872.000000,0.114352,0,1
37,33,44,25,30,34,24,25,
370.000000,163.000000,0.014126,13279811.000000,0.112758,0,1
42,40,40,26,27,36,26,24,
240.000000,164.000000,0.029365,11042498.000000,0.638604,0,1
34,30,31,30,28,25,26,23,
264.000000,164.000000,0.026104,5888979.000000,0.474961,0,1
29,29,28,29,22,19,23,22,
342.000000,165.000000,0.024653,82894312.000000,0.247299,0,1
34,23,30,21,33,24,24,33,
378.000000,165.000000,0.021973,11349082.000000,0.146484,0,1
25,27,24,27,29,27,37,33,
388.000000,165.000000,0.023791,44829640.000000,0.135003,0,1
27,35,27,37,34,29,35,34,
50.000000,166.000000,0.025607,33732376.000000,0.495993,0,1
26,26,26,30,33,37,35,34,
644.000000,166.000000,0.057202,28616390.000000,0.670620,0,1
12,13,11,16,13,12,15,19,
702.000000,166.000000,0.016449,28950010.000000,0.360730,0,1
17,20,16,26,19,14,22,17,
399.000000,167.000000,0.018612,16702662.000000,0.099208,0,1
31,41,36,45,41,32,53,53,
427.000000,167.000000,0.025053,12098913.000000,0.065549,0,1
30,27,32,32,36,40,46,54,
440.000000,167.000000,0.024068,29924338.000000,0.049280,0,1
29,25,23,39,41,37,56,57,
698.000000,167.000000,0.019650,34329624.000000,0.426371,0,1
17,14,25,12,17,24,13,17,
344.000000,168.000000,0.025269,31991686.000000,0.246720,0,1
27,34,31,27,30,33,41,57,
395.000000,168.000000,0.022118,21098844.000000,0.114521,0,1
33,28,38,38,41,53,47,53,
434.000000,168.000000,0.024338,33308240.000000,0.056657,0,1
26,37,37,51,52,51,57,60,
448.000000,168.000000,0.024030,33501860.000000,0.048784,0,1
24,39,40,51,50,48,56,62,
510.000000,168.000000,0.040925,89755000.000000,0.199866,0,1
20,35,16,33,24,16,36,23,
664.000000,168.000000,0.063039,50001616.000000,0.791331,0,1
13,16,11,16,13,11,18,19,
182.000000,174.000000,0.025543,209633920.000000,0.735847,0,1
29,29,27,43,35,35,47,46,
169.000000,175.000000,0.025794,199196688.000000,0.782895,0,1
28,32,27,52,48,48,57,62,
259.000000,175.000000,0.029618,8433545.000000,0.542402,0,1
64,70,65,61,61,60,56,59,
355.000000,175.000000,0.031835,5494130.500000,0.266877,0,1
54,53,52,58,58,58,64,69,
358.000000,175.000000,0.032737,8943877.000000,0.264310,0,1
54,53,53,57,57,58,66,68,
415.000000,175.000000,0.031244,5318458.000000,0.114106,0,1
55,58,56,63,62,62,67,67,
343.000000,176.000000,0.031460,7633263.000000,0.301509,0,1
55,56,57,65,63,64,70,71,
554.000000,179.000000,0.040762,7576004.000000,0.236169,0,1
17,18,11,25,19,13,22,23,
381.000000,181.000000,0.039338,26504716.000000,0.239081,0,1
65,67,73,69,79,82,83,84,
385.000000,181.000000,0.038205,44019712.000000,0.221292,0,1
65,68,66,82,74,66,84,74,
152.000000,182.000000,0.033049,4935406.000000,1.016693,0,1
58,60,59,63,63,63,65,68,
525.000000,182.000000,0.081598,13402169.000000,0.420914,0,1
33,33,31,18,25,30,18,16,
523.000000,184.000000,0.073299,2338209.500000,0.295833,0,1
18,28,18,30,22,16,19,15,
546.000000,184.000000,0.039486,18670790.000000,0.300268,0,1
30,31,30,26,26,24,16,17,
646.000000,184.000000,0.063715,113895736.000000,0.744173,0,1
15,10,19,9,15,19,10,16,
380.000000,189.000000,0.045133,52198056.000000,0.278072,0,1
86,71,87,69,72,72,71,69,
471.000000,189.000000,0.046964,39629888.000000,0.453096,0,1
27,45,25,53,32,22,35,30,
530.000000,194.000000,0.077185,63418612.000000,0.420141,0,1
19,23,13,26,17,12,23,17,
483.000000,195.000000,0.054273,49924512.000000,0.424223,0,1
26,38,28,54,44,29,50,49,
486.000000,197.000000,0.056283,75747536.000000,0.424848,0,1
28,33,34,46,44,44,51,51,
563.000000,198.000000,0.099359,74266696.000000,0.749793,0,1
18,12,22,11,19,24,13,20,
259.000000,200.000000,0.057380,15414531.000000,0.878212,0,1
68,70,69,72,74,75,81,81,
285.000000,200.000000,0.054242,14760043.000000,0.721357,0,1
70,71,69,77,77,79,81,76,
495.000000,200.000000,0.059996,56096128.000000,0.409145,0,1
26,35,27,54,43,31,57,56,
241.000000,201.000000,0.056926,17515090.000000,0.962148,0,1
70,70,68,75,77,78,82,74,
420.000000,202.000000,0.060387,9476336.000000,0.255807,0,1
70,67,73,59,68,70,61,62,
144.000000,205.000000,0.057903,19881972.000000,1.534805,0,1
77,79,78,70,70,72,69,68,
503.000000,205.000000,0.066657,40407652.000000,0.430847,0,1
26,27,27,36,34,35,40,36,
630.000000,206.000000,0.136223,15753028.000000,1.047009,0,1
18,19,18,20,21,21,33,29,
563.000000,207.000000,0.099300,90042608.000000,0.764217,0,1
18,11,23,10,19,25,12,19,
77.000000,208.000000,0.058922,9114678.000000,1.989680,0,1
72,74,75,70,67,66,64,67,
496.000000,208.000000,0.065709,24119812.000000,0.470053,0,1
52,55,47,57,54,39,57,57,
244.000000,211.000000,0.067428,31878520.000000,1.060795,0,1
74,69,70,80,77,73,80,69,
504.000000,211.000000,0.071748,37046204.000000,0.479726,0,1
27,31,26,49,42,31,51,54,
160.000000,213.000000,0.068843,39597236.000000,1.607319,0,1
69,69,68,74,75,76,84,73,
125.000000,214.000000,0.068569,32770210.000000,1.835177,0,1
68,70,70,72,72,72,85,73,
189.000000,214.000000,0.068638,34884380.000000,1.409715,0,1
77,84,83,74,73,73,70,70,
524.000000,216.000000,0.077018,120386952.000000,0.496990,0,1
31,45,28,54,47,29,45,45,
537.000000,224.000000,0.085594,52521208.000000,0.579139,0,1
37,39,38,47,47,43,51,51,
570.000000,224.000000,0.099392,51804364.000000,0.828760,0,1
15,24,14,27,16,13,25,20,
624.000000,224.000000,0.135384,37950900.000000,1.055159,0,1
20,13,20,13,19,22,14,19,
204.000000,226.000000,0.081894,109105704.000000,1.467672,0,1
62,63,64,70,73,75,75,65,
151.000000,227.000000,0.082750,95024712.000000,1.836146,0,1
63,63,64,68,70,71,82,67,
154.000000,227.000000,0.082830,88053776.000000,1.814954,0,1
64,64,63,71,72,73,79,66,
107.000000,228.000000,0.083830,112553608.000000,2.199103,0,1
64,63,63,65,67,68,77,67,
171.000000,228.000000,0.082663,71193296.000000,1.697232,0,1
65,78,78,71,71,71,65,62,
189.000000,228.000000,0.082154,71975928.000000,1.563134,0,1
69,75,73,68,65,64,62,62,
546.000000,228.000000,0.087473,46575912.000000,0.623219,0,1
42,48,42,59,46,36,58,58,
80.000000,229.000000,0.083523,17199654.000000,2.412127,0,1
63,62,62,68,67,67,76,66,
97.000000,230.000000,0.084528,19355958.000000,2.274230,0,1
63,75,77,71,70,69,61,60,
102.000000,230.000000,0.083794,74540712.000000,2.223447,0,1
65,79,80,68,66,66,61,60,
118.000000,230.000000,0.083510,90970176.000000,2.100804,0,1
74,75,76,67,67,67,60,60,
128.000000,230.000000,0.082963,110969936.000000,2.016577,0,1
72,78,77,62,63,63,60,59,
92.000000,231.000000,0.083315,15856571.000000,2.300900,0,1
72,73,72,62,62,62,60,60,
245.000000,231.000000,0.088028,92396096.000000,1.256631,0,1
100,96,87,95,82,62,70,59,
320.000000,234.000000,0.090411,24283602.000000,0.851134,0,1
67,65,66,61,62,63,59,60,
324.000000,235.000000,0.091709,37845788.000000,0.838824,0,1
66,64,64,59,60,63,57,57,
563.000000,235.000000,0.098772,273827040.000000,0.816810,0,1
27,52,25,53,37,27,45,31,
332.000000,238.000000,0.094641,29399036.000000,0.828117,0,1
62,62,62,55,59,61,55,57,
634.000000,238.000000,0.133907,36833840.000000,1.122757,0,1
16,21,14,27,17,14,24,21,
338.000000,241.000000,0.098439,54347792.000000,0.821469,0,1
61,61,62,56,57,60,53,53,
619.000000,241.000000,0.058307,12632562.000000,0.685567,0,1
11,11,11,18,16,15,21,19,
672.000000,246.000000,0.071593,18198440.000000,0.998660,0,1
11,12,12,17,16,15,22,22,
167.000000,247.000000,0.104968,341170048.000000,1.972032,0,1
60,62,62,69,68,68,92,78,
196.000000,247.000000,0.104314,440045248.000000,1.743776,0,1
62,66,69,76,82,85,83,65,
685.000000,247.000000,0.072194,26071866.000000,1.040414,0,1
11,12,12,16,15,13,22,24,
436.000000,248.000000,0.108230,2959870.750000,0.574060,0,1
63,61,64,60,60,62,59,60,
189.000000,249.000000,0.104662,483844512.000000,1.801998,0,1
81,83,86,67,65,64,65,61,
141.000000,250.000000,0.105429,198234192.000000,2.194021,0,1
74,83,82,75,74,73,65,63,
153.000000,250.000000,0.104929,216128576.000000,2.090816,0,1
75,83,84,70,69,67,64,62,
98.000000,252.000000,0.105994,37188128.000000,2.554823,0,1
81,74,73,64,65,65,62,62,
109.000000,252.000000,0.105726,52443736.000000,2.457070,0,1
81,72,73,63,62,62,62,62,
204.000000,256.000000,0.113490,126298928.000000,1.776374,0,1
89,92,79,91,81,63,74,61,
591.000000,256.000000,0.120951,55020760.000000,1.340448,0,1
31,36,32,49,40,33,52,53,
622.000000,264.000000,0.129699,35046232.000000,1.171701,0,1
26,33,28,44,36,26,42,36,
388.000000,268.000000,0.121730,722717.937500,0.816314,0,1
62,62,61,62,62,61,60,58,
621.000000,269.000000,0.132554,58831528.000000,1.201277,0,1
29,39,32,47,38,29,46,45,
172.000000,271.000000,0.129450,90706512.000000,2.173512,0,1
63,65,69,68,77,86,86,91,
630.000000,271.000000,0.135473,51953232.000000,1.251192,0,1
23,22,20,31,28,25,38,32,
288.000000,272.000000,0.126864,1573271.000000,1.327647,0,1
67,67,65,65,64,63,63,61,
178.000000,273.000000,0.129145,80844152.000000,1.821182,0,1
95,102,94,92,78,66,70,65,
650.000000,273.000000,0.140419,4470201.000000,1.348712,0,1
14,20,14,33,24,16,29,26,
157.000000,280.000000,0.137537,30106840.000000,1.348038,0,1
63,64,70,64,75,98,87,94,
152.000000,284.000000,0.140747,111032448.000000,2.453938,0,1
64,66,84,67,84,94,78,86,
292.000000,284.000000,0.145314,431503.187500,0.867352,0,1
63,63,62,63,61,60,61,59,
130.000000,286.000000,0.143904,98645928.000000,2.683664,0,1
61,63,63,69,70,71,80,81,
140.000000,286.000000,0.143908,117590920.000000,2.590912,0,1
62,65,67,76,75,75,84,80,
634.000000,286.000000,0.150903,195025056.000000,1.382980,0,1
46,50,40,53,40,32,43,31,
637.000000,286.000000,0.149633,83753992.000000,1.388788,0,1
36,38,33,34,30,28,28,25,
139.000000,288.000000,0.144157,76878032.000000,2.603547,0,1
74,82,86,77,79,80,70,68,
654.000000,292.000000,0.154098,4754118.500000,1.485124,0,1
32,28,31,25,26,30,24,23,
131.000000,296.000000,0.150797,33488924.000000,2.742047,0,1
63,65,70,67,78,88,82,88,
588.000000,45.000000,0.019190,144984016.000000,0.304659,0,1
102,101,99,98,92,92,85,73,
585.000000,49.000000,0.021885,104455568.000000,0.285086,0,1
93,90,72,90,79,67,82,66,
577.000000,53.000000,0.022119,191300208.000000,0.275771,0,1
79,83,66,79,70,65,78,61,
228.000000,284.000000,0.138379,3588989.500000,1.829144,0,1
68,68,67,65,66,66,64,64,
582.000000,59.000000,0.021404,299409152.000000,0.296411,0,1
68,65,76,63,69,70,53,70,
554.000000,61.000000,0.021748,115625784.000000,0.234232,0,1
80,89,74,92,83,68,88,80,
535.000000,63.000000,0.022845,46366144.000000,0.218476,0,1
90,95,81,94,90,81,91,89,
180.000000,272.000000,0.129038,193946528.000000,1.803814,0,1
90,96,78,103,78,63,70,65,
547.000000,67.000000,0.016597,159668992.000000,0.198357,0,1
91,85,86,72,72,76,66,61,
623.000000,265.000000,0.131686,35392128.000000,1.186134,0,1
28,36,26,42,34,25,36,30,
193.000000,263.000000,0.120745,140608064.000000,1.923968,0,1
88,92,82,94,84,65,81,62,
603.000000,72.000000,0.052435,151930048.000000,0.255911,0,1
72,61,66,43,54,46,33,24,
532.000000,74.000000,0.019355,144932800.000000,0.199707,0,1
82,86,68,88,74,57,82,66,
569.000000,77.000000,0.020156,336799616.000000,0.231596,0,1
55,44,67,36,59,64,43,54,
585.000000,253.000000,0.113211,85857576.000000,1.167023,0,1
46,49,37,53,44,34,52,53,
130.000000,252.000000,0.105585,33044360.000000,2.277357,0,1
77,66,66,61,62,62,60,60,
112.000000,252.000000,0.105466,51837076.000000,2.428877,0,1
82,73,71,62,62,63,61,61,
523.000000,83.000000,0.017392,101963424.000000,0.161370,0,1
79,85,70,86,79,64,84,72,
541.000000,84.000000,0.006450,61490184.000000,0.070139,0,1
55,51,61,43,53,64,45,44,
579.000000,84.000000,0.019804,108792752.000000,0.232172,0,1
65,46,65,60,56,44,44,36,
177.000000,247.000000,0.104807,455687232.000000,1.888094,0,1
62,63,62,73,74,78,88,75,
566.000000,86.000000,0.021369,70031848.000000,0.224671,0,1
37,47,33,47,38,38,46,32,
691.000000,89.000000,0.029055,855081472.000000,0.540420,0,1
79,80,63,83,72,50,80,71,
703.000000,91.000000,0.029807,506270720.000000,0.570068,0,1
81,81,76,78,64,61,67,50,
552.000000,93.000000,0.020177,64199480.000000,0.191216,0,1
37,45,33,53,42,36,51,56,
675.000000,93.000000,0.003863,2731968768.000000,0.089461,0,1
49,37,57,44,54,73,48,57,
579.000000,97.000000,0.021134,290100448.000000,0.233713,0,1
33,30,36,28,38,54,37,52,
700.000000,98.000000,0.031731,560705152.000000,0.587428,0,1
50,51,51,53,41,36,33,30,
99.000000,231.000000,0.083822,15855232.000000,2.251779,0,1
77,70,68,61,62,61,60,59,
329.000000,100.000000,0.008428,105295440.000000,0.117727,0,1
74,69,74,64,66,71,59,62,
70.000000,231.000000,0.084058,19708584.000000,2.491162,0,1
68,73,73,69,70,69,60,61,
578.000000,100.000000,0.020351,437491040.000000,0.223670,0,1
37,33,52,34,46,66,42,55,
633.000000,230.000000,0.134287,102421600.000000,1.101414,0,1
21,26,15,28,21,14,27,21,
121.000000,230.000000,0.083268,111025088.000000,2.068667,0,1
73,76,76,67,65,65,60,60,
84.000000,229.000000,0.083570,15846129.000000,2.366080,0,1
63,63,64,67,68,69,78,63,
244.000000,228.000000,0.083765,68278160.000000,0.673106,0,1
68,59,62,59,69,102,80,96,
511.000000,104.000000,0.017596,157774912.000000,0.114269,0,1
73,68,65,75,55,50,75,61,
218.000000,227.000000,0.082608,212229680.000000,1.374147,0,1
65,86,86,67,66,65,60,57,
216.000000,227.000000,0.082739,201028736.000000,1.388177,0,1
65,82,86,67,67,66,60,57,
142.000000,106.000000,0.001556,222780336.000000,0.026192,0,1
78,75,72,69,62,60,53,43,
709.000000,106.000000,0.030883,1031647616.000000,0.334006,0,1
41,28,55,26,46,68,43,66,
569.000000,223.000000,0.099211,56847144.000000,0.820204,0,1
24,27,15,27,24,14,27,25,
497.000000,107.000000,0.027303,66513988.000000,0.103305,0,1
80,79,75,68,64,55,49,64,
631.000000,107.000000,0.019914,180978880.000000,0.306780,0,1
68,67,63,66,61,65,61,59,
319.000000,108.000000,0.008796,48919732.000000,0.128959,0,1
51,58,50,55,56,56,60,55,
326.000000,108.000000,0.010633,39787700.000000,0.146811,0,1
49,53,47,57,51,49,60,57,
139.000000,109.000000,0.001599,823116160.000000,0.026705,0,1
61,67,49,71,57,45,70,69,
563.000000,219.000000,0.099915,116056040.000000,0.794552,0,1
19,14,24,13,19,26,14,19,
742.000000,109.000000,0.009042,70248192.000000,0.140297,0,1
74,70,66,57,51,47,36,51,
706.000000,110.000000,0.029322,348305856.000000,0.561177,0,1
34,33,54,36,42,63,31,27,
174.000000,111.000000,0.001356,736835712.000000,0.052710,0,1
79,77,71,73,66,61,57,44,
524.000000,217.000000,0.077319,124698656.000000,0.504629,0,1
39,53,33,51,39,31,45,48,
322.000000,112.000000,0.010223,105440592.000000,0.144204,0,1
62,54,64,54,60,65,53,55,
271.000000,113.000000,0.004447,118695328.000000,0.096138,0,1
81,75,82,69,76,80,67,68,
304.000000,113.000000,0.007102,44086748.000000,0.123128,0,1
79,78,79,75,73,76,68,66,
282.000000,114.000000,0.006445,116877160.000000,0.126627,0,1
81,78,74,76,67,68,68,58,
172.000000,115.000000,0.001372,2492731392.000000,0.053713,0,1
50,65,44,71,57,48,71,68,
135.000000,214.000000,0.068349,33354260.000000,1.753881,0,1
68,69,68,74,76,76,82,72,
238.000000,115.000000,0.005678,39088860.000000,0.148025,0,1
85,83,84,78,78,81,69,62,
245.000000,213.000000,0.067495,22705244.000000,1.057569,0,1
74,79,79,68,70,69,68,67,
258.000000,117.000000,0.005969,69920912.000000,0.143082,0,1
78,75,74,73,68,66,68,62,
557.000000,118.000000,0.021627,162242336.000000,0.196283,0,1
39,40,44,42,52,51,48,52,
627.000000,209.000000,0.134479,18263452.000000,1.033179,0,1
33,23,29,17,22,28,16,14,
239.000000,119.000000,0.006367,131133000.000000,0.163221,0,1
69,60,68,56,60,64,53,52,
85.000000,121.000000,0.001712,478090176.000000,0.034836,0,1
56,56,49,55,48,46,42,39,
618.000000,122.000000,0.019367,365230400.000000,0.270493,0,1
44,34,42,22,37,30,31,27,
632.000000,122.000000,0.020327,232151248.000000,0.309674,0,1
59,52,51,39,41,30,27,21,
509.000000,204.000000,0.066848,11755396.000000,0.406173,0,1
22,20,21,29,23,20,32,31,
240.000000,203.000000,0.057507,13028038.000000,0.978604,0,1
76,81,83,76,74,73,69,71,
452.000000,125.000000,0.006289,13120474.000000,0.012378,0,1
62,58,42,59,53,40,47,38,
485.000000,125.000000,0.012721,44375336.000000,0.108192,0,1
55,56,44,58,41,34,44,30,
497.000000,201.000000,0.061158,50408536.000000,0.409523,0,1
25,36,29,54,40,31,55,54,
294.000000,201.000000,0.056974,101210832.000000,0.703733,0,1
93,97,86,102,85,75,82,73,
303.000000,196.000000,0.051020,38870568.000000,0.611327,0,1
95,91,90,88,81,73,73,73,
257.000000,129.000000,0.006238,158181984.000000,0.143111,0,1
52,59,50,62,55,50,62,57,
541.000000,129.000000,0.016042,56801420.000000,0.130594,0,1
23,34,20,28,29,18,27,22,
191.000000,131.000000,0.006369,604268800.000000,0.211767,0,1
74,78,69,81,71,61,73,63,
366.000000,131.000000,0.001867,60785040.000000,0.018421,0,1
65,65,58,66,58,60,62,49,
111.000000,132.000000,0.001464,1636765824.000000,0.026840,0,1
63,48,74,54,65,82,60,71,
227.000000,132.000000,0.004633,284015744.000000,0.128874,0,1
57,46,55,41,53,60,45,55,
544.000000,184.000000,0.039157,21252006.000000,0.292999,0,1
31,31,31,28,26,26,18,19,
238.000000,137.000000,0.005589,1061076544.000000,0.145726,0,1
62,47,65,34,58,70,39,44,
351.000000,137.000000,0.003768,85419272.000000,0.041857,0,1
64,61,58,59,54,55,54,52,
122.000000,138.000000,0.004731,491317344.000000,0.081051,0,1
70,62,75,63,65,75,57,58,
162.000000,138.000000,0.003957,176128880.000000,0.154235,0,1
50,45,42,43,42,37,42,36,
311.000000,139.000000,0.001287,63629404.000000,0.022239,0,1
33,32,33,33,32,36,42,44,
368.000000,139.000000,0.002046,144799696.000000,0.019258,0,1
49,41,61,41,46,63,37,45,
300.000000,140.000000,0.003612,172504560.000000,0.065589,0,1
35,31,39,35,42,54,40,46,
646.000000,176.000000,0.063882,138533200.000000,0.732077,0,1
16,13,20,7,14,20,9,15,
329.000000,141.000000,0.002262,349448416.000000,0.032033,0,1
66,60,53,44,53,39,32,31,
63.000000,142.000000,0.003202,824932800.000000,0.066981,0,1
67,69,58,72,59,49,63,57,
229.000000,143.000000,0.005875,295877888.000000,0.160093,0,1
43,44,37,35,37,29,31,30,
75.000000,144.000000,0.004044,522331392.000000,0.083803,0,1
76,61,76,48,61,72,46,45,
387.000000,145.000000,0.003895,31625234.000000,0.026552,0,1
50,60,39,52,47,44,32,25,
699.000000,145.000000,0.029681,492738304.000000,0.550937,0,1
30,19,37,17,28,41,19,24,
113.000000,147.000000,0.000821,252532944.000000,0.017328,0,1
53,42,51,35,41,44,32,29,
237.000000,147.000000,0.004811,431458112.000000,0.127041,0,1
33,26,40,24,29,44,27,28,
300.000000,147.000000,0.004912,178786400.000000,0.086518,0,1
32,27,39,26,27,46,25,24,
147.000000,150.000000,0.005227,817126848.000000,0.081461,0,1
44,56,42,55,39,34,40,36,
64.000000,153.000000,0.005301,322700928.000000,0.109839,0,1
38,48,48,37,43,47,35,37,
408.000000,153.000000,0.024214,2476971.500000,0.085190,0,1
31,32,29,32,33,29,42,39,
463.000000,153.000000,0.025706,10677943.000000,0.295430,0,1
20,27,18,31,27,18,21,23,
421.000000,155.000000,0.023502,4196003.500000,0.058478,0,1
38,47,44,42,38,30,37,34,
341.000000,170.000000,0.024984,73159704.000000,0.252790,0,1
23,39,43,64,67,57,70,61,
321.000000,170.000000,0.024691,26945780.000000,0.300876,0,1
25,28,29,47,47,49,59,63,
276.000000,170.000000,0.025049,129494680.000000,0.427980,0,1
28,23,39,26,28,37,47,52,
178.000000,160.000000,0.025020,399889280.000000,0.729564,0,1
26,24,26,24,31,34,37,50,
321.000000,162.000000,0.024501,3197810.000000,0.296999,0,1
32,28,28,25,23,21,19,19,
398.000000,162.000000,0.026256,9582794.000000,0.119726,0,1
25,26,27,26,30,27,43,34,
425.000000,168.000000,0.024815,24172234.000000,0.068492,0,1
27,33,33,44,44,47,52,61,
405.000000,168.000000,0.024276,17711864.000000,0.102807,0,1
35,31,34,42,44,52,51,58,
278.000000,164.000000,0.025331,313232448.000000,0.424053,0,1
26,39,20,25,24,17,39,27,
540.000000,164.000000,0.038131,13440255.000000,0.261560,0,1
21,21,23,16,15,21,13,12,
604.000000,164.000000,0.052693,17235420.000000,0.522534,0,1
10,11,13,17,12,16,22,20,
628.000000,164.000000,0.055254,22150768.000000,0.604094,0,1
12,11,15,17,17,18,22,23,
381.000000,168.000000,0.023944,27415524.000000,0.152030,0,1
34,29,28,34,35,35,47,51,
459.000000,167.000000,0.037807,5521034.000000,0.056976,0,1
23,25,25,43,43,26,52,49,
332.000000,167.000000,0.024491,53739812.000000,0.269764,0,1
37,24,33,23,30,27,20,31,
426.000000,167.000000,0.024547,15066527.000000,0.064770,0,1
28,27,30,33,33,39,44,53,
551.000000,48.000000,0.017614,68093792.000000,0.253656,0,1
99,101,86,100,98,85,99,96,
613.000000,162.000000,0.054030,216983568.000000,0.551812,0,1
20,25,13,25,20,13,24,20,
557.000000,55.000000,0.021692,199304224.000000,0.282003,0,1
79,72,64,77,68,66,78,70,
373.000000,162.000000,0.023558,12941483.000000,0.163321,0,1
28,38,24,40,30,24,36,27,
538.000000,59.000000,0.018953,60855384.000000,0.237408,0,1
96,95,95,94,92,90,84,81,
369.000000,169.000000,0.024043,47450532.000000,0.179099,0,1
30,33,32,53,50,47,56,59,
165.000000,161.000000,0.025232,590976768.000000,0.777649,0,1
26,28,28,31,45,35,45,43,
404.000000,160.000000,0.013169,17528674.000000,0.058334,0,1
34,34,30,33,32,25,32,29,
578.000000,69.000000,0.021485,202424928.000000,0.272287,0,1
63,61,55,61,60,51,68,54,
412.000000,264.000000,0.122948,4479074.000000,1.831140,0,1
62,63,64,63,62,62,60,58,
305.000000,170.000000,0.025533,48600304.000000,0.351789,0,1
28,27,25,43,45,47,67,68,
323.000000,157.000000,0.023615,30542634.000000,0.281181,0,1
23,22,27,24,26,36,25,33,
308.000000,170.000000,0.025203,54141364.000000,0.340170,0,1
25,23,26,47,46,44,64,62,
86.000000,157.000000,0.005397,968716736.000000,0.103967,0,1
44,35,49,29,43,58,34,36,
65.000000,155.000000,0.005298,261700224.000000,0.108950,0,1
48,40,46,33,40,42,31,28,
200.000000,255.000000,0.111871,109201176.000000,1.786027,0,1
61,62,74,65,83,91,91,92,
531.000000,76.000000,0.017743,145721232.000000,0.181512,0,1
84,86,71,83,78,56,81,72,
211.000000,252.000000,0.109151,80444480.000000,1.679080,0,1
92,94,84,84,72,64,66,61,
140.000000,252.000000,0.104602,93894456.000000,2.186417,0,1
75,65,64,63,63,63,62,61,
46.000000,154.000000,0.005617,276910080.000000,0.064919,0,1
44,53,39,50,42,31,41,31,
421.000000,153.000000,0.022980,3300585.000000,0.054622,0,1
31,30,31,38,38,32,47,38,
691.000000,81.000000,0.028735,551419456.000000,0.540902,0,1
86,75,71,77,68,51,62,62,
89.000000,152.000000,0.003575,997281472.000000,0.068878,0,1
34,47,35,63,49,34,58,55,
534.000000,85.000000,0.018199,184428496.000000,0.162051,0,1
53,61,47,58,53,44,58,48,
614.000000,150.000000,0.053162,117156736.000000,0.545575,0,1
13,18,12,24,15,13,20,18,
368.000000,150.000000,0.004510,25589340.000000,0.039178,0,1
21,26,29,33,40,51,36,38,
672.000000,90.000000,0.003865,2122957952.000000,0.075924,0,1
78,81,54,78,65,48,64,57,
132.000000,149.000000,0.002665,817004800.000000,0.044544,0,1
48,39,54,35,52,67,45,55,
229.000000,237.000000,0.093802,40054460.000000,1.410637,0,1
56,59,64,61,69,82,74,85,
685.000000,97.000000,0.029262,1304717696.000000,0.528271,0,1
72,76,57,76,69,52,78,78,
553.000000,230.000000,0.092331,80810192.000000,0.693666,0,1
27,30,26,44,36,29,61,62,
342.000000,101.000000,0.005756,65665340.000000,0.072607,0,1
75,72,63,68,62,61,61,55,
546.000000,102.000000,0.017540,275857696.000000,0.157608,0,1
40,44,36,49,37,35,49,47,
167.000000,174.000000,0.025588,268210560.000000,0.782091,0,1
34,37,32,38,38,27,53,59,
661.000000,103.000000,0.027246,633690944.000000,0.454312,0,1
54,47,57,49,44,50,35,32,
145.000000,104.000000,0.001537,159541744.000000,0.024889,0,1
80,80,77,78,73,68,68,61,
151.000000,104.000000,0.001583,138590736.000000,0.025055,0,1
72,69,72,67,74,79,75,79,
523.000000,104.000000,0.019475,95163880.000000,0.140093,0,1
55,57,52,48,50,51,44,41,
354.000000,146.000000,0.004081,76961416.000000,0.042433,0,1
53,58,43,50,47,36,30,19,
530.000000,224.000000,0.085278,27094190.000000,0.573170,0,1
43,46,45,51,49,47,53,56,
207.000000,111.000000,0.006583,400173536.000000,0.201039,0,1
85,81,76,81,69,69,74,65,
89.000000,144.000000,0.001646,333444128.000000,0.032039,0,1
70,63,74,54,60,67,43,37,
285.000000,111.000000,0.006144,63579908.000000,0.119009,0,1
83,84,82,82,78,79,77,66,
355.000000,111.000000,0.009298,72232632.000000,0.096297,0,1
62,58,67,59,60,73,56,59,
507.000000,113.000000,0.016577,123039816.000000,0.097640,0,1
74,57,70,48,52,57,39,35,
382.000000,143.000000,0.005435,16013236.000000,0.037833,0,1
32,38,34,49,49,51,50,49,
205.000000,143.000000,0.004728,268828544.000000,0.147601,0,1
55,43,51,37,40,47,31,31,
262.000000,115.000000,0.005980,170519968.000000,0.134475,0,1
80,78,71,77,69,64,70,61,
149.000000,118.000000,0.001499,567102656.000000,0.023766,0,1
64,59,42,64,50,40,61,62,
286.000000,140.000000,0.006801,36742116.000000,0.127365,0,1
36,32,36,29,29,29,28,26,
511.000000,119.000000,0.016353,98975648.000000,0.098066,0,1
47,37,51,40,43,39,33,31,
739.000000,119.000000,0.027792,208044928.000000,0.587325,0,1
49,40,41,27,25,23,15,17,
518.000000,120.000000,0.015392,88514856.000000,0.100946,0,1
30,24,42,24,27,41,24,28,
278.000000,208.000000,0.064664,78049352.000000,0.849676,0,1
73,73,81,73,85,102,85,95,
462.000000,122.000000,0.008695,23144918.000000,0.022558,0,1
77,68,69,58,61,49,50,43,
569.000000,206.000000,0.099875,64352324.000000,0.795661,0,1
23,27,18,27,22,13,27,22,
71.000000,139.000000,0.004792,1076972288.000000,0.097021,0,1
73,64,78,57,67,79,56,54,
477.000000,125.000000,0.014475,49378080.000000,0.145951,0,1
59,40,59,46,49,55,39,37,
536.000000,125.000000,0.017505,116478784.000000,0.134935,0,1
37,25,46,22,33,43,23,27,
559.000000,125.000000,0.018045,154326592.000000,0.169486,0,1
48,49,40,49,41,32,39,30,
640.000000,126.000000,0.011358,371292928.000000,0.199390,0,1
27,20,36,16,23,29,17,23,
569.000000,200.000000,0.100222,86707016.000000,0.789811,0,1
21,26,14,27,21,11,27,22,
88.000000,127.000000,0.001651,606521728.000000,0.032285,0,1
59,58,70,61,68,75,68,74,
248.000000,128.000000,0.005282,340031008.000000,0.129420,0,1
60,64,53,61,65,49,71,65,
325.000000,137.000000,0.004563,250650720.000000,0.063858,0,1
49,41,59,35,53,64,40,49,
345.000000,129.000000,0.008836,180263296.000000,0.097929,0,1
46,42,57,47,54,61,45,54,
640.000000,136.000000,0.011383,250094592.000000,0.199158,0,1
21,15,27,14,20,23,15,17,
307.000000,132.000000,0.001747,152255168.000000,0.029512,0,1
50,55,42,55,56,43,62,61,
553.000000,184.000000,0.040383,25432392.000000,0.321186,0,1
25,27,24,23,21,18,15,16,
162.000000,182.000000,0.033721,10231246.000000,0.983785,0,1
56,58,57,64,63,62,68,70,
237.000000,134.000000,0.004720,1001980160.000000,0.123914,0,1
45,41,63,35,50,64,36,47,
219.000000,135.000000,0.003861,627443712.000000,0.113116,0,1
40,40,33,47,43,32,56,49,
248.000000,135.000000,0.005155,747524032.000000,0.126206,0,1
55,64,45,61,52,42,61,43,
