# timestamp
1608635287283175168

# fx, fy, cx, cy, width, height, npoints
501.494019,501.474945,421.770050,167.670441,800,400,569

# camToWorld: translation vector, rotation quaternion
-13.978250,44.382692,4.220549,-0.722365,0.019570,0.006125,0.691208

# Exposure time (ms)
6.035197

# Point Cloud Data : 
# u,v,idepth_scaled,idepth_hessian,maxRelBaseline,numGoodRes,status 
# color information 
763.000000,216.000000,0.089221,258881760.000000,0.733385,0,1
104,123,103,165,142,125,167,170,
762.000000,217.000000,0.089565,247902480.000000,0.734386,0,1
123,165,142,172,167,148,178,177,
676.000000,44.000000,0.256897,879246.500000,1.206180,0,1
10,10,12,10,12,14,11,13,
620.000000,48.000000,0.266056,616974.500000,1.008087,0,1
9,8,11,8,10,12,9,11,
648.000000,52.000000,0.214257,215308.890625,1.036058,0,1
9,9,9,9,11,10,12,14,
660.000000,60.000000,0.246204,2910643.750000,0.926170,0,1
11,11,13,10,11,14,10,11,
66.000000,100.000000,0.267263,986066.187500,2.912880,0,1
8,10,11,14,14,15,14,16,
107.000000,105.000000,0.277398,1806396.000000,2.549016,0,1
23,19,21,11,17,20,14,9,
92.000000,106.000000,0.283743,2498497.250000,2.711038,0,1
19,16,18,12,15,14,9,6,
117.000000,106.000000,0.276430,3039239.250000,2.438514,0,1
22,20,19,14,15,15,9,6,
742.000000,116.000000,0.076119,1271675520.000000,0.305701,0,1
111,212,104,238,129,50,144,72,
755.000000,118.000000,0.078993,193856848.000000,0.188276,0,1
41,46,71,48,98,185,94,75,
742.000000,119.000000,0.076238,2121680000.000000,0.478630,0,1
92,103,54,133,61,43,65,55,
740.000000,127.000000,0.079179,59470400.000000,0.677563,0,1
60,68,71,81,79,81,134,121,
758.000000,132.000000,0.079254,241776384.000000,0.190206,0,1
189,199,148,244,191,141,201,137,
756.000000,134.000000,0.081192,88032232.000000,0.194013,0,1
244,228,201,135,139,137,107,157,
742.000000,136.000000,0.076964,305463392.000000,0.480798,0,1
132,117,96,146,126,103,178,137,
734.000000,137.000000,0.079353,198924592.000000,0.176921,0,1
124,161,195,104,162,244,113,132,
737.000000,144.000000,0.080750,184668560.000000,0.315713,0,1
154,173,135,200,151,126,182,154,
745.000000,145.000000,0.077188,555173504.000000,0.485851,0,1
116,131,104,167,133,98,152,130,
745.000000,153.000000,0.076619,653742464.000000,0.482993,0,1
112,131,96,149,120,90,172,188,
752.000000,160.000000,0.084388,532011424.000000,0.533748,0,1
216,202,200,133,157,167,109,141,
740.000000,164.000000,0.076841,171705072.000000,0.477868,0,1
136,155,160,104,109,126,64,62,
739.000000,175.000000,0.074870,152717680.000000,0.169809,0,1
146,173,121,221,179,122,244,255,
747.000000,177.000000,0.081169,33382020.000000,0.189576,0,1
56,83,68,190,143,128,255,255,
753.000000,178.000000,0.084253,195285808.000000,0.200831,0,1
149,212,128,240,193,152,255,255,
755.000000,208.000000,0.096178,62518544.000000,0.758025,0,1
166,150,157,133,139,146,118,110,
750.000000,212.000000,0.085225,215369440.000000,0.687262,0,1
127,136,127,173,158,144,183,187,
760.000000,215.000000,0.087646,234257520.000000,0.718573,0,1
104,116,105,163,146,123,170,172,
748.000000,218.000000,0.087206,14783827.000000,0.555853,0,1
201,201,199,213,203,196,220,218,
749.000000,219.000000,0.089240,13949982.000000,0.567985,0,1
199,203,196,220,213,204,218,222,
742.000000,226.000000,0.096197,9639800.000000,0.505324,0,1
222,231,224,221,222,218,212,210,
756.000000,240.000000,0.097551,132658408.000000,0.787663,0,1
187,177,181,164,170,171,154,149,
754.000000,245.000000,0.111783,114564784.000000,0.701107,0,1
162,178,170,166,165,157,145,130,
742.000000,247.000000,0.110702,116124424.000000,0.677676,0,1
185,184,182,167,168,163,145,134,
731.000000,248.000000,0.110504,113336416.000000,0.659432,0,1
161,158,155,153,148,145,141,135,
720.000000,250.000000,0.109608,17243388.000000,0.413402,0,1
172,163,164,137,141,150,118,109,
735.000000,252.000000,0.110187,41610604.000000,0.665904,0,1
122,126,117,135,123,113,129,123,
734.000000,167.000000,0.080161,1998183680.000000,0.487153,0,1
145,166,102,166,143,77,171,152,
623.000000,103.000000,0.214811,22511772.000000,0.869873,0,1
20,22,21,27,27,26,42,46,
141.000000,106.000000,0.276605,3356446.000000,2.215866,0,1
19,18,18,12,13,12,8,6,
148.000000,106.000000,0.279321,5031787.500000,2.160728,0,1
19,18,17,12,13,12,7,5,
157.000000,106.000000,0.272570,6175183.500000,2.060046,0,1
18,17,15,13,13,12,6,6,
165.000000,106.000000,0.282725,5620640.000000,2.025903,0,1
17,17,15,12,12,11,7,6,
186.000000,106.000000,0.276146,2309388.500000,1.844051,0,1
15,12,14,10,11,10,6,6,
713.000000,118.000000,0.072980,1099704832.000000,0.332294,0,1
86,90,190,72,176,247,120,128,
732.000000,118.000000,0.074090,186974000.000000,0.164277,0,1
60,53,75,65,91,144,142,105,
730.000000,119.000000,0.072456,325113536.000000,0.348559,0,1
51,54,77,52,118,151,56,55,
713.000000,120.000000,0.072204,744109760.000000,0.418534,0,1
176,120,223,81,128,160,87,85,
726.000000,121.000000,0.073623,490613312.000000,0.444921,0,1
66,86,46,91,66,42,74,60,
723.000000,126.000000,0.074758,184491632.000000,0.445812,0,1
67,66,50,115,98,90,141,107,
490.000000,128.000000,0.100220,16674576.000000,0.151064,0,1
33,59,78,139,167,206,255,255,
733.000000,131.000000,0.072990,193965584.000000,0.354137,0,1
108,107,141,124,173,187,179,193,
557.000000,137.000000,0.079745,101140672.000000,0.120464,0,1
236,255,174,255,232,207,255,226,
560.000000,137.000000,0.078725,103130720.000000,0.118834,0,1
246,204,255,169,248,255,221,255,
519.000000,140.000000,0.066008,93686152.000000,0.099535,0,1
218,253,153,255,227,241,254,226,
712.000000,140.000000,0.074198,581413888.000000,0.428496,0,1
119,139,112,163,142,124,191,137,
726.000000,142.000000,0.073796,348988704.000000,0.444245,0,1
102,118,97,142,117,96,154,150,
231.000000,145.000000,0.021697,62782936.000000,0.032721,0,1
15,32,21,152,164,27,246,238,
733.000000,150.000000,0.079359,392705376.000000,0.388580,0,1
135,115,168,106,147,187,129,177,
716.000000,151.000000,0.066980,34396376.000000,0.139763,0,1
155,157,188,117,144,163,113,117,
662.000000,155.000000,0.062180,16890190.000000,0.106099,0,1
254,230,231,248,239,230,255,255,
690.000000,158.000000,0.070044,145218880.000000,0.133869,0,1
211,196,231,122,136,242,144,206,
713.000000,158.000000,0.073209,761737536.000000,0.424273,0,1
135,187,153,172,155,162,131,102,
712.000000,164.000000,0.073073,1061947904.000000,0.422721,0,1
132,150,103,181,138,85,206,132,
721.000000,166.000000,0.071251,294638208.000000,0.332427,0,1
93,96,149,140,177,190,202,116,
488.000000,173.000000,0.056858,9560631.000000,0.090234,0,1
28,26,23,35,35,18,56,49,
730.000000,173.000000,0.079788,582232192.000000,0.388879,0,1
83,77,143,172,157,237,229,255,
34.000000,175.000000,0.086372,45723464.000000,0.446648,0,1
25,18,38,13,21,33,14,13,
37.000000,182.000000,0.089692,69578352.000000,0.463239,0,1
38,27,38,16,27,30,19,20,
726.000000,188.000000,0.082009,41961652.000000,0.398121,0,1
253,237,250,217,227,243,207,208,
728.000000,188.000000,0.082773,41328444.000000,0.404867,0,1
255,250,254,227,243,252,212,217,
601.000000,189.000000,0.094056,35155684.000000,0.213666,0,1
255,178,235,100,98,181,107,53,
220.000000,196.000000,0.033499,5465061.500000,0.379561,0,1
14,13,14,13,14,15,13,12,
731.000000,202.000000,0.080726,24928762.000000,0.625768,0,1
184,169,176,145,153,162,126,119,
649.000000,212.000000,0.111718,357660800.000000,0.319458,0,1
194,76,228,38,115,238,45,54,
727.000000,213.000000,0.082967,10399906.000000,0.417257,0,1
227,229,220,239,233,221,241,241,
728.000000,213.000000,0.082860,7958364.500000,0.416055,0,1
226,224,222,236,225,220,237,240,
725.000000,222.000000,0.084093,5219600.000000,0.423300,0,1
248,246,247,236,238,242,232,232,
680.000000,230.000000,0.113974,221969920.000000,0.513457,0,1
255,249,255,207,250,255,229,236,
703.000000,235.000000,0.097112,1532710.375000,0.207483,0,1
254,250,249,246,246,243,240,236,
679.000000,237.000000,0.113579,309763648.000000,0.483100,0,1
230,196,231,122,202,216,168,200,
679.000000,239.000000,0.113189,1508120192.000000,0.574089,0,1
202,168,196,125,200,215,180,199,
710.000000,245.000000,0.108053,33760108.000000,0.540782,0,1
222,207,211,170,182,187,143,132,
687.000000,248.000000,0.115269,172722432.000000,0.240099,0,1
187,203,156,255,217,140,245,155,
685.000000,250.000000,0.116084,594716800.000000,0.546068,0,1
255,245,245,199,177,155,128,116,
677.000000,252.000000,0.117028,190040256.000000,0.595677,0,1
221,137,145,74,90,108,68,75,
679.000000,252.000000,0.116700,263887920.000000,0.540031,0,1
223,145,142,90,108,111,93,96,
713.000000,252.000000,0.112469,8974555.000000,0.576238,0,1
135,122,126,112,110,113,103,98,
716.000000,253.000000,0.113629,23935510.000000,0.588878,0,1
123,113,112,101,105,107,96,92,
700.000000,258.000000,0.073681,40489168.000000,0.571070,0,1
107,112,103,117,104,98,111,105,
699.000000,259.000000,0.073041,12174780.000000,0.155540,0,1
112,117,104,121,111,91,119,113,
672.000000,265.000000,0.130496,132248984.000000,0.813620,0,1
48,73,60,91,82,73,112,115,
512.000000,270.000000,0.153131,5563908.000000,0.659270,0,1
68,74,76,69,66,72,65,59,
520.000000,272.000000,0.151342,14618567.000000,0.671216,0,1
70,68,70,66,66,66,64,60,
583.000000,285.000000,0.144180,15771498.000000,0.552777,0,1
101,103,103,120,106,97,115,106,
598.000000,287.000000,0.150234,112851392.000000,0.854826,0,1
94,88,96,89,88,91,75,71,
657.000000,287.000000,0.148227,24301230.000000,0.977970,0,1
96,102,103,95,95,92,89,86,
582.000000,288.000000,0.150156,20307908.000000,0.572778,0,1
115,108,106,88,95,96,80,75,
672.000000,288.000000,0.128271,6706436.500000,0.695229,0,1
96,96,97,89,89,90,84,83,
580.000000,293.000000,0.153313,3412539.750000,0.592048,0,1
74,78,72,88,82,74,91,88,
612.000000,293.000000,0.155998,3683330.250000,0.536156,0,1
75,73,73,60,65,72,53,55,
581.000000,294.000000,0.151828,5342750.000000,0.597047,0,1
72,82,74,91,86,75,88,84,
616.000000,294.000000,0.139187,27636042.000000,0.777970,0,1
69,71,72,59,69,72,59,61,
607.000000,296.000000,0.162871,10157125.000000,0.574147,0,1
56,58,59,72,73,75,84,75,
619.000000,104.000000,0.223086,21318472.000000,0.899478,0,1
22,27,27,38,43,39,49,43,
139.000000,106.000000,0.279062,4659491.500000,2.242400,0,1
19,14,18,12,12,13,8,6,
171.000000,106.000000,0.277702,3456566.000000,1.950820,0,1
17,15,16,10,10,10,7,6,
700.000000,259.000000,0.074060,17325090.000000,0.158308,0,1
107,110,99,117,103,84,113,105,
699.000000,114.000000,0.074776,444900096.000000,0.148665,0,1
233,255,174,255,225,100,255,227,
698.000000,138.000000,0.074996,185715408.000000,0.147850,0,1
253,255,211,255,252,185,238,240,
708.000000,195.000000,0.076967,9438582.000000,0.441451,0,1
201,193,199,181,188,193,170,149,
722.000000,192.000000,0.080751,339335520.000000,0.478175,0,1
207,184,212,169,197,215,176,185,
718.000000,189.000000,0.080384,257025200.000000,0.380420,0,1
227,232,204,222,208,189,212,197,
731.000000,159.000000,0.079308,109393216.000000,0.386242,0,1
217,202,210,145,149,189,118,132,
146.000000,161.000000,0.055127,3875197696.000000,0.809093,0,1
19,38,10,43,20,6,39,20,
713.000000,169.000000,0.074524,190939072.000000,0.340420,0,1
82,119,67,228,172,101,250,255,
699.000000,165.000000,0.074278,206325856.000000,0.147269,0,1
235,253,179,255,244,152,255,255,
234.000000,168.000000,0.029124,1733236736.000000,0.151125,0,1
90,188,25,243,114,15,137,46,
296.000000,96.000000,0.273657,658849.000000,1.825185,0,1
10,12,9,12,11,10,12,17,
449.000000,96.000000,0.235559,964517.187500,0.573258,0,1
8,9,11,9,13,13,16,19,
462.000000,96.000000,0.249945,2188620.000000,0.737545,0,1
9,10,8,14,12,8,19,16,
458.000000,97.000000,0.242802,2735650.250000,0.672921,0,1
10,12,13,18,19,20,21,21,
462.000000,102.000000,0.252795,3677670.500000,0.719534,0,1
16,20,13,21,15,9,18,14,
196.000000,104.000000,0.266740,28607488.000000,2.124463,0,1
14,14,14,15,14,9,14,10,
448.000000,104.000000,0.263542,3881205.250000,0.648050,0,1
19,15,20,11,17,19,14,11,
315.000000,106.000000,0.249937,16585448.000000,0.881734,0,1
11,14,12,44,26,15,27,12,
679.000000,120.000000,0.066335,466962656.000000,0.291083,0,1
73,122,69,185,100,75,150,83,
567.000000,123.000000,0.047042,778124032.000000,0.173518,0,1
207,242,177,255,208,177,251,198,
597.000000,123.000000,0.029894,55043384.000000,0.078696,0,1
255,244,214,251,206,190,242,247,
704.000000,123.000000,0.073469,682467520.000000,0.536907,0,1
97,115,94,151,120,106,184,141,
498.000000,125.000000,0.073620,19008504.000000,0.250335,0,1
25,25,26,28,28,28,40,103,
518.000000,125.000000,0.075626,93723904.000000,0.310306,0,1
27,28,28,32,31,29,46,55,
531.000000,125.000000,0.077075,85605656.000000,0.352441,0,1
27,39,27,37,35,30,54,130,
532.000000,128.000000,0.076847,1701400320.000000,0.352887,0,1
56,130,44,243,142,33,245,177,
468.000000,131.000000,0.048206,479897184.000000,0.105445,0,1
29,35,64,42,31,228,38,30,
581.000000,132.000000,0.049583,509808992.000000,0.198815,0,1
146,137,193,174,168,199,169,199,
441.000000,137.000000,0.037228,4527141.000000,0.086111,0,1
34,26,35,16,23,29,18,17,
684.000000,137.000000,0.066572,1011406336.000000,0.651285,0,1
214,189,190,109,110,140,80,81,
686.000000,137.000000,0.066288,698512000.000000,0.445799,0,1
205,190,173,110,140,201,91,126,
406.000000,138.000000,0.016934,1013144.750000,0.027607,0,1
26,26,26,28,26,26,29,34,
422.000000,138.000000,0.023421,1403433.375000,0.092415,0,1
20,21,20,21,22,19,22,28,
551.000000,140.000000,0.077664,3684860160.000000,0.407790,0,1
83,44,215,41,82,253,43,75,
670.000000,140.000000,0.067066,1161121792.000000,0.424985,0,1
98,132,86,203,128,102,175,107,
685.000000,142.000000,0.065564,1701986688.000000,0.641695,0,1
111,100,143,122,132,162,165,196,
441.000000,143.000000,0.022147,81350944.000000,0.029206,0,1
56,148,34,150,84,40,81,86,
424.000000,144.000000,0.037734,6475961.500000,0.019298,0,1
131,193,153,114,106,42,69,72,
630.000000,144.000000,0.058394,236388048.000000,0.445050,0,1
110,124,119,164,153,130,184,165,
678.000000,144.000000,0.064027,1062554048.000000,0.607224,0,1
177,180,163,151,145,113,152,127,
700.000000,144.000000,0.073799,2912155136.000000,0.531484,0,1
178,219,158,251,177,151,223,205,
433.000000,145.000000,0.031446,50916740.000000,0.032559,0,1
29,20,63,21,30,72,20,25,
160.000000,146.000000,0.025622,11499395.000000,0.429866,0,1
9,9,10,11,14,18,21,70,
269.000000,147.000000,0.020297,1870569856.000000,0.069156,0,1
208,117,243,38,177,231,89,130,
456.000000,147.000000,0.027916,22463954.000000,0.047144,0,1
15,44,16,68,38,19,54,32,
496.000000,147.000000,0.057727,194333664.000000,0.180196,0,1
223,57,155,33,47,88,30,29,
533.000000,147.000000,0.076240,3914369024.000000,0.350283,0,1
95,236,47,255,111,37,239,121,
668.000000,147.000000,0.067200,2202971136.000000,0.619489,0,1
164,212,130,242,190,139,195,150,
97.000000,148.000000,0.026267,2176933376.000000,0.251884,0,1
8,8,12,7,10,71,8,7,
203.000000,150.000000,0.037108,4531862528.000000,0.197616,0,1
17,142,14,250,52,14,187,34,
41.000000,151.000000,0.023868,3597366272.000000,0.216177,0,1
11,30,15,104,76,33,147,233,
171.000000,151.000000,0.014914,1273634304.000000,0.065975,0,1
58,150,61,252,170,74,242,199,
42.000000,152.000000,0.023850,4678053888.000000,0.215468,0,1
15,76,33,147,147,58,233,254,
138.000000,152.000000,0.017728,63390976.000000,0.121461,0,1
14,13,15,14,16,18,17,19,
353.000000,153.000000,0.021081,27832408.000000,0.025876,0,1
166,182,142,217,219,225,255,255,
679.000000,153.000000,0.064394,879412544.000000,0.614387,0,1
118,144,100,166,127,118,218,208,
202.000000,154.000000,0.037734,816422656.000000,0.174769,0,1
144,212,33,247,162,14,116,27,
441.000000,154.000000,0.020843,34220780.000000,0.052238,0,1
71,67,46,65,57,40,42,51,
510.000000,154.000000,0.063550,159121952.000000,0.232405,0,1
155,51,101,33,41,61,30,28,
452.000000,155.000000,0.019961,52500284.000000,0.031356,0,1
101,72,102,57,90,84,45,84,
358.000000,156.000000,0.019060,21895504.000000,0.028770,0,1
255,252,246,215,177,198,114,87,
349.000000,157.000000,0.014840,34910988.000000,0.022421,0,1
250,255,197,255,240,224,255,252,
394.000000,158.000000,0.017489,120515592.000000,0.026357,0,1
157,107,255,106,160,246,111,161,
684.000000,158.000000,0.069042,278236736.000000,0.682361,0,1
202,188,187,188,175,130,115,114,
223.000000,159.000000,0.012124,763827200.000000,0.054584,0,1
125,111,173,78,110,192,65,112,
56.000000,161.000000,0.022406,581436928.000000,0.194648,0,1
203,86,99,25,25,18,17,16,
196.000000,161.000000,0.033926,339248544.000000,0.428889,0,1
64,56,45,37,30,23,17,9,
269.000000,161.000000,0.020228,2568579584.000000,0.085965,0,1
95,59,177,32,119,246,54,100,
305.000000,161.000000,0.018615,745455936.000000,0.046667,0,1
213,86,233,73,146,252,87,139,
340.000000,161.000000,0.018744,106950464.000000,0.030227,0,1
255,249,255,188,195,227,113,108,
353.000000,162.000000,0.017723,128068608.000000,0.022927,0,1
235,255,121,227,230,106,232,233,
361.000000,162.000000,0.020169,89634528.000000,0.022354,0,1
255,197,252,84,190,159,95,87,
427.000000,163.000000,0.030475,132556640.000000,0.045928,0,1
30,81,23,191,36,20,99,32,
164.000000,164.000000,0.031132,212026944.000000,0.146925,0,1
64,65,32,57,33,11,21,8,
214.000000,164.000000,0.030355,14372801.000000,0.352883,0,1
13,15,18,15,15,12,12,11,
349.000000,164.000000,0.018297,102152520.000000,0.036839,0,1
129,127,127,173,170,166,227,192,
406.000000,164.000000,0.030349,13258746.000000,0.048600,0,1
229,253,252,213,211,209,135,116,
413.000000,164.000000,0.026237,20406164.000000,0.044677,0,1
232,250,250,203,203,205,132,104,
552.000000,164.000000,0.077643,2956183552.000000,0.414415,0,1
181,60,245,43,180,255,61,181,
44.000000,166.000000,0.023622,356578688.000000,0.212714,0,1
19,26,12,27,19,12,25,14,
284.000000,166.000000,0.018541,153078480.000000,0.071779,0,1
90,86,85,147,132,146,181,124,
437.000000,166.000000,0.035488,7805333.500000,0.091247,0,1
35,36,37,21,24,21,18,18,
447.000000,166.000000,0.028228,15669441.000000,0.070394,0,1
24,24,24,44,43,30,58,55,
471.000000,166.000000,0.049795,20184068.000000,0.117939,0,1
14,15,21,14,23,32,15,22,
128.000000,167.000000,0.022950,89003048.000000,0.198095,0,1
15,10,18,9,16,21,11,17,
261.000000,167.000000,0.023143,826465792.000000,0.100398,0,1
46,23,80,18,55,136,23,40,
455.000000,167.000000,0.039822,20999850.000000,0.073873,0,1
31,32,31,41,33,25,63,66,
489.000000,167.000000,0.033776,11499813.000000,0.094024,0,1
16,21,19,37,24,17,36,30,
161.000000,168.000000,0.032111,27415674.000000,0.236321,0,1
43,12,16,9,8,6,9,8,
262.000000,168.000000,0.023091,780255744.000000,0.084973,0,1
80,55,136,23,92,106,40,52,
272.000000,168.000000,0.022239,161544480.000000,0.187195,0,1
142,160,170,110,118,122,87,83,
307.000000,168.000000,0.022478,33579380.000000,0.058476,0,1
174,174,174,133,140,132,119,119,
59.000000,169.000000,0.022532,258648896.000000,0.194613,0,1
14,22,11,26,17,10,22,17,
403.000000,169.000000,0.028660,13365542.000000,0.044551,0,1
99,98,115,105,116,132,97,98,
459.000000,169.000000,0.047006,44391864.000000,0.095506,0,1
36,37,24,66,52,19,70,51,
316.000000,170.000000,0.024495,106441368.000000,0.155610,0,1
126,105,119,112,118,133,107,94,
349.000000,170.000000,0.020209,10764430.000000,0.041228,0,1
126,129,108,141,135,113,119,130,
357.000000,170.000000,0.022916,8425710.000000,0.041660,0,1
98,108,94,121,110,94,93,87,
412.000000,170.000000,0.025274,29477864.000000,0.039667,0,1
109,113,108,99,91,84,75,68,
552.000000,170.000000,0.077410,563655680.000000,0.167121,0,1
186,60,248,42,187,255,53,100,
397.000000,171.000000,0.023804,31879076.000000,0.051678,0,1
101,99,84,86,85,77,74,59,
471.000000,171.000000,0.047340,97353688.000000,0.113644,0,1
21,15,21,15,37,51,19,39,
146.000000,172.000000,0.053445,73299456.000000,0.188111,0,1
25,38,13,64,30,7,44,15,
147.000000,172.000000,0.053603,152452032.000000,0.383142,0,1
13,25,7,55,13,7,23,9,
132.000000,173.000000,0.024191,34282812.000000,0.205449,0,1
28,27,30,33,43,52,41,33,
386.000000,173.000000,0.027421,21245074.000000,0.209415,0,1
77,79,76,70,68,65,54,48,
42.000000,174.000000,0.023933,301351200.000000,0.217272,0,1
58,61,48,46,34,25,22,13,
55.000000,174.000000,0.022609,117766512.000000,0.197715,0,1
34,36,32,22,24,21,16,17,
123.000000,174.000000,0.023764,43198808.000000,0.208652,0,1
10,13,8,16,13,10,19,20,
364.000000,174.000000,0.026606,16704276.000000,0.049234,0,1
103,110,100,100,96,85,68,64,
490.000000,174.000000,0.028707,70988960.000000,0.081233,0,1
22,26,17,54,19,15,39,34,
125.000000,175.000000,0.024499,76557400.000000,0.213036,0,1
8,10,11,18,17,20,20,20,
132.000000,175.000000,0.023315,35636876.000000,0.198230,0,1
43,41,45,31,33,31,25,22,
248.000000,175.000000,0.027351,19848094.000000,0.282284,0,1
63,50,50,40,45,44,36,38,
362.000000,175.000000,0.027120,45580692.000000,0.104558,0,1
110,94,99,67,70,67,63,62,
365.000000,175.000000,0.027900,22566266.000000,0.102885,0,1
100,96,85,68,68,72,64,59,
372.000000,175.000000,0.027822,11485081.000000,0.252587,0,1
77,68,66,61,57,54,55,51,
406.000000,175.000000,0.031567,29623514.000000,0.060221,0,1
79,73,65,69,63,58,55,47,
427.000000,175.000000,0.032905,25221832.000000,0.122688,0,1
22,27,21,52,27,19,40,18,
559.000000,175.000000,0.079618,146141008.000000,0.452679,0,1
255,140,236,47,76,140,43,36,
60.000000,176.000000,0.022921,82689104.000000,0.198068,0,1
12,12,11,16,18,19,32,35,
63.000000,176.000000,0.023216,88539784.000000,0.199147,0,1
10,10,10,21,16,11,27,21,
215.000000,176.000000,0.034338,207126272.000000,0.395896,0,1
9,10,14,13,23,32,25,34,
342.000000,176.000000,0.027669,38642816.000000,0.052015,0,1
132,134,132,94,102,90,66,55,
355.000000,176.000000,0.030740,40071936.000000,0.294885,0,1
84,76,76,62,62,60,53,49,
421.000000,176.000000,0.031806,30764084.000000,0.047933,0,1
39,66,66,42,37,33,26,25,
241.000000,177.000000,0.028562,311963904.000000,0.289019,0,1
21,16,29,14,26,40,20,27,
313.000000,177.000000,0.033154,36053900.000000,0.205279,0,1
89,86,95,76,78,74,59,68,
319.000000,177.000000,0.033101,22678756.000000,0.095116,0,1
93,98,97,79,80,81,67,50,
306.000000,178.000000,0.033240,41416568.000000,0.116430,0,1
102,87,88,68,72,76,55,60,
147.000000,179.000000,0.053733,15009662.000000,0.385753,0,1
8,14,7,20,11,6,14,10,
200.000000,179.000000,0.033320,276939136.000000,0.417112,0,1
8,15,7,27,15,7,28,24,
300.000000,179.000000,0.029372,41061316.000000,0.511000,0,1
68,59,67,51,58,56,47,54,
382.000000,179.000000,0.033407,31562498.000000,0.244722,0,1
63,56,55,44,41,40,35,34,
573.000000,179.000000,0.084180,96894520.000000,0.531014,0,1
255,254,255,62,160,246,46,41,
528.000000,180.000000,0.080692,4849398.000000,0.376381,0,1
26,35,39,20,23,31,17,17,
683.000000,181.000000,0.074251,135327248.000000,0.508697,0,1
255,254,253,253,239,245,241,229,
171.000000,182.000000,0.031659,40527616.000000,0.239619,0,1
26,18,22,9,16,20,10,11,
199.000000,182.000000,0.033176,85768632.000000,0.416234,0,1
28,24,24,13,13,10,10,10,
220.000000,182.000000,0.031811,43588180.000000,0.358751,0,1
30,20,22,14,16,18,13,14,
242.000000,182.000000,0.029605,74971000.000000,0.298616,0,1
28,22,28,18,26,30,23,26,
327.000000,182.000000,0.031796,22513630.000000,0.170432,0,1
37,38,39,38,34,31,25,22,
329.000000,182.000000,0.030049,23499446.000000,0.352394,0,1
38,39,37,34,31,32,23,22,
351.000000,182.000000,0.038359,11446444.000000,0.375331,0,1
46,50,45,40,41,38,30,33,
364.000000,182.000000,0.035879,8215522.500000,0.331759,0,1
52,51,48,42,41,37,35,36,
373.000000,182.000000,0.037620,24511564.000000,0.299415,0,1
43,56,36,51,43,33,41,39,
390.000000,182.000000,0.034804,40711172.000000,0.232081,0,1
82,48,50,37,37,38,36,38,
408.000000,182.000000,0.029035,2660371.000000,0.176011,0,1
33,39,31,44,34,28,38,32,
475.000000,182.000000,0.038739,19073434.000000,0.100038,0,1
54,47,57,39,46,60,38,36,
581.000000,182.000000,0.087426,146726576.000000,0.585331,0,1
255,218,249,56,116,217,46,43,
682.000000,182.000000,0.073932,156836384.000000,0.504439,0,1
254,253,239,248,241,229,231,227,
307.000000,183.000000,0.036121,24323086.000000,0.260094,0,1
54,60,65,49,54,49,35,28,
317.000000,183.000000,0.034094,4530083.500000,0.502209,0,1
45,48,45,40,39,34,27,24,
546.000000,183.000000,0.075433,128474120.000000,0.393796,0,1
67,74,57,41,49,51,34,50,
447.000000,184.000000,0.034692,16224852.000000,0.120748,0,1
16,15,24,14,19,36,14,13,
482.000000,184.000000,0.053997,126824936.000000,0.158269,0,1
76,81,36,60,65,24,56,43,
588.000000,184.000000,0.088218,117543640.000000,0.616428,0,1
255,239,255,78,175,238,54,50,
349.000000,185.000000,0.039776,13733377.000000,0.385496,0,1
30,28,34,27,38,44,33,34,
455.000000,185.000000,0.041789,26945674.000000,0.088981,0,1
16,26,16,59,29,14,30,14,
559.000000,185.000000,0.079186,30966260.000000,0.455792,0,1
28,61,48,29,42,66,23,23,
398.000000,186.000000,0.038940,3538793.500000,0.222916,0,1
41,46,43,41,40,38,32,33,
453.000000,186.000000,0.042615,42804628.000000,0.089642,0,1
30,35,50,13,33,20,13,13,
686.000000,188.000000,0.073203,92865952.000000,0.507090,0,1
225,229,219,215,213,198,195,189,
587.000000,189.000000,0.092925,70405432.000000,0.660602,0,1
58,89,94,34,40,52,31,33,
384.000000,190.000000,0.042297,21572400.000000,0.302220,0,1
37,43,43,34,38,39,30,24,
404.000000,190.000000,0.045359,8685848.000000,0.246703,0,1
34,40,43,34,41,36,29,27,
487.000000,190.000000,0.055318,46250972.000000,0.175416,0,1
58,38,54,20,47,66,21,24,
594.000000,190.000000,0.095195,693535680.000000,0.708286,0,1
116,91,149,34,41,77,30,31,
360.000000,191.000000,0.042900,17025800.000000,0.387366,0,1
36,36,39,31,31,34,24,21,
386.000000,191.000000,0.042574,22303424.000000,0.300136,0,1
39,39,37,31,32,32,25,24,
471.000000,191.000000,0.049307,18153382.000000,0.132808,0,1
14,9,20,9,14,24,10,13,
607.000000,191.000000,0.093638,72485344.000000,0.490667,0,1
253,192,245,110,140,208,49,39,
349.000000,192.000000,0.045712,18699218.000000,0.447998,0,1
39,43,35,34,32,26,23,20,
491.000000,192.000000,0.047240,8119181.500000,0.152752,0,1
56,58,61,27,41,60,29,34,
293.000000,193.000000,0.045163,43212072.000000,0.312425,0,1
28,33,34,28,36,45,30,33,
338.000000,193.000000,0.035712,5669504.000000,0.364996,0,1
31,34,29,26,25,22,20,19,
366.000000,193.000000,0.044537,38222700.000000,0.372612,0,1
41,31,33,24,27,24,21,22,
232.000000,194.000000,0.047793,9455661.000000,0.537411,0,1
21,26,21,27,23,19,22,17,
254.000000,194.000000,0.041229,15122718.000000,0.371243,0,1
19,20,20,21,19,18,16,12,
502.000000,195.000000,0.058300,12533365.000000,0.216219,0,1
45,51,47,31,39,45,30,37,
504.000000,195.000000,0.064460,50868208.000000,0.247633,0,1
48,47,44,39,45,44,28,28,
549.000000,195.000000,0.072257,54741920.000000,0.389177,0,1
33,36,26,41,31,23,38,30,
228.000000,196.000000,0.038966,5119833.000000,0.431719,0,1
27,23,23,19,18,18,14,11,
244.000000,196.000000,0.046387,7973426.500000,0.440111,0,1
23,20,21,14,14,15,10,9,
245.000000,196.000000,0.044912,8277623.500000,0.439539,0,1
24,21,21,15,14,15,10,10,
290.000000,196.000000,0.046648,40650072.000000,0.736934,0,1
24,20,26,16,23,31,21,28,
294.000000,196.000000,0.050654,5000607.000000,0.704164,0,1
35,33,25,31,26,22,24,18,
332.000000,196.000000,0.030442,4103293.750000,0.308064,0,1
18,19,20,18,19,18,17,16,
348.000000,196.000000,0.043091,1987953.250000,0.388633,0,1
19,19,20,18,19,20,17,16,
489.000000,196.000000,0.056066,32495396.000000,0.186481,0,1
27,25,23,34,34,30,42,47,
490.000000,196.000000,0.056145,17707154.000000,0.188364,0,1
33,23,25,35,33,27,43,48,
545.000000,196.000000,0.071519,68876312.000000,0.375629,0,1
48,44,43,30,32,38,34,39,
547.000000,196.000000,0.070679,39281848.000000,0.374836,0,1
40,43,38,32,38,36,28,30,
461.000000,197.000000,0.056148,15008959.000000,0.154169,0,1
25,29,25,35,32,29,39,43,
510.000000,197.000000,0.065197,87698648.000000,0.264737,0,1
24,21,35,20,23,50,19,20,
537.000000,197.000000,0.080099,109761368.000000,0.412300,0,1
26,20,37,20,25,39,20,25,
555.000000,197.000000,0.079852,17721712.000000,0.459300,0,1
15,16,16,34,33,28,36,22,
629.000000,197.000000,0.106368,457366784.000000,0.980217,0,1
90,42,50,41,60,84,42,42,
446.000000,198.000000,0.055901,6486452.500000,0.179472,0,1
36,37,38,40,40,40,43,46,
512.000000,198.000000,0.064876,66684904.000000,0.268014,0,1
45,36,51,21,38,50,23,36,
594.000000,199.000000,0.097925,197727392.000000,0.744358,0,1
35,29,44,27,35,48,28,33,
465.000000,200.000000,0.057589,26188902.000000,0.162115,0,1
33,40,38,46,44,43,50,53,
518.000000,200.000000,0.051839,11053381.000000,0.216061,0,1
44,49,48,29,38,45,31,38,
525.000000,200.000000,0.040324,10283244.000000,0.170353,0,1
17,24,17,36,26,19,38,33,
595.000000,200.000000,0.098099,157328128.000000,0.750904,0,1
44,35,48,28,44,47,33,42,
473.000000,201.000000,0.059176,37633928.000000,0.178237,0,1
31,36,35,45,43,42,50,55,
577.000000,202.000000,0.090087,30864520.000000,0.612902,0,1
22,28,23,55,50,41,50,26,
517.000000,203.000000,0.051949,8488620.000000,0.217224,0,1
31,32,38,16,22,30,16,20,
573.000000,203.000000,0.078229,52821036.000000,0.500990,0,1
47,51,55,22,26,40,20,18,
706.000000,203.000000,0.074671,22257630.000000,0.561816,0,1
203,232,220,253,244,234,255,254,
493.000000,204.000000,0.063911,25526488.000000,0.233718,0,1
23,29,25,41,36,30,47,53,
580.000000,204.000000,0.084556,25833230.000000,0.575182,0,1
33,56,53,29,45,59,22,20,
497.000000,206.000000,0.065297,33241062.000000,0.249509,0,1
25,36,30,49,45,37,53,57,
587.000000,206.000000,0.091263,79519392.000000,0.660881,0,1
52,61,65,25,30,45,22,21,
591.000000,206.000000,0.095659,219539712.000000,0.717864,0,1
26,50,32,45,44,27,24,21,
541.000000,207.000000,0.071253,32972854.000000,0.374546,0,1
38,33,36,30,27,32,25,18,
424.000000,208.000000,0.063710,5944226.500000,0.287229,0,1
42,40,42,38,39,42,35,32,
464.000000,208.000000,0.065662,28898400.000000,0.202893,0,1
58,59,64,63,68,70,70,73,
475.000000,208.000000,0.064992,24870822.000000,0.211914,0,1
64,67,66,72,74,73,80,79,
481.000000,208.000000,0.065829,22981012.000000,0.225488,0,1
63,66,63,72,70,70,79,79,
483.000000,208.000000,0.065781,25106920.000000,0.228783,0,1
62,63,65,70,70,69,77,79,
607.000000,208.000000,0.098135,61245100.000000,0.804657,0,1
30,29,29,52,45,33,78,39,
549.000000,209.000000,0.072535,12979051.000000,0.403573,0,1
20,20,16,27,19,14,21,17,
430.000000,210.000000,0.065701,4995637.500000,0.280387,0,1
43,41,44,35,42,45,36,37,
544.000000,212.000000,0.062610,12690234.000000,0.330131,0,1
19,20,26,21,19,19,14,12,
506.000000,213.000000,0.071173,12100487.000000,0.304619,0,1
57,65,52,75,64,52,79,79,
563.000000,213.000000,0.082956,10764539.000000,0.521803,0,1
16,16,15,33,25,16,28,22,
632.000000,214.000000,0.127326,30608388.000000,0.481395,0,1
28,30,27,89,58,35,61,39,
277.000000,215.000000,0.077818,13101032.000000,1.163231,0,1
18,19,16,20,16,11,16,11,
517.000000,215.000000,0.075833,37291760.000000,0.357142,0,1
29,45,34,59,52,44,64,63,
519.000000,215.000000,0.076674,38156736.000000,0.366764,0,1
24,34,28,52,44,37,61,54,
572.000000,215.000000,0.086321,9166047.000000,0.578507,0,1
18,18,19,33,21,19,39,31,
651.000000,215.000000,0.111620,903841728.000000,0.443627,0,1
219,122,232,44,158,236,61,90,
669.000000,216.000000,0.116759,205969120.000000,0.864588,0,1
255,247,255,234,245,255,231,222,
571.000000,217.000000,0.078322,15136609.000000,0.510211,0,1
25,35,41,20,28,34,17,16,
636.000000,217.000000,0.111136,118574488.000000,1.098728,0,1
70,58,67,29,36,41,26,25,
468.000000,218.000000,0.078949,16609014.000000,0.273620,0,1
75,75,76,71,72,72,65,64,
480.000000,218.000000,0.078550,22826998.000000,0.295439,0,1
88,88,89,80,82,81,75,76,
501.000000,218.000000,0.076988,26395578.000000,0.332072,0,1
82,74,74,80,79,78,85,88,
652.000000,218.000000,0.112087,2016673152.000000,0.770565,0,1
188,90,209,40,120,217,49,63,
508.000000,219.000000,0.078119,35152700.000000,0.355545,0,1
73,73,72,83,81,82,90,94,
517.000000,219.000000,0.078808,56017140.000000,0.380544,0,1
63,68,65,79,79,72,87,90,
518.000000,219.000000,0.078648,63652012.000000,0.381934,0,1
60,66,61,78,76,71,86,89,
531.000000,219.000000,0.081248,79037368.000000,0.430688,0,1
19,27,22,46,36,30,57,64,
434.000000,220.000000,0.076923,11195740.000000,0.330613,0,1
42,37,39,34,37,38,33,31,
545.000000,222.000000,0.083645,196641424.000000,0.488802,0,1
16,25,22,48,41,32,71,74,
592.000000,222.000000,0.095071,86338264.000000,0.735077,0,1
24,38,25,34,31,27,18,17,
548.000000,223.000000,0.084140,135786096.000000,0.502124,0,1
19,32,24,64,51,36,78,85,
600.000000,223.000000,0.093438,17329726.000000,0.746628,0,1
23,24,23,36,30,24,41,28,
674.000000,223.000000,0.113670,720402880.000000,0.856545,0,1
254,230,255,195,232,255,190,191,
268.000000,224.000000,0.061260,2703994.250000,0.493024,0,1
15,14,14,13,13,10,12,9,
531.000000,224.000000,0.082270,52443896.000000,0.444891,0,1
77,84,84,92,91,88,95,99,
538.000000,224.000000,0.082574,132010792.000000,0.465126,0,1
58,81,74,88,87,85,92,94,
545.000000,225.000000,0.084165,141470624.000000,0.496988,0,1
67,76,77,94,89,85,104,105,
552.000000,228.000000,0.087594,24606380.000000,0.547997,0,1
79,84,71,101,89,69,106,109,
657.000000,228.000000,0.113542,1170306560.000000,0.808306,0,1
159,87,170,39,111,162,43,34,
676.000000,228.000000,0.113048,1383439744.000000,0.860910,0,1
238,175,241,121,153,243,62,75,
556.000000,230.000000,0.088209,36849344.000000,0.567706,0,1
51,75,57,102,82,59,105,106,
560.000000,230.000000,0.091822,61691040.000000,0.610818,0,1
31,40,34,59,47,43,76,93,
559.000000,231.000000,0.091640,82224144.000000,0.607730,0,1
40,59,47,89,76,59,101,108,
660.000000,231.000000,0.109708,193257120.000000,0.784402,0,1
92,43,43,30,30,31,28,28,
665.000000,231.000000,0.110244,410780576.000000,0.804025,0,1
76,42,39,31,31,30,29,29,
490.000000,234.000000,0.088739,2298975.250000,0.403255,0,1
79,76,82,72,76,82,71,73,
567.000000,234.000000,0.095274,56642096.000000,0.671080,0,1
43,65,48,107,85,63,116,117,
677.000000,234.000000,0.112918,3408537344.000000,0.566662,0,1
142,74,202,34,139,232,73,131,
511.000000,236.000000,0.093145,29237734.000000,0.488936,0,1
93,94,97,100,101,101,105,108,
575.000000,236.000000,0.098649,269111616.000000,0.734343,0,1
39,55,47,91,78,66,109,118,
588.000000,237.000000,0.102429,130059888.000000,0.822656,0,1
22,29,27,45,38,32,63,82,
583.000000,238.000000,0.100442,211758672.000000,0.784577,0,1
37,68,51,106,87,74,113,120,
540.000000,239.000000,0.099212,11286574.000000,0.628310,0,1
110,109,112,104,107,110,99,99,
501.000000,240.000000,0.102427,10637217.000000,0.535846,0,1
92,87,93,77,84,93,77,75,
563.000000,240.000000,0.101761,14741412.000000,0.731031,0,1
121,118,118,126,123,120,127,125,
580.000000,240.000000,0.102397,45141080.000000,0.798271,0,1
108,119,116,122,123,118,130,130,
594.000000,241.000000,0.103404,77781496.000000,0.863176,0,1
38,66,45,106,78,57,109,110,
458.000000,242.000000,0.099650,3819393.750000,0.419455,0,1
40,37,41,33,38,41,34,37,
601.000000,243.000000,0.105849,73040232.000000,0.922715,0,1
32,49,37,94,69,47,105,110,
676.000000,243.000000,0.112474,5047605760.000000,0.870309,0,1
63,49,120,75,123,197,139,217,
481.000000,244.000000,0.093046,5513048.000000,0.432469,0,1
69,69,75,61,69,73,64,68,
508.000000,244.000000,0.113835,18424992.000000,0.657106,0,1
90,85,90,78,85,90,75,74,
554.000000,244.000000,0.097327,7304292.000000,0.666398,0,1
112,113,116,107,112,114,105,106,
657.000000,244.000000,0.113601,236922080.000000,0.825584,0,1
23,20,28,17,22,44,18,19,
664.000000,244.000000,0.113358,1953691648.000000,0.843830,0,1
29,41,46,64,71,76,103,151,
671.000000,244.000000,0.112587,1557277952.000000,0.857548,0,1
32,55,59,81,88,106,139,191,
573.000000,245.000000,0.105539,34820332.000000,0.816042,0,1
128,126,123,117,120,123,114,119,
603.000000,245.000000,0.108481,421528992.000000,0.966997,0,1
47,98,53,110,88,50,111,106,
507.000000,248.000000,0.108732,9792153.000000,0.623851,0,1
73,78,73,86,81,73,84,83,
518.000000,249.000000,0.117372,10750123.000000,0.497443,0,1
94,90,92,78,88,91,79,79,
657.000000,249.000000,0.113578,307620928.000000,0.830817,0,1
26,41,44,33,50,66,27,28,
502.000000,251.000000,0.124827,15139736.000000,0.753639,0,1
79,77,79,71,75,77,73,74,
601.000000,251.000000,0.113043,63647276.000000,1.029312,0,1
132,129,130,122,121,121,120,116,
610.000000,251.000000,0.114028,40904536.000000,1.081277,0,1
45,57,48,102,75,53,111,113,
676.000000,251.000000,0.117249,1224328448.000000,0.928029,0,1
255,214,221,133,137,145,74,68,
608.000000,252.000000,0.110243,60529148.000000,1.023997,0,1
69,113,89,117,115,104,115,114,
664.000000,252.000000,0.114946,259230352.000000,0.868619,0,1
120,77,106,39,57,71,38,46,
671.000000,252.000000,0.116771,1219844480.000000,0.908453,0,1
228,151,151,86,90,83,61,57,
567.000000,255.000000,0.114414,13090368.000000,0.914390,0,1
124,122,124,117,121,121,114,114,
232.000000,256.000000,0.108990,1473450.625000,0.964006,0,1
9,8,9,8,9,13,9,13,
505.000000,256.000000,0.115849,56656976.000000,0.701706,0,1
75,78,81,71,73,75,71,70,
562.000000,256.000000,0.117333,26756120.000000,0.930257,0,1
123,119,122,114,118,119,107,106,
630.000000,257.000000,0.124634,201442176.000000,1.347464,0,1
36,46,44,75,62,53,91,96,
584.000000,258.000000,0.117301,17037668.000000,1.027749,0,1
120,116,118,112,112,112,107,105,
645.000000,258.000000,0.124115,109740272.000000,0.914140,0,1
26,29,29,35,34,34,42,50,
628.000000,259.000000,0.125613,112748352.000000,0.867026,0,1
75,101,91,104,99,96,109,107,
494.000000,260.000000,0.122002,8850050.000000,0.544955,0,1
66,63,64,57,59,58,55,56,
671.000000,260.000000,0.124200,122187256.000000,0.996239,0,1
51,62,66,75,77,84,68,43,
644.000000,262.000000,0.128570,124821192.000000,0.816705,0,1
50,69,64,90,83,77,97,97,
657.000000,263.000000,0.124830,431726464.000000,0.966765,0,1
55,70,67,89,87,83,106,113,
534.000000,264.000000,0.084396,11553393.000000,0.538089,0,1
72,76,71,81,76,69,78,75,
663.000000,264.000000,0.126842,401768320.000000,0.857714,0,1
60,82,78,103,101,95,121,123,
667.000000,267.000000,0.127484,44951700.000000,0.792588,0,1
109,129,125,112,115,116,109,110,
472.000000,268.000000,0.127176,19542968.000000,0.588129,0,1
34,34,35,31,32,33,29,27,
502.000000,269.000000,0.128105,3536108.250000,0.618690,0,1
61,64,67,55,61,65,53,53,
565.000000,269.000000,0.128012,7956190.500000,0.711592,0,1
108,108,112,97,101,111,93,88,
220.000000,270.000000,0.124619,5220636.500000,2.284527,0,1
8,8,11,8,11,14,10,14,
580.000000,270.000000,0.134110,4298242.500000,0.521429,0,1
111,108,112,100,103,109,99,96,
436.000000,271.000000,0.132507,13142011.000000,0.700071,0,1
20,23,20,27,24,20,27,28,
509.000000,271.000000,0.166796,3532065.000000,0.663994,0,1
68,64,69,60,62,65,56,56,
440.000000,274.000000,0.135406,16446355.000000,0.710839,0,1
20,23,20,28,24,20,28,27,
510.000000,274.000000,0.137607,5894276.000000,0.527765,0,1
58,56,56,56,62,60,65,66,
532.000000,274.000000,0.101091,8214918.000000,0.466754,0,1
71,66,67,62,63,59,62,61,
443.000000,276.000000,0.137000,21957668.000000,0.726553,0,1
20,23,20,28,24,20,28,28,
571.000000,276.000000,0.141071,65766008.000000,0.481904,0,1
74,78,80,98,99,96,114,104,
591.000000,278.000000,0.144909,52205460.000000,0.562381,0,1
91,91,95,104,104,105,118,112,
513.000000,279.000000,0.126557,3075115.750000,0.407489,0,1
68,61,67,48,58,68,52,54,
599.000000,279.000000,0.145684,15195850.000000,0.567672,0,1
95,94,95,105,102,99,116,110,
602.000000,279.000000,0.145345,8779938.000000,0.580626,0,1
96,95,96,101,97,97,111,116,
220.000000,280.000000,0.140842,3486790.750000,2.465932,0,1
14,14,11,13,12,8,12,8,
553.000000,280.000000,0.069947,123646024.000000,0.485503,0,1
72,67,77,61,72,80,64,66,
601.000000,280.000000,0.145436,18195720.000000,0.737083,0,1
95,101,97,117,111,106,114,93,
593.000000,281.000000,0.140178,33318714.000000,0.553694,0,1
119,116,115,99,106,102,95,92,
208.000000,282.000000,0.135510,1962079.375000,2.552765,0,1
7,7,8,7,7,12,7,11,
492.000000,282.000000,0.103899,45089000.000000,0.603457,0,1
35,29,35,27,30,34,29,29,
516.000000,282.000000,0.122540,9248012.000000,0.523424,0,1
66,59,61,51,58,62,53,53,
625.000000,282.000000,0.124029,13484800.000000,0.716964,0,1
92,94,93,99,93,89,107,91,
509.000000,283.000000,0.144444,20771882.000000,0.572681,0,1
62,57,60,45,51,53,45,42,
519.000000,284.000000,0.139418,20314406.000000,0.581703,0,1
63,58,66,51,57,63,51,51,
529.000000,284.000000,0.111430,9265391.000000,0.382321,0,1
64,62,62,56,58,57,51,50,
620.000000,284.000000,0.145012,62734764.000000,0.623525,0,1
104,105,104,90,86,83,79,77,
630.000000,284.000000,0.123991,8955072.000000,0.837906,0,1
88,95,94,92,91,92,85,82,
641.000000,284.000000,0.120334,14706245.000000,0.837665,0,1
86,85,82,94,90,85,97,90,
436.000000,286.000000,0.144456,5970825.000000,0.797184,0,1
24,19,24,16,22,24,17,18,
457.000000,286.000000,0.139069,18463724.000000,0.733523,0,1
18,21,17,25,22,17,26,25,
650.000000,286.000000,0.139718,13148773.000000,0.927115,0,1
93,94,97,88,89,96,84,84,
458.000000,287.000000,0.135428,18395530.000000,0.750319,0,1
17,22,17,26,23,18,25,24,
609.000000,296.000000,0.165434,35875316.000000,0.714723,0,1
54,59,57,73,75,77,85,76,
588.000000,272.000000,0.130134,20565452.000000,0.501981,0,1
114,114,115,106,110,110,98,99,
608.000000,114.000000,0.053609,126229072.000000,0.252496,0,1
170,189,180,200,210,221,251,255,
700.000000,114.000000,0.074162,5796048384.000000,0.536654,0,1
184,229,112,255,166,74,227,176,
664.000000,248.000000,0.113819,1121252352.000000,0.853077,0,1
151,129,185,34,96,192,78,120,
689.000000,120.000000,0.066077,2502610688.000000,0.450433,0,1
124,100,235,71,197,255,132,193,
640.000000,235.000000,0.112451,442734432.000000,1.162818,0,1
27,39,28,61,40,25,28,21,
480.000000,124.000000,0.075170,9734735.000000,0.212231,0,1
22,23,22,23,23,24,25,33,
699.000000,124.000000,0.074021,2546273024.000000,0.532376,0,1
234,253,214,247,213,183,245,217,
691.000000,127.000000,0.071769,1021767104.000000,0.302009,0,1
177,118,222,92,154,254,144,229,
699.000000,128.000000,0.074005,3525886464.000000,0.531813,0,1
217,255,182,255,220,156,255,228,
579.000000,129.000000,0.047930,857394944.000000,0.273106,0,1
246,255,196,248,224,178,191,153,
484.000000,218.000000,0.078816,18753296.000000,0.304987,0,1
88,88,88,81,81,82,77,76,
460.000000,218.000000,0.077729,10251996.000000,0.275370,0,1
68,65,69,59,64,66,56,58,
472.000000,134.000000,0.046008,96669896.000000,0.070750,0,1
255,233,255,85,189,222,51,30,
440.000000,136.000000,0.038888,5617254.500000,0.093910,0,1
21,26,34,14,26,35,16,18,
396.000000,139.000000,0.035829,3024675.250000,0.068323,0,1
27,29,28,31,31,30,40,144,
669.000000,139.000000,0.067026,2190458368.000000,0.423165,0,1
143,179,98,190,132,86,203,175,
402.000000,141.000000,0.037488,311932.000000,0.041710,0,1
30,38,41,95,112,151,227,249,
699.000000,141.000000,0.073839,2231324416.000000,0.529904,0,1
235,240,167,255,210,154,251,219,
661.000000,145.000000,0.061929,1959496960.000000,0.374352,0,1
129,116,217,177,157,250,172,153,
700.000000,194.000000,0.076685,131319128.000000,0.564785,0,1
207,192,205,157,178,198,147,156,
455.000000,146.000000,0.026876,44551676.000000,0.044433,0,1
15,32,15,78,44,16,68,54,
539.000000,193.000000,0.078487,351636928.000000,0.403297,0,1
58,46,70,27,59,67,42,46,
680.000000,192.000000,0.071107,225232512.000000,0.707390,0,1
152,159,153,223,192,161,237,244,
350.000000,192.000000,0.045610,13302408.000000,0.445237,0,1
33,41,30,33,30,26,24,21,
101.000000,149.000000,0.024962,1664465024.000000,0.191236,0,1
16,103,27,89,86,9,17,6,
699.000000,149.000000,0.074012,2336192256.000000,0.531652,0,1
221,242,180,255,216,153,250,227,
670.000000,188.000000,0.069461,216826464.000000,0.660072,0,1
160,157,144,213,174,143,230,249,
659.000000,185.000000,0.067445,264558544.000000,0.608607,0,1
147,187,157,243,215,183,254,255,
358.000000,183.000000,0.036790,52325268.000000,0.342750,0,1
57,44,58,31,43,39,36,36,
175.000000,151.000000,0.015791,3420575744.000000,0.090179,0,1
78,89,205,74,178,255,115,174,
202.000000,151.000000,0.037208,4035922432.000000,0.199222,0,1
142,250,52,255,187,15,217,135,
661.000000,151.000000,0.062317,4031594496.000000,0.549993,0,1
159,148,229,159,175,243,209,233,
580.000000,182.000000,0.087727,158251424.000000,0.584740,0,1
254,168,243,49,72,174,44,41,
280.000000,152.000000,0.017644,306445280.000000,0.054857,0,1
113,154,99,179,86,83,129,242,
572.000000,152.000000,0.048507,44548128.000000,0.112937,0,1
255,226,252,190,207,235,210,233,
287.000000,153.000000,0.019755,70849584.000000,0.044937,0,1
197,159,122,245,216,128,242,193,
647.000000,181.000000,0.065442,147995920.000000,0.557137,0,1
168,173,161,233,200,176,251,255,
700.000000,153.000000,0.073951,2253642496.000000,0.533224,0,1
181,231,157,252,186,152,240,216,
540.000000,181.000000,0.077471,439597312.000000,0.389857,0,1
102,98,102,71,70,80,69,32,
580.000000,154.000000,0.048823,33784572.000000,0.194626,0,1
255,248,255,207,222,249,197,210,
244.000000,155.000000,0.018728,327033856.000000,0.075733,0,1
112,103,159,125,178,242,131,87,
517.000000,155.000000,0.066321,19559416.000000,0.105312,0,1
255,248,255,80,187,215,52,42,
370.000000,157.000000,0.018751,52972260.000000,0.028259,0,1
250,250,245,196,182,175,98,87,
246.000000,158.000000,0.019013,435571584.000000,0.076131,0,1
151,94,207,78,151,207,63,82,
596.000000,159.000000,0.053655,441031008.000000,0.342231,0,1
255,213,255,142,195,246,142,179,
343.000000,176.000000,0.028971,43982880.000000,0.068901,0,1
122,136,119,99,97,87,65,54,
592.000000,160.000000,0.054224,308892224.000000,0.339350,0,1
185,167,148,244,201,158,253,255,
629.000000,175.000000,0.062158,329258240.000000,0.482382,0,1
162,184,164,245,220,175,254,255,
193.000000,161.000000,0.032074,1416083072.000000,0.413404,0,1
49,25,57,12,27,36,11,10,
221.000000,175.000000,0.031539,525100416.000000,0.353257,0,1
15,13,34,25,33,46,39,38,
251.000000,161.000000,0.019264,1089489280.000000,0.092306,0,1
77,78,143,72,110,207,72,82,
637.000000,174.000000,0.062580,259158352.000000,0.503598,0,1
249,233,229,195,218,217,188,189,
381.000000,161.000000,0.018609,29679680.000000,0.028046,0,1
234,209,211,141,140,137,105,95,
533.000000,161.000000,0.077888,215423408.000000,0.144865,0,1
199,252,72,232,183,36,161,41,
594.000000,161.000000,0.054508,248252000.000000,0.345259,0,1
142,177,142,248,218,179,254,255,
277.000000,162.000000,0.016756,214722672.000000,0.053811,0,1
252,233,201,255,195,183,248,179,
607.000000,163.000000,0.056281,322104000.000000,0.383639,0,1
255,232,253,148,194,239,154,187,
619.000000,171.000000,0.060630,255442272.000000,0.446060,0,1
181,191,178,253,232,188,255,255,
421.000000,164.000000,0.025019,46941852.000000,0.040735,0,1
231,245,238,195,184,178,128,100,
700.000000,164.000000,0.073805,2389195776.000000,0.533210,0,1
227,235,193,253,179,140,244,238,
223.000000,170.000000,0.031970,1413615616.000000,0.153168,0,1
55,26,104,18,46,99,22,37,
613.000000,168.000000,0.058357,220442080.000000,0.413479,0,1
161,175,169,251,213,182,255,255,
611.000000,167.000000,0.057386,283895040.000000,0.401203,0,1
165,171,155,243,194,169,255,255,
618.000000,167.000000,0.057534,300055456.000000,0.416221,0,1
255,243,254,185,217,242,183,182,
147.000000,167.000000,0.054215,368550272.000000,0.795662,0,1
10,20,7,34,11,7,22,12,
256.000000,168.000000,0.022429,1661096320.000000,0.104059,0,1
60,127,26,138,88,18,79,56,
537.000000,168.000000,0.078368,1306207232.000000,0.379707,0,1
52,25,104,24,49,114,24,47,
545.000000,169.000000,0.076005,339871136.000000,0.386914,0,1
95,100,81,105,92,68,98,87,
545.000000,161.000000,0.076246,479294048.000000,0.385310,0,1
100,111,87,117,101,69,111,102,
524.000000,161.000000,0.068534,63131556.000000,0.288857,0,1
82,43,57,27,35,46,27,26,
395.000000,161.000000,0.016718,110611184.000000,0.025202,0,1
253,161,255,107,244,243,111,193,
537.000000,175.000000,0.078370,1080137856.000000,0.383538,0,1
43,22,90,21,40,104,21,39,
552.000000,160.000000,0.077823,5001055232.000000,0.414275,0,1
172,61,243,43,181,255,61,181,
309.000000,160.000000,0.016465,221123712.000000,0.039270,0,1
255,249,244,255,169,174,175,82,
288.000000,160.000000,0.019170,767166464.000000,0.056405,0,1
237,191,252,103,155,255,155,255,
525.000000,159.000000,0.067004,172243136.000000,0.282665,0,1
255,234,255,58,153,247,47,41,
325.000000,177.000000,0.020198,8928530.000000,0.043471,0,1
85,92,70,83,78,59,54,43,
548.000000,177.000000,0.075619,346362400.000000,0.396439,0,1
49,62,37,73,49,31,61,49,
545.000000,156.000000,0.075935,452322080.000000,0.381938,0,1
103,117,87,122,105,70,113,101,
537.000000,124.000000,0.078503,253638464.000000,0.377501,0,1
44,26,58,23,56,64,33,55,
552.000000,125.000000,0.077562,1838626176.000000,0.277502,0,1
228,120,255,53,232,255,118,201,
551.000000,129.000000,0.077999,1572306048.000000,0.276746,0,1
103,43,225,37,114,255,44,107,
551.000000,133.000000,0.077825,1660499584.000000,0.275449,0,1
107,45,224,41,98,253,45,92,
533.000000,154.000000,0.076665,3306475776.000000,0.353814,0,1
110,239,51,255,120,38,244,176,
476.000000,136.000000,0.048181,187255344.000000,0.116304,0,1
255,207,255,43,154,241,34,29,
277.000000,154.000000,0.019057,366767648.000000,0.076513,0,1
170,113,146,89,123,175,134,114,
384.000000,139.000000,0.030486,6015754.000000,0.229198,0,1
27,30,30,33,32,33,42,118,
385.000000,139.000000,0.033362,4686149.500000,0.237303,0,1
27,29,31,33,33,33,42,127,
483.000000,139.000000,0.050876,210245392.000000,0.134646,0,1
255,233,255,80,176,255,48,36,
545.000000,139.000000,0.076542,628354496.000000,0.384219,0,1
113,125,97,134,114,71,124,113,
545.000000,153.000000,0.075983,476284320.000000,0.381605,0,1
104,116,88,123,104,70,116,104,
489.000000,142.000000,0.053519,92688816.000000,0.103475,0,1
255,239,255,69,176,255,50,37,
491.000000,143.000000,0.054638,21500418.000000,0.064642,0,1
255,236,255,62,184,248,43,37,
545.000000,143.000000,0.076474,623144128.000000,0.383701,0,1
113,122,93,128,110,69,119,107,
512.000000,153.000000,0.062082,187064512.000000,0.229874,0,1
255,208,255,66,142,250,49,39,
482.000000,195.000000,0.054507,60969732.000000,0.169013,0,1
26,41,24,40,36,18,38,36,
497.000000,146.000000,0.056491,170201648.000000,0.177415,0,1
255,223,253,57,155,239,47,39,
510.000000,152.000000,0.061374,182916928.000000,0.222545,0,1
255,215,255,71,155,251,51,41,
255.000000,147.000000,0.022218,2028633600.000000,0.084130,0,1
84,213,37,241,199,24,255,125,
538.000000,193.000000,0.078773,398057600.000000,0.402505,0,1
46,27,60,20,45,67,27,40,
499.000000,147.000000,0.057357,166282368.000000,0.184387,0,1
255,213,253,58,149,235,47,40,
538.000000,182.000000,0.078093,690769408.000000,0.389162,0,1
79,35,83,20,68,46,33,55,
378.000000,149.000000,0.022099,11361160.000000,0.033947,0,1
255,235,248,153,189,169,126,116,
279.000000,150.000000,0.017761,545700224.000000,0.055621,0,1
251,250,161,210,212,138,196,144,
481.000000,167.000000,0.033310,25358698.000000,0.084918,0,1
23,33,46,33,35,43,29,28,
486.000000,182.000000,0.055952,149934528.000000,0.115338,0,1
72,28,101,24,51,95,25,50,
324.000000,163.000000,0.017935,581704000.000000,0.101354,0,1
121,104,155,93,115,126,101,155,
482.000000,174.000000,0.054862,26363076.000000,0.082680,0,1
22,66,22,74,63,19,59,65,
315.000000,160.000000,0.018807,324196224.000000,0.042238,0,1
213,208,243,165,163,159,93,148,
318.000000,153.000000,0.020161,83736568.000000,0.043218,0,1
241,182,208,137,191,246,208,255,
453.000000,145.000000,0.028745,24675216.000000,0.046077,0,1
15,36,17,66,49,22,92,83,
475.000000,179.000000,0.032436,33160016.000000,0.055753,0,1
63,59,76,48,60,87,48,53,
482.000000,179.000000,0.054538,313637696.000000,0.156601,0,1
90,121,39,114,102,26,103,79,
467.000000,137.000000,0.047865,42535972.000000,0.102040,0,1
26,41,25,54,40,22,52,36,
