# timestamp
1608635170264897280

# fx, fy, cx, cy, width, height, npoints
501.480713,501.475677,421.795563,167.661407,800,400,558

# camToWorld: translation vector, rotation quaternion
-17.867485,80.862994,3.760352,0.712634,0.131086,-0.149556,-0.672757

# Exposure time (ms)
2.487593

# Point Cloud Data : 
# u,v,idepth_scaled,idepth_hessian,maxRelBaseline,numGoodRes,status 
# color information 
735.000000,137.000000,0.058332,616257856.000000,0.292447,0,1
128,156,99,196,164,125,250,255,
736.000000,137.000000,0.058402,466876032.000000,0.293490,0,1
99,129,89,190,136,125,250,255,
340.000000,163.000000,0.048496,30951558.000000,0.099168,0,1
68,75,84,150,173,163,234,215,
732.000000,209.000000,0.085354,1270847872.000000,0.530582,0,1
95,58,40,130,108,42,159,137,
731.000000,216.000000,0.085707,1825892096.000000,0.534990,0,1
202,218,170,142,134,101,120,108,
720.000000,281.000000,0.150298,61387016.000000,0.977624,0,1
64,63,58,74,61,51,74,63,
717.000000,285.000000,0.157406,227823520.000000,0.721937,0,1
66,82,62,103,80,58,95,75,
717.000000,288.000000,0.160180,1068742656.000000,1.097080,0,1
83,85,64,79,65,53,66,53,
728.000000,115.000000,0.080650,1807841.125000,0.217469,0,1
19,37,39,107,118,129,249,255,
711.000000,132.000000,0.062483,456187744.000000,0.292278,0,1
232,209,162,230,204,165,238,243,
155.000000,143.000000,0.040949,345925792.000000,0.306974,0,1
53,63,53,72,91,71,89,107,
712.000000,143.000000,0.062017,220711552.000000,0.162704,0,1
176,166,212,105,140,212,75,83,
688.000000,151.000000,0.061639,1884377088.000000,0.410829,0,1
75,89,78,113,82,63,91,50,
716.000000,152.000000,0.062980,879006144.000000,0.380831,0,1
72,67,133,54,93,156,48,63,
703.000000,158.000000,0.065806,9050741.000000,0.300573,0,1
81,92,91,138,139,143,253,255,
689.000000,166.000000,0.062145,14324306.000000,0.153624,0,1
255,255,255,201,211,217,110,68,
697.000000,167.000000,0.064383,5856068.000000,0.162564,0,1
255,224,225,116,121,122,67,58,
700.000000,168.000000,0.054223,4706928.000000,0.139289,0,1
224,122,124,68,70,70,58,56,
717.000000,168.000000,0.058177,765458624.000000,0.280956,0,1
228,89,151,50,102,225,45,65,
711.000000,179.000000,0.063267,60297504.000000,0.166834,0,1
49,30,34,44,58,69,66,77,
702.000000,187.000000,0.057528,520083648.000000,0.343381,0,1
38,36,33,41,55,46,80,125,
704.000000,188.000000,0.053174,750172288.000000,0.326035,0,1
31,52,39,129,66,34,95,46,
715.000000,199.000000,0.062798,81220336.000000,0.389612,0,1
36,47,35,78,54,35,76,75,
720.000000,199.000000,0.061237,514259072.000000,0.506714,0,1
38,37,43,35,55,62,54,71,
696.000000,215.000000,0.084510,200529408.000000,0.380928,0,1
251,240,227,194,180,173,154,135,
688.000000,220.000000,0.088743,192221504.000000,0.390663,0,1
191,145,183,112,142,171,108,105,
691.000000,224.000000,0.093586,106765152.000000,0.519740,0,1
147,112,147,95,110,140,93,93,
704.000000,230.000000,0.099882,364305152.000000,0.650299,0,1
94,107,92,117,102,90,112,110,
699.000000,232.000000,0.102449,44501144.000000,0.708186,0,1
115,97,111,84,96,108,82,78,
707.000000,233.000000,0.102793,237149968.000000,0.673169,0,1
86,94,83,108,90,81,105,99,
713.000000,248.000000,0.122940,17559970.000000,0.792691,0,1
77,68,74,65,76,87,68,68,
672.000000,252.000000,0.124062,20604148.000000,0.637107,0,1
70,76,67,85,80,66,87,79,
706.000000,257.000000,0.129853,23247846.000000,0.880722,0,1
71,71,75,63,69,72,61,63,
677.000000,260.000000,0.129759,63943796.000000,0.817259,0,1
76,81,90,65,74,85,64,64,
656.000000,261.000000,0.130794,9401840.000000,0.786232,0,1
74,68,74,56,60,62,56,61,
688.000000,262.000000,0.135313,174331184.000000,0.810992,0,1
91,98,77,96,86,74,69,70,
666.000000,263.000000,0.133321,11121636.000000,0.683335,0,1
58,58,49,73,70,61,78,84,
673.000000,264.000000,0.135944,13684079.000000,0.691162,0,1
55,74,65,82,79,69,87,87,
655.000000,271.000000,0.144375,30861892.000000,0.704387,0,1
59,59,67,67,63,85,66,56,
701.000000,271.000000,0.146139,27195772.000000,0.898388,0,1
56,61,59,69,72,71,68,90,
705.000000,271.000000,0.141073,43541760.000000,0.963575,0,1
61,58,58,71,64,58,79,77,
659.000000,273.000000,0.143490,26277832.000000,0.720957,0,1
94,64,64,51,57,67,51,56,
672.000000,275.000000,0.147130,23525200.000000,0.847242,0,1
74,66,81,62,67,69,59,57,
647.000000,279.000000,0.159614,17270262.000000,0.899603,0,1
57,51,52,55,56,65,60,60,
651.000000,279.000000,0.156463,89005680.000000,0.613029,0,1
59,49,56,65,70,74,97,100,
665.000000,280.000000,0.148861,68946856.000000,0.854824,0,1
64,82,65,80,73,57,57,54,
650.000000,281.000000,0.154779,116003032.000000,0.608953,0,1
68,85,103,65,88,105,59,47,
656.000000,281.000000,0.148850,63871052.000000,0.744420,0,1
72,76,72,88,67,66,63,54,
689.000000,281.000000,0.152262,23603416.000000,0.983316,0,1
61,57,65,53,60,72,52,51,
508.000000,281.000000,0.143390,9687574.000000,0.795256,0,1
58,55,49,60,50,44,59,47,
682.000000,198.000000,0.060425,224030896.000000,0.393029,0,1
82,69,91,70,84,109,76,80,
674.000000,163.000000,0.056106,595693568.000000,0.239332,0,1
76,99,58,91,74,68,85,70,
469.000000,40.000000,0.185075,1153603.750000,0.426571,0,1
10,7,7,7,13,12,11,8,
470.000000,55.000000,0.148369,124504600.000000,0.596062,0,1
18,13,17,11,22,17,18,24,
471.000000,61.000000,0.143164,65640456.000000,0.562953,0,1
33,27,29,16,26,16,14,15,
477.000000,71.000000,0.138086,811035648.000000,0.542588,0,1
39,109,49,240,170,70,255,255,
480.000000,71.000000,0.135744,1128769664.000000,0.540097,0,1
27,40,30,116,50,35,181,225,
469.000000,72.000000,0.140014,785338432.000000,0.525642,0,1
205,95,241,25,96,205,30,30,
478.000000,75.000000,0.132159,730213696.000000,0.511369,0,1
255,245,255,110,188,255,62,44,
448.000000,78.000000,0.135029,7375168.500000,0.432600,0,1
24,27,28,32,31,30,35,39,
447.000000,79.000000,0.135991,6481535.000000,0.432369,0,1
27,32,31,34,35,34,40,43,
487.000000,79.000000,0.125573,499543328.000000,0.501038,0,1
254,235,193,67,82,34,33,23,
456.000000,85.000000,0.129285,44316892.000000,0.423542,0,1
39,46,40,53,48,39,56,58,
443.000000,87.000000,0.141254,71553856.000000,0.431501,0,1
45,41,49,39,48,55,49,48,
492.000000,87.000000,0.121267,24929510.000000,0.486664,0,1
12,21,11,18,13,10,21,13,
492.000000,90.000000,0.121390,24758392.000000,0.484880,0,1
13,21,11,18,14,10,20,13,
454.000000,93.000000,0.134215,140616592.000000,0.429736,0,1
74,64,71,27,43,57,15,12,
124.000000,120.000000,0.086145,108386384.000000,2.770117,0,1
6,9,7,14,9,7,13,12,
439.000000,123.000000,0.057732,28797302.000000,0.134816,0,1
24,32,31,97,97,78,216,255,
502.000000,124.000000,0.036811,1043854528.000000,0.128165,0,1
75,43,232,32,104,255,36,105,
372.000000,125.000000,0.104785,52968268.000000,0.615003,0,1
14,15,14,17,23,17,34,27,
302.000000,126.000000,0.096137,109338896.000000,1.301833,0,1
10,12,12,18,17,18,26,27,
422.000000,126.000000,0.075388,9387450.000000,0.128503,0,1
48,79,112,152,192,218,252,188,
283.000000,127.000000,0.101958,119164888.000000,1.118504,0,1
8,10,11,15,17,18,20,22,
335.000000,127.000000,0.060091,22468638.000000,0.124031,0,1
16,19,20,37,57,64,180,255,
348.000000,127.000000,0.052962,18274030.000000,0.038155,0,1
29,36,27,118,114,52,255,253,
359.000000,127.000000,0.058024,12634732.000000,0.222816,0,1
16,25,25,46,50,46,156,252,
360.000000,127.000000,0.058359,10704638.000000,0.092515,0,1
16,24,26,50,49,44,156,252,
391.000000,127.000000,0.067166,1541883776.000000,0.586698,0,1
20,16,27,15,27,51,18,32,
395.000000,127.000000,0.053230,2916036.750000,0.039601,0,1
29,48,35,51,41,27,57,59,
362.000000,128.000000,0.050948,20766500.000000,0.074786,0,1
26,46,40,154,135,83,249,212,
417.000000,128.000000,0.050459,24078128.000000,0.094889,0,1
153,255,255,223,199,219,125,62,
323.000000,131.000000,0.024260,43912668.000000,0.036561,0,1
23,99,22,249,64,22,156,24,
319.000000,132.000000,0.027950,57180680.000000,0.042386,0,1
40,28,204,25,64,172,23,28,
616.000000,132.000000,0.058333,2627152384.000000,0.368147,0,1
245,161,253,130,232,251,140,215,
246.000000,133.000000,0.050684,65155108.000000,0.226787,0,1
11,17,19,26,35,45,37,48,
248.000000,133.000000,0.058368,1915435136.000000,1.290283,0,1
12,19,22,35,45,50,39,54,
228.000000,134.000000,0.041894,23242542.000000,0.066239,0,1
11,17,20,37,46,50,57,61,
287.000000,134.000000,0.090076,35865484.000000,0.279541,0,1
21,14,32,12,19,27,13,18,
191.000000,135.000000,0.038078,34069908.000000,0.530142,0,1
10,11,12,16,23,36,35,58,
389.000000,135.000000,0.068019,2339861504.000000,0.599178,0,1
35,19,48,16,42,63,20,41,
562.000000,135.000000,0.057088,381883776.000000,0.282432,0,1
255,237,211,240,196,147,236,200,
568.000000,135.000000,0.055084,576035904.000000,0.279383,0,1
255,219,238,161,217,211,165,160,
607.000000,135.000000,0.058552,110498168.000000,0.355824,0,1
57,61,54,80,64,67,109,88,
201.000000,136.000000,0.040011,125898040.000000,0.241163,0,1
15,27,38,44,71,84,52,73,
296.000000,136.000000,0.030260,12594724.000000,0.010639,0,1
71,37,195,27,142,64,39,57,
370.000000,137.000000,0.051788,6354767.000000,0.065165,0,1
24,30,35,58,98,56,150,143,
291.000000,138.000000,0.026658,5728220.000000,0.011102,0,1
48,63,33,170,114,24,196,152,
390.000000,138.000000,0.068263,1962667776.000000,0.595796,0,1
59,41,66,21,60,74,47,63,
469.000000,138.000000,0.049653,192663408.000000,0.141858,0,1
86,130,65,121,101,59,112,74,
541.000000,138.000000,0.056941,221322848.000000,0.253515,0,1
140,151,128,139,116,110,140,126,
231.000000,139.000000,0.034307,2714098176.000000,0.971511,0,1
29,36,24,47,39,36,55,58,
223.000000,141.000000,0.032037,60640840.000000,0.038592,0,1
34,61,33,125,42,46,106,61,
320.000000,141.000000,0.030958,35191328.000000,0.046789,0,1
30,39,65,72,119,166,201,255,
376.000000,141.000000,0.071319,114913040.000000,0.082855,0,1
47,89,23,122,82,17,109,59,
170.000000,143.000000,0.040946,501977600.000000,0.092134,0,1
60,74,114,61,164,131,124,207,
671.000000,143.000000,0.053504,937930240.000000,0.226055,0,1
242,242,230,255,165,149,196,149,
287.000000,144.000000,0.095449,242840752.000000,0.290184,0,1
30,24,78,21,32,152,25,32,
148.000000,145.000000,0.042964,324658880.000000,0.332461,0,1
56,69,70,93,115,76,183,119,
670.000000,146.000000,0.053781,1590098304.000000,0.226678,0,1
196,255,149,255,194,128,255,197,
374.000000,148.000000,0.045306,33431988.000000,0.053814,0,1
66,154,75,133,116,56,76,96,
501.000000,149.000000,0.054459,160909376.000000,0.192969,0,1
84,112,69,102,87,63,72,40,
566.000000,149.000000,0.056292,581237120.000000,0.283106,0,1
125,130,160,118,167,189,112,104,
626.000000,149.000000,0.055767,105214232.000000,0.364413,0,1
115,116,105,111,107,94,116,128,
238.000000,150.000000,0.025826,35407096.000000,0.258260,0,1
56,68,61,67,96,68,134,110,
288.000000,150.000000,0.096002,309527072.000000,0.290258,0,1
68,34,158,27,76,184,34,68,
356.000000,151.000000,0.044756,10986927.000000,0.034556,0,1
85,67,81,61,111,136,83,64,
366.000000,151.000000,0.047261,35973868.000000,0.065216,0,1
113,70,86,69,113,122,70,55,
146.000000,152.000000,0.041529,106536616.000000,0.325537,0,1
75,78,64,50,51,63,35,41,
238.000000,152.000000,0.025580,54676296.000000,0.258778,0,1
96,134,128,97,110,65,73,78,
287.000000,153.000000,0.096406,161175520.000000,0.293969,0,1
34,26,68,24,33,171,25,31,
487.000000,153.000000,0.052911,134031056.000000,0.171431,0,1
57,48,42,86,71,70,108,137,
599.000000,154.000000,0.058224,724262912.000000,0.341442,0,1
63,41,75,28,47,152,35,74,
255.000000,155.000000,0.044932,125158336.000000,0.418128,0,1
59,59,75,44,36,109,36,42,
394.000000,156.000000,0.067787,34000352.000000,0.100724,0,1
61,75,45,70,46,41,73,51,
431.000000,157.000000,0.050974,183397056.000000,0.206389,0,1
54,86,46,79,86,37,58,58,
437.000000,157.000000,0.052028,18830996.000000,0.195104,0,1
33,27,25,33,33,36,64,62,
339.000000,158.000000,0.042943,4406817.500000,0.022468,0,1
153,129,121,69,66,95,35,43,
224.000000,160.000000,0.030584,14900800.000000,0.364766,0,1
32,40,36,49,37,39,57,48,
402.000000,161.000000,0.047243,6469882.000000,0.074990,0,1
54,55,56,59,57,61,34,31,
422.000000,161.000000,0.033453,20177092.000000,0.063713,0,1
53,55,59,58,46,47,41,32,
427.000000,161.000000,0.045826,4338545.000000,0.093343,0,1
56,64,68,53,53,53,43,39,
440.000000,161.000000,0.050149,354209312.000000,0.308543,0,1
58,57,58,39,40,46,26,29,
408.000000,162.000000,0.051331,39333168.000000,0.430328,0,1
59,58,57,35,33,35,32,31,
132.000000,164.000000,0.042834,56851444.000000,0.115242,0,1
44,43,27,59,42,25,43,31,
309.000000,164.000000,0.043059,4349080.500000,0.125242,0,1
62,71,65,57,53,48,35,35,
319.000000,165.000000,0.046138,2769423.750000,0.015961,0,1
67,45,131,33,58,223,32,49,
390.000000,165.000000,0.068055,1942593920.000000,0.604175,0,1
56,30,66,20,52,66,26,49,
219.000000,166.000000,0.034138,45339440.000000,0.059014,0,1
45,40,48,43,60,47,80,96,
372.000000,168.000000,0.022843,21991558.000000,0.024185,0,1
52,54,31,46,58,36,69,33,
491.000000,168.000000,0.044790,151078928.000000,0.147656,0,1
91,89,79,182,170,89,197,155,
478.000000,169.000000,0.049047,134628912.000000,0.149953,0,1
78,114,148,111,137,137,69,55,
443.000000,171.000000,0.048365,32099932.000000,0.114775,0,1
50,45,51,52,64,68,136,144,
583.000000,171.000000,0.057128,247532960.000000,0.312562,0,1
255,247,242,180,170,131,116,54,
333.000000,172.000000,0.042925,8053201.000000,0.024437,0,1
63,63,47,176,111,43,103,57,
677.000000,172.000000,0.056500,157093920.000000,0.135927,0,1
70,63,97,60,82,90,64,80,
211.000000,173.000000,0.035848,15054913.000000,0.066986,0,1
43,44,45,37,68,48,53,63,
391.000000,173.000000,0.068564,646042816.000000,0.609350,0,1
59,45,58,22,36,47,20,20,
431.000000,173.000000,0.044715,53424800.000000,0.095769,0,1
54,52,78,52,58,95,54,39,
182.000000,174.000000,0.040673,9324692.000000,0.278338,0,1
70,66,67,42,47,49,40,37,
199.000000,174.000000,0.042437,40837164.000000,0.523785,0,1
36,34,41,34,43,46,40,37,
263.000000,174.000000,0.100130,22518048.000000,0.751991,0,1
18,34,11,43,23,9,34,15,
539.000000,174.000000,0.053491,598466304.000000,0.235632,0,1
228,219,142,155,77,55,92,37,
134.000000,176.000000,0.063691,18232324.000000,0.523338,0,1
48,49,49,41,43,45,27,24,
211.000000,176.000000,0.037424,12735174.000000,0.056399,0,1
72,51,65,35,45,41,28,37,
298.000000,177.000000,0.064631,37829648.000000,0.097401,0,1
56,61,66,126,124,126,157,167,
218.000000,178.000000,0.052866,64101460.000000,1.019987,0,1
30,24,26,31,33,38,40,36,
286.000000,178.000000,0.097863,253554128.000000,1.446397,0,1
21,20,23,19,22,28,21,22,
408.000000,178.000000,0.050361,17627292.000000,0.128918,0,1
41,56,45,70,57,45,75,53,
513.000000,178.000000,0.051824,184728752.000000,0.097424,0,1
37,30,115,31,64,158,34,65,
548.000000,178.000000,0.076776,65188060.000000,0.370429,0,1
25,21,25,22,33,31,43,50,
255.000000,179.000000,0.048670,6713652.500000,0.065637,0,1
21,24,29,33,35,81,38,38,
555.000000,181.000000,0.050747,92103584.000000,0.145515,0,1
51,53,52,35,37,33,27,25,
676.000000,182.000000,0.056424,469581216.000000,0.245142,0,1
60,50,91,47,64,93,48,58,
503.000000,183.000000,0.055020,225483744.000000,0.111508,0,1
81,116,55,154,118,50,174,144,
227.000000,184.000000,0.034552,1035339328.000000,1.005499,0,1
26,25,30,31,29,38,38,37,
320.000000,184.000000,0.047465,105968448.000000,0.293865,0,1
174,226,68,188,79,60,71,53,
144.000000,186.000000,0.033686,13581145.000000,0.086874,0,1
39,42,38,49,48,47,64,51,
419.000000,187.000000,0.045301,24822064.000000,0.090441,0,1
63,49,67,41,58,58,38,31,
395.000000,188.000000,0.062054,6813057.500000,0.102157,0,1
69,55,50,66,61,53,75,76,
504.000000,188.000000,0.054648,737890624.000000,0.201628,0,1
80,143,58,136,81,50,105,56,
119.000000,189.000000,0.056906,117924152.000000,0.159879,0,1
26,23,26,20,33,33,28,38,
555.000000,189.000000,0.054351,184822688.000000,0.165261,0,1
23,25,26,40,41,40,55,55,
175.000000,190.000000,0.049096,44143056.000000,0.683108,0,1
29,32,31,42,43,29,55,55,
204.000000,191.000000,0.039274,148570656.000000,0.505271,0,1
67,48,78,49,65,84,53,72,
352.000000,191.000000,0.047490,128996736.000000,0.233410,0,1
167,227,203,149,148,152,76,43,
407.000000,191.000000,0.049821,88134456.000000,0.298092,0,1
43,45,43,63,60,35,75,68,
644.000000,191.000000,0.059502,98906024.000000,0.326088,0,1
39,40,48,47,51,66,71,55,
118.000000,192.000000,0.056018,95007336.000000,0.158489,0,1
28,21,38,19,25,29,22,27,
122.000000,192.000000,0.054319,212680864.000000,0.151743,0,1
46,34,66,29,43,59,31,38,
227.000000,192.000000,0.028788,15683889.000000,0.159910,0,1
39,46,38,55,44,40,57,48,
345.000000,192.000000,0.047620,186272688.000000,0.249220,0,1
209,164,163,77,80,75,65,58,
357.000000,192.000000,0.047889,149219968.000000,0.093986,0,1
208,158,162,80,95,148,32,57,
192.000000,193.000000,0.039373,26089044.000000,0.259830,0,1
32,31,38,42,46,54,52,44,
310.000000,194.000000,0.049612,12659732.000000,0.074766,0,1
28,35,31,59,58,60,75,76,
421.000000,194.000000,0.050137,268856480.000000,0.410244,0,1
35,33,36,45,49,52,67,64,
434.000000,195.000000,0.055980,21591290.000000,0.131718,0,1
54,50,48,68,69,55,62,62,
568.000000,196.000000,0.053793,88057208.000000,0.276770,0,1
68,58,61,83,85,87,111,111,
674.000000,197.000000,0.058274,209168272.000000,0.256246,0,1
63,80,52,87,83,49,115,103,
327.000000,198.000000,0.066762,6813197.500000,0.052564,0,1
70,48,50,44,79,73,87,132,
411.000000,198.000000,0.066001,14470233.000000,0.101557,0,1
69,78,75,46,51,56,34,37,
622.000000,198.000000,0.058162,355030560.000000,0.380667,0,1
51,52,51,37,62,79,54,75,
170.000000,199.000000,0.054538,432017280.000000,1.319510,0,1
32,47,34,42,37,39,61,136,
183.000000,199.000000,0.057950,60243248.000000,0.123327,0,1
35,47,35,51,48,45,68,127,
560.000000,199.000000,0.057484,70357720.000000,0.287608,0,1
106,88,92,94,101,102,143,224,
134.000000,200.000000,0.051826,100097128.000000,0.139486,0,1
44,44,39,86,84,83,159,110,
136.000000,200.000000,0.052412,96852200.000000,0.141844,0,1
34,39,40,84,83,91,159,113,
188.000000,200.000000,0.053132,65184592.000000,0.114499,0,1
38,47,45,65,58,51,128,140,
203.000000,201.000000,0.055686,86877016.000000,0.110938,0,1
47,53,59,126,125,132,168,130,
216.000000,201.000000,0.057586,105883544.000000,0.321612,0,1
34,49,48,98,94,104,162,141,
225.000000,201.000000,0.056654,216344480.000000,0.298457,0,1
41,46,41,114,113,112,162,143,
260.000000,201.000000,0.060492,85232760.000000,0.257714,0,1
40,42,49,80,87,88,144,153,
299.000000,202.000000,0.061869,120933424.000000,0.063584,0,1
64,77,78,164,163,160,204,155,
396.000000,203.000000,0.066083,123890424.000000,0.119259,0,1
43,67,56,94,127,143,104,93,
406.000000,203.000000,0.065902,210219728.000000,0.202386,0,1
51,61,62,128,123,113,174,126,
442.000000,204.000000,0.068146,106729008.000000,0.178221,0,1
77,81,87,134,134,124,198,176,
455.000000,204.000000,0.066992,67909240.000000,0.094912,0,1
59,77,58,100,89,68,184,200,
462.000000,205.000000,0.067954,94478696.000000,0.102559,0,1
54,60,69,152,150,145,205,168,
469.000000,205.000000,0.070552,100242200.000000,0.147404,0,1
44,43,56,105,103,102,201,176,
143.000000,208.000000,0.065591,14733802.000000,0.507548,0,1
70,70,75,64,63,63,58,53,
145.000000,208.000000,0.066257,13501349.000000,0.507552,0,1
72,75,76,63,63,64,59,53,
211.000000,208.000000,0.072459,19141172.000000,0.401357,0,1
89,91,94,88,84,82,76,71,
216.000000,208.000000,0.070976,23281544.000000,0.757916,0,1
95,93,89,82,81,79,77,73,
423.000000,208.000000,0.077121,22984088.000000,0.180679,0,1
132,116,118,97,98,102,95,93,
427.000000,208.000000,0.076836,28289134.000000,0.185375,0,1
141,123,125,102,103,103,97,95,
444.000000,208.000000,0.072557,316639616.000000,0.313689,0,1
177,144,147,118,121,123,105,104,
455.000000,208.000000,0.073698,108496568.000000,0.215070,0,1
200,161,161,127,130,133,115,110,
488.000000,208.000000,0.073862,68169504.000000,0.264558,0,1
155,213,214,156,160,161,144,116,
506.000000,209.000000,0.076803,55854428.000000,0.306619,0,1
193,204,207,157,157,160,128,114,
520.000000,209.000000,0.077946,169382000.000000,0.336015,0,1
244,227,243,184,190,195,162,122,
534.000000,209.000000,0.075548,179664672.000000,0.348197,0,1
248,228,230,190,186,192,156,136,
607.000000,209.000000,0.079077,91340424.000000,0.280384,0,1
172,147,127,245,242,229,248,225,
94.000000,210.000000,0.066922,1487492.875000,0.209658,0,1
35,34,34,31,32,33,30,28,
174.000000,210.000000,0.067384,349141344.000000,2.009990,0,1
71,69,70,64,66,66,60,58,
199.000000,210.000000,0.067876,294294272.000000,1.814124,0,1
77,79,82,73,73,73,66,62,
263.000000,211.000000,0.099694,172983776.000000,0.786134,0,1
78,79,54,83,81,27,84,71,
369.000000,211.000000,0.076638,22491562.000000,0.322505,0,1
94,106,109,103,97,90,87,82,
564.000000,211.000000,0.077846,165922560.000000,0.416703,0,1
255,222,226,168,173,176,133,115,
119.000000,212.000000,0.062812,96712784.000000,2.405307,0,1
44,44,45,37,38,40,34,33,
463.000000,212.000000,0.077178,133205680.000000,0.241014,0,1
110,111,118,108,127,156,135,141,
621.000000,212.000000,0.080568,92245000.000000,0.303017,0,1
253,238,237,204,208,205,143,139,
255.000000,214.000000,0.074410,146677504.000000,1.505863,0,1
77,78,81,77,75,72,69,66,
344.000000,215.000000,0.082477,149190112.000000,1.003897,0,1
85,91,93,88,84,77,74,79,
245.000000,216.000000,0.075264,118230320.000000,1.578797,0,1
67,71,73,69,67,65,59,58,
263.000000,216.000000,0.099709,122222176.000000,0.791853,0,1
68,69,53,68,65,28,66,62,
455.000000,216.000000,0.081288,80680808.000000,0.336967,0,1
100,98,102,92,103,126,108,111,
573.000000,216.000000,0.083074,695156032.000000,0.470029,0,1
174,176,131,167,143,116,151,116,
671.000000,216.000000,0.081763,106879832.000000,0.434517,0,1
196,163,162,130,130,131,113,111,
236.000000,218.000000,0.074173,138121792.000000,1.632905,0,1
59,61,64,59,58,58,54,51,
319.000000,222.000000,0.092315,56801740.000000,1.244654,0,1
77,78,86,75,76,71,67,63,
444.000000,225.000000,0.090868,93850144.000000,0.578320,0,1
86,83,82,81,77,72,73,68,
575.000000,225.000000,0.091955,58506704.000000,0.538993,0,1
88,79,84,65,70,69,57,71,
504.000000,226.000000,0.092564,69021992.000000,0.411648,0,1
88,79,87,76,79,82,76,73,
246.000000,227.000000,0.081584,120636600.000000,1.663601,0,1
48,45,46,43,44,41,33,35,
248.000000,227.000000,0.085174,21135198.000000,1.681848,0,1
48,46,45,44,41,39,33,37,
116.000000,228.000000,0.064866,13621174.000000,2.496806,0,1
20,20,20,19,20,20,20,19,
312.000000,228.000000,0.092592,128585072.000000,1.296582,0,1
62,60,59,58,55,53,48,44,
566.000000,229.000000,0.097846,261453248.000000,0.560289,0,1
107,102,91,94,93,81,93,77,
259.000000,231.000000,0.092406,67802464.000000,1.677574,0,1
43,41,41,35,35,34,30,29,
431.000000,232.000000,0.098559,47957312.000000,0.682197,0,1
68,75,68,75,74,61,65,61,
449.000000,232.000000,0.098144,59032240.000000,0.608030,0,1
68,65,66,65,55,51,59,61,
558.000000,232.000000,0.100034,73829888.000000,0.557209,0,1
77,73,87,73,81,97,74,85,
237.000000,234.000000,0.086696,41523112.000000,1.379902,0,1
31,36,38,33,36,35,26,26,
564.000000,234.000000,0.102728,176449872.000000,0.592379,0,1
92,95,78,93,78,75,80,73,
248.000000,235.000000,0.097979,14241593.000000,1.394885,0,1
35,50,39,33,34,30,28,23,
345.000000,236.000000,0.107189,14566630.000000,0.928482,0,1
65,70,66,61,59,57,56,58,
265.000000,237.000000,0.099997,617738112.000000,1.711512,0,1
15,15,9,19,15,8,19,20,
296.000000,237.000000,0.101743,54440932.000000,1.131812,0,1
28,28,32,32,43,35,57,60,
330.000000,239.000000,0.103160,13530240.000000,0.301480,0,1
66,66,67,64,68,74,49,62,
336.000000,239.000000,0.108984,28402236.000000,1.008152,0,1
59,63,66,61,56,56,49,51,
364.000000,239.000000,0.133068,23956124.000000,1.207188,0,1
69,64,67,64,61,71,58,65,
415.000000,239.000000,0.104448,49126576.000000,0.800196,0,1
72,75,78,75,71,73,67,59,
337.000000,240.000000,0.106755,23948758.000000,0.943249,0,1
66,56,56,49,54,64,51,64,
640.000000,240.000000,0.117606,21846364.000000,0.638588,0,1
82,76,81,69,76,82,66,68,
475.000000,242.000000,0.107343,20001322.000000,0.448789,0,1
58,56,55,68,68,60,72,75,
481.000000,242.000000,0.108151,19330722.000000,0.572776,0,1
63,56,60,61,64,63,69,69,
559.000000,242.000000,0.109820,137601408.000000,0.635093,0,1
74,76,71,69,72,62,67,60,
345.000000,243.000000,0.091697,25757658.000000,0.834119,0,1
67,62,66,70,75,75,71,75,
363.000000,243.000000,0.108299,40922196.000000,0.260763,0,1
70,66,59,71,66,58,86,90,
168.000000,244.000000,0.098396,56818328.000000,2.578388,0,1
30,32,30,28,28,25,23,21,
248.000000,244.000000,0.111775,252152144.000000,1.965940,0,1
28,26,29,22,24,19,23,18,
368.000000,244.000000,0.109874,70916192.000000,0.232211,0,1
69,60,58,83,88,78,100,90,
500.000000,244.000000,0.112842,66286584.000000,0.499464,0,1
63,65,68,74,74,77,83,96,
296.000000,245.000000,0.110319,5763848.000000,0.747444,0,1
53,62,54,80,69,62,66,65,
335.000000,245.000000,0.107090,16585323.000000,0.304714,0,1
64,60,64,73,71,73,74,80,
413.000000,245.000000,0.110399,2122738.750000,0.166696,0,1
71,80,79,70,81,79,67,68,
508.000000,246.000000,0.112187,9109335.000000,0.518135,0,1
67,71,67,87,79,74,80,75,
292.000000,247.000000,0.098187,45802744.000000,0.716881,0,1
48,29,68,22,49,64,27,38,
305.000000,247.000000,0.111220,28434388.000000,0.741871,0,1
62,68,70,53,54,62,45,47,
455.000000,247.000000,0.116663,64636652.000000,0.414281,0,1
87,87,92,80,82,86,62,68,
463.000000,247.000000,0.114273,44347088.000000,0.421769,0,1
80,92,89,79,80,82,65,61,
464.000000,247.000000,0.114452,43750896.000000,0.424850,0,1
76,91,87,77,79,80,62,63,
299.000000,248.000000,0.111012,29849226.000000,0.764357,0,1
70,67,66,50,48,48,44,53,
315.000000,248.000000,0.114945,21041174.000000,1.144688,0,1
66,64,64,56,56,59,48,49,
371.000000,248.000000,0.116282,5425762.000000,0.175240,0,1
92,90,81,101,86,80,87,85,
418.000000,248.000000,0.106553,19620786.000000,0.220578,0,1
55,63,65,75,90,84,98,93,
431.000000,248.000000,0.114670,66614448.000000,0.366260,0,1
70,53,52,64,62,73,76,84,
332.000000,249.000000,0.111924,14434404.000000,0.330661,0,1
73,75,82,65,71,75,61,65,
358.000000,250.000000,0.113313,15387074.000000,0.290931,0,1
91,93,88,73,82,77,73,79,
524.000000,250.000000,0.119971,17147596.000000,0.612345,0,1
75,72,76,68,76,80,61,52,
530.000000,251.000000,0.122097,43116304.000000,0.644725,0,1
75,78,80,70,72,75,57,47,
152.000000,252.000000,0.081905,9096095.000000,2.508270,0,1
18,17,18,16,17,17,15,14,
360.000000,252.000000,0.103665,20368460.000000,0.276369,0,1
77,74,81,79,82,86,73,71,
484.000000,252.000000,0.117313,5149984.000000,0.292642,0,1
61,60,56,81,77,74,86,81,
567.000000,252.000000,0.121569,28996516.000000,0.756123,0,1
62,62,69,69,71,75,69,73,
570.000000,252.000000,0.122112,18307972.000000,0.770081,0,1
67,70,67,78,75,72,79,69,
262.000000,253.000000,0.123213,306845120.000000,1.955485,0,1
26,28,30,25,32,38,29,32,
414.000000,253.000000,0.118715,25875662.000000,0.346106,0,1
92,90,84,96,86,82,82,88,
503.000000,253.000000,0.122931,53355912.000000,0.574901,0,1
53,47,46,69,66,70,77,76,
506.000000,253.000000,0.122769,32613146.000000,0.582301,0,1
54,43,46,72,65,55,77,78,
552.000000,253.000000,0.123472,29142680.000000,0.723926,0,1
58,66,59,79,74,62,83,62,
295.000000,254.000000,0.118253,26130378.000000,1.663225,0,1
47,54,56,54,58,56,65,64,
583.000000,254.000000,0.126178,62166980.000000,0.849450,0,1
64,65,65,65,66,65,82,83,
631.000000,254.000000,0.123970,41403876.000000,0.563484,0,1
70,63,67,75,68,75,89,80,
342.000000,255.000000,0.114804,6931509.000000,0.329899,0,1
85,77,90,71,81,92,74,77,
348.000000,255.000000,0.118301,4613754.500000,0.627840,0,1
75,81,75,82,77,70,68,71,
376.000000,255.000000,0.121208,3026065.250000,0.182784,0,1
75,82,72,77,70,59,66,68,
402.000000,255.000000,0.120333,18469058.000000,0.333353,0,1
83,80,89,71,75,82,65,68,
212.000000,256.000000,0.068183,46921104.000000,1.784793,0,1
18,17,17,14,14,15,13,13,
263.000000,256.000000,0.098811,221904336.000000,1.758448,0,1
39,32,34,28,27,25,22,22,
264.000000,256.000000,0.098551,305537472.000000,1.748407,0,1
40,34,30,27,27,21,22,23,
327.000000,256.000000,0.119906,10898686.000000,0.371347,0,1
85,85,90,79,79,81,66,60,
543.000000,256.000000,0.124830,39050512.000000,0.709009,0,1
54,55,57,70,67,73,68,64,
631.000000,256.000000,0.124749,50060992.000000,0.536005,0,1
68,89,98,69,80,100,68,73,
333.000000,257.000000,0.117723,6242468.500000,0.356277,0,1
84,85,89,70,72,81,68,71,
397.000000,257.000000,0.122661,18125486.000000,0.781259,0,1
59,47,56,42,53,60,51,62,
560.000000,257.000000,0.126861,41685632.000000,0.780194,0,1
58,58,59,70,76,75,75,82,
310.000000,258.000000,0.117685,4984052.500000,0.768373,0,1
63,59,64,55,55,61,52,52,
532.000000,258.000000,0.123959,9551716.000000,0.671607,0,1
75,74,72,69,70,67,65,65,
414.000000,259.000000,0.126090,27332420.000000,0.279311,0,1
79,97,92,86,83,75,61,62,
421.000000,259.000000,0.124461,11059610.000000,0.459625,0,1
72,57,53,71,62,58,71,62,
364.000000,260.000000,0.119634,9648892.000000,0.315611,0,1
85,85,90,77,73,73,66,72,
554.000000,260.000000,0.128676,10161838.000000,0.777959,0,1
75,75,79,89,79,81,89,91,
610.000000,260.000000,0.130942,41685840.000000,0.637244,0,1
58,51,54,59,66,64,71,73,
646.000000,260.000000,0.131222,36716888.000000,0.627224,0,1
72,86,77,74,77,71,56,74,
375.000000,261.000000,0.121102,1642386.500000,0.185735,0,1
76,74,76,72,69,71,65,69,
437.000000,261.000000,0.125569,6616225.500000,0.277834,0,1
75,81,75,84,75,71,73,69,
518.000000,261.000000,0.127882,28260288.000000,0.659528,0,1
72,70,69,83,73,61,86,74,
570.000000,261.000000,0.126247,24780404.000000,0.813460,0,1
76,79,71,79,79,74,84,80,
619.000000,261.000000,0.130852,17682440.000000,0.660566,0,1
61,61,70,62,71,80,61,61,
442.000000,262.000000,0.126900,11419166.000000,0.665570,0,1
82,81,74,74,80,67,63,56,
318.000000,263.000000,0.113149,4624839.500000,0.671545,0,1
63,58,62,55,55,53,46,42,
401.000000,263.000000,0.127422,22865936.000000,0.298136,0,1
82,80,78,64,61,62,52,53,
424.000000,263.000000,0.130934,22073910.000000,0.471922,0,1
59,67,70,61,84,85,65,64,
496.000000,263.000000,0.129501,12486577.000000,0.429857,0,1
93,83,88,73,83,81,74,64,
506.000000,263.000000,0.127767,45002952.000000,0.626126,0,1
89,76,79,65,67,61,58,60,
525.000000,263.000000,0.134833,29735126.000000,0.731264,0,1
63,64,63,65,69,60,71,63,
549.000000,263.000000,0.130995,52660740.000000,0.782896,0,1
70,76,78,70,68,64,61,61,
293.000000,264.000000,0.093522,733800192.000000,1.513638,0,1
31,23,34,18,26,33,20,24,
315.000000,264.000000,0.085769,27882904.000000,1.307855,0,1
54,52,55,46,47,46,42,43,
335.000000,264.000000,0.081922,17172560.000000,0.528102,0,1
55,51,58,43,49,59,50,51,
424.000000,264.000000,0.130756,23008090.000000,0.478684,0,1
71,67,88,59,82,83,56,57,
527.000000,264.000000,0.131109,39885568.000000,0.713248,0,1
63,64,59,76,62,52,62,54,
586.000000,264.000000,0.135280,142021664.000000,0.952640,0,1
66,64,88,69,76,89,69,72,
593.000000,264.000000,0.132784,30887742.000000,0.507448,0,1
84,93,81,86,86,70,78,75,
373.000000,265.000000,0.113447,4203642.500000,0.301285,0,1
74,73,76,66,68,69,61,61,
452.000000,265.000000,0.133500,13736274.000000,0.661811,0,1
71,86,71,74,77,61,61,62,
462.000000,265.000000,0.135806,8119668.000000,0.642886,0,1
78,78,77,72,68,67,68,70,
466.000000,265.000000,0.131945,9648852.000000,0.441599,0,1
80,80,86,67,77,76,66,67,
475.000000,265.000000,0.130847,38165268.000000,0.439596,0,1
93,85,78,77,73,71,58,52,
360.000000,266.000000,0.076055,159545472.000000,0.988430,0,1
63,62,69,60,64,68,55,51,
440.000000,266.000000,0.132879,15270959.000000,0.696106,0,1
65,72,60,73,62,54,67,61,
308.000000,268.000000,0.092949,5350928.000000,0.644179,0,1
46,43,40,40,35,32,29,27,
323.000000,268.000000,0.068030,35868484.000000,0.828001,0,1
46,47,45,44,41,39,37,35,
355.000000,268.000000,0.070169,26458866.000000,0.717037,0,1
58,55,60,50,53,49,46,52,
543.000000,268.000000,0.140206,11307932.000000,0.840259,0,1
71,61,76,50,62,73,57,57,
402.000000,269.000000,0.136010,22053362.000000,1.099878,0,1
51,44,51,46,51,55,53,55,
569.000000,269.000000,0.139920,9703802.000000,0.536714,0,1
66,70,65,80,73,75,80,81,
642.000000,269.000000,0.138786,19031448.000000,0.640409,0,1
86,78,82,62,72,72,56,54,
409.000000,271.000000,0.123457,11831265.000000,0.800746,0,1
59,64,54,58,55,52,54,48,
513.000000,271.000000,0.136768,7051511.500000,0.724823,0,1
55,48,51,60,59,49,65,56,
529.000000,271.000000,0.141102,41493596.000000,0.710453,0,1
52,50,49,59,56,47,67,67,
553.000000,271.000000,0.139853,5714668.000000,0.519682,0,1
85,84,88,74,79,81,70,68,
620.000000,271.000000,0.146877,13764669.000000,0.728687,0,1
57,58,59,60,65,64,69,76,
337.000000,272.000000,0.076563,46265924.000000,1.125358,0,1
44,39,40,30,34,33,30,29,
380.000000,272.000000,0.069026,9777646.000000,0.614300,0,1
33,40,29,43,33,26,37,30,
405.000000,272.000000,0.127622,16073378.000000,0.822159,0,1
62,62,57,58,53,52,48,43,
514.000000,272.000000,0.138793,5893473.000000,0.728900,0,1
51,59,49,65,59,54,56,58,
359.000000,273.000000,0.065205,81996640.000000,0.677933,0,1
49,46,46,43,42,44,36,33,
413.000000,273.000000,0.134186,5424450.000000,0.823099,0,1
59,59,57,49,53,53,42,41,
550.000000,273.000000,0.147690,20395894.000000,0.641906,0,1
73,54,67,57,67,73,67,72,
588.000000,273.000000,0.147203,23987688.000000,0.486134,0,1
75,80,81,97,91,87,97,86,
361.000000,274.000000,0.065778,93682544.000000,0.675481,0,1
46,42,46,35,36,39,32,30,
399.000000,274.000000,0.112205,12757606.000000,0.515382,0,1
55,50,56,36,44,48,36,37,
423.000000,274.000000,0.129812,23683840.000000,0.994539,0,1
56,52,56,51,49,52,45,44,
439.000000,274.000000,0.144363,29052204.000000,0.971888,0,1
48,43,50,45,51,55,53,52,
463.000000,274.000000,0.140538,9760884.000000,0.695484,0,1
69,62,68,45,54,52,45,57,
464.000000,274.000000,0.140624,10379952.000000,0.690922,0,1
71,69,64,49,52,49,46,54,
623.000000,275.000000,0.137734,11324239.000000,0.645661,0,1
71,77,67,70,69,64,69,68,
373.000000,276.000000,0.113010,26094556.000000,0.908410,0,1
42,38,39,31,32,31,26,24,
446.000000,276.000000,0.145789,49114760.000000,0.956881,0,1
43,41,52,46,52,53,47,52,
492.000000,276.000000,0.136086,8358668.500000,0.641086,0,1
60,70,58,73,62,55,62,58,
497.000000,277.000000,0.113398,15422489.000000,0.710142,0,1
56,59,60,51,55,48,49,51,
510.000000,278.000000,0.138524,12163472.000000,0.764790,0,1
66,59,61,52,54,53,53,48,
558.000000,278.000000,0.147223,58400052.000000,0.750481,0,1
59,54,73,55,59,64,44,54,
529.000000,280.000000,0.144942,66103980.000000,0.659537,0,1
93,86,66,59,61,57,60,59,
453.000000,281.000000,0.136973,33247612.000000,0.563820,0,1
51,47,50,39,41,43,33,32,
456.000000,281.000000,0.111781,43402256.000000,0.838648,0,1
50,50,46,43,44,37,36,35,
469.000000,281.000000,0.135116,52139376.000000,0.867958,0,1
53,52,48,52,43,38,41,38,
625.000000,281.000000,0.145429,25148392.000000,0.769230,0,1
60,60,58,54,54,51,48,41,
478.000000,282.000000,0.120630,65919292.000000,0.801981,0,1
56,53,53,49,47,46,43,37,
512.000000,282.000000,0.139725,6685602.500000,0.786504,0,1
45,46,45,46,54,48,53,52,
588.000000,282.000000,0.132402,61875484.000000,0.957678,0,1
52,56,51,62,50,48,57,53,
489.000000,283.000000,0.131614,12091546.000000,0.787086,0,1
58,61,57,57,53,48,47,42,
487.000000,284.000000,0.110376,17163498.000000,0.445171,0,1
63,54,56,46,48,46,41,38,
616.000000,284.000000,0.147194,13308837.000000,0.830705,0,1
50,51,40,55,46,37,53,47,
624.000000,288.000000,0.154548,27629654.000000,0.880278,0,1
44,47,39,49,40,36,47,39,
550.000000,289.000000,0.165751,4835892.500000,0.291692,0,1
36,35,37,40,42,47,52,50,
596.000000,298.000000,0.135931,34644528.000000,0.556102,0,1
51,45,45,38,40,40,38,37,
472.000000,58.000000,0.143386,72565968.000000,0.571785,0,1
18,29,14,36,28,13,33,29,
447.000000,281.000000,0.097152,9476310.000000,0.624974,0,1
50,47,46,38,44,41,37,32,
471.000000,69.000000,0.140977,465840736.000000,0.540654,0,1
35,69,66,108,183,136,249,255,
425.000000,279.000000,0.102073,47348152.000000,0.893086,0,1
46,42,45,38,37,40,32,30,
447.000000,91.000000,0.139686,141143088.000000,0.432795,0,1
67,56,66,24,40,59,15,13,
453.000000,272.000000,0.135738,10713965.000000,0.323026,0,1
68,59,63,45,50,57,39,44,
510.000000,269.000000,0.134704,29884640.000000,0.373065,0,1
64,90,77,81,74,57,63,61,
562.000000,267.000000,0.138702,28723934.000000,0.476484,0,1
75,80,89,77,86,95,82,88,
501.000000,267.000000,0.139031,20109528.000000,0.598475,0,1
54,59,69,56,66,79,64,67,
632.000000,120.000000,0.091391,11693330.000000,0.355686,0,1
151,234,238,255,255,255,255,255,
586.000000,263.000000,0.135120,139071456.000000,0.949912,0,1
65,62,76,67,73,93,68,75,
445.000000,124.000000,0.055535,53418384.000000,0.135421,0,1
29,74,60,199,179,156,255,255,
304.000000,126.000000,0.094414,120422112.000000,1.275263,0,1
10,12,12,17,18,18,27,28,
480.000000,261.000000,0.132595,13492247.000000,0.312569,0,1
65,61,57,73,64,63,84,86,
466.000000,260.000000,0.123952,20801932.000000,0.280201,0,1
98,88,101,67,74,79,67,73,
352.000000,260.000000,0.086829,201953536.000000,1.090248,0,1
62,66,60,63,72,68,74,69,
252.000000,260.000000,0.069050,35434020.000000,1.522790,0,1
25,19,23,16,18,19,16,17,
188.000000,260.000000,0.073752,16740539.000000,2.067251,0,1
14,14,13,13,13,13,12,11,
604.000000,257.000000,0.128858,24269058.000000,0.604244,0,1
66,59,70,57,70,75,49,54,
583.000000,256.000000,0.126332,91857528.000000,0.852968,0,1
66,82,77,69,83,79,57,59,
536.000000,255.000000,0.124617,35513452.000000,0.684613,0,1
53,53,53,65,66,62,71,69,
444.000000,254.000000,0.120227,37310712.000000,0.415172,0,1
66,77,65,93,81,68,84,74,
266.000000,253.000000,0.098268,467524096.000000,1.723512,0,1
19,30,15,38,25,12,35,23,
592.000000,131.000000,0.058146,1532280704.000000,0.331161,0,1
146,155,112,192,103,92,91,70,
519.000000,251.000000,0.119450,79000552.000000,0.596089,0,1
82,78,84,64,69,64,56,47,
236.000000,133.000000,0.040584,58668236.000000,0.756274,0,1
11,12,12,20,29,21,34,46,
264.000000,244.000000,0.100033,705212096.000000,1.734344,0,1
20,20,19,23,28,17,32,31,
407.000000,241.000000,0.072679,5248863.000000,0.164014,0,1
58,56,60,58,63,79,67,76,
535.000000,135.000000,0.055606,484955296.000000,0.239520,0,1
255,246,243,243,215,192,233,175,
304.000000,238.000000,0.102091,28726598.000000,1.441063,0,1
38,34,39,41,39,38,51,52,
294.000000,238.000000,0.102558,81106800.000000,1.150738,0,1
26,27,40,34,53,58,58,53,
583.000000,135.000000,0.057336,1371209088.000000,0.312974,0,1
249,205,231,148,206,248,166,202,
417.000000,236.000000,0.100056,22378418.000000,0.264236,0,1
59,63,63,66,73,62,75,79,
615.000000,135.000000,0.058156,2516859392.000000,0.365212,0,1
140,116,215,118,179,252,186,149,
563.000000,136.000000,0.057007,818249536.000000,0.283291,0,1
211,196,147,236,152,130,200,145,
559.000000,231.000000,0.099268,77640256.000000,0.553880,0,1
79,77,89,73,87,94,81,91,
592.000000,137.000000,0.058052,1482769920.000000,0.330221,0,1
96,139,88,204,105,81,88,62,
321.000000,222.000000,0.091376,56320412.000000,1.222917,0,1
80,86,83,76,71,68,63,67,
583.000000,138.000000,0.057244,2165328896.000000,0.312272,0,1
215,149,235,127,194,237,151,195,
519.000000,139.000000,0.055099,85006496.000000,0.217202,0,1
251,253,231,250,233,255,242,250,
520.000000,139.000000,0.054894,81376768.000000,0.217527,0,1
252,230,255,251,229,253,252,249,
558.000000,140.000000,0.056836,2011757696.000000,0.275431,0,1
172,247,142,252,172,97,221,128,
601.000000,141.000000,0.058584,203891168.000000,0.346782,0,1
86,99,74,87,87,69,78,91,
648.000000,142.000000,0.055521,1372992256.000000,0.219158,0,1
167,193,125,244,169,137,219,177,
568.000000,214.000000,0.081617,687060160.000000,0.449438,0,1
145,123,162,115,140,183,127,161,
486.000000,143.000000,0.054324,105957464.000000,0.175270,0,1
78,62,71,69,86,78,164,196,
615.000000,143.000000,0.058450,1344381056.000000,0.366984,0,1
116,80,128,83,123,157,118,128,
354.000000,212.000000,0.078181,156601840.000000,0.909762,0,1
95,98,101,97,91,81,79,87,
471.000000,211.000000,0.077437,225427600.000000,0.253698,0,1
182,174,162,167,137,120,120,110,
608.000000,209.000000,0.080175,326635424.000000,0.520802,0,1
147,136,168,235,216,230,249,226,
541.000000,209.000000,0.075809,1271051264.000000,0.361867,0,1
240,219,188,195,175,77,144,127,
620.000000,144.000000,0.058394,1128741632.000000,0.374236,0,1
123,171,117,176,140,109,166,134,
206.000000,209.000000,0.068311,513298176.000000,1.764629,0,1
82,91,92,80,78,77,70,66,
547.000000,208.000000,0.075948,2001520896.000000,0.372924,0,1
119,54,230,31,144,246,46,91,
485.000000,146.000000,0.053951,730809024.000000,0.172780,0,1
164,252,196,201,159,65,198,113,
598.000000,146.000000,0.058314,387056672.000000,0.340465,0,1
137,131,98,131,97,71,92,61,
568.000000,148.000000,0.055464,540890176.000000,0.281165,0,1
119,125,107,148,151,98,199,165,
583.000000,149.000000,0.057594,192782688.000000,0.174791,0,1
163,132,146,100,120,98,91,98,
614.000000,151.000000,0.059152,291113248.000000,0.205445,0,1
82,64,100,51,67,124,84,110,
673.000000,151.000000,0.056689,1389128704.000000,0.245180,0,1
115,148,85,167,132,64,161,135,
548.000000,204.000000,0.076199,1447961216.000000,0.374628,0,1
87,67,99,51,197,202,135,202,
437.000000,204.000000,0.067414,125440320.000000,0.169867,0,1
79,84,86,148,143,143,199,166,
330.000000,152.000000,0.051265,10073204.000000,0.028201,0,1
169,114,206,104,187,217,128,100,
366.000000,152.000000,0.045701,20333348.000000,0.063477,0,1
74,71,188,69,94,105,60,63,
672.000000,203.000000,0.052339,253953984.000000,0.227930,0,1
88,89,78,131,70,58,94,76,
415.000000,203.000000,0.067877,88199376.000000,0.090236,0,1
40,47,44,90,86,85,188,156,
366.000000,202.000000,0.064819,91499664.000000,0.121601,0,1
60,68,67,123,114,121,166,137,
569.000000,154.000000,0.053507,315758016.000000,0.271634,0,1
86,55,78,44,67,89,62,102,
489.000000,155.000000,0.054030,261949152.000000,0.177739,0,1
70,117,82,137,100,42,119,72,
496.000000,155.000000,0.054226,568911168.000000,0.186448,0,1
86,80,119,39,108,98,55,82,
549.000000,155.000000,0.056978,134778576.000000,0.264158,0,1
118,75,94,34,68,86,48,63,
460.000000,156.000000,0.049633,228674208.000000,0.237527,0,1
39,36,59,50,59,89,97,104,
294.000000,157.000000,0.033991,2832864.000000,0.016445,0,1
178,202,214,135,125,151,42,41,
198.000000,201.000000,0.055335,80597680.000000,0.109702,0,1
40,40,46,116,117,120,145,130,
552.000000,199.000000,0.061545,155309968.000000,0.166555,0,1
107,80,88,82,86,99,151,206,
377.000000,160.000000,0.067157,1472994944.000000,0.445659,0,1
33,71,19,66,37,17,57,30,
515.000000,199.000000,0.050130,71956304.000000,0.197483,0,1
75,70,70,67,90,63,118,87,
150.000000,199.000000,0.051836,93229272.000000,0.402894,0,1
31,33,39,36,43,47,97,155,
286.000000,162.000000,0.097076,1153378816.000000,1.429489,0,1
23,21,25,19,23,29,21,22,
139.000000,199.000000,0.052534,139454192.000000,0.423520,0,1
31,35,44,40,45,50,91,155,
513.000000,162.000000,0.050228,1117720832.000000,0.190064,0,1
89,58,230,50,146,207,74,140,
629.000000,198.000000,0.058231,43383668.000000,0.218188,0,1
33,47,36,80,68,42,75,82,
254.000000,165.000000,0.042138,11843233.000000,0.056842,0,1
50,63,53,62,45,36,55,35,
320.000000,165.000000,0.045060,3634070.500000,0.015928,0,1
85,63,172,32,160,126,55,117,
479.000000,165.000000,0.030997,324062592.000000,0.131933,0,1
66,83,47,80,67,38,70,66,
122.000000,166.000000,0.045326,177812480.000000,0.126043,0,1
40,31,56,28,45,77,45,67,
441.000000,195.000000,0.052794,19569496.000000,0.130258,0,1
28,33,47,69,67,54,65,64,
458.000000,194.000000,0.051835,93058104.000000,0.143854,0,1
34,30,44,46,69,65,85,84,
264.000000,192.000000,0.099046,78601656.000000,0.373796,0,1
33,74,10,63,23,8,28,21,
458.000000,169.000000,0.047229,135164064.000000,0.125200,0,1
61,66,116,59,127,165,58,75,
519.000000,170.000000,0.048658,486398336.000000,0.190590,0,1
227,152,242,73,127,149,43,36,
487.000000,171.000000,0.048203,266506816.000000,0.156225,0,1
155,77,115,48,79,126,51,73,
532.000000,171.000000,0.050648,293564544.000000,0.213699,0,1
255,170,202,65,84,173,42,47,
584.000000,171.000000,0.056913,742422080.000000,0.312658,0,1
251,249,186,172,163,94,110,52,
589.000000,189.000000,0.053975,182442752.000000,0.209497,0,1
42,61,35,62,44,30,58,46,
535.000000,186.000000,0.050267,275969056.000000,0.217321,0,1
86,54,92,37,60,64,41,47,
241.000000,183.000000,0.032738,168512144.000000,0.161967,0,1
31,60,45,141,88,57,89,55,
376.000000,180.000000,0.058350,16312284.000000,0.082023,0,1
33,65,36,57,44,21,50,33,
361.000000,181.000000,0.050693,37856100.000000,0.087819,0,1
38,41,39,58,71,61,139,160,
526.000000,182.000000,0.053592,88826416.000000,0.221694,0,1
33,33,36,34,39,45,49,56,
368.000000,181.000000,0.049799,27608040.000000,0.079463,0,1
41,48,49,53,75,79,80,93,
176.000000,183.000000,0.054719,3189369344.000000,1.733981,0,1
32,34,25,58,50,29,55,33,
457.000000,183.000000,0.051547,72000200.000000,0.139198,0,1
60,69,57,82,82,58,117,105,
118.000000,179.000000,0.054256,44715300.000000,0.152495,0,1
41,34,30,22,33,23,24,25,
489.000000,77.000000,0.126427,954106560.000000,0.513142,0,1
30,163,26,254,152,18,193,34,
455.000000,85.000000,0.130256,36832652.000000,0.424734,0,1
42,49,43,56,51,44,59,61,
474.000000,87.000000,0.121176,40618592.000000,0.436398,0,1
17,17,31,17,18,24,17,17,
475.000000,178.000000,0.052844,289717504.000000,0.160811,0,1
33,36,87,43,63,162,47,72,
464.000000,96.000000,0.125453,56649128.000000,0.419657,0,1
38,35,39,14,18,23,11,9,
334.000000,272.000000,0.074969,35406192.000000,1.124984,0,1
39,33,37,29,29,32,28,28,
503.000000,184.000000,0.054311,220283072.000000,0.110122,0,1
86,152,66,169,140,51,173,141,
377.000000,266.000000,0.066193,13127740.000000,0.157164,0,1
69,71,66,65,67,45,60,50,
446.000000,186.000000,0.050540,78007424.000000,0.199803,0,1
67,68,90,64,87,101,83,77,
594.000000,261.000000,0.130406,34214620.000000,0.496557,0,1
70,93,79,97,85,77,84,81,
475.000000,261.000000,0.129919,16181838.000000,0.298058,0,1
66,76,67,93,83,74,97,93,
459.000000,260.000000,0.128251,20822448.000000,0.284547,0,1
110,114,103,98,93,79,82,74,
461.000000,127.000000,0.050818,407732672.000000,0.138331,0,1
77,194,73,247,151,47,215,202,
391.000000,188.000000,0.067786,2216961792.000000,0.622064,0,1
50,32,53,22,56,66,37,58,
344.000000,256.000000,0.091628,10594608.000000,0.272180,0,1
88,94,85,78,81,71,74,69,
356.000000,128.000000,0.051824,19501346.000000,0.082500,0,1
23,34,46,67,107,156,208,186,
504.000000,128.000000,0.035120,419253184.000000,0.068782,0,1
255,221,251,119,250,252,234,255,
444.000000,247.000000,0.113714,34835508.000000,0.735905,0,1
68,56,62,48,59,70,55,70,
378.000000,245.000000,0.063847,16287530.000000,0.158097,0,1
59,57,46,74,65,45,77,75,
359.000000,244.000000,0.107154,61815448.000000,0.265820,0,1
59,64,65,77,79,89,85,91,
592.000000,242.000000,0.108333,55469848.000000,0.718426,0,1
67,67,64,63,62,62,54,47,
394.000000,135.000000,0.062159,120481968.000000,0.091795,0,1
69,79,104,66,161,187,137,196,
351.000000,191.000000,0.049174,68099784.000000,0.074106,0,1
163,210,229,153,151,134,73,40,
461.000000,232.000000,0.098306,90558728.000000,0.565298,0,1
74,69,72,59,61,64,52,52,
430.000000,136.000000,0.050112,175477520.000000,0.199306,0,1
116,79,127,54,78,101,51,58,
448.000000,136.000000,0.052557,66753352.000000,0.129139,0,1
163,153,113,111,110,91,103,98,
455.000000,191.000000,0.051349,154284688.000000,0.303721,0,1
72,79,67,68,45,45,50,35,
212.000000,228.000000,0.078987,119061656.000000,1.892472,0,1
36,35,37,33,35,36,32,32,
616.000000,137.000000,0.058272,2399535360.000000,0.367453,0,1
240,201,246,117,206,248,130,178,
306.000000,226.000000,0.092536,107057672.000000,1.331156,0,1
69,74,70,62,56,56,54,54,
265.000000,226.000000,0.099163,5280886272.000000,1.683081,0,1
25,40,13,45,28,8,43,29,
459.000000,217.000000,0.083928,185854848.000000,0.334143,0,1
135,131,128,121,111,99,100,86,
462.000000,139.000000,0.049789,627491008.000000,0.135261,0,1
186,234,124,189,177,79,193,119,
501.000000,193.000000,0.053632,486890688.000000,0.195259,0,1
157,177,118,174,128,56,76,37,
473.000000,140.000000,0.052884,707139776.000000,0.156138,0,1
133,69,192,59,131,139,64,124,
505.000000,140.000000,0.053113,583285888.000000,0.192429,0,1
222,123,250,99,192,255,73,104,
535.000000,142.000000,0.055487,1630345728.000000,0.238651,0,1
178,246,114,247,159,112,208,140,
176.000000,143.000000,0.037957,280761248.000000,0.259310,0,1
43,56,40,93,58,36,160,149,
376.000000,196.000000,0.065996,140788160.000000,0.478532,0,1
60,72,66,61,40,30,37,30,
509.000000,164.000000,0.051914,1390672000.000000,0.192702,0,1
88,229,58,253,114,51,233,102,
264.000000,208.000000,0.100237,107040552.000000,0.151059,0,1
56,82,22,85,55,9,78,54,
490.000000,147.000000,0.054047,1278152704.000000,0.178764,0,1
177,77,226,69,191,155,167,181,
535.000000,147.000000,0.055495,1669928832.000000,0.238618,0,1
142,215,84,251,139,89,227,152,
408.000000,148.000000,0.051285,1012799104.000000,0.423936,0,1
57,54,79,43,88,103,37,46,
473.000000,148.000000,0.052786,747255936.000000,0.155670,0,1
73,67,140,56,120,117,58,109,
418.000000,149.000000,0.049755,382892704.000000,0.378299,0,1
108,113,73,97,80,65,65,46,
453.000000,150.000000,0.051608,72247752.000000,0.131269,0,1
124,118,122,89,125,97,86,92,
390.000000,204.000000,0.067510,1149764224.000000,0.649353,0,1
26,20,49,26,34,70,59,65,
169.000000,160.000000,0.037918,56962100.000000,0.269226,0,1
81,73,78,46,53,63,34,38,
418.000000,203.000000,0.066651,77386160.000000,0.100445,0,1
42,46,74,85,104,128,185,166,
452.000000,155.000000,0.052007,288934240.000000,0.152500,0,1
72,60,47,64,115,34,119,75,
350.000000,156.000000,0.048313,175527472.000000,0.085752,0,1
230,253,172,210,175,74,176,61,
239.000000,201.000000,0.058656,114226944.000000,0.284385,0,1
40,53,52,92,93,89,182,133,
419.000000,156.000000,0.050835,171522032.000000,0.237785,0,1
56,87,64,96,60,33,83,45,
447.000000,157.000000,0.051070,39106792.000000,0.285615,0,1
30,23,26,34,37,43,68,63,
