# timestamp
1608635077468677120

# fx, fy, cx, cy, width, height, npoints
501.475739,501.475830,421.795319,167.657883,800,400,29

# camToWorld: translation vector, rotation quaternion
0.177423,-0.065627,0.002984,-0.002082,-0.727760,0.685728,-0.011762

# Exposure time (ms)
0.478791

# GPS Data
# GPSData: Covariance matrix
0.000021,0.000000,0.000000,0.000000,0.000036,0.000000,0.000000,0.000000,0.000094

# GPSData: GPS point
-0.010534,-0.001878,-0.006623

# Point Cloud Data : 
# u,v,idepth_scaled,idepth_hessian,maxRelBaseline,numGoodRes,status 
# color information 
764.000000,108.000000,0.224525,40414.335938,0.008775,0,1
90,107,83,109,106,64,91,42,
153.000000,115.000000,0.389508,9077171.000000,0.586994,0,1
86,87,78,93,69,54,81,88,
703.000000,52.000000,0.050422,3668136.000000,0.075987,0,1
124,130,112,133,118,103,127,116,
765.000000,153.000000,0.237899,30223744.000000,0.358517,0,1
76,65,85,51,75,88,64,75,
762.000000,247.000000,0.236825,14936930.000000,0.357385,0,1
69,52,79,42,63,83,47,64,
761.000000,291.000000,0.237430,13220213.000000,0.357809,0,1
69,53,78,41,68,81,49,67,
493.000000,90.000000,0.064385,8016.269531,0.003206,0,1
74,62,84,62,84,93,66,86,
703.000000,101.000000,0.018432,71965.359375,0.002287,0,1
46,59,40,71,45,39,57,36,
520.000000,83.000000,0.025293,1168875.625000,0.011708,0,1
93,76,88,79,91,101,90,91,
600.000000,252.000000,0.119391,24770148.000000,0.667425,0,1
42,49,39,61,48,36,59,54,
665.000000,27.000000,0.020744,432036800.000000,0.117751,0,1
114,123,105,140,132,105,143,151,
727.000000,41.000000,0.056232,246742496.000000,0.411981,0,1
100,102,125,100,117,141,111,130,
697.000000,69.000000,0.053421,29501252.000000,0.121988,0,1
124,116,125,105,118,130,104,115,
607.000000,17.000000,0.019874,135863056.000000,0.093620,0,1
139,131,155,131,151,169,138,148,
692.000000,17.000000,0.020030,148770304.000000,0.125537,0,1
125,119,137,117,137,159,136,157,
96.000000,113.000000,0.006759,248715120.000000,0.044784,0,1
75,82,63,87,74,61,82,71,
95.000000,105.000000,0.005025,185412864.000000,0.021369,0,1
117,120,96,118,107,80,107,95,
209.000000,96.000000,0.002259,98027464.000000,0.006581,0,1
89,102,79,103,90,74,98,76,
175.000000,77.000000,0.051586,502987200.000000,0.293342,0,1
126,129,98,132,117,82,128,119,
333.000000,53.000000,0.009493,40600308.000000,0.024426,0,1
150,148,137,145,133,131,126,109,
620.000000,5.000000,0.020921,345599040.000000,0.106408,0,1
137,152,137,175,155,133,176,169,
676.000000,5.000000,0.020204,564553792.000000,0.122840,0,1
89,100,72,120,91,69,101,85,
701.000000,7.000000,0.019900,141265760.000000,0.129823,0,1
110,103,130,104,131,158,135,156,
590.000000,13.000000,0.020056,177766496.000000,0.089690,0,1
146,152,140,170,161,148,172,170,
598.000000,21.000000,0.019554,221410816.000000,0.088101,0,1
111,131,112,146,140,126,170,166,
719.000000,24.000000,0.056238,249129040.000000,0.409637,0,1
148,155,133,158,132,146,152,142,
457.000000,26.000000,0.013187,37223796.000000,0.033417,0,1
190,187,186,185,179,171,183,154,
779.000000,33.000000,0.021236,450182656.000000,0.104406,0,1
101,119,83,143,125,102,142,136,
96.000000,97.000000,0.001740,156660608.000000,0.007222,0,1
113,123,102,135,113,100,130,115,
