# timestamp
1608635219270013952

# fx, fy, cx, cy, width, height, npoints
501.484741,501.475464,421.788910,167.664612,800,400,535

# camToWorld: translation vector, rotation quaternion
-15.475199,57.888333,6.919294,0.724483,0.000536,-0.021647,-0.688953

# Exposure time (ms)
0.257697

# GPS Data
# GPSData: Covariance matrix
0.000021,0.000000,0.000000,0.000000,0.000047,0.000000,0.000000,0.000000,0.000084

# GPSData: GPS point
59.359551,-2.391799,6.269104

# Point Cloud Data : 
# u,v,idepth_scaled,idepth_hessian,maxRelBaseline,numGoodRes,status 
# color information 
761.000000,206.000000,0.083337,74603912.000000,1.711346,0,1
18,21,19,33,26,21,32,33,
770.000000,13.000000,0.039951,10924721152.000000,1.199836,0,1
76,94,60,110,77,48,98,80,
770.000000,16.000000,0.039905,12084531200.000000,1.195823,0,1
81,97,60,106,78,44,95,74,
769.000000,26.000000,0.039819,4021240064.000000,0.835496,0,1
86,100,71,101,86,55,97,84,
607.000000,128.000000,0.349802,25223546.000000,1.134622,0,1
22,15,25,12,21,22,14,21,
744.000000,199.000000,0.080537,89699616.000000,1.657804,0,1
25,26,25,35,27,23,36,36,
746.000000,200.000000,0.080772,100532544.000000,1.666462,0,1
25,25,22,34,28,22,36,35,
758.000000,205.000000,0.082693,80422928.000000,1.690554,0,1
18,22,19,34,27,21,33,34,
48.000000,238.000000,0.095669,15460284.000000,2.520226,0,1
74,75,73,63,62,63,56,59,
68.000000,238.000000,0.095288,19609866.000000,2.376944,0,1
73,73,72,60,61,62,58,57,
87.000000,263.000000,0.126995,17014376.000000,2.560241,0,1
61,61,61,61,61,60,70,81,
95.000000,263.000000,0.126066,20070964.000000,1.735418,0,1
60,61,60,62,64,64,75,88,
103.000000,263.000000,0.126096,21339262.000000,2.438238,0,1
62,61,60,64,63,61,78,81,
111.000000,263.000000,0.126119,14072167.000000,1.071375,0,1
60,60,60,65,66,68,80,82,
114.000000,263.000000,0.125485,20816672.000000,1.641616,0,1
60,60,59,67,68,69,79,78,
79.000000,264.000000,0.127057,16312855.000000,2.621722,0,1
59,60,60,62,64,67,78,78,
98.000000,266.000000,0.125510,18092894.000000,1.110050,0,1
76,84,85,72,73,72,61,59,
110.000000,266.000000,0.125494,10082333.000000,0.564131,0,1
80,82,82,67,65,65,60,57,
112.000000,266.000000,0.124284,13499199.000000,1.062286,0,1
80,82,79,65,65,64,61,55,
69.000000,267.000000,0.126832,6866950.500000,2.701131,0,1
68,72,71,65,64,65,61,60,
711.000000,279.000000,0.152215,7778339.500000,2.140996,0,1
27,28,27,38,34,33,41,42,
314.000000,291.000000,0.151825,1123972.250000,0.665708,0,1
50,46,48,49,48,53,53,54,
260.000000,28.000000,0.000636,26208880.000000,0.019246,0,1
137,135,136,135,135,135,134,133,
725.000000,46.000000,0.026038,1259023872.000000,0.518690,0,1
95,91,88,66,67,66,32,19,
729.000000,46.000000,0.026012,1203890176.000000,0.525959,0,1
95,86,86,66,64,60,25,17,
744.000000,46.000000,0.025744,794240000.000000,0.306915,0,1
91,80,81,56,53,49,21,16,
752.000000,46.000000,0.025754,790154048.000000,0.314054,0,1
92,83,79,46,48,48,22,18,
645.000000,47.000000,0.025867,1416508800.000000,0.599109,0,1
81,77,75,60,63,57,35,28,
650.000000,47.000000,0.025774,1851856384.000000,0.608087,0,1
81,75,76,58,58,55,30,22,
660.000000,47.000000,0.025863,2336260864.000000,0.628825,0,1
87,84,81,57,59,60,30,21,
665.000000,47.000000,0.026014,6816555520.000000,0.736311,0,1
89,81,82,60,58,55,29,21,
675.000000,47.000000,0.026067,6071468544.000000,0.753248,0,1
90,83,82,55,57,58,28,21,
687.000000,47.000000,0.026176,1081633408.000000,0.461162,0,1
93,85,81,50,48,48,27,22,
700.000000,47.000000,0.026023,6515706880.000000,0.791091,0,1
91,79,78,43,41,41,24,21,
711.000000,47.000000,0.026095,4370899968.000000,0.808486,0,1
88,72,74,40,37,34,21,23,
646.000000,48.000000,0.026188,4405756416.000000,0.706329,0,1
75,63,57,35,31,30,28,24,
655.000000,48.000000,0.026059,6253901312.000000,0.719541,0,1
80,55,57,33,33,32,23,23,
662.000000,48.000000,0.026091,5492426752.000000,0.732212,0,1
80,60,60,29,28,29,21,23,
664.000000,48.000000,0.026092,5415219712.000000,0.735575,0,1
81,60,58,28,29,29,21,23,
680.000000,48.000000,0.026060,5611138560.000000,0.760687,0,1
84,57,53,27,27,28,21,26,
690.000000,48.000000,0.026177,4581324800.000000,0.779284,0,1
78,48,49,25,25,26,20,28,
696.000000,48.000000,0.026170,3861179136.000000,0.787844,0,1
77,47,44,25,24,24,22,27,
618.000000,52.000000,0.020048,8822081536.000000,0.533270,0,1
75,71,70,39,41,42,20,16,
720.000000,52.000000,0.025443,460982176.000000,0.801546,0,1
29,30,32,35,35,35,48,37,
734.000000,53.000000,0.025640,1062683776.000000,0.521797,0,1
28,34,21,41,29,16,34,29,
713.000000,55.000000,0.025667,2309636864.000000,0.794769,0,1
22,15,28,13,22,29,14,22,
324.000000,56.000000,0.000122,24921582.000000,0.004697,0,1
126,125,124,123,124,124,122,122,
735.000000,57.000000,0.026340,110889384.000000,0.303947,0,1
20,27,17,31,30,37,45,56,
762.000000,61.000000,0.032015,10943023.000000,1.025304,0,1
33,33,30,30,25,19,13,8,
392.000000,64.000000,0.000404,24306042.000000,0.004899,0,1
110,107,108,107,107,106,106,105,
604.000000,64.000000,0.016349,88332424.000000,0.343312,0,1
26,22,22,22,28,34,31,28,
736.000000,67.000000,0.042919,21110158.000000,1.160634,0,1
29,29,26,22,17,13,11,7,
644.000000,80.000000,0.025911,229674432.000000,0.569335,0,1
20,19,32,27,31,40,44,46,
580.000000,81.000000,0.019150,280504864.000000,0.417553,0,1
37,39,30,32,36,28,42,37,
95.000000,83.000000,0.012249,1470469888.000000,0.562762,0,1
72,68,67,60,55,55,43,34,
511.000000,86.000000,0.000141,381858944.000000,0.003511,0,1
83,88,88,94,94,96,98,103,
560.000000,87.000000,0.016318,292012768.000000,0.088040,0,1
110,95,95,57,55,55,27,31,
556.000000,88.000000,0.016477,1481107456.000000,0.255253,0,1
98,57,57,26,27,28,32,28,
563.000000,88.000000,0.016353,1363232000.000000,0.264510,0,1
95,55,54,27,28,29,30,27,
568.000000,88.000000,0.016212,807125568.000000,0.270958,0,1
92,51,48,30,29,29,30,27,
107.000000,89.000000,0.011895,1375139968.000000,0.526216,0,1
47,59,58,57,65,71,63,59,
132.000000,90.000000,0.010670,1097260032.000000,0.439196,0,1
70,59,70,43,58,65,37,41,
751.000000,90.000000,0.039716,1388574464.000000,1.119363,0,1
14,9,19,5,13,22,9,14,
112.000000,91.000000,0.012727,826620544.000000,0.547219,0,1
66,70,66,56,53,51,42,54,
444.000000,92.000000,0.001469,8453704.000000,0.011350,0,1
83,83,84,84,84,85,87,89,
494.000000,92.000000,0.000973,93613208.000000,0.015070,0,1
100,103,105,108,110,112,113,114,
79.000000,93.000000,0.012330,1909089664.000000,0.593419,0,1
51,43,37,45,46,48,61,63,
100.000000,93.000000,0.012338,1219521280.000000,0.554709,0,1
29,34,35,49,51,53,62,64,
511.000000,93.000000,0.000484,659901376.000000,0.009074,0,1
116,124,126,135,138,139,146,152,
180.000000,94.000000,0.009240,17554474.000000,0.382565,0,1
71,70,71,70,70,71,70,67,
582.000000,95.000000,0.019653,15198590.000000,0.415880,0,1
25,25,25,28,27,33,33,38,
601.000000,97.000000,0.045984,55779396.000000,0.675366,0,1
28,27,26,20,16,21,11,10,
193.000000,98.000000,0.009628,441637376.000000,0.313100,0,1
68,64,63,46,46,46,29,31,
205.000000,98.000000,0.009762,457046304.000000,0.301646,0,1
69,63,63,40,38,36,29,42,
470.000000,98.000000,0.000700,1064006528.000000,0.009069,0,1
100,106,110,116,120,121,129,139,
473.000000,98.000000,0.000708,1011355136.000000,0.009112,0,1
103,110,112,121,122,124,132,140,
301.000000,99.000000,0.004077,505756480.000000,0.077790,0,1
83,82,81,78,73,80,52,48,
463.000000,99.000000,0.000903,235206656.000000,0.007837,0,1
103,112,112,122,125,126,135,142,
751.000000,99.000000,0.039574,1751101952.000000,1.114156,0,1
16,10,22,8,16,24,10,17,
343.000000,100.000000,0.006171,1216784128.000000,0.078774,0,1
68,81,69,76,67,46,59,50,
449.000000,100.000000,0.000783,201883344.000000,0.005625,0,1
98,103,105,113,115,115,126,131,
304.000000,101.000000,0.003848,872857600.000000,0.070990,0,1
81,74,80,51,77,78,68,67,
120.000000,102.000000,0.012924,4089478144.000000,0.536843,0,1
61,59,54,58,44,38,49,38,
136.000000,102.000000,0.012859,2922765312.000000,0.504517,0,1
63,59,63,37,58,63,45,58,
443.000000,102.000000,0.000937,148231344.000000,0.006115,0,1
110,119,120,129,131,130,136,140,
674.000000,102.000000,0.031185,1015310336.000000,0.814873,0,1
13,7,19,5,12,22,8,12,
66.000000,103.000000,0.013096,1805054592.000000,0.648209,0,1
61,53,52,44,36,38,28,23,
79.000000,103.000000,0.012836,2099721472.000000,0.612075,0,1
60,56,59,31,40,55,30,37,
83.000000,103.000000,0.013041,5848617472.000000,0.612369,0,1
55,54,45,55,37,29,49,37,
164.000000,103.000000,0.011810,80656840.000000,0.127942,0,1
63,60,62,43,52,60,24,25,
247.000000,103.000000,0.006663,356894400.000000,0.171308,0,1
73,74,74,71,71,72,58,36,
360.000000,103.000000,0.004687,33513578.000000,0.013440,0,1
87,86,83,79,72,72,65,70,
504.000000,103.000000,0.009806,240795184.000000,0.032747,0,1
140,125,128,73,78,77,38,33,
64.000000,104.000000,0.013024,5051942400.000000,0.649075,0,1
54,51,38,45,37,23,48,39,
88.000000,104.000000,0.013020,388280512.000000,0.155817,0,1
47,32,42,26,30,42,28,30,
135.000000,104.000000,0.012867,4538084352.000000,0.506286,0,1
46,38,56,39,50,63,43,52,
167.000000,104.000000,0.011811,837830592.000000,0.415897,0,1
62,60,61,40,52,59,39,31,
246.000000,104.000000,0.006720,1065355328.000000,0.173440,0,1
74,71,71,67,58,56,46,38,
505.000000,104.000000,0.010212,180091904.000000,0.034439,0,1
128,78,77,38,38,36,33,27,
99.000000,105.000000,0.012982,4105465600.000000,0.578668,0,1
52,40,52,31,50,44,36,45,
368.000000,106.000000,0.000478,176218912.000000,0.002732,0,1
98,104,105,114,115,119,125,133,
473.000000,107.000000,0.001816,103573208.000000,0.008474,0,1
133,124,120,115,103,108,98,61,
623.000000,107.000000,0.026089,74463464.000000,0.611351,0,1
23,23,21,17,15,19,10,8,
624.000000,107.000000,0.025982,199899488.000000,0.609211,0,1
23,22,22,17,15,23,9,9,
751.000000,107.000000,0.039472,2173197312.000000,1.110547,0,1
19,12,24,10,19,27,13,19,
154.000000,108.000000,0.012560,5620165632.000000,0.460802,0,1
46,59,36,63,48,33,60,49,
408.000000,108.000000,0.005945,50651016.000000,0.007710,0,1
130,160,73,162,106,107,121,77,
264.000000,109.000000,0.005937,514282720.000000,0.138515,0,1
71,70,71,60,65,71,50,50,
205.000000,110.000000,0.009996,870103168.000000,0.304131,0,1
60,60,59,43,41,46,41,26,
136.000000,111.000000,0.012906,6514445824.000000,0.504578,0,1
55,42,62,29,49,62,36,47,
602.000000,111.000000,0.046257,125103312.000000,0.673536,0,1
24,16,21,11,15,18,8,14,
708.000000,111.000000,0.034632,2325160192.000000,0.942993,0,1
20,13,26,9,21,28,14,20,
136.000000,112.000000,0.012902,7337629184.000000,0.504288,0,1
51,37,62,29,48,62,35,47,
251.000000,113.000000,0.007033,685882880.000000,0.174606,0,1
42,36,54,35,43,49,33,42,
74.000000,114.000000,0.013017,6323860992.000000,0.627802,0,1
36,48,29,51,37,24,48,45,
377.000000,114.000000,0.001230,180616336.000000,0.010711,0,1
139,130,129,118,119,118,108,100,
602.000000,114.000000,0.046348,180775744.000000,0.670158,0,1
14,8,20,8,15,18,9,15,
750.000000,114.000000,0.039470,1836078080.000000,1.107806,0,1
14,10,21,9,15,25,10,15,
714.000000,115.000000,0.035084,1086648192.000000,0.961741,0,1
20,26,17,28,21,15,26,21,
61.000000,116.000000,0.012901,3256181248.000000,0.648602,0,1
32,29,41,29,33,47,47,58,
84.000000,116.000000,0.013517,158592144.000000,0.163900,0,1
32,43,29,51,39,33,50,49,
422.000000,116.000000,0.000894,64667356.000000,0.003350,0,1
93,97,89,94,83,80,82,71,
41.000000,117.000000,0.012909,1093224576.000000,0.688768,0,1
29,29,34,43,43,48,56,59,
427.000000,117.000000,0.001774,58741000.000000,0.006408,0,1
92,83,89,66,79,82,67,64,
591.000000,117.000000,0.021742,757703744.000000,0.456891,0,1
19,10,24,9,19,21,11,19,
262.000000,118.000000,0.006930,1522994688.000000,0.160225,0,1
57,45,63,42,56,63,44,53,
335.000000,118.000000,0.005314,699610176.000000,0.072155,0,1
101,96,91,96,88,54,92,62,
392.000000,118.000000,0.003475,88641824.000000,0.020865,0,1
96,90,89,84,77,81,65,56,
450.000000,118.000000,0.002686,12791287.000000,0.012586,0,1
82,83,77,78,78,75,76,61,
565.000000,118.000000,0.018629,224268224.000000,0.286027,0,1
17,10,22,9,14,22,10,15,
205.000000,119.000000,0.009969,1557258624.000000,0.301925,0,1
29,41,24,33,31,23,42,46,
317.000000,119.000000,0.001589,601170240.000000,0.026201,0,1
92,86,90,78,71,87,38,36,
555.000000,119.000000,0.017680,181894368.000000,0.251200,0,1
21,12,21,9,17,18,10,18,
371.000000,120.000000,0.005120,217886800.000000,0.042339,0,1
91,77,85,43,71,78,39,32,
483.000000,120.000000,0.010468,103356136.000000,0.077410,0,1
68,66,50,47,58,39,44,30,
555.000000,120.000000,0.017639,219490160.000000,0.250970,0,1
17,9,22,9,18,19,10,17,
206.000000,121.000000,0.009888,822080000.000000,0.298147,0,1
25,34,26,50,41,37,58,60,
342.000000,121.000000,0.004920,224532464.000000,0.029797,0,1
57,61,53,60,50,31,38,27,
409.000000,121.000000,0.004403,75830528.000000,0.016327,0,1
41,52,31,59,40,43,50,31,
538.000000,121.000000,0.015683,94251808.000000,0.201717,0,1
23,17,21,11,17,15,10,17,
252.000000,122.000000,0.007084,666796864.000000,0.173301,0,1
50,45,48,33,40,40,31,34,
298.000000,122.000000,0.004519,180997968.000000,0.084394,0,1
78,77,57,63,54,39,41,33,
305.000000,122.000000,0.005413,73635016.000000,0.023119,0,1
73,63,80,45,55,58,36,34,
400.000000,122.000000,0.005178,111773688.000000,0.023512,0,1
63,64,53,57,50,35,54,49,
475.000000,122.000000,0.003953,28418778.000000,0.027900,0,1
70,61,68,61,59,52,46,29,
610.000000,122.000000,0.023243,401656416.000000,0.526117,0,1
18,23,15,26,18,14,22,18,
674.000000,122.000000,0.030867,1900607488.000000,0.804267,0,1
18,12,25,9,19,28,10,18,
591.000000,124.000000,0.021671,781503744.000000,0.455118,0,1
19,11,25,9,21,21,11,21,
758.000000,124.000000,0.039957,935974784.000000,1.129899,0,1
24,26,19,27,23,17,26,23,
190.000000,125.000000,0.019118,675219776.000000,0.554080,0,1
57,45,57,42,53,60,51,53,
385.000000,125.000000,0.004953,89870816.000000,0.030869,0,1
60,59,50,62,55,47,56,48,
450.000000,125.000000,0.005108,50274804.000000,0.018288,0,1
49,33,47,31,40,55,37,36,
462.000000,125.000000,0.003019,18809574.000000,0.016304,0,1
66,63,62,55,55,56,41,41,
466.000000,125.000000,0.004039,9050576.000000,0.022026,0,1
58,59,55,56,49,37,43,36,
107.000000,126.000000,0.015479,486543456.000000,0.653495,0,1
48,41,52,35,41,50,26,28,
113.000000,126.000000,0.012996,164638288.000000,0.133105,0,1
57,54,52,46,38,36,32,25,
157.000000,126.000000,0.012502,1050485056.000000,0.451472,0,1
60,56,58,48,41,49,33,33,
396.000000,126.000000,0.003835,14529834.000000,0.018600,0,1
44,39,47,35,37,46,31,29,
50.000000,127.000000,0.013010,103931880.000000,0.674653,0,1
58,52,53,36,35,34,21,21,
66.000000,127.000000,0.012987,2994557952.000000,0.641657,0,1
59,58,57,49,42,38,44,32,
76.000000,127.000000,0.013064,3126986752.000000,0.624936,0,1
57,51,53,45,37,37,35,28,
120.000000,127.000000,0.012894,3062081536.000000,0.532960,0,1
50,48,29,44,35,23,43,34,
179.000000,127.000000,0.011412,889414464.000000,0.381150,0,1
59,56,55,46,33,36,35,22,
280.000000,127.000000,0.005090,385797184.000000,0.108507,0,1
75,72,71,70,62,65,59,39,
382.000000,127.000000,0.005693,90240736.000000,0.037297,0,1
61,59,55,54,48,45,41,36,
63.000000,128.000000,0.012925,4419378688.000000,0.645020,0,1
56,35,49,26,40,44,31,38,
120.000000,128.000000,0.012900,3766675968.000000,0.533137,0,1
38,45,25,42,35,23,41,33,
136.000000,128.000000,0.012889,5384372736.000000,0.502428,0,1
35,27,45,26,34,54,27,31,
186.000000,128.000000,0.010674,533321056.000000,0.348912,0,1
57,40,46,24,25,42,20,19,
380.000000,128.000000,0.005389,67932600.000000,0.036392,0,1
58,56,50,47,47,38,48,46,
386.000000,128.000000,0.003839,50890212.000000,0.023288,0,1
50,48,45,36,36,35,32,30,
454.000000,128.000000,0.005604,48831936.000000,0.022103,0,1
50,40,47,28,37,46,24,24,
214.000000,129.000000,0.009891,680617664.000000,0.286145,0,1
60,57,58,50,43,46,34,22,
286.000000,129.000000,0.004569,213969600.000000,0.092071,0,1
71,57,69,40,52,60,34,33,
292.000000,129.000000,0.002015,466468384.000000,0.040230,0,1
73,71,68,60,58,53,41,38,
296.000000,129.000000,0.002331,346072800.000000,0.022395,0,1
39,54,39,53,33,36,40,35,
435.000000,129.000000,0.005794,5465851.000000,0.010834,0,1
35,33,41,32,38,48,33,29,
648.000000,129.000000,0.027814,1254680704.000000,0.692790,0,1
23,16,26,11,24,27,17,24,
111.000000,130.000000,0.012854,1011317568.000000,0.284648,0,1
40,49,33,42,44,24,48,41,
219.000000,130.000000,0.009166,816978688.000000,0.260967,0,1
58,51,56,23,31,45,21,25,
338.000000,130.000000,0.005324,118665920.000000,0.066888,0,1
38,33,24,36,37,26,39,37,
461.000000,130.000000,0.004547,35941240.000000,0.021516,0,1
40,46,50,28,39,45,21,20,
708.000000,130.000000,0.034583,2164670720.000000,0.940465,0,1
21,14,26,9,21,27,13,20,
240.000000,131.000000,0.004013,106994472.000000,0.130224,0,1
59,58,59,42,49,50,39,38,
465.000000,131.000000,0.004836,21753898.000000,0.025685,0,1
40,44,43,30,37,42,21,21,
179.000000,132.000000,0.011333,2111125504.000000,0.378675,0,1
23,38,22,39,24,24,38,25,
255.000000,132.000000,0.007478,332880448.000000,0.178033,0,1
60,59,57,49,48,41,43,39,
318.000000,132.000000,0.003316,154513232.000000,0.052093,0,1
46,44,56,28,34,48,25,25,
674.000000,132.000000,0.030916,1888388480.000000,0.804922,0,1
18,9,24,9,18,27,10,18,
66.000000,133.000000,0.012965,7424494592.000000,0.640685,0,1
33,45,26,43,35,20,46,37,
750.000000,134.000000,0.039433,1673266816.000000,1.106596,0,1
16,10,21,9,16,24,10,15,
591.000000,136.000000,0.021594,815415424.000000,0.453833,0,1
21,12,27,9,22,24,12,21,
331.000000,137.000000,0.003333,99194912.000000,0.045875,0,1
39,28,33,20,28,27,21,27,
109.000000,138.000000,0.012920,1691109376.000000,0.554837,0,1
34,29,44,26,36,44,30,39,
531.000000,138.000000,0.015636,91528288.000000,0.182424,0,1
20,14,25,15,20,20,14,20,
658.000000,138.000000,0.027749,363027904.000000,0.713977,0,1
15,16,13,16,15,9,16,15,
708.000000,138.000000,0.034500,1825458176.000000,0.939150,0,1
20,15,25,13,22,27,15,22,
137.000000,139.000000,0.012861,1447680000.000000,0.500212,0,1
32,27,40,28,35,42,36,38,
157.000000,139.000000,0.012423,140915488.000000,0.117220,0,1
30,42,39,53,47,51,55,57,
220.000000,139.000000,0.009105,1080450688.000000,0.257918,0,1
30,24,37,26,33,40,51,58,
103.000000,140.000000,0.012919,553262336.000000,0.566865,0,1
31,38,29,41,41,37,45,47,
259.000000,140.000000,0.006999,375682528.000000,0.163473,0,1
23,26,27,44,41,47,55,60,
688.000000,140.000000,0.030781,374152160.000000,0.831203,0,1
12,14,9,15,11,7,14,12,
750.000000,140.000000,0.039415,1420391680.000000,1.106607,0,1
16,11,21,10,16,24,11,16,
42.000000,141.000000,0.013448,203913056.000000,0.714018,0,1
22,22,22,32,33,34,47,55,
90.000000,141.000000,0.016815,196549296.000000,0.744962,0,1
28,34,35,47,44,33,48,44,
647.000000,142.000000,0.027778,1368943360.000000,0.690545,0,1
19,12,25,10,18,27,11,17,
425.000000,144.000000,0.010456,8304589.500000,0.015758,0,1
32,30,35,35,48,55,44,49,
565.000000,145.000000,0.018615,291146912.000000,0.278735,0,1
15,11,23,11,15,25,11,15,
242.000000,146.000000,0.008081,566232896.000000,0.206090,0,1
60,59,57,48,39,38,33,24,
758.000000,146.000000,0.039887,683678144.000000,1.130127,0,1
22,26,19,26,22,16,24,21,
223.000000,147.000000,0.009119,501603968.000000,0.254508,0,1
58,52,51,35,27,36,19,22,
674.000000,148.000000,0.030825,2038091520.000000,0.804861,0,1
18,11,25,9,20,30,10,19,
172.000000,149.000000,0.011907,337942080.000000,0.210719,0,1
56,52,41,33,29,19,38,28,
555.000000,149.000000,0.017725,186629760.000000,0.247982,0,1
16,11,23,12,16,22,11,16,
128.000000,150.000000,0.011962,728150912.000000,0.486434,0,1
40,36,36,30,30,35,23,25,
470.000000,150.000000,0.027304,32107012.000000,0.126002,0,1
47,38,46,42,35,48,30,32,
53.000000,151.000000,0.013187,1047721344.000000,0.676980,0,1
57,55,56,47,47,50,31,25,
88.000000,151.000000,0.012937,747082112.000000,0.596960,0,1
45,42,38,34,29,30,24,23,
49.000000,152.000000,0.012879,2843388928.000000,0.671844,0,1
57,52,48,50,38,31,41,32,
58.000000,152.000000,0.012981,2888292864.000000,0.658208,0,1
50,44,36,42,23,21,33,23,
648.000000,152.000000,0.027752,1701825024.000000,0.694266,0,1
26,17,29,11,26,30,17,25,
471.000000,154.000000,0.028113,12706672.000000,0.090060,0,1
41,31,42,25,33,34,19,22,
591.000000,154.000000,0.021581,511763552.000000,0.454371,0,1
22,13,27,10,22,25,15,22,
222.000000,155.000000,0.028353,1355702144.000000,0.637353,0,1
25,51,54,74,61,60,75,45,
330.000000,155.000000,0.019528,90763208.000000,0.224225,0,1
52,49,47,49,42,41,45,36,
416.000000,155.000000,0.025687,8001490.000000,0.051120,0,1
48,41,48,31,41,42,28,28,
427.000000,155.000000,0.026156,6605589.000000,0.039998,0,1
49,51,48,43,41,40,31,27,
438.000000,155.000000,0.026139,7145398.500000,0.047670,0,1
47,47,46,37,36,35,27,26,
447.000000,155.000000,0.025495,7739760.500000,0.064070,0,1
46,45,45,32,31,30,23,26,
454.000000,155.000000,0.025461,9463720.000000,0.078779,0,1
46,42,43,29,29,27,22,26,
674.000000,155.000000,0.030833,1902606976.000000,0.806808,0,1
19,10,25,9,18,28,11,18,
224.000000,156.000000,0.028256,565837184.000000,0.195317,0,1
58,48,73,59,56,77,36,36,
353.000000,156.000000,0.027381,41610160.000000,0.222578,0,1
40,46,30,42,34,32,27,24,
363.000000,156.000000,0.028077,13190829.000000,0.197021,0,1
48,46,47,37,38,39,27,24,
372.000000,156.000000,0.028387,8062786.000000,0.172454,0,1
49,48,48,38,39,39,29,28,
377.000000,156.000000,0.028563,8893630.000000,0.157979,0,1
49,47,46,38,38,38,29,29,
385.000000,156.000000,0.028485,6898000.000000,0.135255,0,1
49,46,47,37,38,37,29,30,
512.000000,157.000000,0.030869,2658900.500000,0.257478,0,1
16,23,22,28,24,26,31,31,
688.000000,158.000000,0.030656,345056704.000000,0.832542,0,1
12,15,9,17,12,8,14,12,
89.000000,160.000000,0.032656,1415331456.000000,1.203375,0,1
38,44,41,48,34,33,35,28,
349.000000,160.000000,0.027552,12161731.000000,0.236903,0,1
25,24,27,30,35,37,39,47,
352.000000,160.000000,0.027353,27268820.000000,0.227050,0,1
24,27,26,36,37,29,46,46,
363.000000,160.000000,0.026618,23211100.000000,0.191956,0,1
24,26,28,37,37,41,42,47,
371.000000,160.000000,0.020929,46302088.000000,0.142101,0,1
28,31,30,41,37,34,43,44,
520.000000,161.000000,0.027453,49896552.000000,0.259310,0,1
18,29,19,32,27,24,28,20,
71.000000,162.000000,0.032459,6260008448.000000,1.269536,0,1
45,36,54,33,50,65,39,49,
282.000000,162.000000,0.027508,47618568.000000,0.437843,0,1
24,25,22,37,36,32,44,44,
724.000000,164.000000,0.070059,24078442.000000,1.054480,0,1
11,14,10,17,11,9,17,15,
154.000000,165.000000,0.022503,176122096.000000,0.733669,0,1
22,22,21,23,27,21,31,35,
291.000000,165.000000,0.027522,60970464.000000,0.411974,0,1
42,37,44,34,38,38,29,23,
305.000000,165.000000,0.021796,19897502.000000,0.311338,0,1
45,44,44,39,35,35,26,20,
253.000000,166.000000,0.019020,31368246.000000,0.217658,0,1
44,43,43,25,26,26,21,22,
394.000000,167.000000,0.028046,8209213.000000,0.125357,0,1
44,41,40,46,47,48,51,55,
403.000000,167.000000,0.027448,18648724.000000,0.103997,0,1
44,41,41,47,48,47,55,70,
425.000000,167.000000,0.028709,11302677.000000,0.077865,0,1
41,43,43,47,48,48,53,57,
439.000000,167.000000,0.028645,17125960.000000,0.083217,0,1
40,43,43,48,50,49,57,62,
455.000000,167.000000,0.029096,13296294.000000,0.110887,0,1
38,44,43,47,46,47,56,61,
462.000000,167.000000,0.028364,36120780.000000,0.140868,0,1
39,44,43,48,48,47,56,59,
486.000000,167.000000,0.027918,67629168.000000,0.179356,0,1
20,25,23,49,49,48,57,59,
488.000000,167.000000,0.027947,65262852.000000,0.184989,0,1
21,23,26,49,48,49,56,58,
79.000000,168.000000,0.031118,92880152.000000,0.378203,0,1
42,40,46,42,46,52,47,51,
328.000000,168.000000,0.020797,26370508.000000,0.074884,0,1
45,34,41,27,43,43,51,65,
414.000000,168.000000,0.027907,21254824.000000,0.088736,0,1
35,46,40,53,46,52,57,60,
439.000000,168.000000,0.027993,21826174.000000,0.084477,0,1
43,49,49,55,60,59,60,60,
455.000000,168.000000,0.028366,16876488.000000,0.110576,0,1
42,48,47,55,56,55,61,61,
470.000000,168.000000,0.027997,63867024.000000,0.142077,0,1
33,45,45,56,56,57,59,62,
478.000000,168.000000,0.027169,52970320.000000,0.157709,0,1
28,48,47,57,57,58,60,60,
480.000000,168.000000,0.026875,80091192.000000,0.161219,0,1
28,47,47,57,58,58,59,61,
488.000000,168.000000,0.026944,95958384.000000,0.180843,0,1
24,49,48,57,56,56,59,60,
507.000000,168.000000,0.027228,29013044.000000,0.236282,0,1
31,48,48,55,54,54,58,60,
337.000000,169.000000,0.028088,20936386.000000,0.282461,0,1
40,45,45,54,55,55,63,65,
354.000000,169.000000,0.027955,53913904.000000,0.232905,0,1
33,44,36,54,48,52,57,55,
368.000000,169.000000,0.027799,42695368.000000,0.193493,0,1
44,48,49,65,55,54,58,57,
402.000000,170.000000,0.028865,26609190.000000,0.116344,0,1
55,56,70,58,70,69,61,62,
71.000000,173.000000,0.032424,5083153920.000000,1.272282,0,1
41,33,48,29,39,54,31,36,
180.000000,173.000000,0.027265,80226728.000000,0.761317,0,1
26,30,24,32,35,31,48,57,
461.000000,173.000000,0.036503,5190145.000000,0.157729,0,1
67,69,68,61,64,74,62,61,
86.000000,175.000000,0.030616,3266628352.000000,1.168211,0,1
35,43,32,47,34,29,40,33,
537.000000,175.000000,0.064764,83837648.000000,0.536578,0,1
22,21,24,20,27,32,20,31,
71.000000,176.000000,0.032392,3679795200.000000,1.272649,0,1
37,30,43,28,35,50,31,34,
85.000000,176.000000,0.030666,2466179584.000000,1.173658,0,1
43,47,34,46,40,29,41,38,
470.000000,178.000000,0.040943,3738222.500000,0.211567,0,1
64,62,67,57,59,64,55,54,
88.000000,179.000000,0.032654,299736608.000000,1.215341,0,1
29,36,32,45,42,39,52,54,
479.000000,180.000000,0.044802,14699252.000000,0.255758,0,1
59,58,55,67,62,56,62,53,
584.000000,180.000000,0.043605,13076713.000000,0.413984,0,1
16,18,15,28,22,17,35,29,
45.000000,181.000000,0.032938,60966628.000000,1.393164,0,1
29,35,36,42,44,44,51,55,
339.000000,183.000000,0.041531,31776698.000000,0.379142,0,1
64,71,68,67,63,57,62,58,
521.000000,183.000000,0.048249,82482840.000000,0.455208,0,1
55,51,51,50,48,47,40,41,
689.000000,184.000000,0.071159,198773216.000000,1.381393,0,1
49,50,49,33,41,47,33,31,
702.000000,184.000000,0.070393,140738224.000000,1.415241,0,1
17,25,18,33,32,24,34,36,
336.000000,185.000000,0.044714,23855966.000000,0.411491,0,1
65,72,69,75,69,60,68,60,
665.000000,185.000000,0.065579,101711120.000000,1.251921,0,1
19,15,26,19,23,23,22,27,
706.000000,185.000000,0.071244,64657600.000000,1.438161,0,1
17,20,18,35,29,20,36,38,
488.000000,186.000000,0.047834,11994713.000000,0.332304,0,1
50,46,47,50,52,50,55,58,
521.000000,187.000000,0.050881,87233792.000000,0.480142,0,1
41,39,38,46,44,44,51,53,
559.000000,187.000000,0.070248,46492552.000000,0.502716,0,1
50,42,51,27,40,49,25,25,
560.000000,188.000000,0.070970,29002920.000000,0.510472,0,1
51,40,49,25,32,45,25,26,
715.000000,188.000000,0.073202,87554632.000000,1.494247,0,1
21,24,21,35,29,20,36,36,
532.000000,189.000000,0.064128,215986256.000000,0.537391,0,1
35,38,29,47,44,24,51,45,
545.000000,189.000000,0.064989,93637600.000000,0.681600,0,1
29,35,25,38,29,25,34,26,
720.000000,190.000000,0.073723,226976960.000000,1.511610,0,1
18,18,17,31,23,21,34,34,
537.000000,191.000000,0.064755,79359568.000000,0.564335,0,1
28,21,35,21,28,33,20,24,
328.000000,192.000000,0.051165,62263604.000000,0.491536,0,1
72,76,59,78,60,56,59,58,
566.000000,192.000000,0.073896,39730872.000000,0.734650,0,1
47,42,48,27,41,49,26,26,
294.000000,193.000000,0.052834,6768487.000000,0.646794,0,1
62,62,61,62,63,62,70,61,
298.000000,193.000000,0.052791,9829683.000000,0.636743,0,1
59,60,61,62,62,63,70,63,
188.000000,194.000000,0.052624,34944096.000000,1.136538,0,1
59,59,61,65,70,67,74,66,
510.000000,194.000000,0.055487,18121318.000000,0.475078,0,1
47,46,46,61,55,54,62,61,
515.000000,194.000000,0.056819,22924226.000000,0.503908,0,1
45,46,46,53,53,54,58,57,
520.000000,194.000000,0.057472,16958658.000000,0.531092,0,1
49,46,46,53,51,53,58,58,
568.000000,194.000000,0.074933,50918580.000000,0.752346,0,1
49,38,46,26,36,46,25,25,
597.000000,194.000000,0.092126,303171264.000000,0.972354,0,1
26,22,36,20,30,40,23,31,
713.000000,194.000000,0.077602,42877512.000000,1.429684,0,1
43,40,42,32,37,40,30,29,
319.000000,195.000000,0.055240,48641188.000000,0.557502,0,1
67,68,79,62,70,86,73,77,
544.000000,197.000000,0.065468,70541544.000000,0.610315,0,1
31,37,24,28,28,23,24,22,
663.000000,197.000000,0.064411,236398192.000000,1.237221,0,1
24,29,20,30,23,15,24,23,
416.000000,199.000000,0.059614,25194958.000000,0.179639,0,1
65,79,61,77,74,62,65,63,
537.000000,199.000000,0.064323,81646640.000000,0.585232,0,1
24,18,34,17,24,33,16,20,
618.000000,199.000000,0.067578,21580492.000000,0.692575,0,1
43,44,43,40,39,38,35,30,
415.000000,200.000000,0.060057,28928744.000000,0.283398,0,1
79,77,74,64,65,63,62,62,
416.000000,200.000000,0.059540,25054036.000000,0.281048,0,1
69,78,65,64,66,62,62,62,
575.000000,200.000000,0.079119,41055184.000000,0.817940,0,1
45,31,42,24,29,40,23,22,
610.000000,200.000000,0.064644,85124464.000000,1.035780,0,1
43,39,40,31,31,31,27,27,
617.000000,200.000000,0.066427,36853184.000000,1.078288,0,1
44,40,39,34,35,34,30,28,
727.000000,200.000000,0.080491,29092420.000000,1.524755,0,1
39,36,41,31,33,39,30,27,
240.000000,202.000000,0.063247,13708921.000000,0.994975,0,1
60,59,60,60,60,61,72,64,
262.000000,202.000000,0.063109,15780544.000000,0.884027,0,1
60,59,61,63,65,66,68,65,
267.000000,202.000000,0.062690,16856102.000000,0.542194,0,1
59,60,60,65,66,66,69,65,
200.000000,203.000000,0.062704,13816040.000000,1.197205,0,1
60,59,59,61,61,61,70,64,
253.000000,204.000000,0.062824,15912949.000000,0.929865,0,1
64,69,69,64,64,65,60,61,
696.000000,204.000000,0.075527,8372660.500000,1.466432,0,1
29,26,28,23,25,27,22,22,
582.000000,205.000000,0.081763,33993740.000000,0.630461,0,1
42,32,44,22,31,44,23,22,
597.000000,205.000000,0.093350,250951520.000000,0.999547,0,1
24,20,31,20,34,37,20,33,
148.000000,206.000000,0.060010,20773202.000000,1.448189,0,1
69,73,73,64,62,63,61,61,
525.000000,206.000000,0.067258,34652808.000000,0.412009,0,1
37,39,35,55,46,38,60,60,
584.000000,206.000000,0.083001,39013848.000000,0.651742,0,1
43,38,46,23,36,45,23,23,
529.000000,207.000000,0.070567,19696194.000000,0.438843,0,1
35,36,33,53,46,36,58,60,
536.000000,207.000000,0.068782,10420326.000000,0.384791,0,1
17,21,18,29,24,21,34,38,
526.000000,208.000000,0.068896,18971890.000000,0.579311,0,1
41,58,53,60,59,58,60,62,
652.000000,208.000000,0.119649,88358864.000000,1.567505,0,1
26,30,25,31,28,23,30,27,
535.000000,209.000000,0.071269,21299042.000000,0.463244,0,1
26,39,31,54,45,34,55,55,
588.000000,209.000000,0.083421,27929570.000000,0.674234,0,1
46,38,45,23,35,39,23,22,
597.000000,210.000000,0.091952,812930816.000000,1.004542,0,1
32,20,42,19,34,47,20,33,
285.000000,213.000000,0.075006,47272244.000000,0.873538,0,1
61,63,62,65,67,68,78,64,
199.000000,214.000000,0.075926,46920104.000000,1.343348,0,1
59,61,61,62,62,62,72,72,
205.000000,214.000000,0.075847,50893644.000000,1.313624,0,1
58,60,60,62,62,61,75,69,
220.000000,214.000000,0.075818,57819252.000000,1.220670,0,1
58,59,59,64,64,64,70,66,
235.000000,214.000000,0.075200,81147392.000000,1.143832,0,1
60,63,63,71,72,72,77,67,
249.000000,214.000000,0.074644,60947288.000000,1.055046,0,1
60,61,62,67,70,70,74,65,
167.000000,215.000000,0.075378,42215560.000000,1.519577,0,1
61,64,63,68,69,70,75,72,
173.000000,215.000000,0.075330,59461516.000000,1.484434,0,1
61,63,63,70,70,69,75,70,
189.000000,215.000000,0.074966,54566204.000000,1.392645,0,1
61,63,62,68,69,69,78,65,
273.000000,215.000000,0.074990,66632340.000000,0.521928,0,1
64,78,77,67,68,65,60,54,
541.000000,215.000000,0.077462,10739556.000000,0.528946,0,1
34,37,34,52,45,37,56,56,
545.000000,215.000000,0.081354,25212484.000000,0.850820,0,1
31,33,30,37,33,30,47,54,
613.000000,215.000000,0.088875,76964088.000000,0.839486,0,1
27,35,26,49,40,27,48,47,
127.000000,216.000000,0.075591,47264860.000000,1.758834,0,1
62,62,62,69,69,67,72,64,
201.000000,216.000000,0.075910,81336088.000000,1.331409,0,1
62,74,73,72,70,68,63,62,
212.000000,216.000000,0.075861,60027088.000000,1.269276,0,1
63,76,75,67,67,66,62,60,
216.000000,216.000000,0.075540,55364796.000000,1.244505,0,1
64,73,71,66,66,64,60,60,
236.000000,216.000000,0.075433,58081996.000000,1.133961,0,1
73,77,76,68,65,65,60,63,
240.000000,216.000000,0.075425,65720932.000000,1.112261,0,1
71,75,78,65,64,63,62,65,
250.000000,216.000000,0.074733,54698796.000000,1.067528,0,1
71,76,77,65,65,65,65,62,
270.000000,216.000000,0.074881,61992524.000000,0.954257,0,1
79,68,67,62,62,60,60,57,
543.000000,216.000000,0.080479,17856240.000000,0.719877,0,1
33,40,34,56,50,43,56,57,
145.000000,217.000000,0.076034,57997504.000000,1.658507,0,1
63,73,72,71,69,69,63,64,
159.000000,217.000000,0.075984,61840236.000000,1.575154,0,1
67,75,74,68,70,72,66,66,
166.000000,217.000000,0.075096,45724616.000000,1.532753,0,1
69,74,75,71,72,71,64,64,
170.000000,217.000000,0.074972,62104648.000000,1.501641,0,1
70,75,75,71,70,69,64,64,
181.000000,217.000000,0.075377,54456552.000000,1.442221,0,1
69,77,79,67,67,66,65,65,
599.000000,218.000000,0.090385,78500208.000000,0.810496,0,1
45,31,43,19,28,39,18,19,
551.000000,219.000000,0.083595,24461304.000000,0.585117,0,1
31,49,33,60,44,32,62,57,
660.000000,220.000000,0.122793,50588248.000000,1.498133,0,1
19,18,23,18,19,26,18,19,
447.000000,222.000000,0.084075,11997516.000000,0.461356,0,1
61,59,61,57,56,58,54,51,
567.000000,222.000000,0.088577,40878300.000000,0.878268,0,1
21,23,22,29,27,25,42,48,
623.000000,222.000000,0.092160,51227860.000000,0.934584,0,1
25,35,25,49,40,27,51,50,
722.000000,222.000000,0.079041,10235777.000000,1.542238,0,1
20,17,19,13,16,19,12,11,
278.000000,223.000000,0.083267,56650652.000000,0.974138,0,1
60,59,69,58,71,85,72,83,
568.000000,223.000000,0.088459,64213032.000000,1.031523,0,1
22,27,25,42,37,27,48,47,
625.000000,223.000000,0.092694,41636908.000000,0.951953,0,1
25,31,26,49,34,26,51,45,
308.000000,224.000000,0.082288,9662755.000000,0.820437,0,1
64,62,62,58,59,59,58,60,
328.000000,224.000000,0.083113,7145692.000000,0.730398,0,1
61,58,58,56,56,56,56,56,
524.000000,224.000000,0.091429,4002668.750000,0.836621,0,1
63,61,62,60,60,61,59,58,
191.000000,226.000000,0.084553,10981181.000000,1.479420,0,1
61,61,60,56,55,55,52,52,
446.000000,226.000000,0.090055,5680962.500000,0.495489,0,1
53,57,53,59,58,56,60,60,
660.000000,226.000000,0.122540,42562712.000000,1.506947,0,1
20,18,24,18,21,27,19,24,
451.000000,228.000000,0.092979,12540648.000000,0.399358,0,1
48,53,50,57,56,49,60,61,
260.000000,231.000000,0.094589,127302304.000000,1.157492,0,1
55,57,58,59,59,61,66,69,
268.000000,231.000000,0.092026,104863000.000000,1.095508,0,1
59,64,73,73,83,83,89,92,
456.000000,231.000000,0.095557,9938140.000000,0.819269,0,1
53,55,51,59,56,53,60,61,
220.000000,232.000000,0.094667,52351560.000000,1.392041,0,1
56,57,57,59,60,58,66,66,
231.000000,232.000000,0.094103,91312664.000000,1.319660,0,1
56,58,57,62,62,60,69,66,
198.000000,233.000000,0.094715,28282798.000000,1.534157,0,1
58,59,59,60,60,62,69,63,
461.000000,233.000000,0.099156,11701240.000000,0.574605,0,1
55,55,53,59,58,54,61,60,
626.000000,233.000000,0.100450,185004208.000000,1.238004,0,1
29,27,32,22,24,25,20,22,
163.000000,234.000000,0.094773,72374520.000000,1.747916,0,1
56,58,58,62,64,64,68,65,
159.000000,236.000000,0.094524,66574852.000000,1.772049,0,1
62,66,69,60,62,62,56,58,
98.000000,237.000000,0.095326,52995708.000000,2.175481,0,1
63,76,75,67,68,69,59,56,
115.000000,237.000000,0.095100,32527968.000000,0.844033,0,1
62,80,80,67,64,64,58,56,
135.000000,237.000000,0.094513,73744720.000000,1.926086,0,1
64,70,71,62,61,61,59,58,
136.000000,237.000000,0.094567,66819372.000000,1.920096,0,1
65,71,70,62,61,62,58,58,
263.000000,238.000000,0.099854,46568020.000000,0.872854,0,1
101,102,79,101,75,58,70,59,
596.000000,238.000000,0.104622,51055916.000000,1.128025,0,1
21,29,25,46,38,30,54,57,
255.000000,239.000000,0.101327,48071208.000000,0.927529,0,1
58,61,79,63,88,102,95,101,
599.000000,240.000000,0.105367,72172424.000000,1.150756,0,1
27,43,33,56,49,47,55,56,
477.000000,241.000000,0.106185,10092421.000000,0.889240,0,1
52,57,54,63,60,55,63,63,
608.000000,241.000000,0.107663,102696600.000000,1.207036,0,1
23,30,26,51,42,33,53,54,
616.000000,241.000000,0.109080,325352896.000000,1.253286,0,1
19,21,21,28,29,29,42,50,
624.000000,241.000000,0.108813,299736576.000000,1.292807,0,1
23,21,24,30,31,33,40,44,
481.000000,242.000000,0.108980,8480214.000000,0.903436,0,1
54,55,55,59,59,54,62,62,
247.000000,244.000000,0.106803,39285404.000000,1.053564,0,1
62,60,68,61,75,98,84,96,
651.000000,247.000000,0.120607,79102568.000000,1.663871,0,1
25,35,26,36,34,24,35,31,
495.000000,249.000000,0.109678,33562284.000000,0.984911,0,1
55,54,52,59,56,52,57,58,
661.000000,249.000000,0.120566,38776008.000000,1.248363,0,1
14,18,14,22,23,16,31,34,
499.000000,251.000000,0.114394,2253911.750000,1.031093,0,1
51,52,51,57,54,51,58,58,
129.000000,259.000000,0.118557,24753956.000000,2.205229,0,1
63,60,62,52,56,61,54,59,
205.000000,261.000000,0.123902,637398528.000000,1.632666,0,1
61,61,61,68,70,71,92,93,
215.000000,261.000000,0.123717,964423552.000000,1.571445,0,1
58,59,58,74,75,73,94,83,
222.000000,261.000000,0.123358,455527936.000000,1.524457,0,1
59,62,75,75,84,101,101,104,
151.000000,262.000000,0.125352,76717456.000000,1.470471,0,1
59,60,59,65,63,64,80,85,
156.000000,262.000000,0.125004,118613848.000000,1.060318,0,1
60,60,60,66,67,68,88,89,
166.000000,262.000000,0.124909,141917760.000000,1.025677,0,1
59,59,59,72,71,71,89,83,
169.000000,262.000000,0.124663,151396064.000000,1.013194,0,1
58,60,61,70,71,71,92,86,
181.000000,262.000000,0.124464,630699200.000000,1.789153,0,1
60,61,61,80,81,81,92,77,
185.000000,262.000000,0.124416,681480128.000000,1.764344,0,1
60,62,63,81,82,80,94,75,
126.000000,263.000000,0.125483,71193032.000000,1.591185,0,1
61,63,62,68,70,73,84,80,
136.000000,263.000000,0.125199,85789912.000000,1.130850,0,1
61,62,62,76,79,78,85,70,
169.000000,264.000000,0.124998,155960784.000000,1.020139,0,1
71,92,91,82,86,85,67,61,
183.000000,264.000000,0.125598,635149632.000000,1.810937,0,1
81,93,94,77,76,75,65,62,
185.000000,264.000000,0.125529,633474176.000000,1.797314,0,1
82,94,95,76,75,76,65,61,
192.000000,264.000000,0.125337,667120896.000000,1.751131,0,1
83,89,89,76,76,75,62,61,
208.000000,264.000000,0.125462,951162240.000000,1.659958,0,1
92,91,90,67,68,67,60,59,
124.000000,265.000000,0.126108,85662480.000000,1.186639,0,1
68,74,84,72,79,80,65,61,
151.000000,265.000000,0.125487,96534544.000000,1.087020,0,1
82,84,86,70,69,68,61,60,
154.000000,265.000000,0.125493,128306832.000000,1.077064,0,1
88,89,90,69,68,66,61,60,
160.000000,265.000000,0.125521,128324992.000000,1.057395,0,1
86,85,83,66,67,68,58,57,
224.000000,265.000000,0.128448,83991472.000000,1.635178,0,1
101,101,89,105,86,60,78,59,
223.000000,266.000000,0.131209,27243228.000000,1.706289,0,1
101,105,86,102,78,58,68,58,
206.000000,271.000000,0.137789,20606056.000000,1.046322,0,1
59,59,67,60,77,102,87,100,
214.000000,272.000000,0.138739,30011650.000000,1.275102,0,1
103,101,85,98,77,59,68,56,
216.000000,272.000000,0.138159,25657080.000000,1.263055,0,1
92,85,60,77,59,57,58,56,
197.000000,277.000000,0.143672,16500391.000000,1.159762,0,1
60,59,71,62,82,101,89,101,
204.000000,279.000000,0.146820,16937680.000000,1.174203,0,1
99,100,79,99,72,57,65,57,
202.000000,280.000000,0.146601,20786124.000000,1.185822,0,1
101,102,89,98,81,58,73,58,
183.000000,286.000000,0.150767,27365268.000000,1.324295,0,1
61,61,67,60,72,93,74,86,
191.000000,286.000000,0.149985,106812504.000000,2.025806,0,1
97,100,99,93,93,86,78,70,
177.000000,296.000000,0.161383,17228492.000000,1.616646,0,1
74,80,77,89,84,70,85,62,
233.000000,259.000000,0.121310,83301464.000000,1.416305,0,1
98,100,81,99,74,58,69,59,
607.000000,241.000000,0.107235,106595392.000000,1.200287,0,1
24,33,27,50,47,36,54,55,
260.000000,240.000000,0.102502,49692032.000000,0.925247,0,1
100,99,84,97,78,58,73,59,
470.000000,237.000000,0.101817,16248597.000000,0.850750,0,1
55,51,50,58,55,51,59,60,
737.000000,46.000000,0.025847,1388737792.000000,0.535103,0,1
93,86,84,54,55,55,27,17,
760.000000,46.000000,0.025802,611591552.000000,0.321744,0,1
94,83,83,48,43,40,20,19,
612.000000,53.000000,0.020002,1334530304.000000,0.520344,0,1
74,67,45,60,35,22,41,21,
227.000000,214.000000,0.075965,47025288.000000,1.183903,0,1
56,57,59,64,66,69,71,68,
604.000000,61.000000,0.018951,1675404160.000000,0.388273,0,1
64,70,44,70,43,26,36,21,
642.000000,66.000000,0.025690,1211322752.000000,0.669907,0,1
27,37,21,39,27,27,36,26,
574.000000,78.000000,0.018446,4990618624.000000,0.201996,0,1
51,82,35,92,62,31,90,68,
519.000000,84.000000,0.000156,523859392.000000,0.003543,0,1
79,80,81,84,86,90,94,99,
520.000000,84.000000,0.000200,519547008.000000,0.004466,0,1
79,81,83,85,89,91,95,100,
499.000000,95.000000,0.003769,529234976.000000,0.041898,0,1
117,118,120,118,110,115,110,80,
436.000000,97.000000,0.000526,132308272.000000,0.003486,0,1
79,79,84,83,86,90,93,101,
410.000000,186.000000,0.047026,31285426.000000,0.198430,0,1
59,60,59,64,67,59,75,79,
532.000000,182.000000,0.064207,335220768.000000,0.524578,0,1
54,55,36,52,50,25,48,45,
103.000000,102.000000,0.012898,1935028096.000000,0.568316,0,1
61,58,58,52,45,44,32,28,
135.000000,102.000000,0.012846,2420676864.000000,0.505975,0,1
63,55,62,35,46,63,38,50,
72.000000,180.000000,0.032188,638468672.000000,1.265120,0,1
38,36,44,43,47,49,53,56,
159.000000,102.000000,0.012422,911063104.000000,0.448680,0,1
64,63,63,57,54,58,43,27,
548.000000,102.000000,0.014575,36948784.000000,0.257887,0,1
33,36,34,31,32,24,26,31,
104.000000,178.000000,0.034129,9687709.000000,1.251794,0,1
27,30,31,39,40,42,53,52,
93.000000,103.000000,0.013098,4406354944.000000,0.595059,0,1
51,44,40,42,33,30,39,31,
119.000000,103.000000,0.012922,4387098112.000000,0.538502,0,1
59,58,44,47,49,27,55,51,
533.000000,175.000000,0.064706,410252416.000000,0.383152,0,1
29,50,23,55,35,20,54,37,
495.000000,103.000000,0.008226,22032258.000000,0.023106,0,1
148,143,139,130,119,92,85,36,
445.000000,171.000000,0.030402,5610264.500000,0.076981,0,1
60,74,61,69,68,60,62,59,
496.000000,104.000000,0.009752,55252504.000000,0.029888,0,1
139,119,92,85,52,44,36,31,
61.000000,105.000000,0.012935,5655712768.000000,0.651148,0,1
42,27,45,24,37,48,28,36,
323.000000,169.000000,0.027922,24170338.000000,0.098837,0,1
23,24,24,39,40,41,56,72,
429.000000,168.000000,0.028553,14288700.000000,0.079952,0,1
43,48,48,52,53,53,57,61,
422.000000,168.000000,0.028382,14525640.000000,0.081680,0,1
42,48,47,52,52,53,57,60,
413.000000,167.000000,0.028051,15228712.000000,0.087936,0,1
40,41,35,47,46,40,53,57,
505.000000,166.000000,0.027456,29866518.000000,0.152742,0,1
21,18,20,29,30,31,48,55,
327.000000,166.000000,0.020232,87242952.000000,0.130963,0,1
45,34,46,22,38,44,27,36,
260.000000,109.000000,0.006390,1442012928.000000,0.151854,0,1
69,41,70,32,48,60,34,33,
674.000000,160.000000,0.030806,1468902784.000000,0.807495,0,1
19,11,24,10,18,27,14,20,
403.000000,110.000000,0.002634,20476548.000000,0.002956,0,1
159,95,154,112,107,140,56,76,
714.000000,110.000000,0.035083,1185820160.000000,0.962319,0,1
19,26,16,28,20,14,26,21,
467.000000,111.000000,0.002131,164242464.000000,0.014593,0,1
102,95,97,87,81,92,57,64,
342.000000,160.000000,0.027657,11964092.000000,0.257960,0,1
26,25,25,33,33,34,45,47,
264.000000,112.000000,0.006235,2749169920.000000,0.144435,0,1
55,45,63,41,51,73,55,57,
82.000000,159.000000,0.030883,93968912.000000,1.185078,0,1
27,36,37,47,48,50,57,59,
79.000000,159.000000,0.031638,67398368.000000,1.216188,0,1
26,36,36,47,48,48,58,63,
674.000000,114.000000,0.030968,1865084288.000000,0.807201,0,1
16,10,23,8,17,28,11,17,
577.000000,115.000000,0.020876,174048736.000000,0.411562,0,1
21,15,20,10,15,19,9,15,
165.000000,116.000000,0.012011,1227042560.000000,0.423396,0,1
28,25,42,35,36,41,51,61,
496.000000,156.000000,0.029422,3815454.000000,0.202844,0,1
22,20,20,23,23,23,30,31,
397.000000,156.000000,0.027979,6629511.500000,0.100693,0,1
48,46,44,36,36,35,31,31,
287.000000,156.000000,0.028096,271153440.000000,0.240245,0,1
63,63,47,74,72,40,52,40,
750.000000,155.000000,0.039244,2258340352.000000,1.106015,0,1
18,12,23,12,19,27,17,18,
336.000000,119.000000,0.005394,1050959936.000000,0.070104,0,1
91,88,54,92,71,48,62,45,
391.000000,119.000000,0.004256,106222544.000000,0.025000,0,1
90,84,77,73,65,70,56,48,
210.000000,120.000000,0.009644,4976831488.000000,0.286209,0,1
50,31,58,26,50,56,40,58,
318.000000,120.000000,0.001448,786261760.000000,0.023670,0,1
90,71,87,38,47,80,36,38,
714.000000,120.000000,0.035049,1041968512.000000,0.960288,0,1
21,26,17,28,21,15,26,22,
295.000000,124.000000,0.001589,3172785920.000000,0.031299,0,1
69,75,42,78,55,32,68,55,
750.000000,149.000000,0.039371,1591704064.000000,1.107025,0,1
16,11,20,9,17,24,11,17,
264.000000,126.000000,0.006839,1380898432.000000,0.155560,0,1
44,55,28,51,46,30,59,59,
423.000000,147.000000,0.012602,2474155.000000,0.018991,0,1
35,34,43,41,43,47,49,51,
706.000000,144.000000,0.034380,1030624832.000000,0.933245,0,1
13,12,15,13,13,21,17,15,
674.000000,137.000000,0.030821,2175770368.000000,0.802993,0,1
18,11,24,10,19,28,12,20,
430.000000,131.000000,0.005052,5511310.000000,0.007976,0,1
31,40,37,45,45,33,49,29,
421.000000,134.000000,0.003507,5227326.500000,0.005285,0,1
50,52,49,33,36,35,27,26,
240.000000,254.000000,0.116298,79393712.000000,1.447214,0,1
83,85,78,90,76,61,73,58,
508.000000,34.000000,0.000009,341972448.000000,0.000247,0,1
124,124,123,123,121,119,119,118,
636.000000,239.000000,0.106521,56174100.000000,1.256021,0,1
13,21,15,31,27,20,38,41,
436.000000,146.000000,0.024996,810562.687500,0.037669,0,1
29,27,26,35,35,35,47,50,
442.000000,146.000000,0.028415,1081204.750000,0.042963,0,1
29,27,29,36,36,37,47,50,
345.000000,95.000000,0.005660,555778816.000000,0.073044,0,1
82,81,72,83,67,60,72,60,
502.000000,97.000000,0.004257,1824552704.000000,0.047825,0,1
125,94,133,72,118,142,100,135,
345.000000,100.000000,0.006221,1059563776.000000,0.077793,0,1
64,69,45,67,46,39,48,39,
354.000000,103.000000,0.004480,571745536.000000,0.051375,0,1
83,69,87,47,70,83,62,74,
345.000000,169.000000,0.028372,26000126.000000,0.261178,0,1
42,46,47,56,54,55,62,63,
318.000000,169.000000,0.028261,30078804.000000,0.190684,0,1
21,21,22,36,36,38,53,60,
296.000000,169.000000,0.027322,81059640.000000,0.397111,0,1
20,27,24,36,37,34,53,60,
423.000000,120.000000,0.001150,18403836.000000,0.003421,0,1
64,71,57,69,60,52,66,61,
354.000000,120.000000,0.004588,145386208.000000,0.048697,0,1
57,37,51,28,39,40,28,34,
344.000000,120.000000,0.004786,168032912.000000,0.028418,0,1
42,49,33,69,35,33,35,32,
345.000000,108.000000,0.005927,693283008.000000,0.071860,0,1
36,56,30,72,52,37,62,52,
317.000000,165.000000,0.020988,14551028.000000,0.148437,0,1
44,44,45,35,34,34,21,20,
300.000000,111.000000,0.007055,209809744.000000,0.031793,0,1
72,78,56,80,67,48,75,64,
304.000000,111.000000,0.007485,197368960.000000,0.032618,0,1
66,59,73,48,65,83,53,66,
304.000000,113.000000,0.007272,229365440.000000,0.031584,0,1
65,53,78,45,66,84,54,65,
300.000000,116.000000,0.006748,349398720.000000,0.030166,0,1
64,78,47,82,67,49,81,68,
359.000000,116.000000,0.004726,92266552.000000,0.011431,0,1
90,60,78,41,67,50,35,46,
