# timestamp
1608635288669178368

# fx, fy, cx, cy, width, height, npoints
501.494110,501.474945,421.769714,167.670624,800,400,390

# camToWorld: translation vector, rotation quaternion
-14.806266,53.851838,4.266734,-0.719547,-0.033089,0.057988,0.691227

# Exposure time (ms)
11.588114

# Point Cloud Data : 
# u,v,idepth_scaled,idepth_hessian,maxRelBaseline,numGoodRes,status 
# color information 
709.000000,79.000000,0.318317,882637.750000,1.886570,0,1
35,38,37,31,31,32,21,17,
756.000000,149.000000,0.144046,1388762112.000000,1.620396,0,1
255,233,255,130,166,202,81,70,
755.000000,154.000000,0.146589,19970266.000000,1.628676,0,1
60,54,56,47,50,53,45,44,
759.000000,154.000000,0.147202,16891106.000000,1.353011,0,1
67,59,62,53,56,58,49,47,
80.000000,161.000000,0.026468,7711168000.000000,0.440092,0,1
58,54,147,43,146,255,90,177,
674.000000,64.000000,0.355853,417298.750000,1.760576,0,1
17,16,16,19,18,19,22,24,
632.000000,66.000000,0.385492,422069.500000,1.514878,0,1
12,11,13,11,13,15,13,18,
353.000000,86.000000,0.331171,1150461.000000,1.286546,0,1
20,35,40,29,37,39,15,13,
744.000000,90.000000,0.156489,18725616.000000,0.419071,0,1
31,48,73,111,136,159,202,250,
727.000000,147.000000,0.140101,13016507.000000,1.469137,0,1
53,46,51,40,44,48,39,40,
741.000000,147.000000,0.138144,527306400.000000,1.524549,0,1
219,115,152,64,72,86,57,53,
752.000000,148.000000,0.142368,1733451776.000000,1.594141,0,1
255,243,255,136,176,212,82,68,
530.000000,168.000000,0.051030,1551845632.000000,0.287525,0,1
76,172,38,248,117,30,235,109,
52.000000,189.000000,0.094179,1868096256.000000,2.415369,0,1
26,57,24,80,45,15,53,33,
54.000000,227.000000,0.094118,140006592.000000,4.638216,0,1
16,21,14,25,19,11,20,18,
416.000000,228.000000,0.032360,4232725.500000,0.336786,0,1
30,29,30,28,29,30,27,27,
742.000000,287.000000,0.160469,9979433.000000,1.803594,0,1
31,38,34,45,41,37,48,51,
594.000000,80.000000,0.331225,2664909.750000,1.604918,0,1
16,19,16,21,16,11,16,13,
686.000000,81.000000,0.128442,21783816.000000,0.608417,0,1
67,74,53,65,33,22,20,18,
356.000000,82.000000,0.199901,272938.843750,0.354505,0,1
14,14,14,15,15,15,16,19,
484.000000,82.000000,0.221372,1723833.000000,0.631233,0,1
16,16,18,17,22,20,22,21,
547.000000,82.000000,0.334691,33189060.000000,1.247949,0,1
29,39,24,49,34,21,42,28,
417.000000,83.000000,0.242928,2066133.375000,0.366109,0,1
15,16,15,16,22,17,21,19,
425.000000,83.000000,0.254110,1407367.375000,0.496125,0,1
13,14,16,16,21,17,17,16,
427.000000,83.000000,0.311813,1799674.625000,0.507334,0,1
12,16,12,21,17,13,22,13,
442.000000,83.000000,0.326034,2441103.500000,0.538362,0,1
16,16,18,16,24,18,20,17,
450.000000,83.000000,0.327734,1973410.500000,0.655971,0,1
16,16,19,16,21,20,16,15,
458.000000,83.000000,0.325800,2814235.500000,0.598365,0,1
15,16,19,17,21,23,18,19,
502.000000,83.000000,0.323740,1032291.937500,0.848187,0,1
19,23,18,23,20,17,18,15,
410.000000,84.000000,0.333641,1579365.750000,0.513954,0,1
16,20,16,25,21,16,24,15,
426.000000,84.000000,0.320278,1269593.500000,0.506088,0,1
16,21,17,17,22,14,16,13,
427.000000,84.000000,0.322738,1396073.250000,0.504098,0,1
14,23,13,23,16,14,16,13,
441.000000,84.000000,0.326598,2277652.000000,0.546770,0,1
16,16,24,16,20,24,13,10,
460.000000,84.000000,0.326191,1770062.000000,0.602315,0,1
20,25,18,22,22,16,19,16,
468.000000,84.000000,0.325629,1301020.500000,0.641449,0,1
21,24,19,20,21,17,18,14,
476.000000,84.000000,0.321798,1013806.562500,0.675344,0,1
22,24,20,18,21,16,17,15,
484.000000,84.000000,0.326928,1083555.250000,0.741843,0,1
22,22,25,17,21,17,16,14,
672.000000,84.000000,0.136360,44164924.000000,0.889848,0,1
57,79,75,71,52,32,23,19,
374.000000,85.000000,0.337940,592350.687500,0.642636,0,1
17,16,21,16,21,22,14,13,
382.000000,85.000000,0.309825,498367.437500,0.606363,0,1
17,16,22,15,18,24,14,14,
391.000000,85.000000,0.332318,803501.875000,0.547498,0,1
18,18,24,15,22,20,15,14,
417.000000,85.000000,0.343119,1133941.250000,0.528242,0,1
22,21,21,16,19,15,14,14,
450.000000,85.000000,0.331410,2081520.000000,0.566875,0,1
21,16,24,12,15,13,11,12,
636.000000,85.000000,0.093839,51374232.000000,0.897598,0,1
42,38,47,37,43,56,40,41,
668.000000,85.000000,0.124902,50916632.000000,0.779908,0,1
58,73,76,74,46,27,22,19,
357.000000,86.000000,0.331543,862410.750000,0.870080,0,1
17,34,23,39,29,22,14,13,
546.000000,86.000000,0.337814,48901744.000000,1.246959,0,1
40,51,26,56,34,17,40,20,
342.000000,87.000000,0.354269,97397.906250,0.778022,0,1
17,19,14,12,14,12,12,12,
545.000000,88.000000,0.338227,37351168.000000,1.234480,0,1
48,52,26,54,33,17,35,18,
629.000000,89.000000,0.119248,5851823.500000,0.981781,0,1
35,35,36,30,30,31,23,22,
532.000000,90.000000,0.334072,6722006.500000,1.103889,0,1
30,26,33,20,28,34,20,20,
531.000000,91.000000,0.330195,6599765.000000,1.073477,0,1
26,20,28,15,20,28,15,15,
542.000000,91.000000,0.338811,11413020.000000,1.203219,0,1
52,46,35,43,34,18,31,17,
272.000000,92.000000,0.316558,1489809.625000,1.506700,0,1
20,17,16,12,14,13,10,10,
534.000000,92.000000,0.332465,7055480.500000,1.101064,0,1
34,28,34,20,26,32,18,15,
622.000000,96.000000,0.106846,34649056.000000,0.905383,0,1
25,29,31,22,19,17,14,13,
636.000000,108.000000,0.094351,828655744.000000,0.878081,0,1
26,28,36,39,54,100,63,53,
637.000000,110.000000,0.094008,3078491136.000000,0.669165,0,1
68,70,204,47,92,250,53,93,
620.000000,111.000000,0.094481,81703648.000000,0.822647,0,1
27,22,30,18,31,26,24,33,
628.000000,112.000000,0.092548,525526560.000000,0.829745,0,1
43,50,71,56,86,92,82,99,
620.000000,118.000000,0.094162,600148032.000000,0.816341,0,1
35,26,44,19,41,49,27,48,
638.000000,118.000000,0.093892,1877569408.000000,0.334105,0,1
186,99,255,59,203,255,113,208,
637.000000,119.000000,0.094190,6289220096.000000,0.868814,0,1
99,59,203,51,113,255,58,109,
608.000000,124.000000,0.098115,3614811.750000,0.773484,0,1
30,28,31,25,27,28,19,18,
647.000000,125.000000,0.099135,1189713408.000000,0.946399,0,1
255,245,247,87,135,188,66,56,
490.000000,126.000000,0.021901,658726.562500,0.086531,0,1
25,24,23,30,29,29,32,34,
638.000000,126.000000,0.094032,2366072320.000000,0.886323,0,1
118,60,121,36,76,81,45,53,
650.000000,126.000000,0.100457,1066446464.000000,0.965575,0,1
248,188,203,71,80,116,58,51,
653.000000,126.000000,0.100786,2096492160.000000,0.977842,0,1
255,222,247,90,158,210,64,55,
552.000000,128.000000,0.058069,55013044.000000,0.388818,0,1
15,15,21,19,34,44,27,24,
632.000000,130.000000,0.091853,1368088704.000000,0.849379,0,1
64,85,51,99,71,38,85,66,
671.000000,130.000000,0.108453,2135262080.000000,1.085272,0,1
255,226,255,115,148,195,71,59,
620.000000,132.000000,0.093646,2203804928.000000,0.806068,0,1
51,29,81,22,57,106,29,59,
629.000000,132.000000,0.092283,684869248.000000,0.838036,0,1
106,115,99,120,107,81,110,94,
679.000000,132.000000,0.112011,1962751744.000000,1.134565,0,1
255,206,251,93,117,165,63,54,
629.000000,133.000000,0.092100,788758016.000000,0.836948,0,1
110,115,96,117,101,76,103,88,
632.000000,133.000000,0.091617,1410539264.000000,0.847383,0,1
68,81,48,90,61,35,71,53,
664.000000,133.000000,0.116708,33021472.000000,1.101541,0,1
56,45,49,38,40,42,36,34,
678.000000,133.000000,0.112177,1171228544.000000,1.132471,0,1
206,93,117,58,63,74,51,44,
620.000000,135.000000,0.093616,2686199040.000000,0.805229,0,1
58,29,92,19,59,114,29,59,
348.000000,136.000000,0.034390,2170437.750000,0.502704,0,1
36,36,37,36,38,41,38,38,
702.000000,137.000000,0.121046,2142867456.000000,1.268309,0,1
255,235,251,109,177,219,68,58,
405.000000,139.000000,0.035380,19382392.000000,0.239808,0,1
57,59,62,64,68,70,75,110,
406.000000,139.000000,0.036063,19111340.000000,0.238554,0,1
58,60,64,66,69,71,77,114,
417.000000,139.000000,0.038633,15107281.000000,0.200979,0,1
62,66,66,73,76,76,86,147,
506.000000,139.000000,0.021650,5571610.500000,0.110841,0,1
34,36,36,47,49,49,103,249,
713.000000,139.000000,0.123692,49336144.000000,0.493342,0,1
255,253,255,173,211,236,83,63,
108.000000,140.000000,0.054761,6059758.500000,1.500746,0,1
8,9,9,14,12,9,15,16,
529.000000,140.000000,0.050973,447093472.000000,0.277054,0,1
30,59,34,137,114,35,234,228,
542.000000,140.000000,0.055391,719973440.000000,0.333313,0,1
27,25,59,22,57,105,29,82,
632.000000,140.000000,0.090730,453437344.000000,0.842197,0,1
43,49,31,54,37,26,43,33,
668.000000,140.000000,0.117426,3779983.000000,1.120709,0,1
29,28,28,26,26,27,25,24,
699.000000,140.000000,0.124764,33554532.000000,1.280880,0,1
58,46,53,37,44,50,35,33,
411.000000,141.000000,0.034251,277863.218750,0.006437,0,1
74,83,84,124,130,135,255,255,
626.000000,141.000000,0.091168,382817248.000000,0.818920,0,1
89,92,77,94,79,65,81,69,
392.000000,142.000000,0.156961,600878.250000,0.236551,0,1
65,79,73,175,115,116,251,255,
722.000000,142.000000,0.129901,892922368.000000,1.401696,0,1
255,189,223,73,112,157,58,51,
522.000000,147.000000,0.023964,135494864.000000,0.036115,0,1
188,251,176,255,224,168,253,231,
620.000000,147.000000,0.094199,776891904.000000,0.807774,0,1
46,27,61,24,43,67,26,39,
626.000000,147.000000,0.090250,237953152.000000,0.815116,0,1
63,64,53,64,55,44,57,50,
529.000000,148.000000,0.049891,494140992.000000,0.140998,0,1
206,254,93,253,133,38,125,44,
158.000000,149.000000,0.027754,77755112.000000,0.776241,0,1
11,14,12,40,28,20,34,14,
181.000000,149.000000,0.025313,276943968.000000,0.644652,0,1
13,17,20,23,33,40,25,27,
204.000000,149.000000,0.052889,112028520.000000,0.100315,0,1
21,49,34,201,178,74,242,253,
146.000000,150.000000,0.024023,1268106624.000000,0.716848,0,1
12,19,21,28,25,39,13,13,
188.000000,150.000000,0.025640,1832909312.000000,0.113909,0,1
31,49,91,41,129,201,80,146,
581.000000,150.000000,0.037881,780294848.000000,0.124015,0,1
60,51,102,62,65,135,65,69,
596.000000,150.000000,0.032871,65285900.000000,0.375967,0,1
24,35,33,41,49,48,65,78,
124.000000,151.000000,0.030446,7784558080.000000,0.936066,0,1
61,63,230,21,169,219,19,11,
136.000000,152.000000,0.024733,4273875456.000000,0.763216,0,1
14,17,22,8,9,9,8,8,
306.000000,152.000000,0.027976,15272340480.000000,0.622260,0,1
205,255,98,247,165,43,202,146,
393.000000,153.000000,0.018674,15402500.000000,0.028143,0,1
255,226,239,231,202,216,201,217,
449.000000,153.000000,0.029027,2462254.000000,0.013969,0,1
201,196,200,219,209,242,255,255,
559.000000,153.000000,0.024559,467554464.000000,0.144223,0,1
87,90,125,78,108,122,103,133,
574.000000,153.000000,0.027293,310987200.000000,0.175658,0,1
44,36,79,43,53,88,42,60,
81.000000,155.000000,0.027099,9537901568.000000,1.000109,0,1
29,35,56,59,152,123,167,145,
372.000000,155.000000,0.020675,15141174.000000,0.031158,0,1
255,231,254,198,222,245,234,255,
549.000000,155.000000,0.023705,1858742016.000000,0.202206,0,1
183,241,157,184,182,120,178,171,
600.000000,155.000000,0.033243,424110432.000000,0.120534,0,1
64,92,51,102,80,45,104,86,
358.000000,156.000000,0.021290,11621347.000000,0.032319,0,1
182,221,220,250,232,243,255,255,
574.000000,156.000000,0.027353,304555104.000000,0.113708,0,1
55,46,95,68,73,106,74,93,
268.000000,158.000000,0.037803,10605750272.000000,0.999136,0,1
198,255,81,217,136,35,135,164,
307.000000,158.000000,0.027888,695952064.000000,0.060517,0,1
99,230,43,254,120,42,187,79,
608.000000,158.000000,0.034025,64122260.000000,0.436133,0,1
24,26,34,39,34,49,57,60,
610.000000,158.000000,0.034042,59969624.000000,0.428656,0,1
37,34,40,34,49,45,65,76,
181.000000,159.000000,0.024329,437147008.000000,0.625370,0,1
43,43,52,43,50,62,50,55,
473.000000,159.000000,0.027237,12904773.000000,0.041075,0,1
250,224,254,184,235,255,209,226,
188.000000,160.000000,0.023538,16081441792.000000,0.590757,0,1
145,108,199,90,136,194,97,58,
528.000000,160.000000,0.049272,736118720.000000,0.268947,0,1
44,86,38,138,73,30,171,173,
571.000000,160.000000,0.031076,101810704.000000,0.209334,0,1
84,80,94,84,96,109,68,72,
223.000000,161.000000,0.033842,176976432.000000,0.668429,0,1
247,110,150,37,50,60,25,22,
561.000000,161.000000,0.025809,78703752.000000,0.153590,0,1
139,132,101,131,129,90,167,154,
331.000000,162.000000,0.019629,8818185.000000,0.030554,0,1
167,176,183,216,218,228,253,255,
366.000000,162.000000,0.016272,6858847.000000,0.024522,0,1
255,255,255,231,223,227,159,140,
91.000000,163.000000,0.026537,20416372736.000000,0.951684,0,1
95,173,27,147,59,22,38,27,
354.000000,163.000000,0.025220,12831468.000000,0.041400,0,1
255,254,240,255,199,182,249,249,
144.000000,164.000000,0.026699,83833256.000000,0.785386,0,1
17,14,19,11,18,20,14,17,
463.000000,164.000000,0.018901,215710816.000000,0.041285,0,1
181,241,157,255,180,199,244,183,
181.000000,165.000000,0.046440,217404688.000000,1.883436,0,1
55,51,40,49,29,15,31,14,
611.000000,166.000000,0.035286,68075200.000000,0.136855,0,1
68,59,52,71,77,61,90,100,
116.000000,167.000000,0.027214,99187320.000000,0.888426,0,1
25,25,20,26,22,15,17,12,
307.000000,167.000000,0.028198,16648082432.000000,0.624749,0,1
114,186,39,231,116,35,223,124,
313.000000,167.000000,0.027013,1864213888.000000,0.143269,0,1
161,72,252,40,167,244,62,127,
483.000000,167.000000,0.026956,13023372.000000,0.040624,0,1
255,255,255,193,255,255,249,255,
616.000000,167.000000,0.090235,762447488.000000,0.762270,0,1
31,49,29,75,34,27,59,36,
114.000000,168.000000,0.026992,51904040.000000,0.888399,0,1
26,23,25,18,18,15,14,13,
178.000000,168.000000,0.045689,1757072896.000000,1.005717,0,1
62,63,44,32,35,17,13,17,
236.000000,168.000000,0.043869,1528864128.000000,1.338463,0,1
62,55,56,25,37,30,25,28,
480.000000,168.000000,0.025890,14578203.000000,0.039279,0,1
215,190,193,255,214,249,255,253,
615.000000,168.000000,0.089952,1031834688.000000,0.776273,0,1
49,75,34,86,59,29,76,56,
202.000000,169.000000,0.044437,1171275776.000000,0.886281,0,1
16,81,17,120,122,17,94,20,
347.000000,169.000000,0.020510,37539880.000000,0.030922,0,1
234,208,255,169,193,255,229,255,
360.000000,169.000000,0.020662,37943000.000000,0.034981,0,1
228,252,191,255,190,197,248,254,
440.000000,169.000000,0.023503,27103640.000000,0.028583,0,1
191,156,166,240,224,243,255,255,
157.000000,170.000000,0.027436,163038800.000000,0.763749,0,1
17,22,13,25,18,11,23,19,
203.000000,170.000000,0.044683,2141051520.000000,0.884945,0,1
17,122,17,94,30,13,20,12,
220.000000,170.000000,0.050502,68699872.000000,1.587515,0,1
27,25,23,24,25,17,24,23,
340.000000,170.000000,0.019627,14670282.000000,0.030701,0,1
255,236,217,252,213,228,244,254,
396.000000,170.000000,0.028682,86835856.000000,0.129508,0,1
179,176,190,217,201,216,255,241,
409.000000,170.000000,0.025315,8866128.000000,0.040000,0,1
177,163,198,218,216,253,255,253,
496.000000,171.000000,0.017630,5172387.500000,0.028712,0,1
255,255,255,248,244,239,236,229,
284.000000,172.000000,0.020202,184208640.000000,0.044627,0,1
181,140,232,136,175,255,197,254,
484.000000,172.000000,0.022529,20606726.000000,0.065093,0,1
255,242,254,217,233,236,223,204,
502.000000,172.000000,0.023130,317702944.000000,0.115618,0,1
255,240,246,210,215,220,196,189,
512.000000,172.000000,0.026802,488928032.000000,0.149661,0,1
255,239,247,207,210,223,178,165,
307.000000,173.000000,0.027469,3754967808.000000,0.338955,0,1
136,251,54,255,182,33,229,129,
616.000000,173.000000,0.088494,581990272.000000,0.780910,0,1
35,58,29,83,35,26,53,34,
164.000000,174.000000,0.025597,322567456.000000,0.702447,0,1
33,25,31,17,23,18,17,15,
413.000000,174.000000,0.022664,19941606.000000,0.035408,0,1
255,255,255,230,241,239,200,205,
420.000000,174.000000,0.023510,146215808.000000,0.152708,0,1
255,252,230,237,231,216,209,202,
307.000000,175.000000,0.027456,2658456064.000000,0.338946,0,1
182,229,50,191,129,48,155,123,
314.000000,175.000000,0.027431,2482778880.000000,0.320641,0,1
217,90,216,56,130,169,92,114,
315.000000,175.000000,0.027448,1758523904.000000,0.318271,0,1
255,173,216,85,158,174,117,128,
362.000000,175.000000,0.022116,435687072.000000,0.322319,0,1
251,228,242,207,212,226,181,178,
378.000000,175.000000,0.025067,223831456.000000,0.294240,0,1
243,235,210,217,206,200,199,196,
420.000000,175.000000,0.026376,107888032.000000,0.166247,0,1
243,241,213,213,199,189,211,212,
443.000000,175.000000,0.028043,99767488.000000,0.112775,0,1
223,204,198,202,194,191,207,196,
244.000000,176.000000,0.041763,719780864.000000,1.243335,0,1
33,29,39,23,32,41,24,23,
390.000000,178.000000,0.030897,16158766.000000,0.159372,0,1
190,197,176,224,218,182,214,189,
412.000000,179.000000,0.029696,67681632.000000,0.212743,0,1
236,246,233,224,218,199,203,203,
440.000000,179.000000,0.032583,32079526.000000,0.142652,0,1
200,200,212,178,188,203,183,175,
463.000000,179.000000,0.034955,90348120.000000,0.099599,0,1
231,229,218,226,207,200,184,167,
474.000000,179.000000,0.035690,41035684.000000,0.093248,0,1
239,235,238,209,207,209,162,151,
485.000000,179.000000,0.018658,30694528.000000,0.029659,0,1
253,208,255,198,240,243,184,193,
505.000000,179.000000,0.029411,488402304.000000,0.153352,0,1
150,140,123,133,120,103,93,74,
432.000000,180.000000,0.027362,105011080.000000,0.147901,0,1
176,160,178,170,175,188,159,172,
458.000000,180.000000,0.036355,154331904.000000,0.124480,0,1
235,236,230,198,200,192,184,186,
496.000000,180.000000,0.029770,405599808.000000,0.138584,0,1
202,196,182,165,150,142,139,131,
500.000000,180.000000,0.029643,383911488.000000,0.146148,0,1
176,163,148,142,118,100,101,102,
331.000000,181.000000,0.032758,718568768.000000,0.577059,0,1
187,161,159,137,137,136,100,92,
338.000000,181.000000,0.033105,491703808.000000,0.305895,0,1
197,167,167,137,140,143,105,103,
351.000000,181.000000,0.032868,546299264.000000,0.481904,0,1
220,179,202,156,170,182,124,113,
364.000000,181.000000,0.030326,244435056.000000,0.404185,0,1
201,177,188,154,174,182,138,135,
395.000000,181.000000,0.030882,61248184.000000,0.154545,0,1
174,169,163,163,154,147,138,129,
83.000000,182.000000,0.026779,1646701056.000000,0.441893,0,1
43,33,36,39,69,76,75,116,
84.000000,182.000000,0.026703,772669632.000000,0.439443,0,1
44,36,35,53,76,66,105,129,
152.000000,182.000000,0.045483,228651584.000000,1.120399,0,1
29,31,22,28,18,11,16,13,
293.000000,182.000000,0.033617,73464544.000000,0.454404,0,1
173,152,163,119,124,124,99,96,
294.000000,182.000000,0.033764,73441048.000000,0.463504,0,1
182,158,164,119,126,120,99,99,
301.000000,182.000000,0.037148,29228636.000000,0.123958,0,1
168,148,144,114,114,114,92,99,
317.000000,182.000000,0.032027,724328064.000000,0.638651,0,1
132,119,112,94,94,88,78,70,
330.000000,182.000000,0.032260,306800800.000000,0.577486,0,1
161,137,137,98,100,101,86,88,
342.000000,182.000000,0.031199,546822720.000000,0.507198,0,1
163,145,145,110,111,106,105,97,
346.000000,182.000000,0.031087,315847424.000000,0.487677,0,1
161,136,154,106,113,122,98,95,
354.000000,182.000000,0.033839,540807488.000000,0.479254,0,1
194,182,168,143,146,143,120,115,
357.000000,182.000000,0.032910,511509024.000000,0.455889,0,1
182,169,171,141,144,135,119,123,
503.000000,182.000000,0.027399,128974984.000000,0.145820,0,1
95,81,75,95,83,69,100,93,
552.000000,182.000000,0.052220,162179968.000000,0.388108,0,1
68,29,67,24,26,54,24,23,
92.000000,183.000000,0.027073,1608577152.000000,0.967936,0,1
23,58,33,92,66,37,89,58,
257.000000,183.000000,0.036208,111300128.000000,0.280648,0,1
169,159,158,139,130,134,92,77,
260.000000,183.000000,0.036911,265755712.000000,0.586214,0,1
170,160,161,133,134,132,96,74,
280.000000,183.000000,0.036751,3772727296.000000,0.917529,0,1
147,107,123,53,91,97,50,47,
459.000000,183.000000,0.039999,266925600.000000,0.142167,0,1
181,186,195,164,169,172,138,113,
478.000000,183.000000,0.038774,220914656.000000,0.143236,0,1
168,179,169,145,143,128,123,105,
463.000000,184.000000,0.039802,206472640.000000,0.143193,0,1
185,172,165,139,137,138,113,96,
504.000000,184.000000,0.030637,90998912.000000,0.165142,0,1
75,99,82,98,86,73,88,85,
616.000000,184.000000,0.090098,387702240.000000,0.776584,0,1
39,94,35,149,55,30,78,43,
454.000000,185.000000,0.040212,282792992.000000,0.154629,0,1
169,155,158,130,126,123,100,88,
469.000000,185.000000,0.039954,186164464.000000,0.146473,0,1
150,142,134,113,111,110,96,85,
435.000000,186.000000,0.039576,293223968.000000,0.196525,0,1
224,204,200,135,146,145,113,113,
422.000000,187.000000,0.040825,92263872.000000,0.142879,0,1
180,187,178,164,157,149,132,108,
326.000000,188.000000,0.025810,148946080.000000,0.516831,0,1
66,58,72,52,68,89,56,62,
404.000000,188.000000,0.038197,213029456.000000,0.171408,0,1
200,183,196,150,174,185,124,100,
412.000000,188.000000,0.040310,322948128.000000,0.282212,0,1
210,194,189,179,168,147,138,115,
517.000000,188.000000,0.047780,82416032.000000,0.271592,0,1
48,50,49,65,67,79,119,104,
341.000000,189.000000,0.039763,117409376.000000,0.609953,0,1
111,120,116,105,106,102,94,93,
405.000000,189.000000,0.040547,384901664.000000,0.312837,0,1
196,174,185,124,141,149,100,104,
407.000000,189.000000,0.040938,499758912.000000,0.306450,0,1
204,185,195,141,149,143,102,100,
496.000000,189.000000,0.035068,69981240.000000,0.178763,0,1
86,101,77,94,83,75,72,58,
229.000000,190.000000,0.042887,47170112.000000,1.402790,0,1
10,10,10,13,18,10,50,31,
237.000000,190.000000,0.041775,546224640.000000,1.307675,0,1
15,13,36,16,43,58,51,31,
254.000000,190.000000,0.042283,84012040.000000,1.189071,0,1
68,63,69,61,71,90,68,59,
369.000000,190.000000,0.043562,106706192.000000,0.292655,0,1
204,203,195,172,169,174,130,119,
381.000000,190.000000,0.044349,105128552.000000,0.255741,0,1
172,189,176,166,179,163,154,109,
437.000000,190.000000,0.034046,37223008.000000,0.187580,0,1
108,110,102,112,100,89,104,96,
481.000000,190.000000,0.029870,14240111.000000,0.146182,0,1
85,86,79,89,83,76,76,78,
497.000000,190.000000,0.033969,49558152.000000,0.176673,0,1
77,83,75,72,65,62,58,57,
149.000000,191.000000,0.039586,51351284.000000,1.035817,0,1
12,19,12,22,16,9,20,16,
298.000000,191.000000,0.045840,65074828.000000,0.941439,0,1
92,97,97,79,75,77,78,73,
362.000000,191.000000,0.042623,160256448.000000,0.525031,0,1
158,207,186,132,132,138,113,102,
517.000000,191.000000,0.044537,159591216.000000,0.265842,0,1
119,104,128,54,53,51,39,35,
208.000000,192.000000,0.054191,96313400.000000,0.500371,0,1
14,23,12,38,24,11,28,19,
222.000000,192.000000,0.049761,106853480.000000,1.574234,0,1
18,22,14,22,19,10,23,20,
331.000000,192.000000,0.037958,66601968.000000,0.677772,0,1
87,86,92,76,82,84,69,66,
155.000000,193.000000,0.045161,101000952.000000,1.111292,0,1
6,9,7,15,14,8,18,15,
355.000000,193.000000,0.043310,184580256.000000,0.570112,0,1
126,114,120,106,104,104,85,85,
373.000000,193.000000,0.046505,113245336.000000,0.499443,0,1
135,137,132,140,114,99,101,80,
246.000000,194.000000,0.043608,216161760.000000,1.276422,0,1
59,77,69,51,53,52,43,37,
420.000000,194.000000,0.046539,85384384.000000,0.292857,0,1
126,121,110,90,97,92,76,74,
444.000000,194.000000,0.049041,22168516.000000,0.234766,0,1
83,90,90,94,100,88,116,94,
84.000000,195.000000,0.026927,224602016.000000,0.970791,0,1
44,37,50,28,48,57,44,58,
433.000000,195.000000,0.043821,14263290.000000,0.160085,0,1
89,79,89,73,83,90,65,54,
226.000000,196.000000,0.045517,16639811.000000,1.469701,0,1
38,23,22,16,17,18,15,16,
244.000000,196.000000,0.043124,174651488.000000,1.287108,0,1
51,40,43,34,35,37,26,26,
246.000000,196.000000,0.043185,217701520.000000,1.270501,0,1
53,43,45,35,37,39,29,28,
279.000000,196.000000,0.037274,253655584.000000,0.944591,0,1
52,38,53,31,43,53,34,42,
340.000000,196.000000,0.033313,115295552.000000,0.556206,0,1
83,75,74,65,67,68,61,55,
345.000000,196.000000,0.032542,71868296.000000,0.525260,0,1
76,76,79,70,73,71,62,58,
363.000000,196.000000,0.046217,56053636.000000,0.566695,0,1
116,135,127,109,110,97,86,77,
365.000000,196.000000,0.046176,41041588.000000,0.549875,0,1
124,127,108,110,97,85,86,79,
393.000000,196.000000,0.042682,119339744.000000,0.388309,0,1
79,90,77,84,75,70,70,60,
419.000000,196.000000,0.042827,89384688.000000,0.287680,0,1
92,77,83,72,68,79,56,50,
427.000000,196.000000,0.041765,81470592.000000,0.257334,0,1
77,86,79,74,69,67,57,50,
441.000000,196.000000,0.045062,68563696.000000,0.232664,0,1
89,104,109,75,89,92,55,54,
449.000000,196.000000,0.047173,25113672.000000,0.104984,0,1
88,78,73,60,62,56,51,51,
455.000000,196.000000,0.044585,37020676.000000,0.207767,0,1
74,76,78,61,68,73,49,45,
485.000000,196.000000,0.044684,21177706.000000,0.150082,0,1
82,62,60,46,46,46,40,44,
490.000000,196.000000,0.021409,7810888.500000,0.123182,0,1
68,54,50,47,44,41,42,42,
508.000000,196.000000,0.032319,10947484.000000,0.213680,0,1
41,37,35,37,35,34,39,38,
536.000000,196.000000,0.050485,2374871.000000,0.352580,0,1
14,15,11,19,15,12,20,20,
160.000000,197.000000,0.047094,9515162.000000,2.119682,0,1
7,8,6,11,10,10,16,14,
198.000000,197.000000,0.041724,156682320.000000,1.634413,0,1
28,40,40,23,23,20,16,16,
334.000000,197.000000,0.038699,25545880.000000,0.402901,0,1
81,77,76,66,64,63,51,46,
391.000000,197.000000,0.044593,107965672.000000,0.411022,0,1
86,82,84,76,70,67,62,55,
423.000000,197.000000,0.044827,55431588.000000,0.284983,0,1
91,86,77,59,60,57,50,50,
468.000000,197.000000,0.051260,13114161.000000,0.096819,0,1
75,57,66,44,53,78,40,39,
280.000000,198.000000,0.036799,159526176.000000,0.935411,0,1
51,42,49,35,48,47,37,35,
318.000000,198.000000,0.029362,96290144.000000,0.613289,0,1
52,48,48,44,45,42,38,33,
353.000000,198.000000,0.038516,79185280.000000,0.548192,0,1
76,80,95,85,91,76,67,54,
372.000000,198.000000,0.043711,49844428.000000,0.495818,0,1
86,89,78,73,70,64,60,56,
401.000000,198.000000,0.041468,123413512.000000,0.353340,0,1
81,79,78,62,65,65,54,53,
261.000000,199.000000,0.050416,101232928.000000,1.279244,0,1
61,56,60,47,48,50,40,35,
300.000000,199.000000,0.043316,67839384.000000,0.899674,0,1
58,60,60,57,56,56,43,39,
304.000000,199.000000,0.040251,71646536.000000,0.836623,0,1
54,61,48,56,51,40,48,41,
92.000000,200.000000,0.028315,28707782.000000,0.967410,0,1
36,40,30,34,31,25,27,25,
351.000000,203.000000,0.041732,12278946.000000,0.353555,0,1
59,58,62,50,51,50,43,41,
395.000000,203.000000,0.040105,20224914.000000,0.382564,0,1
50,50,54,44,59,58,49,58,
429.000000,203.000000,0.046921,31885534.000000,0.295869,0,1
59,69,57,73,67,49,69,48,
445.000000,203.000000,0.053483,8900896.000000,0.125760,0,1
66,52,68,41,54,65,40,40,
451.000000,203.000000,0.050843,8294752.500000,0.127237,0,1
43,57,44,66,47,42,52,41,
347.000000,204.000000,0.045448,11782843.000000,0.384230,0,1
65,65,56,60,49,44,43,37,
399.000000,206.000000,0.054883,14522853.000000,0.141717,0,1
57,58,41,58,50,36,46,36,
338.000000,208.000000,0.055567,10119847.000000,0.478243,0,1
35,36,44,32,41,56,37,41,
340.000000,210.000000,0.055496,5786963.000000,0.240502,0,1
56,45,41,41,36,28,35,28,
641.000000,213.000000,0.093961,1195754368.000000,0.702246,0,1
75,49,101,25,79,106,45,78,
390.000000,218.000000,0.044199,13656422.000000,0.475361,0,1
41,35,43,33,35,33,30,28,
641.000000,223.000000,0.092751,982440384.000000,0.935513,0,1
67,42,91,16,62,87,26,32,
354.000000,224.000000,0.074175,5556562.500000,0.908501,0,1
32,38,34,37,33,29,30,28,
640.000000,224.000000,0.092573,777641920.000000,0.966786,0,1
42,16,62,15,26,61,17,17,
384.000000,232.000000,0.059645,933770.625000,0.414565,0,1
27,27,27,26,27,26,24,23,
438.000000,232.000000,0.030593,253541.453125,0.069503,0,1
30,28,32,24,27,27,22,21,
556.000000,232.000000,0.090857,12620137.000000,0.714812,0,1
29,30,30,31,32,33,34,38,
640.000000,232.000000,0.093998,226340672.000000,0.989958,0,1
14,12,23,10,23,45,12,21,
522.000000,234.000000,0.092899,1150361.375000,0.445684,0,1
30,32,32,36,34,34,37,38,
600.000000,234.000000,0.099183,6022223.000000,0.871221,0,1
24,28,27,32,31,29,33,34,
56.000000,236.000000,0.094737,48082364.000000,4.628771,0,1
11,14,9,19,12,8,16,12,
182.000000,236.000000,0.070206,1104691.625000,1.479734,0,1
16,16,16,16,16,16,16,19,
500.000000,236.000000,0.086398,1269102.500000,0.370001,0,1
34,33,35,30,34,36,32,33,
584.000000,236.000000,0.101773,11773812.000000,0.833010,0,1
34,39,36,43,41,40,44,44,
618.000000,236.000000,0.103748,2126018.250000,0.963389,0,1
14,17,16,20,19,18,23,27,
85.000000,237.000000,0.092742,113427504.000000,4.083995,0,1
16,14,20,11,19,24,15,14,
300.000000,237.000000,0.065896,3282159.000000,1.294182,0,1
17,25,26,22,21,22,16,16,
301.000000,237.000000,0.065965,3436596.750000,1.284296,0,1
17,26,26,21,22,25,16,23,
174.000000,238.000000,0.095568,53775504.000000,2.798825,0,1
17,16,16,19,18,18,24,21,
181.000000,238.000000,0.091784,56049768.000000,2.671861,0,1
16,16,16,18,18,19,27,19,
185.000000,238.000000,0.086811,9207397.000000,2.570862,0,1
15,16,16,19,19,20,27,19,
269.000000,238.000000,0.065679,609907.312500,1.613317,0,1
15,21,22,16,15,14,13,11,
286.000000,238.000000,0.065446,2915222.500000,1.325980,0,1
21,22,23,16,16,16,13,13,
536.000000,238.000000,0.107723,4162440.000000,0.651353,0,1
31,34,33,38,37,36,40,41,
568.000000,238.000000,0.105722,11140355.000000,0.793744,0,1
37,40,40,44,44,44,46,46,
85.000000,239.000000,0.091874,119525672.000000,4.074995,0,1
19,15,21,10,14,16,10,10,
301.000000,239.000000,0.066188,2679620.500000,1.265792,0,1
22,16,20,15,23,28,23,27,
56.000000,240.000000,0.094636,63162016.000000,4.635858,0,1
12,15,8,18,11,7,14,10,
228.000000,240.000000,0.079713,2916173.250000,2.096778,0,1
19,14,14,11,12,11,11,11,
121.000000,241.000000,0.092205,11420114.000000,3.509295,0,1
16,23,23,18,18,19,15,13,
128.000000,241.000000,0.091291,8655310.000000,3.392321,0,1
18,22,22,19,18,19,14,13,
582.000000,244.000000,0.110731,15978888.000000,0.881078,0,1
45,48,47,50,51,50,54,55,
631.000000,245.000000,0.108705,19902630.000000,1.060256,0,1
31,35,32,42,41,38,46,44,
637.000000,245.000000,0.107947,6790079.500000,1.079978,0,1
23,28,25,35,31,28,39,38,
293.000000,246.000000,0.051587,4364588.000000,0.352288,0,1
13,13,19,13,19,23,19,21,
622.000000,246.000000,0.112172,30175226.000000,1.041413,0,1
38,40,40,45,44,45,48,50,
668.000000,251.000000,0.076780,39068852.000000,0.715673,0,1
54,51,56,40,48,53,39,41,
670.000000,252.000000,0.063362,9039966.000000,0.620099,0,1
56,51,54,41,46,52,40,40,
628.000000,256.000000,0.124099,27481218.000000,1.140049,0,1
55,56,57,58,57,57,62,64,
630.000000,258.000000,0.125945,26452784.000000,1.160184,0,1
57,59,58,64,62,60,66,66,
646.000000,264.000000,0.132161,16567608.000000,1.269479,0,1
59,59,59,66,62,63,68,69,
646.000000,266.000000,0.134241,17746740.000000,1.276473,0,1
62,68,66,71,69,69,72,74,
554.000000,272.000000,0.128815,4124888.250000,0.693691,0,1
56,52,54,48,50,51,47,48,
630.000000,272.000000,0.139133,12134250.000000,1.258117,0,1
66,69,66,76,73,69,79,82,
634.000000,273.000000,0.139046,13849217.000000,1.280207,0,1
66,68,66,74,71,69,76,80,
564.000000,276.000000,0.170935,3229350.250000,1.123866,0,1
55,52,57,49,54,57,49,51,
660.000000,280.000000,0.148485,18929630.000000,1.418985,0,1
85,87,88,88,88,89,89,90,
696.000000,283.000000,0.151064,42860028.000000,1.570043,0,1
65,71,68,80,77,72,85,83,
572.000000,284.000000,0.177095,5053362.500000,1.193093,0,1
62,59,62,53,59,64,55,57,
700.000000,284.000000,0.152312,44127916.000000,1.593062,0,1
65,69,69,80,75,70,79,80,
574.000000,286.000000,0.177629,4638385.000000,1.211008,0,1
64,59,65,57,60,65,58,58,
475.000000,200.000000,0.048616,134507824.000000,0.227826,0,1
86,88,96,57,80,77,48,40,
440.000000,196.000000,0.043661,63352128.000000,0.229249,0,1
96,93,118,76,73,86,55,53,
460.000000,193.000000,0.046982,71612296.000000,0.158514,0,1
132,154,175,95,116,135,82,81,
723.000000,192.000000,0.130951,3835074.500000,1.428410,0,1
15,16,16,25,22,18,29,22,
238.000000,189.000000,0.041138,381904736.000000,0.711441,0,1
16,15,44,13,36,53,43,56,
237.000000,188.000000,0.040598,206552928.000000,1.284088,0,1
13,12,16,11,15,44,13,43,
704.000000,97.000000,0.148454,29220968.000000,1.163975,0,1
38,72,91,130,158,185,217,255,
368.000000,187.000000,0.043705,30287840.000000,0.129113,0,1
149,148,172,178,204,210,195,203,
433.000000,185.000000,0.038960,196052768.000000,0.197339,0,1
182,188,219,160,183,210,131,113,
378.000000,184.000000,0.036397,61112788.000000,0.219064,0,1
160,147,167,149,171,184,188,196,
268.000000,183.000000,0.037462,3484538880.000000,1.005860,0,1
148,141,100,119,107,34,80,48,
251.000000,183.000000,0.042422,5647194112.000000,1.207252,0,1
169,100,165,58,145,150,98,80,
492.000000,182.000000,0.030026,132544584.000000,0.134829,0,1
189,197,172,177,174,152,139,123,
314.000000,182.000000,0.028927,213098576.000000,0.338838,0,1
116,84,117,65,83,97,64,65,
558.000000,132.000000,0.059717,149285872.000000,0.412370,0,1
69,61,72,25,45,65,21,20,
560.000000,132.000000,0.060240,133165752.000000,0.422568,0,1
63,72,60,45,65,54,29,21,
346.000000,179.000000,0.028750,146915024.000000,0.113063,0,1
212,206,244,188,192,210,153,142,
521.000000,178.000000,0.025225,176207216.000000,0.077396,0,1
140,156,111,158,138,88,123,75,
280.000000,176.000000,0.035294,150130256.000000,0.053248,0,1
255,215,237,92,190,189,143,164,
299.000000,171.000000,0.022446,43287160.000000,0.033855,0,1
241,236,192,235,204,191,252,248,
464.000000,168.000000,0.022060,186810544.000000,0.054287,0,1
157,144,171,176,196,201,249,255,
244.000000,168.000000,0.042382,5104706560.000000,1.250524,0,1
241,107,250,42,98,230,37,33,
560.000000,151.000000,0.024726,208506064.000000,0.146074,0,1
74,68,80,72,108,91,104,133,
287.000000,161.000000,0.010896,96170344.000000,0.020630,0,1
240,238,248,149,165,248,149,129,
204.000000,160.000000,0.053967,270775968.000000,0.173709,0,1
255,224,208,200,156,72,56,21,
288.000000,153.000000,0.022303,138777504.000000,0.041821,0,1
223,238,229,186,167,235,164,253,
561.000000,159.000000,0.026657,302077952.000000,0.157815,0,1
146,166,129,141,139,117,132,129,
558.000000,159.000000,0.025438,280921920.000000,0.148167,0,1
128,123,149,97,122,154,91,105,
91.000000,159.000000,0.027239,4530669056.000000,0.252698,0,1
24,72,24,207,69,22,178,95,
313.000000,158.000000,0.027100,1021523584.000000,0.140482,0,1
142,72,122,47,178,255,94,195,
582.000000,159.000000,0.037928,660394176.000000,0.125387,0,1
111,78,136,78,107,138,75,96,
415.000000,193.000000,0.046430,142419312.000000,0.307884,0,1
108,112,142,88,113,117,86,85,
407.000000,165.000000,0.020539,4704956.000000,0.030953,0,1
255,251,251,215,217,225,190,183,
484.000000,189.000000,0.021977,15037086.000000,0.111949,0,1
91,83,89,79,89,106,76,72,
279.000000,189.000000,0.036805,828809984.000000,0.929943,0,1
49,37,62,31,56,72,42,56,
270.000000,189.000000,0.037639,890249408.000000,1.000888,0,1
30,51,23,57,35,22,52,39,
390.000000,187.000000,0.041729,221299312.000000,0.377170,0,1
204,200,209,176,180,173,156,155,
690.000000,99.000000,0.135295,65619164.000000,1.049321,0,1
41,63,80,130,161,191,227,255,
558.000000,167.000000,0.030301,257361488.000000,0.254521,0,1
120,99,148,81,113,168,77,75,
278.000000,182.000000,0.036919,5097219072.000000,0.931912,0,1
72,41,125,27,64,123,35,37,
418.000000,181.000000,0.033863,27269748.000000,0.215671,0,1
199,181,197,193,196,186,212,197,
279.000000,176.000000,0.036367,465777248.000000,0.075775,0,1
236,107,236,54,169,192,82,144,
426.000000,139.000000,0.031993,14627311.000000,0.143343,0,1
60,64,65,74,74,73,91,164,
523.000000,168.000000,0.022770,116053936.000000,0.035425,0,1
102,202,138,255,198,194,253,220,
