# timestamp
1608635244185073152

# fx, fy, cx, cy, width, height, npoints
501.488037,501.475311,421.776093,167.666183,800,400,615

# camToWorld: translation vector, rotation quaternion
-29.819558,83.340812,7.338730,-0.436238,-0.577275,0.563768,0.398265

# Exposure time (ms)
0.297072

# GPS Data
# GPSData: Covariance matrix
0.000027,0.000000,0.000000,0.000000,0.000048,0.000000,0.000000,0.000000,0.000107

# GPSData: GPS point
87.779253,0.307852,6.332894

# Point Cloud Data : 
# u,v,idepth_scaled,idepth_hessian,maxRelBaseline,numGoodRes,status 
# color information 
748.000000,94.000000,0.010739,7623106.500000,0.084961,0,1
18,16,20,13,17,22,14,16,
734.000000,181.000000,0.091141,3924231.500000,0.538815,0,1
17,19,20,17,17,17,11,9,
726.000000,254.000000,0.121612,25801724.000000,0.713244,0,1
93,83,93,67,76,93,68,67,
722.000000,79.000000,0.009429,130400776.000000,0.070653,0,1
61,58,60,50,54,61,46,50,
707.000000,88.000000,0.006633,11917745.000000,0.047298,0,1
34,30,28,26,23,22,23,19,
732.000000,89.000000,0.006934,169176320.000000,0.052919,0,1
32,37,28,38,29,22,31,25,
732.000000,98.000000,0.006144,41483476.000000,0.047297,0,1
20,24,18,27,22,17,25,20,
722.000000,158.000000,0.079844,3373790.000000,0.466509,0,1
14,16,14,16,16,15,19,23,
689.000000,176.000000,0.088616,9144972.000000,0.458437,0,1
14,15,14,18,18,18,23,21,
715.000000,179.000000,0.090746,1102597.125000,0.508561,0,1
11,11,10,14,14,14,19,18,
677.000000,182.000000,0.085008,5010713.500000,0.430187,0,1
21,25,23,22,20,19,16,12,
715.000000,217.000000,0.086537,20345244.000000,0.534176,0,1
8,8,9,14,14,15,22,27,
728.000000,219.000000,0.089826,49709544.000000,0.545837,0,1
15,20,21,25,28,29,36,42,
726.000000,229.000000,0.099802,12525974.000000,0.595581,0,1
29,35,31,52,42,33,48,51,
687.000000,232.000000,0.096150,25265186.000000,0.532850,0,1
97,82,90,60,69,86,61,61,
702.000000,240.000000,0.107141,18571140.000000,0.605554,0,1
95,87,94,65,78,96,64,63,
713.000000,263.000000,0.141283,1079579.500000,0.779942,0,1
72,72,74,66,68,70,64,64,
676.000000,274.000000,0.147492,5340264.500000,0.787923,0,1
67,68,67,73,72,72,79,77,
97.000000,76.000000,0.044810,19641664.000000,0.161075,0,1
57,68,66,81,71,67,82,79,
511.000000,145.000000,0.032690,15555862.000000,0.052861,0,1
24,21,30,17,37,41,28,44,
100.000000,23.000000,0.038782,19073440.000000,0.151538,0,1
113,113,107,113,109,106,112,110,
120.000000,25.000000,0.044295,22161798.000000,0.154967,0,1
115,113,109,109,105,102,103,94,
228.000000,28.000000,0.054636,32881736.000000,0.536911,0,1
99,108,92,108,95,88,103,96,
34.000000,30.000000,0.039955,8435522.000000,0.162519,0,1
109,107,105,105,105,103,103,97,
67.000000,30.000000,0.040423,17287178.000000,0.111328,0,1
102,101,94,97,92,84,98,94,
86.000000,30.000000,0.048023,10612273.000000,0.194894,0,1
108,98,105,94,98,100,88,90,
258.000000,30.000000,0.042318,3913604.000000,0.155447,0,1
112,111,110,112,110,106,110,107,
133.000000,31.000000,0.044430,5803596.000000,0.248529,0,1
111,103,110,98,101,109,93,95,
217.000000,31.000000,0.040051,9702230.000000,0.181913,0,1
104,111,103,112,105,103,109,105,
246.000000,31.000000,0.043005,15399860.000000,0.438610,0,1
107,109,99,109,101,100,101,86,
252.000000,31.000000,0.064776,7730448.000000,0.209615,0,1
101,102,111,100,108,110,97,108,
26.000000,34.000000,0.048490,39544708.000000,0.202484,0,1
91,88,96,93,95,103,100,104,
120.000000,35.000000,0.047587,107456072.000000,0.162294,0,1
85,85,95,85,97,107,99,101,
163.000000,37.000000,0.043804,7464062.500000,0.195988,0,1
112,110,109,110,107,105,107,101,
150.000000,38.000000,0.046998,10110297.000000,0.256742,0,1
110,106,108,105,99,106,95,92,
74.000000,39.000000,0.034857,13456648.000000,0.092158,0,1
82,85,76,97,87,75,91,77,
88.000000,39.000000,0.045871,26578578.000000,0.175271,0,1
91,83,100,75,92,99,97,101,
138.000000,42.000000,0.051506,25625964.000000,0.278457,0,1
89,97,88,100,88,91,99,90,
93.000000,45.000000,0.045468,16983502.000000,0.170255,0,1
103,99,102,88,93,100,87,89,
252.000000,46.000000,0.056485,30129236.000000,0.472618,0,1
90,81,94,77,90,90,82,93,
59.000000,47.000000,0.042050,13263646.000000,0.121070,0,1
86,79,87,79,89,96,83,91,
199.000000,47.000000,0.038727,6321992.000000,0.161436,0,1
103,96,106,101,95,102,94,88,
126.000000,48.000000,0.046974,68990816.000000,0.246522,0,1
82,80,82,77,78,87,78,91,
60.000000,51.000000,0.043564,18057326.000000,0.162506,0,1
96,86,94,74,86,87,70,69,
139.000000,52.000000,0.049124,24808282.000000,0.261880,0,1
96,96,84,99,91,91,99,98,
55.000000,53.000000,0.044828,44160960.000000,0.169367,0,1
82,86,73,93,87,64,90,79,
252.000000,53.000000,0.050217,70778504.000000,0.424618,0,1
72,90,64,92,75,67,76,66,
489.000000,53.000000,0.046273,23683104.000000,0.165908,0,1
83,76,85,76,81,85,71,73,
33.000000,54.000000,0.037978,36581400.000000,0.150077,0,1
82,80,86,82,88,95,89,97,
242.000000,54.000000,0.047470,86520656.000000,0.426474,0,1
78,92,70,93,73,71,89,68,
272.000000,54.000000,0.060354,8853415.000000,0.496725,0,1
92,93,81,89,89,85,90,87,
97.000000,55.000000,0.049674,75635912.000000,0.186563,0,1
86,78,91,84,87,96,84,89,
484.000000,55.000000,0.046120,37883596.000000,0.160124,0,1
82,74,83,70,77,74,67,67,
97.000000,57.000000,0.050154,53581824.000000,0.187189,0,1
87,84,95,74,89,92,78,83,
237.000000,57.000000,0.052005,8515919.000000,0.172700,0,1
92,63,89,73,80,90,60,74,
278.000000,58.000000,0.058779,6159093.000000,0.407684,0,1
82,79,93,77,91,94,86,90,
53.000000,60.000000,0.042378,46539292.000000,0.159031,0,1
88,81,82,70,80,75,69,66,
141.000000,60.000000,0.048375,76646160.000000,0.250443,0,1
82,75,94,69,89,95,77,83,
155.000000,60.000000,0.052402,44702048.000000,0.254580,0,1
83,81,92,80,90,98,89,93,
175.000000,60.000000,0.045949,13839383.000000,0.230386,0,1
93,88,97,82,91,93,86,93,
80.000000,61.000000,0.047041,28937756.000000,0.164470,0,1
84,83,87,68,76,72,65,62,
92.000000,61.000000,0.046620,20144452.000000,0.157023,0,1
92,84,90,69,83,84,64,63,
470.000000,62.000000,0.047225,12381624.000000,0.161342,0,1
75,82,72,83,78,72,83,82,
36.000000,63.000000,0.039089,18280772.000000,0.152131,0,1
86,85,85,86,91,94,91,94,
493.000000,63.000000,0.050796,25436464.000000,0.559242,0,1
66,58,78,58,66,75,49,55,
498.000000,63.000000,0.050544,32729978.000000,0.186810,0,1
61,63,79,71,70,77,60,69,
523.000000,63.000000,0.044403,3947278.250000,0.184560,0,1
79,80,74,79,76,74,76,65,
180.000000,64.000000,0.044831,9699538.000000,0.222970,0,1
95,85,95,81,84,92,82,79,
50.000000,65.000000,0.035349,17156358.000000,0.131584,0,1
75,77,67,88,73,70,85,80,
95.000000,67.000000,0.043511,30611578.000000,0.158102,0,1
61,52,66,61,63,78,60,48,
204.000000,71.000000,0.039546,8629957.000000,0.172758,0,1
81,86,77,87,79,80,85,83,
253.000000,71.000000,0.023669,6940524.500000,0.036304,0,1
80,76,72,49,59,54,50,49,
256.000000,71.000000,0.018167,30790096.000000,0.165999,0,1
68,66,66,58,60,68,42,46,
264.000000,71.000000,0.044818,6100811.500000,0.352918,0,1
78,83,65,83,73,59,78,62,
320.000000,71.000000,0.058574,3726753.250000,0.111140,0,1
77,78,79,81,81,86,82,85,
447.000000,71.000000,0.042246,6059945.000000,0.173002,0,1
79,81,70,79,77,76,79,78,
477.000000,71.000000,0.048453,29930986.000000,0.155506,0,1
65,71,61,72,68,55,72,67,
74.000000,72.000000,0.044896,27195800.000000,0.157061,0,1
65,55,68,44,57,69,45,41,
515.000000,72.000000,0.050779,15802408.000000,0.201585,0,1
74,75,65,74,67,55,65,64,
57.000000,73.000000,0.049345,36682364.000000,0.182464,0,1
81,66,82,62,70,77,58,63,
166.000000,74.000000,0.038952,10298772.000000,0.162282,0,1
66,84,74,90,80,73,89,87,
39.000000,75.000000,0.016670,181310624.000000,0.061569,0,1
84,84,68,85,71,46,78,75,
80.000000,75.000000,0.036552,9300464.000000,0.090969,0,1
43,42,43,43,45,48,57,62,
168.000000,75.000000,0.043329,11146812.000000,0.160987,0,1
75,76,75,86,80,79,87,86,
246.000000,75.000000,0.048578,42337904.000000,0.409028,0,1
48,48,61,52,50,54,45,54,
185.000000,77.000000,0.050753,18473134.000000,0.218043,0,1
77,64,85,64,73,86,59,65,
687.000000,77.000000,0.009481,44831576.000000,0.064113,0,1
64,60,61,53,57,61,51,50,
691.000000,79.000000,0.009492,44194828.000000,0.064899,0,1
64,59,61,53,54,55,52,50,
87.000000,81.000000,0.048992,12395306.000000,0.180394,0,1
42,50,43,56,57,44,58,50,
169.000000,81.000000,0.054306,23059396.000000,0.222021,0,1
79,72,81,68,73,85,78,80,
255.000000,82.000000,0.018209,20626364.000000,0.159210,0,1
49,39,56,44,51,50,43,44,
304.000000,82.000000,0.041347,42729300.000000,0.239857,0,1
78,80,67,80,70,65,74,61,
40.000000,83.000000,0.016674,154018144.000000,0.060996,0,1
70,73,58,70,68,44,43,46,
28.000000,84.000000,0.020517,26599710.000000,0.077869,0,1
84,78,75,58,59,57,45,53,
224.000000,84.000000,0.046677,21737986.000000,0.446412,0,1
50,42,59,43,50,54,33,40,
216.000000,85.000000,0.024125,11958731.000000,0.081749,0,1
66,58,53,50,47,40,35,46,
525.000000,85.000000,0.047090,34136436.000000,0.325733,0,1
66,63,55,68,57,53,61,55,
67.000000,86.000000,0.029872,24100494.000000,0.102802,0,1
57,49,65,43,57,69,42,47,
123.000000,86.000000,0.048371,25747362.000000,0.250633,0,1
75,72,79,61,63,67,54,47,
104.000000,87.000000,0.043853,31451786.000000,0.151759,0,1
62,57,56,39,52,49,39,38,
187.000000,87.000000,0.018433,23224478.000000,0.094776,0,1
73,66,62,53,52,43,37,53,
27.000000,88.000000,0.022691,5822291.000000,0.086370,0,1
52,51,53,45,47,47,36,36,
37.000000,88.000000,0.017277,12198084.000000,0.063529,0,1
60,53,53,39,42,39,32,36,
165.000000,88.000000,0.017065,23638742.000000,0.089380,0,1
78,62,69,58,58,51,39,55,
172.000000,88.000000,0.020875,17546594.000000,0.083273,0,1
82,76,74,54,52,51,47,54,
192.000000,88.000000,0.017641,12268538.000000,0.088277,0,1
66,39,40,38,49,51,54,58,
202.000000,88.000000,0.020464,9975189.000000,0.083275,0,1
51,44,44,52,55,54,60,61,
535.000000,88.000000,0.049317,19823382.000000,0.288095,0,1
65,66,56,66,56,55,58,55,
184.000000,89.000000,0.020388,12345717.000000,0.083373,0,1
55,37,37,45,49,52,54,57,
121.000000,91.000000,0.037934,22286872.000000,0.108974,0,1
58,63,60,52,52,47,41,50,
98.000000,92.000000,0.049993,15652616.000000,0.159255,0,1
60,49,59,44,52,55,33,36,
437.000000,92.000000,0.042228,13120113.000000,0.165557,0,1
54,48,57,39,50,44,44,48,
279.000000,93.000000,0.029043,48839672.000000,0.206295,0,1
60,65,52,64,57,52,55,46,
331.000000,93.000000,0.009062,31107902.000000,0.045531,0,1
76,75,74,65,64,62,51,57,
496.000000,93.000000,0.050061,37853744.000000,0.475932,0,1
52,58,43,52,52,39,58,51,
406.000000,94.000000,0.042852,11864124.000000,0.237054,0,1
66,71,63,71,63,67,69,63,
481.000000,94.000000,0.001117,19951868.000000,0.003343,0,1
49,40,63,31,42,57,23,39,
488.000000,94.000000,0.039084,15776280.000000,0.080708,0,1
52,44,59,51,47,54,39,44,
229.000000,95.000000,0.017999,6009257.000000,0.053352,0,1
50,43,51,43,44,46,31,27,
471.000000,95.000000,0.046411,5704411.000000,0.071820,0,1
57,51,59,51,49,58,45,43,
231.000000,96.000000,0.017584,6738293.500000,0.045949,0,1
53,45,42,32,32,29,26,24,
273.000000,96.000000,0.027129,28257218.000000,0.199785,0,1
62,52,52,35,41,44,32,29,
357.000000,96.000000,0.011255,134435680.000000,0.116457,0,1
64,50,62,33,52,61,36,45,
197.000000,97.000000,0.018505,13273939.000000,0.086162,0,1
58,55,54,46,46,41,32,24,
207.000000,97.000000,0.019654,11646817.000000,0.077007,0,1
58,52,56,36,34,34,26,21,
494.000000,99.000000,0.048449,85079944.000000,0.162187,0,1
44,39,59,39,55,60,44,52,
23.000000,100.000000,0.022416,10117672.000000,0.085542,0,1
37,44,48,50,54,58,53,55,
151.000000,100.000000,0.018704,18053284.000000,0.081682,0,1
57,55,56,51,46,39,50,47,
520.000000,100.000000,0.048634,23560244.000000,0.189106,0,1
45,45,51,53,58,39,59,48,
623.000000,100.000000,0.007769,79784496.000000,0.045443,0,1
58,50,56,40,44,54,33,35,
136.000000,101.000000,0.021880,8700572.000000,0.122213,0,1
53,56,53,44,41,36,28,24,
447.000000,102.000000,0.047464,5854382.500000,0.129920,0,1
40,48,39,50,42,36,49,38,
87.000000,103.000000,0.045296,6322108.000000,0.152024,0,1
48,52,44,46,47,35,36,28,
322.000000,103.000000,0.014387,8358543.000000,0.102694,0,1
76,73,72,51,57,64,36,26,
505.000000,103.000000,0.040833,33897576.000000,0.359074,0,1
45,41,51,53,44,43,29,27,
86.000000,104.000000,0.041509,10385401.000000,0.134551,0,1
52,46,47,34,36,34,27,27,
92.000000,104.000000,0.025806,9286658.000000,0.094431,0,1
53,42,45,31,35,33,28,26,
216.000000,104.000000,0.022122,26543524.000000,0.074325,0,1
29,39,26,44,35,26,48,33,
53.000000,105.000000,0.026867,11294880.000000,0.094622,0,1
49,52,46,49,46,41,38,29,
462.000000,105.000000,0.032568,6651801.500000,0.084822,0,1
64,55,62,38,48,51,30,31,
56.000000,106.000000,0.021733,3741911.000000,0.075235,0,1
45,41,38,33,33,31,28,26,
191.000000,106.000000,0.017076,28685768.000000,0.070502,0,1
37,35,39,29,46,39,39,51,
373.000000,106.000000,0.010339,17521030.000000,0.093044,0,1
34,41,35,62,53,42,70,70,
25.000000,107.000000,0.023675,17960408.000000,0.089709,0,1
57,57,53,48,46,42,32,27,
213.000000,107.000000,0.022256,7900221.500000,0.036889,0,1
47,40,47,30,41,43,35,36,
194.000000,108.000000,0.018941,33954352.000000,0.077304,0,1
32,44,29,55,38,22,45,39,
433.000000,109.000000,0.033343,17469624.000000,0.127521,0,1
28,27,27,24,32,35,32,40,
35.000000,111.000000,0.016572,132313728.000000,0.060362,0,1
34,47,26,52,40,25,50,43,
111.000000,111.000000,0.015337,27882748.000000,0.052723,0,1
42,46,33,48,47,27,52,49,
309.000000,111.000000,0.015534,66904508.000000,0.088835,0,1
50,29,64,28,47,59,27,37,
376.000000,112.000000,0.021042,12577593.000000,0.173906,0,1
45,39,39,50,50,52,56,56,
515.000000,112.000000,0.022321,95882000.000000,0.185703,0,1
24,33,20,34,28,18,34,24,
69.000000,113.000000,0.015411,9337097.000000,0.050538,0,1
38,32,43,29,39,46,30,33,
218.000000,116.000000,0.021392,7309007.000000,0.077199,0,1
25,29,27,37,33,31,39,31,
279.000000,116.000000,0.026083,8562656.000000,0.189847,0,1
28,26,34,33,35,39,44,49,
500.000000,116.000000,0.025474,25367286.000000,0.083024,0,1
53,50,49,40,37,34,18,13,
190.000000,117.000000,0.020080,30527576.000000,0.075418,0,1
31,27,44,29,36,54,39,41,
253.000000,118.000000,0.036316,25350348.000000,0.291593,0,1
38,35,35,40,44,40,52,47,
142.000000,120.000000,0.024332,1614963.750000,0.128993,0,1
26,29,31,39,43,47,41,36,
429.000000,120.000000,0.036574,3707638.000000,0.139749,0,1
32,32,24,23,25,19,22,20,
440.000000,120.000000,0.043546,2321017.500000,0.135111,0,1
32,32,29,19,21,23,17,17,
188.000000,121.000000,0.036106,2737656.500000,0.141568,0,1
38,32,33,39,40,41,48,50,
407.000000,121.000000,0.023136,15993374.000000,0.127086,0,1
46,41,44,26,24,22,20,19,
94.000000,122.000000,0.034657,1877028.000000,0.128108,0,1
27,28,28,32,36,34,43,38,
36.000000,124.000000,0.017299,49285492.000000,0.062584,0,1
40,51,31,56,42,31,56,48,
324.000000,124.000000,0.022751,7945423.000000,0.123249,0,1
50,45,44,34,35,35,21,23,
303.000000,125.000000,0.018581,25468720.000000,0.108875,0,1
46,52,51,50,43,35,45,40,
398.000000,125.000000,0.019589,151276064.000000,0.121438,0,1
36,22,50,19,35,50,21,31,
271.000000,126.000000,0.037721,4982642.000000,0.269114,0,1
38,37,46,27,34,38,25,30,
100.000000,127.000000,0.043558,15949688.000000,0.150459,0,1
30,40,30,47,39,28,48,41,
240.000000,127.000000,0.038337,23854884.000000,0.330596,0,1
45,40,44,35,41,40,25,24,
304.000000,127.000000,0.019412,55704100.000000,0.112346,0,1
37,34,17,48,22,19,42,27,
96.000000,128.000000,0.039971,10399762.000000,0.143548,0,1
46,42,48,39,43,49,35,36,
291.000000,128.000000,0.020878,4223386.500000,0.133346,0,1
27,21,26,21,30,30,21,28,
392.000000,128.000000,0.019801,6100048.500000,0.131164,0,1
17,18,17,19,23,23,29,26,
262.000000,129.000000,0.019912,16588013.000000,0.160607,0,1
28,29,30,34,39,36,41,40,
370.000000,129.000000,0.015578,3579954.500000,0.133501,0,1
16,14,15,15,20,21,17,19,
391.000000,129.000000,0.018373,7090909.000000,0.123831,0,1
18,19,23,20,29,30,20,28,
64.000000,131.000000,0.027536,14338280.000000,0.092738,0,1
35,35,39,32,42,42,42,50,
147.000000,131.000000,0.026174,10017404.000000,0.142693,0,1
48,42,42,38,39,39,29,24,
112.000000,132.000000,0.041118,35842760.000000,0.137507,0,1
34,42,31,44,38,27,35,27,
123.000000,132.000000,0.043983,27839184.000000,0.235488,0,1
36,34,45,30,41,43,27,20,
65.000000,136.000000,0.021103,22730242.000000,0.070091,0,1
52,46,41,38,30,25,33,29,
205.000000,136.000000,0.018019,12412321.000000,0.056642,0,1
26,25,29,21,33,32,26,33,
191.000000,137.000000,0.032856,10190237.000000,0.104784,0,1
36,39,32,45,37,30,44,40,
304.000000,137.000000,0.019924,54856348.000000,0.114535,0,1
28,39,20,47,36,18,43,38,
347.000000,138.000000,0.018001,4538739.000000,0.008741,0,1
35,19,51,14,34,53,18,34,
539.000000,141.000000,0.022393,25719200.000000,0.089514,0,1
17,11,22,10,21,23,12,21,
257.000000,144.000000,0.039499,3414512.750000,0.308974,0,1
33,36,24,35,29,20,30,25,
399.000000,144.000000,0.019160,96684264.000000,0.116253,0,1
33,22,42,18,32,38,21,28,
212.000000,146.000000,0.022294,8371516.000000,0.069281,0,1
26,32,21,34,26,21,33,29,
28.000000,148.000000,0.017411,8535912.000000,0.064194,0,1
27,30,27,34,29,24,31,27,
488.000000,149.000000,0.045717,24848214.000000,0.140115,0,1
17,28,21,41,28,22,37,22,
423.000000,150.000000,0.038017,7542247.500000,0.153654,0,1
21,25,24,30,33,32,37,39,
457.000000,151.000000,0.044890,21411500.000000,0.109271,0,1
39,26,38,23,29,39,27,23,
101.000000,152.000000,0.012798,9943397.000000,0.052737,0,1
31,25,30,25,33,29,31,35,
141.000000,152.000000,0.016761,49250776.000000,0.085996,0,1
35,25,43,19,33,46,24,29,
495.000000,153.000000,0.050602,71225664.000000,0.457005,0,1
36,43,26,40,39,30,38,22,
288.000000,154.000000,0.065121,5611697.500000,0.372070,0,1
19,23,23,29,32,32,44,43,
672.000000,154.000000,0.056286,718556.187500,0.288672,0,1
12,14,11,17,14,11,17,16,
263.000000,155.000000,0.044437,6859530.000000,0.323462,0,1
21,26,26,29,37,29,39,46,
484.000000,155.000000,0.041576,16377080.000000,0.123138,0,1
47,51,38,42,35,28,21,12,
454.000000,156.000000,0.044487,12472297.000000,0.105712,0,1
28,24,33,20,25,34,17,22,
552.000000,157.000000,0.084448,3101775.250000,0.405429,0,1
9,7,10,8,13,17,15,18,
153.000000,158.000000,0.030875,4118646.000000,0.164957,0,1
21,23,23,23,28,30,29,32,
176.000000,158.000000,0.034349,1645930.750000,0.132692,0,1
23,25,24,34,32,29,37,35,
377.000000,158.000000,0.018823,4758593.000000,0.149623,0,1
50,49,49,41,39,38,23,16,
133.000000,159.000000,0.038103,5274625.000000,0.182854,0,1
19,25,22,38,33,27,46,48,
360.000000,159.000000,0.016797,2802088.250000,0.167377,0,1
51,48,48,32,31,30,16,19,
580.000000,159.000000,0.020632,2110782.750000,0.100793,0,1
9,7,15,7,12,18,9,15,
292.000000,160.000000,0.023086,5453477.000000,0.147624,0,1
39,36,46,35,39,39,23,12,
330.000000,160.000000,0.014044,3920581.250000,0.065528,0,1
48,41,46,26,26,25,13,17,
336.000000,160.000000,0.024503,11863722.000000,0.276866,0,1
51,41,42,23,22,21,12,15,
118.000000,161.000000,0.039028,30427416.000000,0.126228,0,1
23,24,32,22,28,39,24,28,
130.000000,161.000000,0.037374,13446858.000000,0.204876,0,1
35,38,47,34,45,50,37,39,
262.000000,161.000000,0.041754,7994464.500000,0.311544,0,1
42,30,36,32,34,29,23,20,
302.000000,161.000000,0.039365,13701132.000000,0.217671,0,1
35,34,39,34,39,40,33,25,
305.000000,161.000000,0.008786,339053.187500,0.012415,0,1
44,44,41,46,28,17,37,25,
167.000000,164.000000,0.020662,1431520.250000,0.114143,0,1
33,31,29,25,26,23,19,21,
255.000000,164.000000,0.026822,6536609.000000,0.217846,0,1
29,25,30,27,28,34,24,24,
103.000000,165.000000,0.023260,16651086.000000,0.084372,0,1
29,28,37,28,33,40,31,33,
111.000000,165.000000,0.044898,16295954.000000,0.148215,0,1
38,36,40,30,34,31,22,18,
525.000000,166.000000,0.058962,1245204.125000,0.233483,0,1
17,13,17,8,9,17,7,8,
321.000000,169.000000,0.077305,24977886.000000,0.788005,0,1
23,30,19,34,25,18,32,26,
351.000000,170.000000,0.067180,1303835.625000,0.043238,0,1
49,34,37,18,36,34,15,15,
304.000000,175.000000,0.048488,1740147.875000,0.047272,0,1
18,26,18,42,27,17,35,37,
590.000000,176.000000,0.019968,15510062.000000,0.102379,0,1
27,18,25,17,22,29,17,18,
526.000000,179.000000,0.079598,4720395.000000,0.331936,0,1
9,7,12,10,11,16,23,23,
560.000000,179.000000,0.080348,4215771.500000,0.401122,0,1
10,9,13,18,20,21,22,22,
393.000000,181.000000,0.077778,3288174.000000,0.420468,0,1
18,18,20,21,20,20,30,28,
349.000000,182.000000,0.075706,4304306.500000,0.637289,0,1
15,16,12,19,19,18,26,31,
376.000000,182.000000,0.077163,2208768.500000,0.497182,0,1
17,17,19,23,24,25,28,29,
612.000000,182.000000,0.084530,7295755.000000,0.540433,0,1
21,27,23,17,17,17,18,18,
70.000000,184.000000,0.069047,10086651.000000,0.245079,0,1
30,30,25,31,28,21,30,27,
166.000000,184.000000,0.071914,1718432.875000,0.290025,0,1
15,16,17,18,16,18,21,25,
223.000000,184.000000,0.069711,3747807.000000,0.645277,0,1
14,15,14,21,19,18,25,25,
286.000000,184.000000,0.071251,2272050.250000,0.446865,0,1
11,18,17,26,26,26,28,29,
526.000000,184.000000,0.079987,2697718.250000,0.449580,0,1
23,28,27,25,26,26,18,17,
42.000000,186.000000,0.067930,3326123.500000,0.262215,0,1
20,22,19,23,21,21,24,28,
320.000000,186.000000,0.073768,6392716.500000,0.781027,0,1
29,28,26,22,25,21,18,18,
304.000000,190.000000,0.071649,7345185.000000,0.904974,0,1
23,21,12,23,16,11,20,16,
599.000000,191.000000,0.082863,20823840.000000,0.501190,0,1
8,9,10,9,13,19,13,20,
168.000000,192.000000,0.061333,543898.250000,0.204923,0,1
22,20,21,20,20,20,17,13,
148.000000,194.000000,0.071079,6911990.000000,0.329001,0,1
22,22,20,21,15,14,18,14,
613.000000,194.000000,0.084765,123320112.000000,0.547257,0,1
25,31,17,31,26,14,33,27,
23.000000,196.000000,0.065691,21803082.000000,0.267454,0,1
33,33,33,34,38,36,43,52,
608.000000,200.000000,0.085440,71321336.000000,0.542596,0,1
23,22,23,13,18,31,14,15,
322.000000,202.000000,0.076476,31446674.000000,0.806078,0,1
24,31,17,33,26,15,31,26,
70.000000,204.000000,0.068489,13145050.000000,0.246476,0,1
24,28,23,31,25,22,28,25,
319.000000,205.000000,0.073946,33810716.000000,0.808801,0,1
27,18,32,15,27,32,18,26,
23.000000,211.000000,0.065339,78692016.000000,0.268377,0,1
50,39,55,36,46,60,36,35,
537.000000,211.000000,0.086218,5258626.500000,0.499943,0,1
14,14,14,20,20,19,23,21,
547.000000,211.000000,0.084527,12877198.000000,0.450995,0,1
10,9,12,16,16,19,21,19,
188.000000,212.000000,0.072796,4176268.000000,0.278646,0,1
13,14,14,18,17,19,24,22,
263.000000,212.000000,0.075669,6856527.500000,0.536683,0,1
16,17,16,21,21,20,27,23,
269.000000,212.000000,0.074769,4445891.000000,0.510668,0,1
12,11,15,18,18,20,26,22,
351.000000,212.000000,0.076651,9442065.000000,0.658324,0,1
14,16,12,22,20,20,26,22,
353.000000,212.000000,0.077113,7839240.500000,0.650721,0,1
13,12,14,20,20,22,25,23,
90.000000,213.000000,0.070052,1755388.625000,0.251544,0,1
19,19,19,24,24,24,29,24,
506.000000,213.000000,0.083294,7675593.500000,0.678222,0,1
18,23,25,20,24,24,15,14,
591.000000,213.000000,0.082796,6346098.500000,0.490663,0,1
21,23,24,19,20,21,14,13,
601.000000,213.000000,0.083731,10362097.000000,0.518921,0,1
19,22,22,18,20,19,11,10,
302.000000,214.000000,0.072588,5179498.000000,0.914170,0,1
23,26,26,21,21,22,16,14,
422.000000,214.000000,0.077519,8924098.000000,0.363220,0,1
24,25,25,18,18,18,15,15,
434.000000,214.000000,0.078145,7530190.000000,0.325061,0,1
26,27,27,19,19,19,17,16,
447.000000,214.000000,0.078229,10348388.000000,0.288280,0,1
25,27,26,16,16,17,13,13,
455.000000,214.000000,0.079320,7262099.500000,0.273686,0,1
27,26,27,17,19,24,16,17,
473.000000,214.000000,0.080873,10327266.000000,0.919947,0,1
27,25,24,15,16,16,14,14,
494.000000,214.000000,0.079362,15065897.000000,0.742363,0,1
24,23,22,16,13,13,11,10,
150.000000,215.000000,0.069378,4722640.000000,0.312599,0,1
27,24,24,19,16,16,16,14,
153.000000,215.000000,0.066286,5025296.000000,0.296292,0,1
26,25,26,16,16,18,14,15,
229.000000,215.000000,0.072919,22034888.000000,0.632039,0,1
23,25,21,31,24,19,31,27,
329.000000,216.000000,0.073916,25442688.000000,0.765502,0,1
25,25,13,18,18,12,24,24,
116.000000,219.000000,0.068606,13874508.000000,0.371353,0,1
18,21,22,30,30,31,40,49,
235.000000,220.000000,0.072751,30519022.000000,0.613961,0,1
22,29,29,37,37,37,50,56,
30.000000,221.000000,0.065537,17584846.000000,0.266571,0,1
24,31,30,43,42,41,50,46,
37.000000,221.000000,0.065695,14112249.000000,0.262488,0,1
22,26,25,36,34,31,39,37,
90.000000,221.000000,0.067808,31990594.000000,0.244199,0,1
29,41,40,53,54,52,72,56,
167.000000,221.000000,0.070538,27913544.000000,0.310826,0,1
24,31,32,45,46,48,64,73,
190.000000,221.000000,0.071729,32562836.000000,0.285710,0,1
21,22,22,32,33,35,60,52,
317.000000,221.000000,0.075834,66037372.000000,0.859205,0,1
26,35,38,49,51,50,66,54,
321.000000,221.000000,0.076234,50104444.000000,0.838682,0,1
31,33,33,50,51,52,59,53,
495.000000,221.000000,0.081976,104067592.000000,0.772031,0,1
30,38,37,50,50,49,61,57,
512.000000,221.000000,0.082856,99649872.000000,0.661124,0,1
30,36,37,46,47,47,59,60,
584.000000,221.000000,0.086465,117451496.000000,0.504260,0,1
21,22,23,37,37,35,57,57,
599.000000,221.000000,0.087281,119441016.000000,0.543759,0,1
16,19,17,34,34,31,55,59,
443.000000,222.000000,0.080544,111903392.000000,0.325656,0,1
42,51,51,62,69,70,72,80,
448.000000,223.000000,0.082452,52864196.000000,0.320661,0,1
51,66,61,75,55,54,55,54,
88.000000,224.000000,0.072262,3615660.000000,0.262015,0,1
69,62,58,53,51,51,47,48,
244.000000,224.000000,0.077684,9154326.000000,0.617100,0,1
63,52,52,53,57,67,73,61,
344.000000,224.000000,0.079687,29782706.000000,0.718313,0,1
81,88,76,84,65,58,60,58,
565.000000,224.000000,0.085418,54632428.000000,0.458098,0,1
46,51,50,55,55,54,59,63,
414.000000,226.000000,0.083845,5828172.000000,0.443062,0,1
52,52,53,56,58,56,61,61,
144.000000,227.000000,0.085179,1846824.500000,0.410233,0,1
56,58,59,58,66,75,78,64,
440.000000,230.000000,0.091811,123701440.000000,0.392065,0,1
92,95,74,100,76,65,76,63,
319.000000,231.000000,0.089676,32494948.000000,0.970794,0,1
59,60,60,60,63,78,72,99,
215.000000,232.000000,0.085917,13126026.000000,0.795156,0,1
57,57,59,60,63,71,80,75,
198.000000,237.000000,0.091258,11329231.000000,0.965697,0,1
57,58,60,61,65,75,78,79,
555.000000,238.000000,0.101863,116943928.000000,0.549361,0,1
92,71,98,68,87,99,68,73,
191.000000,239.000000,0.095392,12212083.000000,0.990751,0,1
61,62,63,62,68,76,78,85,
562.000000,240.000000,0.104345,96112040.000000,0.585413,0,1
75,101,70,102,85,70,99,91,
194.000000,241.000000,0.094663,16517749.000000,0.959213,0,1
83,86,78,80,68,61,59,56,
638.000000,242.000000,0.111160,11578160.000000,0.521542,0,1
64,62,63,57,57,58,53,53,
295.000000,243.000000,0.100970,53700584.000000,1.250540,0,1
61,63,81,81,81,86,101,82,
622.000000,248.000000,0.117329,14422214.000000,0.558476,0,1
51,55,55,59,59,60,62,65,
140.000000,254.000000,0.108614,11001903.000000,0.541183,0,1
57,62,62,63,65,78,82,91,
276.000000,254.000000,0.111878,41963144.000000,0.292829,0,1
110,111,94,100,75,67,68,65,
407.000000,255.000000,0.115858,142575504.000000,0.674616,0,1
68,68,88,67,86,99,87,104,
567.000000,255.000000,0.120996,148142672.000000,0.734193,0,1
76,105,72,113,89,72,116,104,
24.000000,256.000000,0.102377,3536010.500000,0.463770,0,1
88,84,77,75,70,65,64,62,
559.000000,256.000000,0.121497,213571552.000000,0.714118,0,1
91,72,109,71,82,112,71,74,
132.000000,259.000000,0.113259,22292420.000000,0.579348,0,1
80,94,91,91,76,62,60,56,
117.000000,261.000000,0.114294,6254805.000000,0.602343,0,1
60,58,57,60,60,66,70,71,
44.000000,263.000000,0.111050,10318528.000000,0.491488,0,1
61,63,63,68,67,65,72,68,
55.000000,263.000000,0.110465,13976687.000000,0.475719,0,1
56,55,54,62,61,60,68,68,
76.000000,263.000000,0.111240,7894394.500000,0.454968,0,1
54,56,56,56,56,57,65,71,
247.000000,263.000000,0.120610,58705244.000000,0.909176,0,1
62,64,73,70,87,104,101,109,
398.000000,263.000000,0.123866,217449056.000000,0.774474,0,1
68,69,88,69,91,109,97,112,
63.000000,264.000000,0.111578,20625560.000000,0.472709,0,1
55,57,58,68,68,68,68,65,
116.000000,264.000000,0.116919,4023300.000000,0.630235,0,1
70,71,71,69,66,61,63,63,
33.000000,265.000000,0.112418,14615858.000000,0.512800,0,1
72,81,80,71,70,68,66,66,
182.000000,265.000000,0.119847,83567992.000000,1.245812,0,1
59,62,64,69,78,78,90,87,
239.000000,266.000000,0.123438,53438916.000000,0.975248,0,1
64,65,66,74,76,98,89,93,
95.000000,267.000000,0.117708,10543304.000000,0.667880,0,1
66,66,70,60,61,60,58,58,
100.000000,267.000000,0.117925,18636632.000000,0.657534,0,1
68,69,74,60,61,62,57,58,
151.000000,267.000000,0.118132,78268072.000000,0.542820,0,1
67,83,79,77,71,63,59,57,
258.000000,267.000000,0.124188,101384840.000000,0.355456,0,1
66,69,69,88,91,86,107,91,
271.000000,267.000000,0.124170,97562640.000000,0.818274,0,1
68,71,68,84,83,78,102,102,
562.000000,267.000000,0.133660,245951312.000000,0.831661,0,1
103,74,113,68,91,116,68,78,
301.000000,268.000000,0.126293,145774480.000000,0.294611,0,1
70,70,69,90,87,85,113,97,
361.000000,269.000000,0.128734,126273384.000000,0.521578,0,1
68,66,65,80,77,74,107,99,
291.000000,270.000000,0.126702,117064576.000000,0.294683,0,1
95,107,111,91,94,95,74,71,
476.000000,271.000000,0.136243,13540133.000000,0.585938,0,1
63,65,67,72,71,72,77,77,
307.000000,272.000000,0.128421,99131320.000000,1.421571,0,1
103,74,74,68,67,68,68,69,
342.000000,272.000000,0.130859,55245860.000000,0.587413,0,1
89,85,84,72,72,71,69,69,
351.000000,272.000000,0.131804,104544864.000000,0.562717,0,1
98,86,87,72,71,72,67,66,
374.000000,272.000000,0.132724,79326624.000000,0.502553,0,1
98,100,100,79,81,82,67,65,
572.000000,272.000000,0.138863,178570400.000000,0.918393,0,1
76,105,71,109,85,68,107,98,
439.000000,273.000000,0.135513,110688824.000000,0.489658,0,1
98,104,103,85,88,87,73,71,
444.000000,273.000000,0.135526,126316712.000000,0.501510,0,1
94,103,103,87,87,87,72,69,
634.000000,273.000000,0.145545,35661972.000000,0.679793,0,1
66,66,66,70,69,68,93,89,
621.000000,274.000000,0.143318,36891668.000000,0.658291,0,1
67,73,74,82,87,89,84,78,
196.000000,288.000000,0.142034,3187331.000000,1.346451,0,1
59,64,64,63,64,64,65,65,
275.000000,295.000000,0.155492,4772660.500000,1.996197,0,1
68,68,66,68,64,63,62,55,
412.000000,296.000000,0.157027,2493309.250000,0.958639,0,1
60,61,62,68,66,68,69,69,
100.000000,298.000000,0.153207,9396216.000000,0.839262,0,1
61,61,61,61,60,58,56,49,
300.000000,298.000000,0.161234,2516961.000000,1.774906,0,1
69,69,66,68,66,59,68,68,
275.000000,298.000000,0.155457,12343300.000000,1.995254,0,1
58,57,57,65,64,64,69,68,
585.000000,275.000000,0.143964,59149636.000000,1.019504,0,1
83,89,86,78,78,76,70,68,
103.000000,30.000000,0.043542,30314604.000000,0.159464,0,1
106,92,106,85,89,103,84,88,
627.000000,274.000000,0.144877,28958668.000000,0.641838,0,1
65,74,71,88,89,85,94,82,
567.000000,274.000000,0.143145,151949216.000000,0.939538,0,1
107,103,109,93,88,96,75,70,
552.000000,274.000000,0.141622,113493760.000000,0.870471,0,1
73,96,94,101,94,90,80,71,
597.000000,273.000000,0.143143,30023984.000000,0.614516,0,1
65,68,67,85,82,75,92,84,
448.000000,273.000000,0.135647,116279944.000000,0.511754,0,1
93,102,101,87,88,84,70,68,
107.000000,35.000000,0.045358,44609824.000000,0.162523,0,1
78,78,65,97,76,66,93,85,
418.000000,273.000000,0.135055,131673504.000000,0.441768,0,1
109,103,102,76,78,77,69,69,
230.000000,37.000000,0.054569,4203120.500000,0.116006,0,1
88,103,77,103,98,91,106,104,
514.000000,272.000000,0.138625,86001872.000000,0.714452,0,1
68,70,72,92,93,92,95,80,
129.000000,39.000000,0.046116,120497984.000000,0.151555,0,1
94,100,82,102,92,74,94,75,
262.000000,39.000000,0.058861,26224472.000000,0.470495,0,1
95,95,102,87,100,104,86,97,
110.000000,42.000000,0.045262,49970324.000000,0.159640,0,1
84,77,86,64,83,90,67,75,
202.000000,43.000000,0.039522,9271466.000000,0.102574,0,1
90,102,92,105,102,96,104,102,
391.000000,272.000000,0.134282,191282272.000000,0.875429,0,1
98,106,109,82,84,85,70,68,
330.000000,272.000000,0.130048,91537088.000000,1.247239,0,1
100,76,80,65,66,71,68,71,
302.000000,46.000000,0.073724,23860182.000000,0.130295,0,1
100,100,99,99,98,96,98,93,
300.000000,272.000000,0.128206,98179024.000000,1.482417,0,1
98,77,75,71,71,69,69,69,
152.000000,48.000000,0.052429,16246594.000000,0.155563,0,1
82,82,77,91,84,84,94,101,
200.000000,48.000000,0.039063,3851158.000000,0.090191,0,1
106,95,102,94,95,98,88,85,
505.000000,271.000000,0.137875,76159064.000000,0.679343,0,1
66,67,68,73,73,73,98,103,
503.000000,271.000000,0.137895,101820304.000000,0.673262,0,1
66,68,67,74,73,73,102,103,
256.000000,52.000000,0.052250,15647528.000000,0.436013,0,1
83,80,79,70,80,81,72,75,
88.000000,53.000000,0.047625,38929096.000000,0.178806,0,1
89,77,85,67,72,73,61,61,
314.000000,53.000000,0.076707,119839264.000000,0.896363,0,1
94,81,91,42,61,84,28,28,
334.000000,270.000000,0.128559,73512512.000000,0.602544,0,1
72,84,78,97,91,82,83,70,
399.000000,269.000000,0.132470,94353552.000000,0.441821,0,1
112,114,96,111,94,68,105,109,
508.000000,54.000000,0.043195,20848154.000000,0.440918,0,1
83,77,83,81,74,76,76,70,
320.000000,55.000000,0.074696,100645128.000000,0.841989,0,1
92,79,89,44,60,80,35,32,
281.000000,268.000000,0.125891,100987040.000000,0.291885,0,1
68,71,73,99,99,95,109,85,
251.000000,57.000000,0.054105,26956468.000000,0.097508,0,1
83,89,70,86,68,71,83,68,
268.000000,57.000000,0.047507,17747736.000000,0.364357,0,1
84,88,85,82,77,84,71,70,
279.000000,268.000000,0.125709,111648288.000000,0.292355,0,1
68,73,71,99,99,99,104,83,
205.000000,59.000000,0.037866,8114213.500000,0.088174,0,1
86,89,87,94,85,84,95,93,
163.000000,267.000000,0.119967,21265784.000000,0.389403,0,1
59,65,71,61,67,72,59,59,
570.000000,266.000000,0.132436,198552816.000000,0.848387,0,1
84,111,72,118,99,68,116,114,
218.000000,266.000000,0.121005,96983752.000000,0.326075,0,1
70,70,70,90,88,85,104,91,
508.000000,60.000000,0.047803,26827892.000000,0.458625,0,1
77,81,66,75,76,65,77,71,
131.000000,265.000000,0.117455,44642748.000000,0.417423,0,1
55,55,56,60,64,66,71,76,
118.000000,61.000000,0.046290,133215488.000000,0.154666,0,1
78,65,85,62,76,87,68,74,
322.000000,61.000000,0.072275,280732448.000000,0.800962,0,1
24,28,31,48,55,60,77,88,
176.000000,62.000000,0.039151,13898884.000000,0.104953,0,1
95,90,88,93,84,82,88,87,
254.000000,260.000000,0.118701,44938968.000000,0.273658,0,1
66,61,66,65,83,108,99,108,
127.000000,260.000000,0.113778,21752708.000000,0.401970,0,1
72,84,93,83,81,70,69,57,
136.000000,258.000000,0.111490,20673082.000000,0.379531,0,1
86,94,89,88,76,68,61,56,
238.000000,64.000000,0.043186,27521976.000000,0.077661,0,1
78,66,87,60,81,77,65,81,
272.000000,256.000000,0.113960,45333040.000000,1.599231,0,1
107,107,81,93,73,68,69,66,
144.000000,256.000000,0.109736,12150526.000000,0.360965,0,1
92,99,86,82,68,65,65,62,
114.000000,66.000000,0.045332,32483546.000000,0.153229,0,1
71,71,68,79,87,65,86,86,
263.000000,255.000000,0.113163,31054128.000000,0.781020,0,1
62,63,65,67,69,80,75,104,
242.000000,68.000000,0.033813,7637436.000000,0.050958,0,1
88,70,80,65,81,73,51,49,
135.000000,255.000000,0.109218,9483914.000000,0.368852,0,1
61,62,62,63,64,72,74,94,
72.000000,70.000000,0.041993,16995630.000000,0.109027,0,1
76,64,79,47,59,65,53,44,
228.000000,70.000000,0.015688,38267776.000000,0.032234,0,1
84,76,77,53,61,55,41,56,
415.000000,254.000000,0.116521,199288880.000000,0.638191,0,1
109,108,78,109,81,67,81,67,
270.000000,253.000000,0.111463,47534332.000000,0.743047,0,1
63,61,65,63,79,102,96,111,
449.000000,71.000000,0.047333,9859069.000000,0.186288,0,1
80,70,80,77,76,78,71,72,
169.000000,248.000000,0.103148,10656274.000000,0.299979,0,1
74,93,90,87,68,59,62,59,
415.000000,247.000000,0.107726,175206144.000000,0.580557,0,1
66,67,84,69,85,108,87,107,
156.000000,74.000000,0.046585,34634228.000000,0.135452,0,1
76,67,81,68,85,90,75,79,
235.000000,247.000000,0.102791,2543153.000000,0.836712,0,1
60,62,60,58,54,52,51,51,
165.000000,247.000000,0.102703,10322802.000000,0.302097,0,1
58,57,59,61,74,89,90,76,
62.000000,247.000000,0.100237,2881438.000000,0.407829,0,1
71,83,83,76,69,64,62,59,
442.000000,246.000000,0.107489,10164696.000000,0.479695,0,1
62,63,60,67,66,66,71,72,
450.000000,75.000000,0.046786,4915018.000000,0.188319,0,1
67,72,60,68,74,58,69,66,
470.000000,75.000000,0.048764,26533916.000000,0.148522,0,1
62,56,67,60,56,71,53,54,
497.000000,76.000000,0.052502,68765496.000000,0.515368,0,1
57,47,58,48,59,72,52,67,
535.000000,76.000000,0.044210,11412865.000000,0.289280,0,1
75,72,70,70,68,70,65,62,
507.000000,77.000000,0.049247,34549976.000000,0.437768,0,1
49,56,59,61,63,72,57,68,
283.000000,79.000000,0.029975,7063462.500000,0.045441,0,1
70,68,54,58,61,60,62,59,
246.000000,243.000000,0.099801,2690665.500000,0.764333,0,1
62,63,61,61,57,55,54,53,
475.000000,242.000000,0.102961,10911985.000000,1.136140,0,1
59,63,56,64,63,62,68,69,
423.000000,239.000000,0.100287,119723712.000000,0.499193,0,1
65,66,71,65,71,94,72,101,
139.000000,83.000000,0.045738,44063740.000000,0.138835,0,1
76,70,67,64,70,78,69,74,
694.000000,83.000000,0.009374,102630608.000000,0.064172,0,1
53,49,52,40,43,49,37,34,
272.000000,232.000000,0.088713,2328260.500000,0.588945,0,1
53,51,54,56,60,60,65,54,
131.000000,87.000000,0.045187,88452392.000000,0.126869,0,1
61,48,63,46,57,80,56,72,
179.000000,87.000000,0.023109,13869458.000000,0.067014,0,1
76,71,65,62,60,50,45,46,
418.000000,87.000000,0.033858,23754548.000000,0.175633,0,1
70,72,60,73,65,60,69,61,
220.000000,231.000000,0.085830,7957156.000000,0.789654,0,1
58,56,58,59,64,76,81,65,
541.000000,89.000000,0.052528,16361570.000000,0.278800,0,1
57,58,62,56,61,67,60,65,
381.000000,92.000000,0.010090,11969823.000000,0.084531,0,1
73,53,65,70,61,52,73,73,
244.000000,94.000000,0.018816,36229468.000000,0.172350,0,1
54,44,58,48,45,47,32,27,
152.000000,225.000000,0.078434,2826630.500000,0.228256,0,1
56,56,56,58,62,68,69,64,
253.000000,224.000000,0.074856,12512961.000000,0.568669,0,1
70,72,65,63,53,51,52,52,
541.000000,223.000000,0.086554,80768536.000000,0.526197,0,1
24,30,29,43,42,43,51,53,
332.000000,98.000000,0.012383,16299326.000000,0.060217,0,1
50,49,48,67,59,52,73,75,
157.000000,222.000000,0.070809,15347276.000000,0.196219,0,1
30,42,44,55,58,60,56,61,
281.000000,100.000000,0.017371,108516672.000000,0.124389,0,1
41,55,29,47,50,24,63,52,
579.000000,221.000000,0.086069,139636112.000000,0.490638,0,1
17,19,19,36,36,37,56,55,
309.000000,103.000000,0.016884,15431728.000000,0.025445,0,1
55,37,54,27,44,47,31,49,
421.000000,104.000000,0.035099,7509887.500000,0.066152,0,1
43,41,48,44,42,49,37,38,
623.000000,104.000000,0.007310,29324318.000000,0.042632,0,1
35,27,32,27,27,22,25,19,
532.000000,105.000000,0.021450,35790656.000000,0.143145,0,1
58,48,60,44,51,54,34,24,
337.000000,106.000000,0.013128,11364783.000000,0.019784,0,1
76,64,70,39,46,64,28,25,
443.000000,106.000000,0.034926,5972302.000000,0.116127,0,1
37,33,44,31,38,37,26,28,
470.000000,220.000000,0.081000,125967400.000000,0.964648,0,1
24,27,29,39,39,39,52,63,
384.000000,109.000000,0.019143,24931716.000000,0.149575,0,1
68,70,58,61,59,51,43,43,
264.000000,113.000000,0.016417,75508256.000000,0.130776,0,1
33,47,29,52,38,29,53,41,
344.000000,113.000000,0.019921,21988072.000000,0.217774,0,1
26,27,28,43,44,44,54,56,
129.000000,220.000000,0.068723,16737066.000000,0.212828,0,1
22,30,29,39,39,38,49,54,
106.000000,220.000000,0.068277,15859700.000000,0.231228,0,1
23,31,30,40,40,40,52,55,
102.000000,220.000000,0.068292,15357578.000000,0.234720,0,1
23,31,31,40,40,40,52,56,
242.000000,119.000000,0.039928,9292124.000000,0.352822,0,1
30,40,32,50,43,35,47,50,
411.000000,119.000000,0.030947,6796334.000000,0.156623,0,1
46,46,40,43,37,34,41,21,
420.000000,119.000000,0.033749,2846378.250000,0.149424,0,1
39,39,32,29,35,30,27,22,
443.000000,119.000000,0.035440,5454018.000000,0.108351,0,1
34,31,41,29,26,26,23,20,
287.000000,120.000000,0.044132,16259818.000000,0.271997,0,1
49,50,40,55,47,37,47,35,
589.000000,121.000000,0.022311,182678016.000000,0.114675,0,1
30,20,34,16,30,41,19,29,
521.000000,214.000000,0.078308,13828673.000000,0.562416,0,1
25,23,22,12,12,14,10,10,
410.000000,214.000000,0.077085,7690467.500000,0.403160,0,1
26,28,26,21,21,20,18,17,
397.000000,214.000000,0.077364,9916746.000000,0.452904,0,1
22,25,27,22,20,29,18,16,
312.000000,214.000000,0.072633,9776835.000000,0.852320,0,1
20,25,26,21,20,21,11,11,
623.000000,213.000000,0.083077,12825381.000000,0.563044,0,1
26,25,24,17,17,16,13,12,
220.000000,128.000000,0.032363,1746084.875000,0.069320,0,1
34,33,32,28,30,31,24,20,
364.000000,212.000000,0.077816,7988916.500000,0.599233,0,1
18,18,19,25,25,25,30,26,
452.000000,128.000000,0.020641,35703028.000000,0.054271,0,1
28,20,41,19,29,49,18,23,
215.000000,129.000000,0.041596,3937357.500000,0.082459,0,1
35,38,30,29,29,25,25,26,
209.000000,212.000000,0.073272,4314644.000000,0.706591,0,1
14,13,16,17,17,20,25,22,
111.000000,133.000000,0.041280,9093949.000000,0.136634,0,1
42,44,38,34,35,29,24,22,
461.000000,207.000000,0.028596,8273890.000000,0.075676,0,1
17,22,15,24,25,15,21,21,
142.000000,203.000000,0.067965,19304264.000000,0.196107,0,1
27,21,30,20,26,30,20,25,
100.000000,144.000000,0.019098,68619744.000000,0.069996,0,1
40,30,46,25,35,42,27,26,
104.000000,144.000000,0.011605,26886846.000000,0.041118,0,1
32,38,28,42,32,25,37,32,
147.000000,144.000000,0.017520,30235750.000000,0.050852,0,1
28,33,23,36,29,20,32,30,
594.000000,146.000000,0.018175,265050224.000000,0.094204,0,1
29,41,17,40,30,13,40,30,
455.000000,147.000000,0.040562,6407848.500000,0.055096,0,1
42,36,45,21,39,33,23,24,
183.000000,148.000000,0.017447,19448776.000000,0.042396,0,1
24,20,27,19,25,28,22,24,
598.000000,192.000000,0.082852,17782272.000000,0.499190,0,1
9,9,13,10,13,16,10,13,
415.000000,151.000000,0.038256,7695415.000000,0.173694,0,1
21,29,27,36,39,35,45,45,
397.000000,192.000000,0.078287,32077256.000000,0.419310,0,1
25,16,31,15,22,34,14,22,
264.000000,192.000000,0.061945,1255027.000000,0.435714,0,1
23,22,21,19,18,17,15,14,
350.000000,191.000000,0.061788,2839065.250000,0.557463,0,1
21,20,21,17,23,29,26,34,
224.000000,184.000000,0.071189,3117109.000000,0.627901,0,1
14,14,14,20,18,18,25,25,
322.000000,181.000000,0.053024,4435078.500000,0.599631,0,1
19,26,13,29,20,11,25,21,
365.000000,160.000000,0.020771,12655714.000000,0.184566,0,1
47,28,27,17,15,15,18,19,
229.000000,162.000000,0.029998,16431492.000000,0.284505,0,1
38,28,31,23,28,29,23,24,
353.000000,170.000000,0.050309,2022066.375000,0.032853,0,1
45,37,30,36,34,21,19,16,
105.000000,168.000000,0.022705,9463953.000000,0.078703,0,1
37,39,31,32,32,23,29,30,
228.000000,21.000000,0.045987,21196896.000000,0.469574,0,1
104,105,105,111,98,95,102,90,
207.000000,28.000000,0.037834,19807158.000000,0.093030,0,1
111,113,105,113,107,95,111,107,
184.000000,275.000000,0.129999,4070094.750000,1.315518,0,1
60,59,63,64,64,66,69,68,
107.000000,30.000000,0.045126,95547048.000000,0.162680,0,1
93,102,84,103,87,77,91,81,
502.000000,274.000000,0.139447,122586816.000000,0.685313,0,1
102,106,103,81,84,81,68,64,
465.000000,273.000000,0.136986,63416756.000000,0.561971,0,1
78,89,90,81,84,85,70,68,
236.000000,34.000000,0.046896,41480004.000000,0.102471,0,1
90,81,104,88,95,110,88,103,
66.000000,35.000000,0.039019,19899848.000000,0.145532,0,1
93,98,86,101,90,90,100,96,
213.000000,38.000000,0.044965,14108532.000000,0.104125,0,1
101,88,106,78,95,105,77,90,
244.000000,38.000000,0.046801,23421304.000000,0.097154,0,1
86,96,78,102,82,80,91,78,
426.000000,272.000000,0.134580,135167424.000000,0.454293,0,1
78,103,99,101,99,97,78,69,
348.000000,162.000000,0.017893,4194070.250000,0.008823,0,1
36,15,51,12,31,53,14,28,
103.000000,41.000000,0.043386,42126532.000000,0.156973,0,1
92,97,88,102,94,80,101,100,
401.000000,272.000000,0.134129,149957280.000000,0.403395,0,1
88,107,108,90,92,93,69,62,
160.000000,44.000000,0.054498,34471508.000000,0.155977,0,1
95,84,97,88,97,103,101,104,
215.000000,44.000000,0.037437,10124167.000000,0.085447,0,1
98,84,94,89,86,95,86,73,
359.000000,272.000000,0.132030,171851472.000000,0.540210,0,1
105,95,98,71,71,72,67,66,
112.000000,47.000000,0.043422,26315324.000000,0.151058,0,1
88,82,80,74,86,78,65,64,
112.000000,48.000000,0.044032,29436106.000000,0.152913,0,1
92,75,79,68,74,70,59,64,
275.000000,161.000000,0.038362,6649740.500000,0.261371,0,1
36,37,39,33,33,22,18,19,
215.000000,49.000000,0.043392,9076870.000000,0.097270,0,1
75,92,82,83,86,91,91,85,
307.000000,49.000000,0.078299,132225072.000000,0.135022,0,1
97,93,93,75,70,81,36,29,
454.000000,179.000000,0.047201,2779969.750000,0.128978,0,1
20,16,26,16,24,28,18,24,
494.000000,271.000000,0.137445,110801992.000000,0.643064,0,1
66,66,67,76,76,75,102,106,
484.000000,271.000000,0.137064,24268502.000000,1.364933,0,1
70,70,68,73,73,73,81,79,
539.000000,160.000000,0.020807,5832881.000000,0.117176,0,1
15,10,21,10,15,21,11,16,
303.000000,181.000000,0.072253,5203255.000000,0.870084,0,1
32,34,26,23,25,16,19,21,
391.000000,269.000000,0.130416,175537680.000000,0.449346,0,1
69,66,79,67,79,101,90,109,
368.000000,269.000000,0.129616,174345440.000000,0.501036,0,1
65,64,64,75,75,75,103,99,
400.000000,268.000000,0.131249,189732336.000000,0.803243,0,1
110,112,97,114,96,71,94,89,
304.000000,268.000000,0.126264,130945472.000000,0.286092,0,1
69,70,72,84,83,80,111,105,
343.000000,183.000000,0.076120,5270100.500000,0.662091,0,1
14,19,17,27,26,26,31,31,
301.000000,57.000000,0.081339,33047146.000000,0.130613,0,1
20,56,21,81,65,25,89,88,
482.000000,57.000000,0.048489,31735332.000000,0.170824,0,1
70,77,67,76,63,67,73,64,
129.000000,58.000000,0.043700,22281278.000000,0.140725,0,1
61,67,71,85,80,80,91,84,
539.000000,159.000000,0.021852,6955213.500000,0.121578,0,1
14,11,19,8,16,21,10,15,
191.000000,268.000000,0.122127,106977728.000000,1.208763,0,1
93,92,93,72,71,73,65,63,
369.000000,159.000000,0.017518,7539926.500000,0.150754,0,1
51,45,43,27,26,25,15,15,
227.000000,266.000000,0.121372,123883648.000000,1.007973,0,1
66,68,66,80,78,77,98,92,
252.000000,159.000000,0.035973,6737815.000000,0.288920,0,1
26,23,30,24,29,28,25,35,
244.000000,184.000000,0.077037,1564833.250000,0.585142,0,1
16,19,16,24,23,23,28,25,
174.000000,265.000000,0.118539,109962080.000000,1.276846,0,1
56,58,59,70,72,71,92,82,
266.000000,184.000000,0.073949,1685509.500000,0.491914,0,1
13,15,17,23,23,24,28,28,
77.000000,264.000000,0.112085,17802948.000000,0.458636,0,1
56,56,57,65,64,62,71,64,
224.000000,62.000000,0.042160,8786423.000000,0.082166,0,1
90,71,92,80,73,88,83,70,
65.000000,264.000000,0.110792,18479284.000000,0.466417,0,1
54,58,58,68,68,65,71,63,
145.000000,63.000000,0.050824,57403944.000000,0.151397,0,1
91,89,80,79,77,61,66,58,
474.000000,63.000000,0.047001,24915292.000000,0.151194,0,1
81,73,79,67,77,74,66,70,
206.000000,158.000000,0.015997,6682864.000000,0.034295,0,1
27,21,32,21,26,31,20,23,
567.000000,256.000000,0.121792,143254656.000000,0.741388,0,1
80,113,75,114,97,72,115,110,
186.000000,185.000000,0.071075,1829444.000000,0.163428,0,1
14,15,15,22,22,22,27,24,
302.000000,65.000000,0.047655,8717591.000000,0.071818,0,1
87,82,65,88,71,76,73,70,
303.000000,185.000000,0.074229,7999127.000000,0.378889,0,1
21,28,16,30,24,17,31,27,
504.000000,66.000000,0.049148,25311078.000000,0.474729,0,1
64,59,69,62,63,73,58,63,
612.000000,185.000000,0.085337,13240997.000000,0.547095,0,1
17,19,16,22,23,16,30,31,
616.000000,156.000000,0.081959,3647111.250000,0.527505,0,1
10,11,12,12,13,18,13,19,
160.000000,71.000000,0.045207,15301398.000000,0.125808,0,1
75,67,73,72,71,81,84,91,
156.000000,250.000000,0.106203,10489916.000000,0.327737,0,1
58,61,64,62,78,91,95,71,
184.000000,156.000000,0.015796,7186328.500000,0.038286,0,1
27,22,35,22,35,44,32,41,
166.000000,249.000000,0.102893,10401131.000000,0.303436,0,1
83,93,87,83,70,62,62,59,
559.000000,248.000000,0.113406,263520512.000000,0.647195,0,1
91,97,101,79,108,107,95,109,
428.000000,72.000000,0.032903,21419956.000000,0.168031,0,1
74,77,65,81,73,59,78,72,
368.000000,248.000000,0.105432,7007229.500000,0.798343,0,1
57,59,59,62,63,63,63,67,
524.000000,72.000000,0.045855,18661164.000000,0.349031,0,1
75,72,74,66,69,71,61,59,
333.000000,154.000000,0.017455,7249835.000000,0.077881,0,1
24,36,35,42,48,49,52,54,
448.000000,246.000000,0.107374,5910563.500000,0.461970,0,1
63,64,63,67,66,64,71,73,
272.000000,192.000000,0.067847,905941.062500,0.444998,0,1
23,21,21,19,16,16,13,13,
300.000000,192.000000,0.082922,5760052.000000,0.988012,0,1
22,19,18,12,11,13,11,11,
120.000000,76.000000,0.044656,48977456.000000,0.146238,0,1
54,62,66,62,71,72,68,74,
488.000000,244.000000,0.105121,9301212.000000,1.039894,0,1
57,62,62,64,66,66,67,68,
432.000000,78.000000,0.037921,16133418.000000,0.174857,0,1
66,54,67,57,63,60,46,53,
297.000000,243.000000,0.100576,26848632.000000,0.174638,0,1
69,81,104,81,86,91,91,66,
502.000000,150.000000,0.041436,34752296.000000,0.358910,0,1
28,35,22,34,33,22,33,21,
145.000000,80.000000,0.045423,33369004.000000,0.133579,0,1
71,68,72,68,83,79,83,82,
430.000000,239.000000,0.101211,148727952.000000,0.476470,0,1
101,104,87,103,83,68,85,66,
405.000000,146.000000,0.021783,61504868.000000,0.121135,0,1
31,40,25,35,33,21,34,30,
316.000000,233.000000,0.091461,44227880.000000,1.003197,0,1
60,62,66,64,76,93,90,97,
495.000000,86.000000,0.053095,63589752.000000,0.512931,0,1
46,41,61,49,51,60,38,49,
455.000000,87.000000,0.052198,24544718.000000,0.162108,0,1
64,49,65,44,56,66,43,52,
211.000000,88.000000,0.023400,7719562.000000,0.050621,0,1
38,38,38,49,45,51,47,54,
254.000000,142.000000,0.034958,6443461.000000,0.053082,0,1
33,27,38,26,34,37,27,30,
328.000000,199.000000,0.051346,1086736.250000,0.077381,0,1
16,23,8,17,19,8,23,23,
433.000000,231.000000,0.090670,170631952.000000,0.409843,0,1
63,63,81,63,81,101,83,101,
384.000000,92.000000,0.009332,11777877.000000,0.076185,0,1
75,70,73,53,59,74,68,71,
649.000000,92.000000,0.009423,61877528.000000,0.061444,0,1
57,49,57,42,47,49,37,34,
268.000000,94.000000,0.018530,34063392.000000,0.145492,0,1
59,57,62,53,55,55,36,31,
519.000000,94.000000,0.050446,28955700.000000,0.354508,0,1
55,60,51,59,56,45,64,45,
217.000000,95.000000,0.024920,12602518.000000,0.051467,0,1
54,51,55,51,50,46,37,28,
519.000000,96.000000,0.048830,30183208.000000,0.343286,0,1
56,64,50,56,45,36,49,36,
180.000000,98.000000,0.023404,10992982.000000,0.058850,0,1
56,57,56,49,47,43,31,25,
405.000000,99.000000,0.044464,13288736.000000,0.242586,0,1
62,68,53,65,62,61,60,55,
604.000000,221.000000,0.087427,131231664.000000,0.556359,0,1
14,16,16,30,30,29,56,57,
606.000000,101.000000,0.007798,27622326.000000,0.042512,0,1
58,51,55,44,45,43,36,29,
389.000000,103.000000,0.008239,130485776.000000,0.062406,0,1
56,50,65,31,53,61,33,46,
480.000000,221.000000,0.081130,103295144.000000,0.883238,0,1
31,40,40,53,53,52,63,56,
432.000000,221.000000,0.079658,62186388.000000,0.351965,0,1
32,41,41,51,51,50,65,56,
429.000000,221.000000,0.079382,62972504.000000,0.360328,0,1
34,42,41,52,51,51,65,55,
400.000000,221.000000,0.078766,56689144.000000,0.460809,0,1
29,35,37,51,52,52,60,56,
469.000000,104.000000,0.052011,14194264.000000,0.147608,0,1
37,41,40,50,48,31,53,31,
206.000000,133.000000,0.022214,16116884.000000,0.047345,0,1
41,32,46,24,33,40,26,29,
192.000000,221.000000,0.072053,29291324.000000,0.167894,0,1
20,22,23,33,35,37,58,52,
142.000000,221.000000,0.069475,30598902.000000,0.203658,0,1
29,37,30,46,41,37,57,52,
295.000000,220.000000,0.074697,33145194.000000,0.432536,0,1
17,27,28,38,39,39,56,61,
287.000000,220.000000,0.074126,35813544.000000,0.453349,0,1
16,25,24,38,38,37,51,61,
271.000000,220.000000,0.073836,33192872.000000,0.500743,0,1
19,25,26,36,38,39,51,63,
571.000000,211.000000,0.086610,10955982.000000,0.472178,0,1
9,11,10,18,18,17,23,19,
375.000000,112.000000,0.021173,12506746.000000,0.171067,0,1
45,39,39,49,50,51,55,56,
224.000000,220.000000,0.072464,33276184.000000,0.650709,0,1
23,27,27,37,36,36,50,59,
215.000000,220.000000,0.073036,27142544.000000,0.687975,0,1
21,20,22,26,29,32,45,57,
590.000000,112.000000,0.021992,310543584.000000,0.113991,0,1
24,20,41,16,33,50,28,37,
144.000000,220.000000,0.069527,21610862.000000,0.201873,0,1
31,29,26,34,27,24,39,53,
73.000000,113.000000,0.018001,7908722.000000,0.058489,0,1
36,41,32,46,38,27,38,30,
329.000000,114.000000,0.020099,9337892.000000,0.094718,0,1
24,28,29,46,45,43,53,56,
206.000000,212.000000,0.071982,5932492.500000,0.708163,0,1
13,16,13,21,18,17,24,21,
125.000000,220.000000,0.068630,17277406.000000,0.215668,0,1
23,31,31,41,39,39,51,56,
295.000000,116.000000,0.034220,3879973.000000,0.051571,0,1
27,29,32,39,41,50,44,53,
308.000000,212.000000,0.074509,7762336.000000,0.889928,0,1
14,19,13,25,20,19,26,21,
425.000000,119.000000,0.030172,3041723.000000,0.126245,0,1
34,35,34,31,36,32,25,22,
58.000000,220.000000,0.066164,10656158.000000,0.249591,0,1
20,21,21,27,28,29,46,54,
374.000000,212.000000,0.077750,10237101.000000,0.551038,0,1
14,17,16,24,23,24,28,24,
479.000000,217.000000,0.081180,28352424.000000,0.879332,0,1
15,15,14,17,17,15,25,31,
398.000000,216.000000,0.078433,21221976.000000,0.457217,0,1
25,16,32,18,24,35,20,28,
613.000000,214.000000,0.084455,54276500.000000,0.551499,0,1
21,25,20,31,29,14,32,30,
371.000000,122.000000,0.020874,15550822.000000,0.173600,0,1
54,53,52,40,37,35,17,16,
377.000000,122.000000,0.021138,15864596.000000,0.165094,0,1
55,53,52,32,31,28,17,17,
452.000000,125.000000,0.020367,46894136.000000,0.053896,0,1
27,15,40,14,25,45,21,27,
239.000000,127.000000,0.039163,20983584.000000,0.338909,0,1
40,36,45,39,36,40,26,24,
